/*--------------------------------*- C++ -*----------------------------------*\
| =========                 |                                                 |
| \\      /  F ield         | OpenFOAM: The Open Source CFD Toolbox           |
|  \\    /   O peration     | Version:  2206                                  |
|   \\  /    A nd           | Website:  www.openfoam.com                      |
|    \\/     M anipulation  |                                                 |
\*---------------------------------------------------------------------------*/
FoamFile
{
    version     2.0;
    format      ascii;
    arch        "LSB;label=32;scalar=64";
    class       volVectorField;
    location    "19.5999";
    object      ddtCorrDdt0(U);
}
// * * * * * * * * * * * * * * * * * * * * * * * * * * * * * * * * * * * * * //

dimensions      [0 1 -2 0 0 0 0];

internalField   nonuniform List<vector> 
3087
(
(-8.07276e-06 0.00131378 0)
(-4.73654e-05 0.00453669 0)
(-0.000150415 0.00826179 0)
(-0.00032425 0.0124489 0)
(-0.000572562 0.01707 0)
(-0.000902226 0.0220847 0)
(-0.00132144 0.0274536 0)
(-0.00183752 0.0331364 0)
(-0.00245696 0.0390902 0)
(-0.00318443 0.04527 0)
(-0.00402468 0.0516286 0)
(-0.00498069 0.0581184 0)
(-0.00605521 0.0646898 0)
(-0.00724981 0.0712938 0)
(-0.00856513 0.0778825 0)
(-0.0100017 0.0844132 0)
(-0.0115584 0.0908503 0)
(-0.013234 0.0971661 0)
(-0.0150253 0.103343 0)
(-0.0169302 0.109371 0)
(-0.0189461 0.115249 0)
(-0.0210707 0.120985 0)
(-0.0233015 0.126594 0)
(-0.0256366 0.132099 0)
(-0.0280729 0.137527 0)
(-0.0306131 0.142915 0)
(-0.0332406 0.148302 0)
(-0.036015 0.15374 0)
(-0.0387487 0.159269 0)
(-0.0418347 0.164953 0)
(-0.0447224 0.170856 0)
(-0.0479796 0.177041 0)
(-0.0511518 0.183588 0)
(-0.0545403 0.190533 0)
(-0.0580586 0.198017 0)
(-0.0615633 0.206043 0)
(-0.0654712 0.214806 0)
(-0.0691483 0.22427 0)
(-0.0734536 0.234684 0)
(-0.0774127 0.245981 0)
(-0.0821127 0.258447 0)
(-0.0864963 0.272006 0)
(-0.091582 0.286941 0)
(-0.0965895 0.303221 0)
(-0.102054 0.321043 0)
(-0.107825 0.340503 0)
(-0.11386 0.361687 0)
(-0.12034 0.384724 0)
(-0.127273 0.409773 0)
(-0.134559 0.436847 0)
(-0.142529 0.466181 0)
(-0.150907 0.497742 0)
(-0.160239 0.531828 0)
(-0.170008 0.56818 0)
(-0.180855 0.607178 0)
(-0.192542 0.648872 0)
(-0.20462 0.692536 0)
(-0.217859 0.741442 0)
(-0.231188 0.792907 0)
(-0.245745 0.847806 0)
(-0.26162 0.906324 0)
(-0.278728 0.968611 0)
(-0.297065 1.03495 0)
(-0.316758 1.10558 0)
(-0.337947 1.18075 0)
(-0.360745 1.26069 0)
(-0.385275 1.34572 0)
(-0.411674 1.43616 0)
(-0.440108 1.53234 0)
(-0.47074 1.63469 0)
(-0.503789 1.7436 0)
(-0.539465 1.85955 0)
(-0.577983 1.98306 0)
(-0.619635 2.11467 0)
(-0.664716 2.25503 0)
(-0.713588 2.40482 0)
(-0.766652 2.56482 0)
(-0.824373 2.7359 0)
(-0.887279 2.91903 0)
(-0.955978 3.11526 0)
(-1.03119 3.32585 0)
(-1.11369 3.5521 0)
(-1.20444 3.79561 0)
(-1.30454 4.05812 0)
(-1.41523 4.3417 0)
(-1.53793 4.64866 0)
(-1.67425 4.98177 0)
(-1.82603 5.34426 0)
(-1.99521 5.7401 0)
(-2.1839 6.17409 0)
(-2.394 6.65233 0)
(-2.62713 7.18268 0)
(-2.88337 7.77575 0)
(-3.16079 8.44568 0)
(-3.45219 9.2167 0)
(-3.7348 10.105 0)
(-3.96705 11.1848 0)
(-4.12926 12.6103 0)
(-4.01143 14.4769 0)
(-0.742095 18.491 0)
(-6.34436e-06 0.00133384 0)
(-3.70967e-05 0.00460497 0)
(-0.000117644 0.00838493 0)
(-0.000253184 0.012634 0)
(-0.000446781 0.0173254 0)
(-0.000704041 0.0224182 0)
(-0.0010319 0.0278712 0)
(-0.00143617 0.0336433 0)
(-0.00192086 0.0396914 0)
(-0.00249004 0.0459696 0)
(-0.00314693 0.0524301 0)
(-0.00389435 0.0590249 0)
(-0.00473442 0.0657029 0)
(-0.00566845 0.072415 0)
(-0.00669715 0.0791117 0)
(-0.00782027 0.08575 0)
(-0.00903761 0.0922932 0)
(-0.0103475 0.0987135 0)
(-0.0117481 0.104993 0)
(-0.0132379 0.111121 0)
(-0.0148145 0.117098 0)
(-0.0164763 0.12293 0)
(-0.0182211 0.128634 0)
(-0.0200476 0.13423 0)
(-0.0219524 0.139749 0)
(-0.0239401 0.145225 0)
(-0.0259888 0.150702 0)
(-0.0281741 0.156223 0)
(-0.030257 0.161849 0)
(-0.0327484 0.167628 0)
(-0.0349291 0.173617 0)
(-0.037572 0.17989 0)
(-0.0399435 0.186539 0)
(-0.0426719 0.193589 0)
(-0.0453919 0.201188 0)
(-0.0480963 0.209322 0)
(-0.051257 0.218226 0)
(-0.053954 0.227808 0)
(-0.0575445 0.238397 0)
(-0.0603815 0.249835 0)
(-0.0643114 0.262507 0)
(-0.0674818 0.27624 0)
(-0.0717028 0.291423 0)
(-0.0753562 0.307907 0)
(-0.0798557 0.32604 0)
(-0.0841741 0.345764 0)
(-0.088941 0.367271 0)
(-0.0940228 0.390699 0)
(-0.0993315 0.416098 0)
(-0.104995 0.443623 0)
(-0.111191 0.473445 0)
(-0.117628 0.505604 0)
(-0.124724 0.540266 0)
(-0.13248 0.577557 0)
(-0.140728 0.617162 0)
(-0.150541 0.659964 0)
(-0.160148 0.703887 0)
(-0.171227 0.753384 0)
(-0.181423 0.805339 0)
(-0.192652 0.8613 0)
(-0.205062 0.921046 0)
(-0.218428 0.984456 0)
(-0.232737 1.05194 0)
(-0.248137 1.12384 0)
(-0.264733 1.2004 0)
(-0.282593 1.28185 0)
(-0.30181 1.36851 0)
(-0.322512 1.4607 0)
(-0.344813 1.55881 0)
(-0.368854 1.6632 0)
(-0.394799 1.77435 0)
(-0.422796 1.89274 0)
(-0.453048 2.01892 0)
(-0.485777 2.15348 0)
(-0.521234 2.29711 0)
(-0.559702 2.4505 0)
(-0.601494 2.61451 0)
(-0.646974 2.79001 0)
(-0.696565 2.97809 0)
(-0.750754 3.17984 0)
(-0.810111 3.39664 0)
(-0.87526 3.62986 0)
(-0.946957 3.88128 0)
(-1.02604 4.1527 0)
(-1.11344 4.44638 0)
(-1.21023 4.7647 0)
(-1.31759 5.11066 0)
(-1.43679 5.4875 0)
(-1.56909 5.89928 0)
(-1.71564 6.35049 0)
(-1.8771 6.8468 0)
(-2.05327 7.39471 0)
(-2.24163 8.00212 0)
(-2.43756 8.67917 0)
(-2.62524 9.43557 0)
(-2.78514 10.286 0)
(-2.86088 11.2576 0)
(-2.80335 12.3583 0)
(-2.15783 13.5805 0)
(-0.918366 14.2328 0)
(-4.56407e-06 0.00134915 0)
(-2.69799e-05 0.00465659 0)
(-8.52024e-05 0.00847812 0)
(-0.000182177 0.0127746 0)
(-0.000320487 0.017519 0)
(-0.000504727 0.0226702 0)
(-0.000739834 0.0281859 0)
(-0.00102951 0.0340252 0)
(-0.00137692 0.0401441 0)
(-0.00178497 0.0464963 0)
(-0.00225586 0.0530337 0)
(-0.00279202 0.0597066 0)
(-0.00339466 0.0664649 0)
(-0.00406461 0.0732575 0)
(-0.00480242 0.0800356 0)
(-0.00560784 0.0867549 0)
(-0.00648094 0.0933781 0)
(-0.00742006 0.099878 0)
(-0.00842506 0.106234 0)
(-0.00949411 0.112439 0)
(-0.0106259 0.118489 0)
(-0.0118186 0.124394 0)
(-0.0130711 0.130167 0)
(-0.0143819 0.135833 0)
(-0.0157488 0.141419 0)
(-0.0171754 0.146962 0)
(-0.0186439 0.152503 0)
(-0.0202111 0.158087 0)
(-0.0217177 0.163781 0)
(-0.0234559 0.169626 0)
(-0.0250247 0.175698 0)
(-0.0269857 0.182041 0)
(-0.0286231 0.188755 0)
(-0.0306384 0.195886 0)
(-0.0325387 0.203558 0)
(-0.0344992 0.21179 0)
(-0.0367758 0.220782 0)
(-0.0386412 0.230471 0)
(-0.0413453 0.241175 0)
(-0.0431853 0.252728 0)
(-0.0462343 0.265549 0)
(-0.0482614 0.279423 0)
(-0.0515111 0.294778 0)
(-0.0539093 0.31144 0)
(-0.0573529 0.329785 0)
(-0.0601786 0.349694 0)
(-0.0638527 0.371475 0)
(-0.0672768 0.39514 0)
(-0.0711094 0.420792 0)
(-0.0752118 0.448686 0)
(-0.0794051 0.478773 0)
(-0.0840826 0.511384 0)
(-0.0887101 0.546422 0)
(-0.0943542 0.584446 0)
(-0.0995958 0.624828 0)
(-0.107105 0.668599 0)
(-0.114346 0.713483 0)
(-0.124044 0.762527 0)
(-0.131315 0.814875 0)
(-0.138664 0.871012 0)
(-0.147638 0.931803 0)
(-0.157455 0.996378 0)
(-0.167637 1.06482 0)
(-0.1785 1.13764 0)
(-0.190322 1.21519 0)
(-0.203136 1.29777 0)
(-0.216953 1.38565 0)
(-0.231834 1.47916 0)
(-0.247857 1.5787 0)
(-0.265135 1.68466 0)
(-0.283775 1.79753 0)
(-0.303902 1.91781 0)
(-0.325667 2.04604 0)
(-0.349222 2.18288 0)
(-0.374766 2.32895 0)
(-0.402485 2.48507 0)
(-0.432611 2.65207 0)
(-0.465404 2.83094 0)
(-0.501181 3.02273 0)
(-0.540295 3.22872 0)
(-0.583152 3.45021 0)
(-0.630187 3.68878 0)
(-0.681922 3.94613 0)
(-0.738926 4.22431 0)
(-0.80187 4.5255 0)
(-0.871505 4.85234 0)
(-0.948655 5.20769 0)
(-1.03414 5.59502 0)
(-1.12874 6.01803 0)
(-1.23294 6.48112 0)
(-1.34673 6.98893 0)
(-1.46902 7.54664 0)
(-1.5969 8.15942 0)
(-1.7247 8.83304 0)
(-1.83757 9.56428 0)
(-1.91998 10.3661 0)
(-1.93678 11.23 0)
(-1.78721 12.1241 0)
(-1.44585 12.9129 0)
(-0.566276 15.8689 0)
(-2.98735e-06 0.00136032 0)
(-1.76453e-05 0.00469182 0)
(-5.35727e-05 0.00854005 0)
(-0.000111559 0.0128674 0)
(-0.00019385 0.0176476 0)
(-0.000304157 0.0228383 0)
(-0.000445242 0.0283968 0)
(-0.000619391 0.0342811 0)
(-0.000828227 0.0404474 0)
(-0.00107329 0.0468488 0)
(-0.00135661 0.0534368 0)
(-0.00167902 0.060162 0)
(-0.00204128 0.0669738 0)
(-0.00244397 0.0738207 0)
(-0.00288728 0.0806533 0)
(-0.00337171 0.0874267 0)
(-0.00389641 0.0941037 0)
(-0.00446201 0.100656 0)
(-0.00506759 0.107064 0)
(-0.00571265 0.113319 0)
(-0.00639573 0.119418 0)
(-0.00711602 0.125371 0)
(-0.00787204 0.131192 0)
(-0.00866325 0.136904 0)
(-0.00948729 0.142535 0)
(-0.0103472 0.148121 0)
(-0.0112304 0.153707 0)
(-0.0121762 0.159333 0)
(-0.0130708 0.165068 0)
(-0.0141407 0.170958 0)
(-0.0150984 0.177089 0)
(-0.0162165 0.18348 0)
(-0.0172398 0.190236 0)
(-0.0184411 0.197418 0)
(-0.0195466 0.205135 0)
(-0.0208179 0.213442 0)
(-0.0220423 0.222474 0)
(-0.0233362 0.232261 0)
(-0.0247976 0.243011 0)
(-0.0260127 0.254674 0)
(-0.0278255 0.267568 0)
(-0.0289625 0.28155 0)
(-0.031071 0.297014 0)
(-0.0323228 0.313796 0)
(-0.0345695 0.332267 0)
(-0.036095 0.352316 0)
(-0.038479 0.374269 0)
(-0.0403247 0.39806 0)
(-0.042791 0.423931 0)
(-0.0451663 0.451984 0)
(-0.047537 0.48227 0)
(-0.0504863 0.515054 0)
(-0.0528216 0.550369 0)
(-0.0561642 0.588497 0)
(-0.0583101 0.629611 0)
(-0.0619371 0.673761 0)
(-0.0647485 0.720484 0)
(-0.0756786 0.767563 0)
(-0.0827509 0.823303 0)
(-0.0849008 0.8794 0)
(-0.08913 0.939299 0)
(-0.0953608 1.00385 0)
(-0.101831 1.07297 0)
(-0.108397 1.14663 0)
(-0.115394 1.22501 0)
(-0.122976 1.30841 0)
(-0.131192 1.39714 0)
(-0.140073 1.49155 0)
(-0.149668 1.59203 0)
(-0.160037 1.69904 0)
(-0.171254 1.81305 0)
(-0.183392 1.93456 0)
(-0.196511 2.06416 0)
(-0.210726 2.20247 0)
(-0.226128 2.35021 0)
(-0.242844 2.50817 0)
(-0.261019 2.67721 0)
(-0.280815 2.85833 0)
(-0.302409 3.05266 0)
(-0.326005 3.26146 0)
(-0.351804 3.48608 0)
(-0.380067 3.72812 0)
(-0.411102 3.98937 0)
(-0.445289 4.27189 0)
(-0.48306 4.578 0)
(-0.524911 4.91032 0)
(-0.571325 5.27181 0)
(-0.622753 5.66575 0)
(-0.679509 6.0957 0)
(-0.741705 6.56556 0)
(-0.809056 7.07932 0)
(-0.88054 7.64086 0)
(-0.954115 8.2537 0)
(-1.0249 8.91826 0)
(-1.08719 9.63739 0)
(-1.12854 10.4007 0)
(-1.12699 11.1908 0)
(-1.03973 11.964 0)
(-0.916435 12.6929 0)
(-0.410347 11.8635 0)
(-0.000276558 0.0405974 0)
(-0.000357932 0.0470236 0)
(-0.000451597 0.0536373 0)
(-0.000558164 0.0603891 0)
(-0.000678017 0.0672278 0)
(-0.000811528 0.074102 0)
(-0.000958804 0.080962 0)
(-0.00111992 0.0877629 0)
(-0.0012954 0.0944675 0)
(-0.00148472 0.101047 0)
(-0.00168821 0.107482 0)
(-0.00190639 0.113763 0)
(-0.00213791 0.11989 0)
(-0.00238123 0.125867 0)
(-0.00263689 0.131712 0)
(-0.00290385 0.137446 0)
(-0.00318176 0.143099 0)
(-0.00347049 0.148706 0)
(-0.00376848 0.154313 0)
(-0.00407942 0.159957 0)
(-0.00439848 0.165719 0)
(-0.00472287 0.171636 0)
(-0.00508367 0.177781 0)
(-0.00540236 0.184192 0)
(-0.00578968 0.190976 0)
(-0.00616256 0.198186 0)
(-0.00652716 0.205931 0)
(-0.00699375 0.21427 0)
(-0.00731392 0.223327 0)
(-0.00787127 0.233163 0)
(-0.00820459 0.243929 0)
(-0.00875908 0.25566 0)
(-0.00925245 0.268575 0)
(-0.00966031 0.282625 0)
(-0.0104338 0.298138 0)
(-0.0106859 0.314976 0)
(-0.0116488 0.33352 0)
(-0.0119365 0.353633 0)
(-0.0129066 0.375659 0)
(-0.0133837 0.399507 0)
(-0.0143132 0.425517 0)
(-0.0150199 0.45358 0)
(-0.0157756 0.484031 0)
(-0.0169013 0.516779 0)
(-0.0173815 0.552272 0)
(-0.018768 0.59007 0)
(-0.0187099 0.631567 0)
(-0.0205215 0.675243 0)
(-0.0179952 0.727626 0)
(-0.0180394 0.782011 0)
(-0.0234661 0.818093 0)
(-0.031569 0.87983 0)
(-0.0341859 0.943251 0)
(-0.0349172 1.00827 0)
(-0.0359616 1.07743 0)
(-0.0376181 1.15118 0)
(-0.0397422 1.22976 0)
(-0.0421784 1.31348 0)
(-0.0448653 1.40265 0)
(-0.0477703 1.49756 0)
(-0.0508964 1.5986 0)
(-0.0542846 1.7062 0)
(-0.057961 1.82083 0)
(-0.0619406 1.94301 0)
(-0.0662517 2.0733 0)
(-0.0709173 2.21233 0)
(-0.0759956 2.36085 0)
(-0.0815683 2.51967 0)
(-0.0876709 2.68972 0)
(-0.0942457 2.872 0)
(-0.101315 3.06758 0)
(-0.108965 3.2777 0)
(-0.11728 3.50381 0)
(-0.126373 3.74751 0)
(-0.136415 4.01068 0)
(-0.147602 4.29541 0)
(-0.160124 4.60406 0)
(-0.174122 4.93923 0)
(-0.189712 5.30379 0)
(-0.206963 5.70092 0)
(-0.225891 6.13404 0)
(-0.246385 6.60674 0)
(-0.268318 7.12265 0)
(-0.29127 7.68513 0)
(-0.314366 8.29645 0)
(-0.336413 8.95706 0)
(-0.355607 9.66443 0)
(-0.36891 10.411 0)
(-0.366902 11.1718 0)
(-0.341399 11.8948 0)
(-0.214251 12.5178 0)
(0.0137036 12.8205 0)
(-8.54446e-05 1.62339e-05 0)
(-0.00036149 0.000240044 0)
(-0.000997893 0.000299671 0)
(-0.00201257 0.000488223 0)
(-0.00330689 0.000672281 0)
(-0.00498449 0.000899155 0)
(-0.00712325 0.00113322 0)
(-0.00979365 0.00138333 0)
(-0.0130048 0.00165981 0)
(-0.0167505 0.00193987 0)
(-0.021003 0.0022108 0)
(-0.0257289 0.00248001 0)
(-0.0309389 0.0028004 0)
(-0.0366906 0.00314194 0)
(-0.0430109 0.00344942 0)
(-0.0498547 0.00369249 0)
(-0.0572359 0.00397114 0)
(-0.0651591 0.00428969 0)
(-0.0735285 0.00450743 0)
(-0.0822084 0.00458868 0)
(-0.0910757 0.00456502 0)
(-0.100052 0.00448759 0)
(-0.109095 0.00443369 0)
(-0.118159 0.00435834 0)
(-0.127274 0.00414572 0)
(-0.135819 0.00411526 0)
(-0.145983 0.00392928 0)
(-0.153543 0.00357529 0)
(-0.161651 0.00328398 0)
(-0.169832 0.00312907 0)
(-0.177948 0.00311915 0)
(-0.186228 0.00328071 0)
(-0.194877 0.00365001 0)
(-0.204155 0.00425186 0)
(-0.214257 0.00509412 0)
(-0.225529 0.0061919 0)
(-0.238167 0.00738729 0)
(-0.252497 0.00855846 0)
(-0.268469 0.00969053 0)
(-0.286179 0.0107921 0)
(-0.305762 0.0119434 0)
(-0.326967 0.0129932 0)
(-0.350262 0.0139134 0)
(-0.374874 0.0147594 0)
(-0.400958 0.0153425 0)
(-0.428564 0.0157049 0)
(-0.45732 0.0160201 0)
(-0.487447 0.0164021 0)
(-0.518852 0.0170754 0)
(-0.551984 0.0179115 0)
(-0.586885 0.0190207 0)
(-0.623744 0.0204272 0)
(-0.663286 0.0206716 0)
(-0.703705 0.0223979 0)
(-0.748757 0.0238114 0)
(-0.793761 0.0258426 0)
(-0.844892 0.0279284 0)
(-0.900826 0.031035 0)
(-0.953655 0.0353503 0)
(-1.03212 0.0395328 0)
(-1.09003 0.0381472 0)
(-1.16619 0.0531563 0)
(-1.24573 0.0433004 0)
(-1.32295 0.0389145 0)
(-1.40125 0.03863 0)
(-1.48608 0.0396588 0)
(-1.57073 0.0469293 0)
(-1.6642 0.0528114 0)
(-1.76357 0.0510105 0)
(-1.86895 0.0540297 0)
(-1.98043 0.0582335 0)
(-2.09818 0.0624018 0)
(-2.22304 0.0683019 0)
(-2.35464 0.0720286 0)
(-2.49282 0.0753219 0)
(-2.63756 0.0783995 0)
(-2.78878 0.0811815 0)
(-2.94617 0.0835591 0)
(-3.10922 0.0855528 0)
(-3.27751 0.0873021 0)
(-3.45028 0.0884939 0)
(-3.62669 0.0894669 0)
(-3.80734 0.0915448 0)
(-3.99369 0.0944825 0)
(-4.18593 0.0966706 0)
(-4.38275 0.0977597 0)
(-4.5825 0.0981317 0)
(-4.78397 0.0979132 0)
(-4.98637 0.0962528 0)
(-5.18742 0.0922557 0)
(-5.38187 0.0867885 0)
(-5.5712 0.0797389 0)
(-5.7251 0.0765808 0)
(-5.93057 0.0730784 0)
(-6.06016 0.0588569 0)
(-6.17359 0.0390723 0)
(-6.26829 0.0192771 0)
(-6.33347 0.000748493 0)
(-6.36125 -0.0177879 0)
(-6.35282 -0.0378809 0)
(5.87553e-05 0.000393702 0)
(-0.000364801 0.000437782 0)
(-0.000461282 0.00177858 0)
(-0.00192991 0.00166601 0)
(-0.00317342 0.00248149 0)
(-0.0047977 0.0028438 0)
(-0.00676913 0.00372577 0)
(-0.00913262 0.00445199 0)
(-0.0119529 0.00524398 0)
(-0.0152617 0.0059798 0)
(-0.0189381 0.00662563 0)
(-0.0229968 0.00720589 0)
(-0.0274579 0.007969 0)
(-0.0324638 0.00882863 0)
(-0.0380196 0.00964879 0)
(-0.0439829 0.0104079 0)
(-0.0504238 0.0110603 0)
(-0.0575223 0.0117953 0)
(-0.0652009 0.0124401 0)
(-0.0732759 0.0129377 0)
(-0.081673 0.0132474 0)
(-0.0903466 0.0134475 0)
(-0.0993008 0.0135857 0)
(-0.108656 0.0137051 0)
(-0.118254 0.0136505 0)
(-0.128151 0.0133987 0)
(-0.138131 0.013131 0)
(-0.148118 0.0129794 0)
(-0.158458 0.012995 0)
(-0.169177 0.0131138 0)
(-0.1802 0.013358 0)
(-0.191541 0.0137742 0)
(-0.203257 0.014402 0)
(-0.215414 0.0152851 0)
(-0.228063 0.0164619 0)
(-0.241397 0.0181651 0)
(-0.255574 0.0201798 0)
(-0.270603 0.0223669 0)
(-0.286539 0.0246643 0)
(-0.303415 0.0270362 0)
(-0.321556 0.0294761 0)
(-0.34054 0.0320522 0)
(-0.361724 0.0347074 0)
(-0.383362 0.0365334 0)
(-0.407234 0.0389769 0)
(-0.432493 0.0413914 0)
(-0.459744 0.0437019 0)
(-0.488109 0.0462014 0)
(-0.519401 0.0487739 0)
(-0.551385 0.0517102 0)
(-0.587516 0.0546036 0)
(-0.623956 0.0580675 0)
(-0.664893 0.0614891 0)
(-0.706867 0.0654597 0)
(-0.752678 0.0695895 0)
(-0.802693 0.0738282 0)
(-0.8502 0.0791547 0)
(-0.907216 0.0833037 0)
(-0.962654 0.0897917 0)
(-1.03409 0.0943938 0)
(-1.08801 0.103012 0)
(-1.16451 0.107142 0)
(-1.23282 0.114476 0)
(-1.30468 0.124518 0)
(-1.39795 0.132124 0)
(-1.49007 0.14393 0)
(-1.5946 0.129397 0)
(-1.68482 0.146501 0)
(-1.79181 0.158212 0)
(-1.90572 0.168143 0)
(-2.02496 0.1775 0)
(-2.15029 0.1865 0)
(-2.28202 0.195292 0)
(-2.41979 0.20433 0)
(-2.56381 0.213815 0)
(-2.71434 0.223546 0)
(-2.87154 0.233214 0)
(-3.03536 0.242342 0)
(-3.20542 0.25068 0)
(-3.38197 0.258574 0)
(-3.56459 0.265746 0)
(-3.75114 0.272317 0)
(-3.94412 0.279833 0)
(-4.14286 0.288406 0)
(-4.34782 0.296026 0)
(-4.55805 0.301915 0)
(-4.77247 0.305955 0)
(-4.99023 0.309719 0)
(-5.21368 0.310209 0)
(-5.43613 0.304275 0)
(-5.65602 0.292451 0)
(-5.86318 0.272324 0)
(-6.05387 0.255064 0)
(-6.23246 0.240202 0)
(-6.40221 0.211709 0)
(-6.56322 0.172208 0)
(-6.70709 0.129165 0)
(-6.83058 0.0836679 0)
(-6.91851 0.0341447 0)
(-6.98125 -0.0189732 0)
(-2.70625e-05 0.000260272 0)
(-0.000149397 0.00101224 0)
(-0.000486191 0.00191491 0)
(-0.00111926 0.00252787 0)
(-0.00186578 0.00348727 0)
(-0.00333988 0.00439098 0)
(-0.0049027 0.00554501 0)
(-0.00732153 0.00657962 0)
(-0.00946441 0.00791733 0)
(-0.0128907 0.0091315 0)
(-0.0150229 0.0103237 0)
(-0.0196836 0.0114878 0)
(-0.0240045 0.0126462 0)
(-0.0286306 0.0137731 0)
(-0.033707 0.0148735 0)
(-0.0391488 0.0156119 0)
(-0.0448135 0.0178566 0)
(-0.0508851 0.0189779 0)
(-0.057593 0.0198202 0)
(-0.0644327 0.0206265 0)
(-0.0716093 0.0214537 0)
(-0.0792527 0.0220395 0)
(-0.0870116 0.0226963 0)
(-0.0954094 0.0236132 0)
(-0.104478 0.0237778 0)
(-0.113805 0.0253964 0)
(-0.123022 0.0235021 0)
(-0.132632 0.0236463 0)
(-0.142969 0.0240664 0)
(-0.153918 0.0245501 0)
(-0.165323 0.0252041 0)
(-0.17717 0.0260732 0)
(-0.189459 0.0272121 0)
(-0.202165 0.0286264 0)
(-0.215083 0.0303333 0)
(-0.228512 0.0323547 0)
(-0.242753 0.034917 0)
(-0.257657 0.0378092 0)
(-0.273164 0.0409261 0)
(-0.28932 0.0442492 0)
(-0.306165 0.0477084 0)
(-0.323867 0.0514226 0)
(-0.342523 0.0551303 0)
(-0.362357 0.0590001 0)
(-0.383761 0.0628288 0)
(-0.406561 0.0663857 0)
(-0.430643 0.0699928 0)
(-0.456226 0.0740391 0)
(-0.48368 0.0785542 0)
(-0.513172 0.0834854 0)
(-0.544795 0.0887642 0)
(-0.578637 0.0944225 0)
(-0.614933 0.100409 0)
(-0.653825 0.106708 0)
(-0.695349 0.11347 0)
(-0.739699 0.120592 0)
(-0.786866 0.124915 0)
(-0.837522 0.145724 0)
(-0.89186 0.157898 0)
(-0.945811 0.168612 0)
(-1.01149 0.172136 0)
(-1.07432 0.182911 0)
(-1.14722 0.187722 0)
(-1.21412 0.202721 0)
(-1.29919 0.205322 0)
(-1.38444 0.215709 0)
(-1.46791 0.234814 0)
(-1.55904 0.248962 0)
(-1.65854 0.263144 0)
(-1.76429 0.278493 0)
(-1.87538 0.294527 0)
(-1.99284 0.310968 0)
(-2.11726 0.327703 0)
(-2.2487 0.344574 0)
(-2.38729 0.361522 0)
(-2.53311 0.378366 0)
(-2.68641 0.395308 0)
(-2.8477 0.411023 0)
(-3.015 0.426414 0)
(-3.19214 0.440316 0)
(-3.37442 0.451028 0)
(-3.55987 0.463316 0)
(-3.75379 0.478723 0)
(-3.95264 0.494289 0)
(-4.16095 0.50741 0)
(-4.3783 0.518269 0)
(-4.60122 0.526505 0)
(-4.83542 0.536788 0)
(-5.06693 0.541598 0)
(-5.30102 0.535427 0)
(-5.53173 0.519466 0)
(-5.75141 0.483505 0)
(-5.98103 0.452542 0)
(-6.21474 0.435152 0)
(-6.44628 0.402894 0)
(-6.6665 0.352659 0)
(-6.86839 0.292424 0)
(-7.0478 0.223965 0)
(-7.20201 0.146746 0)
(-7.32409 0.0627031 0)
(-2.79474e-05 0.00036701 0)
(-0.000186612 0.00123426 0)
(-0.000455504 0.00238531 0)
(-0.0011291 0.00347188 0)
(-0.00199389 0.00472925 0)
(-0.00327893 0.0059826 0)
(-0.00472049 0.00745931 0)
(-0.00667257 0.00888057 0)
(-0.00884734 0.0107613 0)
(-0.0112904 0.0113022 0)
(-0.0143205 0.0130376 0)
(-0.017969 0.0148714 0)
(-0.021604 0.0167972 0)
(-0.0256697 0.018712 0)
(-0.0302583 0.0202662 0)
(-0.0353095 0.0220781 0)
(-0.0409859 0.0227556 0)
(-0.0465294 0.0258706 0)
(-0.0525202 0.0267594 0)
(-0.0591101 0.0274802 0)
(-0.0658203 0.0283944 0)
(-0.0736701 0.028809 0)
(-0.0801931 0.0298077 0)
(-0.0913591 0.0305002 0)
(-0.0937085 0.0315957 0)
(-0.104806 0.0323126 0)
(-0.115886 0.0329273 0)
(-0.126403 0.0337757 0)
(-0.137511 0.034753 0)
(-0.149077 0.0355531 0)
(-0.160916 0.036637 0)
(-0.173027 0.0378772 0)
(-0.185446 0.0393047 0)
(-0.198254 0.0409576 0)
(-0.211231 0.0424694 0)
(-0.22547 0.0474099 0)
(-0.238612 0.0499611 0)
(-0.252541 0.0532561 0)
(-0.266965 0.056863 0)
(-0.28192 0.0606843 0)
(-0.297415 0.0646068 0)
(-0.313728 0.0690793 0)
(-0.330828 0.0735951 0)
(-0.348905 0.0786491 0)
(-0.369167 0.084297 0)
(-0.390219 0.0889147 0)
(-0.41161 0.0935276 0)
(-0.434284 0.0990468 0)
(-0.45902 0.105438 0)
(-0.485878 0.112444 0)
(-0.514726 0.119981 0)
(-0.545656 0.128187 0)
(-0.578864 0.13685 0)
(-0.614429 0.145951 0)
(-0.652478 0.155904 0)
(-0.693215 0.16661 0)
(-0.737901 0.177865 0)
(-0.786033 0.189808 0)
(-0.835358 0.201975 0)
(-0.886439 0.214779 0)
(-0.941628 0.228409 0)
(-1.00194 0.242253 0)
(-1.0666 0.256223 0)
(-1.13827 0.271418 0)
(-1.21136 0.284226 0)
(-1.28349 0.298638 0)
(-1.36253 0.31671 0)
(-1.44821 0.33884 0)
(-1.53972 0.361969 0)
(-1.63691 0.384617 0)
(-1.73986 0.406949 0)
(-1.84891 0.429402 0)
(-1.96445 0.452149 0)
(-2.08663 0.475342 0)
(-2.2158 0.499128 0)
(-2.35199 0.522983 0)
(-2.497 0.548657 0)
(-2.64848 0.571155 0)
(-2.81056 0.596593 0)
(-2.98143 0.620137 0)
(-3.1537 0.631889 0)
(-3.33611 0.647231 0)
(-3.53622 0.671748 0)
(-3.75249 0.699865 0)
(-3.97789 0.725264 0)
(-4.21002 0.745636 0)
(-4.44209 0.761148 0)
(-4.70039 0.77079 0)
(-4.8831 0.7738 0)
(-5.16485 0.770723 0)
(-5.39648 0.761726 0)
(-5.6705 0.748618 0)
(-6.05061 0.728843 0)
(-6.28441 0.695687 0)
(-6.53036 0.646701 0)
(-6.77532 0.582549 0)
(-7.0018 0.503854 0)
(-7.20769 0.410889 0)
(-7.38772 0.304255 0)
(-7.53709 0.185255 0)
(-2.39583e-05 0.000441314 0)
(-0.000181481 0.00148755 0)
(-0.000462351 0.00288102 0)
(-0.00113439 0.00419329 0)
(-0.00200508 0.0057025 0)
(-0.0032354 0.00727907 0)
(-0.00471733 0.00903678 0)
(-0.00656801 0.010867 0)
(-0.00873567 0.012778 0)
(-0.0111511 0.0147751 0)
(-0.014189 0.0168164 0)
(-0.0174614 0.0189327 0)
(-0.0212069 0.020894 0)
(-0.0251702 0.0228257 0)
(-0.0297149 0.0246557 0)
(-0.0344855 0.0265505 0)
(-0.0397542 0.0283716 0)
(-0.0453536 0.0302793 0)
(-0.0510808 0.0321109 0)
(-0.0570998 0.0338497 0)
(-0.0637956 0.0354073 0)
(-0.0708813 0.0371145 0)
(-0.0783428 0.0385553 0)
(-0.0864063 0.0395275 0)
(-0.0952913 0.0403474 0)
(-0.104235 0.0420633 0)
(-0.113079 0.0437694 0)
(-0.122378 0.0451075 0)
(-0.13232 0.0463211 0)
(-0.142683 0.0476053 0)
(-0.154471 0.0491041 0)
(-0.16499 0.0506606 0)
(-0.178379 0.0527436 0)
(-0.189473 0.0546782 0)
(-0.204048 0.0574561 0)
(-0.216262 0.0599849 0)
(-0.230823 0.0633209 0)
(-0.244499 0.0667311 0)
(-0.258859 0.0707232 0)
(-0.274515 0.0751897 0)
(-0.288334 0.0793265 0)
(-0.307682 0.0860765 0)
(-0.318904 0.0887476 0)
(-0.344445 0.0983122 0)
(-0.351661 0.103021 0)
(-0.374328 0.109318 0)
(-0.39895 0.116371 0)
(-0.423006 0.123955 0)
(-0.448539 0.132043 0)
(-0.475891 0.140704 0)
(-0.504646 0.14991 0)
(-0.535228 0.160071 0)
(-0.567861 0.170903 0)
(-0.602153 0.181695 0)
(-0.638281 0.193561 0)
(-0.677066 0.20692 0)
(-0.718915 0.221131 0)
(-0.763083 0.237314 0)
(-0.809078 0.254063 0)
(-0.857867 0.271399 0)
(-0.910886 0.289681 0)
(-0.967788 0.306056 0)
(-1.02807 0.32266 0)
(-1.09339 0.346636 0)
(-1.16101 0.370639 0)
(-1.23046 0.380517 0)
(-1.30259 0.393182 0)
(-1.38276 0.420882 0)
(-1.47154 0.452324 0)
(-1.56501 0.481164 0)
(-1.66272 0.509221 0)
(-1.76625 0.537883 0)
(-1.87618 0.567246 0)
(-1.99272 0.59734 0)
(-2.11626 0.628205 0)
(-2.24459 0.65982 0)
(-2.3902 0.691945 0)
(-2.51204 0.724736 0)
(-2.71572 0.757773 0)
(-2.80235 0.790908 0)
(-3.06264 0.824506 0)
(-3.26968 0.859764 0)
(-3.47712 0.895158 0)
(-3.69566 0.927964 0)
(-3.92151 0.957174 0)
(-4.15256 0.982425 0)
(-4.39106 1.00388 0)
(-4.64181 1.01573 0)
(-4.9068 1.02312 0)
(-5.18041 1.02961 0)
(-5.45871 1.03211 0)
(-5.73263 1.03868 0)
(-5.99974 1.02297 0)
(-6.27273 0.970689 0)
(-6.55126 0.904081 0)
(-6.8209 0.82608 0)
(-7.07349 0.730018 0)
(-7.30527 0.613534 0)
(-7.51026 0.477123 0)
(-7.68099 0.321726 0)
(-2.48238e-05 0.00049695 0)
(-0.000164794 0.00177104 0)
(-0.000486586 0.00332106 0)
(-0.00109993 0.00494137 0)
(-0.00196289 0.00673017 0)
(-0.00313467 0.00863562 0)
(-0.00458018 0.0107044 0)
(-0.00639265 0.0128461 0)
(-0.00848139 0.0151086 0)
(-0.0109889 0.01735 0)
(-0.0138672 0.0196853 0)
(-0.0171542 0.0220626 0)
(-0.0207547 0.0244675 0)
(-0.0246927 0.0268857 0)
(-0.0290508 0.0292751 0)
(-0.0337604 0.0316544 0)
(-0.0389365 0.0339398 0)
(-0.0444079 0.0362481 0)
(-0.0502459 0.0384009 0)
(-0.0563307 0.0403807 0)
(-0.0630667 0.0421963 0)
(-0.0700908 0.0439135 0)
(-0.0775178 0.0455945 0)
(-0.0853268 0.0471879 0)
(-0.093583 0.048852 0)
(-0.102206 0.0507559 0)
(-0.111112 0.0525713 0)
(-0.120356 0.0542014 0)
(-0.130047 0.0558243 0)
(-0.140178 0.0576452 0)
(-0.150756 0.0596118 0)
(-0.161721 0.0617995 0)
(-0.173333 0.0642101 0)
(-0.184716 0.06677 0)
(-0.197917 0.0699117 0)
(-0.209768 0.0731704 0)
(-0.223839 0.0772304 0)
(-0.236575 0.0811559 0)
(-0.251329 0.0859059 0)
(-0.265499 0.0908112 0)
(-0.281325 0.0963824 0)
(-0.296784 0.10166 0)
(-0.313716 0.107928 0)
(-0.331664 0.114283 0)
(-0.350008 0.12054 0)
(-0.369932 0.129058 0)
(-0.390308 0.138568 0)
(-0.411052 0.147616 0)
(-0.434241 0.157479 0)
(-0.458851 0.167382 0)
(-0.484945 0.178285 0)
(-0.514686 0.19064 0)
(-0.54092 0.202823 0)
(-0.574256 0.216222 0)
(-0.612433 0.230742 0)
(-0.64654 0.246348 0)
(-0.686728 0.262976 0)
(-0.727367 0.280845 0)
(-0.76998 0.299634 0)
(-0.819572 0.319022 0)
(-0.865221 0.33904 0)
(-0.912537 0.360119 0)
(-0.978574 0.382542 0)
(-1.03893 0.406244 0)
(-1.08035 0.429988 0)
(-1.15669 0.454894 0)
(-1.27687 0.482318 0)
(-1.35812 0.511718 0)
(-1.44545 0.542167 0)
(-1.53942 0.573925 0)
(-1.63598 0.607298 0)
(-1.73781 0.642082 0)
(-1.84681 0.67808 0)
(-1.96324 0.715227 0)
(-2.08754 0.753426 0)
(-2.22005 0.793132 0)
(-2.36211 0.832426 0)
(-2.51327 0.875841 0)
(-2.6746 0.917506 0)
(-2.84734 0.961087 0)
(-3.02489 1.01649 0)
(-3.20668 1.06901 0)
(-3.40232 1.11218 0)
(-3.61497 1.14919 0)
(-3.84045 1.18455 0)
(-4.07595 1.21887 0)
(-4.32241 1.25044 0)
(-4.58117 1.27707 0)
(-4.85212 1.29937 0)
(-5.13336 1.31655 0)
(-5.42254 1.32505 0)
(-5.71631 1.32177 0)
(-6.01133 1.29784 0)
(-6.30807 1.25027 0)
(-6.60581 1.18397 0)
(-6.89814 1.09725 0)
(-7.17723 0.985316 0)
(-7.43618 0.845677 0)
(-7.66742 0.677966 0)
(-7.8614 0.483124 0)
(-2.56135e-05 0.000566031 0)
(-0.00015722 0.00202976 0)
(-0.00048256 0.00377793 0)
(-0.0010634 0.00567573 0)
(-0.00190765 0.00773323 0)
(-0.00302995 0.0099432 0)
(-0.0044429 0.0123072 0)
(-0.00619292 0.0147818 0)
(-0.00825113 0.0173733 0)
(-0.0106892 0.0200145 0)
(-0.0134698 0.0227459 0)
(-0.0166256 0.0255382 0)
(-0.0201504 0.0283473 0)
(-0.0240271 0.0311562 0)
(-0.0282938 0.0339202 0)
(-0.032969 0.0366319 0)
(-0.0379763 0.039288 0)
(-0.043402 0.0418827 0)
(-0.0491345 0.0443799 0)
(-0.0551869 0.0467574 0)
(-0.061774 0.0490206 0)
(-0.0686286 0.0512312 0)
(-0.0758693 0.0533683 0)
(-0.0835021 0.0554441 0)
(-0.0915283 0.0574918 0)
(-0.0999443 0.0595532 0)
(-0.108693 0.0616214 0)
(-0.117753 0.0636892 0)
(-0.127182 0.0658085 0)
(-0.137038 0.0680516 0)
(-0.147302 0.0704388 0)
(-0.158031 0.0730183 0)
(-0.169012 0.075771 0)
(-0.180548 0.0788624 0)
(-0.192593 0.0823404 0)
(-0.204694 0.0861179 0)
(-0.217748 0.0903977 0)
(-0.230629 0.0948456 0)
(-0.244642 0.0999098 0)
(-0.258677 0.105292 0)
(-0.273655 0.11128 0)
(-0.288913 0.117655 0)
(-0.305334 0.124636 0)
(-0.322375 0.132222 0)
(-0.340283 0.140358 0)
(-0.359486 0.149686 0)
(-0.379516 0.159596 0)
(-0.400474 0.16981 0)
(-0.423004 0.180779 0)
(-0.446681 0.192221 0)
(-0.472471 0.205118 0)
(-0.499611 0.218291 0)
(-0.5289 0.232758 0)
(-0.559632 0.248741 0)
(-0.592608 0.266131 0)
(-0.627822 0.283879 0)
(-0.665941 0.302603 0)
(-0.706789 0.322405 0)
(-0.75004 0.344089 0)
(-0.795937 0.366567 0)
(-0.845564 0.388922 0)
(-0.898843 0.41485 0)
(-0.954857 0.442551 0)
(-1.01718 0.465293 0)
(-1.08646 0.493173 0)
(-1.15568 0.535178 0)
(-1.22419 0.575695 0)
(-1.30114 0.605331 0)
(-1.38896 0.635135 0)
(-1.48236 0.670391 0)
(-1.57987 0.709128 0)
(-1.68333 0.749942 0)
(-1.79372 0.792748 0)
(-1.91121 0.83747 0)
(-2.03626 0.883962 0)
(-2.16938 0.932237 0)
(-2.31124 0.982042 0)
(-2.46229 1.03416 0)
(-2.62243 1.08762 0)
(-2.79239 1.1436 0)
(-2.97262 1.20184 0)
(-3.16227 1.25689 0)
(-3.36184 1.30863 0)
(-3.57351 1.36018 0)
(-3.7986 1.41188 0)
(-4.03712 1.46135 0)
(-4.28891 1.50661 0)
(-4.55403 1.54649 0)
(-4.83238 1.57992 0)
(-5.12304 1.60521 0)
(-5.4242 1.61971 0)
(-5.73336 1.62034 0)
(-6.04811 1.60239 0)
(-6.36734 1.56103 0)
(-6.68934 1.49372 0)
(-7.00885 1.39775 0)
(-7.31819 1.26926 0)
(-7.60896 1.10507 0)
(-7.87199 0.903527 0)
(-8.09575 0.664822 0)
(-2.53856e-05 0.000627328 0)
(-0.000148934 0.00228357 0)
(-0.00046866 0.00422974 0)
(-0.00102885 0.00637078 0)
(-0.00184265 0.00869273 0)
(-0.00292391 0.0111884 0)
(-0.00429132 0.0138534 0)
(-0.00597539 0.0166539 0)
(-0.00798497 0.0195729 0)
(-0.0103226 0.0225897 0)
(-0.0130339 0.0256669 0)
(-0.0160835 0.0288095 0)
(-0.0195204 0.0319619 0)
(-0.0233115 0.0351153 0)
(-0.0274577 0.0382464 0)
(-0.0320211 0.0413177 0)
(-0.0368669 0.0443553 0)
(-0.0421945 0.047289 0)
(-0.0477325 0.0501626 0)
(-0.0537373 0.05293 0)
(-0.0601358 0.0555952 0)
(-0.0668102 0.0581608 0)
(-0.0738822 0.0606304 0)
(-0.0813274 0.0630436 0)
(-0.0891264 0.0654287 0)
(-0.0972742 0.0678245 0)
(-0.105752 0.0702585 0)
(-0.114554 0.072726 0)
(-0.123714 0.0752423 0)
(-0.133257 0.0778601 0)
(-0.143207 0.0806301 0)
(-0.153454 0.0835837 0)
(-0.164147 0.086783 0)
(-0.175274 0.0903113 0)
(-0.186753 0.0941729 0)
(-0.198599 0.0983858 0)
(-0.210994 0.10304 0)
(-0.223636 0.108053 0)
(-0.237012 0.113633 0)
(-0.250665 0.119652 0)
(-0.265137 0.126284 0)
(-0.280033 0.133377 0)
(-0.295913 0.141174 0)
(-0.312415 0.149582 0)
(-0.329895 0.158702 0)
(-0.348467 0.168694 0)
(-0.367888 0.179406 0)
(-0.388511 0.190996 0)
(-0.410335 0.203394 0)
(-0.433438 0.216516 0)
(-0.458486 0.231003 0)
(-0.485063 0.246394 0)
(-0.513177 0.262501 0)
(-0.543621 0.280438 0)
(-0.576236 0.299814 0)
(-0.610782 0.319896 0)
(-0.647835 0.341235 0)
(-0.687534 0.36404 0)
(-0.729935 0.38842 0)
(-0.775123 0.414053 0)
(-0.823673 0.440911 0)
(-0.875996 0.469741 0)
(-0.931626 0.500093 0)
(-0.991114 0.531341 0)
(-1.05608 0.566119 0)
(-1.12532 0.604618 0)
(-1.19649 0.642409 0)
(-1.2715 0.679238 0)
(-1.3535 0.719077 0)
(-1.44253 0.762532 0)
(-1.53767 0.808255 0)
(-1.63909 0.855947 0)
(-1.74732 0.905852 0)
(-1.86273 0.957999 0)
(-1.98574 1.01232 0)
(-2.11686 1.06885 0)
(-2.25665 1.12752 0)
(-2.40558 1.18849 0)
(-2.56401 1.25158 0)
(-2.73261 1.31635 0)
(-2.91166 1.38285 0)
(-3.10067 1.45048 0)
(-3.30058 1.51784 0)
(-3.51378 1.58397 0)
(-3.74161 1.64836 0)
(-3.98376 1.71035 0)
(-4.24009 1.76883 0)
(-4.51109 1.82237 0)
(-4.79709 1.86915 0)
(-5.0977 1.907 0)
(-5.41191 1.93296 0)
(-5.73835 1.94318 0)
(-6.07545 1.93272 0)
(-6.42147 1.89627 0)
(-6.77365 1.82936 0)
(-7.12688 1.72767 0)
(-7.47387 1.58614 0)
(-7.80549 1.39981 0)
(-8.111 1.16497 0)
(-8.37642 0.880185 0)
(-2.48878e-05 0.000690754 0)
(-0.000143471 0.00252386 0)
(-0.00045195 0.00466873 0)
(-0.000992567 0.00703762 0)
(-0.00177308 0.00961754 0)
(-0.00281031 0.0123932 0)
(-0.00412238 0.0153546 0)
(-0.00574675 0.0184637 0)
(-0.0076704 0.021719 0)
(-0.00994201 0.0250673 0)
(-0.0125299 0.0285131 0)
(-0.0155044 0.0319934 0)
(-0.0187955 0.0355268 0)
(-0.0224675 0.0390517 0)
(-0.0265084 0.0425513 0)
(-0.0308573 0.046027 0)
(-0.0356793 0.0493996 0)
(-0.0406854 0.0527306 0)
(-0.0462507 0.0559338 0)
(-0.0520466 0.0590854 0)
(-0.0581844 0.0621134 0)
(-0.0646868 0.0650127 0)
(-0.0715436 0.0678335 0)
(-0.0787395 0.070608 0)
(-0.0862686 0.0733538 0)
(-0.0941289 0.0760963 0)
(-0.102316 0.0788596 0)
(-0.110827 0.0816596 0)
(-0.119676 0.0845218 0)
(-0.12888 0.0874993 0)
(-0.138414 0.0906254 0)
(-0.148324 0.0939459 0)
(-0.15858 0.097532 0)
(-0.169262 0.10144 0)
(-0.180258 0.10568 0)
(-0.191696 0.110312 0)
(-0.203532 0.115375 0)
(-0.215791 0.120893 0)
(-0.228578 0.126943 0)
(-0.241822 0.13352 0)
(-0.255726 0.14072 0)
(-0.270161 0.148511 0)
(-0.285447 0.157061 0)
(-0.301368 0.166285 0)
(-0.31828 0.176368 0)
(-0.336116 0.187328 0)
(-0.354857 0.199153 0)
(-0.374881 0.21205 0)
(-0.395964 0.225755 0)
(-0.418401 0.240394 0)
(-0.442728 0.256531 0)
(-0.468268 0.273426 0)
(-0.495545 0.291437 0)
(-0.525285 0.311573 0)
(-0.556579 0.332822 0)
(-0.589999 0.355329 0)
(-0.625876 0.37924 0)
(-0.664345 0.404674 0)
(-0.70551 0.431726 0)
(-0.749515 0.460395 0)
(-0.796686 0.49064 0)
(-0.847292 0.522755 0)
(-0.901392 0.55688 0)
(-0.95939 0.592731 0)
(-1.02193 0.630728 0)
(-1.08836 0.671893 0)
(-1.15785 0.715405 0)
(-1.2318 0.759945 0)
(-1.31218 0.806006 0)
(-1.39906 0.854555 0)
(-1.49182 0.905803 0)
(-1.59069 0.959724 0)
(-1.69628 1.01638 0)
(-1.80904 1.07579 0)
(-1.92941 1.13795 0)
(-2.0579 1.20286 0)
(-2.19506 1.27051 0)
(-2.34143 1.3409 0)
(-2.49752 1.4139 0)
(-2.66389 1.48927 0)
(-2.84109 1.5669 0)
(-3.02957 1.64611 0)
(-3.23026 1.72555 0)
(-3.44461 1.8045 0)
(-3.67368 1.88284 0)
(-3.91802 1.9599 0)
(-4.17818 2.03417 0)
(-4.45493 2.10383 0)
(-4.74889 2.1668 0)
(-5.0603 2.22048 0)
(-5.38902 2.26143 0)
(-5.73457 2.28536 0)
(-6.09598 2.28704 0)
(-6.47167 2.26065 0)
(-6.85892 2.20001 0)
(-7.25306 2.09845 0)
(-7.64704 1.94866 0)
(-8.03111 1.74329 0)
(-8.39278 1.47596 0)
(-8.71525 1.14269 0)
(-2.37821e-05 0.000752771 0)
(-0.00013727 0.00275224 0)
(-0.000433001 0.00509311 0)
(-0.000953283 0.00767725 0)
(-0.00169919 0.0105016 0)
(-0.00269011 0.0135481 0)
(-0.00394382 0.0167931 0)
(-0.00549765 0.0202012 0)
(-0.00734103 0.0237699 0)
(-0.00951101 0.0274511 0)
(-0.0120049 0.0312357 0)
(-0.0148402 0.0350699 0)
(-0.018042 0.0389374 0)
(-0.0215073 0.0428513 0)
(-0.0254638 0.0466662 0)
(-0.0296391 0.050493 0)
(-0.0341816 0.0542613 0)
(-0.0392427 0.0578933 0)
(-0.044502 0.061468 0)
(-0.0500808 0.0649341 0)
(-0.0560035 0.0682813 0)
(-0.062261 0.071526 0)
(-0.0688487 0.0746911 0)
(-0.0757638 0.0777963 0)
(-0.0830007 0.0808629 0)
(-0.0905539 0.0839181 0)
(-0.0984192 0.0869912 0)
(-0.106596 0.0901114 0)
(-0.115082 0.0933114 0)
(-0.123929 0.0966264 0)
(-0.132987 0.100095 0)
(-0.142526 0.103782 0)
(-0.152346 0.107731 0)
(-0.16255 0.112003 0)
(-0.173065 0.116624 0)
(-0.18402 0.121662 0)
(-0.195322 0.127142 0)
(-0.207094 0.133129 0)
(-0.219311 0.139663 0)
(-0.232041 0.146797 0)
(-0.245346 0.15459 0)
(-0.259236 0.163075 0)
(-0.273874 0.172351 0)
(-0.289185 0.182405 0)
(-0.305423 0.193393 0)
(-0.322527 0.205304 0)
(-0.34058 0.218183 0)
(-0.359861 0.232205 0)
(-0.380165 0.247161 0)
(-0.401835 0.263267 0)
(-0.425195 0.280878 0)
(-0.449743 0.299416 0)
(-0.476077 0.319314 0)
(-0.504674 0.341366 0)
(-0.534726 0.364649 0)
(-0.566926 0.389389 0)
(-0.60153 0.415691 0)
(-0.638604 0.44368 0)
(-0.67827 0.473475 0)
(-0.720737 0.505146 0)
(-0.766272 0.538734 0)
(-0.815107 0.57424 0)
(-0.867377 0.611933 0)
(-0.923301 0.651817 0)
(-0.983234 0.694176 0)
(-1.0472 0.739375 0)
(-1.11514 0.786895 0)
(-1.18768 0.836149 0)
(-1.2657 0.88764 0)
(-1.34952 0.942127 0)
(-1.43923 0.999743 0)
(-1.53514 1.06039 0)
(-1.63774 1.12411 0)
(-1.74746 1.191 0)
(-1.86476 1.2611 0)
(-1.99016 1.33445 0)
(-2.12421 1.41107 0)
(-2.26752 1.49096 0)
(-2.42068 1.57404 0)
(-2.58436 1.66015 0)
(-2.75929 1.74901 0)
(-2.94624 1.84017 0)
(-3.14611 1.9329 0)
(-3.36015 2.02659 0)
(-3.58962 2.12064 0)
(-3.83561 2.21412 0)
(-4.0991 2.30558 0)
(-4.38119 2.39322 0)
(-4.68299 2.47482 0)
(-5.00544 2.54749 0)
(-5.34924 2.60754 0)
(-5.7148 2.65032 0)
(-6.10209 2.67007 0)
(-6.51038 2.65997 0)
(-6.93772 2.6121 0)
(-7.38018 2.51747 0)
(-7.83118 2.36602 0)
(-8.28062 2.14719 0)
(-8.7145 1.85078 0)
(-9.1131 1.46892 0)
(-2.29829e-05 0.000806817 0)
(-0.000130329 0.00297935 0)
(-0.000415696 0.00549797 0)
(-0.000913341 0.00829149 0)
(-0.0016183 0.0113472 0)
(-0.00256303 0.0146386 0)
(-0.00374981 0.0181631 0)
(-0.00522993 0.0218563 0)
(-0.00698534 0.025725 0)
(-0.00904292 0.0297344 0)
(-0.0114311 0.0338389 0)
(-0.0141133 0.0380141 0)
(-0.0172123 0.0421958 0)
(-0.020477 0.046484 0)
(-0.024268 0.0506745 0)
(-0.0284207 0.054799 0)
(-0.0327795 0.05891 0)
(-0.0374744 0.0629356 0)
(-0.0425074 0.0668284 0)
(-0.0478695 0.0705966 0)
(-0.0535483 0.0742618 0)
(-0.0595365 0.0778341 0)
(-0.065835 0.0813227 0)
(-0.072443 0.0847449 0)
(-0.0793557 0.0881242 0)
(-0.0865683 0.091488 0)
(-0.0940774 0.0948675 0)
(-0.101883 0.0982937 0)
(-0.109991 0.10181 0)
(-0.118388 0.105435 0)
(-0.127095 0.109218 0)
(-0.136142 0.113239 0)
(-0.145497 0.117536 0)
(-0.155193 0.122154 0)
(-0.165218 0.127138 0)
(-0.175645 0.132553 0)
(-0.186411 0.138438 0)
(-0.197636 0.144866 0)
(-0.209274 0.151876 0)
(-0.221424 0.159538 0)
(-0.234107 0.167906 0)
(-0.247381 0.177039 0)
(-0.261332 0.187009 0)
(-0.275979 0.197858 0)
(-0.291465 0.20969 0)
(-0.307812 0.222534 0)
(-0.325084 0.23644 0)
(-0.343505 0.251564 0)
(-0.362966 0.267793 0)
(-0.383712 0.285287 0)
(-0.406017 0.304331 0)
(-0.429565 0.324523 0)
(-0.454746 0.346133 0)
(-0.482128 0.370037 0)
(-0.51086 0.395282 0)
(-0.541685 0.422165 0)
(-0.574836 0.450804 0)
(-0.610344 0.481302 0)
(-0.648331 0.513771 0)
(-0.689015 0.548327 0)
(-0.73278 0.585226 0)
(-0.779706 0.623871 0)
(-0.829796 0.664989 0)
(-0.883429 0.708667 0)
(-0.940904 0.754951 0)
(-1.00237 0.803995 0)
(-1.06795 0.855749 0)
(-1.13802 0.910107 0)
(-1.21319 0.967281 0)
(-1.29392 1.02759 0)
(-1.38046 1.0912 0)
(-1.4731 1.15818 0)
(-1.57227 1.22868 0)
(-1.67844 1.3028 0)
(-1.7921 1.38066 0)
(-1.91378 1.46234 0)
(-2.04409 1.5479 0)
(-2.18365 1.63737 0)
(-2.33317 1.73072 0)
(-2.4934 1.82784 0)
(-2.66518 1.92855 0)
(-2.84944 2.03252 0)
(-3.04725 2.13928 0)
(-3.25992 2.24821 0)
(-3.48885 2.35866 0)
(-3.73545 2.46973 0)
(-4.00113 2.58014 0)
(-4.28747 2.68813 0)
(-4.59616 2.79144 0)
(-4.9289 2.88709 0)
(-5.28738 2.97122 0)
(-5.67313 3.03882 0)
(-6.08739 3.0836 0)
(-6.53076 3.09768 0)
(-7.00269 3.07158 0)
(-7.50066 2.99387 0)
(-8.01926 2.85123 0)
(-8.54893 2.62871 0)
(-9.07443 2.31062 0)
(-9.57405 1.88313 0)
(-1.90001e-05 0.000867989 0)
(-0.00012292 0.00317137 0)
(-0.000391858 0.00589947 0)
(-0.000878697 0.00886165 0)
(-0.00154955 0.0121399 0)
(-0.00240783 0.0157118 0)
(-0.00358008 0.0194318 0)
(-0.00492287 0.023455 0)
(-0.00660226 0.0275942 0)
(-0.0085931 0.0318787 0)
(-0.0107482 0.0363726 0)
(-0.0134549 0.0408048 0)
(-0.016358 0.0453447 0)
(-0.0195694 0.0499103 0)
(-0.0230921 0.0544734 0)
(-0.0269259 0.0589749 0)
(-0.0310851 0.0633817 0)
(-0.0355643 0.0676875 0)
(-0.0403513 0.0718818 0)
(-0.045441 0.0759664 0)
(-0.0508323 0.079945 0)
(-0.0565223 0.083823 0)
(-0.062508 0.0876105 0)
(-0.0687848 0.0913276 0)
(-0.0753478 0.0949977 0)
(-0.0821926 0.09865 0)
(-0.0893181 0.102316 0)
(-0.0967158 0.10603 0)
(-0.104426 0.109835 0)
(-0.112322 0.113761 0)
(-0.120635 0.117856 0)
(-0.129189 0.122182 0)
(-0.138056 0.126796 0)
(-0.14722 0.131742 0)
(-0.156727 0.137077 0)
(-0.166576 0.142858 0)
(-0.176786 0.149139 0)
(-0.187407 0.15599 0)
(-0.198443 0.163461 0)
(-0.209957 0.171628 0)
(-0.221989 0.180553 0)
(-0.234585 0.190303 0)
(-0.247808 0.200943 0)
(-0.261738 0.212556 0)
(-0.276409 0.225193 0)
(-0.29195 0.238946 0)
(-0.308365 0.253844 0)
(-0.325855 0.270034 0)
(-0.34439 0.287471 0)
(-0.364121 0.306267 0)
(-0.385291 0.32666 0)
(-0.407779 0.348461 0)
(-0.431675 0.371677 0)
(-0.457749 0.397335 0)
(-0.485026 0.424421 0)
(-0.51433 0.453383 0)
(-0.545891 0.48428 0)
(-0.579706 0.517171 0)
(-0.615856 0.552145 0)
(-0.654394 0.589278 0)
(-0.696279 0.6285 0)
(-0.741313 0.670818 0)
(-0.788909 0.715619 0)
(-0.839973 0.762966 0)
(-0.894789 0.813096 0)
(-0.953474 0.866186 0)
(-1.01624 0.922294 0)
(-1.08343 0.981449 0)
(-1.15549 1.04377 0)
(-1.23282 1.10955 0)
(-1.31573 1.17897 0)
(-1.40459 1.25223 0)
(-1.49981 1.32943 0)
(-1.60189 1.41077 0)
(-1.71132 1.49636 0)
(-1.82867 1.58636 0)
(-1.95457 1.68084 0)
(-2.08968 1.77994 0)
(-2.23477 1.88366 0)
(-2.39066 1.99202 0)
(-2.55831 2.1049 0)
(-2.73878 2.22214 0)
(-2.93328 2.34339 0)
(-3.14321 2.46825 0)
(-3.37016 2.5961 0)
(-3.61583 2.72624 0)
(-3.88208 2.85746 0)
(-4.171 2.98823 0)
(-4.48491 3.11633 0)
(-4.82638 3.23894 0)
(-5.19814 3.35215 0)
(-5.60304 3.45097 0)
(-6.04392 3.52862 0)
(-6.5233 3.57659 0)
(-7.04281 3.5837 0)
(-7.60236 3.53626 0)
(-8.19908 3.41693 0)
(-8.82484 3.20559 0)
(-9.46516 2.87925 0)
(-10.0966 2.41465 0)
(-1.88668e-05 0.000891696 0)
(-0.000105875 0.00342932 0)
(-0.000384937 0.00624767 0)
(-0.000811234 0.00945537 0)
(-0.00150176 0.0128446 0)
(-0.00226453 0.0167153 0)
(-0.00338191 0.0206661 0)
(-0.00470708 0.0248958 0)
(-0.00628035 0.0293397 0)
(-0.00813776 0.0339344 0)
(-0.0102771 0.0386574 0)
(-0.0126863 0.0434872 0)
(-0.0153885 0.0483543 0)
(-0.0184059 0.0532255 0)
(-0.0217321 0.0580722 0)
(-0.0253568 0.0628575 0)
(-0.029278 0.067562 0)
(-0.033495 0.072173 0)
(-0.0380042 0.0766774 0)
(-0.0428037 0.0810664 0)
(-0.0478908 0.0853407 0)
(-0.0532614 0.0895071 0)
(-0.0589091 0.0935797 0)
(-0.0648296 0.0975773 0)
(-0.0710181 0.101525 0)
(-0.0774706 0.10545 0)
(-0.0841868 0.109386 0)
(-0.0911549 0.11337 0)
(-0.0984213 0.117443 0)
(-0.105851 0.121646 0)
(-0.113668 0.126034 0)
(-0.121712 0.130655 0)
(-0.130047 0.135567 0)
(-0.138665 0.14082 0)
(-0.147617 0.146482 0)
(-0.156866 0.152605 0)
(-0.166489 0.159262 0)
(-0.176468 0.166512 0)
(-0.186869 0.174425 0)
(-0.197704 0.183071 0)
(-0.209049 0.192529 0)
(-0.220905 0.202855 0)
(-0.233381 0.214146 0)
(-0.246515 0.226468 0)
(-0.26033 0.239876 0)
(-0.275015 0.254498 0)
(-0.290502 0.27034 0)
(-0.306988 0.287538 0)
(-0.324521 0.306128 0)
(-0.343164 0.326165 0)
(-0.363106 0.347841 0)
(-0.384423 0.371171 0)
(-0.406986 0.395961 0)
(-0.431431 0.42302 0)
(-0.457477 0.452217 0)
(-0.485044 0.483074 0)
(-0.514836 0.516076 0)
(-0.546858 0.551267 0)
(-0.581174 0.588699 0)
(-0.618132 0.628454 0)
(-0.657197 0.6705 0)
(-0.698978 0.715832 0)
(-0.744409 0.763854 0)
(-0.793023 0.814635 0)
(-0.845005 0.868442 0)
(-0.900681 0.925423 0)
(-0.960304 0.985707 0)
(-1.02419 1.04939 0)
(-1.09271 1.11667 0)
(-1.16624 1.18774 0)
(-1.24513 1.26286 0)
(-1.32976 1.34218 0)
(-1.42057 1.42592 0)
(-1.51803 1.51425 0)
(-1.62266 1.60741 0)
(-1.73504 1.70554 0)
(-1.8558 1.80886 0)
(-1.98567 1.91751 0)
(-2.12544 2.03163 0)
(-2.27602 2.1513 0)
(-2.43843 2.27657 0)
(-2.61383 2.40739 0)
(-2.80356 2.54362 0)
(-3.00916 2.685 0)
(-3.23238 2.83119 0)
(-3.47522 2.98157 0)
(-3.73993 3.13528 0)
(-4.02911 3.29101 0)
(-4.34572 3.44695 0)
(-4.6932 3.60051 0)
(-5.07541 3.74821 0)
(-5.49677 3.88516 0)
(-5.96203 4.00477 0)
(-6.47629 4.09803 0)
(-7.04414 4.15273 0)
(-7.6695 4.15297 0)
(-8.35333 4.07689 0)
(-9.09091 3.89848 0)
(-9.87402 3.58619 0)
(-10.6698 3.10228 0)
(-2.14452e-05 0.000940311 0)
(-0.000107155 0.00361336 0)
(-0.000356747 0.00660494 0)
(-0.000775218 0.00994115 0)
(-0.00137683 0.0136056 0)
(-0.00217416 0.0175776 0)
(-0.00317156 0.0218292 0)
(-0.00439516 0.0263248 0)
(-0.00586461 0.0310254 0)
(-0.00759246 0.0358906 0)
(-0.0095849 0.0408951 0)
(-0.0118468 0.045989 0)
(-0.0143868 0.0511255 0)
(-0.0172089 0.0562748 0)
(-0.0203124 0.0614088 0)
(-0.0236953 0.0664931 0)
(-0.0273587 0.0714982 0)
(-0.0313031 0.0764023 0)
(-0.0355267 0.0811918 0)
(-0.0400248 0.0858591 0)
(-0.0447924 0.0904068 0)
(-0.0498233 0.0948424 0)
(-0.0551122 0.0991801 0)
(-0.0606536 0.103438 0)
(-0.0664436 0.107641 0)
(-0.0724772 0.111819 0)
(-0.0787552 0.116007 0)
(-0.0852657 0.120241 0)
(-0.0920525 0.124566 0)
(-0.0989929 0.129025 0)
(-0.106282 0.133678 0)
(-0.113795 0.138572 0)
(-0.121553 0.143762 0)
(-0.129601 0.149311 0)
(-0.137943 0.15528 0)
(-0.146574 0.16173 0)
(-0.155558 0.168741 0)
(-0.164865 0.176368 0)
(-0.174582 0.1847 0)
(-0.184705 0.193803 0)
(-0.19529 0.203756 0)
(-0.206384 0.214638 0)
(-0.21805 0.22654 0)
(-0.230307 0.239518 0)
(-0.243273 0.253685 0)
(-0.256981 0.269103 0)
(-0.271501 0.285845 0)
(-0.286929 0.304006 0)
(-0.303366 0.323674 0)
(-0.320854 0.344888 0)
(-0.339499 0.367774 0)
(-0.359505 0.392492 0)
(-0.380748 0.418873 0)
(-0.403462 0.447237 0)
(-0.42806 0.478253 0)
(-0.453859 0.510978 0)
(-0.48172 0.545994 0)
(-0.511749 0.58337 0)
(-0.543932 0.623182 0)
(-0.578401 0.665596 0)
(-0.615221 0.710941 0)
(-0.654727 0.758653 0)
(-0.697263 0.809439 0)
(-0.742862 0.86344 0)
(-0.791726 0.920727 0)
(-0.844104 0.98144 0)
(-0.900254 1.04575 0)
(-0.960468 1.11379 0)
(-1.02508 1.18578 0)
(-1.09444 1.26193 0)
(-1.16892 1.34247 0)
(-1.24889 1.42763 0)
(-1.33478 1.51766 0)
(-1.42707 1.61279 0)
(-1.52628 1.7133 0)
(-1.63301 1.8194 0)
(-1.7479 1.93139 0)
(-1.87168 2.04946 0)
(-2.00521 2.17389 0)
(-2.14941 2.30485 0)
(-2.30538 2.44256 0)
(-2.47435 2.5871 0)
(-2.65774 2.73856 0)
(-2.85721 2.8969 0)
(-3.07469 3.06202 0)
(-3.3124 3.23361 0)
(-3.57295 3.4112 0)
(-3.85935 3.59385 0)
(-4.17521 3.78033 0)
(-4.52479 3.9686 0)
(-4.91313 4.15588 0)
(-5.34622 4.33791 0)
(-5.83105 4.50886 0)
(-6.37575 4.66002 0)
(-6.98886 4.77922 0)
(-7.68038 4.84929 0)
(-8.45564 4.84336 0)
(-9.32183 4.73167 0)
(-10.2733 4.46125 0)
(-11.2633 3.99356 0)
(-2.29936e-05 0.000987255 0)
(-0.000105136 0.00379135 0)
(-0.00033041 0.00692949 0)
(-0.000715015 0.0104327 0)
(-0.00126664 0.0142811 0)
(-0.00199768 0.0184574 0)
(-0.0029231 0.0229205 0)
(-0.00406306 0.0276335 0)
(-0.00543135 0.032562 0)
(-0.00703553 0.0376709 0)
(-0.00888195 0.0429229 0)
(-0.0109764 0.0482758 0)
(-0.0133243 0.0536884 0)
(-0.0159322 0.0591214 0)
(-0.0188046 0.0645363 0)
(-0.0219424 0.0698974 0)
(-0.0253443 0.0751746 0)
(-0.0290085 0.0803472 0)
(-0.0329315 0.0854014 0)
(-0.0371085 0.0903313 0)
(-0.0415338 0.0951364 0)
(-0.046202 0.0998244 0)
(-0.0511076 0.104408 0)
(-0.0562454 0.108907 0)
(-0.0616113 0.113346 0)
(-0.0672009 0.117757 0)
(-0.0730151 0.122175 0)
(-0.0790437 0.126641 0)
(-0.0853232 0.131197 0)
(-0.091747 0.135892 0)
(-0.0984943 0.140788 0)
(-0.10544 0.145932 0)
(-0.112611 0.151381 0)
(-0.120061 0.157202 0)
(-0.127759 0.163454 0)
(-0.135759 0.170215 0)
(-0.14405 0.177549 0)
(-0.152669 0.185535 0)
(-0.161658 0.194255 0)
(-0.171021 0.203781 0)
(-0.180819 0.214203 0)
(-0.191105 0.225608 0)
(-0.201882 0.238067 0)
(-0.213261 0.251686 0)
(-0.225283 0.266546 0)
(-0.237953 0.282708 0)
(-0.25147 0.30031 0)
(-0.265762 0.319376 0)
(-0.281007 0.340034 0)
(-0.297279 0.362363 0)
(-0.314588 0.386409 0)
(-0.333134 0.412365 0)
(-0.352992 0.440261 0)
(-0.373986 0.469948 0)
(-0.396866 0.502465 0)
(-0.420946 0.537108 0)
(-0.44666 0.5739 0)
(-0.474545 0.613332 0)
(-0.50447 0.655366 0)
(-0.536489 0.70012 0)
(-0.570799 0.747727 0)
(-0.607614 0.798261 0)
(-0.647155 0.851989 0)
(-0.689593 0.909077 0)
(-0.735109 0.969662 0)
(-0.783932 1.03393 0)
(-0.836311 1.10204 0)
(-0.892523 1.17421 0)
(-0.952875 1.25063 0)
(-1.0177 1.33156 0)
(-1.08735 1.41726 0)
(-1.1622 1.508 0)
(-1.24268 1.60404 0)
(-1.32925 1.7057 0)
(-1.42243 1.81327 0)
(-1.52282 1.92709 0)
(-1.63107 2.04745 0)
(-1.74792 2.17474 0)
(-1.87421 2.30925 0)
(-2.01092 2.45135 0)
(-2.15917 2.60135 0)
(-2.32021 2.75958 0)
(-2.49555 2.92629 0)
(-2.68694 3.10176 0)
(-2.89641 3.28615 0)
(-3.12635 3.47959 0)
(-3.37961 3.68195 0)
(-3.65958 3.89302 0)
(-3.97035 4.11214 0)
(-4.3169 4.33826 0)
(-4.70536 4.56955 0)
(-5.14316 4.80311 0)
(-5.63968 5.03453 0)
(-6.20595 5.25633 0)
(-6.85613 5.45863 0)
(-7.60636 5.62271 0)
(-8.47168 5.72484 0)
(-9.48322 5.72811 0)
(-10.6003 5.53786 0)
(-11.8649 5.18051 0)
(-2.94849e-05 0.0010353 0)
(-0.000112838 0.00395986 0)
(-0.000311662 0.00722595 0)
(-0.000656685 0.0108723 0)
(-0.00115841 0.0148902 0)
(-0.00182753 0.0192471 0)
(-0.00267773 0.0239038 0)
(-0.00372252 0.0288255 0)
(-0.00497303 0.0339778 0)
(-0.00643821 0.0393221 0)
(-0.00812618 0.0448163 0)
(-0.0100438 0.0504169 0)
(-0.0121972 0.0560804 0)
(-0.0145921 0.0617641 0)
(-0.0172318 0.0674292 0)
(-0.0201167 0.0730408 0)
(-0.0232446 0.0785688 0)
(-0.0266127 0.0839903 0)
(-0.030217 0.0892901 0)
(-0.0340529 0.0944601 0)
(-0.038115 0.0995001 0)
(-0.0423982 0.104417 0)
(-0.0468974 0.109224 0)
(-0.0516081 0.113942 0)
(-0.0565267 0.118597 0)
(-0.0616493 0.123222 0)
(-0.0669768 0.127852 0)
(-0.0725007 0.13253 0)
(-0.0782496 0.137298 0)
(-0.0841346 0.142209 0)
(-0.0903174 0.147329 0)
(-0.0966659 0.152701 0)
(-0.103239 0.158389 0)
(-0.110053 0.164459 0)
(-0.117098 0.170975 0)
(-0.124431 0.178019 0)
(-0.132001 0.185653 0)
(-0.139917 0.193974 0)
(-0.148125 0.203048 0)
(-0.156705 0.212969 0)
(-0.165695 0.22383 0)
(-0.175083 0.235703 0)
(-0.184991 0.2487 0)
(-0.19541 0.262901 0)
(-0.206405 0.27839 0)
(-0.218073 0.295281 0)
(-0.230424 0.31364 0)
(-0.243577 0.333571 0)
(-0.257555 0.355149 0)
(-0.272512 0.378499 0)
(-0.288449 0.403657 0)
(-0.305441 0.430733 0)
(-0.323758 0.459971 0)
(-0.343153 0.491126 0)
(-0.363906 0.524613 0)
(-0.386372 0.561186 0)
(-0.409931 0.599773 0)
(-0.43544 0.641039 0)
(-0.462941 0.685081 0)
(-0.492436 0.731973 0)
(-0.52404 0.781884 0)
(-0.557921 0.834971 0)
(-0.594321 0.891405 0)
(-0.633402 0.951367 0)
(-0.675343 1.01504 0)
(-0.72036 1.08262 0)
(-0.768689 1.15431 0)
(-0.820587 1.23033 0)
(-0.87634 1.31092 0)
(-0.93626 1.39635 0)
(-1.00068 1.48691 0)
(-1.06998 1.5829 0)
(-1.14456 1.68464 0)
(-1.22486 1.79248 0)
(-1.31142 1.90679 0)
(-1.40478 2.02795 0)
(-1.50561 2.15637 0)
(-1.61464 2.29249 0)
(-1.73271 2.43676 0)
(-1.86078 2.58965 0)
(-1.99997 2.75166 0)
(-2.15157 2.92328 0)
(-2.31709 3.10504 0)
(-2.49831 3.29748 0)
(-2.69731 3.50112 0)
(-2.91658 3.71647 0)
(-3.15907 3.94402 0)
(-3.42839 4.18417 0)
(-3.72896 4.43721 0)
(-4.06625 4.70318 0)
(-4.4472 4.98182 0)
(-4.88035 5.27195 0)
(-5.37754 5.5719 0)
(-5.95152 5.87602 0)
(-6.62548 6.18073 0)
(-7.41333 6.46148 0)
(-8.37013 6.72672 0)
(-9.50316 6.86576 0)
(-10.7623 6.84503 0)
(-12.5099 6.79203 0)
(-2.74306e-05 0.00111925 0)
(-0.00012832 0.0040674 0)
(-0.000314415 0.00748847 0)
(-0.000612038 0.0112795 0)
(-0.00105224 0.0154494 0)
(-0.00165234 0.0199704 0)
(-0.00241977 0.024807 0)
(-0.00336299 0.0299224 0)
(-0.00449216 0.0352773 0)
(-0.00581644 0.0408298 0)
(-0.00734366 0.0465369 0)
(-0.00908063 0.0523565 0)
(-0.0110333 0.0582452 0)
(-0.0132064 0.0641601 0)
(-0.0156021 0.0700597 0)
(-0.0182201 0.0759059 0)
(-0.0210581 0.0816665 0)
(-0.0241127 0.0873166 0)
(-0.0273801 0.0928397 0)
(-0.0308561 0.0982279 0)
(-0.0345359 0.103481 0)
(-0.038415 0.108606 0)
(-0.042489 0.113617 0)
(-0.0467537 0.118534 0)
(-0.0512058 0.123386 0)
(-0.055842 0.128204 0)
(-0.0606629 0.133027 0)
(-0.0656635 0.137898 0)
(-0.0708585 0.142857 0)
(-0.0761905 0.147963 0)
(-0.0817801 0.153285 0)
(-0.0875141 0.158865 0)
(-0.0934713 0.164771 0)
(-0.0996149 0.171063 0)
(-0.106007 0.177824 0)
(-0.112617 0.18512 0)
(-0.119475 0.193033 0)
(-0.126636 0.201654 0)
(-0.134037 0.211049 0)
(-0.141837 0.221341 0)
(-0.149922 0.232585 0)
(-0.158448 0.244903 0)
(-0.167405 0.258384 0)
(-0.176811 0.273107 0)
(-0.186792 0.289198 0)
(-0.197338 0.306731 0)
(-0.208508 0.325796 0)
(-0.220451 0.346526 0)
(-0.233112 0.368955 0)
(-0.24665 0.393223 0)
(-0.261161 0.419426 0)
(-0.276586 0.447578 0)
(-0.293164 0.477917 0)
(-0.310961 0.510525 0)
(-0.329673 0.545108 0)
(-0.350215 0.583125 0)
(-0.371569 0.62336 0)
(-0.39456 0.666264 0)
(-0.419549 0.712202 0)
(-0.446375 0.761113 0)
(-0.475084 0.81318 0)
(-0.505881 0.868564 0)
(-0.538969 0.927464 0)
(-0.574505 0.99008 0)
(-0.612661 1.0566 0)
(-0.653636 1.12725 0)
(-0.697652 1.20224 0)
(-0.744946 1.28183 0)
(-0.795781 1.36628 0)
(-0.850448 1.45587 0)
(-0.909265 1.55094 0)
(-0.972578 1.65182 0)
(-1.04078 1.75887 0)
(-1.11429 1.8725 0)
(-1.19361 1.99312 0)
(-1.27928 2.1212 0)
(-1.37192 2.25722 0)
(-1.47226 2.40171 0)
(-1.5811 2.55525 0)
(-1.69939 2.71845 0)
(-1.82819 2.89194 0)
(-1.9688 3.07646 0)
(-2.12269 3.27276 0)
(-2.2916 3.48167 0)
(-2.47759 3.70405 0)
(-2.68311 3.9409 0)
(-2.91113 4.19326 0)
(-3.16525 4.46231 0)
(-3.44996 4.74931 0)
(-3.77082 5.05569 0)
(-4.13522 5.38298 0)
(-4.55205 5.73262 0)
(-5.03553 6.10645 0)
(-5.59784 6.50339 0)
(-6.27654 6.92779 0)
(-7.06403 7.35491 0)
(-8.11907 7.8439 0)
(-9.2231 8.07061 0)
(-10.8243 8.46206 0)
(-13.0542 8.96353 0)
(-1.81569e-05 0.00122164 0)
(-0.000109564 0.00422357 0)
(-0.000288238 0.00769843 0)
(-0.000558677 0.0116109 0)
(-0.000950323 0.0159305 0)
(-0.00148083 0.0206125 0)
(-0.00215875 0.0256159 0)
(-0.00299386 0.030903 0)
(-0.00399642 0.0364359 0)
(-0.00517531 0.0421748 0)
(-0.0065377 0.048078 0)
(-0.00808958 0.0541018 0)
(-0.00983543 0.0602006 0)
(-0.0117783 0.0663278 0)
(-0.0139192 0.072439 0)
(-0.0162574 0.0784943 0)
(-0.0187908 0.0844606 0)
(-0.0215167 0.0903125 0)
(-0.0244318 0.0960336 0)
(-0.0275322 0.101616 0)
(-0.0308139 0.107059 0)
(-0.0342729 0.112369 0)
(-0.0379052 0.117562 0)
(-0.0417071 0.122658 0)
(-0.0456756 0.127685 0)
(-0.0498082 0.132677 0)
(-0.0541034 0.137672 0)
(-0.0585666 0.142717 0)
(-0.0631731 0.147848 0)
(-0.0679612 0.153129 0)
(-0.0729136 0.158628 0)
(-0.0780365 0.164396 0)
(-0.083335 0.170497 0)
(-0.0888019 0.176991 0)
(-0.094514 0.183971 0)
(-0.100365 0.191491 0)
(-0.106524 0.199662 0)
(-0.112843 0.20854 0)
(-0.11949 0.218242 0)
(-0.126403 0.228849 0)
(-0.133606 0.240447 0)
(-0.141237 0.25317 0)
(-0.149152 0.267066 0)
(-0.157599 0.282288 0)
(-0.166446 0.298899 0)
(-0.175845 0.317012 0)
(-0.185845 0.336744 0)
(-0.196412 0.358146 0)
(-0.207789 0.381395 0)
(-0.219817 0.406485 0)
(-0.232781 0.433613 0)
(-0.246645 0.462809 0)
(-0.261391 0.494121 0)
(-0.277407 0.527937 0)
(-0.294264 0.563849 0)
(-0.312321 0.602408 0)
(-0.331851 0.64465 0)
(-0.352278 0.689178 0)
(-0.37447 0.736711 0)
(-0.398448 0.787404 0)
(-0.424146 0.841393 0)
(-0.451708 0.89886 0)
(-0.481317 0.960009 0)
(-0.51313 1.02504 0)
(-0.547305 1.09415 0)
(-0.584022 1.16758 0)
(-0.62348 1.24558 0)
(-0.665897 1.32842 0)
(-0.711514 1.41638 0)
(-0.760596 1.50979 0)
(-0.813439 1.60898 0)
(-0.870367 1.71435 0)
(-0.931735 1.82628 0)
(-0.997948 1.94523 0)
(-1.06946 2.07168 0)
(-1.14679 2.20616 0)
(-1.23052 2.34923 0)
(-1.32132 2.50152 0)
(-1.41997 2.66371 0)
(-1.52735 2.83654 0)
(-1.64448 3.02082 0)
(-1.77258 3.21749 0)
(-1.91306 3.42751 0)
(-2.06754 3.65199 0)
(-2.23799 3.89217 0)
(-2.42672 4.14946 0)
(-2.63654 4.42549 0)
(-2.87085 4.72217 0)
(-3.13386 5.04178 0)
(-3.43077 5.38711 0)
(-3.76864 5.76163 0)
(-4.15563 6.16989 0)
(-4.607 6.61762 0)
(-5.13166 7.11257 0)
(-5.78316 7.66442 0)
(-6.51988 8.27912 0)
(-7.63143 9.00912 0)
(-8.57608 9.51353 0)
(-10.8043 10.585 0)
(-12.7459 11.5065 0)
(-1.31062e-05 0.0012555 0)
(-7.60814e-05 0.00434283 0)
(-0.000228376 0.0079233 0)
(-0.000477814 0.0119427 0)
(-0.000830645 0.016372 0)
(-0.00129652 0.0211767 0)
(-0.00188799 0.0263188 0)
(-0.00261687 0.031759 0)
(-0.0034934 0.0374565 0)
(-0.0045258 0.043368 0)
(-0.00572013 0.0494491 0)
(-0.00708064 0.0556537 0)
(-0.00861054 0.0619352 0)
(-0.0103119 0.0682459 0)
(-0.0121853 0.0745409 0)
(-0.0142305 0.0807792 0)
(-0.0164466 0.0869267 0)
(-0.018831 0.0929576 0)
(-0.0213807 0.0988548 0)
(-0.0240925 0.10461 0)
(-0.0269628 0.110221 0)
(-0.029988 0.115696 0)
(-0.0331646 0.12105 0)
(-0.0364894 0.126304 0)
(-0.0399595 0.131486 0)
(-0.0435737 0.136632 0)
(-0.0473268 0.141778 0)
(-0.0512404 0.146975 0)
(-0.0552354 0.152261 0)
(-0.0594693 0.157698 0)
(-0.0637584 0.163352 0)
(-0.0682674 0.16928 0)
(-0.0728749 0.175553 0)
(-0.0776636 0.182227 0)
(-0.0826546 0.1894 0)
(-0.0877458 0.197118 0)
(-0.0931699 0.205516 0)
(-0.098623 0.214621 0)
(-0.10452 0.224599 0)
(-0.110456 0.235471 0)
(-0.116855 0.247406 0)
(-0.123429 0.260456 0)
(-0.130411 0.274747 0)
(-0.137751 0.290386 0)
(-0.145493 0.307462 0)
(-0.153713 0.326101 0)
(-0.162413 0.346385 0)
(-0.171701 0.368449 0)
(-0.181574 0.392359 0)
(-0.192156 0.418244 0)
(-0.203441 0.446174 0)
(-0.215658 0.476314 0)
(-0.228603 0.508587 0)
(-0.242593 0.543287 0)
(-0.257691 0.58059 0)
(-0.273403 0.619927 0)
(-0.290762 0.663444 0)
(-0.308493 0.709246 0)
(-0.327833 0.758288 0)
(-0.348884 0.810694 0)
(-0.371461 0.866447 0)
(-0.39564 0.925751 0)
(-0.421614 0.988875 0)
(-0.44954 1.05605 0)
(-0.479548 1.12748 0)
(-0.511796 1.20341 0)
(-0.546465 1.2841 0)
(-0.583757 1.36984 0)
(-0.623883 1.46095 0)
(-0.667081 1.55777 0)
(-0.71362 1.66068 0)
(-0.763785 1.77007 0)
(-0.817905 1.8864 0)
(-0.876344 2.01016 0)
(-0.939516 2.14189 0)
(-1.00789 2.28217 0)
(-1.08201 2.43165 0)
(-1.16249 2.59104 0)
(-1.25002 2.76113 0)
(-1.34544 2.94278 0)
(-1.44966 3.13695 0)
(-1.56383 3.34478 0)
(-1.6892 3.56741 0)
(-1.82727 3.80622 0)
(-1.97979 4.06277 0)
(-2.14889 4.33888 0)
(-2.33705 4.63668 0)
(-2.54726 4.9587 0)
(-2.78311 5.30806 0)
(-3.04896 5.68869 0)
(-3.35056 6.10569 0)
(-3.69436 6.56631 0)
(-4.09253 7.07971 0)
(-4.55049 7.663 0)
(-5.11955 8.33037 0)
(-5.74192 9.13898 0)
(-6.78015 10.0694 0)
(-7.47167 11.301 0)
(-10.2597 12.7576 0)
(-10.6269 14.7665 0)
(-9.96634e-06 0.00128856 0)
(-5.91599e-05 0.00445087 0)
(-0.000186616 0.00810691 0)
(-0.000398142 0.0122158 0)
(-0.000698291 0.0167501 0)
(-0.00109722 0.0216704 0)
(-0.00160542 0.0269363 0)
(-0.00223134 0.0325086 0)
(-0.00298237 0.0383451 0)
(-0.00386488 0.0444018 0)
(-0.00488422 0.0506333 0)
(-0.00604453 0.0569925 0)
(-0.00734897 0.0634316 0)
(-0.00879943 0.0699017 0)
(-0.0103968 0.0763568 0)
(-0.0121412 0.0827543 0)
(-0.0140313 0.0890593 0)
(-0.016065 0.0952454 0)
(-0.0182396 0.101294 0)
(-0.0205524 0.107197 0)
(-0.0230003 0.112954 0)
(-0.0255803 0.118571 0)
(-0.0282892 0.124063 0)
(-0.0311246 0.129453 0)
(-0.0340835 0.134769 0)
(-0.0371666 0.140046 0)
(-0.0403628 0.145323 0)
(-0.0437138 0.150651 0)
(-0.0470831 0.156068 0)
(-0.0507466 0.161642 0)
(-0.0543494 0.167432 0)
(-0.058236 0.173498 0)
(-0.0621341 0.179917 0)
(-0.0662327 0.186742 0)
(-0.0704842 0.194082 0)
(-0.0748013 0.201972 0)
(-0.0794618 0.210566 0)
(-0.0840431 0.219868 0)
(-0.0891533 0.230082 0)
(-0.0941018 0.241184 0)
(-0.0996728 0.25341 0)
(-0.105157 0.266737 0)
(-0.111198 0.281377 0)
(-0.117388 0.29737 0)
(-0.124015 0.314854 0)
(-0.130979 0.333931 0)
(-0.138414 0.354719 0)
(-0.146298 0.377316 0)
(-0.154662 0.401816 0)
(-0.163739 0.428401 0)
(-0.173302 0.457052 0)
(-0.183677 0.487963 0)
(-0.194884 0.521209 0)
(-0.206742 0.5567 0)
(-0.219884 0.59505 0)
(-0.233437 0.6354 0)
(-0.248185 0.679082 0)
(-0.263738 0.726941 0)
(-0.280019 0.777188 0)
(-0.29787 0.830801 0)
(-0.317215 0.888061 0)
(-0.337925 0.949043 0)
(-0.360111 1.01391 0)
(-0.383961 1.08294 0)
(-0.409627 1.15636 0)
(-0.437239 1.23447 0)
(-0.46694 1.31751 0)
(-0.498894 1.40581 0)
(-0.533288 1.49968 0)
(-0.57033 1.59949 0)
(-0.610254 1.70564 0)
(-0.653316 1.81857 0)
(-0.699798 1.93877 0)
(-0.750026 2.06676 0)
(-0.804365 2.20313 0)
(-0.863234 2.34854 0)
(-0.927105 2.50368 0)
(-0.996525 2.66936 0)
(-1.07212 2.84646 0)
(-1.1546 3.03596 0)
(-1.24482 3.23895 0)
(-1.34373 3.4567 0)
(-1.45245 3.69054 0)
(-1.57229 3.94212 0)
(-1.70479 4.21322 0)
(-1.85175 4.50604 0)
(-2.01522 4.82301 0)
(-2.19762 5.16717 0)
(-2.40175 5.54214 0)
(-2.63086 5.95264 0)
(-2.88866 6.4046 0)
(-3.17949 6.90648 0)
(-3.50784 7.46924 0)
(-3.87979 8.11244 0)
(-4.3001 8.85648 0)
(-4.77779 9.76994 0)
(-5.36923 10.8353 0)
(-5.83266 12.4338 0)
(-8.10303 14.202 0)
(-6.8837 18.1296 0)
(-6.30775 -0.0586681 0)
(-6.2256 -0.0778707 0)
(-6.10866 -0.093159 0)
(-5.96237 -0.102697 0)
(-5.79402 -0.105776 0)
(-5.61219 -0.101728 0)
(-5.42799 -0.0886392 0)
(-5.25763 -0.0534253 0)
(-5.12105 -0.0518258 0)
(-4.99741 0.0235403 0)
(-4.98457 0.0325493 0)
(-5.0079 0.0885242 0)
(-5.10841 0.159376 0)
(-5.30545 0.209846 0)
(-5.58622 0.253111 0)
(-5.93139 0.260913 0)
(-6.32784 0.268748 0)
(-6.75142 0.257656 0)
(-7.17086 0.217767 0)
(-7.51348 0.154493 0)
(-7.81351 0.0422697 0)
(-7.87742 -0.125591 0)
(-7.69101 -0.345963 0)
(-7.18652 -0.612685 0)
(-6.28227 -0.921321 0)
(-4.90623 -1.26919 0)
(-3.00256 -1.63887 0)
(-0.540159 -2.01051 0)
(2.54712 -2.33523 0)
(6.14418 -2.58543 0)
(-7.01321 -0.073357 0)
(-7.00971 -0.126317 0)
(-6.96944 -0.175389 0)
(-6.8936 -0.217543 0)
(-6.78462 -0.249929 0)
(-6.64753 -0.268776 0)
(-6.4895 -0.270644 0)
(-6.31855 -0.252142 0)
(-6.14641 -0.210661 0)
(-5.98985 -0.14585 0)
(-5.85389 -0.0547368 0)
(-5.76715 0.050922 0)
(-5.73428 0.165517 0)
(-5.77266 0.295198 0)
(-5.87655 0.373158 0)
(-6.03827 0.484339 0)
(-6.25817 0.556316 0)
(-6.51815 0.582283 0)
(-6.79245 0.552851 0)
(-7.04775 0.455142 0)
(-7.24585 0.274614 0)
(-7.34957 -0.00416879 0)
(-7.32393 -0.383027 0)
(-7.12459 -0.859889 0)
(-6.70586 -1.43219 0)
(-6.01842 -2.0935 0)
(-5.05446 -2.82974 0)
(-3.71659 -3.61747 0)
(-2.08597 -4.41308 0)
(-0.128351 -5.14919 0)
(-7.4112 -0.0264544 0)
(-7.45463 -0.117349 0)
(-7.45922 -0.203953 0)
(-7.42172 -0.282549 0)
(-7.33979 -0.348956 0)
(-7.22187 -0.397176 0)
(-7.06763 -0.421028 0)
(-6.88999 -0.413898 0)
(-6.69547 -0.374981 0)
(-6.49841 -0.299195 0)
(-6.31342 -0.189851 0)
(-6.15625 -0.0493365 0)
(-6.04431 0.115368 0)
(-5.97323 0.298234 0)
(-5.95933 0.489996 0)
(-6.02665 0.629917 0)
(-6.14901 0.752113 0)
(-6.31804 0.797715 0)
(-6.52455 0.766936 0)
(-6.75133 0.647706 0)
(-6.97228 0.418805 0)
(-7.16327 0.0589715 0)
(-7.30296 -0.438043 0)
(-7.36787 -1.06663 0)
(-7.332 -1.81992 0)
(-7.1719 -2.68504 0)
(-6.87418 -3.641 0)
(-6.43022 -4.65006 0)
(-5.83434 -5.64681 0)
(-5.05213 -6.59153 0)
(-7.64385 0.0573151 0)
(-7.72122 -0.0796292 0)
(-7.73619 -0.215216 0)
(-7.69711 -0.340586 0)
(-7.61892 -0.453928 0)
(-7.47891 -0.540783 0)
(-7.31039 -0.601685 0)
(-7.09286 -0.616323 0)
(-6.86738 -0.590522 0)
(-6.62835 -0.517247 0)
(-6.40127 -0.369137 0)
(-6.21459 -0.199668 0)
(-6.0481 0.0101986 0)
(-5.94015 0.252988 0)
(-5.91983 0.475888 0)
(-5.96203 0.692057 0)
(-6.08117 0.869277 0)
(-6.27603 0.960518 0)
(-6.52976 0.995509 0)
(-6.81958 0.878932 0)
(-7.13438 0.636356 0)
(-7.45527 0.268191 0)
(-7.75073 -0.258591 0)
(-7.99773 -0.946362 0)
(-8.18103 -1.77677 0)
(-8.2863 -2.73196 0)
(-8.30253 -3.78494 0)
(-8.22725 -4.89163 0)
(-8.05305 -6.00511 0)
(-7.76569 -7.05896 0)
(-7.81047 0.151163 0)
(-7.88514 -0.0303046 0)
(-7.92274 -0.221649 0)
(-7.88095 -0.402712 0)
(-7.78742 -0.569784 0)
(-7.6311 -0.708624 0)
(-7.42378 -0.810042 0)
(-7.17193 -0.860067 0)
(-6.8849 -0.844631 0)
(-6.60052 -0.771594 0)
(-6.30981 -0.614962 0)
(-6.05851 -0.400009 0)
(-5.86961 -0.142875 0)
(-5.7399 0.171837 0)
(-5.70747 0.49744 0)
(-5.78608 0.788429 0)
(-5.95336 1.05568 0)
(-6.21439 1.24252 0)
(-6.56476 1.30425 0)
(-6.97625 1.24885 0)
(-7.41392 1.05859 0)
(-7.90142 0.656365 0)
(-8.37433 0.095503 0)
(-8.79085 -0.64403 0)
(-9.12174 -1.54626 0)
(-9.37418 -2.57497 0)
(-9.5592 -3.70248 0)
(-9.64686 -4.89265 0)
(-9.6248 -6.09876 0)
(-9.49111 -7.27575 0)
(-8.0108 0.263844 0)
(-8.09821 0.0268702 0)
(-8.13745 -0.225038 0)
(-8.08758 -0.47215 0)
(-7.97443 -0.706633 0)
(-7.78432 -0.908469 0)
(-7.52809 -1.06376 0)
(-7.21578 -1.15531 0)
(-6.859 -1.16363 0)
(-6.49336 -1.09017 0)
(-6.1288 -0.911738 0)
(-5.80596 -0.641166 0)
(-5.56413 -0.311328 0)
(-5.40696 0.0917666 0)
(-5.36619 0.534694 0)
(-5.47275 0.946601 0)
(-5.71524 1.3071 0)
(-6.07446 1.5958 0)
(-6.54771 1.75557 0)
(-7.11462 1.7302 0)
(-7.72168 1.55792 0)
(-8.34183 1.2303 0)
(-8.98212 0.610225 0)
(-9.61192 -0.196815 0)
(-10.1344 -1.18192 0)
(-10.5375 -2.30642 0)
(-10.8209 -3.53445 0)
(-10.9746 -4.83411 0)
(-10.9906 -6.16047 0)
(-10.8641 -7.46737 0)
(-8.27059 0.391142 0)
(-8.3758 0.0897929 0)
(-8.42299 -0.235951 0)
(-8.36573 -0.562846 0)
(-8.22689 -0.878081 0)
(-7.99642 -1.15951 0)
(-7.6784 -1.38491 0)
(-7.28582 -1.5309 0)
(-6.83526 -1.5724 0)
(-6.36458 -1.50465 0)
(-5.89416 -1.29926 0)
(-5.47189 -0.961226 0)
(-5.15088 -0.537015 0)
(-4.94562 -0.0182458 0)
(-4.88853 0.575201 0)
(-5.02042 1.15138 0)
(-5.34211 1.65536 0)
(-5.82637 2.07443 0)
(-6.45459 2.36046 0)
(-7.20496 2.41526 0)
(-8.02007 2.2485 0)
(-8.84296 1.95748 0)
(-9.66453 1.37977 0)
(-10.4984 0.449281 0)
(-11.2209 -0.635597 0)
(-11.7687 -1.89251 0)
(-12.1506 -3.27118 0)
(-12.3615 -4.72689 0)
(-12.3918 -6.21348 0)
(-12.2382 -7.68427 0)
(-8.58895 0.546593 0)
(-8.72334 0.171792 0)
(-8.78782 -0.240811 0)
(-8.73068 -0.665264 0)
(-8.5677 -1.08123 0)
(-8.2909 -1.46301 0)
(-7.90092 -1.7814 0)
(-7.40794 -2.00088 0)
(-6.83687 -2.09162 0)
(-6.22698 -2.03734 0)
(-5.6133 -1.80264 0)
(-5.05529 -1.38433 0)
(-4.61834 -0.836977 0)
(-4.3341 -0.165065 0)
(-4.24497 0.62086 0)
(-4.39952 1.41703 0)
(-4.80864 2.12331 0)
(-5.44501 2.71198 0)
(-6.27423 3.15354 0)
(-7.25333 3.31984 0)
(-8.31983 3.15836 0)
(-9.40604 2.86424 0)
(-10.4237 2.34555 0)
(-11.4576 1.30737 0)
(-12.426 0.0777029 0)
(-13.1526 -1.36384 0)
(-13.646 -2.93847 0)
(-13.9164 -4.59118 0)
(-13.9568 -6.27987 0)
(-13.7679 -7.95533 0)
(-8.98171 0.742413 0)
(-9.16158 0.282287 0)
(-9.25565 -0.234226 0)
(-9.2099 -0.780026 0)
(-9.02477 -1.32275 0)
(-8.69698 -1.83358 0)
(-8.22347 -2.27679 0)
(-7.60725 -2.59821 0)
(-6.88158 -2.76225 0)
(-6.0877 -2.7365 0)
(-5.27717 -2.46663 0)
(-4.53433 -1.95618 0)
(-3.93334 -1.25928 0)
(-3.52487 -0.381406 0)
(-3.37669 0.656193 0)
(-3.54803 1.73439 0)
(-4.05475 2.71629 0)
(-4.87307 3.53985 0)
(-5.95896 4.18086 0)
(-7.24007 4.50555 0)
(-8.62873 4.37486 0)
(-10.0735 4.00881 0)
(-11.3434 3.53402 0)
(-12.5096 2.38769 0)
(-13.7905 1.01131 0)
(-14.7395 -0.665204 0)
(-15.3451 -2.51361 0)
(-15.6729 -4.42694 0)
(-15.7266 -6.36249 0)
(-15.5018 -8.27262 0)
(-9.45444 0.99667 0)
(-9.70236 0.439156 0)
(-9.84344 -0.200543 0)
(-9.82627 -0.896238 0)
(-9.62494 -1.59757 0)
(-9.24649 -2.27436 0)
(-8.67852 -2.88307 0)
(-7.91611 -3.34717 0)
(-6.99985 -3.62676 0)
(-5.96103 -3.65695 0)
(-4.88484 -3.34238 0)
(-3.89468 -2.7224 0)
(-3.06151 -1.85019 0)
(-2.46302 -0.704467 0)
(-2.21613 0.676262 0)
(-2.39467 2.12878 0)
(-3.01173 3.48036 0)
(-4.04005 4.6183 0)
(-5.43294 5.51219 0)
(-7.09746 6.04302 0)
(-8.89738 5.9986 0)
(-10.8631 5.47966 0)
(-12.7297 4.91108 0)
(-13.7287 3.76961 0)
(-15.2669 2.15015 0)
(-16.5555 0.191996 0)
(-17.3284 -1.98185 0)
(-17.7042 -4.22712 0)
(-17.7511 -6.48556 0)
(-17.4677 -8.69541 0)
(-10.0178 1.33521 0)
(-10.3667 0.666439 0)
(-10.5783 -0.120377 0)
(-10.6176 -1.0009 0)
(-10.4148 -1.90193 0)
(-9.99407 -2.79311 0)
(-9.32538 -3.62409 0)
(-8.38359 -4.28008 0)
(-7.23992 -4.74925 0)
(-5.85693 -4.89488 0)
(-4.40197 -4.53359 0)
(-3.08753 -3.79796 0)
(-1.93121 -2.7038 0)
(-1.04289 -1.21237 0)
(-0.630661 0.601007 0)
(-0.80408 2.5497 0)
(-1.56802 4.40827 0)
(-2.86043 5.98583 0)
(-4.61525 7.22158 0)
(-6.74254 8.02387 0)
(-8.96956 8.16705 0)
(-11.4901 7.63001 0)
(-14.0622 6.50878 0)
(-15.7526 5.27201 0)
(-17.3844 3.5985 0)
(-18.7995 1.28751 0)
(-19.6879 -1.31099 0)
(-20.0998 -3.94264 0)
(-20.1233 -6.55606 0)
(-19.7483 -9.08362 0)
(-10.679 1.79154 0)
(-11.1738 0.995327 0)
(-11.4875 0.0349904 0)
(-11.6344 -1.06942 0)
(-11.4438 -2.21485 0)
(-10.9901 -3.38993 0)
(-10.1939 -4.52133 0)
(-9.01075 -5.42158 0)
(-7.58407 -6.18308 0)
(-5.72827 -6.51153 0)
(-3.73798 -6.03068 0)
(-2.00446 -5.27019 0)
(-0.378582 -3.90674 0)
(0.935864 -1.88286 0)
(1.6229 0.511639 0)
(1.51546 3.06158 0)
(0.546733 5.55879 0)
(-1.0609 7.65018 0)
(-3.38514 9.3364 0)
(-6.06431 10.4094 0)
(-8.79755 10.8396 0)
(-12.1706 10.3691 0)
(-15.3322 8.97515 0)
(-18.0396 7.4475 0)
(-19.9168 5.10045 0)
(-21.6819 2.28685 0)
(-22.7519 -0.74799 0)
(-23.0852 -3.88278 0)
(-22.9599 -6.97031 0)
(-22.3837 -9.85678 0)
(-11.4516 2.41645 0)
(-12.137 1.48143 0)
(-12.6402 0.312322 0)
(-12.9047 -1.05733 0)
(-12.7478 -2.52091 0)
(-12.2335 -4.05667 0)
(-11.2314 -5.59613 0)
(-9.78979 -6.91324 0)
(-7.82235 -8.0359 0)
(-5.67832 -8.82953 0)
(-3.39753 -7.94572 0)
(-0.942249 -7.1369 0)
(1.55753 -5.88302 0)
(3.54462 -3.1213 0)
(4.59483 0.244969 0)
(4.57344 3.80386 0)
(3.4228 7.17272 0)
(1.39085 10.0401 0)
(-1.59653 12.257 0)
(-4.98427 13.6236 0)
(-8.51246 14.411 0)
(-12.6591 14.034 0)
(-16.5139 12.1031 0)
(-19.7886 10.1796 0)
(-22.8864 7.42525 0)
(-25.1726 3.98833 0)
(-26.3924 0.267456 0)
(-26.7591 -3.54633 0)
(-26.4122 -7.26752 0)
(-25.4424 -10.6792 0)
(-12.3462 3.26522 0)
(-13.2313 2.20206 0)
(-14.1563 0.735688 0)
(-14.3399 -0.93984 0)
(-14.4532 -2.93005 0)
(-13.8725 -4.88521 0)
(-12.8676 -6.98128 0)
(-11.6106 -8.86015 0)
(-9.28843 -10.248 0)
(-7.45952 -11.4014 0)
(-4.48592 -10.9684 0)
(0.981358 -10.6837 0)
(2.48943 -8.18411 0)
(5.23828 -5.28593 0)
(6.68756 -0.957268 0)
(6.58217 4.0367 0)
(5.16045 8.69622 0)
(2.69331 12.5965 0)
(-0.598113 15.5751 0)
(-5.00407 17.4286 0)
(-9.10412 18.3215 0)
(-13.586 18.3913 0)
(-18.5329 16.4225 0)
(-23.1557 13.4245 0)
(-24.9244 9.77045 0)
(-28.5026 5.40405 0)
(-30.0446 0.786256 0)
(-30.4181 -3.818 0)
(-29.9129 -8.06159 0)
(-28.645 -11.7668 0)
(-13.3452 4.41927 0)
(-14.5473 3.17166 0)
(-15.896 1.35163 0)
(-16.3423 -0.685822 0)
(-16.902 -3.02872 0)
(-16.6416 -5.76761 0)
(-16.1393 -8.07986 0)
(-14.8392 -10.5317 0)
(-13.4664 -12.7613 0)
(-9.70898 -14.1628 0)
(-6.33651 -14.731 0)
(-2.83478 -14.4245 0)
(0.622814 -10.6709 0)
(3.89481 -6.16011 0)
(5.70369 -0.724062 0)
(5.67237 5.28413 0)
(4.7678 10.9735 0)
(2.38344 15.903 0)
(-0.915699 19.5878 0)
(-4.86381 22.1327 0)
(-9.54509 23.3342 0)
(-14.814 23.1854 0)
(-20.2643 21.5334 0)
(-25.1626 18.3466 0)
(-29.7166 14.0032 0)
(-33.2081 8.38493 0)
(-34.496 2.00286 0)
(-34.1223 -4.35603 0)
(-32.3525 -10.1245 0)
(-30.0528 -14.3917 0)
(-14.446 6.07648 0)
(-16.2842 4.636 0)
(-17.8784 2.51814 0)
(-19.1799 -0.0992269 0)
(-19.044 -2.51714 0)
(-20.6671 -5.41698 0)
(-20.5923 -8.57938 0)
(-20.7569 -12.0633 0)
(-20.6341 -15.5198 0)
(-19.9073 -18.4787 0)
(-18.1928 -20.0447 0)
(-15.3338 -19.7884 0)
(-11.6943 -16.9026 0)
(-7.08673 -10.657 0)
(-2.66906 -3.18661 0)
(-0.279096 4.55573 0)
(0.741798 11.7916 0)
(-0.453288 18.3342 0)
(-3.21103 22.8703 0)
(-5.74785 25.9507 0)
(-9.03882 28.1014 0)
(-13.3691 29.0715 0)
(-18.5231 25.7892 0)
(-23.3982 21.3628 0)
(-28.3569 17.3133 0)
(-31.1903 10.9751 0)
(-32.7388 3.69461 0)
(-33.8433 -3.79913 0)
(-33.7965 -10.4296 0)
(-15.4187 8.16123 0)
(-17.7003 6.65866 0)
(-19.6073 4.1779 0)
(-20.1016 0.948848 0)
(-21.077 -1.91501 0)
(-22.8597 -4.39787 0)
(-25.7909 -6.96782 0)
(-29.8446 -9.8946 0)
(-36.8204 -12.2857 0)
(-42.9617 -14.4438 0)
(-46.2242 -17.517 0)
(-46.4797 -19.357 0)
(-43.1506 -19.6704 0)
(-36.7657 -16.9703 0)
(-29.0532 -8.07531 0)
(-21.6001 0.97778 0)
(-16.7821 8.95105 0)
(-11.1215 19.1114 0)
(-9.99162 22.4385 0)
(-8.64876 27.5703 0)
(-7.63599 31.7878 0)
(-8.84553 33.8806 0)
(-11.5719 33.5577 0)
(-13.8569 30.4756 0)
(-12.5029 18.8891 0)
(-12.9069 10.4829 0)
(-15.6679 2.83665 0)
(-17.8249 -5.35008 0)
(-19.1078 -13.8938 0)
(-15.4543 10.3843 0)
(-17.5822 8.58774 0)
(-18.1968 5.59705 0)
(-18.8883 2.53533 0)
(-21.9863 2.12085 0)
(-26.3811 1.93748 0)
(-33.8527 2.38469 0)
(-44.1034 2.14155 0)
(-51.5811 -0.523562 0)
(-57.3822 -6.92839 0)
(-61.9222 -13.5329 0)
(-63.459 -19.6922 0)
(-65.6068 -23.0251 0)
(-59.0871 -21.2628 0)
(-51.9336 -16.047 0)
(-44.8117 -8.35399 0)
(-32.6081 2.03685 0)
(-21.4593 13.0598 0)
(-10.1799 17.9896 0)
(1.70313 19.7565 0)
(16.5694 25.0341 0)
(30.2881 28.5733 0)
(36.425 28.383 0)
(32.6355 23.5779 0)
(25.6836 22.0132 0)
(17.1882 18.7874 0)
(5.51026 12.7156 0)
(-3.52945 3.9206 0)
(-13.7301 -5.13266 0)
(-13.4573 12.7098 0)
(-12.2191 10.495 0)
(-10.3062 5.76506 0)
(-6.82425 3.64784 0)
(-11.0339 3.81284 0)
(-3.93943 1.7374 0)
(0.553314 0.529049 0)
(4.04968 -2.12937 0)
(5.54243 -5.98277 0)
(3.28904 -10.7188 0)
(-3.07067 -14.9068 0)
(-13.8584 -18.2733 0)
(-26.1709 -22.5901 0)
(-35.5372 -25.252 0)
(-40.7443 -21.3526 0)
(-44.655 -14.2572 0)
(-42.5406 -7.02474 0)
(-38.5017 0.473489 0)
(-34.7185 5.9137 0)
(-29.2226 9.91543 0)
(-22.7171 14.6523 0)
(-17.4652 21.2203 0)
(-8.79386 28.3302 0)
(1.83862 33.3244 0)
(11.584 33.1457 0)
(20.6383 23.4897 0)
(27.7828 12.7664 0)
(30.7446 5.05847 0)
(26.5493 -10.8012 0)
(-11.1082 14.7863 0)
(3.05564 4.60858 0)
(8.11054 -2.32304 0)
(11.8319 0.0460857 0)
(12.642 -2.35501 0)
(13.0071 -1.63619 0)
(13.2886 1.68999 0)
(13.9739 2.47064 0)
(14.1722 2.15226 0)
(12.2602 0.843098 0)
(7.12455 -2.04326 0)
(-1.96988 -4.43966 0)
(-15.2981 -6.17995 0)
(-31.0523 -7.25595 0)
(-46.922 -8.59346 0)
(-57.9072 -6.86407 0)
(-65.9882 -3.11914 0)
(-70.6467 0.845179 0)
(-67.9547 3.82002 0)
(-62.2506 6.56582 0)
(-52.9956 8.20223 0)
(-39.4707 9.37916 0)
(-21.1347 9.489 0)
(-0.830801 8.35616 0)
(19.9168 7.65293 0)
(37.2474 6.28036 0)
(50.2276 4.34098 0)
(57.2536 2.97918 0)
(58.3493 2.31738 0)
)
;

boundaryField
{
    inlet
    {
        type            calculated;
        value           uniform (0 0 0);
    }
    outlet
    {
        type            calculated;
        value           nonuniform List<vector> 0();
    }
    topWall
    {
        type            calculated;
        value           nonuniform List<vector> 0();
    }
    lowerWall
    {
        type            calculated;
        value           uniform (0 0 0);
    }
    leadingEdge
    {
        type            calculated;
        value           uniform (0 0 0);
    }
    trailingEdge
    {
        type            calculated;
        value           nonuniform List<vector> 0();
    }
    upperSurface
    {
        type            calculated;
        value           nonuniform List<vector> 0();
    }
    lowerSurface
    {
        type            calculated;
        value           uniform (0 0 0);
    }
    frontAndBack
    {
        type            empty;
    }
    procBoundary0to1
    {
        type            processor;
        value           nonuniform List<vector> 
21
(
(10.4735 -2.58145 0)
(2.15637 -5.73077 0)
(-4.07947 -7.22275 0)
(-7.34595 -7.9566 0)
(-9.21385 -8.35529 0)
(-10.5847 -8.7067 0)
(-11.9007 -9.09795 0)
(-13.3593 -9.57259 0)
(-15.0173 -10.1089 0)
(-16.8876 -10.7954 0)
(-19.0269 -11.459 0)
(-21.4548 -12.4543 0)
(-24.0909 -13.6452 0)
(-26.7986 -14.755 0)
(-32.529 -15.3809 0)
(-27.9183 -17.2804 0)
(-32.529 -15.3809 0)
(-22.9763 -22.3748 0)
(-15.1046 -9.10619 0)
(20.7841 -19.3384 0)
(58.236 16.0682 0)
)
;
    }
    procBoundary0to4
    {
        type            processor;
        value           nonuniform List<vector> 
101
(
(-2.48879e-06 0.00136862 0)
(-1.18303e-05 0.00471262 0)
(-2.58443e-05 0.00857218 0)
(-4.32768e-05 0.012913 0)
(-6.81764e-05 0.0177103 0)
(-0.000103583 0.0229206 0)
(-0.000150206 0.0285005 0)
(-0.000207594 0.0344075 0)
(-0.000207594 0.0344075 0)
(0.000276099 0.0405969 0)
(0.000361156 0.0470226 0)
(0.000458237 0.0536363 0)
(0.000568376 0.0603878 0)
(0.000691807 0.0672264 0)
(0.000828657 0.0741005 0)
(0.000978684 0.0809608 0)
(0.00114137 0.0877622 0)
(0.00131691 0.0944674 0)
(0.00150411 0.101048 0)
(0.00170283 0.107484 0)
(0.00191399 0.113765 0)
(0.00213688 0.119892 0)
(0.00237073 0.12587 0)
(0.00261692 0.131714 0)
(0.00287516 0.137448 0)
(0.00314544 0.1431 0)
(0.00342905 0.148707 0)
(0.00371918 0.154314 0)
(0.0040425 0.159958 0)
(0.00430872 0.165719 0)
(0.00472769 0.171635 0)
(0.00496397 0.177774 0)
(0.00541818 0.184189 0)
(0.00570823 0.190973 0)
(0.00613081 0.198185 0)
(0.00652176 0.205926 0)
(0.00687651 0.214266 0)
(0.00740889 0.22332 0)
(0.00768228 0.233159 0)
(0.00835209 0.24392 0)
(0.00859338 0.255658 0)
(0.00931823 0.268562 0)
(0.00967153 0.282623 0)
(0.0102885 0.298129 0)
(0.0109345 0.314962 0)
(0.0113418 0.333523 0)
(0.0122789 0.353609 0)
(0.0126442 0.37566 0)
(0.0136357 0.399485 0)
(0.0142369 0.425519 0)
(0.0150873 0.453531 0)
(0.0160346 0.484069 0)
(0.0166276 0.51669 0)
(0.0180675 0.552435 0)
(0.0181514 0.589959 0)
(0.0200835 0.63198 0)
(0.0203199 0.674431 0)
(0.0182396 0.722058 0)
(0.0253726 0.771659 0)
(0.0325202 0.83231 0)
(0.0338148 0.887909 0)
(0.0328943 0.943713 0)
(0.0319923 1.00624 0)
(0.0319668 1.07575 0)
(0.0331794 1.15044 0)
(0.0354738 1.22963 0)
(0.0383589 1.31355 0)
(0.0414709 1.40269 0)
(0.04472 1.49753 0)
(0.0481455 1.5985 0)
(0.051798 1.70604 0)
(0.0557013 1.82062 0)
(0.0598676 1.94276 0)
(0.064325 2.07304 0)
(0.0691031 2.21213 0)
(0.0742882 2.36072 0)
(0.0800086 2.5196 0)
(0.086365 2.68965 0)
(0.0933545 2.87185 0)
(0.101015 3.06728 0)
(0.109392 3.27727 0)
(0.118473 3.50329 0)
(0.128261 3.74704 0)
(0.138855 4.01033 0)
(0.150376 4.29524 0)
(0.162989 4.60404 0)
(0.176893 4.93933 0)
(0.192331 5.30391 0)
(0.209522 5.70098 0)
(0.228637 6.13393 0)
(0.249714 6.60644 0)
(0.272765 7.12211 0)
(0.297417 7.68447 0)
(0.322761 8.29578 0)
(0.347265 8.95659 0)
(0.367924 9.6655 0)
(0.379071 10.4129 0)
(0.365437 11.1777 0)
(0.312571 11.9151 0)
(0.105159 12.558 0)
(-0.183569 12.747 0)
)
;
    }
}


// ************************************************************************* //
