/*--------------------------------*- C++ -*----------------------------------*\
| =========                 |                                                 |
| \\      /  F ield         | OpenFOAM: The Open Source CFD Toolbox           |
|  \\    /   O peration     | Version:  2206                                  |
|   \\  /    A nd           | Website:  www.openfoam.com                      |
|    \\/     M anipulation  |                                                 |
\*---------------------------------------------------------------------------*/
FoamFile
{
    version     2.0;
    format      ascii;
    arch        "LSB;label=32;scalar=64";
    class       volVectorField;
    location    "19.7001";
    object      U_0;
}
// * * * * * * * * * * * * * * * * * * * * * * * * * * * * * * * * * * * * * //

dimensions      [0 1 -1 0 0 0 0];

internalField   nonuniform List<vector> 
3087
(
(1.9968 0.252991 0)
(2.00282 0.327656 0)
(2.00569 0.394465 0)
(2.00525 0.451802 0)
(2.00147 0.498498 0)
(1.99449 0.533846 0)
(1.98463 0.557606 0)
(1.97087 0.569763 0)
(1.95252 0.569367 0)
(1.92983 0.558096 0)
(1.90317 0.538836 0)
(1.87365 0.514736 0)
(1.8425 0.489063 0)
(1.8111 0.464479 0)
(1.78018 0.442189 0)
(1.75032 0.422493 0)
(1.72192 0.405139 0)
(1.69516 0.389503 0)
(1.67006 0.374744 0)
(1.6466 0.359919 0)
(1.6247 0.344064 0)
(1.60437 0.326301 0)
(1.58568 0.30577 0)
(1.56872 0.281609 0)
(1.5537 0.25303 0)
(1.54088 0.219382 0)
(1.53056 0.180227 0)
(1.52304 0.135412 0)
(1.5186 0.0851253 0)
(1.5175 0.0299301 0)
(1.51994 -0.0292032 0)
(1.52601 -0.0908699 0)
(1.53562 -0.15315 0)
(1.54846 -0.213858 0)
(1.5642 -0.271381 0)
(1.58238 -0.324208 0)
(1.60247 -0.371062 0)
(1.62386 -0.410998 0)
(1.64593 -0.443462 0)
(1.66807 -0.468286 0)
(1.68985 -0.485643 0)
(1.71106 -0.495848 0)
(1.7317 -0.499073 0)
(1.75147 -0.495386 0)
(1.76983 -0.485489 0)
(1.78679 -0.47051 0)
(1.80249 -0.451654 0)
(1.81722 -0.429936 0)
(1.8314 -0.406078 0)
(1.84544 -0.380488 0)
(1.85968 -0.353284 0)
(1.87438 -0.324372 0)
(1.88969 -0.293512 0)
(1.90565 -0.260403 0)
(1.9222 -0.224769 0)
(1.93916 -0.186396 0)
(1.95626 -0.145175 0)
(1.97318 -0.101107 0)
(1.9896 -0.0542799 0)
(2.00519 -0.00489478 0)
(2.01964 0.0465772 0)
(2.03244 0.0990335 0)
(2.04299 0.150988 0)
(2.05092 0.201227 0)
(2.05587 0.248535 0)
(2.0576 0.291736 0)
(2.05593 0.329759 0)
(2.05078 0.361706 0)
(2.04224 0.386862 0)
(2.03014 0.404759 0)
(2.01377 0.414772 0)
(1.99325 0.416334 0)
(1.96876 0.410444 0)
(1.94097 0.398674 0)
(1.91107 0.383062 0)
(1.88051 0.365919 0)
(1.85087 0.349226 0)
(1.82292 0.333912 0)
(1.7973 0.320301 0)
(1.77436 0.308262 0)
(1.75429 0.29731 0)
(1.73711 0.286662 0)
(1.72274 0.275275 0)
(1.71113 0.262035 0)
(1.70222 0.246146 0)
(1.69572 0.226838 0)
(1.69147 0.203548 0)
(1.68931 0.175944 0)
(1.68908 0.143941 0)
(1.69062 0.107699 0)
(1.69378 0.0675976 0)
(1.69842 0.0242029 0)
(1.70443 -0.021742 0)
(1.7117 -0.0692608 0)
(1.72007 -0.116965 0)
(1.72941 -0.163521 0)
(1.73963 -0.207934 0)
(1.75064 -0.249246 0)
(1.76232 -0.286568 0)
(1.77451 -0.319127 0)
(1.787 -0.346354 0)
(1.7995 -0.367964 0)
(1.81171 -0.383993 0)
(1.82335 -0.394752 0)
(1.83444 -0.400591 0)
(1.8453 -0.401365 0)
(1.85563 -0.396602 0)
(1.86524 -0.38654 0)
(1.87409 -0.371828 0)
(1.88226 -0.353214 0)
(1.88995 -0.331425 0)
(1.89744 -0.307072 0)
(1.90498 -0.280607 0)
(1.91274 -0.252338 0)
(1.92082 -0.222469 0)
(1.92922 -0.191124 0)
(1.93792 -0.158383 0)
(1.94682 -0.124335 0)
(1.95578 -0.0890781 0)
(1.96466 -0.0526943 0)
(1.97333 -0.0152523 0)
(1.98165 0.0231202 0)
(1.98934 0.0620366 0)
(1.99603 0.100718 0)
(1.9279 0.244943 0)
(1.93562 0.322161 0)
(1.94112 0.391767 0)
(1.94415 0.452028 0)
(1.94456 0.501651 0)
(1.9423 0.539856 0)
(1.93755 0.566404 0)
(1.93047 0.581726 0)
(1.91933 0.58608 0)
(1.90426 0.57908 0)
(1.88505 0.563338 0)
(1.86263 0.541693 0)
(1.83813 0.517323 0)
(1.81264 0.492966 0)
(1.78707 0.470214 0)
(1.76197 0.449551 0)
(1.73778 0.430907 0)
(1.71478 0.413817 0)
(1.69312 0.397546 0)
(1.67285 0.381193 0)
(1.65402 0.363801 0)
(1.63672 0.344471 0)
(1.62099 0.322253 0)
(1.60702 0.296244 0)
(1.59497 0.265604 0)
(1.58507 0.229647 0)
(1.57754 0.187923 0)
(1.57261 0.140285 0)
(1.57048 0.08694 0)
(1.57131 0.0285 0)
(1.57523 -0.0339975 0)
(1.58227 -0.0990228 0)
(1.59224 -0.164402 0)
(1.60483 -0.227915 0)
(1.61971 -0.287853 0)
(1.63644 -0.342612 0)
(1.65455 -0.390827 0)
(1.67345 -0.431493 0)
(1.69253 -0.464075 0)
(1.71125 -0.488538 0)
(1.72919 -0.505245 0)
(1.74619 -0.51472 0)
(1.76249 -0.517133 0)
(1.77768 -0.512242 0)
(1.79126 -0.500878 0)
(1.80328 -0.484489 0)
(1.81398 -0.464517 0)
(1.82383 -0.442113 0)
(1.8334 -0.418026 0)
(1.84316 -0.392614 0)
(1.85344 -0.365914 0)
(1.86454 -0.337711 0)
(1.8766 -0.307656 0)
(1.88966 -0.275348 0)
(1.90365 -0.240389 0)
(1.9184 -0.202466 0)
(1.93363 -0.161398 0)
(1.94901 -0.117141 0)
(1.9642 -0.0697839 0)
(1.97885 -0.0195421 0)
(1.99263 0.0331495 0)
(2.00512 0.0873823 0)
(2.01577 0.141578 0)
(2.02419 0.194394 0)
(2.0301 0.244559 0)
(2.03327 0.290826 0)
(2.03351 0.332048 0)
(2.03071 0.367262 0)
(2.02488 0.395737 0)
(2.01617 0.416965 0)
(2.00424 0.430662 0)
(1.98846 0.436297 0)
(1.96927 0.433971 0)
(1.94686 0.425027 0)
(1.92202 0.411131 0)
(1.89586 0.39427 0)
(1.86984 0.376566 0)
(1.84507 0.35944 0)
(1.8222 0.343479 0)
(1.80168 0.328773 0)
(1.78381 0.315011 0)
(1.76873 0.301498 0)
(1.75647 0.287224 0)
(1.74706 0.271238 0)
(1.74034 0.252783 0)
(1.73606 0.231107 0)
(1.73403 0.205655 0)
(1.73401 0.17609 0)
(1.73578 0.142326 0)
(1.73911 0.104517 0)
(1.74378 0.0630251 0)
(1.74961 0.0183913 0)
(1.75644 -0.0286667 0)
(1.76413 -0.0771741 0)
(1.77249 -0.125688 0)
(1.78139 -0.17296 0)
(1.79076 -0.218004 0)
(1.80051 -0.259857 0)
(1.81053 -0.29761 0)
(1.82074 -0.330441 0)
(1.83098 -0.357714 0)
(1.84101 -0.379078 0)
(1.85055 -0.394577 0)
(1.85924 -0.404653 0)
(1.86703 -0.409923 0)
(1.87454 -0.410249 0)
(1.88133 -0.404827 0)
(1.88719 -0.393938 0)
(1.89217 -0.378462 0)
(1.89653 -0.359337 0)
(1.9006 -0.337328 0)
(1.90476 -0.31305 0)
(1.9093 -0.286908 0)
(1.91445 -0.259095 0)
(1.9203 -0.229707 0)
(1.92685 -0.198807 0)
(1.93401 -0.166445 0)
(1.94164 -0.132661 0)
(1.94958 -0.0975134 0)
(1.95764 -0.0610774 0)
(1.96566 -0.0234365 0)
(1.97348 0.0152934 0)
(1.98094 0.0548438 0)
(1.98773 0.0944974 0)
(1.85602 0.235765 0)
(1.86532 0.314536 0)
(1.87337 0.386002 0)
(1.87984 0.448374 0)
(1.88444 0.500302 0)
(1.88699 0.540931 0)
(1.88742 0.570027 0)
(1.88602 0.587838 0)
(1.8821 0.595182 0)
(1.87469 0.592574 0)
(1.86287 0.580429 0)
(1.84743 0.561583 0)
(1.82974 0.539077 0)
(1.81057 0.515565 0)
(1.79076 0.492902 0)
(1.77089 0.471799 0)
(1.75146 0.452338 0)
(1.73279 0.434182 0)
(1.71515 0.416685 0)
(1.69867 0.398981 0)
(1.68351 0.38018 0)
(1.66978 0.359334 0)
(1.65759 0.335462 0)
(1.64711 0.307632 0)
(1.63851 0.274986 0)
(1.63196 0.236834 0)
(1.62761 0.19273 0)
(1.6256 0.142545 0)
(1.62604 0.0865183 0)
(1.62899 0.0252961 0)
(1.63449 -0.040024 0)
(1.64248 -0.1078 0)
(1.6527 -0.175615 0)
(1.6648 -0.241263 0)
(1.67843 -0.302954 0)
(1.69321 -0.35902 0)
(1.70873 -0.408046 0)
(1.72458 -0.448989 0)
(1.74025 -0.481298 0)
(1.7552 -0.504999 0)
(1.76889 -0.520659 0)
(1.78119 -0.529105 0)
(1.79273 -0.530503 0)
(1.80292 -0.524173 0)
(1.81124 -0.51114 0)
(1.81791 -0.493252 0)
(1.8233 -0.472242 0)
(1.82796 -0.449399 0)
(1.83271 -0.425442 0)
(1.83801 -0.400579 0)
(1.84421 -0.374712 0)
(1.85155 -0.347549 0)
(1.86015 -0.31864 0)
(1.87008 -0.287461 0)
(1.88127 -0.25351 0)
(1.89354 -0.216375 0)
(1.90665 -0.175794 0)
(1.92025 -0.131677 0)
(1.93399 -0.0841002 0)
(1.94749 -0.0332946 0)
(1.96044 0.0203095 0)
(1.97246 0.0759101 0)
(1.98306 0.131957 0)
(1.99184 0.186913 0)
(1.99858 0.239467 0)
(2.00306 0.288327 0)
(2.0051 0.33228 0)
(2.00459 0.370289 0)
(2.00146 0.401565 0)
(1.99583 0.425604 0)
(1.98785 0.442179 0)
(1.97688 0.451178 0)
(1.96269 0.452129 0)
(1.94562 0.445921 0)
(1.92605 0.434034 0)
(1.9048 0.418093 0)
(1.88302 0.400008 0)
(1.86199 0.381577 0)
(1.84244 0.363695 0)
(1.82487 0.346661 0)
(1.80966 0.330306 0)
(1.79707 0.314008 0)
(1.78724 0.296874 0)
(1.7802 0.27818 0)
(1.77575 0.257174 0)
(1.7737 0.233165 0)
(1.77382 0.205619 0)
(1.77584 0.174215 0)
(1.77949 0.138872 0)
(1.78447 0.099737 0)
(1.79053 0.057149 0)
(1.79744 0.0116137 0)
(1.80499 -0.0361845 0)
(1.81303 -0.0852691 0)
(1.82134 -0.13418 0)
(1.8298 -0.181756 0)
(1.83833 -0.227012 0)
(1.84682 -0.268992 0)
(1.85517 -0.306783 0)
(1.86328 -0.339553 0)
(1.87109 -0.366609 0)
(1.87847 -0.387523 0)
(1.88524 -0.402294 0)
(1.89102 -0.41145 0)
(1.8955 -0.415883 0)
(1.89954 -0.41567 0)
(1.90254 -0.409271 0)
(1.90436 -0.397378 0)
(1.90524 -0.381099 0)
(1.90564 -0.361458 0)
(1.90609 -0.339542 0)
(1.9072 -0.315759 0)
(1.90906 -0.290321 0)
(1.9118 -0.263348 0)
(1.91553 -0.23485 0)
(1.92025 -0.204797 0)
(1.92589 -0.17315 0)
(1.93228 -0.139897 0)
(1.93924 -0.105078 0)
(1.94654 -0.0687737 0)
(1.95397 -0.0310892 0)
(1.96136 0.00784024 0)
(1.96855 0.047769 0)
(1.97533 0.0880999 0)
(1.78297 0.225568 0)
(1.79373 0.304888 0)
(1.80422 0.377321 0)
(1.81399 0.441012 0)
(1.82271 0.494514 0)
(1.83006 0.536857 0)
(1.83582 0.567724 0)
(1.83983 0.587376 0)
(1.84197 0.596837 0)
(1.84177 0.59839 0)
(1.83737 0.590946 0)
(1.829 0.574641 0)
(1.81811 0.554171 0)
(1.80546 0.532001 0)
(1.79168 0.509927 0)
(1.77742 0.488881 0)
(1.76314 0.469041 0)
(1.74927 0.450171 0)
(1.7361 0.431686 0)
(1.72389 0.412813 0)
(1.71286 0.392711 0)
(1.70315 0.370408 0)
(1.69493 0.344931 0)
(1.68834 0.315333 0)
(1.68355 0.280775 0)
(1.68066 0.240584 0)
(1.67976 0.194342 0)
(1.68088 0.141949 0)
(1.68405 0.0836723 0)
(1.68923 0.0201886 0)
(1.69637 -0.0473484 0)
(1.70527 -0.117154 0)
(1.71557 -0.1866 0)
(1.72686 -0.253542 0)
(1.73885 -0.316184 0)
(1.75123 -0.372868 0)
(1.76372 -0.422172 0)
(1.77601 -0.462989 0)
(1.78781 -0.494679 0)
(1.79869 -0.517265 0)
(1.80807 -0.531519 0)
(1.81543 -0.538641 0)
(1.82185 -0.53887 0)
(1.82653 -0.530725 0)
(1.82909 -0.515857 0)
(1.83003 -0.496404 0)
(1.82991 -0.474397 0)
(1.82962 -0.451429 0)
(1.82957 -0.427976 0)
(1.8303 -0.404033 0)
(1.83219 -0.379374 0)
(1.83551 -0.353598 0)
(1.84042 -0.326162 0)
(1.84698 -0.296446 0)
(1.85512 -0.263841 0)
(1.86469 -0.22784 0)
(1.87542 -0.188098 0)
(1.88699 -0.144468 0)
(1.89904 -0.0970098 0)
(1.91121 -0.0459659 0)
(1.92315 0.00821712 0)
(1.93454 0.0647631 0)
(1.94497 0.122247 0)
(1.95402 0.178895 0)
(1.9615 0.233362 0)
(1.96721 0.284321 0)
(1.971 0.33052 0)
(1.97272 0.370857 0)
(1.9723 0.404469 0)
(1.96974 0.430808 0)
(1.96521 0.449655 0)
(1.95883 0.461145 0)
(1.94966 0.465229 0)
(1.93787 0.461726 0)
(1.9236 0.452012 0)
(1.90751 0.437314 0)
(1.89054 0.41939 0)
(1.87366 0.400048 0)
(1.85785 0.380635 0)
(1.84363 0.361596 0)
(1.83148 0.34286 0)
(1.82172 0.323897 0)
(1.81457 0.304063 0)
(1.81 0.282763 0)
(1.80787 0.259299 0)
(1.80803 0.233049 0)
(1.81022 0.203526 0)
(1.81416 0.17044 0)
(1.81953 0.133719 0)
(1.82602 0.0935021 0)
(1.83331 0.0501013 0)
(1.84116 0.00398178 0)
(1.84935 -0.0442088 0)
(1.85766 -0.0934841 0)
(1.86588 -0.142418 0)
(1.87389 -0.189919 0)
(1.8816 -0.234993 0)
(1.88887 -0.276676 0)
(1.89559 -0.314069 0)
(1.90163 -0.346367 0)
(1.90689 -0.3729 0)
(1.91136 -0.393184 0)
(1.91502 -0.407055 0)
(1.91782 -0.414895 0)
(1.91949 -0.417857 0)
(1.91984 -0.417399 0)
(1.91862 -0.409759 0)
(1.91607 -0.396551 0)
(1.91285 -0.379751 0)
(1.9097 -0.360436 0)
(1.90699 -0.338996 0)
(1.90499 -0.315904 0)
(1.90394 -0.291382 0)
(1.90415 -0.265463 0)
(1.90574 -0.238088 0)
(1.90869 -0.209131 0)
(1.91289 -0.178465 0)
(1.91815 -0.14601 0)
(1.92422 -0.111765 0)
(1.93085 -0.0757996 0)
(1.93779 -0.0382429 0)
(1.94483 0.00073261 0)
(1.95181 0.0408678 0)
(1.95853 0.0816493 0)
(1.79773 0.542103 0)
(1.79016 0.521015 0)
(1.78169 0.500377 0)
(1.77282 0.480525 0)
(1.76402 0.461249 0)
(1.75568 0.442027 0)
(1.74812 0.422209 0)
(1.74157 0.400933 0)
(1.73624 0.377273 0)
(1.73231 0.350276 0)
(1.72991 0.319018 0)
(1.72917 0.282691 0)
(1.73013 0.240667 0)
(1.73282 0.192574 0)
(1.73719 0.13835 0)
(1.74314 0.0783006 0)
(1.75051 0.0131448 0)
(1.75913 -0.0558945 0)
(1.7687 -0.126862 0)
(1.77879 -0.197067 0)
(1.78908 -0.264469 0)
(1.79929 -0.327279 0)
(1.80916 -0.383861 0)
(1.8184 -0.432825 0)
(1.8268 -0.47308 0)
(1.83419 -0.503914 0)
(1.84044 -0.525138 0)
(1.84533 -0.537315 0)
(1.84836 -0.542122 0)
(1.84927 -0.541731 0)
(1.84785 -0.531447 0)
(1.84415 -0.514585 0)
(1.83907 -0.494152 0)
(1.83351 -0.471928 0)
(1.82798 -0.448986 0)
(1.82297 -0.426075 0)
(1.81907 -0.403154 0)
(1.81667 -0.379906 0)
(1.81599 -0.355782 0)
(1.81719 -0.33011 0)
(1.8203 -0.302159 0)
(1.82527 -0.271211 0)
(1.83195 -0.236661 0)
(1.8401 -0.198086 0)
(1.84942 -0.155286 0)
(1.85956 -0.108296 0)
(1.87018 -0.0573676 0)
(1.88095 -0.00297462 0)
(1.89157 0.0541063 0)
(1.9017 0.112539 0)
(1.91095 0.170414 0)
(1.91911 0.2263 0)
(1.92603 0.278848 0)
(1.93154 0.326786 0)
(1.93549 0.368976 0)
(1.93779 0.404496 0)
(1.93835 0.432718 0)
(1.93722 0.453363 0)
(1.93469 0.466527 0)
(1.9307 0.472826 0)
(1.92432 0.472043 0)
(1.91533 0.464376 0)
(1.90419 0.451131 0)
(1.89217 0.433876 0)
(1.87995 0.414275 0)
(1.86821 0.393741 0)
(1.8577 0.37306 0)
(1.84896 0.35221 0)
(1.84236 0.33086 0)
(1.83805 0.308615 0)
(1.83604 0.284908 0)
(1.83627 0.25916 0)
(1.8386 0.230832 0)
(1.84277 0.199501 0)
(1.84849 0.16492 0)
(1.85543 0.127036 0)
(1.86325 0.0859799 0)
(1.87164 0.0420362 0)
(1.88031 -0.00437466 0)
(1.88903 -0.0526433 0)
(1.89757 -0.101772 0)
(1.90567 -0.150379 0)
(1.91321 -0.197447 0)
(1.92008 -0.241972 0)
(1.92615 -0.282969 0)
(1.93126 -0.319524 0)
(1.93526 -0.350852 0)
(1.93806 -0.376375 0)
(1.9396 -0.395758 0)
(1.94001 -0.408922 0)
(1.93964 -0.416052 0)
(1.93801 -0.417866 0)
(1.93442 -0.4149 0)
(1.92866 -0.405392 0)
(1.92179 -0.391658 0)
(1.91463 -0.374729 0)
(1.90755 -0.355505 0)
(1.90107 -0.334731 0)
(1.89582 -0.312749 0)
(1.89214 -0.289616 0)
(1.89021 -0.265249 0)
(1.89003 -0.239457 0)
(1.89154 -0.21199 0)
(1.89456 -0.18263 0)
(1.89888 -0.151241 0)
(1.90421 -0.117789 0)
(1.91028 -0.0823448 0)
(1.91682 -0.0450641 0)
(1.92359 -0.00616189 0)
(1.9304 0.0340699 0)
(1.93709 0.0751476 0)
(0.143764 0.00599812 0)
(0.131869 0.00531084 0)
(0.121932 0.0042853 0)
(0.114697 0.00295491 0)
(0.110833 0.00146039 0)
(0.110432 -0.000216314 0)
(0.113307 -0.00169612 0)
(0.119078 -0.00281113 0)
(0.127114 -0.00355652 0)
(0.136484 -0.00393692 0)
(0.14635 -0.00398911 0)
(0.155859 -0.00371933 0)
(0.164304 -0.0031678 0)
(0.171148 -0.00243232 0)
(0.176046 -0.00160465 0)
(0.178813 -0.000752646 0)
(0.179533 0.000150046 0)
(0.178318 0.001034 0)
(0.17543 0.00176155 0)
(0.171165 0.00234304 0)
(0.165858 0.0027581 0)
(0.159865 0.00301086 0)
(0.153513 0.0031223 0)
(0.147097 0.00311284 0)
(0.140873 0.00298958 0)
(0.135068 0.00275439 0)
(0.129899 0.00241432 0)
(0.125555 0.00198387 0)
(0.122194 0.00148213 0)
(0.119948 0.000935318 0)
(0.118934 0.000354984 0)
(0.119112 -0.000326794 0)
(0.120419 -0.00093353 0)
(0.122856 -0.00146792 0)
(0.126338 -0.00193986 0)
(0.130743 -0.00235352 0)
(0.135949 -0.00270649 0)
(0.141826 -0.00298906 0)
(0.148219 -0.00319074 0)
(0.154948 -0.00330609 0)
(0.161819 -0.00333288 0)
(0.168648 -0.00327018 0)
(0.175257 -0.00312035 0)
(0.181478 -0.00288713 0)
(0.187157 -0.00257788 0)
(0.192151 -0.00220776 0)
(0.196348 -0.00179192 0)
(0.199676 -0.00135403 0)
(0.202087 -0.000909206 0)
(0.203567 -0.000482629 0)
(0.204143 -6.15079e-05 0)
(0.203882 0.000369981 0)
(0.202855 0.000716659 0)
(0.201142 0.000992876 0)
(0.198868 0.00120096 0)
(0.196177 0.00134043 0)
(0.193214 0.00141616 0)
(0.190122 0.00143062 0)
(0.187041 0.00138774 0)
(0.184095 0.00129529 0)
(0.181387 0.0011636 0)
(0.178993 0.00100444 0)
(0.176961 0.000830258 0)
(0.175306 0.000653864 0)
(0.174018 0.000488301 0)
(0.173061 0.000345145 0)
(0.172379 0.000235443 0)
(0.171894 0.000164158 0)
(0.171526 0.000134075 0)
(0.171195 0.000147876 0)
(0.170818 0.000213459 0)
(0.170304 0.000324733 0)
(0.169576 0.000467271 0)
(0.168578 0.00062962 0)
(0.167273 0.000801613 0)
(0.165641 0.000973632 0)
(0.163679 0.00113753 0)
(0.161399 0.00128639 0)
(0.158829 0.00141456 0)
(0.15601 0.00151762 0)
(0.152994 0.00159224 0)
(0.149842 0.00163634 0)
(0.146623 0.00164752 0)
(0.143405 0.00162307 0)
(0.140264 0.00156121 0)
(0.137278 0.00146151 0)
(0.134528 0.00132389 0)
(0.132091 0.00115015 0)
(0.130044 0.000943253 0)
(0.128458 0.000706923 0)
(0.127406 0.000444912 0)
(0.126946 0.000151952 0)
(0.127076 -0.000197417 0)
(0.127794 -0.0005227 0)
(0.12914 -0.000830834 0)
(0.131101 -0.001119 0)
(0.133649 -0.00138406 0)
(0.136738 -0.00162131 0)
(0.14031 -0.00182528 0)
(0.144293 -0.0019908 0)
(0.148601 -0.00211374 0)
(0.15314 -0.00219135 0)
(0.157809 -0.00222245 0)
(0.162506 -0.00220714 0)
(0.167129 -0.00214743 0)
(0.171583 -0.0020475 0)
(0.175782 -0.0019125 0)
(0.179652 -0.00174838 0)
(0.183132 -0.00156161 0)
(0.186177 -0.00135905 0)
(0.188758 -0.0011475 0)
(0.19086 -0.000933587 0)
(0.192482 -0.000723452 0)
(0.193638 -0.000523722 0)
(0.194347 -0.00034014 0)
(0.194647 -0.000169856 0)
(0.194598 6.38963e-06 0)
(0.19425 0.000145689 0)
(0.19364 0.000260642 0)
(0.192814 0.000353367 0)
(0.19182 0.000426103 0)
(0.190698 0.000482247 0)
(0.189481 0.000525279 0)
(0.188197 0.000558603 0)
(0.414581 0.0186147 0)
(0.402835 0.0158117 0)
(0.393675 0.0120548 0)
(0.387752 0.00748431 0)
(0.385433 0.00222037 0)
(0.38713 -0.00321326 0)
(0.392817 -0.00808376 0)
(0.401803 -0.0118849 0)
(0.413157 -0.0143693 0)
(0.425848 -0.01546 0)
(0.438812 -0.0152559 0)
(0.451082 -0.0139163 0)
(0.461883 -0.0116304 0)
(0.470553 -0.00871144 0)
(0.476693 -0.00550976 0)
(0.480203 -0.00227062 0)
(0.481118 0.000965553 0)
(0.47938 0.00392219 0)
(0.47543 0.00626717 0)
(0.469843 0.00799304 0)
(0.463127 0.00911224 0)
(0.455745 0.00967095 0)
(0.448099 0.00974433 0)
(0.440558 0.0094092 0)
(0.433442 0.00873262 0)
(0.42704 0.00776877 0)
(0.421588 0.00656085 0)
(0.417265 0.0051559 0)
(0.414183 0.00360816 0)
(0.412385 0.00195438 0)
(0.411874 0.000179403 0)
(0.412796 -0.00168495 0)
(0.415155 -0.0034868 0)
(0.41878 -0.00511989 0)
(0.423521 -0.00653314 0)
(0.429244 -0.00772969 0)
(0.435823 -0.00871891 0)
(0.443113 -0.0094809 0)
(0.450917 -0.00998346 0)
(0.459003 -0.0102099 0)
(0.467118 -0.0101653 0)
(0.475019 -0.00987046 0)
(0.482492 -0.00934766 0)
(0.489319 -0.00861639 0)
(0.495321 -0.00769469 0)
(0.500352 -0.00659578 0)
(0.504288 -0.0053695 0)
(0.507105 -0.00407404 0)
(0.508794 -0.00275513 0)
(0.509417 -0.00140243 0)
(0.509003 -7.1664e-05 0)
(0.507625 0.00115875 0)
(0.505426 0.00224743 0)
(0.502591 0.00316718 0)
(0.499274 0.00388479 0)
(0.495643 0.00437647 0)
(0.491858 0.00465373 0)
(0.488079 0.00472078 0)
(0.484444 0.00458909 0)
(0.481079 0.00428282 0)
(0.478084 0.00384113 0)
(0.475524 0.00331248 0)
(0.473435 0.00274786 0)
(0.471815 0.002193 0)
(0.470634 0.00168349 0)
(0.469835 0.00125083 0)
(0.469337 0.000921052 0)
(0.469042 0.000716657 0)
(0.468847 0.000623355 0)
(0.468651 0.000653475 0)
(0.468361 0.000813774 0)
(0.46786 0.00110318 0)
(0.467061 0.00148637 0)
(0.465918 0.00192634 0)
(0.464405 0.00239562 0)
(0.462518 0.00286902 0)
(0.460269 0.00332298 0)
(0.457692 0.00373682 0)
(0.454832 0.00409267 0)
(0.45175 0.0043758 0)
(0.448514 0.00457428 0)
(0.4452 0.00467909 0)
(0.441894 0.00468448 0)
(0.438679 0.0045861 0)
(0.435638 0.00437953 0)
(0.432855 0.00406274 0)
(0.430403 0.00363554 0)
(0.428356 0.00310112 0)
(0.426781 0.00246475 0)
(0.425733 0.00173789 0)
(0.42526 0.000920142 0)
(0.425406 2.52627e-05 0)
(0.426231 -0.000933248 0)
(0.427749 -0.00189304 0)
(0.429916 -0.00282603 0)
(0.432708 -0.0037149 0)
(0.436087 -0.00454123 0)
(0.439997 -0.00528453 0)
(0.444365 -0.00592446 0)
(0.449103 -0.00644264 0)
(0.454111 -0.00682386 0)
(0.459279 -0.00705815 0)
(0.464492 -0.00714108 0)
(0.469635 -0.00707167 0)
(0.474598 -0.006854 0)
(0.479279 -0.00650012 0)
(0.483587 -0.00602755 0)
(0.48745 -0.00545647 0)
(0.490811 -0.00480821 0)
(0.49363 -0.00410576 0)
(0.495886 -0.00337331 0)
(0.497575 -0.00263496 0)
(0.49871 -0.00191263 0)
(0.499315 -0.00122353 0)
(0.499426 -0.000575119 0)
(0.49909 1.35717e-05 0)
(0.498357 0.000538032 0)
(0.497285 0.000980545 0)
(0.495948 0.00134122 0)
(0.494401 0.00162652 0)
(0.492694 0.0018449 0)
(0.490871 0.00200627 0)
(0.488969 0.0021218 0)
(0.487015 0.00220286 0)
(0.686812 0.0308357 0)
(0.675478 0.026333 0)
(0.666383 0.0199945 0)
(0.660154 0.0119978 0)
(0.657431 0.00269688 0)
(0.658542 -0.00702878 0)
(0.663228 -0.0158714 0)
(0.67102 -0.0228968 0)
(0.681138 -0.0274858 0)
(0.69271 -0.0294781 0)
(0.704956 -0.0291321 0)
(0.717162 -0.0267833 0)
(0.728343 -0.022702 0)
(0.737583 -0.0174288 0)
(0.744333 -0.0115649 0)
(0.748424 -0.00550027 0)
(0.749953 0.000406811 0)
(0.74916 0.00578305 0)
(0.746356 0.0102817 0)
(0.741981 0.013686 0)
(0.736483 0.0160403 0)
(0.730297 0.0174472 0)
(0.723807 0.0179948 0)
(0.717344 0.0177512 0)
(0.711151 0.0167686 0)
(0.705454 0.0150993 0)
(0.700448 0.0128364 0)
(0.696286 0.010119 0)
(0.693106 0.00708236 0)
(0.691011 0.00383323 0)
(0.690055 0.000418078 0)
(0.690263 -0.0030207 0)
(0.691587 -0.00632872 0)
(0.693955 -0.00935679 0)
(0.697305 -0.012035 0)
(0.701595 -0.0143978 0)
(0.706775 -0.0164545 0)
(0.712766 -0.0181132 0)
(0.719458 -0.0192491 0)
(0.726723 -0.0197935 0)
(0.734426 -0.0197357 0)
(0.742409 -0.0190911 0)
(0.750481 -0.0178818 0)
(0.758386 -0.0161442 0)
(0.765892 -0.0139422 0)
(0.772726 -0.011407 0)
(0.778594 -0.0087022 0)
(0.783284 -0.0059582 0)
(0.786668 -0.00327468 0)
(0.788703 -0.000689651 0)
(0.789359 0.00177798 0)
(0.78861 0.00400449 0)
(0.786588 0.00581581 0)
(0.783486 0.00720212 0)
(0.779525 0.00817623 0)
(0.774971 0.00875804 0)
(0.770076 0.00896116 0)
(0.76506 0.00880445 0)
(0.760163 0.00833113 0)
(0.755569 0.00760302 0)
(0.751422 0.00668539 0)
(0.747826 0.00564247 0)
(0.744841 0.00454335 0)
(0.742488 0.00346452 0)
(0.740751 0.00247231 0)
(0.739578 0.00162476 0)
(0.738881 0.000974244 0)
(0.738545 0.00055749 0)
(0.738453 0.000389717 0)
(0.738512 0.000418436 0)
(0.738625 0.00076247 0)
(0.738638 0.00135589 0)
(0.738389 0.00210819 0)
(0.737784 0.00296858 0)
(0.736775 0.00388879 0)
(0.735331 0.00482015 0)
(0.733446 0.00571504 0)
(0.731136 0.00652959 0)
(0.72844 0.00722542 0)
(0.725415 0.0077703 0)
(0.72213 0.00813843 0)
(0.718666 0.00831065 0)
(0.715115 0.00827572 0)
(0.711577 0.00802963 0)
(0.708143 0.00757257 0)
(0.704907 0.00690917 0)
(0.701961 0.00604928 0)
(0.699396 0.00500822 0)
(0.697302 0.00380102 0)
(0.695756 0.00243757 0)
(0.694829 0.00093264 0)
(0.694584 -0.00067658 0)
(0.695073 -0.00230665 0)
(0.696313 -0.00394023 0)
(0.698291 -0.0055393 0)
(0.700982 -0.00706281 0)
(0.70435 -0.00847269 0)
(0.708343 -0.00972869 0)
(0.71289 -0.010792 0)
(0.717899 -0.0116277 0)
(0.723261 -0.0122072 0)
(0.728853 -0.0125125 0)
(0.734543 -0.0125381 0)
(0.740187 -0.012288 0)
(0.745657 -0.0117756 0)
(0.750826 -0.0110275 0)
(0.755583 -0.0100805 0)
(0.759834 -0.00897379 0)
(0.763505 -0.00774874 0)
(0.766544 -0.00644886 0)
(0.768923 -0.00511648 0)
(0.770638 -0.00379141 0)
(0.771704 -0.00250698 0)
(0.772147 -0.0012841 0)
(0.772011 -0.000147386 0)
(0.771357 0.000850454 0)
(0.770258 0.00169855 0)
(0.768797 0.00241154 0)
(0.767054 0.00299285 0)
(0.765099 0.00344918 0)
(0.762997 0.00379278 0)
(0.760801 0.00403967 0)
(0.758557 0.00420837 0)
(0.756296 0.00431809 0)
(0.967385 0.0442006 0)
(0.956523 0.0370409 0)
(0.947751 0.0277105 0)
(0.941472 0.0164153 0)
(0.937745 0.0036614 0)
(0.93684 -0.00924166 0)
(0.938549 -0.0208089 0)
(0.942239 -0.0301128 0)
(0.947457 -0.0367301 0)
(0.95405 -0.0401791 0)
(0.961342 -0.0408129 0)
(0.96925 -0.0384134 0)
(0.977521 -0.0329274 0)
(0.985219 -0.0252112 0)
(0.991206 -0.0165023 0)
(0.994901 -0.00768532 0)
(0.996048 0.000691024 0)
(0.994717 0.00814422 0)
(0.991331 0.014242 0)
(0.986403 0.0187427 0)
(0.980452 0.0216056 0)
(0.974009 0.0229768 0)
(0.967565 0.0231065 0)
(0.961514 0.0222426 0)
(0.956168 0.0205788 0)
(0.951733 0.0182484 0)
(0.948333 0.0153676 0)
(0.946042 0.0120429 0)
(0.944889 0.00837029 0)
(0.944854 0.00448106 0)
(0.945889 0.000461828 0)
(0.947894 -0.00355562 0)
(0.950698 -0.007394 0)
(0.95416 -0.0109344 0)
(0.958232 -0.0141537 0)
(0.962844 -0.0170875 0)
(0.967836 -0.0197259 0)
(0.972999 -0.0219727 0)
(0.978212 -0.0237325 0)
(0.983419 -0.0249506 0)
(0.988596 -0.0256022 0)
(0.993744 -0.0256589 0)
(0.998854 -0.0250868 0)
(1.00391 -0.0238539 0)
(1.00888 -0.0220288 0)
(1.01373 -0.0194507 0)
(1.01843 -0.0161284 0)
(1.02289 -0.0123946 0)
(1.02694 -0.00838674 0)
(1.03039 -0.0042744 0)
(1.03305 -0.000231683 0)
(1.03477 0.00357846 0)
(1.03542 0.00702723 0)
(1.03489 0.0100114 0)
(1.03316 0.0123506 0)
(1.03032 0.0138368 0)
(1.0265 0.0146905 0)
(1.02189 0.0148508 0)
(1.01674 0.014351 0)
(1.01134 0.0132879 0)
(1.00596 0.0117968 0)
(1.00086 0.0100391 0)
(0.996204 0.00816694 0)
(0.992105 0.00631559 0)
(0.988625 0.00458576 0)
(0.985777 0.00308235 0)
(0.983517 0.00191446 0)
(0.981777 0.00114418 0)
(0.980492 0.000711675 0)
(0.979525 0.000579387 0)
(0.978727 0.000741149 0)
(0.978001 0.00143632 0)
(0.977213 0.00245557 0)
(0.976221 0.00365987 0)
(0.974928 0.00496885 0)
(0.973271 0.00630987 0)
(0.971217 0.00761313 0)
(0.968762 0.00881473 0)
(0.965925 0.00985962 0)
(0.962751 0.0107028 0)
(0.959299 0.0113088 0)
(0.955643 0.0116509 0)
(0.951864 0.0117106 0)
(0.948052 0.0114799 0)
(0.94431 0.0109605 0)
(0.940729 0.0101524 0)
(0.93741 0.00905685 0)
(0.934453 0.00768341 0)
(0.931957 0.00604555 0)
(0.93001 0.00415225 0)
(0.928714 0.00203168 0)
(0.92817 -0.000273312 0)
(0.928443 -0.00266443 0)
(0.929545 -0.00507127 0)
(0.931466 -0.00743537 0)
(0.93418 -0.0097091 0)
(0.937652 -0.0118438 0)
(0.941832 -0.0137774 0)
(0.946644 -0.0154488 0)
(0.951992 -0.0168015 0)
(0.957756 -0.0177849 0)
(0.963804 -0.0183665 0)
(0.970001 -0.018528 0)
(0.976202 -0.0182637 0)
(0.982267 -0.0175862 0)
(0.988065 -0.0165315 0)
(0.993474 -0.0151522 0)
(0.998391 -0.0135034 0)
(1.00273 -0.0116451 0)
(1.0064 -0.00964492 0)
(1.00938 -0.00757376 0)
(1.01161 -0.00550009 0)
(1.01311 -0.00348182 0)
(1.01387 -0.00156089 0)
(1.01394 0.000227485 0)
(1.01333 0.00181671 0)
(1.01213 0.00315325 0)
(1.01042 0.00424818 0)
(1.00831 0.00511282 0)
(1.00588 0.0057639 0)
(1.00322 0.00622591 0)
(1.00041 0.00652899 0)
(0.997521 0.00670639 0)
(0.994604 0.00679205 0)
(1.20133 0.0539994 0)
(1.19768 0.046657 0)
(1.19399 0.0363852 0)
(1.19061 0.0236944 0)
(1.18757 0.00915009 0)
(1.18478 -0.00593802 0)
(1.18241 -0.0197317 0)
(1.18055 -0.030979 0)
(1.17926 -0.0387684 0)
(1.17864 -0.0428209 0)
(1.17866 -0.0439187 0)
(1.17939 -0.0433418 0)
(1.1807 -0.039265 0)
(1.18246 -0.0318429 0)
(1.18435 -0.0222113 0)
(1.18575 -0.0112693 0)
(1.18604 -0.000397603 0)
(1.18498 0.009378 0)
(1.18263 0.0174436 0)
(1.17915 0.0235225 0)
(1.17471 0.0276127 0)
(1.16952 0.0298055 0)
(1.16397 0.0302718 0)
(1.15844 0.0292355 0)
(1.15334 0.0269059 0)
(1.14898 0.0234889 0)
(1.14561 0.0192191 0)
(1.14337 0.0143266 0)
(1.14236 0.00903006 0)
(1.14266 0.00354844 0)
(1.14428 -0.00186215 0)
(1.14721 -0.00703968 0)
(1.15148 -0.0118869 0)
(1.15708 -0.0163158 0)
(1.16395 -0.020256 0)
(1.17191 -0.0236313 0)
(1.18064 -0.0263462 0)
(1.18976 -0.0283287 0)
(1.19884 -0.029585 0)
(1.2076 -0.0301984 0)
(1.21572 -0.0302083 0)
(1.22296 -0.0296055 0)
(1.22916 -0.0284013 0)
(1.2342 -0.026571 0)
(1.23799 -0.0241206 0)
(1.24054 -0.0211996 0)
(1.24206 -0.0179566 0)
(1.24282 -0.0144838 0)
(1.24301 -0.0107873 0)
(1.2428 -0.00681667 0)
(1.24233 -0.00257866 0)
(1.24168 0.00173808 0)
(1.2408 0.00584086 0)
(1.23964 0.00956795 0)
(1.2381 0.0127983 0)
(1.23605 0.0154513 0)
(1.23339 0.0174028 0)
(1.23013 0.0185277 0)
(1.2263 0.0188201 0)
(1.22197 0.0183413 0)
(1.21726 0.0171893 0)
(1.21231 0.0155001 0)
(1.20726 0.0134412 0)
(1.20233 0.011206 0)
(1.19763 0.00896722 0)
(1.19326 0.00688017 0)
(1.18929 0.00507664 0)
(1.18577 0.00364491 0)
(1.18268 0.00264538 0)
(1.17994 0.0021336 0)
(1.17742 0.00216047 0)
(1.17506 0.00271283 0)
(1.17281 0.00370851 0)
(1.17056 0.00504782 0)
(1.1682 0.00662377 0)
(1.16562 0.00832476 0)
(1.16274 0.0100422 0)
(1.15952 0.0116762 0)
(1.15592 0.0131386 0)
(1.15194 0.0143555 0)
(1.1476 0.0152672 0)
(1.14295 0.0158267 0)
(1.13806 0.0159995 0)
(1.13303 0.0157644 0)
(1.12797 0.0151146 0)
(1.12304 0.0140516 0)
(1.11838 0.0125795 0)
(1.11412 0.0107122 0)
(1.11044 0.00846975 0)
(1.10749 0.00587809 0)
(1.10542 0.00297103 0)
(1.10442 -0.000193631 0)
(1.10462 -0.00349569 0)
(1.10609 -0.00680782 0)
(1.10879 -0.0100382 0)
(1.11268 -0.013132 0)
(1.11771 -0.0160325 0)
(1.12381 -0.0186504 0)
(1.13084 -0.0209092 0)
(1.13859 -0.0227313 0)
(1.14686 -0.0240384 0)
(1.15539 -0.0247912 0)
(1.16394 -0.0249856 0)
(1.17231 -0.0246256 0)
(1.1803 -0.0237154 0)
(1.18775 -0.0223067 0)
(1.19453 -0.0204752 0)
(1.20056 -0.0182826 0)
(1.20576 -0.0158035 0)
(1.21009 -0.0131259 0)
(1.21352 -0.0103409 0)
(1.21604 -0.0075337 0)
(1.21768 -0.0047756 0)
(1.21846 -0.00212344 0)
(1.21841 0.000365107 0)
(1.2176 0.00261823 0)
(1.21612 0.00456054 0)
(1.21405 0.00618054 0)
(1.21148 0.00748685 0)
(1.20851 0.00849302 0)
(1.20524 0.00922193 0)
(1.20173 0.00970753 0)
(1.19808 0.00999117 0)
(1.19433 0.0101178 0)
(1.34859 0.0520046 0)
(1.34556 0.0449502 0)
(1.34332 0.0351407 0)
(1.34166 0.0230529 0)
(1.34037 0.00940372 0)
(1.33889 -0.00429679 0)
(1.33686 -0.0167121 0)
(1.33424 -0.0270451 0)
(1.33118 -0.034737 0)
(1.32815 -0.0395334 0)
(1.32534 -0.0415817 0)
(1.32215 -0.0404818 0)
(1.31833 -0.0360735 0)
(1.31384 -0.0289053 0)
(1.30889 -0.0196749 0)
(1.30351 -0.00912822 0)
(1.2977 0.00180675 0)
(1.29155 0.0119533 0)
(1.28505 0.0205574 0)
(1.27825 0.0272047 0)
(1.27128 0.0317412 0)
(1.2643 0.0341661 0)
(1.25754 0.034567 0)
(1.25133 0.0331203 0)
(1.24604 0.0301397 0)
(1.2418 0.0259801 0)
(1.23872 0.0209398 0)
(1.23692 0.0152516 0)
(1.23654 0.00909408 0)
(1.23772 0.00260619 0)
(1.24062 -0.00406007 0)
(1.24545 -0.010734 0)
(1.25238 -0.0172427 0)
(1.26145 -0.0233838 0)
(1.27259 -0.0289478 0)
(1.28566 -0.0337317 0)
(1.30041 -0.0375371 0)
(1.31654 -0.0401982 0)
(1.33365 -0.0416234 0)
(1.35123 -0.0418002 0)
(1.36835 -0.0408097 0)
(1.38447 -0.0388215 0)
(1.39919 -0.0360171 0)
(1.41197 -0.0323699 0)
(1.42239 -0.0279902 0)
(1.43015 -0.0231813 0)
(1.43536 -0.018337 0)
(1.43805 -0.0133615 0)
(1.43821 -0.00830838 0)
(1.43608 -0.00352819 0)
(1.43211 0.00086026 0)
(1.42674 0.00491768 0)
(1.4205 0.0087796 0)
(1.41386 0.0124609 0)
(1.40718 0.0157537 0)
(1.40056 0.0184326 0)
(1.39409 0.020579 0)
(1.3877 0.0220339 0)
(1.38131 0.0226749 0)
(1.37491 0.0225204 0)
(1.36854 0.0216416 0)
(1.36226 0.0201558 0)
(1.35614 0.0182154 0)
(1.35026 0.015992 0)
(1.34467 0.0136678 0)
(1.33942 0.0114171 0)
(1.33452 0.00939508 0)
(1.32995 0.0077281 0)
(1.32566 0.00650756 0)
(1.32157 0.00579801 0)
(1.31759 0.00564337 0)
(1.31364 0.00605709 0)
(1.30963 0.00697903 0)
(1.30548 0.00831687 0)
(1.30111 0.00996875 0)
(1.29647 0.0118237 0)
(1.29152 0.0137669 0)
(1.28621 0.0156865 0)
(1.28053 0.0174774 0)
(1.27445 0.0190433 0)
(1.26798 0.0202983 0)
(1.26116 0.0211674 0)
(1.25405 0.0215873 0)
(1.24673 0.0215066 0)
(1.23934 0.0208861 0)
(1.23205 0.0197005 0)
(1.22506 0.0179384 0)
(1.21856 0.0156093 0)
(1.2128 0.0127323 0)
(1.20799 0.00928958 0)
(1.20441 0.00524874 0)
(1.2023 0.00067911 0)
(1.20193 -0.00420912 0)
(1.20344 -0.00910904 0)
(1.20688 -0.0138485 0)
(1.21232 -0.0184316 0)
(1.21979 -0.0228176 0)
(1.22924 -0.0267873 0)
(1.24048 -0.0301353 0)
(1.25309 -0.0327301 0)
(1.26676 -0.0344848 0)
(1.28111 -0.035356 0)
(1.29571 -0.0353576 0)
(1.31009 -0.0345489 0)
(1.32384 -0.0329562 0)
(1.3366 -0.0306942 0)
(1.34809 -0.0279267 0)
(1.35811 -0.0247337 0)
(1.36654 -0.0212062 0)
(1.37332 -0.017456 0)
(1.37848 -0.0135938 0)
(1.38208 -0.0097234 0)
(1.38423 -0.00593701 0)
(1.38503 -0.00231508 0)
(1.38457 0.00105925 0)
(1.383 0.00407974 0)
(1.38051 0.00670671 0)
(1.37725 0.00890939 0)
(1.37339 0.0106804 0)
(1.36907 0.0120445 0)
(1.36441 0.0130413 0)
(1.35951 0.0137185 0)
(1.35447 0.0141289 0)
(1.34937 0.014326 0)
(1.49025 0.0605736 0)
(1.47295 0.0514662 0)
(1.45891 0.0397335 0)
(1.4477 0.0260761 0)
(1.43879 0.0115366 0)
(1.43154 -0.00265342 0)
(1.4255 -0.0152628 0)
(1.42038 -0.0254463 0)
(1.41597 -0.0327347 0)
(1.4121 -0.0370595 0)
(1.40813 -0.0383651 0)
(1.40362 -0.0362146 0)
(1.39797 -0.0307005 0)
(1.39082 -0.0223029 0)
(1.38207 -0.0117999 0)
(1.37174 -0.000129615 0)
(1.3601 0.0115899 0)
(1.34781 0.0221388 0)
(1.33527 0.0308321 0)
(1.32286 0.0373356 0)
(1.31088 0.0415287 0)
(1.29962 0.0434177 0)
(1.28924 0.0430794 0)
(1.27995 0.0406703 0)
(1.27193 0.036482 0)
(1.26544 0.0308678 0)
(1.26069 0.0241134 0)
(1.25789 0.016463 0)
(1.25717 0.00815028 0)
(1.25868 -0.000651447 0)
(1.26236 -0.00976522 0)
(1.26842 -0.0189648 0)
(1.27684 -0.0280002 0)
(1.28762 -0.036606 0)
(1.30078 -0.0445123 0)
(1.31627 -0.0514557 0)
(1.334 -0.0571795 0)
(1.35384 -0.0614407 0)
(1.3756 -0.0640204 0)
(1.39902 -0.0647424 0)
(1.42376 -0.0635708 0)
(1.4493 -0.0606149 0)
(1.47501 -0.0560372 0)
(1.49946 -0.0499595 0)
(1.52298 -0.0426442 0)
(1.54543 -0.0345739 0)
(1.56458 -0.0260695 0)
(1.57994 -0.0173911 0)
(1.59098 -0.00894032 0)
(1.59751 -0.000890284 0)
(1.59948 0.00683795 0)
(1.5968 0.0138154 0)
(1.59005 0.0193496 0)
(1.57993 0.0234332 0)
(1.56728 0.0264025 0)
(1.55311 0.0286546 0)
(1.53836 0.030294 0)
(1.52377 0.0312502 0)
(1.50967 0.0314707 0)
(1.49625 0.0309438 0)
(1.48362 0.0296914 0)
(1.47183 0.0277882 0)
(1.46093 0.0253808 0)
(1.45096 0.022657 0)
(1.44194 0.019823 0)
(1.43385 0.0170804 0)
(1.42662 0.0146151 0)
(1.42014 0.0125848 0)
(1.41423 0.01111 0)
(1.40871 0.0102755 0)
(1.40338 0.0101341 0)
(1.39808 0.0106901 0)
(1.3926 0.0118716 0)
(1.38677 0.0135549 0)
(1.38049 0.0156022 0)
(1.37368 0.0178816 0)
(1.36631 0.0202677 0)
(1.35838 0.0226414 0)
(1.34989 0.0248901 0)
(1.34084 0.0269054 0)
(1.33127 0.028582 0)
(1.32124 0.029817 0)
(1.31083 0.0305114 0)
(1.30017 0.0305721 0)
(1.28942 0.0299149 0)
(1.27883 0.0284737 0)
(1.26863 0.0262043 0)
(1.25913 0.0230824 0)
(1.25066 0.0190648 0)
(1.24367 0.014185 0)
(1.23833 0.00856057 0)
(1.2347 0.00228825 0)
(1.23294 -0.00447732 0)
(1.2333 -0.0115806 0)
(1.23632 -0.0188495 0)
(1.24265 -0.0260574 0)
(1.2517 -0.0329359 0)
(1.26342 -0.0392086 0)
(1.27772 -0.0446088 0)
(1.29439 -0.0489213 0)
(1.31314 -0.0519905 0)
(1.33362 -0.0536927 0)
(1.35536 -0.0539511 0)
(1.37783 -0.0527736 0)
(1.40009 -0.0502576 0)
(1.42212 -0.0466071 0)
(1.44274 -0.0420269 0)
(1.46148 -0.0367365 0)
(1.47785 -0.0309841 0)
(1.4915 -0.0250169 0)
(1.50227 -0.0190515 0)
(1.51015 -0.0132496 0)
(1.51529 -0.0076995 0)
(1.51789 -0.00243461 0)
(1.51817 0.00246828 0)
(1.51634 0.00676998 0)
(1.5127 0.010327 0)
(1.50762 0.0132679 0)
(1.50149 0.0156455 0)
(1.49467 0.0174665 0)
(1.48741 0.0187727 0)
(1.47991 0.0196362 0)
(1.47235 0.0201333 0)
(1.46482 0.0203363 0)
(1.67726 0.0902165 0)
(1.63671 0.0758766 0)
(1.60172 0.0600571 0)
(1.57184 0.0429341 0)
(1.54658 0.0253821 0)
(1.52545 0.00864543 0)
(1.5081 -0.00607426 0)
(1.49407 -0.0179673 0)
(1.48271 -0.0265751 0)
(1.47328 -0.031683 0)
(1.46469 -0.0330235 0)
(1.45631 -0.0301405 0)
(1.4473 -0.0231811 0)
(1.43679 -0.0128992 0)
(1.42439 -0.00040932 0)
(1.41011 0.0129959 0)
(1.39448 0.025858 0)
(1.3783 0.0368952 0)
(1.36203 0.0455494 0)
(1.34618 0.0515831 0)
(1.33114 0.0549616 0)
(1.31723 0.0557705 0)
(1.30465 0.0541505 0)
(1.29358 0.050283 0)
(1.28416 0.0444402 0)
(1.27653 0.0369743 0)
(1.27079 0.0282357 0)
(1.26705 0.018535 0)
(1.26539 0.0081275 0)
(1.26591 -0.00278559 0)
(1.26871 -0.014033 0)
(1.27387 -0.0254214 0)
(1.28149 -0.0367054 0)
(1.29165 -0.0476221 0)
(1.30438 -0.057902 0)
(1.31969 -0.0672669 0)
(1.33753 -0.0754369 0)
(1.3578 -0.0821374 0)
(1.38038 -0.0871113 0)
(1.40514 -0.0901376 0)
(1.43188 -0.0910542 0)
(1.46038 -0.089763 0)
(1.4904 -0.0862521 0)
(1.52158 -0.0807728 0)
(1.55333 -0.0735074 0)
(1.58499 -0.064157 0)
(1.61571 -0.0526995 0)
(1.64456 -0.0396844 0)
(1.67035 -0.0258431 0)
(1.69198 -0.0119523 0)
(1.70854 0.00138637 0)
(1.71958 0.0136906 0)
(1.72482 0.0248717 0)
(1.72377 0.0349328 0)
(1.7163 0.0426905 0)
(1.70317 0.0476342 0)
(1.68537 0.0501521 0)
(1.66438 0.0509131 0)
(1.64175 0.0503472 0)
(1.61875 0.0487049 0)
(1.59633 0.0461845 0)
(1.57499 0.0429541 0)
(1.55514 0.0391714 0)
(1.53704 0.0350243 0)
(1.52083 0.0307728 0)
(1.50655 0.0266957 0)
(1.49413 0.023053 0)
(1.48338 0.0200592 0)
(1.47403 0.017871 0)
(1.46572 0.0165848 0)
(1.45812 0.0162431 0)
(1.45087 0.016842 0)
(1.44371 0.0183004 0)
(1.4363 0.0204578 0)
(1.42837 0.0231086 0)
(1.41975 0.0260518 0)
(1.41037 0.0291188 0)
(1.40019 0.0321658 0)
(1.38923 0.0350619 0)
(1.37754 0.0376818 0)
(1.3652 0.0398995 0)
(1.35229 0.0415841 0)
(1.33895 0.0426013 0)
(1.32535 0.042817 0)
(1.3117 0.0421016 0)
(1.29825 0.0403462 0)
(1.28531 0.0374686 0)
(1.27319 0.0334087 0)
(1.26221 0.0281457 0)
(1.25271 0.0217509 0)
(1.24504 0.014346 0)
(1.23959 0.00600313 0)
(1.23674 -0.00319959 0)
(1.23677 -0.0130714 0)
(1.23976 -0.0234088 0)
(1.24579 -0.033779 0)
(1.25492 -0.0437309 0)
(1.26718 -0.0529791 0)
(1.28246 -0.0612529 0)
(1.30059 -0.0682677 0)
(1.32137 -0.0737731 0)
(1.34451 -0.0775569 0)
(1.3697 -0.0794449 0)
(1.39658 -0.0793282 0)
(1.42467 -0.0772291 0)
(1.45341 -0.0731731 0)
(1.48207 -0.0672591 0)
(1.50982 -0.0598139 0)
(1.53588 -0.0512278 0)
(1.55947 -0.0419086 0)
(1.57989 -0.0322797 0)
(1.59662 -0.0227549 0)
(1.60937 -0.0136703 0)
(1.6181 -0.00522963 0)
(1.62302 0.00250069 0)
(1.6244 0.00951931 0)
(1.62234 0.0155891 0)
(1.61721 0.0202622 0)
(1.60957 0.023709 0)
(1.60007 0.0261914 0)
(1.5894 0.0278506 0)
(1.5781 0.0288132 0)
(1.56662 0.0292338 0)
(1.55526 0.0292681 0)
(1.89913 0.148436 0)
(1.83914 0.127577 0)
(1.78266 0.104758 0)
(1.73117 0.0812954 0)
(1.68538 0.0580892 0)
(1.64541 0.0360746 0)
(1.61115 0.0164239 0)
(1.58224 0.000226194 0)
(1.55814 -0.0117402 0)
(1.53788 -0.0190705 0)
(1.52021 -0.021547 0)
(1.504 -0.0188601 0)
(1.48856 -0.0111798 0)
(1.47275 0.00055365 0)
(1.45588 0.014808 0)
(1.43793 0.0297066 0)
(1.41945 0.0433397 0)
(1.40081 0.0545933 0)
(1.38243 0.0629475 0)
(1.36473 0.0682325 0)
(1.34806 0.0705009 0)
(1.33268 0.0699305 0)
(1.3188 0.0667444 0)
(1.30651 0.0611914 0)
(1.29588 0.0535838 0)
(1.28698 0.0442882 0)
(1.27986 0.0336488 0)
(1.27463 0.021944 0)
(1.27146 0.00938057 0)
(1.27055 -0.00386261 0)
(1.27208 -0.0176025 0)
(1.27625 -0.031618 0)
(1.28318 -0.0456361 0)
(1.29298 -0.0593433 0)
(1.30569 -0.0724006 0)
(1.32129 -0.0844573 0)
(1.33968 -0.0951687 0)
(1.36073 -0.10422 0)
(1.38423 -0.111344 0)
(1.40998 -0.116326 0)
(1.43773 -0.119021 0)
(1.46722 -0.119348 0)
(1.49817 -0.117286 0)
(1.53027 -0.112893 0)
(1.56313 -0.106228 0)
(1.59644 -0.0972321 0)
(1.62999 -0.0858521 0)
(1.66357 -0.072155 0)
(1.69664 -0.0563753 0)
(1.72815 -0.0389908 0)
(1.75692 -0.0206427 0)
(1.78158 -0.00218899 0)
(1.80095 0.0155079 0)
(1.81429 0.0318006 0)
(1.82124 0.0463602 0)
(1.8211 0.0592147 0)
(1.81309 0.0691178 0)
(1.79755 0.0750081 0)
(1.7755 0.0772061 0)
(1.74872 0.0764792 0)
(1.71922 0.0735355 0)
(1.68881 0.068954 0)
(1.6591 0.0632718 0)
(1.63101 0.0569318 0)
(1.60516 0.0503143 0)
(1.58191 0.0438036 0)
(1.56141 0.0378223 0)
(1.54358 0.0327428 0)
(1.5282 0.0288295 0)
(1.51489 0.0262316 0)
(1.5032 0.025 0)
(1.49263 0.02511 0)
(1.48272 0.0264721 0)
(1.47307 0.0288997 0)
(1.46327 0.0321231 0)
(1.45294 0.0358462 0)
(1.44185 0.0397893 0)
(1.4299 0.0437265 0)
(1.41705 0.0474749 0)
(1.40335 0.0508725 0)
(1.38888 0.0537633 0)
(1.37377 0.0559883 0)
(1.3582 0.0573806 0)
(1.34236 0.0577629 0)
(1.32652 0.0569597 0)
(1.31096 0.0548229 0)
(1.29601 0.0512378 0)
(1.28203 0.0461212 0)
(1.26938 0.0394366 0)
(1.25845 0.0312197 0)
(1.24966 0.0215581 0)
(1.24339 0.0105657 0)
(1.23998 -0.00153363 0)
(1.23964 -0.0144419 0)
(1.24249 -0.0278426 0)
(1.2486 -0.0413247 0)
(1.25798 -0.0544584 0)
(1.27062 -0.0668531 0)
(1.28638 -0.078141 0)
(1.30508 -0.0879843 0)
(1.3265 -0.0960933 0)
(1.35035 -0.102229 0)
(1.37636 -0.106201 0)
(1.40421 -0.107877 0)
(1.43357 -0.10718 0)
(1.4641 -0.104057 0)
(1.49543 -0.0984947 0)
(1.52713 -0.0905968 0)
(1.55853 -0.0806235 0)
(1.58881 -0.0689874 0)
(1.61715 -0.0561681 0)
(1.64268 -0.0427022 0)
(1.66458 -0.0291494 0)
(1.68221 -0.0160374 0)
(1.6952 -0.00378325 0)
(1.70352 0.00735116 0)
(1.70738 0.0172869 0)
(1.70681 0.0259854 0)
(1.70186 0.0328762 0)
(1.69305 0.0376863 0)
(1.68113 0.0407728 0)
(1.66702 0.0424661 0)
(1.65162 0.0430426 0)
(1.63571 0.0428095 0)
(2.08827 0.209085 0)
(2.03256 0.193074 0)
(1.96936 0.169281 0)
(1.90417 0.14101 0)
(1.84169 0.111554 0)
(1.78403 0.0830536 0)
(1.73228 0.0571098 0)
(1.68674 0.0350203 0)
(1.64718 0.017845 0)
(1.61294 0.0063158 0)
(1.58301 0.000810383 0)
(1.55618 0.00150395 0)
(1.53149 0.00823589 0)
(1.50829 0.0198857 0)
(1.48587 0.0344616 0)
(1.4641 0.0494926 0)
(1.44287 0.0630638 0)
(1.42218 0.0739964 0)
(1.40221 0.0817064 0)
(1.38315 0.0860327 0)
(1.36522 0.0870825 0)
(1.3486 0.0851019 0)
(1.3334 0.0803854 0)
(1.31968 0.073245 0)
(1.3075 0.0640178 0)
(1.2969 0.0530448 0)
(1.28802 0.0406169 0)
(1.28106 0.0269481 0)
(1.27627 0.0122103 0)
(1.27393 -0.00343073 0)
(1.27429 -0.0197784 0)
(1.27757 -0.0365781 0)
(1.28395 -0.0535142 0)
(1.29352 -0.070222 0)
(1.30632 -0.0863039 0)
(1.32231 -0.101348 0)
(1.34136 -0.114951 0)
(1.36329 -0.126735 0)
(1.38787 -0.136373 0)
(1.41481 -0.143599 0)
(1.44382 -0.148223 0)
(1.47455 -0.150137 0)
(1.50667 -0.149313 0)
(1.5398 -0.145795 0)
(1.57356 -0.139659 0)
(1.60761 -0.130967 0)
(1.64171 -0.119801 0)
(1.6757 -0.10626 0)
(1.70949 -0.090405 0)
(1.74297 -0.0722951 0)
(1.77579 -0.0520971 0)
(1.80705 -0.030331 0)
(1.83555 -0.00772711 0)
(1.85993 0.014756 0)
(1.87894 0.0361409 0)
(1.89177 0.0556958 0)
(1.89794 0.0730982 0)
(1.89652 0.0882039 0)
(1.88642 0.0990927 0)
(1.86778 0.104997 0)
(1.84149 0.106146 0)
(1.8095 0.103237 0)
(1.77422 0.0972063 0)
(1.73796 0.0890807 0)
(1.70278 0.0799075 0)
(1.6698 0.0704689 0)
(1.63974 0.0613944 0)
(1.61296 0.0532539 0)
(1.58948 0.0465357 0)
(1.56908 0.0415647 0)
(1.55133 0.038482 0)
(1.53569 0.0372788 0)
(1.52157 0.037833 0)
(1.50842 0.039935 0)
(1.49573 0.0432807 0)
(1.48306 0.0474867 0)
(1.46998 0.0521747 0)
(1.45621 0.0569922 0)
(1.44163 0.0616451 0)
(1.42621 0.0658919 0)
(1.41001 0.0695171 0)
(1.39316 0.0723112 0)
(1.37585 0.0740593 0)
(1.35833 0.0745394 0)
(1.3409 0.0735404 0)
(1.32387 0.070884 0)
(1.30759 0.0664262 0)
(1.29245 0.0600633 0)
(1.27885 0.0517466 0)
(1.26721 0.0414899 0)
(1.25793 0.0293785 0)
(1.25139 0.0156155 0)
(1.24788 0.000485389 0)
(1.24759 -0.0156605 0)
(1.25067 -0.0323996 0)
(1.25716 -0.0492545 0)
(1.26706 -0.0657314 0)
(1.28027 -0.0813593 0)
(1.29664 -0.0957024 0)
(1.31596 -0.10837 0)
(1.33795 -0.119028 0)
(1.36232 -0.12741 0)
(1.38876 -0.133313 0)
(1.41692 -0.136606 0)
(1.44648 -0.137221 0)
(1.47712 -0.135136 0)
(1.50852 -0.130362 0)
(1.54042 -0.122947 0)
(1.57255 -0.112973 0)
(1.60456 -0.100607 0)
(1.63588 -0.0861853 0)
(1.66575 -0.0702003 0)
(1.69339 -0.0532139 0)
(1.71793 -0.0358531 0)
(1.73855 -0.0187673 0)
(1.75458 -0.00255054 0)
(1.76569 0.0123363 0)
(1.77187 0.0256414 0)
(1.77317 0.0372824 0)
(1.76936 0.0469635 0)
(1.76064 0.0539233 0)
(1.74765 0.0582945 0)
(1.73134 0.0605111 0)
(1.71281 0.0609783 0)
(2.19991 0.24801 0)
(2.16331 0.246059 0)
(2.11303 0.232306 0)
(2.0524 0.208886 0)
(1.98574 0.178751 0)
(1.91811 0.145899 0)
(1.85361 0.114064 0)
(1.79403 0.085621 0)
(1.74027 0.0622969 0)
(1.69236 0.0452934 0)
(1.64978 0.0353183 0)
(1.61172 0.0325687 0)
(1.57741 0.0366086 0)
(1.54635 0.0461413 0)
(1.51807 0.0589945 0)
(1.49203 0.0727113 0)
(1.46771 0.0852433 0)
(1.44479 0.0952275 0)
(1.42309 0.101949 0)
(1.40256 0.105181 0)
(1.38324 0.105018 0)
(1.36517 0.101722 0)
(1.34842 0.0956237 0)
(1.33301 0.0870557 0)
(1.31902 0.0763403 0)
(1.30657 0.063749 0)
(1.29587 0.0494831 0)
(1.2872 0.033697 0)
(1.28088 0.0165306 0)
(1.27725 -0.00184432 0)
(1.27661 -0.0211987 0)
(1.2792 -0.0412226 0)
(1.28522 -0.0615237 0)
(1.29476 -0.0816511 0)
(1.30784 -0.101117 0)
(1.32437 -0.119426 0)
(1.3442 -0.1361 0)
(1.36708 -0.150704 0)
(1.39274 -0.162869 0)
(1.42083 -0.172302 0)
(1.451 -0.178796 0)
(1.48287 -0.182228 0)
(1.51606 -0.182558 0)
(1.5502 -0.179811 0)
(1.58492 -0.174061 0)
(1.61986 -0.165414 0)
(1.65472 -0.154014 0)
(1.68925 -0.14006 0)
(1.72323 -0.123771 0)
(1.75654 -0.105318 0)
(1.78919 -0.0847535 0)
(1.82118 -0.0620726 0)
(1.85221 -0.0374512 0)
(1.88137 -0.0115637 0)
(1.90746 0.0147069 0)
(1.9292 0.0404077 0)
(1.94546 0.0645947 0)
(1.95553 0.0864376 0)
(1.95883 0.105463 0)
(1.95407 0.121227 0)
(1.94021 0.131752 0)
(1.91735 0.136105 0)
(1.88644 0.13472 0)
(1.84962 0.128474 0)
(1.80958 0.118653 0)
(1.76909 0.106884 0)
(1.7303 0.0946739 0)
(1.6943 0.0830483 0)
(1.66173 0.072772 0)
(1.63279 0.0644456 0)
(1.60731 0.0584477 0)
(1.58492 0.0549069 0)
(1.56505 0.0537424 0)
(1.5471 0.0547195 0)
(1.53045 0.0574932 0)
(1.5145 0.0616369 0)
(1.49879 0.0666563 0)
(1.48287 0.0720778 0)
(1.46645 0.0774798 0)
(1.44939 0.0824933 0)
(1.4317 0.0868019 0)
(1.41346 0.0901189 0)
(1.39488 0.0921628 0)
(1.37621 0.0926601 0)
(1.35774 0.0913684 0)
(1.3398 0.0880771 0)
(1.32274 0.0826079 0)
(1.30698 0.0748239 0)
(1.29294 0.0646458 0)
(1.28105 0.0521031 0)
(1.27173 0.0373491 0)
(1.26529 0.020623 0)
(1.26202 0.00227956 0)
(1.2621 -0.0172358 0)
(1.26565 -0.0374216 0)
(1.2727 -0.0577299 0)
(1.28321 -0.0775966 0)
(1.29705 -0.0964771 0)
(1.31402 -0.11387 0)
(1.3339 -0.129334 0)
(1.35637 -0.142499 0)
(1.38115 -0.153069 0)
(1.40788 -0.160824 0)
(1.43624 -0.165618 0)
(1.46587 -0.167379 0)
(1.49642 -0.166101 0)
(1.52757 -0.161838 0)
(1.55902 -0.154695 0)
(1.59051 -0.144811 0)
(1.62184 -0.132329 0)
(1.6528 -0.117404 0)
(1.68315 -0.100267 0)
(1.71235 -0.0813554 0)
(1.73974 -0.0612115 0)
(1.76458 -0.0404588 0)
(1.78602 -0.0197906 0)
(1.8033 9.74787e-05 0)
(1.81584 0.0186106 0)
(1.82339 0.0353331 0)
(1.82591 0.050014 0)
(1.82315 0.0624484 0)
(1.8149 0.0718568 0)
(1.80158 0.0779009 0)
(1.78398 0.0810018 0)
(2.25237 0.26625 0)
(2.23262 0.280181 0)
(2.19874 0.280401 0)
(2.15142 0.268251 0)
(2.09286 0.245552 0)
(2.02683 0.21517 0)
(1.95783 0.181262 0)
(1.89047 0.148375 0)
(1.82692 0.119523 0)
(1.7684 0.0967799 0)
(1.71533 0.0814014 0)
(1.66758 0.0737921 0)
(1.62485 0.0734896 0)
(1.58674 0.0791597 0)
(1.55278 0.0887334 0)
(1.52232 0.0998226 0)
(1.49465 0.110295 0)
(1.46917 0.118627 0)
(1.44544 0.123943 0)
(1.42317 0.125891 0)
(1.40221 0.124481 0)
(1.38251 0.119933 0)
(1.36404 0.112552 0)
(1.34685 0.102649 0)
(1.33105 0.0904791 0)
(1.3168 0.0762216 0)
(1.3044 0.0600084 0)
(1.29419 0.0419452 0)
(1.28654 0.0221587 0)
(1.28183 0.000838527 0)
(1.28037 -0.0217413 0)
(1.28245 -0.045214 0)
(1.28825 -0.0691112 0)
(1.29787 -0.0928922 0)
(1.3113 -0.115976 0)
(1.32843 -0.137775 0)
(1.34906 -0.15773 0)
(1.37288 -0.175335 0)
(1.39957 -0.190165 0)
(1.42872 -0.201893 0)
(1.45993 -0.21029 0)
(1.49278 -0.215229 0)
(1.52687 -0.216678 0)
(1.56178 -0.214677 0)
(1.59718 -0.209325 0)
(1.63271 -0.20076 0)
(1.66809 -0.189155 0)
(1.70308 -0.174713 0)
(1.73742 -0.15767 0)
(1.77091 -0.138285 0)
(1.80341 -0.116794 0)
(1.83489 -0.0933498 0)
(1.86542 -0.0679552 0)
(1.89503 -0.0406115 0)
(1.92316 -0.0117821 0)
(1.94885 0.0177125 0)
(1.97099 0.046957 0)
(1.98846 0.0749703 0)
(2.0003 0.100726 0)
(2.00589 0.123419 0)
(2.00449 0.14257 0)
(1.99453 0.157072 0)
(1.97536 0.164854 0)
(1.94713 0.165755 0)
(1.91119 0.160378 0)
(1.86992 0.149932 0)
(1.82624 0.136333 0)
(1.78324 0.121835 0)
(1.74259 0.108044 0)
(1.70521 0.0959915 0)
(1.67152 0.0863593 0)
(1.6415 0.0795453 0)
(1.61482 0.0756532 0)
(1.59099 0.0745316 0)
(1.56939 0.075843 0)
(1.54938 0.0791193 0)
(1.53036 0.0838128 0)
(1.51178 0.0893397 0)
(1.49327 0.0951177 0)
(1.47455 0.100629 0)
(1.45551 0.105421 0)
(1.43618 0.109091 0)
(1.41671 0.111275 0)
(1.39732 0.11165 0)
(1.37826 0.109932 0)
(1.35988 0.105864 0)
(1.34253 0.0992233 0)
(1.32664 0.0898343 0)
(1.31265 0.0776344 0)
(1.30097 0.0626715 0)
(1.29197 0.0451268 0)
(1.28597 0.0253138 0)
(1.28321 0.00366011 0)
(1.28387 -0.019315 0)
(1.28805 -0.0430235 0)
(1.29575 -0.0668311 0)
(1.30689 -0.0900917 0)
(1.3213 -0.11219 0)
(1.33876 -0.132568 0)
(1.35901 -0.150742 0)
(1.38174 -0.166307 0)
(1.40664 -0.178948 0)
(1.43339 -0.188437 0)
(1.46163 -0.194627 0)
(1.49103 -0.19744 0)
(1.52125 -0.196871 0)
(1.55196 -0.192982 0)
(1.58284 -0.185901 0)
(1.61359 -0.175813 0)
(1.64397 -0.162943 0)
(1.67377 -0.147522 0)
(1.7029 -0.129756 0)
(1.73122 -0.109845 0)
(1.75849 -0.0881069 0)
(1.7842 -0.0650669 0)
(1.80775 -0.0413052 0)
(1.8284 -0.0175041 0)
(1.84538 0.00560267 0)
(1.85802 0.0273497 0)
(1.86589 0.0472076 0)
(1.86881 0.0647627 0)
(1.86652 0.0797281 0)
(1.85855 0.091491 0)
(1.8451 0.0992897 0)
(2.26685 0.272959 0)
(2.25917 0.298741 0)
(2.23741 0.313436 0)
(2.20346 0.31467 0)
(2.15674 0.303134 0)
(2.09929 0.280596 0)
(2.03442 0.250224 0)
(1.96613 0.216472 0)
(1.89878 0.184242 0)
(1.83457 0.156772 0)
(1.77484 0.136037 0)
(1.72032 0.122952 0)
(1.67122 0.117362 0)
(1.62744 0.118127 0)
(1.5886 0.12336 0)
(1.55409 0.130817 0)
(1.52315 0.138387 0)
(1.49504 0.144442 0)
(1.46912 0.147948 0)
(1.44496 0.148396 0)
(1.42226 0.145663 0)
(1.40086 0.139872 0)
(1.38068 0.131253 0)
(1.36178 0.120039 0)
(1.34428 0.106386 0)
(1.32841 0.0903841 0)
(1.31452 0.0720854 0)
(1.30298 0.0515497 0)
(1.29423 0.028894 0)
(1.28865 0.00433251 0)
(1.2866 -0.0218043 0)
(1.28836 -0.0490755 0)
(1.29412 -0.076919 0)
(1.30397 -0.10468 0)
(1.31786 -0.131659 0)
(1.33565 -0.157158 0)
(1.35706 -0.18053 0)
(1.38175 -0.201203 0)
(1.40934 -0.218703 0)
(1.43938 -0.232672 0)
(1.47142 -0.242871 0)
(1.505 -0.249181 0)
(1.53969 -0.251585 0)
(1.57508 -0.250153 0)
(1.61079 -0.245024 0)
(1.64652 -0.236382 0)
(1.68196 -0.224441 0)
(1.7169 -0.209443 0)
(1.75116 -0.191652 0)
(1.78457 -0.171332 0)
(1.81697 -0.148741 0)
(1.84822 -0.124117 0)
(1.87825 -0.0976315 0)
(1.90713 -0.0693291 0)
(1.93492 -0.0391881 0)
(1.96133 -0.00751416 0)
(1.98555 0.024913 0)
(2.00665 0.0571861 0)
(2.02365 0.0882813 0)
(2.03558 0.117213 0)
(2.04174 0.143009 0)
(2.04155 0.164906 0)
(2.03367 0.182165 0)
(2.01685 0.192747 0)
(1.99086 0.19575 0)
(1.95646 0.191579 0)
(1.91555 0.181315 0)
(1.87072 0.16688 0)
(1.82515 0.150852 0)
(1.78141 0.135506 0)
(1.74061 0.12217 0)
(1.70337 0.111622 0)
(1.66983 0.104263 0)
(1.63975 0.100162 0)
(1.61268 0.0991007 0)
(1.58806 0.100647 0)
(1.56527 0.104218 0)
(1.54373 0.109138 0)
(1.52292 0.114704 0)
(1.50249 0.120246 0)
(1.48221 0.125157 0)
(1.46201 0.128899 0)
(1.44194 0.131011 0)
(1.42217 0.131091 0)
(1.40294 0.128787 0)
(1.38456 0.123784 0)
(1.36738 0.115805 0)
(1.35185 0.104665 0)
(1.33834 0.0902957 0)
(1.32725 0.0727817 0)
(1.31891 0.0523565 0)
(1.31363 0.0293901 0)
(1.31161 0.00437919 0)
(1.31303 -0.0220758 0)
(1.31793 -0.0492984 0)
(1.32631 -0.0765669 0)
(1.33804 -0.103153 0)
(1.35291 -0.128372 0)
(1.37066 -0.151598 0)
(1.39101 -0.172335 0)
(1.4137 -0.190167 0)
(1.43841 -0.204756 0)
(1.46482 -0.215847 0)
(1.49257 -0.223288 0)
(1.52136 -0.227025 0)
(1.55086 -0.22706 0)
(1.58074 -0.223457 0)
(1.61072 -0.216354 0)
(1.64049 -0.205958 0)
(1.66978 -0.192531 0)
(1.69835 -0.176362 0)
(1.72606 -0.15775 0)
(1.7528 -0.136961 0)
(1.77856 -0.114213 0)
(1.80325 -0.0897459 0)
(1.82654 -0.0640125 0)
(1.84794 -0.0375642 0)
(1.86684 -0.0110393 0)
(1.8825 0.0148308 0)
(1.89425 0.0393535 0)
(1.90157 0.0619181 0)
(1.90415 0.0819903 0)
(1.90172 0.0991526 0)
(1.89372 0.112862 0)
(2.26578 0.274979 0)
(2.26175 0.309298 0)
(2.24735 0.335093 0)
(2.22266 0.349064 0)
(2.18651 0.3495 0)
(2.13908 0.337163 0)
(2.08228 0.314073 0)
(2.01895 0.283744 0)
(1.9527 0.250953 0)
(1.88746 0.220564 0)
(1.82514 0.195503 0)
(1.76707 0.177284 0)
(1.71406 0.166252 0)
(1.66637 0.16169 0)
(1.62388 0.162026 0)
(1.5861 0.165247 0)
(1.55233 0.16934 0)
(1.52181 0.172644 0)
(1.49384 0.173998 0)
(1.46787 0.172732 0)
(1.4435 0.168567 0)
(1.4205 0.161489 0)
(1.39877 0.151607 0)
(1.37835 0.139043 0)
(1.3594 0.123834 0)
(1.34219 0.10597 0)
(1.32708 0.085428 0)
(1.31451 0.062231 0)
(1.30492 0.0364948 0)
(1.29873 0.00846642 0)
(1.29631 -0.0214593 0)
(1.29796 -0.0527532 0)
(1.30386 -0.0847478 0)
(1.31406 -0.116671 0)
(1.3285 -0.147699 0)
(1.34694 -0.177025 0)
(1.36907 -0.203906 0)
(1.39448 -0.227689 0)
(1.42274 -0.247863 0)
(1.4534 -0.264045 0)
(1.48596 -0.275977 0)
(1.51995 -0.283554 0)
(1.55489 -0.286796 0)
(1.59036 -0.285816 0)
(1.62599 -0.28079 0)
(1.66144 -0.271942 0)
(1.69646 -0.259551 0)
(1.73087 -0.24392 0)
(1.76453 -0.225344 0)
(1.79733 -0.204101 0)
(1.82917 -0.180451 0)
(1.85994 -0.154636 0)
(1.88952 -0.126871 0)
(1.91784 -0.0973079 0)
(1.9449 -0.0659986 0)
(1.97074 -0.0329391 0)
(1.99511 0.00158051 0)
(2.01733 0.0367702 0)
(2.0366 0.0717327 0)
(2.05207 0.105452 0)
(2.06291 0.136922 0)
(2.0684 0.165145 0)
(2.06797 0.189232 0)
(2.06044 0.208446 0)
(2.04437 0.220892 0)
(2.01943 0.225256 0)
(1.98609 0.221937 0)
(1.94588 0.212023 0)
(1.9011 0.19738 0)
(1.85458 0.180607 0)
(1.80929 0.164377 0)
(1.7666 0.150304 0)
(1.72725 0.139271 0)
(1.69148 0.131671 0)
(1.65916 0.127518 0)
(1.62992 0.126515 0)
(1.60326 0.128129 0)
(1.57861 0.131664 0)
(1.55544 0.136331 0)
(1.53331 0.141324 0)
(1.51188 0.145884 0)
(1.491 0.149332 0)
(1.47061 0.15108 0)
(1.45083 0.150622 0)
(1.43182 0.147521 0)
(1.41386 0.141387 0)
(1.39732 0.131904 0)
(1.38256 0.118865 0)
(1.36992 0.102224 0)
(1.35976 0.0820952 0)
(1.35238 0.0587533 0)
(1.34803 0.0326249 0)
(1.34692 0.00427618 0)
(1.34916 -0.0256158 0)
(1.35481 -0.0562898 0)
(1.36383 -0.0869306 0)
(1.37603 -0.116694 0)
(1.39117 -0.144806 0)
(1.40899 -0.170679 0)
(1.42922 -0.193791 0)
(1.45156 -0.213707 0)
(1.47572 -0.230074 0)
(1.5014 -0.24263 0)
(1.52831 -0.251211 0)
(1.55611 -0.255751 0)
(1.58448 -0.256277 0)
(1.61313 -0.252873 0)
(1.64177 -0.245674 0)
(1.67012 -0.234896 0)
(1.69793 -0.220832 0)
(1.72501 -0.203822 0)
(1.75116 -0.184221 0)
(1.77629 -0.162374 0)
(1.80031 -0.138579 0)
(1.82326 -0.113065 0)
(1.84512 -0.0860299 0)
(1.8657 -0.0578203 0)
(1.8846 -0.0289747 0)
(1.90127 -9.02707e-05 0)
(1.91506 0.0281198 0)
(1.92534 0.054943 0)
(1.93155 0.0797145 0)
(1.9333 0.10183 0)
(1.93028 0.120772 0)
(2.25731 0.275823 0)
(2.25361 0.317841 0)
(2.24255 0.351647 0)
(2.22315 0.375553 0)
(2.19416 0.386833 0)
(2.15523 0.384687 0)
(2.10682 0.370193 0)
(2.0507 0.345827 0)
(1.98942 0.315532 0)
(1.92642 0.284278 0)
(1.8648 0.25633 0)
(1.80615 0.233938 0)
(1.75165 0.217986 0)
(1.70195 0.208237 0)
(1.65722 0.203575 0)
(1.61719 0.202327 0)
(1.58132 0.202654 0)
(1.5489 0.202917 0)
(1.51923 0.201874 0)
(1.49173 0.198717 0)
(1.46596 0.193007 0)
(1.44164 0.18457 0)
(1.41865 0.173368 0)
(1.39705 0.159385 0)
(1.377 0.142527 0)
(1.35879 0.122677 0)
(1.34284 0.0997397 0)
(1.32958 0.073699 0)
(1.31949 0.0446698 0)
(1.313 0.0129358 0)
(1.3105 -0.0210362 0)
(1.31228 -0.0566166 0)
(1.31851 -0.0930138 0)
(1.32922 -0.129316 0)
(1.34426 -0.164547 0)
(1.36331 -0.197729 0)
(1.38601 -0.228062 0)
(1.41192 -0.254876 0)
(1.44058 -0.277626 0)
(1.47149 -0.295904 0)
(1.50417 -0.309447 0)
(1.53812 -0.318143 0)
(1.57286 -0.32203 0)
(1.60792 -0.32128 0)
(1.64293 -0.316133 0)
(1.67757 -0.306891 0)
(1.71164 -0.293907 0)
(1.74497 -0.277544 0)
(1.77748 -0.258141 0)
(1.80912 -0.235998 0)
(1.83987 -0.211374 0)
(1.86966 -0.18449 0)
(1.89842 -0.155548 0)
(1.92604 -0.124717 0)
(1.95243 -0.0921073 0)
(1.97756 -0.0577519 0)
(2.00139 -0.0216909 0)
(2.0236 0.0156658 0)
(2.04355 0.0534799 0)
(2.06056 0.0908207 0)
(2.07393 0.126662 0)
(2.083 0.16006 0)
(2.08705 0.190197 0)
(2.08532 0.216133 0)
(2.07682 0.23664 0)
(2.06029 0.249919 0)
(2.03548 0.25481 0)
(2.00261 0.251807 0)
(1.96297 0.241968 0)
(1.91867 0.227204 0)
(1.87235 0.210177 0)
(1.82686 0.193643 0)
(1.78365 0.179342 0)
(1.74355 0.168215 0)
(1.70688 0.160631 0)
(1.67359 0.156525 0)
(1.64337 0.155503 0)
(1.61579 0.156923 0)
(1.59036 0.159979 0)
(1.56663 0.163781 0)
(1.54422 0.167442 0)
(1.52287 0.170143 0)
(1.50246 0.171159 0)
(1.483 0.169865 0)
(1.46459 0.165719 0)
(1.44747 0.158248 0)
(1.43196 0.147102 0)
(1.41832 0.132062 0)
(1.40688 0.113095 0)
(1.39791 0.0903386 0)
(1.39169 0.0641069 0)
(1.38843 0.0348783 0)
(1.38829 0.00328012 0)
(1.39138 -0.0299414 0)
(1.39774 -0.0639399 0)
(1.40729 -0.0977803 0)
(1.4198 -0.130489 0)
(1.43504 -0.161325 0)
(1.45276 -0.189649 0)
(1.47265 -0.214917 0)
(1.49441 -0.236683 0)
(1.51774 -0.254606 0)
(1.54234 -0.268435 0)
(1.56796 -0.278 0)
(1.59434 -0.28322 0)
(1.62116 -0.284112 0)
(1.64812 -0.280773 0)
(1.67498 -0.273369 0)
(1.70149 -0.262149 0)
(1.72744 -0.24744 0)
(1.75265 -0.229609 0)
(1.77698 -0.20904 0)
(1.80031 -0.186117 0)
(1.82256 -0.161193 0)
(1.84371 -0.13457 0)
(1.86377 -0.106473 0)
(1.88279 -0.0770681 0)
(1.90064 -0.0466192 0)
(1.91696 -0.0156545 0)
(1.93127 0.0152507 0)
(1.943 0.0454055 0)
(1.95153 0.0740845 0)
(1.95631 0.100587 0)
(1.95693 0.124252 0)
(2.23711 0.274915 0)
(2.23509 0.324351 0)
(2.22628 0.36555 0)
(2.21066 0.397078 0)
(2.1869 0.417436 0)
(2.15461 0.42453 0)
(2.11377 0.418498 0)
(2.06516 0.400995 0)
(2.01054 0.375081 0)
(1.95229 0.345058 0)
(1.89367 0.315751 0)
(1.83677 0.290366 0)
(1.78294 0.27038 0)
(1.73308 0.256061 0)
(1.68761 0.246738 0)
(1.6465 0.241109 0)
(1.60941 0.23761 0)
(1.57577 0.234713 0)
(1.54496 0.231142 0)
(1.5164 0.225976 0)
(1.48966 0.218628 0)
(1.46444 0.208756 0)
(1.44062 0.196161 0)
(1.41828 0.180672 0)
(1.39757 0.162057 0)
(1.37883 0.140095 0)
(1.36247 0.114616 0)
(1.34894 0.0855686 0)
(1.33872 0.0530703 0)
(1.33227 0.0174518 0)
(1.32996 -0.0207431 0)
(1.33208 -0.0607714 0)
(1.33878 -0.101701 0)
(1.35003 -0.142454 0)
(1.36561 -0.18184 0)
(1.38516 -0.218832 0)
(1.40827 -0.252571 0)
(1.43446 -0.282319 0)
(1.46322 -0.307496 0)
(1.49402 -0.32769 0)
(1.52634 -0.342652 0)
(1.5597 -0.352287 0)
(1.59366 -0.356649 0)
(1.62775 -0.355933 0)
(1.66155 -0.350477 0)
(1.69481 -0.340677 0)
(1.72733 -0.326966 0)
(1.759 -0.309782 0)
(1.7898 -0.289521 0)
(1.81975 -0.26651 0)
(1.84888 -0.241005 0)
(1.8772 -0.213204 0)
(1.90467 -0.183268 0)
(1.93123 -0.151335 0)
(1.95674 -0.117522 0)
(1.98111 -0.0818973 0)
(2.00424 -0.0444821 0)
(2.02602 -0.00539314 0)
(2.046 0.0347521 0)
(2.06354 0.0750292 0)
(2.07798 0.114459 0)
(2.08876 0.152076 0)
(2.09506 0.187126 0)
(2.09647 0.218738 0)
(2.09358 0.245602 0)
(2.0836 0.266439 0)
(2.06619 0.279755 0)
(2.04108 0.284559 0)
(2.00831 0.281283 0)
(1.9692 0.271115 0)
(1.92576 0.25612 0)
(1.88042 0.239024 0)
(1.83581 0.222561 0)
(1.79328 0.208406 0)
(1.75365 0.197447 0)
(1.71731 0.189998 0)
(1.68424 0.185902 0)
(1.65422 0.184644 0)
(1.62688 0.185461 0)
(1.60183 0.187442 0)
(1.57867 0.189623 0)
(1.55712 0.191071 0)
(1.53698 0.190938 0)
(1.51816 0.188473 0)
(1.50069 0.183008 0)
(1.48477 0.174 0)
(1.47061 0.161055 0)
(1.45842 0.143946 0)
(1.44843 0.122642 0)
(1.44089 0.0973019 0)
(1.43599 0.0682704 0)
(1.43392 0.0360669 0)
(1.43481 0.00136608 0)
(1.43873 -0.0350217 0)
(1.44572 -0.0721615 0)
(1.45565 -0.108969 0)
(1.4683 -0.144418 0)
(1.48345 -0.17775 0)
(1.50083 -0.208282 0)
(1.52013 -0.235448 0)
(1.54104 -0.258804 0)
(1.56323 -0.278024 0)
(1.58643 -0.292882 0)
(1.61038 -0.303223 0)
(1.63489 -0.308956 0)
(1.65974 -0.310084 0)
(1.68462 -0.306721 0)
(1.70934 -0.299059 0)
(1.73366 -0.28737 0)
(1.75739 -0.272008 0)
(1.7804 -0.253379 0)
(1.80257 -0.231898 0)
(1.82382 -0.207973 0)
(1.84411 -0.181989 0)
(1.86339 -0.154282 0)
(1.88166 -0.125123 0)
(1.89894 -0.0947052 0)
(1.91526 -0.0631679 0)
(1.93053 -0.030738 0)
(1.94441 0.00206464 0)
(1.95644 0.034661 0)
(1.96609 0.0663685 0)
(1.97281 0.0964571 0)
(1.97606 0.124206 0)
(2.20672 0.272819 0)
(2.20628 0.328764 0)
(2.1996 0.376539 0)
(2.18689 0.414872 0)
(2.16783 0.442535 0)
(2.14109 0.457894 0)
(2.107 0.459647 0)
(2.06568 0.448978 0)
(2.0182 0.428251 0)
(1.9663 0.401053 0)
(1.91233 0.371827 0)
(1.85893 0.344648 0)
(1.8075 0.321626 0)
(1.75909 0.303524 0)
(1.71432 0.290122 0)
(1.67336 0.280502 0)
(1.63605 0.273367 0)
(1.60201 0.267345 0)
(1.57073 0.261214 0)
(1.54172 0.253985 0)
(1.51457 0.244933 0)
(1.48899 0.233556 0)
(1.46489 0.219492 0)
(1.44234 0.202407 0)
(1.42152 0.181935 0)
(1.40276 0.157748 0)
(1.38649 0.129608 0)
(1.37315 0.0974294 0)
(1.36323 0.0613417 0)
(1.35717 0.0217095 0)
(1.35533 -0.020838 0)
(1.35799 -0.065426 0)
(1.36528 -0.110968 0)
(1.3771 -0.15617 0)
(1.39313 -0.199668 0)
(1.41302 -0.24039 0)
(1.4363 -0.277381 0)
(1.46243 -0.309853 0)
(1.49088 -0.33721 0)
(1.52107 -0.359055 0)
(1.55251 -0.375169 0)
(1.58471 -0.385491 0)
(1.61725 -0.390088 0)
(1.64971 -0.389195 0)
(1.68169 -0.383229 0)
(1.71293 -0.372693 0)
(1.74329 -0.358121 0)
(1.77271 -0.340042 0)
(1.80123 -0.318914 0)
(1.82895 -0.295095 0)
(1.85596 -0.268835 0)
(1.88233 -0.2403 0)
(1.90808 -0.209594 0)
(1.93317 -0.176802 0)
(1.95749 -0.142 0)
(1.98088 -0.105256 0)
(2.00319 -0.0666098 0)
(2.0243 -0.0261119 0)
(2.04396 0.015972 0)
(2.06155 0.0588154 0)
(2.07636 0.1015 0)
(2.08778 0.143016 0)
(2.0954 0.182222 0)
(2.09816 0.218211 0)
(2.09802 0.250011 0)
(2.09267 0.276764 0)
(2.08113 0.29714 0)
(2.0628 0.309829 0)
(2.0372 0.313805 0)
(2.00464 0.309678 0)
(1.9664 0.29885 0)
(1.92435 0.283528 0)
(1.88078 0.266485 0)
(1.83805 0.250335 0)
(1.79729 0.236567 0)
(1.75928 0.225912 0)
(1.72439 0.218559 0)
(1.69268 0.214242 0)
(1.66399 0.212329 0)
(1.63804 0.211949 0)
(1.6145 0.212114 0)
(1.59306 0.211819 0)
(1.57347 0.210114 0)
(1.55559 0.206127 0)
(1.53936 0.199063 0)
(1.52495 0.188324 0)
(1.51243 0.173467 0)
(1.50194 0.15425 0)
(1.49364 0.130641 0)
(1.48771 0.102808 0)
(1.48429 0.0711171 0)
(1.4835 0.0361184 0)
(1.48544 -0.00147521 0)
(1.49017 -0.0407982 0)
(1.49769 -0.0808285 0)
(1.50785 -0.120321 0)
(1.52045 -0.158262 0)
(1.53528 -0.193841 0)
(1.55205 -0.226329 0)
(1.57047 -0.255128 0)
(1.5902 -0.279783 0)
(1.61091 -0.299995 0)
(1.63234 -0.31559 0)
(1.65427 -0.326473 0)
(1.67659 -0.332574 0)
(1.69914 -0.333858 0)
(1.72164 -0.330404 0)
(1.74389 -0.322423 0)
(1.76569 -0.310218 0)
(1.78688 -0.294193 0)
(1.80735 -0.274795 0)
(1.82705 -0.252478 0)
(1.84595 -0.227674 0)
(1.86403 -0.200774 0)
(1.88129 -0.172126 0)
(1.89771 -0.142019 0)
(1.91328 -0.110673 0)
(1.92801 -0.0782344 0)
(1.94192 -0.0448179 0)
(1.95488 -0.0106506 0)
(1.96653 0.023722 0)
(1.97646 0.0577096 0)
(1.98417 0.0906124 0)
(1.98917 0.121684 0)
(2.16673 0.269621 0)
(2.16779 0.33138 0)
(2.1633 0.385003 0)
(2.15335 0.429223 0)
(2.13814 0.462961 0)
(2.11703 0.485091 0)
(2.08912 0.493992 0)
(2.05482 0.489752 0)
(2.01458 0.474368 0)
(1.96964 0.450834 0)
(1.92168 0.423053 0)
(1.873 0.395216 0)
(1.82534 0.370193 0)
(1.77975 0.349206 0)
(1.73695 0.332443 0)
(1.69731 0.319359 0)
(1.66083 0.308948 0)
(1.62729 0.300018 0)
(1.59633 0.291405 0)
(1.56756 0.282111 0)
(1.54064 0.271322 0)
(1.51533 0.258381 0)
(1.49157 0.242778 0)
(1.46942 0.224014 0)
(1.44909 0.201595 0)
(1.4309 0.175094 0)
(1.41526 0.144207 0)
(1.40263 0.10882 0)
(1.39344 0.0690709 0)
(1.38813 0.025371 0)
(1.38704 -0.0215548 0)
(1.39041 -0.0707019 0)
(1.39833 -0.120808 0)
(1.41064 -0.170314 0)
(1.42698 -0.217776 0)
(1.44696 -0.262026 0)
(1.47007 -0.302027 0)
(1.49574 -0.336945 0)
(1.52339 -0.366182 0)
(1.55244 -0.38937 0)
(1.58241 -0.406342 0)
(1.61283 -0.417077 0)
(1.64331 -0.421673 0)
(1.67352 -0.420401 0)
(1.70302 -0.413737 0)
(1.73161 -0.402303 0)
(1.75919 -0.386759 0)
(1.78576 -0.367741 0)
(1.81145 -0.345774 0)
(1.83641 -0.321243 0)
(1.86082 -0.294392 0)
(1.88481 -0.26534 0)
(1.90844 -0.234127 0)
(1.9317 -0.200758 0)
(1.95449 -0.165244 0)
(1.97665 -0.127611 0)
(1.99797 -0.0879062 0)
(2.01825 -0.0461773 0)
(2.0373 -0.00253314 0)
(2.0547 0.0426102 0)
(2.06974 0.088218 0)
(2.08186 0.133157 0)
(2.09065 0.176129 0)
(2.09554 0.21589 0)
(2.09625 0.25183 0)
(2.0932 0.283364 0)
(2.08508 0.309264 0)
(2.07186 0.328452 0)
(2.05225 0.339527 0)
(2.02617 0.341873 0)
(1.99401 0.336344 0)
(1.957 0.324546 0)
(1.91688 0.308814 0)
(1.87582 0.291917 0)
(1.83579 0.276196 0)
(1.79775 0.262877 0)
(1.76238 0.252488 0)
(1.73001 0.245031 0)
(1.70073 0.240087 0)
(1.67443 0.236918 0)
(1.65091 0.234591 0)
(1.6299 0.232092 0)
(1.61116 0.228406 0)
(1.59446 0.222542 0)
(1.57974 0.213599 0)
(1.56709 0.200947 0)
(1.55644 0.184084 0)
(1.54787 0.162747 0)
(1.54146 0.136895 0)
(1.53729 0.106699 0)
(1.53546 0.0725404 0)
(1.53603 0.0349837 0)
(1.53905 -0.0052357 0)
(1.54456 -0.0472122 0)
(1.55252 -0.089817 0)
(1.56275 -0.131691 0)
(1.57507 -0.171816 0)
(1.58927 -0.209326 0)
(1.6051 -0.243452 0)
(1.62227 -0.273571 0)
(1.64049 -0.299235 0)
(1.65944 -0.320173 0)
(1.67886 -0.336269 0)
(1.69854 -0.34749 0)
(1.7184 -0.353804 0)
(1.73837 -0.355133 0)
(1.75818 -0.351503 0)
(1.77765 -0.343134 0)
(1.79663 -0.330374 0)
(1.81496 -0.313681 0)
(1.83261 -0.29356 0)
(1.84956 -0.270503 0)
(1.86586 -0.244965 0)
(1.88153 -0.217341 0)
(1.8966 -0.187964 0)
(1.91107 -0.157114 0)
(1.92492 -0.125012 0)
(1.93813 -0.0918157 0)
(1.95068 -0.0576317 0)
(1.96255 -0.0225699 0)
(1.97353 0.0130748 0)
(1.98326 0.0487051 0)
(1.99136 0.0837207 0)
(1.99739 0.117416 0)
(2.11774 0.265311 0)
(2.12036 0.332169 0)
(2.11817 0.390931 0)
(2.11117 0.440238 0)
(2.09959 0.479051 0)
(2.08353 0.506554 0)
(2.06185 0.521768 0)
(2.03437 0.523567 0)
(2.00143 0.513384 0)
(1.96375 0.493865 0)
(1.92259 0.468436 0)
(1.87962 0.440974 0)
(1.83677 0.414891 0)
(1.7951 0.391897 0)
(1.75539 0.372541 0)
(1.71812 0.356606 0)
(1.68346 0.343368 0)
(1.65134 0.331831 0)
(1.62153 0.320925 0)
(1.59376 0.309647 0)
(1.56779 0.297117 0)
(1.54343 0.282576 0)
(1.52068 0.265373 0)
(1.4996 0.244858 0)
(1.48039 0.220422 0)
(1.46339 0.191546 0)
(1.44896 0.15787 0)
(1.43754 0.119258 0)
(1.42953 0.0758531 0)
(1.42531 0.0281333 0)
(1.42521 -0.0230901 0)
(1.42942 -0.0766863 0)
(1.43798 -0.131195 0)
(1.45065 -0.184794 0)
(1.46708 -0.235984 0)
(1.48685 -0.283484 0)
(1.5094 -0.326177 0)
(1.53415 -0.363191 0)
(1.56047 -0.393937 0)
(1.58782 -0.418102 0)
(1.61568 -0.435584 0)
(1.64365 -0.446427 0)
(1.67145 -0.450783 0)
(1.69876 -0.448918 0)
(1.72516 -0.441367 0)
(1.75046 -0.428883 0)
(1.77465 -0.412279 0)
(1.79779 -0.39231 0)
(1.82011 -0.369572 0)
(1.84184 -0.344474 0)
(1.86321 -0.317237 0)
(1.88442 -0.287924 0)
(1.90557 -0.256496 0)
(1.92667 -0.222869 0)
(1.94764 -0.186962 0)
(1.9683 -0.148738 0)
(1.98843 -0.108217 0)
(2.00777 -0.0654381 0)
(2.02607 -0.0204824 0)
(2.04303 0.0263908 0)
(2.05816 0.0743842 0)
(2.07085 0.122189 0)
(2.08064 0.168575 0)
(2.08699 0.212307 0)
(2.0894 0.25242 0)
(2.08765 0.288109 0)
(2.0818 0.318427 0)
(2.07178 0.342496 0)
(2.05681 0.359452 0)
(2.03621 0.367991 0)
(2.00999 0.367996 0)
(1.97862 0.360593 0)
(1.94332 0.347583 0)
(1.90572 0.331379 0)
(1.86785 0.314648 0)
(1.83122 0.299306 0)
(1.79667 0.286281 0)
(1.76478 0.275867 0)
(1.73585 0.267873 0)
(1.70996 0.261734 0)
(1.68702 0.256625 0)
(1.66685 0.251582 0)
(1.64923 0.245563 0)
(1.63395 0.237484 0)
(1.62098 0.226411 0)
(1.61024 0.211662 0)
(1.60161 0.192706 0)
(1.59511 0.169253 0)
(1.59072 0.141244 0)
(1.58845 0.108844 0)
(1.5883 0.0724363 0)
(1.5903 0.0325931 0)
(1.59441 -0.00993387 0)
(1.60063 -0.0541976 0)
(1.60886 -0.0989628 0)
(1.61891 -0.142806 0)
(1.63066 -0.184733 0)
(1.64394 -0.223838 0)
(1.65855 -0.259318 0)
(1.67426 -0.290512 0)
(1.69076 -0.31695 0)
(1.70775 -0.338369 0)
(1.72495 -0.354709 0)
(1.74214 -0.366029 0)
(1.75928 -0.372374 0)
(1.77642 -0.373628 0)
(1.79328 -0.369727 0)
(1.8097 -0.360894 0)
(1.82556 -0.347536 0)
(1.84076 -0.330184 0)
(1.85531 -0.309407 0)
(1.86929 -0.285739 0)
(1.88278 -0.25965 0)
(1.89588 -0.231525 0)
(1.90864 -0.201675 0)
(1.92109 -0.170346 0)
(1.9332 -0.137734 0)
(1.94492 -0.103994 0)
(1.9562 -0.0692276 0)
(1.96698 -0.0335101 0)
(1.97718 0.00301422 0)
(1.98651 0.0398834 0)
(1.99459 0.0764635 0)
(2.00107 0.112139 0)
(2.06065 0.259787 0)
(2.06494 0.330976 0)
(2.06522 0.394153 0)
(2.06141 0.447829 0)
(2.05361 0.490923 0)
(2.04212 0.52272 0)
(2.02668 0.542798 0)
(2.00591 0.55022 0)
(1.98031 0.544994 0)
(1.95005 0.529621 0)
(1.91605 0.507138 0)
(1.87959 0.481028 0)
(1.84228 0.454753 0)
(1.80542 0.430595 0)
(1.76973 0.409417 0)
(1.73578 0.391285 0)
(1.70384 0.375727 0)
(1.674 0.361941 0)
(1.64616 0.348972 0)
(1.62018 0.33584 0)
(1.59588 0.321613 0)
(1.57318 0.305449 0)
(1.55213 0.286598 0)
(1.53277 0.264276 0)
(1.51535 0.237776 0)
(1.50015 0.206503 0)
(1.48751 0.170051 0)
(1.4778 0.12827 0)
(1.47138 0.0813253 0)
(1.46859 0.0297368 0)
(1.46967 -0.0256016 0)
(1.47479 -0.0834179 0)
(1.48392 -0.14202 0)
(1.49679 -0.199388 0)
(1.51303 -0.253964 0)
(1.53221 -0.304348 0)
(1.55377 -0.349345 0)
(1.5771 -0.388049 0)
(1.60157 -0.419889 0)
(1.62661 -0.444614 0)
(1.65173 -0.462225 0)
(1.67663 -0.472886 0)
(1.70113 -0.476774 0)
(1.72494 -0.474105 0)
(1.7476 -0.465479 0)
(1.76902 -0.451811 0)
(1.78923 -0.434093 0)
(1.80841 -0.413208 0)
(1.82687 -0.389821 0)
(1.84493 -0.364352 0)
(1.8629 -0.336981 0)
(1.88099 -0.307702 0)
(1.89935 -0.276383 0)
(1.918 -0.242837 0)
(1.93688 -0.206882 0)
(1.9558 -0.168408 0)
(1.97453 -0.127374 0)
(1.99276 -0.0838071 0)
(2.0102 -0.0377878 0)
(2.02657 0.0104789 0)
(2.04149 0.0604117 0)
(2.05437 0.110698 0)
(2.06467 0.160046 0)
(2.07193 0.207261 0)
(2.07572 0.251233 0)
(2.0758 0.290919 0)
(2.07209 0.325285 0)
(2.06456 0.353456 0)
(2.0531 0.374845 0)
(2.03703 0.388708 0)
(2.01607 0.394005 0)
(1.99032 0.391196 0)
(1.96037 0.38166 0)
(1.92743 0.367351 0)
(1.89302 0.350689 0)
(1.85899 0.334075 0)
(1.82642 0.318926 0)
(1.79605 0.305849 0)
(1.76836 0.294908 0)
(1.7436 0.285752 0)
(1.72182 0.277714 0)
(1.70292 0.269912 0)
(1.68676 0.261299 0)
(1.67318 0.250732 0)
(1.66215 0.237322 0)
(1.65348 0.22034 0)
(1.647 0.199228 0)
(1.64265 0.173673 0)
(1.64034 0.143599 0)
(1.63999 0.109169 0)
(1.64154 0.0707661 0)
(1.64489 0.0289654 0)
(1.65 -0.0154756 0)
(1.65678 -0.0615855 0)
(1.66512 -0.108042 0)
(1.67485 -0.153447 0)
(1.68588 -0.196811 0)
(1.69809 -0.237197 0)
(1.71132 -0.273751 0)
(1.72536 -0.305762 0)
(1.73995 -0.332718 0)
(1.75478 -0.35436 0)
(1.76956 -0.370679 0)
(1.78405 -0.381852 0)
(1.79826 -0.388044 0)
(1.81234 -0.389107 0)
(1.82603 -0.384831 0)
(1.83916 -0.37544 0)
(1.85164 -0.361427 0)
(1.86344 -0.343427 0)
(1.87466 -0.322085 0)
(1.88546 -0.297973 0)
(1.89602 -0.271562 0)
(1.90645 -0.243209 0)
(1.91686 -0.213181 0)
(1.92727 -0.18167 0)
(1.93764 -0.148837 0)
(1.94791 -0.114811 0)
(1.95798 -0.0796878 0)
(1.96776 -0.0435412 0)
(1.97717 -0.00646399 0)
(1.98601 0.0313096 0)
(1.9939 0.0691904 0)
(2.00042 0.106533 0)
)
;

boundaryField
{
    inlet
    {
        type            fixedValue;
        value           nonuniform List<vector> 0();
    }
    outlet
    {
        type            zeroGradient;
    }
    topWall
    {
        type            noSlip;
    }
    lowerWall
    {
        type            noSlip;
    }
    leadingEdge
    {
        type            noSlip;
    }
    trailingEdge
    {
        type            noSlip;
    }
    upperSurface
    {
        type            noSlip;
    }
    lowerSurface
    {
        type            noSlip;
    }
    frontAndBack
    {
        type            empty;
    }
    procBoundary2to1
    {
        type            processor;
        value           nonuniform List<vector> 
24
(
(1.98788 0.172465 0)
(1.91828 0.162196 0)
(1.84585 0.151835 0)
(1.77243 0.141545 0)
(0.156931 0.00635977 0)
(0.428118 0.0203847 0)
(0.699794 0.0335049 0)
(0.979612 0.0491238 0)
(1.20446 0.0574375 0)
(1.35295 0.0559312 0)
(1.51154 0.0664588 0)
(1.7235 0.103405 0)
(1.9586 0.165263 0)
(2.13153 0.214745 0)
(2.22134 0.236925 0)
(2.25755 0.24152 0)
(2.26642 0.239083 0)
(2.26395 0.233521 0)
(2.25339 0.226786 0)
(2.23215 0.218624 0)
(2.20097 0.210136 0)
(2.16025 0.201305 0)
(2.11048 0.192091 0)
(2.05255 0.182466 0)
)
;
    }
    procBoundary2to3
    {
        type            processor;
        value           nonuniform List<vector> 
25
(
(2.00142 0.138415 0)
(1.99358 0.133449 0)
(1.98141 0.127965 0)
(1.96477 0.122198 0)
(1.94347 0.116189 0)
(0.186864 0.000585478 0)
(0.485032 0.00226026 0)
(0.754044 0.00438721 0)
(0.991704 0.00681849 0)
(1.19056 0.0101335 0)
(1.34426 0.014365 0)
(1.45741 0.0203214 0)
(1.5442 0.0290392 0)
(1.61993 0.0420778 0)
(1.69312 0.0601673 0)
(1.76327 0.0816518 0)
(1.82674 0.103424 0)
(1.88005 0.122234 0)
(1.92188 0.136006 0)
(1.95303 0.144491 0)
(1.9754 0.148922 0)
(1.99093 0.150191 0)
(2.0009 0.149063 0)
(2.00564 0.146246 0)
(2.00532 0.142625 0)
)
;
    }
    procBoundary2to6
    {
        type            processor;
        value           nonuniform List<vector> 
124
(
(1.71086 0.214649 0)
(1.72267 0.293426 0)
(1.73531 0.365814 0)
(1.74826 0.429899 0)
(1.76103 0.484176 0)
(1.77316 0.527679 0)
(1.78419 0.560014 0)
(1.79375 0.581523 0)
(1.80126 0.593081 0)
(1.80627 0.596702 0)
(1.80857 0.593791 0)
(1.8078 0.580713 0)
(1.80386 0.562579 0)
(1.80386 0.562579 0)
(1.78833 0.545669 0)
(1.78684 0.526059 0)
(1.78429 0.506276 0)
(1.78093 0.486744 0)
(1.77734 0.467328 0)
(1.774 0.447614 0)
(1.77124 0.426971 0)
(1.76936 0.404622 0)
(1.76859 0.379693 0)
(1.76912 0.351275 0)
(1.77106 0.31849 0)
(1.77447 0.28058 0)
(1.77936 0.236974 0)
(1.78564 0.187361 0)
(1.79317 0.131748 0)
(1.80173 0.0704948 0)
(1.8111 0.00435569 0)
(1.821 -0.0654077 0)
(1.83106 -0.136719 0)
(1.84082 -0.206876 0)
(1.84999 -0.27397 0)
(1.85833 -0.3362 0)
(1.86558 -0.391929 0)
(1.87153 -0.439801 0)
(1.87598 -0.478818 0)
(1.87884 -0.508438 0)
(1.88014 -0.528592 0)
(1.88023 -0.53959 0)
(1.87848 -0.542519 0)
(1.87368 -0.538603 0)
(1.86558 -0.525473 0)
(1.85556 -0.507128 0)
(1.84467 -0.485797 0)
(1.83347 -0.463278 0)
(1.82268 -0.440923 0)
(1.81286 -0.419144 0)
(1.80448 -0.397777 0)
(1.79789 -0.376296 0)
(1.79332 -0.354114 0)
(1.79083 -0.330467 0)
(1.79046 -0.304524 0)
(1.79215 -0.275482 0)
(1.79579 -0.242654 0)
(1.80115 -0.205545 0)
(1.80799 -0.163905 0)
(1.81599 -0.117742 0)
(1.82485 -0.0673111 0)
(1.83427 -0.0131117 0)
(1.84398 0.0440609 0)
(1.85369 0.102925 0)
(1.86306 0.161527 0)
(1.87187 0.218312 0)
(1.87996 0.271923 0)
(1.88719 0.321073 0)
(1.89337 0.364615 0)
(1.89839 0.401599 0)
(1.90212 0.431347 0)
(1.90454 0.453504 0)
(1.90578 0.468062 0)
(1.90612 0.475404 0)
(1.90502 0.476899 0)
(1.9014 0.472518 0)
(1.89538 0.460245 0)
(1.88819 0.443609 0)
(1.88075 0.424145 0)
(1.87353 0.402959 0)
(1.86706 0.380874 0)
(1.86197 0.358196 0)
(1.85865 0.334814 0)
(1.85728 0.310409 0)
(1.85792 0.284546 0)
(1.86054 0.256747 0)
(1.865 0.22656 0)
(1.87108 0.193637 0)
(1.87848 0.157781 0)
(1.88686 0.118963 0)
(1.89589 0.0773086 0)
(1.90523 0.0330698 0)
(1.91462 -0.0133771 0)
(1.9238 -0.0614457 0)
(1.93251 -0.110089 0)
(1.94047 -0.158042 0)
(1.94753 -0.20432 0)
(1.95356 -0.247916 0)
(1.95837 -0.287841 0)
(1.96182 -0.323179 0)
(1.96376 -0.353164 0)
(1.96411 -0.377252 0)
(1.96286 -0.39517 0)
(1.96025 -0.406934 0)
(1.95634 -0.412949 0)
(1.95032 -0.413123 0)
(1.94223 -0.407637 0)
(1.93228 -0.397168 0)
(1.92134 -0.382686 0)
(1.91006 -0.36554 0)
(1.89918 -0.346861 0)
(1.88947 -0.327284 0)
(1.88152 -0.306956 0)
(1.87556 -0.285714 0)
(1.87169 -0.263284 0)
(1.86986 -0.23936 0)
(1.86998 -0.213619 0)
(1.87185 -0.185774 0)
(1.87521 -0.155638 0)
(1.87976 -0.123152 0)
(1.88522 -0.0883882 0)
(1.89129 -0.0515258 0)
(1.89773 -0.0128236 0)
(1.90433 0.0273811 0)
)
;
    }
    procBoundary2to7
    {
        type            processor;
        value           uniform (1.91096 0.0685957 0);
    }
}


// ************************************************************************* //
