/*--------------------------------*- C++ -*----------------------------------*\
| =========                 |                                                 |
| \\      /  F ield         | OpenFOAM: The Open Source CFD Toolbox           |
|  \\    /   O peration     | Version:  2206                                  |
|   \\  /    A nd           | Website:  www.openfoam.com                      |
|    \\/     M anipulation  |                                                 |
\*---------------------------------------------------------------------------*/
FoamFile
{
    version     2.0;
    format      ascii;
    arch        "LSB;label=32;scalar=64";
    class       volVectorField;
    location    "19.2999";
    object      ddt0(U);
}
// * * * * * * * * * * * * * * * * * * * * * * * * * * * * * * * * * * * * * //

dimensions      [0 1 -2 0 0 0 0];

internalField   nonuniform List<vector> 
3062
(
(-6.34773 18.3383 0)
(-24.5152 23.1621 0)
(-37.6709 20.6222 0)
(-47.1405 12.2557 0)
(-58.5399 -4.7544 0)
(-69.1345 -32.6177 0)
(-80.4017 -71.7551 0)
(-91.8822 -117.913 0)
(-91.7877 -158.47 0)
(-49.6553 -156.87 0)
(-2.74687 -130.551 0)
(34.6366 -95.0695 0)
(59.9297 -60.3841 0)
(77.727 -33.6941 0)
(94.0313 -7.71372 0)
(103.488 17.1317 0)
(111.052 34.965 0)
(114.943 49.0369 0)
(111.836 63.8638 0)
(104.619 81.6201 0)
(112.969 88.0771 0)
(158.367 63.359 0)
(218.884 25.5674 0)
(215.592 29.8556 0)
(154.493 94.2362 0)
(64.1784 166.753 0)
(-12.1115 219.887 0)
(-66.2712 237.174 0)
(-77.6033 219.569 0)
(-76.1551 190.696 0)
(-66.1173 159.827 0)
(-50.4536 131.549 0)
(-31.9831 108.43 0)
(-13.7702 91.6371 0)
(1.32131 78.9632 0)
(11.8163 65.2636 0)
(15.3468 46.7327 0)
(2.97248 16.9811 0)
(-25.3031 -50.1147 0)
(-64.3999 -132.397 0)
(-101.047 -218.131 0)
(-133.076 -291.98 0)
(-151.84 -337.338 0)
(-147.092 -337.877 0)
(-128.221 -309.878 0)
(-100.75 -263.693 0)
(-69.8 -209.669 0)
(-39.5642 -155.843 0)
(-13.319 -107.449 0)
(8.41584 -67.4174 0)
(29.8866 -34.3922 0)
(44.7146 -6.38733 0)
(55.0319 10.0872 0)
(60.7813 19.3722 0)
(63.6328 24.0673 0)
(65.4097 25.4459 0)
(67.5527 23.8697 0)
(71.1637 19.212 0)
(76.3924 12.2175 0)
(82.0601 5.60727 0)
(85.8907 3.82199 0)
(85.1626 10.9504 0)
(79.7384 29.3306 0)
(68.0791 57.8698 0)
(52.2626 92.5748 0)
(33.9396 127.443 0)
(15.2522 156.583 0)
(-2.15772 175.531 0)
(-16.4404 181.635 0)
(-26.9457 176.189 0)
(-34.5204 163.932 0)
(-39.1475 146.912 0)
(-40.9246 127.365 0)
(-40.2013 107.327 0)
(-37.4429 88.3866 0)
(-33.2667 71.5602 0)
(-28.3973 57.1467 0)
(-23.5373 44.8072 0)
(-19.0512 33.9655 0)
(-14.6848 24.2513 0)
(-10.8526 15.3174 0)
(-10.4602 3.77834 0)
(-10.8216 -16.8369 0)
(-12.647 -40.2506 0)
(-15.5095 -65.9126 0)
(-18.9964 -93.2676 0)
(-22.5278 -120.223 0)
(-25.6831 -144.385 0)
(-28.1409 -163.236 0)
(-29.32 -174.162 0)
(-28.3884 -173.99 0)
(-25.9375 -166.592 0)
(-22.218 -153.278 0)
(-17.3773 -135.596 0)
(-11.697 -115.215 0)
(-5.53275 -93.8266 0)
(0.79967 -72.9117 0)
(6.98371 -53.5271 0)
(13.2497 -36.3015 0)
(20.8706 -21.0653 0)
(27.8436 -7.56071 0)
(34.0497 2.01342 0)
(38.9505 9.05316 0)
(42.1736 15.2936 0)
(43.6377 22.2779 0)
(-6.54673 34.9561 0)
(-19.2152 33.5386 0)
(-29.3658 28.7987 0)
(-36.8997 20.3696 0)
(-41.9217 4.67744 0)
(-45.2399 -20.9964 0)
(-45.7953 -56.3904 0)
(-46.4306 -105.091 0)
(-56.8282 -164.899 0)
(-51.0942 -196.448 0)
(-14.8561 -171.353 0)
(19.1846 -128.661 0)
(46.9336 -86.8483 0)
(69.5008 -52.7805 0)
(87.6491 -19.9219 0)
(104.359 0.72542 0)
(116.497 25.5537 0)
(120.32 49.3418 0)
(120.187 70.4426 0)
(140.423 70.9438 0)
(196.066 37.4357 0)
(251.11 2.68237 0)
(227.737 27.638 0)
(154.985 105.329 0)
(64.5645 184.541 0)
(-21.5393 248.336 0)
(-76.4492 271.406 0)
(-90.9227 252.22 0)
(-90.7021 218.811 0)
(-80.9916 180.486 0)
(-64.8271 143.653 0)
(-44.6842 111.899 0)
(-22.5313 87.694 0)
(-0.260069 72.2366 0)
(19.4027 63.9664 0)
(33.3997 55.3935 0)
(40.1827 41.4852 0)
(42.5127 23.6704 0)
(23.605 -2.57006 0)
(-8.72877 -99.6881 0)
(-48.4226 -181.498 0)
(-87.2496 -260.928 0)
(-118.127 -320.391 0)
(-131.303 -342.486 0)
(-125.745 -326.417 0)
(-109.373 -288.26 0)
(-86.2093 -237.601 0)
(-60.2276 -183.449 0)
(-35.0191 -132.196 0)
(-12.9932 -87.6216 0)
(5.3347 -52.1334 0)
(24.592 -23.2934 0)
(37.851 0.490633 0)
(47.499 13.7284 0)
(53.4271 20.5102 0)
(57.5362 22.4545 0)
(61.725 20.0931 0)
(66.8998 14.1622 0)
(72.776 6.66367 0)
(77.9363 1.39568 0)
(80.0362 3.00526 0)
(78.0026 15.078 0)
(70.4928 38.6906 0)
(58.0476 71.8285 0)
(41.9263 109.519 0)
(24.1258 145.64 0)
(6.42192 174.046 0)
(-9.47456 190.742 0)
(-21.794 192.965 0)
(-30.5185 184.561 0)
(-36.3581 169.244 0)
(-39.2286 149.295 0)
(-39.3339 127.09 0)
(-37.0911 104.795 0)
(-32.9482 84.1344 0)
(-27.4451 66.2673 0)
(-21.2626 51.608 0)
(-15.1585 39.6263 0)
(-9.78562 29.3506 0)
(-5.29595 20.0059 0)
(-1.88306 11.8467 0)
(1.41853 4.91667 0)
(2.46624 -16.9422 0)
(0.626662 -38.0647 0)
(-2.79135 -62.5159 0)
(-6.83885 -89.4308 0)
(-11.1897 -116.412 0)
(-15.5154 -140.926 0)
(-19.4802 -160.545 0)
(-22.6108 -172.787 0)
(-24.0025 -174.604 0)
(-23.7522 -168.498 0)
(-22.1947 -156.479 0)
(-19.3675 -139.906 0)
(-15.4212 -120.35 0)
(-10.6292 -99.4917 0)
(-5.24958 -78.8465 0)
(0.403111 -59.6012 0)
(6.05186 -42.4952 0)
(12.1431 -27.7316 0)
(19.259 -14.6775 0)
(25.1645 -3.51377 0)
(30.2082 4.93356 0)
(33.7124 12.7439 0)
(35.4839 21.5287 0)
(-4.64719 46.0984 0)
(-14.858 44.2592 0)
(-23.9689 37.459 0)
(-31.2103 25.6912 0)
(-35.5668 6.98794 0)
(-38.1234 -23.0673 0)
(-39.7168 -62.8699 0)
(-38.3163 -109.395 0)
(-37.2841 -160.964 0)
(-35.394 -202.978 0)
(-17.4048 -195.193 0)
(6.86459 -156.962 0)
(32.0749 -114.555 0)
(55.9687 -74.3722 0)
(76.9992 -41.0062 0)
(91.3763 -9.71649 0)
(106.564 16.9135 0)
(124.945 48.756 0)
(162.232 44.2631 0)
(225.078 8.3845 0)
(267.485 -14.7624 0)
(232.508 26.5591 0)
(154.364 110.644 0)
(67.0501 196.872 0)
(-28.8019 272.529 0)
(-87.0256 304.956 0)
(-105.496 288.771 0)
(-105.896 253.049 0)
(-95.639 209.15 0)
(-78.5123 164.323 0)
(-57.717 123.241 0)
(-35.0796 88.9412 0)
(-11.7522 63.3698 0)
(11.3768 48.7123 0)
(33.6701 45.8976 0)
(53.944 46.4347 0)
(62.3784 40.9043 0)
(64.8171 25.3689 0)
(60.0366 6.03803 0)
(38.2364 -63.3466 0)
(-0.466614 -141.665 0)
(-42.6033 -223.182 0)
(-80.2854 -292.138 0)
(-106.747 -332.016 0)
(-114.267 -330.058 0)
(-109.214 -302.55 0)
(-95.1224 -258.477 0)
(-75.3128 -206.89 0)
(-53.3657 -155.412 0)
(-31.9462 -108.767 0)
(-13.2907 -69.2266 0)
(2.7026 -38.946 0)
(19.4979 -14.7548 0)
(31.4185 4.39022 0)
(40.7613 14.1655 0)
(47.7726 17.0867 0)
(54.1579 14.533 0)
(60.7469 8.22235 0)
(66.9606 1.33268 0)
(71.3286 -1.64439 0)
(71.9742 3.78395 0)
(68.5251 20.6934 0)
(59.7911 49.1349 0)
(46.6221 86.1201 0)
(30.6362 126.384 0)
(13.5144 162.906 0)
(-2.94211 190.113 0)
(-17.0148 204.192 0)
(-27.0907 202.332 0)
(-33.8594 191.033 0)
(-37.642 172.679 0)
(-38.4962 149.901 0)
(-36.7898 125.239 0)
(-32.9867 100.899 0)
(-27.5814 78.6746 0)
(-21.079 59.8188 0)
(-14.008 44.8995 0)
(-6.98782 33.3579 0)
(-0.659854 24.1715 0)
(4.83887 16.7443 0)
(9.47484 8.62546 0)
(13.1741 -1.49147 0)
(14.7695 -15.5226 0)
(12.8653 -34.8528 0)
(9.39608 -58.6173 0)
(4.94543 -84.9359 0)
(-0.160126 -111.637 0)
(-5.54612 -136.223 0)
(-10.8679 -156.249 0)
(-15.6953 -169.414 0)
(-19.1632 -173.022 0)
(-21.0174 -168.23 0)
(-21.5319 -157.603 0)
(-20.6521 -142.331 0)
(-18.4186 -123.92 0)
(-15.0264 -103.958 0)
(-10.7224 -83.9301 0)
(-5.78014 -65.0781 0)
(-0.542892 -48.1677 0)
(4.65831 -33.4413 0)
(10.2931 -20.8852 0)
(16.397 -9.39738 0)
(21.0136 0.801016 0)
(24.781 9.92731 0)
(26.9198 20.5446 0)
(-3.16185 54.5035 0)
(-11.2301 53.8344 0)
(-18.3691 45.1383 0)
(-24.4597 30.3067 0)
(-28.0739 7.33925 0)
(-29.1026 -21.1391 0)
(-30.2871 -65.3736 0)
(-32.6723 -116.134 0)
(-34.9353 -165.39 0)
(-33.4886 -204.195 0)
(-23.4526 -206.896 0)
(-7.30111 -176.121 0)
(13.0448 -135.323 0)
(35.7994 -94.3432 0)
(59.8275 -56.8146 0)
(86.2546 -25.3252 0)
(120.656 -11.0005 0)
(177.772 -7.07858 0)
(240.038 -27.8242 0)
(259.241 -27.4584 0)
(222.705 23.846 0)
(144.542 106.473 0)
(66.8877 200.048 0)
(-33.4387 289.099 0)
(-99.9016 334.805 0)
(-123.407 327.306 0)
(-124.064 291.012 0)
(-111.965 242.763 0)
(-91.7089 191.224 0)
(-67.1798 142.425 0)
(-42.4408 100.224 0)
(-19.7524 66.637 0)
(1.1891 41.4573 0)
(21.0759 24.7693 0)
(42.4814 22.51 0)
(67.8852 26.7359 0)
(84.1481 32.666 0)
(89.0255 30.2834 0)
(87.8761 11.6744 0)
(72.7811 -32.0889 0)
(40.5951 -102.167 0)
(-0.348168 -182.736 0)
(-41.7899 -256.542 0)
(-76.5932 -307.801 0)
(-96.8398 -323.606 0)
(-101.641 -306.576 0)
(-96.7925 -271.168 0)
(-84.4591 -224.964 0)
(-67.2346 -175.462 0)
(-48.3717 -128.572 0)
(-29.9965 -87.7661 0)
(-13.7447 -53.802 0)
(-0.0673465 -28.067 0)
(14.1955 -9.02506 0)
(26.2384 4.55932 0)
(36.3813 9.16356 0)
(45.1303 7.07991 0)
(52.8577 1.40544 0)
(58.9928 -3.77212 0)
(62.3241 -3.70036 0)
(61.9768 5.9296 0)
(57.0869 27.4679 0)
(47.3057 60.2477 0)
(33.8336 100.83 0)
(18.1722 142.579 0)
(2.05507 178.991 0)
(-12.8921 204.641 0)
(-24.6709 214.986 0)
(-32.267 209.811 0)
(-36.6933 195.296 0)
(-38.0739 173.911 0)
(-36.6715 148.47 0)
(-33.0128 121.606 0)
(-27.6611 95.6184 0)
(-21.1367 72.2757 0)
(-13.946 52.7105 0)
(-6.61147 37.3133 0)
(1.0227 26.0006 0)
(9.41937 17.6743 0)
(16.1489 10.5158 0)
(21.1341 4.59034 0)
(24.3832 -3.04235 0)
(25.6066 -15.4383 0)
(24.3142 -32.7153 0)
(20.8867 -54.6492 0)
(16.1292 -79.9402 0)
(10.3276 -106.017 0)
(3.9717 -130.349 0)
(-2.56346 -150.501 0)
(-8.85487 -164.32 0)
(-14.1181 -169.458 0)
(-17.8772 -165.952 0)
(-20.2768 -156.776 0)
(-21.2206 -142.966 0)
(-20.6584 -125.921 0)
(-18.7079 -107.151 0)
(-15.5678 -88.0631 0)
(-11.5138 -69.8122 0)
(-6.85996 -53.1903 0)
(-1.99047 -38.5082 0)
(2.57433 -25.6313 0)
(6.92682 -14.6018 0)
(11.5887 -3.82285 0)
(15.4164 7.07243 0)
(18.2224 19.1166 0)
(-3.10434 60.2621 0)
(-8.33933 59.0388 0)
(-13.8822 50.8695 0)
(-18.7561 35.2975 0)
(-21.7105 11.9226 0)
(-22.9875 -20.1409 0)
(-23.2459 -61.5766 0)
(-25.3099 -119.104 0)
(-27.952 -169.706 0)
(-27.3228 -204.664 0)
(-19.495 -214.733 0)
(-6.09697 -193.031 0)
(16.1178 -159.083 0)
(46.0397 -123.688 0)
(83.4988 -92.6785 0)
(127.982 -74.0476 0)
(172.7 -71.1118 0)
(209.424 -61.1004 0)
(214.061 -30.1444 0)
(185.121 14.5385 0)
(124.891 89.4439 0)
(50.9654 191.309 0)
(-48.6205 292.833 0)
(-120.408 356.209 0)
(-149.161 363.761 0)
(-148.053 329.552 0)
(-131.951 278.248 0)
(-106.477 220.398 0)
(-76.8667 164.235 0)
(-47.6301 115.24 0)
(-20.8403 76.0707 0)
(1.20955 44.264 0)
(18.9971 23.1104 0)
(32.9517 8.47815 0)
(52.8052 -2.46737 0)
(74.1543 4.91342 0)
(93.1082 18.5999 0)
(105.394 26.5504 0)
(106.685 18.6134 0)
(98.9435 -14.2087 0)
(74.1085 -68.4436 0)
(37.2358 -142.088 0)
(-4.94382 -216.906 0)
(-44.9244 -275.74 0)
(-74.9228 -306.366 0)
(-89.0872 -301.147 0)
(-92.368 -275.374 0)
(-87.4254 -236.352 0)
(-76.1722 -191.174 0)
(-61.2113 -145.899 0)
(-44.9372 -104.552 0)
(-29.0993 -69.3592 0)
(-14.6132 -41.6849 0)
(-2.35092 -21.8401 0)
(11.6009 -8.77049 0)
(23.7939 -1.64325 0)
(34.3273 -1.84601 0)
(42.8265 -5.54734 0)
(48.6484 -7.9767 0)
(51.1898 -4.55318 0)
(49.9083 9.25926 0)
(43.707 35.2245 0)
(33.0482 72.1685 0)
(19.4796 115.23 0)
(4.46273 157.904 0)
(-10.3629 193.723 0)
(-23.4134 217.117 0)
(-32.4552 223.245 0)
(-37.2227 214.743 0)
(-38.8725 196.983 0)
(-37.5424 172.704 0)
(-33.6977 144.889 0)
(-28.0307 116.231 0)
(-21.1713 89.0286 0)
(-13.6577 64.9664 0)
(-6.12901 44.9993 0)
(1.54747 29.5583 0)
(10.8809 18.0321 0)
(19.365 9.10702 0)
(26.6758 4.29785 0)
(31.986 0.434318 0)
(35.1855 -5.32792 0)
(36.1974 -15.2889 0)
(34.9552 -30.4095 0)
(31.5834 -50.5121 0)
(26.4172 -74.3517 0)
(20.0612 -99.6044 0)
(12.8511 -123.44 0)
(5.25309 -143.508 0)
(-2.30295 -157.742 0)
(-9.11833 -164.111 0)
(-14.5719 -161.923 0)
(-18.6487 -154.196 0)
(-21.2339 -141.919 0)
(-22.2253 -126.419 0)
(-21.6412 -109.038 0)
(-19.6537 -91.1149 0)
(-16.5475 -73.7722 0)
(-12.6777 -57.7617 0)
(-8.49108 -43.2272 0)
(-4.62075 -29.9202 0)
(-1.5942 -17.7689 0)
(1.90021 -7.19124 0)
(5.88282 1.2772 0)
(9.08535 18.9849 0)
(-3.1828 -2.38827 0)
(-1.25214 16.0594 0)
(-0.47127 0.275423 0)
(-0.832067 0.277936 0)
(-1.21348 0.2402 0)
(-1.56485 0.157531 0)
(-1.8289 0.030697 0)
(-1.94603 -0.130803 0)
(-1.86682 -0.309285 0)
(-1.54548 -0.475126 0)
(-0.945934 -0.550159 0)
(-0.286853 -0.469564 0)
(0.353384 -0.272982 0)
(0.965831 -0.0952599 0)
(1.49746 -0.005577 0)
(1.93216 0.00318349 0)
(2.30619 -0.0836476 0)
(2.66551 -0.262217 0)
(3.07428 -0.53758 0)
(3.60246 -0.911012 0)
(4.38136 -1.2322 0)
(5.89036 -1.18576 0)
(6.81138 -0.870934 0)
(-0.107333 0.38262 0)
(-0.200647 0.449991 0)
(-0.320507 0.465428 0)
(-0.447378 0.41735 0)
(-0.563903 0.299319 0)
(-0.648428 0.112378 0)
(-0.68445 -0.13343 0)
(-0.651951 -0.417892 0)
(-0.565954 -0.696776 0)
(-0.32451 -0.914259 0)
(0.0997743 -1.03888 0)
(0.714653 -1.06977 0)
(1.49159 -1.02432 0)
(2.37408 -0.928308 0)
(3.30231 -0.802006 0)
(4.21529 -0.675963 0)
(5.02554 -0.579395 0)
(5.64563 -0.547637 0)
(5.91313 -0.62479 0)
(5.63306 -0.721058 0)
(4.82636 -0.841342 0)
(-0.0739898 0.402419 0)
(-0.0522699 0.491059 0)
(-0.0599738 0.513848 0)
(-0.0897723 0.459354 0)
(-0.133794 0.324135 0)
(-0.184877 0.112549 0)
(-0.236148 -0.162163 0)
(-0.27622 -0.474459 0)
(-0.290632 -0.78994 0)
(-0.247582 -1.07346 0)
(-0.129778 -1.3 0)
(0.0935495 -1.46331 0)
(0.428973 -1.56853 0)
(0.863405 -1.62231 0)
(1.37161 -1.63058 0)
(1.91957 -1.59626 0)
(2.46497 -1.51406 0)
(2.95686 -1.36338 0)
(3.35565 -1.09796 0)
(3.63884 -0.674439 0)
(3.721 -0.145883 0)
(-0.0386277 0.337059 0)
(-0.016094 0.458678 0)
(-0.0286671 0.508597 0)
(-0.066994 0.473307 0)
(-0.120413 0.351513 0)
(-0.183053 0.150547 0)
(-0.249613 -0.117382 0)
(-0.31086 -0.434123 0)
(-0.352628 -0.773664 0)
(-0.357249 -1.10407 0)
(-0.307369 -1.3972 0)
(-0.18888 -1.63919 0)
(0.00445778 -1.82435 0)
(0.269209 -1.94885 0)
(0.598501 -2.00902 0)
(0.977677 -2.00058 0)
(1.39461 -1.91494 0)
(1.83799 -1.73598 0)
(2.29906 -1.44198 0)
(2.78292 -1.01412 0)
(3.30499 -0.461312 0)
(0.0984292 0.301208 0)
(0.0860104 0.465865 0)
(0.0259993 0.553172 0)
(-0.0844484 0.545842 0)
(-0.208188 0.438738 0)
(-0.332669 0.241085 0)
(-0.449986 -0.0333967 0)
(-0.547058 -0.370198 0)
(-0.604979 -0.745625 0)
(-0.608749 -1.12603 0)
(-0.551598 -1.47991 0)
(-0.430206 -1.78754 0)
(-0.243615 -2.03542 0)
(0.00123315 -2.21634 0)
(0.303774 -2.32544 0)
(0.655731 -2.35672 0)
(1.05493 -2.30676 0)
(1.50451 -2.16912 0)
(2.01252 -1.93516 0)
(2.60012 -1.59638 0)
(3.29148 -1.1565 0)
(0.303631 0.0257304 0)
(0.300043 0.316023 0)
(0.215169 0.541639 0)
(0.0653824 0.675766 0)
(-0.12067 0.692785 0)
(-0.316896 0.590727 0)
(-0.5108 0.390166 0)
(-0.688919 0.0977862 0)
(-0.832008 -0.278995 0)
(-0.91433 -0.712896 0)
(-0.920645 -1.15792 0)
(-0.851612 -1.57532 0)
(-0.708188 -1.94647 0)
(-0.513111 -2.25672 0)
(-0.233712 -2.49736 0)
(0.0955196 -2.66336 0)
(0.483655 -2.75159 0)
(0.922114 -2.76001 0)
(1.41906 -2.68546 0)
(1.98711 -2.52856 0)
(2.64825 -2.29302 0)
(3.43078 -1.98424 0)
(0.651144 0.000858075 0)
(0.589085 0.391925 0)
(0.41183 0.703634 0)
(0.14808 0.894764 0)
(-0.159994 0.933443 0)
(-0.474097 0.828214 0)
(-0.771651 0.611359 0)
(-1.03477 0.286083 0)
(-1.23479 -0.153733 0)
(-1.34047 -0.670073 0)
(-1.3376 -1.19992 0)
(-1.2366 -1.69515 0)
(-1.04601 -2.13881 0)
(-0.782162 -2.5118 0)
(-0.456161 -2.80621 0)
(-0.0735166 -3.02664 0)
(0.351074 -3.1662 0)
(0.823052 -3.23025 0)
(1.35612 -3.22646 0)
(1.96399 -3.16005 0)
(2.66341 -3.03556 0)
(3.48629 -2.86582 0)
(1.1253 0.0277832 0)
(0.981553 0.561488 0)
(0.679041 0.988914 0)
(0.263373 1.25215 0)
(-0.202472 1.31101 0)
(-0.667646 1.19267 0)
(-1.10395 0.945982 0)
(-1.4823 0.560146 0)
(-1.76311 0.0196533 0)
(-1.89847 -0.621656 0)
(-1.88153 -1.26931 0)
(-1.73612 -1.86927 0)
(-1.48371 -2.40386 0)
(-1.14985 -2.84915 0)
(-0.746362 -3.20365 0)
(-0.295924 -3.46617 0)
(0.18995 -3.645 0)
(0.716387 -3.75705 0)
(1.28069 -3.8061 0)
(1.90694 -3.81621 0)
(2.62287 -3.80305 0)
(3.44822 -3.76601 0)
(1.78156 0.110931 0)
(1.52763 0.841192 0)
(1.05316 1.42513 0)
(0.432485 1.78234 0)
(-0.24379 1.86429 0)
(-0.909892 1.72256 0)
(-1.52814 1.43228 0)
(-2.0533 0.958294 0)
(-2.41903 0.258608 0)
(-2.57653 -0.561479 0)
(-2.53604 -1.3639 0)
(-2.33877 -2.08854 0)
(-2.01129 -2.72338 0)
(-1.57984 -3.25329 0)
(-1.07816 -3.6665 0)
(-0.536338 -3.97216 0)
(0.0238045 -4.18381 0)
(0.609289 -4.33225 0)
(1.21142 -4.42788 0)
(1.85357 -4.50348 0)
(2.57215 -4.58816 0)
(3.38515 -4.67776 0)
(2.68332 0.29802 0)
(2.27363 1.30226 0)
(1.56385 2.08692 0)
(0.670124 2.54599 0)
(-0.281355 2.63033 0)
(-1.21133 2.43621 0)
(-2.0678 2.07137 0)
(-2.76531 1.44985 0)
(-3.21823 0.512117 0)
(-3.40611 -0.538397 0)
(-3.35401 -1.5123 0)
(-3.08401 -2.39591 0)
(-2.6441 -3.16182 0)
(-2.09232 -3.76449 0)
(-1.46923 -4.21698 0)
(-0.814779 -4.54747 0)
(-0.168183 -4.76866 0)
(0.476587 -4.92635 0)
(1.11113 -5.04484 0)
(1.75904 -5.16446 0)
(2.46836 -5.3303 0)
(3.25578 -5.53835 0)
(3.99066 0.588837 0)
(3.34449 1.98867 0)
(2.28028 3.06182 0)
(0.984 3.67359 0)
(-0.357859 3.77173 0)
(-1.64232 3.50224 0)
(-2.78703 3.01622 0)
(-3.66205 2.14908 0)
(-4.21543 0.865304 0)
(-4.48618 -0.450377 0)
(-4.38338 -1.6857 0)
(-3.9956 -2.79516 0)
(-3.38934 -3.73583 0)
(-2.62554 -4.47397 0)
(-1.86252 -4.95187 0)
(-1.08503 -5.28269 0)
(-0.350893 -5.47979 0)
(0.33665 -5.60443 0)
(0.975144 -5.71706 0)
(1.58069 -5.84754 0)
(2.23324 -6.0702 0)
(2.94879 -6.38143 0)
(5.72323 1.07603 0)
(4.74152 2.99257 0)
(3.19613 4.39875 0)
(1.35245 5.13203 0)
(-0.556544 5.17395 0)
(-2.37654 4.75383 0)
(-3.93894 4.07677 0)
(-5.04068 2.88841 0)
(-5.74991 1.24001 0)
(-6.03842 -0.413957 0)
(-5.80996 -1.98428 0)
(-5.22884 -3.35353 0)
(-4.37905 -4.40837 0)
(-3.30432 -5.20615 0)
(-2.28054 -5.71248 0)
(-1.31124 -6.03388 0)
(-0.446967 -6.17122 0)
(0.284622 -6.22179 0)
(0.925286 -6.3003 0)
(1.46249 -6.42569 0)
(2.01179 -6.69768 0)
(2.58476 -7.11861 0)
(7.76962 1.95572 0)
(6.3851 4.64514 0)
(4.24954 6.55003 0)
(1.80881 7.54663 0)
(-0.732443 7.52448 0)
(-3.19389 6.81699 0)
(-5.20041 5.75495 0)
(-6.41403 4.03316 0)
(-7.35873 1.78798 0)
(-7.80613 -0.449449 0)
(-7.54305 -2.55769 0)
(-6.67834 -4.46971 0)
(-5.37111 -5.89102 0)
(-4.01892 -6.59177 0)
(-2.78207 -6.90477 0)
(-1.56291 -7.11442 0)
(-0.518126 -7.08028 0)
(0.244229 -6.93814 0)
(0.858108 -6.87102 0)
(1.27866 -6.89209 0)
(1.69957 -7.12612 0)
(2.11996 -7.6386 0)
(9.20045 2.69916 0)
(7.32811 6.3478 0)
(4.6718 8.67899 0)
(2.01923 10.0149 0)
(-1.2488 10.222 0)
(-4.54246 9.14432 0)
(-7.01134 7.36255 0)
(-8.41344 5.00185 0)
(-9.41382 2.38684 0)
(-9.36845 -0.215875 0)
(-8.5864 -2.7826 0)
(-7.81879 -5.05486 0)
(-6.7987 -6.75551 0)
(-5.14807 -7.90259 0)
(-2.87374 -8.32445 0)
(-1.62698 -8.26876 0)
(-0.549762 -7.92324 0)
(0.166839 -7.58504 0)
(0.732154 -7.43 0)
(0.853979 -7.33451 0)
(1.01247 -7.51693 0)
(1.1228 -8.01158 0)
(10.8436 4.71063 0)
(7.89888 9.29293 0)
(4.61236 12.257 0)
(1.17179 13.7705 0)
(-2.48614 13.5263 0)
(-5.72615 12.2508 0)
(-8.82434 9.99588 0)
(-10.9843 6.44143 0)
(-12.0407 2.52246 0)
(-11.9116 -1.29203 0)
(-10.7083 -4.5821 0)
(-8.73275 -6.95191 0)
(-6.55871 -8.62719 0)
(-4.28956 -9.90795 0)
(-2.63612 -10.0003 0)
(-0.98529 -9.66494 0)
(-0.088747 -8.80568 0)
(0.267759 -8.10804 0)
(0.602969 -7.34859 0)
(0.480616 -7.1617 0)
(0.336535 -7.27465 0)
(-0.186977 -7.84727 0)
(6.72224 6.66432 0)
(5.46361 12.4524 0)
(3.08928 14.2802 0)
(0.159669 17.2551 0)
(-3.30385 17.5761 0)
(-6.82801 16.1781 0)
(-9.91115 12.6174 0)
(-12.08 8.72123 0)
(-13.2223 3.88667 0)
(-13.4153 -1.1502 0)
(-12.4153 -5.62155 0)
(-10.2239 -9.12807 0)
(-7.18736 -11.092 0)
(-4.38316 -11.8009 0)
(-2.01321 -12.1677 0)
(-0.309915 -10.9065 0)
(0.265291 -9.06785 0)
(0.352772 -8.45833 0)
(0.10168 -7.88465 0)
(-0.446198 -7.20149 0)
(-1.28251 -6.77932 0)
(-2.39293 -7.20476 0)
(-6.92173 4.57953 0)
(-5.04441 11.6585 0)
(-3.82189 16.4511 0)
(-3.37677 19.6657 0)
(-3.7123 20.0486 0)
(-4.46368 18.1983 0)
(-5.3166 14.6131 0)
(-6.06888 9.52026 0)
(-6.32659 3.71396 0)
(-6.07674 -2.10873 0)
(-5.5518 -7.43801 0)
(-4.86806 -11.6401 0)
(-3.87239 -14.1847 0)
(-2.0122 -15.3314 0)
(-0.558911 -13.5059 0)
(0.280642 -11.5141 0)
(0.346768 -9.46993 0)
(-0.0800333 -7.8909 0)
(-1.0434 -6.72735 0)
(-2.57726 -5.76623 0)
(-4.38671 -5.30867 0)
(-6.34087 -5.71097 0)
(-7.53749 0.791667 0)
(-3.35814 8.97895 0)
(0.171592 14.453 0)
(2.92077 17.8949 0)
(4.3976 19.6918 0)
(4.57119 19.173 0)
(4.49331 16.082 0)
(4.13347 11.0368 0)
(3.56057 4.98675 0)
(3.22267 -1.07219 0)
(3.02507 -6.52808 0)
(2.60343 -10.8433 0)
(1.33347 -13.8697 0)
(0.282709 -15.3688 0)
(-0.572574 -14.5852 0)
(-1.77132 -12.4 0)
(-3.10635 -9.68167 0)
(-4.67307 -7.18581 0)
(-6.60001 -5.2591 0)
(-8.7384 -3.93331 0)
(-11.0322 -3.20492 0)
(-13.6364 -3.15942 0)
(-25.0136 0.878648 0)
(-23.0916 7.04203 0)
(-18.7832 11.9034 0)
(-12.7597 15.2945 0)
(-5.34582 16.5767 0)
(1.7779 15.3018 0)
(7.41167 11.7894 0)
(12.3362 7.19881 0)
(15.5048 1.47458 0)
(16.3505 -4.49085 0)
(14.8248 -8.45553 0)
(11.4542 -11.1208 0)
(6.5075 -12.9685 0)
(1.15401 -13.323 0)
(-4.10746 -11.7397 0)
(-9.00045 -8.99995 0)
(-13.4603 -6.47746 0)
(-16.1227 -4.46123 0)
(-18.4734 -2.78931 0)
(-20.675 -1.53476 0)
(-22.5036 -0.670866 0)
(-24.9313 0.0482891 0)
(-35.7678 -0.386153 0)
(-34.4705 1.87599 0)
(-28.645 3.36065 0)
(-19.6326 4.26171 0)
(-8.81595 4.75617 0)
(2.46524 4.81455 0)
(12.3677 3.75514 0)
(19.315 2.07292 0)
(22.0183 0.428714 0)
(21.9486 -1.28155 0)
(18.376 -2.61623 0)
(13.031 -3.40917 0)
(6.19642 -3.72847 0)
(-2.59089 -3.06555 0)
(-9.35654 -2.2566 0)
(-15.8416 -1.61142 0)
(-21.3257 -1.36045 0)
(-26.1044 -0.837561 0)
(-27.3456 -0.0866741 0)
(-28.8648 0.354182 0)
(-29.0545 0.580543 0)
(-29.8068 1.48143 0)
(7.74815 -0.238689 0)
(8.52414 0.4779 0)
(8.7435 1.13245 0)
(8.10427 1.54341 0)
(6.70299 1.59519 0)
(5.28538 1.31728 0)
(4.26482 0.952465 0)
(3.13143 0.581737 0)
(2.3344 0.264532 0)
(1.65164 0.16425 0)
(0.816307 0.183365 0)
(-0.0309489 0.161091 0)
(-0.723518 0.338606 0)
(-1.11408 0.317946 0)
(-1.29553 0.208072 0)
(-1.27351 0.0956749 0)
(-1.20991 0.00686081 0)
(-1.32494 0.102383 0)
(-1.91682 0.414114 0)
(-3.26215 0.885033 0)
(-5.51338 1.38071 0)
(-8.50395 1.74515 0)
(-12.4338 1.21541 0)
(-16.6572 1.80597 0)
(-20.1736 1.75402 0)
(-22.8638 1.22905 0)
(-24.4419 0.463089 0)
(-24.5581 -0.440561 0)
(-23.0732 -1.37736 0)
(-19.8498 -2.5255 0)
(-14.0299 -3.70742 0)
(-5.58345 -4.75432 0)
(4.08376 -5.39195 0)
(15.2007 -5.56863 0)
(25.7988 -5.25343 0)
(33.6714 -3.564 0)
(38.3866 -1.53218 0)
(39.3579 0.646832 0)
(35.8992 2.93159 0)
(28.18 4.97006 0)
(17.0992 6.24825 0)
(5.99719 6.62196 0)
(-4.67817 6.27391 0)
(-14.6986 4.78984 0)
(-21.7237 2.69058 0)
(-24.9894 0.431882 0)
(-24.1899 -1.71635 0)
(-19.582 -3.47243 0)
(-11.9753 -4.60254 0)
(-2.52947 -5.08601 0)
(7.34339 -5.15247 0)
(16.4604 -4.5597 0)
(24.0598 -3.23391 0)
(29.1739 -1.52543 0)
(30.8812 0.380762 0)
(28.6804 2.33779 0)
(22.5082 4.12965 0)
(13.2676 5.22338 0)
(2.15273 5.73547 0)
(-9.15956 5.8531 0)
(-18.8938 4.97031 0)
(-26.4959 3.04735 0)
(-30.8585 1.0748 0)
(-31.849 -0.697082 0)
(-29.2087 -2.16367 0)
(-24.2291 -3.31636 0)
(-17.5772 -3.66143 0)
(-9.93049 -4.00046 0)
(-2.17597 -3.77056 0)
(4.76935 -3.19123 0)
(10.076 -2.18456 0)
(13.4964 -1.10373 0)
(14.5936 -0.0745957 0)
(13.8647 0.85885 0)
(11.3314 1.55016 0)
(7.59345 1.82402 0)
(3.81941 2.02358 0)
(0.257151 1.7076 0)
(-2.6102 1.25851 0)
(-4.81475 0.793757 0)
(-6.03647 0.306977 0)
(-6.24522 -0.109821 0)
(-5.85617 -0.457629 0)
(-4.75462 -0.763804 0)
(-3.05566 -1.00422 0)
(-0.878811 -1.13644 0)
(1.50848 -1.146 0)
(3.89975 -1.05045 0)
(5.97509 -0.85882 0)
(7.58763 -0.572457 0)
(8.53408 -0.253443 0)
(8.78073 0.0764322 0)
(8.32452 0.389567 0)
(7.21542 0.596107 0)
(5.50029 0.855914 0)
(3.55143 1.08847 0)
(1.52543 1.05669 0)
(-0.536474 0.927008 0)
(-2.34883 0.726925 0)
(-3.74597 0.497371 0)
(-4.65123 0.26789 0)
(-5.05874 0.0479953 0)
(-4.99787 -0.15812 0)
(-4.5126 -0.337701 0)
(-3.67627 -0.473919 0)
(3.90084 -0.772929 0)
(2.71291 -0.440217 0)
(1.27049 0.107373 0)
(0.415363 0.775801 0)
(0.434858 1.43002 0)
(0.502536 1.5702 0)
(0.569438 1.16243 0)
(0.284619 0.932048 0)
(0.154034 1.03234 0)
(-0.164708 1.33349 0)
(-0.692132 1.53527 0)
(-1.27956 1.35593 0)
(-1.7448 1.03926 0)
(-2.38276 0.520373 0)
(-2.68406 -0.0292411 0)
(-2.67704 -0.364487 0)
(-2.40926 -0.204375 0)
(-2.13977 0.476635 0)
(-2.42796 1.46451 0)
(-3.6557 2.67654 0)
(-5.99644 4.04579 0)
(-9.85724 5.34812 0)
(-13.4156 6.57692 0)
(-16.051 6.40191 0)
(-19.325 5.17047 0)
(-21.6973 3.15956 0)
(-22.8615 0.893031 0)
(-22.6705 -1.2322 0)
(-21.0447 -3.46555 0)
(-17.8073 -6.48997 0)
(-12.156 -10.2454 0)
(-3.96528 -13.9053 0)
(6.31832 -15.9308 0)
(17.5006 -15.5693 0)
(27.7382 -13.7112 0)
(35.438 -9.78498 0)
(39.7378 -4.74966 0)
(40.1154 1.61831 0)
(34.6062 8.21658 0)
(26.9555 13.9214 0)
(16.1757 18.0743 0)
(3.05518 19.5457 0)
(-7.66626 16.8021 0)
(-16.98 12.2324 0)
(-22.6461 6.74357 0)
(-24.6085 1.25177 0)
(-23.3258 -4.23001 0)
(-18.5014 -9.15659 0)
(-10.9524 -12.5739 0)
(-1.74947 -14.3013 0)
(8.43889 -14.2981 0)
(17.7501 -12.3146 0)
(25.054 -9.10429 0)
(29.4415 -4.95832 0)
(30.5263 -0.057481 0)
(27.9649 5.45866 0)
(22.2656 11.581 0)
(11.2912 15.9458 0)
(-1.23092 18.1706 0)
(-11.5877 16.3673 0)
(-20.4209 12.6157 0)
(-26.2269 7.58864 0)
(-28.9203 2.52536 0)
(-28.9393 -2.07102 0)
(-26.6047 -5.89779 0)
(-21.3901 -8.6617 0)
(-14.7421 -10.3388 0)
(-7.8648 -10.8732 0)
(-0.614964 -10.2842 0)
(5.59626 -8.4101 0)
(9.9517 -5.91214 0)
(12.4995 -2.99006 0)
(13.1897 -0.0904037 0)
(11.998 2.51697 0)
(9.16292 4.66746 0)
(5.95878 5.81514 0)
(2.59329 5.60257 0)
(-0.628296 4.59887 0)
(-3.11042 3.34038 0)
(-4.85979 2.01397 0)
(-5.73582 0.67179 0)
(-5.72125 -0.381453 0)
(-5.00692 -1.20191 0)
(-3.74696 -1.98938 0)
(-2.01045 -2.76285 0)
(0.127032 -3.36643 0)
(2.45487 -3.55462 0)
(4.66926 -3.32232 0)
(6.53157 -2.69631 0)
(7.69988 -1.74815 0)
(8.23079 -0.664183 0)
(8.09257 0.315499 0)
(7.41237 1.24425 0)
(6.32955 2.16401 0)
(4.99339 2.84924 0)
(3.03059 3.27775 0)
(0.816589 3.23878 0)
(-1.20162 2.86043 0)
(-2.90705 2.24757 0)
(-4.16944 1.51783 0)
(-4.9421 0.776497 0)
(-5.21106 0.080982 0)
(-5.05098 -0.548711 0)
(-4.48832 -1.0874 0)
(-3.58343 -1.47869 0)
(3.56883 0.454996 0)
(3.16698 1.08938 0)
(2.55781 1.68826 0)
(1.84463 2.11573 0)
(1.07803 2.25083 0)
(0.290361 2.05791 0)
(-0.693624 1.64417 0)
(-1.74662 1.23717 0)
(-2.61973 0.909479 0)
(-3.44105 0.714419 0)
(-3.24376 0.758458 0)
(-2.82316 0.928512 0)
(-2.23018 0.998257 0)
(-1.8146 0.85991 0)
(-1.78575 0.492661 0)
(-2.09958 0.0203802 0)
(-2.95958 -0.0329274 0)
(-4.25661 0.685575 0)
(-5.3229 2.18356 0)
(-6.10121 4.29415 0)
(-6.80132 6.46944 0)
(-7.05086 9.02048 0)
(-9.04598 10.9484 0)
(-12.0353 9.82173 0)
(-13.2694 6.99037 0)
(-14.3642 3.11338 0)
(-15.0135 -0.595508 0)
(-15.3332 -3.56725 0)
(-15.2731 -6.79182 0)
(-14.6154 -11.3725 0)
(-11.8907 -17.2841 0)
(-6.01838 -21.5558 0)
(3.41804 -24.1353 0)
(13.4184 -24.3985 0)
(22.0546 -20.8936 0)
(28.3807 -14.0715 0)
(32.3235 -5.51883 0)
(33.019 4.29248 0)
(29.608 14.6097 0)
(21.9626 23.4238 0)
(12.723 28.9979 0)
(2.68878 30.3474 0)
(-6.51176 25.5195 0)
(-12.809 18.0942 0)
(-16.7918 9.40764 0)
(-18.896 0.221478 0)
(-18.4764 -8.58627 0)
(-14.9431 -16.0948 0)
(-8.47893 -21.0397 0)
(-0.783729 -23.1071 0)
(7.45922 -22.4255 0)
(14.5669 -18.8511 0)
(19.8456 -13.3872 0)
(22.7617 -6.37256 0)
(23.1072 2.05861 0)
(20.4803 11.1092 0)
(13.8086 19.5781 0)
(6.02879 26.0049 0)
(-1.74599 28.7208 0)
(-10.3944 25.087 0)
(-14.8017 18.3449 0)
(-17.0996 10.6005 0)
(-17.6029 3.50177 0)
(-17.1073 -2.97077 0)
(-15.8728 -9.24171 0)
(-13.4204 -14.4966 0)
(-9.9013 -18.2675 0)
(-5.53015 -18.8096 0)
(-0.625581 -16.8073 0)
(3.50082 -13.3705 0)
(6.30109 -8.39225 0)
(8.00167 -3.77901 0)
(8.8503 0.335215 0)
(8.94867 5.50675 0)
(8.14583 8.11665 0)
(5.75142 9.27312 0)
(2.60636 8.63997 0)
(0.290154 7.23173 0)
(-1.50303 5.41847 0)
(-3.00639 3.30622 0)
(-4.00778 0.915699 0)
(-4.46253 -1.35537 0)
(-4.50511 -3.11842 0)
(-4.17263 -4.40315 0)
(-3.25047 -5.36806 0)
(-1.56159 -5.83348 0)
(0.792059 -5.62839 0)
(3.20464 -4.8389 0)
(5.23658 -3.60281 0)
(6.55366 -2.10435 0)
(7.01925 -0.592411 0)
(6.71398 0.85624 0)
(6.38996 2.2185 0)
(5.76071 3.55802 0)
(4.53341 4.57948 0)
(2.87802 5.05516 0)
(1.09116 5.10321 0)
(-0.563818 4.63309 0)
(-1.94382 3.69814 0)
(-2.96234 2.51385 0)
(-3.6 1.31855 0)
(-3.87843 0.225476 0)
(-3.87596 -0.80568 0)
(-3.56703 -1.76176 0)
(-2.96621 -2.538 0)
(3.87467 0.192583 0)
(4.49354 0.906715 0)
(5.15445 1.59915 0)
(5.82404 2.15706 0)
(6.43288 2.49334 0)
(6.89766 2.59595 0)
(7.12705 2.5273 0)
(7.07548 2.37782 0)
(6.76951 2.21101 0)
(6.2773 2.02267 0)
(5.42622 1.77328 0)
(4.39217 1.51609 0)
(3.19334 1.26329 0)
(1.79881 1.06436 0)
(0.1693 0.973971 0)
(-1.70069 1.04463 0)
(-3.97797 1.34319 0)
(-6.48552 1.96309 0)
(-9.29871 2.91466 0)
(-11.6224 3.95014 0)
(-13.1126 5.12201 0)
(-13.4434 6.33519 0)
(-11.1657 7.09254 0)
(-6.63377 7.11555 0)
(-1.73682 6.49154 0)
(2.5959 5.84688 0)
(4.65637 4.35855 0)
(4.76668 1.30318 0)
(3.62778 -1.83249 0)
(2.03312 -7.17898 0)
(0.758679 -18.4743 0)
(-2.30675 -32.0032 0)
(-1.17919 -38.1022 0)
(2.53993 -36.9038 0)
(7.67964 -29.8119 0)
(10.9353 -19.593 0)
(13.8476 -7.51628 0)
(14.5804 2.67708 0)
(13.6202 18.942 0)
(10.8397 30.4772 0)
(7.48059 37.9545 0)
(1.82459 38.3491 0)
(-3.69992 32.4661 0)
(-5.99015 23.0308 0)
(-6.25273 12.2346 0)
(-6.66264 2.39694 0)
(-5.56534 -6.82795 0)
(-4.6545 -19.9497 0)
(-2.28605 -26.88 0)
(0.969543 -31.0285 0)
(5.16408 -30.2489 0)
(8.11056 -25.0296 0)
(9.08861 -17.3803 0)
(9.11957 -7.78852 0)
(8.13847 1.62676 0)
(5.30565 13.284 0)
(1.27241 24.6502 0)
(-2.71214 32.5725 0)
(-6.84864 35.6732 0)
(-12.1392 31.318 0)
(-13.7722 21.6218 0)
(-12.8496 10.8569 0)
(-10.5652 1.87018 0)
(-7.4601 -4.43214 0)
(-3.93124 -10.0215 0)
(-0.728492 -14.6083 0)
(1.02141 -18.0314 0)
(1.19071 -20.3044 0)
(0.772122 -20.162 0)
(1.11503 -17.5995 0)
(1.39094 -12.7937 0)
(1.54557 -7.19863 0)
(1.99871 -2.22575 0)
(2.71368 1.79357 0)
(3.97927 8.79088 0)
(5.40305 11.7511 0)
(6.50869 11.3682 0)
(7.3016 9.91738 0)
(7.91772 8.01296 0)
(8.1558 5.80519 0)
(7.03291 2.54698 0)
(5.56896 0.754118 0)
(4.19818 -0.682924 0)
(2.82408 -2.49634 0)
(1.40498 -4.81898 0)
(-0.0527357 -7.62113 0)
(-1.37007 -8.84064 0)
(-1.88684 -8.77204 0)
(-1.6058 -7.34848 0)
(-1.29648 -4.20438 0)
(-0.423929 -1.26368 0)
(0.334769 0.645166 0)
(0.794879 2.04231 0)
(0.710515 3.2178 0)
(0.388476 5.69116 0)
(-0.16371 6.95219 0)
(-0.877085 7.11262 0)
(-1.6401 6.3912 0)
(-2.42914 5.09405 0)
(-3.0629 3.45302 0)
(-3.46378 1.78118 0)
(-3.60287 0.366498 0)
(-3.52534 -0.923064 0)
(-3.17919 -2.18376 0)
(-2.42903 -3.05858 0)
(4.12121 -0.634496 0)
(5.09973 -0.064061 0)
(6.21906 0.502972 0)
(7.44731 1.00525 0)
(8.71609 1.39442 0)
(9.92639 1.657 0)
(10.9731 1.81981 0)
(11.7779 1.93912 0)
(12.2967 2.06189 0)
(12.5012 2.20849 0)
(12.3476 2.38245 0)
(11.7852 2.57816 0)
(10.7739 2.79867 0)
(9.25416 3.06214 0)
(7.26455 3.41424 0)
(4.78136 3.88088 0)
(1.8104 4.48834 0)
(-1.34901 5.29138 0)
(-4.49958 6.20601 0)
(-7.28988 7.05797 0)
(-9.64222 7.55226 0)
(-11.3394 7.44634 0)
(-12.253 6.27886 0)
(-12.7769 3.97944 0)
(-12.8189 1.22651 0)
(-10.6802 -1.27481 0)
(-6.99822 -4.32792 0)
(-1.53701 -6.26704 0)
(6.2647 -7.49747 0)
(16.5121 -9.37695 0)
(27.0144 -12.6313 0)
(29.9688 -18.0452 0)
(26.2769 -25.9651 0)
(18.1887 -30.8612 0)
(7.56706 -28.4347 0)
(-1.16957 -19.3701 0)
(-4.31841 -10.0481 0)
(-6.70082 -0.160618 0)
(-7.02353 15.7348 0)
(-6.12875 31.1378 0)
(-3.73242 41.0911 0)
(-0.833357 41.3673 0)
(0.806428 34.5009 0)
(2.52831 23.2485 0)
(3.74319 10.7543 0)
(6.05028 0.791831 0)
(9.16825 -7.91336 0)
(11.0734 -22.0004 0)
(11.4215 -29.0393 0)
(11.116 -32.5198 0)
(10.0401 -30.1358 0)
(7.87718 -23.6672 0)
(4.36882 -15.4645 0)
(0.793192 -7.24776 0)
(-3.4547 3.70044 0)
(-6.93515 16.6414 0)
(-9.53568 27.2708 0)
(-11.8604 34.8143 0)
(-13.1696 38.6047 0)
(-13.0652 33.6176 0)
(-13.2985 22.6102 0)
(-13.3243 10.6431 0)
(-14.38 1.46734 0)
(-14.7131 -6.83315 0)
(-14.4361 -14.3633 0)
(-13.4637 -19.5475 0)
(-11.518 -22.4918 0)
(-9.12306 -22.6811 0)
(-6.96088 -19.7737 0)
(-5.59318 -14.6665 0)
(-4.56059 -9.46241 0)
(-4.0603 -4.8664 0)
(-4.6263 -0.525141 0)
(-5.42361 3.76827 0)
(-5.82901 6.50638 0)
(-3.99561 6.96149 0)
(-1.14848 6.38612 0)
(2.64391 5.16721 0)
(6.98222 4.14858 0)
(11.9643 3.92314 0)
(16.6421 3.48719 0)
(20.2449 1.28312 0)
(22.6247 -0.0968294 0)
(24.4346 -1.09377 0)
(25.3616 -2.12537 0)
(24.0175 -3.21187 0)
(21.0165 -3.64113 0)
(16.9781 -4.14661 0)
(12.2801 -3.7942 0)
(7.6906 -2.9526 0)
(3.7946 -1.88197 0)
(0.972522 -0.193375 0)
(-1.30593 1.71577 0)
(-3.33797 3.6054 0)
(-4.97652 5.0378 0)
(-5.79198 5.8908 0)
(-6.32734 6.3465 0)
(-6.7946 6.20759 0)
(-7.2651 5.26992 0)
(-7.67438 3.78995 0)
(-8.00189 2.18366 0)
(-8.31976 0.591254 0)
(-8.83451 -0.922203 0)
(-9.24904 -2.45713 0)
(-9.14483 -3.97443 0)
(4.36096 -1.61677 0)
(5.45747 -1.21244 0)
(6.7213 -0.798122 0)
(8.13811 -0.402369 0)
(9.65367 -0.0456072 0)
(11.1896 0.273028 0)
(12.658 0.58023 0)
(13.9767 0.919346 0)
(15.0753 1.32717 0)
(15.8901 1.82392 0)
(16.3523 2.41569 0)
(16.3846 3.09939 0)
(15.9203 3.86477 0)
(14.8992 4.68516 0)
(13.3319 5.55676 0)
(11.314 6.51261 0)
(8.75746 7.47162 0)
(5.98633 8.4381 0)
(3.09364 9.32094 0)
(0.143941 9.91582 0)
(-2.74314 10.0065 0)
(-5.44676 9.50026 0)
(-7.90463 8.3507 0)
(-10.2627 6.32992 0)
(-12.797 3.24825 0)
(-15.4095 -0.614137 0)
(-17.4095 -4.799 0)
(-18.0155 -8.981 0)
(-17.8366 -14.2273 0)
(-17.5537 -20.7067 0)
(-16.3583 -26.5155 0)
(-14.4747 -29.3988 0)
(-10.2093 -29.2475 0)
(-6.25266 -26.9412 0)
(-6.38336 -18.1864 0)
(-9.74922 -9.46441 0)
(-10.7926 -6.35096 0)
(-11.7645 3.02701 0)
(-11.0312 15.5071 0)
(-6.56534 26.7114 0)
(2.45039 34.5024 0)
(13.5777 35.4866 0)
(22.9683 30.9643 0)
(29.063 23.133 0)
(34.8478 9.41397 0)
(35.3052 -0.173397 0)
(35.1378 -9.22046 0)
(32.4392 -18.2583 0)
(26.2042 -26.0211 0)
(18.8082 -31.2443 0)
(11.0617 -28.4005 0)
(4.79788 -20.642 0)
(0.257772 -12.1079 0)
(-4.74144 -3.77099 0)
(-7.79216 7.14732 0)
(-9.47413 18.3905 0)
(-10.0725 28.2231 0)
(-8.81875 34.7547 0)
(-6.08827 38.0548 0)
(-2.90243 34.1291 0)
(-1.48093 23.9335 0)
(-2.42403 10.1184 0)
(-4.60059 0.709597 0)
(-6.70796 -2.83686 0)
(-9.7248 -11.0414 0)
(-13.4427 -16.7974 0)
(-17.8338 -19.9832 0)
(-22.6182 -21.3391 0)
(-27.4618 -21.3873 0)
(-31.0154 -19.0513 0)
(-32.6576 -14.0698 0)
(-33.1862 -8.42555 0)
(-33.0029 -2.55497 0)
(-32.0635 2.45415 0)
(-30.0039 5.75918 0)
(-26.5419 6.53165 0)
(-22.4315 4.48902 0)
(-17.8238 1.59445 0)
(-12.3908 -1.00216 0)
(-5.84258 -3.08763 0)
(0.0497714 -4.17651 0)
(7.36613 -5.07702 0)
(15.4644 -5.70062 0)
(24.0703 -5.5603 0)
(32.7959 -4.18911 0)
(39.7856 -2.3292 0)
(43.9746 -1.06963 0)
(44.9048 0.14932 0)
(43.3393 1.73458 0)
(40.0543 3.82049 0)
(35.2963 5.0688 0)
(29.5786 5.54632 0)
(23.5799 6.00282 0)
(18.0142 7.14325 0)
(12.9334 8.09199 0)
(8.24898 8.58824 0)
(4.49947 8.34392 0)
(1.4337 7.44734 0)
(-1.25924 6.07073 0)
(-3.566 4.21602 0)
(-5.28344 2.02051 0)
(-6.4666 1.32212 0)
(-7.73023 0.156603 0)
(-8.98191 -2.2515 0)
(-9.69963 -3.92028 0)
(4.45906 -2.66073 0)
(5.60057 -2.42984 0)
(6.91853 -2.18232 0)
(8.40299 -1.92423 0)
(10.0209 -1.65169 0)
(11.7175 -1.3457 0)
(13.4222 -0.972742 0)
(15.0581 -0.491812 0)
(16.5472 0.133016 0)
(17.808 0.921892 0)
(18.7586 1.87822 0)
(19.3298 2.99446 0)
(19.4681 4.25488 0)
(19.1211 5.62439 0)
(18.2393 7.05769 0)
(16.8092 8.52735 0)
(14.8489 9.9579 0)
(12.3983 11.2358 0)
(9.54838 12.3079 0)
(6.36763 13.084 0)
(2.96024 13.2138 0)
(-0.491987 12.3387 0)
(-3.64108 10.6724 0)
(-7.02881 8.85611 0)
(-11.1475 7.12465 0)
(-15.9885 4.34221 0)
(-21.0526 -0.856251 0)
(-25.9387 -7.09613 0)
(-29.3689 -11.3242 0)
(-33.668 -16.5783 0)
(-38.212 -21.7607 0)
(-42.7314 -26.0811 0)
(-47.1227 -29.3511 0)
(-49.8987 -31.6545 0)
(-49.0112 -22.6527 0)
(-43.2629 -13.417 0)
(-36.5649 -8.07011 0)
(-30.3965 -3.7859 0)
(-21.5994 8.77493 0)
(-9.0274 16.464 0)
(5.97737 20.9839 0)
(22.4656 22.102 0)
(37.5976 19.4971 0)
(50.1281 13.6563 0)
(58.3199 6.39607 0)
(61.3696 -0.505639 0)
(62.3404 -7.07232 0)
(59.848 -13.0768 0)
(53.0762 -16.3307 0)
(44.1649 -17.649 0)
(33.5807 -17.2363 0)
(23.0905 -12.1836 0)
(16.2185 -4.52918 0)
(9.093 0.818807 0)
(3.44475 9.65892 0)
(0.822919 18.735 0)
(0.459896 26.3399 0)
(2.49401 31.2665 0)
(6.39269 33.1704 0)
(10.6759 29.5369 0)
(13.626 22.5056 0)
(12.8279 13.343 0)
(9.04842 5.31702 0)
(6.46523 -1.60216 0)
(2.6717 -7.7994 0)
(-2.49214 -12.0816 0)
(-8.9522 -14.2036 0)
(-16.023 -14.2959 0)
(-23.4427 -12.782 0)
(-32.2285 -10.1915 0)
(-39.0416 -6.80728 0)
(-43.7188 -3.32336 0)
(-51.8832 -0.565425 0)
(-54.9686 1.00485 0)
(-55.5237 1.17477 0)
(-55.1337 0.251959 0)
(-54.8681 -1.12579 0)
(-57.0563 -3.29431 0)
(-58.28 -6.90077 0)
(-56.0502 -10.1453 0)
(-50.1975 -11.12 0)
(-40.3011 -13.7734 0)
(-29.5528 -16.2597 0)
(-16.1314 -19.4147 0)
(0.041976 -19.5873 0)
(15.8973 -15.6269 0)
(30.5087 -10.1359 0)
(44.0364 -4.40022 0)
(54.8138 1.28961 0)
(61.771 5.90125 0)
(64.6388 9.6392 0)
(63.0825 12.4448 0)
(58.5244 14.157 0)
(52.0852 14.8265 0)
(45.113 14.7578 0)
(38.3503 13.9677 0)
(32.0636 12.8164 0)
(26.0879 11.9846 0)
(20.6751 10.2432 0)
(15.8396 7.39224 0)
(11.3851 4.87175 0)
(7.66126 3.02313 0)
(4.86019 1.85867 0)
(3.00141 -0.383724 0)
(1.0859 -3.18359 0)
(4.41863 -3.71786 0)
(5.55783 -3.66106 0)
(6.88001 -3.59128 0)
(8.38677 -3.49537 0)
(10.0609 -3.34797 0)
(11.8639 -3.11171 0)
(13.7387 -2.74056 0)
(15.6151 -2.18609 0)
(17.4126 -1.40598 0)
(19.0428 -0.374037 0)
(20.4104 0.909186 0)
(21.4214 2.41584 0)
(21.997 4.10807 0)
(22.0829 5.94899 0)
(21.6461 7.89945 0)
(20.6708 9.90727 0)
(19.1512 11.8721 0)
(17.0878 13.6654 0)
(14.456 15.1723 0)
(11.3941 16.2811 0)
(8.49242 16.8049 0)
(4.29979 16.5372 0)
(-1.50102 15.6715 0)
(-7.51 14.3227 0)
(-12.6138 11.9299 0)
(-17.3058 8.28897 0)
(-21.6985 3.32085 0)
(-26.5954 -1.13728 0)
(-33.7505 -4.78691 0)
(-41.6904 -10.2765 0)
(-49.1983 -15.6687 0)
(-56.1464 -20.3077 0)
(-62.2066 -23.7808 0)
(-67.5816 -26.2901 0)
(-71.4206 -26.1101 0)
(-66.3104 -21.902 0)
(-58.114 -16.8765 0)
(-48.9415 -10.8395 0)
(-37.4649 -4.70852 0)
(-23.2927 -0.194141 0)
(-6.66469 3.7805 0)
(12.3992 4.60539 0)
(29.6912 3.56442 0)
(44.0795 1.04821 0)
(55.1258 -2.35194 0)
(62.7517 -5.36858 0)
(67.4813 -7.87385 0)
(67.3216 -9.49161 0)
(64.6884 -10.1616 0)
(60.1053 -10.0558 0)
(52.9607 -7.99535 0)
(43.9073 -2.95463 0)
(36.0717 2.43756 0)
(31.4332 8.25497 0)
(26.0554 15.0181 0)
(22.7326 21.406 0)
(21.898 26.5385 0)
(22.7809 29.462 0)
(25.0156 29.6985 0)
(27.7302 27.0528 0)
(29.277 21.5761 0)
(28.6784 14.7149 0)
(25.7078 7.86089 0)
(21.4214 2.15395 0)
(16.0728 -2.41195 0)
(9.64061 -5.27057 0)
(2.63233 -6.43891 0)
(-5.19867 -6.5965 0)
(-13.4028 -4.99163 0)
(-21.8921 -2.67039 0)
(-30.2503 -0.115038 0)
(-38.3511 3.28282 0)
(-45.5617 6.38513 0)
(-52.5804 7.4813 0)
(-60.1576 7.13492 0)
(-67.8866 6.27423 0)
(-74.8952 4.85899 0)
(-79.8855 1.84132 0)
(-83.614 -3.71282 0)
(-85.4711 -11.2388 0)
(-83.8987 -18.9529 0)
(-78.6316 -25.5155 0)
(-67.5951 -31.0372 0)
(-53.5787 -34.3915 0)
(-48.0131 -34.0514 0)
(-33.495 -30.3473 0)
(-16.6369 -28.6207 0)
(2.69785 -25.2776 0)
(21.9451 -16.4457 0)
(40.1227 -7.12035 0)
(55.9821 2.18288 0)
(67.6168 10.3705 0)
(74.2713 16.5863 0)
(76.2112 20.5345 0)
(73.7978 22.1822 0)
(68.8538 22.1295 0)
(62.1726 20.9563 0)
(55.0062 19.0601 0)
(47.9169 16.4785 0)
(40.9692 13.5176 0)
(34.2942 10.463 0)
(28.3462 7.56486 0)
(23.5785 4.70001 0)
(19.954 1.7484 0)
(17.2824 -1.23509 0)
(4.3367 -4.78491 0)
(5.46146 -4.90697 0)
(6.78433 -5.02878 0)
(8.31948 -5.12146 0)
(10.0624 -5.13989 0)
(11.9843 -5.02666 0)
(14.0339 -4.71845 0)
(16.1414 -4.15093 0)
(18.2188 -3.26725 0)
(20.1615 -2.03219 0)
(21.8597 -0.443398 0)
(23.2106 1.4692 0)
(24.125 3.64981 0)
(24.5323 6.02356 0)
(24.3865 8.50784 0)
(23.6697 11.024 0)
(22.3908 13.5231 0)
(20.5492 15.8878 0)
(18.1153 17.9218 0)
(15.0603 19.3571 0)
(11.4413 20.3301 0)
(7.28347 21.2757 0)
(2.28195 21.214 0)
(-3.35352 19.8387 0)
(-9.51191 17.2535 0)
(-16.0177 13.5997 0)
(-23.1106 9.64627 0)
(-31.8169 6.34528 0)
(-40.4734 2.15767 0)
(-48.5687 -2.46863 0)
(-56.5987 -7.70923 0)
(-64.302 -13.0073 0)
(-70.8716 -17.644 0)
(-75.7843 -21.5545 0)
(-78.9613 -24.4982 0)
(-78.2525 -25.8082 0)
(-72.042 -25.1833 0)
(-62.2389 -22.759 0)
(-48.6444 -18.4252 0)
(-32.0408 -15.3896 0)
(-15.9608 -15.609 0)
(-1.39412 -12.9761 0)
(16.5729 -12.4207 0)
(31.712 -12.3658 0)
(43.8059 -12.6201 0)
(53.0707 -12.7689 0)
(59.6552 -12.1187 0)
(63.526 -10.704 0)
(64.6431 -8.78428 0)
(63.505 -6.09259 0)
(60.0071 -1.84588 0)
(55.5874 3.4042 0)
(51.5147 8.35474 0)
(47.8703 13.2147 0)
(44.0448 18.2894 0)
(41.6103 22.9709 0)
(40.7938 26.5011 0)
(41.0461 28.3489 0)
(41.787 28.1018 0)
(42.8459 25.9048 0)
(42.7033 21.6018 0)
(41.3191 16.5964 0)
(38.3097 11.7944 0)
(33.5973 7.65774 0)
(27.3327 4.13122 0)
(19.8825 1.47802 0)
(11.9503 0.547789 0)
(4.31394 1.89197 0)
(-2.94545 3.81635 0)
(-11.1128 6.28792 0)
(-19.5746 9.69871 0)
(-28.3104 12.3499 0)
(-37.0919 14.4687 0)
(-46.0908 15.6293 0)
(-55.6694 15.7532 0)
(-65.6336 14.6789 0)
(-75.3781 11.9697 0)
(-84.1797 7.20511 0)
(-91.6558 0.104538 0)
(-97.4635 -8.96503 0)
(-100.979 -19.0047 0)
(-101.78 -29.1764 0)
(-98.8715 -37.1574 0)
(-91.9689 -41.7141 0)
(-80.7656 -44.4954 0)
(-65.8963 -46.357 0)
(-44.4058 -47.7116 0)
(-31.2682 -40.726 0)
(-14.146 -34.9412 0)
(6.64668 -28.7423 0)
(26.8041 -17.2553 0)
(45.2073 -4.78779 0)
(60.4788 5.85059 0)
(71.729 14.626 0)
(78.7209 21.3887 0)
(81.437 25.4775 0)
(79.5748 26.7155 0)
(75.4667 26.1004 0)
(69.7607 24.1267 0)
(63.002 21.1702 0)
(55.8143 17.6492 0)
(48.845 13.9118 0)
(42.6885 10.0443 0)
(37.8295 5.87989 0)
(34.5052 1.49665 0)
(4.17706 -5.80462 0)
(5.28172 -6.12353 0)
(6.60961 -6.4704 0)
(8.19217 -6.79962 0)
(10.0408 -7.04196 0)
(12.136 -7.11557 0)
(14.4298 -6.93528 0)
(16.8497 -6.41391 0)
(19.2928 -5.47127 0)
(21.6268 -4.06023 0)
(23.7129 -2.18574 0)
(25.4303 0.106796 0)
(26.6805 2.75119 0)
(27.3831 5.66599 0)
(27.4792 8.75762 0)
(26.936 11.9254 0)
(25.7415 15.0339 0)
(23.9084 17.9893 0)
(21.4398 20.6442 0)
(18.2739 22.8264 0)
(14.3452 24.5703 0)
(9.78249 26.0724 0)
(4.48137 26.6745 0)
(-1.52901 26.07 0)
(-8.27921 24.2259 0)
(-15.8708 21.482 0)
(-24.6139 18.7568 0)
(-34.2583 15.7487 0)
(-43.7008 11.5809 0)
(-53.004 6.47625 0)
(-62.0487 0.599466 0)
(-70.436 -5.68547 0)
(-77.4846 -11.9803 0)
(-82.4233 -17.9864 0)
(-84.8898 -23.6101 0)
(-84.6614 -28.7776 0)
(-79.6316 -32.7228 0)
(-70.6863 -34.7508 0)
(-57.2146 -34.2968 0)
(-39.6845 -32.2069 0)
(-21.0951 -29.5263 0)
(-7.46736 -28.3159 0)
(8.51555 -27.8817 0)
(23.532 -26.1873 0)
(35.7202 -23.8858 0)
(45.4835 -21.2822 0)
(52.8633 -18.131 0)
(58.313 -14.4396 0)
(61.2382 -10.1269 0)
(62.2161 -5.32016 0)
(61.6895 0.0774254 0)
(60.3811 5.68769 0)
(58.8899 10.8916 0)
(57.0981 15.744 0)
(55.1944 20.3988 0)
(53.9003 24.3818 0)
(53.2537 27.1041 0)
(53.1138 28.3326 0)
(53.0756 27.8903 0)
(53.0108 26.0544 0)
(52.2216 22.9797 0)
(50.2331 19.228 0)
(47.0772 15.7425 0)
(42.5693 13.0329 0)
(36.5905 11.1473 0)
(29.3226 9.93227 0)
(21.4564 9.30606 0)
(13.9645 9.11379 0)
(7.57954 10.2894 0)
(1.51192 12.9366 0)
(-3.84682 16.9237 0)
(-13.0187 20.5957 0)
(-23.6248 23.7049 0)
(-35.6202 26.0905 0)
(-48.8289 27.1636 0)
(-62.3559 26.3117 0)
(-75.1433 23.1878 0)
(-86.5787 17.4706 0)
(-96.4566 8.9665 0)
(-104.729 -2.10457 0)
(-111.129 -14.949 0)
(-115.029 -28.4271 0)
(-115.725 -41.1556 0)
(-111.653 -51.3615 0)
(-102.611 -58.7822 0)
(-89.7121 -63.332 0)
(-74.0495 -63.2628 0)
(-56.1256 -59.0187 0)
(-34.1536 -54.1403 0)
(-16.5302 -46.094 0)
(-0.0725175 -37.5422 0)
(23.2282 -24.629 0)
(40.9578 -9.48257 0)
(56.5092 2.52324 0)
(69.1756 12.7655 0)
(77.801 21.0892 0)
(82.4206 26.6195 0)
(82.9848 29.1132 0)
(80.2402 29.0613 0)
(75.7472 27.3478 0)
(70.079 24.4509 0)
(64.06 20.5726 0)
(58.5575 15.7488 0)
(54.2292 10.0762 0)
(51.2755 4.07629 0)
(3.80027 -6.80493 0)
(4.85837 -7.3321 0)
(6.18222 -7.93578 0)
(7.82877 -8.55548 0)
(9.82951 -9.08896 0)
(12.1714 -9.42157 0)
(14.8086 -9.44059 0)
(17.6673 -9.02449 0)
(20.6222 -8.05123 0)
(23.4896 -6.45107 0)
(26.0755 -4.24095 0)
(28.225 -1.49212 0)
(29.8219 1.70187 0)
(30.7779 5.22757 0)
(31.0363 8.95814 0)
(30.5718 12.7687 0)
(29.3761 16.545 0)
(27.4518 20.1764 0)
(24.7999 23.5448 0)
(21.3708 26.5102 0)
(17.0925 28.9962 0)
(12.0605 31.1202 0)
(6.26924 32.5178 0)
(-0.365079 32.6821 0)
(-7.91448 31.7745 0)
(-16.5975 30.2113 0)
(-26.3963 28.2723 0)
(-36.7036 25.4058 0)
(-47.0851 21.2287 0)
(-57.4872 15.99 0)
(-67.558 9.6975 0)
(-76.8068 2.44671 0)
(-84.5657 -5.57428 0)
(-89.9579 -14.0715 0)
(-92.3994 -22.7257 0)
(-91.3438 -31.3045 0)
(-85.8014 -39.2438 0)
(-76.3437 -45.8364 0)
(-62.5271 -49.8926 0)
(-45.3219 -50.0853 0)
(-27.6765 -46.621 0)
(-11.9428 -44.1804 0)
(4.98508 -42.8654 0)
(20.0773 -39.2252 0)
(32.2956 -34.8487 0)
(42.2663 -29.9254 0)
(49.9228 -24.667 0)
(55.6611 -19.0489 0)
(59.386 -12.8952 0)
(61.5516 -6.50081 0)
(62.5415 -0.0884223 0)
(62.8363 6.07193 0)
(62.7259 11.7411 0)
(62.1469 16.8234 0)
(61.4434 21.3225 0)
(60.9141 24.9531 0)
(60.6365 27.393 0)
(60.5109 28.4881 0)
(60.3225 28.2379 0)
(59.9471 26.8555 0)
(58.9869 24.4915 0)
(57.0879 21.7398 0)
(54.025 19.4667 0)
(49.6409 18.0796 0)
(44.4591 17.3346 0)
(39.4821 16.5769 0)
(35.5377 15.478 0)
(32.1414 14.793 0)
(27.6329 15.7818 0)
(20.7178 19.0218 0)
(11.5202 24.576 0)
(-0.92242 31.8574 0)
(-16.5983 37.2279 0)
(-32.47 40.9153 0)
(-48.2315 42.4039 0)
(-62.7785 40.7941 0)
(-75.2746 36.053 0)
(-85.6626 28.442 0)
(-94.3049 18.1984 0)
(-101.629 5.58954 0)
(-107.813 -8.93707 0)
(-112.681 -24.6928 0)
(-115.524 -40.5763 0)
(-115.45 -55.4439 0)
(-111.057 -67.7835 0)
(-101.618 -76.1973 0)
(-88.2894 -80.2807 0)
(-71.5166 -79.3632 0)
(-52.7992 -73.7313 0)
(-32.1964 -65.4753 0)
(-13.2175 -55.1125 0)
(-1.87687 -43.3983 0)
(24.9452 -29.8781 0)
(40.828 -13.5363 0)
(56.4024 0.381229 0)
(68.8279 12.2514 0)
(77.2776 21.5903 0)
(82.1551 27.98 0)
(83.4412 31.2012 0)
(81.4179 31.3542 0)
(77.9776 29.3351 0)
(73.9161 25.4723 0)
(70.0892 19.9506 0)
(66.9871 13.2353 0)
(64.5107 6.40604 0)
(3.28207 -7.72696 0)
(4.20378 -8.51705 0)
(5.44517 -9.4633 0)
(7.10914 -10.4822 0)
(9.25869 -11.422 0)
(11.8834 -12.1285 0)
(14.9409 -12.4609 0)
(18.3668 -12.2473 0)
(22.0054 -11.2844 0)
(25.5847 -9.4739 0)
(28.8229 -6.87225 0)
(31.5209 -3.58651 0)
(33.5438 0.259793 0)
(34.7956 4.51105 0)
(35.2235 9.00527 0)
(34.81 13.5972 0)
(33.554 18.1553 0)
(31.4614 22.564 0)
(28.5359 26.718 0)
(24.7575 30.5097 0)
(20.0797 33.8543 0)
(14.534 36.7509 0)
(8.14245 39.0022 0)
(0.754312 40.1388 0)
(-7.7655 40.4035 0)
(-17.5304 40.003 0)
(-28.2837 38.7915 0)
(-39.5805 36.2251 0)
(-51.2744 32.3109 0)
(-63.1225 26.9237 0)
(-74.6559 19.9767 0)
(-85.2482 11.4362 0)
(-94.0963 1.35613 0)
(-100.23 -10.0307 0)
(-102.843 -22.3793 0)
(-100.731 -35.127 0)
(-93.3812 -47.3155 0)
(-81.7969 -57.9588 0)
(-66.433 -65.2417 0)
(-48.6576 -67.0217 0)
(-30.4965 -64.1144 0)
(-12.8029 -61.3869 0)
(5.06237 -58.7192 0)
(20.6176 -53.1186 0)
(33.2655 -46.2335 0)
(43.3721 -38.8567 0)
(51.0192 -31.3828 0)
(56.659 -23.8424 0)
(60.2979 -16.0669 0)
(62.7098 -8.4332 0)
(64.1087 -1.18413 0)
(64.9556 5.55155 0)
(65.2593 11.6526 0)
(65.2886 17.0295 0)
(65.2127 21.5712 0)
(65.1769 25.0838 0)
(65.2384 27.4237 0)
(65.3355 28.5531 0)
(65.3187 28.4451 0)
(65.1524 27.3988 0)
(64.5448 25.8741 0)
(62.6564 24.2242 0)
(59.7334 23.0643 0)
(56.5456 22.295 0)
(54.4827 21.1139 0)
(54.0834 18.9076 0)
(53.784 16.9505 0)
(50.9297 17.6226 0)
(43.74 21.7181 0)
(32.1235 28.7653 0)
(16.5587 39.3113 0)
(-3.28484 48.3911 0)
(-18.7692 54.9683 0)
(-38.8888 58.3053 0)
(-52.9826 57.6037 0)
(-64.9475 53.3469 0)
(-74.4219 46.1639 0)
(-81.9805 36.5867 0)
(-88.3086 24.9758 0)
(-93.8748 11.4907 0)
(-98.8782 -3.81098 0)
(-103.196 -20.6346 0)
(-106.391 -38.3179 0)
(-107.759 -55.9307 0)
(-106.527 -72.4296 0)
(-101.541 -85.909 0)
(-91.4543 -93.6615 0)
(-77.7705 -95.8674 0)
(-61.3845 -92.41 0)
(-43.2688 -83.9236 0)
(-24.3322 -72.6551 0)
(-7.99291 -60.8945 0)
(9.84698 -48.3058 0)
(27.7165 -32.0598 0)
(43.7242 -14.6567 0)
(57.9914 0.460821 0)
(68.9675 13.1924 0)
(76.5712 23.0694 0)
(81.026 29.6818 0)
(82.4942 32.6801 0)
(81.3557 31.9878 0)
(79.4519 28.4475 0)
(77.3182 22.6917 0)
(75.1873 15.6879 0)
(72.8578 8.90365 0)
(2.64708 -8.42233 0)
(3.36448 -9.45531 0)
(4.4502 -10.7995 0)
(6.09722 -12.349 0)
(8.40208 -13.8533 0)
(11.3402 -15.1092 0)
(14.8857 -15.9574 0)
(19.0272 -16.1545 0)
(23.5652 -15.3058 0)
(28.0564 -13.2465 0)
(32.1015 -10.1501 0)
(35.4772 -6.21493 0)
(38.0192 -1.59117 0)
(39.606 3.52625 0)
(40.1991 8.92587 0)
(39.809 14.4278 0)
(38.4554 19.8857 0)
(36.1587 25.1829 0)
(32.934 30.2259 0)
(28.778 34.9303 0)
(23.6586 39.2191 0)
(17.5596 43.0321 0)
(10.4727 46.231 0)
(2.24621 48.5768 0)
(-7.26904 50.1219 0)
(-18.0505 50.7898 0)
(-29.8602 50.2593 0)
(-42.5944 48.3768 0)
(-56.0774 44.8401 0)
(-69.9177 39.3994 0)
(-83.4178 31.8162 0)
(-95.8214 21.8826 0)
(-106.324 9.41225 0)
(-113.977 -5.51787 0)
(-117.833 -22.6479 0)
(-116.377 -41.0464 0)
(-108.027 -58.5877 0)
(-93.5744 -73.3054 0)
(-74.2673 -82.8199 0)
(-52.805 -85.2824 0)
(-31.5133 -82.8371 0)
(-10.7101 -79.7248 0)
(9.16579 -75.2865 0)
(25.9121 -67.5027 0)
(38.9318 -57.6059 0)
(48.8002 -47.5549 0)
(56.1102 -37.7676 0)
(61.1001 -28.2094 0)
(64.1801 -18.9951 0)
(66.0504 -10.3142 0)
(67.1304 -2.31382 0)
(67.7375 4.92307 0)
(67.9257 11.3069 0)
(68.0341 16.7874 0)
(68.1836 21.3235 0)
(68.4201 24.8374 0)
(68.7471 27.2241 0)
(69.1366 28.4102 0)
(69.4594 28.4675 0)
(69.4545 27.7702 0)
(68.8084 26.9472 0)
(67.3325 26.2894 0)
(65.9813 25.517 0)
(65.8267 23.5942 0)
(67.3087 20.278 0)
(69.2347 17.7563 0)
(67.0802 18.7554 0)
(59.741 24.1693 0)
(47.2063 33.5167 0)
(29.5392 47.5827 0)
(6.93737 59.5859 0)
(-10.2558 67.5202 0)
(-31.4548 72.8163 0)
(-45.0145 73.6213 0)
(-56.1352 69.5041 0)
(-64.4967 62.1812 0)
(-71.0734 53.0768 0)
(-76.7222 42.4495 0)
(-81.929 30.2314 0)
(-86.7316 16.2499 0)
(-90.9919 0.42329 0)
(-94.8407 -17.1357 0)
(-97.793 -35.9961 0)
(-99.3538 -55.3769 0)
(-99.0153 -74.2796 0)
(-96.2028 -91.2981 0)
(-89.8377 -104.016 0)
(-78.798 -109.401 0)
(-64.9491 -108.475 0)
(-48.8833 -101.75 0)
(-31.3606 -91.0299 0)
(-13.5393 -78.3694 0)
(2.79778 -63.9901 0)
(18.3778 -48.1014 0)
(34.4221 -30.5057 0)
(48.3903 -12.4979 0)
(60.3915 3.05912 0)
(69.5827 15.8928 0)
(75.9667 25.3698 0)
(79.8538 30.9572 0)
(81.5464 32.2856 0)
(81.4126 29.6038 0)
(80.6751 24.2743 0)
(79.2798 17.7359 0)
(77.0301 11.6569 0)
(1.08547 -8.95711 0)
(1.55164 -10.4233 0)
(2.74213 -12.3448 0)
(4.18857 -14.5712 0)
(6.60895 -16.7577 0)
(9.96865 -18.6461 0)
(14.152 -20.1856 0)
(19.3165 -21.0063 0)
(25.2312 -20.3391 0)
(31.0541 -18.0165 0)
(36.1393 -14.2865 0)
(40.3139 -9.43604 0)
(43.4545 -3.77456 0)
(45.4136 2.39685 0)
(46.1638 8.83934 0)
(45.759 15.3632 0)
(44.2598 21.815 0)
(41.7174 28.0839 0)
(38.1646 34.0935 0)
(33.6059 39.781 0)
(28.0164 45.0829 0)
(21.357 49.937 0)
(13.5646 54.2543 0)
(4.50956 57.8813 0)
(-5.89726 60.6964 0)
(-17.6491 62.5696 0)
(-30.8441 63.2665 0)
(-45.5266 62.4178 0)
(-61.2113 59.593 0)
(-76.8108 54.2589 0)
(-91.4795 45.9659 0)
(-105.248 34.4916 0)
(-118.103 19.6365 0)
(-129.479 1.34445 0)
(-138.247 -20.4352 0)
(-142.517 -45.2484 0)
(-139.744 -71.0679 0)
(-125.984 -93.089 0)
(-102.794 -106.983 0)
(-74.2281 -110.7 0)
(-45.1178 -107.26 0)
(-16.6483 -102.564 0)
(9.9913 -95.2372 0)
(31.182 -82.8037 0)
(46.5792 -68.983 0)
(57.22 -56.0075 0)
(64.3154 -43.6496 0)
(68.5817 -31.8748 0)
(70.7774 -21.0853 0)
(71.6573 -11.4191 0)
(71.8369 -2.84666 0)
(71.7412 4.73862 0)
(71.3749 11.2928 0)
(71.1131 16.7713 0)
(71.0474 21.1961 0)
(71.2078 24.5402 0)
(71.6222 26.7486 0)
(72.2263 27.8644 0)
(72.752 28.1439 0)
(72.82 28.0625 0)
(72.3696 27.9104 0)
(72.0642 27.1817 0)
(73.0746 24.903 0)
(75.966 21.0629 0)
(79.3804 17.9664 0)
(78.4049 18.9674 0)
(71.6942 25.6383 0)
(59.2866 36.978 0)
(41.3832 52.9503 0)
(14.606 68.7175 0)
(0.783218 79.6307 0)
(-23.8573 86.5537 0)
(-37.5163 88.4572 0)
(-47.635 84.3258 0)
(-55.3882 76.9989 0)
(-61.3572 68.3089 0)
(-66.3401 58.4483 0)
(-70.7843 47.3868 0)
(-75.0762 34.9096 0)
(-79.4695 20.6611 0)
(-83.3793 4.39986 0)
(-87.1221 -13.7992 0)
(-90.1663 -33.7342 0)
(-91.9697 -54.6689 0)
(-92.0894 -75.5662 0)
(-90.1177 -95.059 0)
(-85.5606 -111.199 0)
(-77.1517 -120.812 0)
(-64.9992 -122.375 0)
(-50.6869 -117.709 0)
(-34.813 -108.129 0)
(-18.4736 -95.1716 0)
(-2.84836 -79.8467 0)
(11.6018 -62.867 0)
(25.9828 -44.9965 0)
(40.1709 -25.9367 0)
(52.0797 -7.7499 0)
(62.1604 7.50677 0)
(69.8151 19.3832 0)
(75.2513 27.1485 0)
(78.8065 30.4007 0)
(80.5724 29.2651 0)
(80.8239 24.9142 0)
(80.0628 19.3548 0)
(78.0329 14.4564 0)
(-0.176901 -8.99759 0)
(-0.524601 -10.7474 0)
(-0.105408 -13.1648 0)
(0.607472 -16.2346 0)
(3.72348 -19.7658 0)
(6.87012 -22.5885 0)
(11.689 -25.4462 0)
(18.5311 -27.6115 0)
(26.4923 -26.8582 0)
(34.1887 -23.7907 0)
(40.8593 -19.4542 0)
(46.2218 -13.6982 0)
(50.092 -6.74782 0)
(52.4205 0.80327 0)
(53.2913 8.56366 0)
(52.8157 16.3189 0)
(51.105 23.9163 0)
(48.2628 31.2648 0)
(44.3521 38.3205 0)
(39.3841 45.0536 0)
(33.3365 51.4364 0)
(26.1608 57.4453 0)
(17.7482 63.009 0)
(7.99725 67.9861 0)
(-3.07214 72.2977 0)
(-15.7314 75.7149 0)
(-30.6935 77.9158 0)
(-47.1663 78.7238 0)
(-62.9222 76.8598 0)
(-76.2345 70.4086 0)
(-88.9335 60.8834 0)
(-104.17 49.0957 0)
(-122.073 34.0571 0)
(-142.375 15.3688 0)
(-162.87 -8.37498 0)
(-179.729 -38.2186 0)
(-188.541 -73.2472 0)
(-184.95 -108.764 0)
(-163.768 -134.029 0)
(-129.916 -143.321 0)
(-89.7812 -141.182 0)
(-41.9151 -135.266 0)
(-10.4753 -121.621 0)
(20.253 -105.067 0)
(46.942 -83.9597 0)
(61.8918 -65.3075 0)
(71.5259 -49.0574 0)
(76.6442 -34.664 0)
(78.4973 -22.1288 0)
(78.5237 -11.4112 0)
(77.628 -2.33323 0)
(76.4725 5.38034 0)
(75.3612 11.8914 0)
(74.375 17.1577 0)
(73.8158 21.2561 0)
(73.7313 24.2478 0)
(74.0769 26.1804 0)
(74.6374 27.2629 0)
(75.0525 27.8751 0)
(75.1869 28.1968 0)
(75.5999 27.751 0)
(77.4059 25.6037 0)
(81.14 21.5723 0)
(85.5385 17.6787 0)
(86.5463 17.8321 0)
(81.0904 24.6058 0)
(69.5135 37.7197 0)
(52.1661 56.3286 0)
(26.4796 75.443 0)
(6.84609 90.0264 0)
(-11.6569 99.0264 0)
(-29.8749 102.456 0)
(-39.4794 98.6671 0)
(-47.3626 91.5996 0)
(-53.3264 82.9069 0)
(-57.7823 73.1238 0)
(-61.3673 62.5526 0)
(-64.4898 51.2122 0)
(-67.6077 38.768 0)
(-71.2213 24.6116 0)
(-74.8089 8.22742 0)
(-78.3346 -10.3782 0)
(-81.5595 -31.1596 0)
(-83.7838 -53.4605 0)
(-84.5482 -76.1836 0)
(-83.4468 -97.9169 0)
(-80.0666 -116.773 0)
(-73.8381 -130.307 0)
(-63.5035 -134.667 0)
(-50.8452 -131.919 0)
(-36.7326 -123.346 0)
(-21.9828 -110.424 0)
(-7.41446 -94.4878 0)
(6.269 -76.7803 0)
(19.029 -58.2135 0)
(32.023 -39.0335 0)
(44.1542 -19.1426 0)
(54.3918 -1.62194 0)
(62.9094 12.2726 0)
(69.4164 21.9641 0)
(74.1625 26.9874 0)
(77.2927 27.5811 0)
(78.5752 24.76 0)
(78.3714 20.561 0)
(76.7182 17.0702 0)
(-3.30956 -8.566 0)
(-4.21942 -10.7795 0)
(-3.73978 -13.8369 0)
(-3.26826 -18.0142 0)
(-1.60438 -22.7458 0)
(1.27629 -27.1076 0)
(11.7468 -31.6914 0)
(16.0276 -36.2542 0)
(26.8323 -36.8177 0)
(38.0778 -32.3138 0)
(46.6288 -25.695 0)
(53.5207 -18.2995 0)
(58.4491 -9.82678 0)
(61.173 -0.720506 0)
(62.0509 8.49806 0)
(61.3755 17.568 0)
(59.3372 26.3565 0)
(56.1049 34.8104 0)
(51.7863 42.9399 0)
(46.4276 50.7592 0)
(40.0191 58.2487 0)
(32.4617 65.4337 0)
(23.6753 72.3276 0)
(13.7972 78.6052 0)
(2.40459 84.0616 0)
(-12.0053 89.9301 0)
(-27.9448 95.9765 0)
(-39.5706 95.2487 0)
(-45.6235 88.3144 0)
(-50.4916 79.303 0)
(-60.4583 72.7126 0)
(-83.038 67.7227 0)
(-115.285 59.1839 0)
(-152.45 44.1576 0)
(-189.072 18.7082 0)
(-220.88 -18.4372 0)
(-244.066 -65.5704 0)
(-254.416 -116.763 0)
(-247.617 -160.796 0)
(-215.099 -184.922 0)
(-165.141 -192.161 0)
(-106.503 -183.26 0)
(-50.9334 -162.329 0)
(-16.023 -136.052 0)
(22.7393 -110.438 0)
(50.8773 -82.5707 0)
(68.4851 -58.3706 0)
(78.8253 -38.6244 0)
(83.2168 -23.047 0)
(83.9717 -10.6601 0)
(82.823 -0.815586 0)
(80.9266 7.01226 0)
(79.0402 13.3066 0)
(77.461 18.2329 0)
(76.3329 21.8188 0)
(75.8646 24.2613 0)
(75.9065 25.8361 0)
(76.1515 26.8904 0)
(76.4366 27.5937 0)
(77.1665 27.5198 0)
(79.2828 25.705 0)
(83.3832 21.6777 0)
(88.6865 17.0417 0)
(91.7426 15.8937 0)
(88.1338 21.8292 0)
(78.3058 35.5178 0)
(62.1399 56.0449 0)
(40.4056 78.4977 0)
(14.9151 97.443 0)
(-1.19649 109.4 0)
(-20.064 115.223 0)
(-31.9605 113.731 0)
(-40.3394 106.925 0)
(-46.7563 97.7921 0)
(-51.2496 87.4054 0)
(-54.2881 76.4222 0)
(-56.4136 65.1981 0)
(-58.092 53.6928 0)
(-59.8024 41.4963 0)
(-62.2526 27.8082 0)
(-65.3701 11.7079 0)
(-68.4186 -7.02726 0)
(-71.6579 -28.3405 0)
(-74.2051 -51.7018 0)
(-75.5849 -75.9554 0)
(-75.4169 -99.6413 0)
(-73.2967 -120.879 0)
(-68.797 -137.278 0)
(-60.9049 -145.429 0)
(-49.9978 -144.419 0)
(-37.6895 -136.969 0)
(-24.5581 -124.374 0)
(-11.2872 -108.113 0)
(1.50129 -89.691 0)
(13.3027 -70.2841 0)
(24.4503 -50.6363 0)
(36.283 -30.7598 0)
(46.357 -11.1976 0)
(55.3052 4.49575 0)
(62.6067 15.8625 0)
(68.1916 22.5565 0)
(72.1952 24.8463 0)
(74.5196 23.8211 0)
(74.8641 21.2338 0)
(73.7172 19.2845 0)
(-8.42169 -7.05733 0)
(-10.7016 -9.71439 0)
(-12.2661 -13.7917 0)
(-12.1525 -19.1697 0)
(-9.71703 -26.1508 0)
(-4.78055 -34.0773 0)
(5.72058 -39.8429 0)
(14.9044 -43.6791 0)
(21.5582 -46.6836 0)
(38.8265 -44.322 0)
(50.728 -36.0499 0)
(59.7237 -25.5273 0)
(66.4788 -14.3536 0)
(70.3426 -2.9325 0)
(71.6814 8.30928 0)
(71.0403 19.0246 0)
(68.7945 29.1468 0)
(65.2756 38.7574 0)
(60.7269 47.9354 0)
(55.1181 56.7241 0)
(48.3705 65.2866 0)
(40.7637 73.7497 0)
(32.2738 81.6316 0)
(21.8712 88.9697 0)
(9.3295 98.3453 0)
(-1.82327 107.094 0)
(-4.75932 102.83 0)
(6.06045 93.1079 0)
(19.2732 84.4513 0)
(12.7555 83.2442 0)
(-16.8423 94.9633 0)
(-59.0659 104.246 0)
(-97.5535 101.168 0)
(-130.765 85.1765 0)
(-161.231 55.8955 0)
(-191.236 13.5467 0)
(-221.056 -41.2499 0)
(-247.88 -105.76 0)
(-265.122 -172.022 0)
(-261.758 -225.627 0)
(-227.895 -247.804 0)
(-178.809 -242.05 0)
(-121.827 -215.371 0)
(-65.3085 -182.282 0)
(-18.1238 -147.126 0)
(19.2967 -111.861 0)
(48.944 -78.4798 0)
(68.9393 -49.4357 0)
(79.8912 -27.1661 0)
(84.3392 -11.039 0)
(84.8288 0.665387 0)
(83.3537 9.14346 0)
(81.2812 15.3336 0)
(79.4037 19.8075 0)
(78.0357 22.8254 0)
(77.1995 24.6928 0)
(76.8259 25.8954 0)
(76.7696 26.7206 0)
(77.3059 26.8627 0)
(79.259 25.376 0)
(83.3666 21.5437 0)
(89.0822 16.3906 0)
(93.7841 13.6718 0)
(92.5841 17.7423 0)
(85.4409 30.5045 0)
(71.7963 51.531 0)
(51.4378 76.5526 0)
(28.2123 100.619 0)
(9.1249 117.828 0)
(-9.83097 126.944 0)
(-24.1161 128.366 0)
(-33.9186 122.878 0)
(-41.0739 113.692 0)
(-46.064 102.48 0)
(-49.147 90.4256 0)
(-50.7575 78.2615 0)
(-51.423 66.3693 0)
(-51.6365 54.7175 0)
(-51.8592 42.8768 0)
(-52.8582 29.9526 0)
(-55.2103 14.5865 0)
(-57.637 -3.95375 0)
(-60.6704 -25.4798 0)
(-63.3762 -49.56 0)
(-65.2434 -75.0057 0)
(-65.9398 -100.277 0)
(-65.0972 -123.523 0)
(-62.3005 -142.417 0)
(-56.8154 -153.92 0)
(-48.077 -154.884 0)
(-37.7448 -148.75 0)
(-26.4047 -136.758 0)
(-14.6551 -120.485 0)
(-3.02896 -101.553 0)
(7.92656 -81.3955 0)
(17.9103 -61.0911 0)
(27.969 -41.1421 0)
(38.4644 -21.3 0)
(47.1898 -3.74416 0)
(55.0012 9.13998 0)
(61.2341 17.381 0)
(65.8819 21.3145 0)
(68.9347 22.0754 0)
(70.1112 21.3148 0)
(69.4681 20.9785 0)
(-16.7486 -4.09917 0)
(-20.5864 -6.87889 0)
(-24.8781 -11.9824 0)
(-28.3989 -19.486 0)
(-29.0216 -29.5808 0)
(-26.8997 -41.8066 0)
(-17.7188 -51.8937 0)
(1.68666 -57.2496 0)
(20.1284 -59.3683 0)
(30.6602 -56.8784 0)
(52.7375 -48.1026 0)
(65.2488 -34.5665 0)
(73.7102 -19.8879 0)
(79.2124 -5.88303 0)
(81.4917 7.62202 0)
(81.1896 20.3695 0)
(79.085 32.0597 0)
(75.5455 42.7921 0)
(70.7366 53.0267 0)
(64.9391 63.1061 0)
(58.8502 72.5094 0)
(52.4628 81.099 0)
(43.5728 90.5538 0)
(31.906 101.429 0)
(26.326 107.016 0)
(42.836 101.216 0)
(77.9715 84.8884 0)
(94.5481 74.7214 0)
(68.9414 88.7481 0)
(17.4296 122.103 0)
(-32.9444 141.951 0)
(-54.2426 144.525 0)
(-79.9206 131.896 0)
(-90.1353 108.52 0)
(-103.56 79.649 0)
(-123.7 40.9796 0)
(-148.503 -11.103 0)
(-178.76 -76.1624 0)
(-209.526 -150.787 0)
(-232.615 -223.946 0)
(-236.256 -276.856 0)
(-209.232 -289.198 0)
(-165.957 -272.819 0)
(-113.682 -237.455 0)
(-63.0294 -194.017 0)
(-19.3495 -149.18 0)
(16.2043 -107.68 0)
(44.8976 -70.7511 0)
(65.1692 -38.9394 0)
(76.1538 -15.5172 0)
(81.2186 0.122684 0)
(81.8843 10.5562 0)
(80.7888 17.2608 0)
(79.3052 21.4521 0)
(78.0478 23.9813 0)
(77.1613 25.4406 0)
(76.5798 26.2535 0)
(76.5762 26.3923 0)
(77.9487 25.1126 0)
(81.5108 21.5101 0)
(87.0737 15.9865 0)
(92.715 11.6295 0)
(94.5689 13.1857 0)
(90.1808 23.5411 0)
(79.7435 43.4886 0)
(61.9843 69.8821 0)
(41.0965 97.9509 0)
(19.8898 121.339 0)
(1.11632 136.39 0)
(-15.1712 142.278 0)
(-26.9673 139.064 0)
(-35.5281 130.806 0)
(-41.5076 119.177 0)
(-45.1513 105.84 0)
(-46.8509 92.0699 0)
(-47.069 78.6749 0)
(-46.3109 66.0595 0)
(-45.0699 54.223 0)
(-43.7771 42.7662 0)
(-43.1742 30.802 0)
(-44.5173 16.639 0)
(-46.2271 -1.28894 0)
(-48.8487 -22.7382 0)
(-51.5375 -47.2036 0)
(-53.7441 -73.4321 0)
(-55.2116 -99.89 0)
(-55.5469 -124.664 0)
(-54.3995 -145.544 0)
(-51.2407 -159.744 0)
(-45.0504 -163.389 0)
(-36.853 -158.546 0)
(-27.5329 -147.39 0)
(-17.5386 -131.41 0)
(-7.32074 -112.261 0)
(2.6158 -91.5409 0)
(11.8214 -70.6142 0)
(20.4531 -50.3761 0)
(29.924 -30.9355 0)
(38.9206 -12.369 0)
(46.7616 2.02444 0)
(53.516 11.6715 0)
(58.7024 17.1605 0)
(62.3287 19.6081 0)
(64.2781 20.6706 0)
(64.2831 22.0848 0)
(-28.9966 1.0633 0)
(-34.6817 -0.109827 0)
(-41.5575 -4.75266 0)
(-49.1393 -13.98 0)
(-55.1855 -27.9768 0)
(-56.5922 -45.3991 0)
(-53.2094 -65.3853 0)
(-36.6718 -81.6607 0)
(-6.56279 -83.1231 0)
(23.5733 -77.1925 0)
(47.4405 -65.4008 0)
(64.0914 -48.6853 0)
(78.9496 -28.7948 0)
(86.6128 -10.0478 0)
(90.8845 6.51764 0)
(91.7508 21.2533 0)
(89.9365 34.6171 0)
(86.3433 46.9627 0)
(82.1793 58.412 0)
(78.32 68.2975 0)
(72.9024 77.3782 0)
(62.6673 89.3154 0)
(52.7757 102.419 0)
(63.1146 104.437 0)
(105.162 84.4453 0)
(147.234 59.5413 0)
(132.773 62.4627 0)
(80.4265 111.03 0)
(12.6718 157.866 0)
(-32.3148 179.187 0)
(-58.7267 171.412 0)
(-61.9672 153.478 0)
(-58.5874 133.933 0)
(-54.6893 113.074 0)
(-54.9245 89.9546 0)
(-63.6157 59.7915 0)
(-83.5513 15.5442 0)
(-110.971 -44.265 0)
(-145.307 -118.311 0)
(-178.483 -199.988 0)
(-202.242 -271.772 0)
(-204.783 -313.152 0)
(-180.451 -312.554 0)
(-142.145 -284.963 0)
(-97.7893 -241.039 0)
(-54.7259 -190.624 0)
(-17.1379 -141.312 0)
(13.8576 -97.6236 0)
(40.1991 -59.896 0)
(59.1124 -27.3553 0)
(69.868 -4.81032 0)
(75.2405 9.3552 0)
(76.771 17.9114 0)
(76.521 22.5655 0)
(75.8923 24.9329 0)
(75.2547 26.135 0)
(74.9641 26.4705 0)
(75.6539 25.3587 0)
(78.3597 21.9676 0)
(83.3229 16.274 0)
(89.2484 10.5022 0)
(93.2915 9.01762 0)
(91.7708 15.7738 0)
(84.9963 32.9149 0)
(71.0001 58.9105 0)
(52.5306 89.5085 0)
(31.7917 118.449 0)
(12.5512 140.629 0)
(-5.33409 153.203 0)
(-19.3954 155.041 0)
(-29.6437 148.706 0)
(-37.0482 137.525 0)
(-41.7297 123.324 0)
(-43.9568 107.815 0)
(-44.204 92.3092 0)
(-43.0284 77.6979 0)
(-40.9209 64.3493 0)
(-38.3584 52.279 0)
(-35.6618 41.1645 0)
(-33.3607 30.2271 0)
(-33.2378 17.6299 0)
(-34.4708 0.823602 0)
(-36.5255 -20.2654 0)
(-38.9971 -44.7893 0)
(-41.4057 -71.3695 0)
(-43.5749 -98.5595 0)
(-45.0442 -124.474 0)
(-45.4274 -146.833 0)
(-44.3305 -163.016 0)
(-40.8035 -169.535 0)
(-34.9611 -166.082 0)
(-27.8601 -156.009 0)
(-19.8284 -140.641 0)
(-11.2401 -121.628 0)
(-2.54614 -100.65 0)
(5.8363 -79.2724 0)
(13.6333 -58.6609 0)
(21.4772 -39.3998 0)
(30.4832 -21.2497 0)
(38.1307 -5.3834 0)
(45.2145 5.57226 0)
(50.911 12.4863 0)
(55.0476 16.5337 0)
(57.5509 19.3349 0)
(58.2288 22.6223 0)
(-29.3336 1.93978 0)
(-38.2085 1.84144 0)
(-49.5544 0.613173 0)
(-64.3956 -5.61006 0)
(-80.9597 -19.7814 0)
(-93.9739 -41.7392 0)
(-97.5412 -69.3961 0)
(-92.0096 -101.784 0)
(-58.6489 -116.546 0)
(-13.6119 -110.337 0)
(25.9721 -90.3949 0)
(54.1616 -65.9728 0)
(73.0339 -43.3563 0)
(87.6667 -19.9367 0)
(95.7553 2.86647 0)
(99.632 21.2282 0)
(100.162 36.9225 0)
(99.3047 50.2561 0)
(98.0897 60.8979 0)
(93.4011 72.0093 0)
(83.4758 87.4043 0)
(81.4544 98.8586 0)
(111.104 86.5448 0)
(167.83 51.9042 0)
(192.716 35.3871 0)
(152.181 74.9506 0)
(72.631 143.027 0)
(3.14755 189.883 0)
(-57.3991 205.255 0)
(-67.6681 192.359 0)
(-64.7914 170.357 0)
(-55.6276 146.599 0)
(-43.1175 125.093 0)
(-30.5554 106.404 0)
(-21.3665 89.3357 0)
(-17.8863 69.0672 0)
(-27.3752 37.9748 0)
(-48.969 -15.877 0)
(-83.8228 -83.5951 0)
(-121.354 -167.829 0)
(-153.822 -250.078 0)
(-175.338 -311.773 0)
(-174.119 -334.462 0)
(-152.25 -319.455 0)
(-119.569 -281.101 0)
(-82.5354 -230.305 0)
(-46.3134 -176.539 0)
(-14.6678 -126.337 0)
(11.3382 -83.3545 0)
(35.169 -47.1891 0)
(51.9299 -15.9248 0)
(62.4528 4.07417 0)
(68.1533 15.8334 0)
(70.5309 22.1977 0)
(71.2377 25.2451 0)
(71.351 26.3753 0)
(71.9505 25.8564 0)
(73.9579 22.9845 0)
(78.095 17.4719 0)
(83.7624 10.7132 0)
(88.9799 6.31025 0)
(90.4208 8.8013 0)
(86.8376 21.3885 0)
(77.1769 44.6496 0)
(61.7383 75.5869 0)
(43.2798 108.752 0)
(23.6931 138.028 0)
(5.04602 158.737 0)
(-11.0675 168.56 0)
(-23.2484 166.19 0)
(-32.2199 156.974 0)
(-38.3234 142.902 0)
(-41.6051 126.064 0)
(-42.3659 108.321 0)
(-41.103 91.1091 0)
(-38.4149 75.3258 0)
(-34.9867 61.3507 0)
(-31.2998 49.0528 0)
(-27.5842 38.1395 0)
(-23.8203 28.1458 0)
(-21.739 17.6021 0)
(-22.4065 2.32688 0)
(-23.8621 -18.358 0)
(-26.0065 -42.4588 0)
(-28.5426 -68.8721 0)
(-31.376 -96.3466 0)
(-33.9266 -122.953 0)
(-35.7617 -146.402 0)
(-36.536 -164.164 0)
(-35.4603 -173.068 0)
(-32.1003 -171.23 0)
(-27.3339 -162.446 0)
(-21.4108 -147.977 0)
(-14.6333 -129.455 0)
(-7.37474 -108.585 0)
(-0.00913375 -87.0351 0)
(7.13316 -66.1675 0)
(13.9133 -46.8374 0)
(21.5289 -29.3381 0)
(29.6474 -13.2311 0)
(36.58 -0.854057 0)
(42.6873 7.37449 0)
(47.2468 12.961 0)
(50.1586 17.4934 0)
(51.2679 22.6449 0)
)
;

boundaryField
{
    inlet
    {
        type            calculated;
        value           nonuniform List<vector> 0();
    }
    outlet
    {
        type            calculated;
        value           nonuniform List<vector> 0();
    }
    topWall
    {
        type            calculated;
        value           nonuniform List<vector> 0();
    }
    lowerWall
    {
        type            calculated;
        value           uniform (0 0 0);
    }
    leadingEdge
    {
        type            calculated;
        value           nonuniform List<vector> 0();
    }
    trailingEdge
    {
        type            calculated;
        value           uniform (0 0 0);
    }
    upperSurface
    {
        type            calculated;
        value           nonuniform List<vector> 0();
    }
    lowerSurface
    {
        type            calculated;
        value           uniform (0 0 0);
    }
    frontAndBack
    {
        type            empty;
    }
    procBoundary1to0
    {
        type            processor;
        value           nonuniform List<vector> 
21
(
(-0.171346 0.24064 0)
(-0.0549659 0.277675 0)
(-0.130305 0.265012 0)
(-0.102778 0.164479 0)
(0.0543143 0.0806389 0)
(0.0543143 0.0806389 0)
(0.215286 -0.300503 0)
(0.583342 -0.433653 0)
(1.084 -0.56459 0)
(1.77425 -0.699894 0)
(2.72799 -0.82822 0)
(4.11856 -0.990904 0)
(5.95219 -1.10732 0)
(8.13353 -1.20771 0)
(10.2443 -1.72385 0)
(11.2691 -0.764088 0)
(6.35611 -3.65163 0)
(-10.6116 -4.29547 0)
(-11.7573 -8.89307 0)
(-24.3139 -6.32586 0)
(-32.0073 -3.13833 0)
)
;
    }
    procBoundary1to2
    {
        type            processor;
        value           nonuniform List<vector> 
24
(
(43.3058 31.0818 0)
(35.5216 31.9782 0)
(27.2489 32.556 0)
(18.6498 32.588 0)
(-2.59834 -0.55291 0)
(-2.44595 -1.68523 0)
(-2.14469 -3.03875 0)
(-1.46062 -3.47858 0)
(-8.55326 -5.11032 0)
(-9.78306 -5.1935 0)
(0.0211581 -5.2352 0)
(15.5293 -4.07531 0)
(32.5741 -2.47824 0)
(49.3382 -1.17624 0)
(62.1617 0.933825 0)
(69.9264 3.92429 0)
(73.6978 7.67789 0)
(74.6285 11.7625 0)
(73.5473 15.7994 0)
(70.9751 19.4987 0)
(67.2496 22.7223 0)
(62.5984 25.4975 0)
(57.0062 27.8387 0)
(50.5005 29.7053 0)
)
;
    }
    procBoundary1to5
    {
        type            processor;
        value           nonuniform List<vector> 
106
(
(-2.09656 66.434 0)
(-4.84604 63.8336 0)
(-7.88004 55.0717 0)
(-9.53507 38.5555 0)
(-10.24 13.9401 0)
(-8.32525 -21.6026 0)
(-9.47081 -59.6744 0)
(-11.7369 -114.784 0)
(-22.6525 -168.742 0)
(-25.8897 -207.083 0)
(-21.3429 -220.612 0)
(-5.422 -210.371 0)
(15.7254 -188.373 0)
(45.5261 -161.683 0)
(79.8801 -136.122 0)
(110.272 -114.678 0)
(132.203 -90.6091 0)
(138.694 -54.172 0)
(119.097 -20.9776 0)
(90.092 57.7917 0)
(17.7443 173.451 0)
(-78.8942 281.408 0)
(-150.589 362.971 0)
(-183.694 390.234 0)
(-179.048 363.137 0)
(-155.54 311.437 0)
(-122.228 249.483 0)
(-86.5591 187.974 0)
(-52.6292 132.675 0)
(-22.2829 86.0958 0)
(2.81319 49.7478 0)
(23.6201 27.7917 0)
(36.9114 11.8824 0)
(53.1513 -11.6222 0)
(64.5944 -17.9341 0)
(76.7549 -13.2644 0)
(93.8829 1.3691 0)
(111.125 16.3815 0)
(120.033 19.1989 0)
(116.447 0.414518 0)
(100.4 -42.7386 0)
(68.6409 -103.541 0)
(28.9976 -175.062 0)
(-13.5595 -238.167 0)
(-50.0401 -278.98 0)
(-73.4384 -288.798 0)
(-83.6942 -272.182 0)
(-85.4946 -241.103 0)
(-80.2608 -201.68 0)
(-69.8662 -159.715 0)
(-56.6155 -119.633 0)
(-42.2973 -84.3619 0)
(-28.0163 -55.6236 0)
(-14.7702 -34.3414 0)
(-2.98738 -21.1286 0)
(10.4067 -14.0443 0)
(22.2585 -11.9038 0)
(31.1953 -12.7419 0)
(36.3402 -12.0511 0)
(38.1536 -5.03189 0)
(35.8347 13.4392 0)
(28.287 44.1773 0)
(17.0625 84.4534 0)
(3.64019 129.206 0)
(-10.4144 172.122 0)
(-23.6465 206.644 0)
(-34.2655 227.198 0)
(-39.9275 228.39 0)
(-41.5345 216.628 0)
(-40.0112 195.71 0)
(-35.6894 168.786 0)
(-29.2988 139.03 0)
(-21.6501 109.164 0)
(-13.4767 81.3265 0)
(-5.42443 57.0144 0)
(2.23233 36.9624 0)
(11.8104 21.3914 0)
(20.9536 8.16078 0)
(29.5085 1.19853 0)
(36.5954 -1.85386 0)
(41.8825 -3.80328 0)
(45.1641 -7.42732 0)
(46.1657 -15.096 0)
(44.8165 -28.055 0)
(41.2998 -46.2558 0)
(35.8657 -68.4431 0)
(28.8992 -92.4686 0)
(20.9604 -115.654 0)
(12.4431 -135.448 0)
(3.82164 -149.878 0)
(-4.27369 -157.282 0)
(-11.1423 -156.314 0)
(-16.6522 -150.036 0)
(-20.6785 -139.344 0)
(-23.0655 -125.482 0)
(-23.8119 -109.691 0)
(-23.0486 -93.1357 0)
(-21.0641 -76.7836 0)
(-18.3038 -61.2267 0)
(-15.2266 -46.5982 0)
(-12.1155 -32.9159 0)
(-8.91765 -20.4838 0)
(-5.7072 -10.0399 0)
(-5.7072 -10.0399 0)
(-11.9802 -1.51239 0)
(-11.0759 14.7981 0)
)
;
    }
    procBoundary1to6
    {
        type            processor;
        value           nonuniform List<vector> 2((9.81794 32.8213 0) (-0.264559 32.7613 0));
    }
}


// ************************************************************************* //
