/*--------------------------------*- C++ -*----------------------------------*\
| =========                 |                                                 |
| \\      /  F ield         | OpenFOAM: The Open Source CFD Toolbox           |
|  \\    /   O peration     | Version:  2206                                  |
|   \\  /    A nd           | Website:  www.openfoam.com                      |
|    \\/     M anipulation  |                                                 |
\*---------------------------------------------------------------------------*/
FoamFile
{
    version     2.0;
    format      ascii;
    arch        "LSB;label=32;scalar=64";
    class       volScalarField;
    location    "19.5";
    object      p;
}
// * * * * * * * * * * * * * * * * * * * * * * * * * * * * * * * * * * * * * //

dimensions      [0 2 -2 0 0 0 0];

internalField   nonuniform List<scalar> 
4797
(
-0.0169654
-0.0166928
-0.0164663
-0.0162915
-0.0161795
-0.01618
-0.0163353
-0.016686
-0.0172766
-0.0181428
-0.0193079
-0.0207769
-0.0226858
-0.0253429
-0.028177
-0.0309159
-0.0338792
-0.0370116
-0.0401633
-0.0432262
-0.0460876
-0.048631
-0.0507487
-0.0523464
-0.0533477
-0.0537098
-0.0534246
-0.0524998
-0.0509693
-0.0488855
-0.0463171
-0.0433449
-0.040059
-0.0365534
-0.03292
-0.0292477
-0.0256194
-0.0220193
-0.0183382
-0.0149701
-0.0121453
-0.00968201
-0.00752059
-0.00568928
-0.00417997
-0.00296768
-0.00202328
-0.0013126
-0.000800631
-0.00045423
-0.000238561
-0.000123359
-0.000101433
-0.000161155
-0.000304609
-0.00053737
-0.000865201
-0.00130643
-0.00188761
-0.00262884
-0.00354897
-0.00466552
-0.00598242
-0.00751589
-0.00946036
-0.0118178
-0.0141578
-0.0164523
-0.0188862
-0.0213744
-0.0238303
-0.0261884
-0.028374
-0.0303133
-0.0319392
-0.0331928
-0.0340268
-0.0344208
-0.0343607
-0.0338549
-0.0329239
-0.0315992
-0.0299236
-0.0279474
-0.0257281
-0.0233289
-0.0208125
-0.0182408
-0.0156742
-0.0130896
-0.0103628
-0.00784999
-0.00574231
-0.00386594
-0.00218531
-0.000733398
0.000490333
0.0014982
0.00230456
0.00292811
0.00339016
0.0037121
0.00391367
0.00401076
0.00401461
0.00393691
0.00378059
0.00354347
0.00322105
0.00280668
0.00229179
0.00166631
0.000920876
5.24519e-05
-0.000934545
-0.00206835
-0.00352583
-0.00516843
-0.00670784
-0.00820578
-0.00975516
-0.0112854
-0.0127363
-0.0140589
-0.0151978
-0.0160993
-0.0167131
-0.016995
-0.0169033
-0.0164283
-0.0155143
-0.0142363
-0.0124642
-0.0103616
-0.0078527
-0.00476117
-0.00206425
-0.0114635
-0.0112625
-0.0111367
-0.0110991
-0.011174
-0.0113964
-0.0118059
-0.0124415
-0.0133414
-0.0145403
-0.0160571
-0.0179098
-0.0202603
-0.023292
-0.026477
-0.0296082
-0.0329526
-0.0364391
-0.0399231
-0.0432912
-0.0464244
-0.0492012
-0.0515091
-0.0532488
-0.0543408
-0.0547547
-0.0544632
-0.0534863
-0.0518625
-0.0496466
-0.0469121
-0.0437454
-0.0402401
-0.0364925
-0.0325973
-0.0286457
-0.0247042
-0.0207445
-0.0167633
-0.0131749
-0.0100945
-0.00733758
-0.0049032
-0.00281766
-0.00107204
0.000353822
0.00148593
0.002356
0.00299764
0.00344331
0.00372359
0.00386289
0.00386725
0.0037558
0.0035321
0.00318978
0.00271941
0.00210638
0.001329
0.000368149
-0.000792202
-0.00216625
-0.00375754
-0.00560125
-0.00788293
-0.0105042
-0.0131005
-0.0156883
-0.0184008
-0.0211501
-0.0238502
-0.0264304
-0.0288128
-0.0309206
-0.0326839
-0.0340411
-0.0349426
-0.0353747
-0.0353148
-0.0347762
-0.0337824
-0.0323657
-0.0305715
-0.0284538
-0.0260724
-0.023491
-0.0207744
-0.0179866
-0.0151757
-0.0123021
-0.00933736
-0.00664078
-0.00431675
-0.00220154
-0.000299055
0.00136007
0.00277597
0.00395698
0.00491521
0.00566757
0.00623346
0.00663256
0.00688322
0.00700014
0.00699452
0.00687922
0.00665993
0.00633544
0.00590226
0.00535559
0.00468897
0.0038952
0.00296713
0.00190259
0.000705548
-0.000671264
-0.00237756
-0.00420761
-0.00593298
-0.00764604
-0.00939588
-0.0111109
-0.0127322
-0.0142071
-0.0154783
-0.01649
-0.0171901
-0.0175332
-0.0174743
-0.0170179
-0.0160875
-0.0147724
-0.0129433
-0.0107427
-0.00816754
-0.00493458
-0.00216207
-0.00634773
-0.00619974
-0.00615723
-0.00623325
-0.00645456
-0.00685275
-0.00746412
-0.00832601
-0.00947366
-0.0109401
-0.0127431
-0.0149155
-0.0176255
-0.0209427
-0.0243926
-0.0278352
-0.0314857
-0.0352565
-0.0390072
-0.0426209
-0.0459731
-0.0489386
-0.0514017
-0.0532595
-0.0544284
-0.0548875
-0.0546004
-0.0535915
-0.0519033
-0.0495942
-0.0467399
-0.0434305
-0.0397627
-0.0358339
-0.03174
-0.0275697
-0.0233732
-0.0191319
-0.0149701
-0.011233
-0.00793852
-0.00495925
-0.0023193
-3.97904e-05
0.00188639
0.00347559
0.00475148
0.0057437
0.00648405
0.00700356
0.00733119
0.00748919
0.00748238
0.00733232
0.00704529
0.00661512
0.00603203
0.00528284
0.00435017
0.00321542
0.00186388
0.00028392
-0.00153093
-0.00363179
-0.00617447
-0.00899081
-0.011782
-0.0146012
-0.0175341
-0.0204896
-0.0233831
-0.0261399
-0.0286794
-0.0309225
-0.0327977
-0.0342412
-0.0352008
-0.0356669
-0.0356146
-0.0350583
-0.0340228
-0.0325428
-0.0306643
-0.0284438
-0.0259435
-0.0232268
-0.0203594
-0.017404
-0.0143945
-0.0112941
-0.00818195
-0.00536305
-0.0028636
-0.000567018
0.0015028
0.00332001
0.00488306
0.00619701
0.00727213
0.00812375
0.00876975
0.00922854
0.00951744
0.00965014
0.00963825
0.00949463
0.00922641
0.00883434
0.00831539
0.00766576
0.00688084
0.0059551
0.00488309
0.00366335
0.0022954
0.000719739
-0.00117202
-0.00313677
-0.00500337
-0.00688426
-0.00879104
-0.010651
-0.0124069
-0.0140035
-0.0153818
-0.0164852
-0.0172604
-0.0176612
-0.0176416
-0.0172105
-0.0162882
-0.0149639
-0.0131198
-0.0108729
-0.00827956
-0.00497983
-0.00221712
-0.00166931
-0.0015607
-0.00158177
-0.00174353
-0.0020736
-0.00260216
-0.00336334
-0.00439332
-0.00572649
-0.0073934
-0.0094144
-0.0118353
-0.0148135
-0.0183233
-0.0219519
-0.0256232
-0.0294993
-0.0334782
-0.0374243
-0.0412182
-0.0447322
-0.0478385
-0.050419
-0.0523692
-0.0536023
-0.0541021
-0.0538315
-0.0528151
-0.0510966
-0.0487365
-0.0458136
-0.0424194
-0.0386515
-0.0346077
-0.030382
-0.0260576
-0.0216748
-0.0172495
-0.0130019
-0.0091783
-0.00573198
-0.00260031
0.000180238
0.00259391
0.00464556
0.00634871
0.00772528
0.00880321
0.00961287
0.0101842
0.0105448
0.010716
0.0107014
0.0105232
0.0101899
0.00969553
0.00903071
0.00818305
0.00713724
0.00587606
0.00438438
0.00265204
0.000668429
-0.00162877
-0.00435386
-0.00729453
-0.0102189
-0.0132059
-0.0162972
-0.0194006
-0.0224334
-0.0253184
-0.0279727
-0.0303163
-0.0322756
-0.0337862
-0.0347939
-0.0352916
-0.0352549
-0.0346976
-0.0336447
-0.0321319
-0.0302071
-0.0279271
-0.0253544
-0.022553
-0.0195871
-0.016515
-0.01336
-0.0101077
-0.00692514
-0.00403917
-0.00141671
0.00100404
0.0031875
0.00511302
0.0067774
0.00818336
0.0093399
0.010261
0.0109634
0.0114646
0.0117811
0.0119259
0.0119108
0.0117486
0.0114469
0.0110077
0.0104291
0.00970739
0.0088388
0.00781915
0.0066439
0.00531163
0.00381578
0.00209258
8.06059e-05
-0.00196585
-0.00392952
-0.00592957
-0.00794699
-0.00990995
-0.0117625
-0.013448
-0.0149068
-0.016082
-0.0169196
-0.017373
-0.0173961
-0.0170003
-0.01611
-0.0148047
-0.012987
-0.0107454
-0.00818836
-0.00489427
-0.00222561
0.00253152
0.00261288
0.00254761
0.002328
0.00192626
0.00131186
0.000451922
-0.000688661
-0.00214436
-0.00394493
-0.0061138
-0.00870762
-0.011859
-0.0154699
-0.0191941
-0.0230104
-0.0270293
-0.0311379
-0.0352058
-0.0391126
-0.042729
-0.0459264
-0.0485857
-0.0506014
-0.051887
-0.0524285
-0.0521886
-0.0511906
-0.0494783
-0.0471133
-0.0441751
-0.0407549
-0.0369488
-0.0328544
-0.0285655
-0.0241569
-0.0196639
-0.0151597
-0.0109125
-0.00705714
-0.0035218
-0.000305485
0.00255408
0.00504457
0.00716849
0.00893775
0.0103732
0.0115015
0.0123521
0.0129541
0.0133344
0.0135138
0.0134959
0.0133005
0.0129386
0.0124047
0.0116893
0.0107805
0.00966386
0.00832322
0.00674295
0.00491252
0.00281637
0.000387935
-0.0024417
-0.00543732
-0.00843352
-0.0115245
-0.0147118
-0.0179042
-0.0210217
-0.0239851
-0.0267109
-0.029119
-0.0311352
-0.0326937
-0.0337408
-0.0342713
-0.0342598
-0.0337193
-0.0326744
-0.0311611
-0.0292281
-0.0269316
-0.024333
-0.0214965
-0.0184852
-0.0153501
-0.0121063
-0.00878605
-0.00560845
-0.00270408
-1.17297e-05
0.00247586
0.00472144
0.00670778
0.00842968
0.00988854
0.0110925
0.0120547
0.0127912
0.0133188
0.0136535
0.0138076
0.0137935
0.0136229
0.013304
0.0128387
0.0122265
0.011464
0.0105471
0.00947179
0.00823436
0.00683233
0.00525256
0.00343524
0.00137165
-0.000704996
-0.00272699
-0.00479707
-0.00687792
-0.00890121
-0.010812
-0.0125529
-0.0140647
-0.015291
-0.0161784
-0.0166799
-0.0167494
-0.0164006
-0.0155669
-0.0143071
-0.0125585
-0.0103688
-0.00790555
-0.00468511
-0.00218503
0.00623579
0.00630255
0.00621204
0.00596065
0.00552135
0.00486337
0.00395322
0.00275641
0.00123839
-0.00063117
-0.00287969
-0.00556928
-0.00879991
-0.0124248
-0.0161675
-0.0200474
-0.024127
-0.0282873
-0.0324041
-0.036358
-0.0400199
-0.0432611
-0.0459628
-0.0480187
-0.0493446
-0.0499289
-0.0497351
-0.0487834
-0.0471158
-0.0447936
-0.0418949
-0.0385093
-0.0347317
-0.0306566
-0.0263722
-0.0219447
-0.0174211
-0.0129397
-0.0087569
-0.00491566
-0.00135809
0.00187891
0.00476088
0.00727593
0.00942426
0.0112167
0.0126735
0.0138207
0.0146872
0.0153016
0.0156903
0.015874
0.0158579
0.0156562
0.0152826
0.0147329
0.0139973
0.0130633
0.0119166
0.0105415
0.00892207
0.00704599
0.00489324
0.00239989
-0.000458902
-0.00344505
-0.00645504
-0.00958684
-0.0128086
-0.0160321
-0.0191807
-0.0221749
-0.0249313
-0.0273694
-0.0294156
-0.0310044
-0.0320831
-0.0326467
-0.0326707
-0.0321659
-0.0311562
-0.0296769
-0.0277755
-0.0255076
-0.022933
-0.0201135
-0.0171085
-0.0139621
-0.010693
-0.00738834
-0.00426959
-0.0013845
0.00132334
0.00382324
0.00608112
0.00808185
0.00981925
0.0112942
0.0125141
0.0134915
0.014242
0.0147822
0.0151274
0.0152896
0.0152813
0.015113
0.014793
0.0143231
0.0137027
0.0129293
0.0119983
0.0109049
0.00964527
0.00821536
0.00659619
0.00473954
0.00268747
0.000629868
-0.00140999
-0.00350258
-0.00560136
-0.00764383
-0.00957624
-0.0113413
-0.0128801
-0.0141373
-0.0150605
-0.0156048
-0.0157258
-0.015434
-0.0146789
-0.013492
-0.0118555
-0.00976356
-0.00743874
-0.00435909
-0.0021
0.0094384
0.00950988
0.00941076
0.00915074
0.00870452
0.00804073
0.00712512
0.00592224
0.00439714
0.00251882
0.000255297
-0.00245598
-0.00567729
-0.00923408
-0.012925
-0.0167937
-0.0208582
-0.0250009
-0.029101
-0.0330391
-0.0366887
-0.0399259
-0.0426345
-0.0447103
-0.0460759
-0.0467067
-0.0465763
-0.0456998
-0.0441162
-0.0418837
-0.0390779
-0.0357843
-0.0320938
-0.0280972
-0.0238784
-0.0194983
-0.0150272
-0.0106663
-0.00659964
-0.00280901
0.000713911
0.00391765
0.00677127
0.00926279
0.0113917
0.013169
0.0146144
0.0157538
0.0166154
0.0172277
0.0176165
0.0178025
0.0177943
0.017598
0.0172295
0.0166862
0.0159582
0.0150324
0.0138938
0.0125261
0.0109134
0.00904125
0.00688456
0.00439085
0.00157982
-0.00133912
-0.00431607
-0.00743166
-0.0106323
-0.013835
-0.0169651
-0.0199437
-0.0226896
-0.0251247
-0.0271755
-0.028777
-0.0298917
-0.0304901
-0.0305605
-0.0301115
-0.0291642
-0.0277526
-0.0259218
-0.0237246
-0.0212182
-0.0184616
-0.0155104
-0.0124007
-0.0091686
-0.00596542
-0.00295355
-0.000119202
0.00255154
0.00501512
0.00724263
0.00921899
0.0109365
0.0123954
0.0136036
0.0145739
0.0153215
0.0158628
0.0162132
0.0163851
0.0163877
0.0162322
0.0159266
0.0154725
0.0148689
0.0141128
0.0131995
0.0121234
0.0108794
0.00946168
0.00784743
0.0060046
0.00401524
0.00201853
1.23791e-06
-0.00207155
-0.0041477
-0.00617106
-0.00808915
-0.00984641
-0.0113868
-0.0126564
-0.0136037
-0.014185
-0.0143679
-0.0141439
-0.0134871
-0.0123984
-0.010915
-0.00896199
-0.00681345
-0.00393586
-0.00198046
0.0121612
0.0122501
0.0121583
0.0119117
0.0114865
0.0108497
0.00996724
0.00880227
0.00731945
0.00548661
0.00326747
0.000603811
-0.00252986
-0.00595181
-0.00953279
-0.0133256
-0.0173053
-0.0213611
-0.0253823
-0.0292517
-0.0328458
-0.0360433
-0.0387293
-0.0408016
-0.0422121
-0.0428954
-0.0428436
-0.0420688
-0.0406047
-0.0385053
-0.0358412
-0.0326924
-0.029145
-0.0252855
-0.02119
-0.0169179
-0.0125805
-0.00840679
-0.00448693
-0.000788854
0.00264665
0.00576942
0.00855261
0.0109829
0.0130589
0.0147909
0.0161991
0.01731
0.0181519
0.0187521
0.0191356
0.019323
0.0193273
0.0191476
0.0188003
0.0182843
0.0175889
0.0167012
0.0156047
0.0142821
0.0127172
0.0108931
0.00878051
0.00634425
0.00364607
0.000842463
-0.00205957
-0.00510376
-0.00822983
-0.0113628
-0.0144306
-0.0173558
-0.0200595
-0.0224653
-0.024501
-0.0261001
-0.0272477
-0.0278864
-0.0280153
-0.0276415
-0.0267829
-0.0254707
-0.0237467
-0.02166
-0.0192645
-0.0166157
-0.0137623
-0.0107366
-0.00761221
-0.00457314
-0.00169397
0.00105634
0.00364668
0.00603463
0.00819488
0.0101116
0.0117771
0.0131924
0.0143658
0.0153104
0.0160418
0.0165752
0.0169254
0.0171103
0.0171328
0.0170012
0.0167248
0.0163052
0.0157406
0.0150274
0.0141599
0.0131322
0.0119378
0.0105678
0.00899939
0.0072243
0.00534489
0.00344314
0.00148638
-0.000525928
-0.00254262
-0.00451364
-0.00638843
-0.00811321
-0.00963416
-0.0108999
-0.0118609
-0.0124754
-0.0127236
-0.0125785
-0.0120359
-0.0110715
-0.00976786
-0.00799191
-0.00606107
-0.00343498
-0.00182993
0.0144395
0.0145476
0.014481
0.0142663
0.0138856
0.0133044
0.0124879
0.0113984
0.00999938
0.00825646
0.00613242
0.00357748
0.000598261
-0.00263413
-0.00605375
-0.00971267
-0.0135544
-0.0174742
-0.0213679
-0.0251231
-0.0286218
-0.0317481
-0.034391
-0.036449
-0.0378974
-0.0386446
-0.0386899
-0.0380428
-0.036731
-0.0348027
-0.0323219
-0.0293629
-0.0260058
-0.0223309
-0.0184047
-0.0142984
-0.0101797
-0.00623342
-0.00247565
0.00108802
0.00439673
0.00740549
0.0100871
0.0124265
0.014422
0.0160848
0.017437
0.0185053
0.0193174
0.0199001
0.0202775
0.0204706
0.0204929
0.0203412
0.0200294
0.0195574
0.0189152
0.0180892
0.0170625
0.0158169
0.0143346
0.0125968
0.0105753
0.00825378
0.00571853
0.00306718
0.000278866
-0.00265172
-0.00566244
-0.00868644
-0.0116548
-0.0144933
-0.0171263
-0.0194806
-0.0214864
-0.0230798
-0.0242495
-0.0249368
-0.0251388
-0.0248599
-0.0241145
-0.0229303
-0.0213451
-0.0194035
-0.0171554
-0.0146514
-0.0119314
-0.00903751
-0.00609779
-0.00325856
-0.000523929
0.0021038
0.004576
0.00685592
0.00891925
0.0107497
0.0123401
0.0136921
0.0148144
0.0157215
0.0164287
0.0169502
0.017304
0.0175088
0.0175557
0.0174582
0.0172242
0.0168547
0.0163478
0.0156989
0.0149018
0.013949
0.0128335
0.0115438
0.0100608
0.0083997
0.00666383
0.00488199
0.00301878
0.00110073
-0.00082572
-0.00271566
-0.00452092
-0.00619072
-0.00767429
-0.00892261
-0.00988748
-0.0105417
-0.0108522
-0.0107967
-0.0103816
-0.00956702
-0.00845827
-0.00689402
-0.0052196
-0.00288032
-0.00165508
0.0163153
0.0164445
0.0164276
0.0162587
0.0159379
0.0154321
0.0147048
0.0137186
0.0124359
0.0108203
0.00883357
0.00644018
0.00367494
0.000666135
-0.00256511
-0.00604432
-0.00970189
-0.013444
-0.0171728
-0.0207813
-0.024158
-0.0271919
-0.0297765
-0.0318274
-0.0332997
-0.0341212
-0.0342822
-0.0337859
-0.0326537
-0.0309275
-0.0286643
-0.0259311
-0.0228019
-0.0193479
-0.0156287
-0.0117468
-0.00790466
-0.00419855
-0.000621199
0.00277437
0.00592705
0.00879564
0.0113518
0.0135793
0.0154756
0.0170527
0.0183395
0.0193628
0.0201462
0.0207131
0.0210864
0.0212904
0.0213403
0.0212273
0.0209636
0.0205509
0.0199795
0.0192353
0.0183009
0.0171574
0.0157863
0.0141664
0.0122732
0.0101131
0.00777611
0.00529998
0.00265799
-0.000123025
-0.00298615
-0.00587149
-0.00871347
-0.0114416
-0.0139842
-0.0162709
-0.0182334
-0.0198303
-0.021016
-0.0217579
-0.0220456
-0.021879
-0.0212684
-0.0202367
-0.018817
-0.0170495
-0.0149792
-0.0126491
-0.0100939
-0.00738578
-0.00468539
-0.00205633
0.000516929
0.00299085
0.0053183
0.00746654
0.00941111
0.0111359
0.0126339
0.0139075
0.0149657
0.0158288
0.0165136
0.0170314
0.0173962
0.017619
0.0176995
0.017647
0.0174679
0.0171632
0.0167305
0.0161645
0.0154582
0.0146033
0.013591
0.0124075
0.0110439
0.00954454
0.00797378
0.00632135
0.00457926
0.00278195
0.000968807
-0.000818914
-0.00253594
-0.00413496
-0.00556858
-0.00679044
-0.00775287
-0.00844732
-0.00882227
-0.00886446
-0.00858761
-0.00794078
-0.00704129
-0.00571241
-0.00431969
-0.00229357
-0.00146347
0.0178419
0.0179994
0.0180446
0.0179415
0.0176933
0.0172782
0.0166586
0.0157959
0.0146518
0.0131898
0.0113728
0.00917982
0.00666497
0.00389998
0.000877358
-0.00239214
-0.0058383
-0.00937792
-0.0129193
-0.0163618
-0.0196006
-0.02253
-0.0250468
-0.0270981
-0.0285964
-0.0295012
-0.0297921
-0.0294651
-0.0285344
-0.0270334
-0.025012
-0.0225305
-0.0196546
-0.0164419
-0.0129605
-0.00936873
-0.00582472
-0.00234989
0.00102502
0.00422935
0.00720783
0.00991985
0.012336
0.0144388
0.0162249
0.017713
0.0189283
0.0199054
0.0206681
0.0212343
0.02162
0.0218435
0.0219286
0.0218624
0.0216567
0.0213142
0.0208265
0.0201791
0.0193543
0.0183326
0.0170942
0.0156162
0.0138842
0.0119284
0.00980435
0.00750837
0.00503737
0.00243004
-0.000264639
-0.00299178
-0.00568969
-0.0082925
-0.0107329
-0.012943
-0.0148582
-0.016455
-0.0176638
-0.0184677
-0.0188526
-0.0188135
-0.0183559
-0.0174965
-0.0162632
-0.0146919
-0.0128213
-0.0106829
-0.00832287
-0.00586771
-0.00342509
-0.000996648
0.00139239
0.00368963
0.00585425
0.00785452
0.00966613
0.011273
0.0126675
0.0138577
0.0148562
0.0156762
0.016339
0.0168587
0.0172409
0.0174907
0.017614
0.0176165
0.017503
0.0172746
0.0169286
0.0164595
0.0158597
0.01512
0.0142294
0.013176
0.011968
0.0106566
0.0092538
0.00774302
0.00614292
0.00448418
0.00280039
0.00112969
-0.000486194
-0.00200376
-0.00337892
-0.00456792
-0.00553307
-0.00625787
-0.00670224
-0.00684855
-0.0067178
-0.00625091
-0.00557142
-0.00449214
-0.00339496
-0.00169826
-0.00126373
0.0190826
0.0192783
0.0193797
0.0193624
0.0192063
0.0188893
0.0183876
0.0176615
0.0166714
0.0153795
0.0137532
0.0117886
0.00953548
0.00701066
0.00420672
0.00116238
-0.00205981
-0.00538566
-0.00872976
-0.0119985
-0.0150939
-0.0179157
-0.0203786
-0.0224188
-0.0239542
-0.0249515
-0.0253841
-0.0252408
-0.0245269
-0.0232664
-0.0215016
-0.0192863
-0.0166728
-0.0137101
-0.0105076
-0.0072447
-0.00398296
-0.000738666
0.00241763
0.00541939
0.00821527
0.0107647
0.0130382
0.0150168
0.0166937
0.0180909
0.0192446
0.0201777
0.0209182
0.0214913
0.021911
0.0221826
0.0223122
0.0223022
0.0221638
0.0219009
0.0215068
0.020967
0.0202635
0.0193759
0.0182819
0.0169634
0.0154235
0.0136901
0.0117708
0.00965836
0.00737436
0.00495349
0.00243823
-0.000120726
-0.00266627
-0.00513736
-0.00747036
-0.00960015
-0.0114837
-0.0130677
-0.0143085
-0.0151827
-0.0156746
-0.0157761
-0.0154856
-0.0148128
-0.0137807
-0.0124203
-0.010759
-0.00882466
-0.0067096
-0.00453952
-0.0023386
-0.000118152
0.0020695
0.00417798
0.00617003
0.00801463
0.00968819
0.0111748
0.0124679
0.0135736
0.0145122
0.0152996
0.015948
0.0164707
0.0168761
0.0171682
0.0173472
0.017416
0.0173785
0.0172363
0.0169874
0.0166262
0.0161444
0.0155308
0.0147744
0.0138755
0.012858
0.0117332
0.0104878
0.00913197
0.00768657
0.00617611
0.00463063
0.00308482
0.00157657
0.000145597
-0.00116708
-0.00232143
-0.00329325
-0.00404685
-0.00456403
-0.00481809
-0.00483673
-0.00455613
-0.00410169
-0.00327683
-0.00247707
-0.00111469
-0.00106418
0.0201034
0.0203457
0.0205052
0.0205726
0.0205155
0.020313
0.0199397
0.0193546
0.0185204
0.0174034
0.015982
0.0142633
0.012254
0.00994903
0.00736902
0.00455295
0.00155442
-0.00155898
-0.00470865
-0.00780801
-0.0107651
-0.0134899
-0.0159107
-0.0179401
-0.0195223
-0.0206203
-0.0212041
-0.0212562
-0.0207689
-0.0197551
-0.0182514
-0.0163018
-0.0139417
-0.0112399
-0.00836956
-0.0054265
-0.00241885
0.000587628
0.00351895
0.00631579
0.00892824
0.0113177
0.0134543
0.0153096
0.0168915
0.0182255
0.0193326
0.0202345
0.0209612
0.0215433
0.0220005
0.0223349
0.0225346
0.0225967
0.0225333
0.0223569
0.0220645
0.0216396
0.0210633
0.0203153
0.0193764
0.0182425
0.0169132
0.0153821
0.0136495
0.0117275
0.00963605
0.00740409
0.00506976
0.0026793
0.000285279
-0.00205559
-0.0042839
-0.00634491
-0.00819405
-0.00977587
-0.0110562
-0.0120068
-0.0126125
-0.0128652
-0.012755
-0.0122787
-0.0114562
-0.0103111
-0.00885837
-0.00715427
-0.00533069
-0.00343231
-0.00145793
0.000544017
0.0025233
0.00443928
0.00625618
0.00794501
0.00948382
0.0108524
0.0120488
0.0130852
0.0139771
0.0147357
0.0153758
0.0159121
0.0163541
0.0167019
0.0169494
0.0170955
0.017143
0.0170942
0.0169477
0.0166979
0.0163389
0.0158617
0.0152654
0.0145523
0.0137175
0.0127553
0.0116719
0.0104789
0.00919174
0.00783207
0.00642674
0.00500668
0.00360592
0.00226096
0.00101122
-0.000116715
-0.00108879
-0.00187746
-0.00246841
-0.00283086
-0.00299641
-0.00290315
-0.0026769
-0.00210636
-0.00159818
-0.000563228
-0.000875422
0.0209338
0.0212671
0.0214921
0.0216375
0.0216813
0.0215996
0.0213526
0.0209072
0.0202325
0.0192993
0.0180857
0.0165795
0.0147756
0.0126815
0.0103173
0.00771658
0.00492762
0.00201234
-0.000957065
-0.00390156
-0.00673789
-0.00938494
-0.011763
-0.0137977
-0.0154361
-0.016639
-0.0173764
-0.0176298
-0.0173779
-0.016612
-0.0153601
-0.013651
-0.0115285
-0.00913966
-0.00660267
-0.00392968
-0.00117257
0.00159232
0.00430076
0.00689701
0.00933383
0.0115738
0.013576
0.0153277
0.0168408
0.0181345
0.0192196
0.0201152
0.0208484
0.021452
0.0219561
0.0223664
0.0226564
0.022805
0.0228221
0.0227395
0.0225555
0.0222508
0.0218078
0.0212091
0.0204382
0.0194824
0.01833
0.0169774
0.0154287
0.0136931
0.0117871
0.00973631
0.00757454
0.00534352
0.00309152
0.000871527
-0.00126227
-0.00326403
-0.00508227
-0.00667363
-0.00800357
-0.0090404
-0.00975964
-0.0101631
-0.010248
-0.0099756
-0.00935642
-0.00841198
-0.0071687
-0.0057482
-0.00421606
-0.00255908
-0.000816293
0.000961196
0.00273141
0.00445636
0.00610289
0.00764416
0.00905506
0.0103174
0.0114335
0.0124202
0.0132825
0.0140301
0.0146773
0.0152402
0.0157306
0.0161451
0.0164727
0.016706
0.0168438
0.0168881
0.0168451
0.0167184
0.0165012
0.0161824
0.015752
0.0152009
0.0145245
0.0137236
0.0128024
0.0117688
0.0106363
0.0094237
0.00815439
0.00685569
0.00555837
0.00429548
0.0030994
0.00199854
0.00102131
0.000191273
-0.000477035
-0.000952992
-0.00125631
-0.00133481
-0.0013325
-0.00101097
-0.000777363
-6.06563e-05
-0.000716772
0.0215943
0.0220848
0.0224035
0.0226337
0.0227768
0.0228013
0.0226755
0.0223672
0.0218431
0.0210725
0.0200317
0.0187059
0.0170899
0.0151887
0.0130194
0.0106121
0.00801036
0.00526973
0.00245633
-0.000356167
-0.00309176
-0.00567732
-0.00803113
-0.0100869
-0.011794
-0.0131107
-0.014001
-0.0144422
-0.0144359
-0.0139176
-0.012874
-0.0113749
-0.00953554
-0.0074816
-0.00522663
-0.00280649
-0.000296644
0.00223597
0.00473214
0.00713972
0.00941581
0.0115153
0.0134061
0.0150837
0.0165648
0.0178495
0.0189444
0.0198647
0.0206322
0.0212783
0.0218392
0.0223311
0.0227273
0.0229804
0.0230893
0.0231062
0.0230325
0.0228479
0.022535
0.0220756
0.0214522
0.0206507
0.0196608
0.0184777
0.0171018
0.0155402
0.0138072
0.0119245
0.00992082
0.00783285
0.00570576
0.00359212
0.00153717
-0.000415052
-0.00221679
-0.0038291
-0.0052229
-0.00635793
-0.00717011
-0.00771109
-0.0080406
-0.00799347
-0.00753471
-0.0067839
-0.00580473
-0.00467522
-0.00338588
-0.00195945
-0.000444447
0.00111713
0.00268711
0.00423009
0.00571635
0.00712124
0.00841405
0.00958717
0.0106521
0.0116108
0.0124652
0.0132228
0.0138965
0.0145027
0.0150523
0.0155428
0.0159593
0.0162863
0.0165152
0.016656
0.0167359
0.0167474
0.0166712
0.0164951
0.0162115
0.0158131
0.0152938
0.0146503
0.013884
0.0130014
0.0120142
0.0109383
0.00979415
0.00860569
0.007401
0.00621166
0.00506217
0.00398058
0.00299213
0.00211827
0.00136931
0.000777248
0.000376684
0.0001549
-9.06061e-05
-5.44383e-05
-1.68013e-05
0.000365723
-0.000661536
0.0221426
0.0228123
0.0232815
0.0236028
0.0238436
0.0239739
0.0239589
0.0237683
0.0233705
0.0227356
0.0218392
0.0206647
0.0192046
0.0174621
0.0154522
0.0132022
0.0107497
0.00814507
0.00546148
0.00275532
8.77613e-05
-0.00245603
-0.00480164
-0.00689583
-0.00868742
-0.0101269
-0.0111445
-0.0116879
-0.0120204
-0.0118135
-0.0108253
-0.00953876
-0.00801035
-0.00622947
-0.00421745
-0.00204341
0.000227944
0.00253789
0.00483183
0.00706401
0.00919323
0.0111697
0.0129747
0.0146216
0.0161012
0.0174082
0.0185463
0.0195256
0.0203623
0.0210799
0.0217116
0.0222888
0.0228002
0.0231755
0.0233873
0.0235038
0.0235373
0.0234658
0.0232714
0.0229369
0.0224451
0.021781
0.0209336
0.0198963
0.0186689
0.017257
0.0156727
0.0139336
0.0120622
0.010092
0.00807287
0.00604768
0.00405601
0.0021393
0.000337838
-0.00130787
-0.00276591
-0.00400911
-0.00494965
-0.00552199
-0.00618158
-0.00641107
-0.00593239
-0.00540657
-0.00473499
-0.00385497
-0.00279677
-0.00160532
-0.000316706
0.00103267
0.00240813
0.00377924
0.00511892
0.00639492
0.00759057
0.00870777
0.00974509
0.0106986
0.0115683
0.0123595
0.013082
0.0137488
0.0143699
0.0149455
0.0154568
0.0158812
0.0162032
0.0164589
0.0166677
0.0168041
0.016856
0.0168146
0.0166704
0.016414
0.0160367
0.0155336
0.0149054
0.0141585
0.0133026
0.0123504
0.0113178
0.0102266
0.00910812
0.00798093
0.00686759
0.0057963
0.00479111
0.0038702
0.00304433
0.00233994
0.00178628
0.00144944
0.000991929
0.000856214
0.000729773
0.000798415
-0.000570796
0.0226716
0.0234962
0.0241535
0.0245956
0.0249361
0.0251653
0.0252455
0.02515
0.0248503
0.0243179
0.0235289
0.0224662
0.0211219
0.0194982
0.0176089
0.0154777
0.0131377
0.0106401
0.00805118
0.00541101
0.0027759
0.000240979
-0.00212167
-0.00427044
-0.00614942
-0.00770417
-0.00885967
-0.0094186
-0.0100865
-0.0101573
-0.00915251
-0.00811785
-0.00691045
-0.00538029
-0.00361537
-0.00168836
0.00035226
0.00245283
0.00456579
0.00665458
0.00865766
0.0105476
0.0123282
0.0139817
0.0154943
0.0168605
0.0180783
0.0191506
0.0200878
0.0209051
0.0216282
0.0222957
0.0229183
0.0234171
0.0237392
0.0239575
0.0240938
0.0241256
0.024035
0.0238064
0.0234233
0.0228714
0.0221401
0.0212232
0.0201199
0.0188354
0.01738
0.0157652
0.0140031
0.01213
0.0101887
0.0082225
0.00627061
0.00436796
0.00254867
0.000858667
-0.000675238
-0.00203258
-0.00306899
-0.00384542
-0.00462034
-0.00493175
-0.00469784
-0.00441163
-0.00399907
-0.00334986
-0.00252466
-0.00156382
-0.000492787
0.000656471
0.00185608
0.00308018
0.00429175
0.00546836
0.00661016
0.00770478
0.00874228
0.00971916
0.010632
0.0114802
0.0122707
0.013014
0.0137191
0.0143877
0.0149986
0.0155109
0.0159345
0.0163174
0.0166438
0.0168965
0.0170678
0.0171491
0.0171322
0.017008
0.0167641
0.0163905
0.0158856
0.0152558
0.0145106
0.0136601
0.0127181
0.0117128
0.0106624
0.00958225
0.00849182
0.00741899
0.00638666
0.00541237
0.00450933
0.00370551
0.00303299
0.00249866
0.00197759
0.00170046
0.00123425
0.00120516
-0.000493247
0.0232693
0.0242182
0.0250255
0.0256195
0.0260758
0.0264077
0.0265787
0.0265637
0.0263375
0.0258744
0.025153
0.0241573
0.0228796
0.0213226
0.0194998
0.0174331
0.0151546
0.0127171
0.0101817
0.00756802
0.00493251
0.00238755
9.87097e-06
-0.00220466
-0.00421449
-0.00586368
-0.00704586
-0.00789133
-0.00857309
-0.00885227
-0.00827427
-0.00727955
-0.00631506
-0.00505577
-0.00353207
-0.00182954
9.33449e-06
0.00193897
0.00391822
0.00588407
0.00781306
0.00969107
0.0114937
0.0131985
0.0147886
0.0162541
0.0175867
0.0187829
0.0198471
0.0207912
0.0216328
0.0224037
0.0231312
0.0237337
0.024172
0.0244996
0.024737
0.0248641
0.0248647
0.0247244
0.0244283
0.0239629
0.0233186
0.0224896
0.0214752
0.0202796
0.0189139
0.0173885
0.015704
0.0138933
0.0120062
0.0100814
0.00815632
0.00626015
0.00440418
0.00266084
0.00105505
-0.000385336
-0.00160959
-0.00263831
-0.00333916
-0.00372128
-0.00388345
-0.00387737
-0.0036625
-0.00323762
-0.00263605
-0.00188517
-0.00100701
-2.8721e-05
0.0010343
0.00213316
0.00324996
0.0043835
0.00551032
0.00661377
0.00768349
0.00871244
0.0096935
0.0106186
0.0114933
0.0123323
0.0131355
0.0138977
0.0145967
0.015202
0.0157536
0.0162561
0.0166918
0.0170537
0.017334
0.0175244
0.0176188
0.0176068
0.0174694
0.0171944
0.0167859
0.0162552
0.0156091
0.0148505
0.0139912
0.0130548
0.0120618
0.011014
0.00993146
0.00884798
0.00778711
0.00675568
0.00577392
0.00487654
0.00406714
0.00339677
0.00281527
0.00244725
0.00167822
0.00157874
-0.000459951
0.0240114
0.0250407
0.0259856
0.0267436
0.0273211
0.0277464
0.0279936
0.0280388
0.0278604
0.0274359
0.026746
0.025777
0.0245224
0.0229868
0.0211865
0.0191434
0.0169024
0.0145248
0.0120234
0.00936609
0.00664524
0.00401116
0.00160098
-0.000686114
-0.00270358
-0.00439536
-0.00585732
-0.00702806
-0.00765974
-0.00783708
-0.0076747
-0.00715691
-0.0063758
-0.00530991
-0.00398802
-0.00246212
-0.000759055
0.00105407
0.00292713
0.00485544
0.00679803
0.00871749
0.0105863
0.0123818
0.0140843
0.0156807
0.0171482
0.0184801
0.0196794
0.0207679
0.0217636
0.0226557
0.0234516
0.0241686
0.0247191
0.0251455
0.0254715
0.0256775
0.025749
0.025674
0.0254397
0.0250341
0.024448
0.0236767
0.0227212
0.0215934
0.0203174
0.0189061
0.0172981
0.0154973
0.0135961
0.0116543
0.00971959
0.00784309
0.00591029
0.00409634
0.00240007
0.000859465
-0.000398116
-0.0015693
-0.00239214
-0.00302673
-0.00346472
-0.00366823
-0.00366279
-0.0034568
-0.00306008
-0.00249516
-0.00176573
-0.000919718
1.25591e-05
0.00103773
0.00212481
0.00325107
0.00439142
0.00552501
0.00664396
0.00774489
0.00881353
0.00982863
0.0107974
0.0117516
0.0126588
0.013488
0.0142607
0.0149769
0.0156452
0.01625
0.0167839
0.0172415
0.0176134
0.0178945
0.0180943
0.0182098
0.0182001
0.0180253
0.0176893
0.017221
0.0166392
0.0159413
0.0151444
0.0142638
0.0133065
0.0122773
0.0111889
0.0100794
0.00898193
0.00788556
0.00681216
0.00586657
0.00499414
0.00422569
0.0035137
0.00295894
0.00198586
0.00183518
-0.000563218
0.0248687
0.0260436
0.0270546
0.0279457
0.0286706
0.0292062
0.0295347
0.0296362
0.0294918
0.0290833
0.0283942
0.0274116
0.0261295
0.0245599
0.0227305
0.0206367
0.0183194
0.0159335
0.0134521
0.0107028
0.00789747
0.00535312
0.00295298
0.000458902
-0.00171171
-0.00374045
-0.00526297
-0.00635006
-0.00720999
-0.00770601
-0.00779704
-0.0075127
-0.00691036
-0.0060171
-0.00483303
-0.00341897
-0.001833
-7.81736e-05
0.00180436
0.00376051
0.0057469
0.00773634
0.00970555
0.0116161
0.0134403
0.0151984
0.0168313
0.0183238
0.0197021
0.0209427
0.0220298
0.0230361
0.0239441
0.0247124
0.0253714
0.0259062
0.0263217
0.0266082
0.0267482
0.026729
0.0265403
0.0261718
0.0256169
0.0248771
0.0239519
0.0228411
0.0215494
0.0201857
0.0186188
0.0168009
0.0149095
0.0129848
0.0111256
0.00913711
0.00706779
0.00525279
0.00353087
0.00181661
0.000447979
-0.000754626
-0.00185681
-0.00273731
-0.00338068
-0.00379698
-0.00399544
-0.00397083
-0.00371971
-0.00329415
-0.00271296
-0.00195863
-0.00106867
-7.1904e-05
0.00100629
0.00214429
0.00331875
0.00450275
0.00568444
0.00686818
0.00803828
0.00913635
0.0101709
0.0112486
0.0122669
0.0131653
0.0140289
0.0148671
0.0156389
0.0163407
0.0169704
0.0175215
0.0179832
0.0183456
0.0186293
0.0188253
0.0188711
0.0187371
0.0184635
0.0180809
0.0175909
0.0169741
0.01623
0.015375
0.0144327
0.0134043
0.0122918
0.0111408
0.0100459
0.00894185
0.00772873
0.00671373
0.0057703
0.0048438
0.00394399
0.00326618
0.00215923
0.00190077
-0.000664565
0.0258998
0.0272629
0.0284069
0.0294255
0.030251
0.030847
0.0312088
0.0313241
0.0311775
0.0307541
0.03004
0.0290242
0.0276949
0.026057
0.024142
0.0219427
0.0195719
0.0176028
0.0152324
0.01186
0.00879845
0.00629785
0.0035465
0.000806656
-0.00137528
-0.00323679
-0.00495865
-0.00639405
-0.00745604
-0.00812794
-0.008406
-0.00829789
-0.00781559
-0.00702715
-0.00595839
-0.00459722
-0.00300278
-0.00122726
0.000694921
0.00272233
0.00480277
0.00689692
0.00899444
0.0110676
0.0130797
0.0149426
0.0166884
0.0182824
0.0198356
0.0212689
0.022465
0.0235696
0.0245945
0.0254405
0.0261833
0.026791
0.0272668
0.0276024
0.0277779
0.027788
0.0276262
0.0272811
0.0267401
0.0260016
0.0250297
0.0238505
0.0227009
0.0218463
0.0203325
0.0180339
0.0159385
0.0140789
0.0122406
0.0101649
0.00798586
0.00608907
0.00432489
0.00259745
0.000926292
-0.000432957
-0.0017056
-0.00276963
-0.00358701
-0.00415287
-0.0044884
-0.00461388
-0.00450718
-0.0041667
-0.0036271
-0.00291062
-0.0020506
-0.00107135
1.48795e-05
0.00118603
0.00240601
0.00362937
0.0048496
0.00609929
0.00738982
0.0085813
0.00971315
0.0108149
0.0118872
0.0129313
0.0139125
0.0148292
0.0156823
0.016462
0.0171648
0.0177876
0.0182932
0.0186367
0.0190177
0.0195227
0.0198465
0.0197298
0.0193389
0.018894
0.0184191
0.0178707
0.0171654
0.0163321
0.0154231
0.0144264
0.0133146
0.0120523
0.0109011
0.00975876
0.00858392
0.00738726
0.00623883
0.00518419
0.00416811
0.00338115
0.00219025
0.00174439
-0.000601487
0.0270906
0.0285585
0.0298331
0.0310324
0.0320432
0.0327632
0.0331972
0.0333417
0.0331883
0.0327238
0.0319398
0.0308204
0.0293292
0.0275069
0.0254857
0.023252
0.0207968
0.0183861
0.0156721
0.0124311
0.00936217
0.0065653
0.00387474
0.00124641
-0.00127891
-0.00337522
-0.00529684
-0.00690068
-0.00809396
-0.00887427
-0.00926982
-0.00928571
-0.0088966
-0.00813187
-0.00704738
-0.00567409
-0.0040502
-0.00221619
-0.000210596
0.00191625
0.00409136
0.00626062
0.00849792
0.0107439
0.012895
0.0148598
0.0166999
0.0184449
0.0200905
0.0216134
0.022995
0.0242662
0.0253756
0.0263077
0.0270995
0.0277539
0.0283235
0.0287647
0.0289984
0.0290343
0.0288788
0.0285193
0.0279262
0.027162
0.0262609
0.0251482
0.0238967
0.022561
0.0209732
0.019085
0.0169956
0.0150088
0.0130098
0.0109585
0.00889681
0.00680967
0.00477569
0.00295801
0.00118023
-0.000388046
-0.00176333
-0.00294738
-0.00391372
-0.00461876
-0.00505656
-0.00524197
-0.00518555
-0.00489875
-0.00440005
-0.00371449
-0.00287431
-0.00190754
-0.000819317
0.000370612
0.00163466
0.00290384
0.00418256
0.00547288
0.00676042
0.00804398
0.00931902
0.0105027
0.0116509
0.0127835
0.0138492
0.0148515
0.0157887
0.0166558
0.0174493
0.018159
0.0187544
0.0192234
0.0196505
0.0199999
0.0201975
0.0202038
0.0200502
0.019774
0.0193509
0.0187932
0.018071
0.0172154
0.0162784
0.0152539
0.0141423
0.012952
0.0116691
0.0103405
0.00912905
0.00783414
0.00657984
0.00542438
0.00426196
0.00328674
0.0021545
0.0014891
-0.000301988
0.0285121
0.0301695
0.0316157
0.0328592
0.0338613
0.0345803
0.0349965
0.0351015
0.0349033
0.034389
0.0335341
0.0323447
0.030814
0.0289384
0.0267697
0.0243369
0.0216992
0.0189913
0.0161138
0.0130757
0.00997254
0.00683004
0.00391752
0.00111422
-0.00156398
-0.00390388
-0.0059304
-0.00762745
-0.00892681
-0.0097847
-0.0102093
-0.0102131
-0.00981714
-0.00904476
-0.00792983
-0.00651375
-0.00484316
-0.00295694
-0.000880299
0.00133704
0.00361998
0.00592154
0.0082281
0.01051
0.0127328
0.0148797
0.0168826
0.0188067
0.0206122
0.02225
0.0237303
0.0250625
0.0262412
0.0272461
0.0281164
0.028827
0.0293834
0.029783
0.0300046
0.0300407
0.0298941
0.0295576
0.0290029
0.0282352
0.02728
0.0261274
0.0248259
0.0233994
0.0217777
0.019946
0.0179858
0.0159206
0.0137169
0.0114884
0.00938734
0.00718835
0.00507133
0.00308583
0.00121185
-0.000474585
-0.00194692
-0.00319289
-0.00419864
-0.00494852
-0.00544094
-0.00568181
-0.00567851
-0.0054431
-0.00498351
-0.0043229
-0.00350243
-0.00255157
-0.00148203
-0.00031149
0.000938067
0.0022515
0.00360864
0.00496838
0.00628673
0.00763702
0.00895992
0.0102328
0.0114678
0.012654
0.0137793
0.0148428
0.0158276
0.0167491
0.0176176
0.0183841
0.0190353
0.0196041
0.0201018
0.0204975
0.0207582
0.0208335
0.0207151
0.0204473
0.0200476
0.0195107
0.0188338
0.0180137
0.0170403
0.0159338
0.0147305
0.0135428
0.0122091
0.0108456
0.00949527
0.00811754
0.00678604
0.00551087
0.00431753
0.00325224
0.00216058
0.0013021
7.63458e-05
0.0298465
0.0316696
0.0332565
0.034598
0.0356699
0.0364409
0.0368865
0.0369861
0.036728
0.0361067
0.0351207
0.0337891
0.0321141
0.0301126
0.0278287
0.0252964
0.0225323
0.0195084
0.0163245
0.0131986
0.0099227
0.00666948
0.00357695
0.000651816
-0.00205846
-0.00446815
-0.0065435
-0.00825348
-0.009549
-0.0103969
-0.010848
-0.0108651
-0.0104712
-0.00969259
-0.00856178
-0.00712064
-0.0054195
-0.00349571
-0.0013851
0.000867415
0.00322914
0.0056679
0.00806077
0.010435
0.0127924
0.0150527
0.0171821
0.0191863
0.0210568
0.0227797
0.0243483
0.0257614
0.0270037
0.0280915
0.0290275
0.0297911
0.0303878
0.0308065
0.0310312
0.0310504
0.0308677
0.0304874
0.0299044
0.029121
0.028151
0.0269969
0.0256534
0.0241108
0.0223653
0.0204314
0.0184691
0.0163142
0.0140687
0.0118007
0.00955895
0.00733364
0.00518521
0.00315799
0.0012704
-0.000444626
-0.0019585
-0.00325343
-0.00431254
-0.00512193
-0.00567678
-0.0059797
-0.00603802
-0.0058628
-0.00546702
-0.00486705
-0.00408193
-0.0031333
-0.00205514
-0.000872827
0.000377365
0.00169847
0.00305941
0.00444084
0.00582457
0.00721079
0.00857916
0.0099135
0.0112065
0.0124542
0.01365
0.0147857
0.015852
0.0168486
0.0177578
0.0185572
0.0192786
0.0199397
0.0204667
0.0208656
0.0211336
0.0212454
0.0211867
0.020951
0.0205547
0.0200038
0.019305
0.0184659
0.0174843
0.016381
0.0151792
0.013913
0.0125724
0.0111917
0.00980325
0.00841581
0.00705742
0.00574538
0.00450233
0.00333295
0.00224683
0.00124142
0.000319899
0.0309878
0.0329393
0.0346256
0.0360265
0.0371201
0.037883
0.0382976
0.038351
0.0380343
0.0373511
0.0362741
0.0348207
0.0330004
0.0308461
0.0283957
0.0256839
0.0227649
0.0196729
0.0164451
0.0131648
0.00984672
0.00656703
0.0034117
0.000432319
-0.00232519
-0.0047944
-0.00692519
-0.00867005
-0.0100004
-0.0109051
-0.011337
-0.0113529
-0.0109606
-0.0101836
-0.00905172
-0.0075988
-0.00586273
-0.0038848
-0.00171812
0.000593291
0.00300817
0.00548298
0.00796284
0.0104248
0.0128427
0.0151739
0.0173901
0.0194776
0.0214234
0.0232153
0.0248446
0.0263071
0.0275992
0.0287432
0.0296966
0.0304707
0.031067
0.0314765
0.0316913
0.0317029
0.0315035
0.0310893
0.0304697
0.029645
0.0286224
0.0274118
0.0260201
0.024449
0.0227001
0.0207884
0.0187585
0.0166029
0.0143637
0.0120904
0.00982356
0.00758682
0.00541633
0.00335246
0.00142598
-0.000332037
-0.00189302
-0.00323487
-0.00434064
-0.00520143
-0.00581259
-0.00617275
-0.00628269
-0.00614599
-0.0057819
-0.0052133
-0.00446232
-0.00355204
-0.00250719
-0.00135081
-0.000104695
0.00121577
0.00258626
0.00398468
0.00539406
0.0068054
0.00820544
0.00957711
0.0109058
0.0121907
0.0134269
0.0146106
0.0157442
0.0167974
0.0177402
0.0185912
0.0193691
0.0200431
0.0205944
0.0210241
0.0213171
0.0214528
0.0214184
0.0212114
0.0208396
0.0203115
0.0196327
0.018808
0.0178461
0.0167593
0.0155675
0.0142949
0.0129539
0.0115641
0.0101512
0.0087368
0.00734391
0.00599072
0.00469036
0.00345065
0.00231306
0.00127476
0.000385232
0.0316779
0.033712
0.0354604
0.0368959
0.0379977
0.0387467
0.0391272
0.0391303
0.0387499
0.0379786
0.0368462
0.0353318
0.0334546
0.0312461
0.0287431
0.0259798
0.0229901
0.0198444
0.0165793
0.0132333
0.00987134
0.00656022
0.00337163
0.000367188
-0.00239963
-0.0048731
-0.00700371
-0.0087515
-0.0100892
-0.0109989
-0.0114566
-0.0114889
-0.0111082
-0.0103369
-0.0092076
-0.0077588
-0.00602949
-0.004061
-0.00189754
0.000417721
0.0028445
0.00533907
0.0078527
0.0103487
0.0127976
0.0151661
0.0174254
0.0195561
0.0215443
0.0233789
0.0250518
0.0265572
0.0278918
0.0290556
0.0300361
0.0308266
0.0314245
0.0318285
0.0320325
0.0320307
0.0318185
0.0313961
0.0307684
0.0299374
0.0289076
0.027688
0.0262873
0.0246996
0.0229368
0.0210199
0.0189753
0.016822
0.0145901
0.0123199
0.010048
0.00780706
0.00563435
0.00356679
0.00163604
-0.000129283
-0.0017039
-0.00306729
-0.00420265
-0.0050977
-0.00574513
-0.00614412
-0.00630193
-0.00622367
-0.00591539
-0.00539704
-0.00469019
-0.0038181
-0.00280507
-0.00167423
-0.000446892
0.000856858
0.00221719
0.0036139
0.00502975
0.00645228
0.00786857
0.00926482
0.010629
0.0119526
0.0132271
0.0144443
0.0155968
0.016672
0.0176541
0.0185475
0.0193522
0.0200513
0.0206326
0.0210855
0.0213962
0.0215505
0.0215378
0.021354
0.0210024
0.0204902
0.0198255
0.0190139
0.0180679
0.017002
0.015829
0.0145662
0.0132296
0.0118417
0.0104244
0.0090003
0.0075887
0.0062117
0.00488322
0.00362416
0.00244616
0.0013858
0.000381638
0.0295909
0.0319224
0.0339835
0.0357489
0.0371944
0.038299
0.039045
0.0394183
0.0394092
0.0390098
0.0382219
0.0370438
0.0354984
0.0335927
0.0313536
0.02882
0.0260303
0.0230268
0.0198635
0.0165893
0.0132528
0.00991319
0.00663377
0.00347759
0.000504662
-0.00222915
-0.00467109
-0.00677422
-0.0085031
-0.00983345
-0.010759
-0.011205
-0.0112467
-0.0108863
-0.0101424
-0.00904636
-0.00763251
-0.0059383
-0.00400408
-0.00187209
0.000415004
0.0028151
0.0052866
0.00778655
0.010276
0.0127221
0.0150929
0.0173607
0.0195047
0.0215094
0.0233631
0.0250569
0.0265836
0.0279376
0.0291136
0.0301042
0.0309029
0.0315055
0.0319094
0.0321106
0.0321042
0.0318861
0.0314566
0.0308226
0.0299858
0.0289503
0.0277237
0.0263142
0.0247278
0.0229756
0.021075
0.0190483
0.0169193
0.0147175
0.0124775
0.0102327
0.0080182
0.00587036
0.00382313
0.0019078
0.000152569
-0.0014178
-0.00278307
-0.00392757
-0.00483969
-0.00551166
-0.00594015
-0.00612958
-0.00608887
-0.00582219
-0.0053478
-0.00468572
-0.00385748
-0.0028856
-0.00179152
-0.000595904
0.000681136
0.00201974
0.00340041
0.0048061
0.00622217
0.00763532
0.00903379
0.0104062
0.0117417
0.0130306
0.0142632
0.0154288
0.0165152
0.01752
0.0184496
0.0192711
0.0199804
0.0205713
0.0210324
0.0213513
0.0215159
0.0215166
0.0213491
0.021015
0.0205207
0.0198759
0.0190849
0.0181577
0.0171072
0.015949
0.0146994
0.0133758
0.0119979
0.0105864
0.00916283
0.00774644
0.00635924
0.00501502
0.00373878
0.00253181
0.00144418
0.000384649
0.0295483
0.0318662
0.0339109
0.0356553
0.0370742
0.0381467
0.0388574
0.0391958
0.0391549
0.0387288
0.0379143
0.0367284
0.0351801
0.0332823
0.0310653
0.028564
0.0258169
0.0228672
0.0197633
0.0165551
0.0132915
0.0100284
0.00682738
0.00374785
0.000846959
-0.00182139
-0.00420665
-0.00626239
-0.00795063
-0.00924365
-0.0101134
-0.0106204
-0.0106931
-0.0103716
-0.00967421
-0.00862958
-0.00727038
-0.0056332
-0.00375696
-0.00168214
0.00055008
0.00289839
0.00532146
0.00777815
0.0102319
0.0126489
0.0149968
0.0172488
0.0193835
0.0213841
0.0232373
0.0249324
0.026461
0.0278156
0.0289897
0.0299767
0.0307711
0.0313686
0.0317665
0.0319614
0.031949
0.0317253
0.0312908
0.030653
0.0298157
0.0287832
0.0275636
0.0261637
0.0245919
0.022861
0.0209883
0.0189952
0.0169062
0.0147494
0.0125567
0.0103596
0.00819136
0.00608751
0.00408076
0.00220111
0.00047546
-0.00107283
-0.00242427
-0.0035634
-0.0044787
-0.00516223
-0.00560941
-0.00582072
-0.005804
-0.00557847
-0.00514498
-0.00452456
-0.00373898
-0.00280813
-0.00175221
-0.000591573
0.000653903
0.00196486
0.0033227
0.0047104
0.00611276
0.00751606
0.00890764
0.0102755
0.0116087
0.0128973
0.0141308
0.015298
0.016389
0.0173967
0.0183161
0.0191346
0.0198431
0.0204314
0.0208879
0.0212017
0.021363
0.0213648
0.0212038
0.020881
0.0203993
0.0197676
0.0189954
0.0180893
0.0170622
0.0159284
0.0147036
0.0134048
0.0120507
0.0106609
0.0092557
0.00785382
0.00647482
0.00513156
0.00384887
0.00262779
0.00151087
0.000420569
0.0293523
0.0316271
0.033631
0.0353373
0.0367225
0.0377676
0.0384574
0.0387819
0.038734
0.0383082
0.0375147
0.0363284
0.0347873
0.0329126
0.03073
0.0282722
0.0255766
0.0226854
0.0196452
0.0165054
0.0133163
0.010132
0.00701049
0.00400867
0.00118037
-0.00142249
-0.00375133
-0.00576339
-0.00742139
-0.00869435
-0.00957023
-0.0100558
-0.0101508
-0.00986446
-0.00919554
-0.00818896
-0.00687489
-0.00528776
-0.00346443
-0.00144377
0.000734245
0.00302925
0.00540102
0.00781023
0.0102203
0.0125978
0.0149119
0.0171356
0.0192475
0.0212299
0.0230686
0.0247517
0.02627
0.0276151
0.0287801
0.0297587
0.0305455
0.0311367
0.031529
0.03172
0.031707
0.0314862
0.0310554
0.0304224
0.0295908
0.0285634
0.0273521
0.0259645
0.0244107
0.0227038
0.0208609
0.0189027
0.0168534
0.0147401
0.0125927
0.0104423
0.00832039
0.00626021
0.00429385
0.00245051
0.000756213
-0.000766478
-0.00209868
-0.00322565
-0.00413625
-0.00482277
-0.00528117
-0.00550941
-0.0055121
-0.00530485
-0.0049111
-0.0043192
-0.00356393
-0.0026645
-0.00163963
-0.000508982
0.000708158
0.0019929
0.00332711
0.00469397
0.00607812
0.00746554
0.00884332
0.0101993
0.0115221
0.0128011
0.0140256
0.0151845
0.0162687
0.0172702
0.0181812
0.0189914
0.0196902
0.0202681
0.0207153
0.0210214
0.0211771
0.0211771
0.0210196
0.0207051
0.0202353
0.0196194
0.0188586
0.0179669
0.0169577
0.015844
0.0146409
0.013365
0.0120342
0.0106674
0.00928345
0.00790064
0.00653588
0.00520429
0.00392545
0.00270242
0.00156197
0.000465088
0.0292727
0.0315078
0.0334732
0.0351423
0.0364923
0.0375046
0.0381646
0.0384619
0.0383888
0.0379369
0.0370867
0.0359014
0.0343844
0.032538
0.0303884
0.0279682
0.0253151
0.0224707
0.0194806
0.0163933
0.0132595
0.0101327
0.00706808
0.00412191
0.0013494
-0.0011989
-0.00347718
-0.00544476
-0.00706786
-0.00832063
-0.009186
-0.00965873
-0.00973599
-0.00942289
-0.00878177
-0.00780834
-0.0065284
-0.00497565
-0.00318741
-0.00120252
0.000939313
0.00319814
0.00553434
0.00790948
0.0102875
0.0126353
0.0149225
0.0171229
0.019215
0.0211805
0.0230042
0.0246737
0.026179
0.0275116
0.0286644
0.0296312
0.0304067
0.0309868
0.0313683
0.0315485
0.0315254
0.0312971
0.0308608
0.0302083
0.0293626
0.0283414
0.0271386
0.0257608
0.0242193
0.0225282
0.0207048
0.0187698
0.0167469
0.0146629
0.0125466
0.0104284
0.00833955
0.00631148
0.0043751
0.00255946
0.00089002
-0.000611199
-0.00192556
-0.00303788
-0.00393672
-0.00461488
-0.00506898
-0.00529939
-0.00530955
-0.00510564
-0.00469582
-0.00412143
-0.00338867
-0.00250991
-0.00150402
-0.000390824
0.000809967
0.00207939
0.00339943
0.00475324
0.00612531
0.00750143
0.00886844
0.010214
0.0115267
0.0127954
0.0140095
0.0151586
0.0162332
0.0172248
0.0181245
0.0189226
0.0196092
0.0201745
0.0206089
0.0209031
0.0210491
0.0210422
0.0208805
0.0205642
0.0200946
0.019469
0.0187111
0.0178328
0.0168379
0.0157391
0.0145515
0.013292
0.011978
0.010628
0.00926035
0.00789269
0.00654173
0.00522292
0.00395027
0.00273393
0.00158675
0.000495014
-0.0467521
-0.0460513
-0.0450566
-0.0438023
-0.0423358
-0.0407085
-0.0389992
-0.0372822
-0.0356256
-0.0340994
-0.0327507
-0.0316329
-0.030816
-0.0302264
-0.0299533
-0.0303672
-0.0307711
-0.0314062
-0.0322548
-0.033208
-0.034199
-0.0351493
-0.0359777
-0.0366142
-0.037002
-0.0370976
-0.0368946
-0.0363797
-0.0355672
-0.0344849
-0.0331722
-0.031679
-0.0300596
-0.0283886
-0.0267286
-0.0251344
-0.0236623
-0.0223952
-0.021341
-0.0202443
-0.0197125
-0.0195388
-0.0193887
-0.0195267
-0.0198918
-0.020351
-0.02085
-0.0213808
-0.0218743
-0.0222692
-0.0225299
-0.0226322
-0.022558
-0.022301
-0.0218728
-0.0212868
-0.0205678
-0.0197552
-0.0188969
-0.0180417
-0.0172302
-0.0164506
-0.0157932
-0.0153673
-0.0151171
-0.0150862
-0.0149745
-0.0152673
-0.0158181
-0.0164623
-0.017199
-0.0179763
-0.0187568
-0.019512
-0.0201869
-0.0207314
-0.0211064
-0.0212917
-0.0212827
-0.0210713
-0.0206633
-0.0200725
-0.0193347
-0.0184843
-0.0175503
-0.0165697
-0.0155875
-0.0146463
-0.013796
-0.0130608
-0.0124356
-0.0118332
-0.0116751
-0.0115051
-0.0114519
-0.0116056
-0.0118918
-0.0122029
-0.0125428
-0.0129158
-0.0132645
-0.0135463
-0.0137264
-0.0137959
-0.0137446
-0.0135696
-0.0132738
-0.0128669
-0.0123789
-0.0118357
-0.0112468
-0.0106283
-0.0100027
-0.00941512
-0.00895575
-0.00857845
-0.00827314
-0.00815479
-0.00786515
-0.00788494
-0.00807533
-0.00828458
-0.00852931
-0.00878426
-0.00899306
-0.00914573
-0.0092178
-0.00916973
-0.00897515
-0.00860969
-0.00806631
-0.00730953
-0.00637928
-0.00523402
-0.00392486
-0.0408504
-0.0402601
-0.0394551
-0.0384627
-0.0373246
-0.0360922
-0.0348286
-0.033588
-0.0324314
-0.0314253
-0.030625
-0.030078
-0.0298314
-0.0301423
-0.030678
-0.0312357
-0.0322797
-0.0335065
-0.034863
-0.0362883
-0.0376938
-0.0389924
-0.0401014
-0.0409471
-0.0414673
-0.041619
-0.0413985
-0.0407946
-0.0398228
-0.0385166
-0.0369232
-0.0350988
-0.0331053
-0.0310172
-0.0289075
-0.0268423
-0.0248834
-0.023131
-0.0215679
-0.0197785
-0.0186501
-0.0179419
-0.0173348
-0.0170122
-0.0169168
-0.016974
-0.0171422
-0.0173958
-0.0176772
-0.0178861
-0.0180159
-0.0180751
-0.0180053
-0.0178169
-0.0175403
-0.0171604
-0.0166763
-0.0161442
-0.0156374
-0.0151468
-0.0146958
-0.0143437
-0.0141477
-0.0141282
-0.0143049
-0.0149324
-0.0154418
-0.0161727
-0.0171215
-0.0181505
-0.0192562
-0.0203897
-0.0214906
-0.0225097
-0.0233938
-0.024094
-0.0245706
-0.0247985
-0.0247751
-0.024495
-0.0239676
-0.0232107
-0.0222577
-0.0211476
-0.0199163
-0.0186069
-0.0172709
-0.0159573
-0.0147115
-0.0135832
-0.0125383
-0.0112846
-0.010709
-0.0102092
-0.00977097
-0.00954001
-0.00945952
-0.00946475
-0.0095394
-0.00966484
-0.00984783
-0.010012
-0.010084
-0.0101034
-0.010056
-0.0099298
-0.00972599
-0.0094396
-0.00916391
-0.00889719
-0.00855428
-0.00819229
-0.00787345
-0.00762702
-0.00747937
-0.00739012
-0.00744458
-0.00789032
-0.00801013
-0.00835964
-0.0088431
-0.00932679
-0.00982816
-0.0103152
-0.0107361
-0.0110571
-0.0112447
-0.0112611
-0.0110759
-0.010664
-0.0100204
-0.00911625
-0.00797388
-0.00657737
-0.00493589
-0.00303534
-0.00125882
-0.0347823
-0.0342968
-0.0336833
-0.0329314
-0.0320848
-0.0311948
-0.0303096
-0.0294955
-0.0288262
-0.0283606
-0.028138
-0.0281737
-0.0284827
-0.029532
-0.0308251
-0.0317995
-0.0333936
-0.0351747
-0.0370307
-0.0389104
-0.0407176
-0.0423583
-0.0437447
-0.0447979
-0.045451
-0.0456581
-0.0454197
-0.0447257
-0.0435971
-0.0420717
-0.0402007
-0.0380504
-0.0356903
-0.0331967
-0.0306513
-0.0281292
-0.0257066
-0.0234715
-0.0213125
-0.0190263
-0.0173073
-0.0161002
-0.0150904
-0.0143346
-0.0138223
-0.0135072
-0.0133546
-0.013319
-0.0133508
-0.0134056
-0.0134608
-0.013498
-0.0133893
-0.0132326
-0.0131272
-0.0129257
-0.0126549
-0.0123907
-0.0121703
-0.0120132
-0.0119584
-0.0120397
-0.0122803
-0.0126739
-0.0132708
-0.0144619
-0.0156267
-0.0167316
-0.0180828
-0.0195234
-0.0210049
-0.0224809
-0.0238856
-0.0251604
-0.0262495
-0.0271025
-0.0276779
-0.0279478
-0.0279114
-0.0275639
-0.026919
-0.0259988
-0.0248369
-0.0234754
-0.0219586
-0.0203378
-0.0186639
-0.0169903
-0.0153757
-0.0138752
-0.0123796
-0.0107504
-0.00957283
-0.00870527
-0.00795295
-0.00737709
-0.00696411
-0.00667614
-0.00649976
-0.00641451
-0.00639312
-0.00639674
-0.00642726
-0.0064577
-0.00639387
-0.00626381
-0.00617932
-0.00608863
-0.00595463
-0.00582817
-0.00571951
-0.00565725
-0.00565122
-0.00572374
-0.00588859
-0.00614064
-0.00655033
-0.00736781
-0.00799524
-0.00862316
-0.00939052
-0.0101727
-0.0109406
-0.0116602
-0.0122819
-0.0127628
-0.0130636
-0.0131459
-0.0129755
-0.0125289
-0.0117893
-0.0107637
-0.00941349
-0.00780329
-0.00585906
-0.00358966
-0.00151502
-0.0287194
-0.0282629
-0.0278498
-0.0273001
-0.0267047
-0.0261366
-0.0256387
-0.0252674
-0.0250789
-0.0251111
-0.0254047
-0.0259572
-0.0268008
-0.0284505
-0.0303199
-0.0320513
-0.0341013
-0.0363573
-0.0386814
-0.0409884
-0.0431769
-0.0451442
-0.0467949
-0.0480448
-0.0488235
-0.049083
-0.0488262
-0.0480469
-0.0467704
-0.0450392
-0.04291
-0.0404542
-0.0377511
-0.0348822
-0.0319305
-0.0289816
-0.026121
-0.0234058
-0.0206574
-0.0179412
-0.015782
-0.0141043
-0.0126685
-0.0115085
-0.0106232
-0.00997281
-0.00952116
-0.00922496
-0.00904326
-0.00898788
-0.00897482
-0.00892593
-0.0088439
-0.00871036
-0.00864687
-0.0086565
-0.00862847
-0.00861624
-0.00869215
-0.00887443
-0.00918718
-0.00965211
-0.0102868
-0.0110783
-0.0121468
-0.0137909
-0.0154305
-0.0169836
-0.0187194
-0.0205432
-0.0223806
-0.0241788
-0.0258695
-0.0273873
-0.0286722
-0.0296714
-0.0303414
-0.0306527
-0.0306061
-0.0301984
-0.0294458
-0.0283741
-0.0270191
-0.0254257
-0.0236445
-0.0217319
-0.0197424
-0.0177326
-0.0157686
-0.013886
-0.0119093
-0.00993737
-0.0083839
-0.00714698
-0.00605501
-0.00514982
-0.00443375
-0.00388107
-0.00347304
-0.00318837
-0.00300147
-0.0028835
-0.00281363
-0.00277389
-0.002742
-0.00271523
-0.00271002
-0.0027231
-0.00275729
-0.00283156
-0.00295922
-0.00315783
-0.00343308
-0.00380144
-0.00426692
-0.00482029
-0.00560108
-0.00672857
-0.00775592
-0.00870328
-0.00974579
-0.0108029
-0.0118206
-0.0127597
-0.0135699
-0.0142032
-0.0146153
-0.014766
-0.0146181
-0.0141478
-0.0133318
-0.0122001
-0.0106729
-0.00887024
-0.00667596
-0.00407526
-0.00173918
-0.0227721
-0.0223666
-0.0220322
-0.0217246
-0.0213853
-0.0211212
-0.0209774
-0.0209923
-0.0212169
-0.0216894
-0.0224423
-0.0234713
-0.0248674
-0.027064
-0.0294656
-0.0317427
-0.034261
-0.0369777
-0.0397395
-0.0424454
-0.044989
-0.0472603
-0.0491573
-0.0505909
-0.0514877
-0.051798
-0.0515255
-0.0506678
-0.0492548
-0.0473347
-0.0449699
-0.0422366
-0.0392206
-0.0360107
-0.0326936
-0.0293577
-0.0260919
-0.0229143
-0.0196501
-0.0165736
-0.0140528
-0.0119521
-0.0101277
-0.00860774
-0.00738737
-0.0064354
-0.00571932
-0.00520144
-0.00484331
-0.00461664
-0.0044816
-0.00440007
-0.00436202
-0.00435806
-0.00440943
-0.00451844
-0.00467393
-0.00490686
-0.00525339
-0.00573289
-0.00636685
-0.0071767
-0.00817175
-0.00935066
-0.010887
-0.012917
-0.014942
-0.0168875
-0.01899
-0.021167
-0.023333
-0.0254282
-0.0273814
-0.0291225
-0.0305875
-0.0317208
-0.0324771
-0.0328292
-0.0327739
-0.0323122
-0.0314624
-0.0302545
-0.0287266
-0.0269266
-0.0249096
-0.0227359
-0.0204644
-0.0181536
-0.0158711
-0.0136227
-0.01123
-0.00896094
-0.00710559
-0.00552308
-0.00411535
-0.00291661
-0.00192759
-0.00113052
-0.000508598
-4.16198e-05
0.00029372
0.0005209
0.00066072
0.000731181
0.000747546
0.000716376
0.000635591
0.000502401
0.00031208
5.61631e-05
-0.000276181
-0.000700439
-0.00122606
-0.00186003
-0.00260097
-0.00345637
-0.0046038
-0.00601102
-0.00732173
-0.00856027
-0.00986957
-0.0111787
-0.0124266
-0.013569
-0.0145531
-0.0153275
-0.0158445
-0.0160618
-0.0159404
-0.0154582
-0.0145834
-0.0133673
-0.0116972
-0.00972949
-0.00734629
-0.00446853
-0.00192229
)
;

boundaryField
{
    inlet
    {
        type            zeroGradient;
    }
    outlet
    {
        type            fixedValue;
        value           uniform 0;
    }
    topWall
    {
        type            zeroGradient;
    }
    lowerWall
    {
        type            zeroGradient;
    }
    leadingEdge
    {
        type            zeroGradient;
    }
    trailingEdge
    {
        type            zeroGradient;
    }
    upperSurface
    {
        type            zeroGradient;
    }
    lowerSurface
    {
        type            zeroGradient;
    }
    frontAndBack
    {
        type            empty;
    }
    procBoundary7to2
    {
        type            processor;
        value           uniform -0.0471483;
    }
    procBoundary7to3
    {
        type            processor;
        value           nonuniform List<scalar> 
138
(
-0.0523331
-0.0515181
-0.0503315
-0.0488138
-0.0470177
-0.045003
-0.0428493
-0.0406411
-0.038451
-0.0363594
-0.0344424
-0.0327796
-0.0313844
-0.0299351
-0.0290901
-0.028926
-0.0287166
-0.0288345
-0.0292187
-0.0297404
-0.0303317
-0.0309379
-0.0314833
-0.0319062
-0.0321647
-0.0322046
-0.0320121
-0.0315793
-0.030926
-0.03007
-0.0290394
-0.0278803
-0.0266507
-0.0254173
-0.0242382
-0.0231369
-0.0221471
-0.0213926
-0.0208979
-0.0205857
-0.0204323
-0.0207524
-0.0211921
-0.0218222
-0.0225956
-0.0234392
-0.0243009
-0.0251326
-0.0258692
-0.0264517
-0.0268347
-0.0269879
-0.0269066
-0.0265794
-0.0260142
-0.0252337
-0.024269
-0.0231635
-0.0219592
-0.0207115
-0.019473
-0.0182881
-0.0171932
-0.0162677
-0.0155094
-0.0147611
-0.0145096
-0.0143312
-0.0142881
-0.0144904
-0.0148653
-0.0152913
-0.0157508
-0.0162481
-0.0167186
-0.0171053
-0.0173706
-0.0175124
-0.0175184
-0.0173776
-0.0170958
-0.0166788
-0.0161592
-0.0155846
-0.0149679
-0.0143433
-0.0137288
-0.0131384
-0.0127128
-0.0124369
-0.0122574
-0.0123339
-0.0122182
-0.0124813
-0.0129883
-0.0135443
-0.0141625
-0.0148022
-0.0154312
-0.0160347
-0.0165688
-0.0169925
-0.017271
-0.0173838
-0.0173278
-0.0170974
-0.0167013
-0.0161502
-0.0154706
-0.0146887
-0.013828
-0.0129155
-0.0119883
-0.0110872
-0.0102544
-0.00950433
-0.00881372
-0.00809589
-0.0078365
-0.00747886
-0.00720777
-0.00707541
-0.00706386
-0.00709201
-0.00708276
-0.00707378
-0.0070424
-0.00693552
-0.00673763
-0.00642914
-0.00598644
-0.00539725
-0.00467379
-0.00381
-0.00283331
-0.00242024
-0.00242024
-0.000971134
)
;
    }
    procBoundary7to6
    {
        type            processor;
        value           nonuniform List<scalar> 
35
(
-0.0172746
-0.0117627
-0.00663229
-0.00194152
0.00226912
0.0059806
0.00919143
0.0119194
0.0141964
0.0160649
0.017575
0.0187911
0.0197423
0.0204413
0.0209606
0.0213917
0.0218178
0.022295
0.0228698
0.0235504
0.0244076
0.0253908
0.0266454
0.0278026
0.0287971
0.0293851
0.0293851
0.0270185
0.026987
0.0268363
0.0267972
-0.0412267
-0.0351578
-0.0291165
-0.0231022
)
;
    }
}


// ************************************************************************* //
