/*--------------------------------*- C++ -*----------------------------------*\
| =========                 |                                                 |
| \\      /  F ield         | OpenFOAM: The Open Source CFD Toolbox           |
|  \\    /   O peration     | Version:  2206                                  |
|   \\  /    A nd           | Website:  www.openfoam.com                      |
|    \\/     M anipulation  |                                                 |
\*---------------------------------------------------------------------------*/
FoamFile
{
    version     2.0;
    format      ascii;
    arch        "LSB;label=32;scalar=64";
    class       surfaceScalarField;
    location    "19.8";
    object      phi_0;
}
// * * * * * * * * * * * * * * * * * * * * * * * * * * * * * * * * * * * * * //

dimensions      [0 3 -1 0 0 0 0];

oriented        oriented;

internalField   nonuniform List<scalar> 
3480
(
4.43322e-06
1.40749e-09
-1.82349e-09
4.43447e-06
4.23013e-09
-5.48186e-09
4.43651e-06
6.95558e-09
-8.99805e-09
4.43927e-06
9.51031e-09
-1.22654e-08
4.44264e-06
1.18485e-08
-1.52246e-08
4.44655e-06
1.39549e-08
-1.78652e-08
4.45092e-06
1.58335e-08
-2.02026e-08
4.45568e-06
1.74962e-08
-2.22584e-08
4.46078e-06
1.89581e-08
-2.40555e-08
4.46616e-06
2.02369e-08
-2.56196e-08
4.47179e-06
2.13524e-08
-2.69786e-08
4.47762e-06
2.23247e-08
-2.816e-08
4.48364e-06
2.31723e-08
-2.91884e-08
4.48981e-06
2.3912e-08
-3.00854e-08
4.49613e-06
2.45583e-08
-3.08693e-08
4.50256e-06
2.51231e-08
-3.1555e-08
4.5091e-06
2.56168e-08
-3.2155e-08
4.51573e-06
2.60478e-08
-3.26795e-08
4.52244e-06
2.64229e-08
-3.31368e-08
4.52923e-06
2.67479e-08
-3.35336e-08
4.53607e-06
2.70271e-08
-3.38752e-08
4.54298e-06
2.7264e-08
-3.41655e-08
4.54992e-06
2.74611e-08
-3.44076e-08
4.55691e-06
2.76205e-08
-3.46036e-08
4.56392e-06
2.77432e-08
-3.4755e-08
4.57095e-06
2.78302e-08
-3.48623e-08
4.57799e-06
2.78817e-08
-3.49259e-08
4.58504e-06
2.78979e-08
-3.49457e-08
4.59208e-06
2.78786e-08
-3.49216e-08
4.59911e-06
2.78234e-08
-3.4853e-08
4.60612e-06
2.77319e-08
-3.47391e-08
4.6131e-06
2.76037e-08
-3.4579e-08
4.62003e-06
2.74381e-08
-3.43718e-08
4.62691e-06
2.7235e-08
-3.41171e-08
4.63373e-06
2.69946e-08
-3.38151e-08
4.64048e-06
2.67171e-08
-3.34663e-08
4.64715e-06
2.64034e-08
-3.30715e-08
4.65373e-06
2.60542e-08
-3.2632e-08
4.66021e-06
2.56711e-08
-3.21494e-08
4.66658e-06
2.52552e-08
-3.16255e-08
4.67283e-06
2.48084e-08
-3.10625e-08
4.67896e-06
2.43325e-08
-3.04628e-08
4.68496e-06
2.38298e-08
-2.98293e-08
4.69082e-06
2.33021e-08
-2.91647e-08
4.69654e-06
2.27519e-08
-2.84717e-08
4.70212e-06
2.21809e-08
-2.77531e-08
4.70753e-06
2.15918e-08
-2.70116e-08
4.7128e-06
2.09861e-08
-2.625e-08
4.7179e-06
2.03666e-08
-2.54712e-08
4.72285e-06
1.97343e-08
-2.46777e-08
4.72763e-06
1.90914e-08
-2.38718e-08
4.73224e-06
1.8438e-08
-2.30547e-08
4.7367e-06
1.77751e-08
-2.22266e-08
4.74098e-06
1.71008e-08
-2.13864e-08
4.7451e-06
1.6415e-08
-2.0533e-08
4.74905e-06
1.57147e-08
-1.96637e-08
4.75283e-06
1.49981e-08
-1.87756e-08
4.75643e-06
1.42602e-08
-1.7864e-08
4.75985e-06
1.34976e-08
-1.69234e-08
4.7631e-06
1.27028e-08
-1.59465e-08
4.76615e-06
1.187e-08
-1.49244e-08
4.76901e-06
1.0988e-08
-1.38464e-08
4.77166e-06
1.00491e-08
-1.26994e-08
4.77409e-06
9.0363e-09
-1.14689e-08
4.77629e-06
7.93984e-09
-1.01359e-08
4.77824e-06
6.73582e-09
-8.68166e-09
4.7799e-06
5.41269e-09
-7.08125e-09
4.78128e-06
3.94011e-09
-5.31136e-09
4.78231e-06
2.30683e-09
-3.33748e-09
4.78296e-06
4.64806e-10
-1.11927e-09
4.78319e-06
-1.61961e-09
1.38673e-09
4.78295e-06
-3.98969e-09
4.23355e-09
4.78217e-06
-6.69811e-09
7.48176e-09
4.78077e-06
-9.80553e-09
1.12027e-08
4.77867e-06
-1.33835e-08
1.54807e-08
4.77577e-06
-1.75179e-08
2.04165e-08
4.77195e-06
-2.23116e-08
2.61303e-08
4.76708e-06
-2.78888e-08
3.27667e-08
4.76098e-06
-3.43996e-08
4.05e-08
4.75346e-06
-4.20264e-08
4.95407e-08
4.74431e-06
-5.09917e-08
6.01447e-08
4.73325e-06
-6.15682e-08
7.26245e-08
4.71998e-06
-7.40929e-08
8.73639e-08
4.70413e-06
-8.89836e-08
1.04837e-07
4.68526e-06
-1.06761e-07
1.25631e-07
4.66286e-06
-1.2808e-07
1.50477e-07
4.63633e-06
-1.53764e-07
1.80293e-07
4.60496e-06
-1.84864e-07
2.1624e-07
4.56789e-06
-2.22725e-07
2.59793e-07
4.52413e-06
-2.69083e-07
3.12845e-07
4.47248e-06
-3.26194e-07
3.77843e-07
4.41151e-06
-3.97014e-07
4.57985e-07
4.33948e-06
-4.85447e-07
5.57476e-07
4.2542e-06
-5.9671e-07
6.81987e-07
4.15288e-06
-7.37787e-07
8.39106e-07
4.03122e-06
-9.18385e-07
1.04005e-06
3.8832e-06
-1.15123e-06
1.29925e-06
3.69343e-06
-1.45615e-06
1.64592e-06
3.44026e-06
-1.8535e-06
2.10668e-06
2.9999e-06
-2.39327e-06
2.83362e-06
2.23229e-06
-3.04651e-06
3.81412e-06
-4.32951e-06
6.56181e-06
4.43318e-06
1.02807e-09
4.43432e-06
3.08921e-09
4.43619e-06
5.08556e-09
4.43873e-06
6.96766e-09
4.44188e-06
8.70276e-09
4.44556e-06
1.02768e-08
4.4497e-06
1.16889e-08
4.45425e-06
1.29449e-08
4.45916e-06
1.40541e-08
4.46437e-06
1.50281e-08
4.46984e-06
1.58804e-08
4.47554e-06
1.66249e-08
4.48143e-06
1.72749e-08
4.4875e-06
1.78425e-08
4.49372e-06
1.83383e-08
4.50008e-06
1.87716e-08
4.50654e-06
1.91501e-08
4.51311e-06
1.94802e-08
4.51977e-06
1.97673e-08
4.5265e-06
2.00157e-08
4.5333e-06
2.02289e-08
4.54015e-06
2.04096e-08
4.54705e-06
2.05599e-08
4.55399e-06
2.06812e-08
4.56096e-06
2.07747e-08
4.56795e-06
2.08409e-08
4.57495e-06
2.08803e-08
4.58195e-06
2.0893e-08
4.58895e-06
2.08787e-08
4.59594e-06
2.08375e-08
4.6029e-06
2.07692e-08
4.60983e-06
2.06733e-08
4.61672e-06
2.05497e-08
4.62356e-06
2.03981e-08
4.63033e-06
2.02188e-08
4.63704e-06
2.00119e-08
4.64367e-06
1.97782e-08
4.6502e-06
1.95181e-08
4.65664e-06
1.92328e-08
4.66297e-06
1.89232e-08
4.66919e-06
1.85905e-08
4.67529e-06
1.82363e-08
4.68125e-06
1.78619e-08
4.68709e-06
1.7469e-08
4.69278e-06
1.7059e-08
4.69833e-06
1.66336e-08
4.70372e-06
1.61943e-08
4.70897e-06
1.57426e-08
4.71405e-06
1.528e-08
4.71898e-06
1.48076e-08
4.72375e-06
1.43265e-08
4.72835e-06
1.38369e-08
4.73278e-06
1.33392e-08
4.73705e-06
1.28324e-08
4.74115e-06
1.23159e-08
4.74508e-06
1.17876e-08
4.74883e-06
1.12458e-08
4.7524e-06
1.0687e-08
4.75579e-06
1.01079e-08
4.75899e-06
9.50341e-09
4.76199e-06
8.86799e-09
4.76479e-06
8.19439e-09
4.76736e-06
7.47471e-09
4.7697e-06
6.69785e-09
4.77179e-06
5.85388e-09
4.7736e-06
4.92494e-09
4.77511e-06
3.90142e-09
4.77629e-06
2.75625e-09
4.77711e-06
1.49034e-09
4.77751e-06
6.85905e-11
4.77744e-06
-1.55034e-09
4.77684e-06
-3.38997e-09
4.77563e-06
-5.49504e-09
4.77374e-06
-7.91358e-09
4.77106e-06
-1.07016e-08
4.76747e-06
-1.39263e-08
4.76283e-06
-1.76695e-08
4.75697e-06
-2.20297e-08
4.74969e-06
-2.71264e-08
4.74077e-06
-3.31052e-08
4.72992e-06
-4.0144e-08
4.71682e-06
-4.8462e-08
4.70106e-06
-5.83308e-08
4.68216e-06
-7.00883e-08
4.65956e-06
-8.41579e-08
4.63255e-06
-1.01073e-07
4.6003e-06
-1.2151e-07
4.56177e-06
-1.46334e-07
4.51569e-06
-1.76654e-07
4.46052e-06
-2.1391e-07
4.3943e-06
-2.59971e-07
4.31457e-06
-3.17285e-07
4.21818e-06
-3.89061e-07
4.101e-06
-4.79525e-07
3.95742e-06
-5.94212e-07
3.77937e-06
-7.40333e-07
3.55513e-06
-9.26995e-07
3.26472e-06
-1.16573e-06
2.88056e-06
-1.46935e-06
2.33808e-06
-1.8508e-06
1.61405e-06
-2.32247e-06
-2.71547e-06
4.43316e-06
6.7306e-10
4.43422e-06
2.02219e-09
4.43598e-06
3.33147e-09
4.43837e-06
4.57035e-09
4.44136e-06
5.71787e-09
4.44487e-06
6.76388e-09
4.44885e-06
7.70615e-09
4.45325e-06
8.54717e-09
4.45801e-06
9.29221e-09
4.46309e-06
9.94831e-09
4.46845e-06
1.05237e-08
4.47405e-06
1.10272e-08
4.47986e-06
1.14674e-08
4.48585e-06
1.1852e-08
4.492e-06
1.21881e-08
4.49829e-06
1.24819e-08
4.5047e-06
1.27385e-08
4.51122e-06
1.29622e-08
4.51783e-06
1.31567e-08
4.52452e-06
1.3325e-08
4.53128e-06
1.34694e-08
4.53809e-06
1.35917e-08
4.54496e-06
1.36935e-08
4.55187e-06
1.37757e-08
4.5588e-06
1.38391e-08
4.56576e-06
1.38842e-08
4.57273e-06
1.39112e-08
4.5797e-06
1.39205e-08
4.58667e-06
1.39113e-08
4.59362e-06
1.38845e-08
4.60055e-06
1.38394e-08
4.60745e-06
1.37762e-08
4.6143e-06
1.36944e-08
4.62111e-06
1.35943e-08
4.62785e-06
1.34756e-08
4.63452e-06
1.3339e-08
4.64112e-06
1.31843e-08
4.64762e-06
1.30125e-08
4.65403e-06
1.28237e-08
4.66034e-06
1.26191e-08
4.66653e-06
1.2399e-08
4.6726e-06
1.2165e-08
4.67854e-06
1.19171e-08
4.68435e-06
1.16574e-08
4.69003e-06
1.13858e-08
4.69556e-06
1.11044e-08
4.70094e-06
1.08132e-08
4.70617e-06
1.05141e-08
4.71124e-06
1.02069e-08
4.71615e-06
9.89348e-09
4.72091e-06
9.57333e-09
4.7255e-06
9.24767e-09
4.72992e-06
8.91547e-09
4.73418e-06
8.57738e-09
4.73826e-06
8.23137e-09
4.74217e-06
7.87782e-09
4.7459e-06
7.51322e-09
4.74945e-06
7.1379e-09
4.75281e-06
6.74623e-09
4.75598e-06
6.33864e-09
4.75894e-06
5.90663e-09
4.76168e-06
5.45072e-09
4.7642e-06
4.95914e-09
4.76646e-06
4.43147e-09
4.76847e-06
3.85282e-09
4.77017e-06
3.21955e-09
4.77156e-06
2.51322e-09
4.77259e-06
1.72547e-09
4.77324e-06
8.39122e-10
4.77344e-06
-1.28605e-10
4.77313e-06
-1.24381e-09
4.77225e-06
-2.51139e-09
4.77072e-06
-3.96304e-09
4.76844e-06
-5.63323e-09
4.7653e-06
-7.56e-09
4.76116e-06
-9.78955e-09
4.75587e-06
-1.23788e-08
4.74924e-06
-1.53966e-08
4.74104e-06
-1.89262e-08
4.731e-06
-2.30691e-08
4.71881e-06
-2.79501e-08
4.70407e-06
-3.37229e-08
4.68632e-06
-4.05784e-08
4.66498e-06
-4.87547e-08
4.63938e-06
-5.85509e-08
4.60865e-06
-7.03449e-08
4.57176e-06
-8.46169e-08
4.5274e-06
-1.01982e-07
4.47398e-06
-1.23232e-07
4.40946e-06
-1.49392e-07
4.33129e-06
-1.81795e-07
4.23618e-06
-2.22175e-07
4.11991e-06
-2.7279e-07
3.97695e-06
-3.36564e-07
3.79996e-06
-4.17224e-07
3.57902e-06
-5.19391e-07
3.30053e-06
-6.48507e-07
2.94502e-06
-8.10225e-07
2.48425e-06
-1.00858e-06
1.8738e-06
-1.24035e-06
1.04293e-06
-1.4916e-06
-1.67254e-06
4.43314e-06
4.43416e-06
4.43584e-06
4.43815e-06
4.44103e-06
2.8348e-09
4.44444e-06
3.3567e-09
4.44832e-06
3.82799e-09
4.45262e-06
4.24955e-09
4.45729e-06
4.62373e-09
4.46228e-06
4.95385e-09
4.46756e-06
5.24385e-09
4.47309e-06
5.49795e-09
4.47884e-06
5.72032e-09
4.48477e-06
5.91485e-09
4.49088e-06
6.085e-09
4.49712e-06
6.23382e-09
4.5035e-06
6.36391e-09
4.50998e-06
6.47747e-09
4.51656e-06
6.5763e-09
4.52323e-06
6.66189e-09
4.52996e-06
6.73546e-09
4.53675e-06
6.79792e-09
4.5436e-06
6.85001e-09
4.55048e-06
6.89226e-09
4.5574e-06
6.92504e-09
4.56433e-06
6.94866e-09
4.57128e-06
6.96317e-09
4.57823e-06
6.96895e-09
4.58518e-06
6.96516e-09
4.59211e-06
6.95293e-09
4.59902e-06
6.93105e-09
4.60589e-06
6.90073e-09
4.61273e-06
6.8609e-09
4.61951e-06
6.81211e-09
4.62623e-06
6.75394e-09
4.63288e-06
6.68707e-09
4.63945e-06
6.61106e-09
4.64594e-06
6.52684e-09
4.65233e-06
6.4339e-09
4.65862e-06
6.33353e-09
4.66479e-06
6.22503e-09
4.67084e-06
6.1101e-09
4.67677e-06
5.98776e-09
4.68257e-06
5.86011e-09
4.68823e-06
5.72583e-09
4.69375e-06
5.58737e-09
4.69912e-06
5.44309e-09
4.70434e-06
5.29562e-09
4.7094e-06
5.14307e-09
4.71431e-06
4.98808e-09
4.71905e-06
4.82852e-09
4.72363e-06
4.66683e-09
4.72805e-06
4.50046e-09
4.73229e-06
4.33181e-09
4.73637e-06
4.15737e-09
4.74026e-06
3.98013e-09
4.74398e-06
3.79476e-09
4.74751e-06
3.60556e-09
4.75086e-06
3.40457e-09
4.754e-06
3.19777e-09
4.75693e-06
2.97397e-09
4.75964e-06
2.74128e-09
4.76211e-06
2.48415e-09
4.76433e-06
2.21372e-09
4.76628e-06
1.90869e-09
4.76791e-06
1.58359e-09
4.76922e-06
1.20917e-09
4.77014e-06
8.0488e-10
4.77066e-06
3.12739e-10
4.77072e-06
-1.88578e-10
4.77025e-06
-7.74021e-10
4.76918e-06
-1.43929e-09
4.76742e-06
-2.20351e-09
4.76487e-06
-3.08425e-09
4.76141e-06
-4.10006e-09
4.7569e-06
-5.27461e-09
4.75116e-06
-6.63764e-09
4.74399e-06
-8.22509e-09
4.73514e-06
-1.00803e-08
4.72433e-06
-1.22559e-08
4.71119e-06
-1.48167e-08
4.69531e-06
-1.78428e-08
4.67617e-06
-2.14331e-08
4.65312e-06
-2.57118e-08
4.62541e-06
-3.08343e-08
4.59206e-06
-3.69973e-08
4.55189e-06
-4.44513e-08
4.50343e-06
-5.35169e-08
4.4448e-06
-6.46068e-08
4.37367e-06
-7.8255e-08
4.28703e-06
-9.51543e-08
4.18106e-06
-1.16204e-07
4.05083e-06
-1.42564e-07
3.88999e-06
-1.75721e-07
3.69029e-06
-2.17531e-07
3.44113e-06
-2.70232e-07
3.12893e-06
-3.36307e-07
2.73674e-06
-4.18035e-07
2.24455e-06
-5.16383e-07
1.63247e-06
-6.28272e-07
8.84516e-07
-7.4364e-07
-7.88023e-07
4.44088e-06
4.44423e-06
4.44806e-06
4.45231e-06
4.45693e-06
4.46188e-06
4.46712e-06
4.47262e-06
4.47834e-06
4.48425e-06
4.49033e-06
4.49655e-06
4.50291e-06
4.50938e-06
4.51594e-06
4.52259e-06
4.52931e-06
4.53609e-06
4.54293e-06
4.5498e-06
4.5567e-06
4.56363e-06
4.57056e-06
4.5775e-06
4.58444e-06
4.59136e-06
4.59826e-06
4.60512e-06
4.61195e-06
4.61872e-06
4.62543e-06
4.63207e-06
4.63863e-06
4.64511e-06
4.65149e-06
4.65776e-06
4.66393e-06
4.66998e-06
4.6759e-06
4.68169e-06
4.68734e-06
4.69285e-06
4.69822e-06
4.70343e-06
4.70849e-06
4.71339e-06
4.71813e-06
4.72271e-06
4.72712e-06
4.73136e-06
4.73543e-06
4.73932e-06
4.74303e-06
4.74655e-06
4.74988e-06
4.75301e-06
4.75593e-06
4.75862e-06
4.76107e-06
4.76326e-06
4.76518e-06
4.76678e-06
4.76805e-06
4.76893e-06
4.76937e-06
4.76934e-06
4.76878e-06
4.76761e-06
4.76573e-06
4.76304e-06
4.75941e-06
4.7547e-06
4.74872e-06
4.74127e-06
4.73209e-06
4.72087e-06
4.70724e-06
4.69077e-06
4.6709e-06
4.64697e-06
4.61815e-06
4.58344e-06
4.54158e-06
4.49097e-06
4.42964e-06
4.35506e-06
4.26403e-06
4.15245e-06
4.01506e-06
3.84512e-06
3.63404e-06
3.371e-06
3.04269e-06
2.63351e-06
2.12687e-06
1.50921e-06
7.76993e-07
4.38961e-06
4.31913e-08
4.32861e-06
6.09961e-08
4.26319e-06
6.54189e-08
4.19521e-06
6.79819e-08
4.12497e-06
7.02433e-08
4.05285e-06
7.21226e-08
3.97983e-06
7.30192e-08
3.90614e-06
7.36839e-08
3.83213e-06
7.40082e-08
3.75798e-06
7.41557e-08
3.68379e-06
7.4185e-08
3.6097e-06
7.40954e-08
3.53584e-06
7.38633e-08
3.4623e-06
7.35382e-08
3.38913e-06
7.317e-08
3.31637e-06
7.27615e-08
3.24406e-06
7.23065e-08
3.17226e-06
7.18006e-08
3.10102e-06
7.12431e-08
3.03038e-06
7.06344e-08
2.9604e-06
6.99791e-08
2.89112e-06
6.92814e-08
2.82258e-06
6.85383e-08
2.75482e-06
6.77613e-08
2.68789e-06
6.69332e-08
2.62181e-06
6.60773e-08
2.55659e-06
6.52244e-08
2.49217e-06
6.44204e-08
2.42867e-06
6.34922e-08
2.36634e-06
6.23381e-08
2.30528e-06
6.10518e-08
2.24561e-06
5.96732e-08
2.1874e-06
5.8208e-08
2.13074e-06
5.66611e-08
2.0757e-06
5.50389e-08
2.02236e-06
5.33467e-08
1.97077e-06
5.15897e-08
1.92099e-06
4.9771e-08
1.8731e-06
4.78972e-08
1.82712e-06
4.59777e-08
1.7831e-06
4.40241e-08
1.74105e-06
4.20445e-08
1.70101e-06
4.00459e-08
1.663e-06
3.80023e-08
1.62705e-06
3.59561e-08
1.59308e-06
3.39626e-08
1.56108e-06
3.20006e-08
1.53102e-06
3.00683e-08
1.50284e-06
2.81768e-08
1.47652e-06
2.63197e-08
1.45201e-06
2.45096e-08
1.42926e-06
2.27502e-08
1.40821e-06
2.10514e-08
1.38879e-06
1.94167e-08
1.37094e-06
1.78506e-08
1.35459e-06
1.63497e-08
1.33968e-06
1.49156e-08
1.32614e-06
1.35388e-08
1.31391e-06
1.22268e-08
1.30295e-06
1.09643e-08
1.2932e-06
9.74836e-09
1.28464e-06
8.56133e-09
1.27723e-06
7.4028e-09
1.27098e-06
6.2503e-09
1.26588e-06
5.10203e-09
1.26195e-06
3.92884e-09
1.25922e-06
2.73553e-09
1.25777e-06
1.44246e-09
1.25775e-06
2.78285e-11
1.25919e-06
-1.44733e-09
1.26234e-06
-3.14563e-09
1.26732e-06
-4.97639e-09
1.27423e-06
-6.91223e-09
1.28333e-06
-9.10511e-09
1.29477e-06
-1.14382e-08
1.30894e-06
-1.4168e-08
1.32609e-06
-1.71477e-08
1.34659e-06
-2.05066e-08
1.37089e-06
-2.42997e-08
1.3995e-06
-2.86083e-08
1.43303e-06
-3.35243e-08
1.47214e-06
-3.91113e-08
1.5176e-06
-4.5466e-08
1.57029e-06
-5.26916e-08
1.63119e-06
-6.08978e-08
1.70138e-06
-7.01908e-08
1.78207e-06
-8.06832e-08
1.8746e-06
-9.25389e-08
1.98058e-06
-1.05974e-07
2.10178e-06
-1.21197e-07
2.24007e-06
-1.38292e-07
2.39727e-06
-1.57206e-07
2.57556e-06
-1.78291e-07
2.77726e-06
-2.01693e-07
3.00454e-06
-2.27284e-07
3.25727e-06
-2.52729e-07
3.5331e-06
-2.75826e-07
3.83014e-06
-2.97045e-07
4.14564e-06
-3.15499e-07
4.47444e-06
-3.28798e-07
4.80905e-06
-3.34617e-07
-3.31084e-07
5.14014e-06
4.45657e-06
1.94197e-08
4.47444e-06
4.31269e-08
4.48639e-06
5.34713e-08
4.49368e-06
6.06916e-08
4.49803e-06
6.58913e-08
4.50003e-06
7.01253e-08
4.49995e-06
7.30997e-08
4.49803e-06
7.56018e-08
4.49449e-06
7.75473e-08
4.48946e-06
7.91906e-08
4.48297e-06
8.06698e-08
4.47516e-06
8.19018e-08
4.46625e-06
8.27791e-08
4.45623e-06
8.35558e-08
4.44512e-06
8.4279e-08
4.43296e-06
8.49242e-08
4.41978e-06
8.54905e-08
4.40561e-06
8.59632e-08
4.39051e-06
8.63424e-08
4.37452e-06
8.66306e-08
4.35766e-06
8.68409e-08
4.33995e-06
8.69849e-08
4.32146e-06
8.70353e-08
4.30216e-06
8.70555e-08
4.28213e-06
8.69608e-08
4.26141e-06
8.68007e-08
4.24004e-06
8.65928e-08
4.21814e-06
8.63193e-08
4.19574e-06
8.58918e-08
4.17279e-06
8.52955e-08
4.14934e-06
8.44972e-08
4.12546e-06
8.35525e-08
4.1012e-06
8.24734e-08
4.0766e-06
8.12597e-08
4.05172e-06
7.9916e-08
4.02662e-06
7.8448e-08
4.00135e-06
7.68628e-08
3.97596e-06
7.51589e-08
3.95051e-06
7.33449e-08
3.92506e-06
7.14319e-08
3.89965e-06
6.94339e-08
3.87432e-06
6.73668e-08
3.84912e-06
6.5246e-08
3.82404e-06
6.3086e-08
3.79912e-06
6.08756e-08
3.77447e-06
5.86167e-08
3.75013e-06
5.63401e-08
3.72614e-06
5.40583e-08
3.70253e-06
5.17839e-08
3.67934e-06
4.95105e-08
3.6566e-06
4.7251e-08
3.63434e-06
4.50101e-08
3.61258e-06
4.28055e-08
3.59136e-06
4.06425e-08
3.57068e-06
3.85303e-08
3.55056e-06
3.64636e-08
3.53103e-06
3.44471e-08
3.5121e-06
3.2471e-08
3.49379e-06
3.05375e-08
3.47612e-06
2.86316e-08
3.45912e-06
2.67475e-08
3.44282e-06
2.48638e-08
3.42725e-06
2.29753e-08
3.41245e-06
2.10527e-08
3.39846e-06
1.90873e-08
3.38535e-06
1.70382e-08
3.37319e-06
1.48992e-08
3.36201e-06
1.26158e-08
3.35188e-06
1.0161e-08
3.34293e-06
7.50483e-09
3.33522e-06
4.56513e-09
3.3289e-06
1.34078e-09
3.32426e-06
-2.27574e-09
3.32159e-06
-6.42883e-09
3.32104e-06
-1.08922e-08
3.32282e-06
-1.59502e-08
3.32732e-06
-2.16432e-08
3.33489e-06
-2.80737e-08
3.34594e-06
-3.53519e-08
3.36093e-06
-4.36037e-08
3.38038e-06
-5.29704e-08
3.40487e-06
-6.36032e-08
3.43508e-06
-7.56738e-08
3.47176e-06
-8.93688e-08
3.51575e-06
-1.04894e-07
3.56804e-06
-1.2248e-07
3.62975e-06
-1.42389e-07
3.70216e-06
-1.64949e-07
3.7868e-06
-1.90616e-07
3.88535e-06
-2.19747e-07
3.99923e-06
-2.52169e-07
4.12957e-06
-2.87549e-07
4.27729e-06
-3.2601e-07
4.44353e-06
-3.67933e-07
4.62972e-06
-4.13469e-07
4.83597e-06
-4.58987e-07
5.06309e-06
-5.02938e-07
5.31218e-06
-5.46141e-07
5.58197e-06
-5.85287e-07
5.86934e-06
-6.16168e-07
6.16901e-06
-6.34286e-07
-6.35672e-07
6.4736e-06
4.4409e-06
1.13198e-08
4.45342e-06
3.06053e-08
4.46495e-06
4.19449e-08
4.47611e-06
4.9529e-08
4.48659e-06
5.54117e-08
4.49642e-06
6.02907e-08
4.50541e-06
6.41135e-08
4.51374e-06
6.72709e-08
4.52145e-06
6.9838e-08
4.52865e-06
7.19867e-08
4.53568e-06
7.36408e-08
4.5425e-06
7.50835e-08
4.54872e-06
7.6566e-08
4.55437e-06
7.7901e-08
4.55959e-06
7.90598e-08
4.56443e-06
8.00802e-08
4.56893e-06
8.0997e-08
4.57307e-06
8.18198e-08
4.57685e-06
8.256e-08
4.58026e-06
8.32273e-08
4.58329e-06
8.38037e-08
4.58599e-06
8.42885e-08
4.58834e-06
8.46811e-08
4.59035e-06
8.50484e-08
4.59201e-06
8.53065e-08
4.59332e-06
8.54881e-08
4.59426e-06
8.56504e-08
4.59483e-06
8.57482e-08
4.59509e-06
8.56356e-08
4.59501e-06
8.53743e-08
4.59456e-06
8.49501e-08
4.59372e-06
8.4391e-08
4.59249e-06
8.36999e-08
4.59087e-06
8.28762e-08
4.58887e-06
8.19217e-08
4.58648e-06
8.08399e-08
4.58371e-06
7.96343e-08
4.58057e-06
7.82987e-08
4.57707e-06
7.68423e-08
4.57321e-06
7.5285e-08
4.56902e-06
7.36272e-08
4.5645e-06
7.1884e-08
4.55967e-06
7.00838e-08
4.55453e-06
6.82242e-08
4.54912e-06
6.62854e-08
4.54344e-06
6.42977e-08
4.53751e-06
6.22676e-08
4.53135e-06
6.02153e-08
4.52499e-06
5.81485e-08
4.51843e-06
5.60639e-08
4.51173e-06
5.39598e-08
4.50489e-06
5.18499e-08
4.49794e-06
4.97525e-08
4.49091e-06
4.76756e-08
4.48381e-06
4.56227e-08
4.47668e-06
4.35937e-08
4.46954e-06
4.15879e-08
4.46241e-06
3.96002e-08
4.45533e-06
3.7625e-08
4.4483e-06
3.56529e-08
4.44138e-06
3.36711e-08
4.43458e-06
3.16625e-08
4.42795e-06
2.9612e-08
4.4215e-06
2.74958e-08
4.4153e-06
2.52907e-08
4.40937e-06
2.2967e-08
4.40377e-06
2.04977e-08
4.39852e-06
1.7863e-08
4.39372e-06
1.49618e-08
4.38946e-06
1.1772e-08
4.3858e-06
8.22563e-09
4.38282e-06
4.31409e-09
4.38048e-06
6.54055e-11
4.37906e-06
-5.00201e-09
4.37869e-06
-1.05282e-08
4.37954e-06
-1.67973e-08
4.3818e-06
-2.39052e-08
4.3857e-06
-3.19747e-08
4.3915e-06
-4.11544e-08
4.39951e-06
-5.16101e-08
4.41007e-06
-6.3532e-08
4.4236e-06
-7.71353e-08
4.44059e-06
-9.26609e-08
4.46159e-06
-1.10363e-07
4.48723e-06
-1.30543e-07
4.51826e-06
-1.53501e-07
4.55541e-06
-1.79542e-07
4.59957e-06
-2.09108e-07
4.65179e-06
-2.42834e-07
4.71308e-06
-2.81046e-07
4.7844e-06
-3.23486e-07
4.8672e-06
-3.70347e-07
4.96365e-06
-4.22459e-07
5.07582e-06
-4.801e-07
5.20379e-06
-5.4144e-07
5.35294e-06
-6.08137e-07
5.52953e-06
-6.79535e-07
5.73338e-06
-7.49986e-07
5.96354e-06
-8.15449e-07
6.21871e-06
-8.71336e-07
6.49483e-06
-9.10405e-07
-9.25682e-07
6.78484e-06
4.43657e-06
7.55328e-09
4.44509e-06
2.20855e-08
4.45425e-06
3.27805e-08
4.46325e-06
4.05323e-08
4.47206e-06
4.66025e-08
4.48072e-06
5.16267e-08
4.48913e-06
5.57077e-08
4.49735e-06
5.90509e-08
4.50537e-06
6.18097e-08
4.51324e-06
6.41194e-08
4.52086e-06
6.60195e-08
4.52829e-06
6.76526e-08
4.53572e-06
6.91389e-08
4.54311e-06
7.05088e-08
4.55044e-06
7.17324e-08
4.55769e-06
7.28271e-08
4.56488e-06
7.38099e-08
4.572e-06
7.46967e-08
4.57908e-06
7.54885e-08
4.58611e-06
7.61979e-08
4.59309e-06
7.68231e-08
4.60001e-06
7.73693e-08
4.60686e-06
7.78274e-08
4.61369e-06
7.82147e-08
4.62049e-06
7.85108e-08
4.62725e-06
7.87304e-08
4.63407e-06
7.88243e-08
4.64101e-06
7.88101e-08
4.64786e-06
7.87822e-08
4.65454e-06
7.86998e-08
4.66101e-06
7.84825e-08
4.66727e-06
7.81291e-08
4.67332e-06
7.76431e-08
4.67916e-06
7.70375e-08
4.68478e-06
7.63067e-08
4.69016e-06
7.54613e-08
4.6953e-06
7.44955e-08
4.70016e-06
7.34316e-08
4.70474e-06
7.22612e-08
4.70904e-06
7.09851e-08
4.7131e-06
6.95752e-08
4.71689e-06
6.80889e-08
4.72044e-06
6.65371e-08
4.72372e-06
6.49425e-08
4.72675e-06
6.32507e-08
4.72952e-06
6.15288e-08
4.73205e-06
5.97443e-08
4.7343e-06
5.79638e-08
4.73627e-06
5.618e-08
4.73799e-06
5.43355e-08
4.73952e-06
5.2438e-08
4.74083e-06
5.05337e-08
4.74195e-06
4.86392e-08
4.74287e-06
4.67556e-08
4.74361e-06
4.48827e-08
4.74418e-06
4.302e-08
4.7446e-06
4.1165e-08
4.74489e-06
3.93116e-08
4.74506e-06
3.7453e-08
4.74514e-06
3.55793e-08
4.74513e-06
3.36772e-08
4.74506e-06
3.17307e-08
4.74495e-06
2.97211e-08
4.74482e-06
2.76258e-08
4.7447e-06
2.54167e-08
4.7446e-06
2.30664e-08
4.74455e-06
2.05446e-08
4.7446e-06
1.78096e-08
4.74476e-06
1.48015e-08
4.74506e-06
1.14729e-08
4.74552e-06
7.77071e-09
4.74619e-06
3.6432e-09
4.74723e-06
-9.80507e-10
4.74849e-06
-6.25684e-09
4.75015e-06
-1.21925e-08
4.75228e-06
-1.89226e-08
4.75497e-06
-2.65912e-08
4.75834e-06
-3.53473e-08
4.76254e-06
-4.53522e-08
4.76772e-06
-5.67929e-08
4.77409e-06
-6.98995e-08
4.78188e-06
-8.49321e-08
4.79141e-06
-1.02187e-07
4.80302e-06
-1.21978e-07
4.81723e-06
-1.44754e-07
4.8345e-06
-1.70766e-07
4.85543e-06
-2.0047e-07
4.88095e-06
-2.34631e-07
4.91159e-06
-2.73478e-07
4.94816e-06
-3.1761e-07
4.99308e-06
-3.68405e-07
5.04969e-06
-4.26956e-07
5.12054e-06
-4.93312e-07
5.20789e-06
-5.67447e-07
5.31595e-06
-6.49502e-07
5.44727e-06
-7.39453e-07
5.60417e-06
-8.36442e-07
5.79159e-06
-9.37402e-07
6.01203e-06
-1.03589e-06
6.26669e-06
-1.12599e-06
6.55055e-06
-1.19427e-06
-1.23252e-06
6.85739e-06
4.43481e-06
5.53978e-09
4.44013e-06
1.67656e-08
4.44679e-06
2.61273e-08
4.45385e-06
3.34698e-08
4.46113e-06
3.93178e-08
4.46859e-06
4.41704e-08
4.47608e-06
4.82198e-08
4.48354e-06
5.15845e-08
4.49097e-06
5.43837e-08
4.49836e-06
5.67283e-08
4.50568e-06
5.87051e-08
4.51292e-06
6.04034e-08
4.52016e-06
6.19011e-08
4.52742e-06
6.32485e-08
4.53471e-06
6.44498e-08
4.54202e-06
6.55147e-08
4.54937e-06
6.64621e-08
4.55675e-06
6.73085e-08
4.56418e-06
6.8062e-08
4.57165e-06
6.87305e-08
4.57915e-06
6.93183e-08
4.58669e-06
6.98283e-08
4.59426e-06
7.02595e-08
4.60185e-06
7.06288e-08
4.60944e-06
7.09228e-08
4.61703e-06
7.1137e-08
4.62459e-06
7.12671e-08
4.63209e-06
7.13083e-08
4.63959e-06
7.12763e-08
4.64712e-06
7.11759e-08
4.65461e-06
7.09867e-08
4.66205e-06
7.06894e-08
4.66941e-06
7.02824e-08
4.67668e-06
6.97697e-08
4.68384e-06
6.91464e-08
4.69088e-06
6.84229e-08
4.69778e-06
6.75928e-08
4.70454e-06
6.66713e-08
4.71116e-06
6.56477e-08
4.7176e-06
6.45393e-08
4.72385e-06
6.3326e-08
4.7299e-06
6.20447e-08
4.73575e-06
6.06811e-08
4.74142e-06
5.92697e-08
4.7469e-06
5.77785e-08
4.75217e-06
5.62575e-08
4.75725e-06
5.46676e-08
4.76216e-06
5.30458e-08
4.76698e-06
5.13591e-08
4.77163e-06
4.96911e-08
4.77601e-06
4.80517e-08
4.78014e-06
4.64071e-08
4.78403e-06
4.47486e-08
4.78771e-06
4.30809e-08
4.79118e-06
4.14082e-08
4.79447e-06
3.97298e-08
4.79759e-06
3.80459e-08
4.80055e-06
3.63472e-08
4.80338e-06
3.46316e-08
4.80607e-06
3.28881e-08
4.80864e-06
3.11036e-08
4.81111e-06
2.92632e-08
4.81348e-06
2.73475e-08
4.81577e-06
2.53369e-08
4.81798e-06
2.32064e-08
4.82013e-06
2.09224e-08
4.82222e-06
1.84459e-08
4.82429e-06
1.5739e-08
4.82634e-06
1.27552e-08
4.82837e-06
9.44097e-09
4.8304e-06
5.73976e-09
4.83246e-06
1.5898e-09
4.83455e-06
-3.0761e-09
4.83665e-06
-8.35473e-09
4.83882e-06
-1.43632e-08
4.84111e-06
-2.12136e-08
4.84356e-06
-2.90409e-08
4.84621e-06
-3.79977e-08
4.84914e-06
-4.82758e-08
4.85244e-06
-6.00972e-08
4.85627e-06
-7.37285e-08
4.86078e-06
-8.94451e-08
4.86613e-06
-1.07533e-07
4.87254e-06
-1.28394e-07
4.88022e-06
-1.52433e-07
4.88988e-06
-1.8042e-07
4.90243e-06
-2.13027e-07
4.91849e-06
-2.50686e-07
4.93926e-06
-2.94248e-07
4.96628e-06
-3.44629e-07
5.00094e-06
-4.03067e-07
5.04488e-06
-4.70897e-07
5.10082e-06
-5.49256e-07
5.17244e-06
-6.39062e-07
5.26404e-06
-7.41105e-07
5.38051e-06
-8.55921e-07
5.52716e-06
-9.83094e-07
5.71039e-06
-1.12063e-06
5.93531e-06
-1.26082e-06
6.20888e-06
-1.39956e-06
6.52111e-06
-1.50649e-06
-1.58457e-06
6.87316e-06
4.43399e-06
4.3509e-09
4.43757e-06
1.31877e-08
4.44263e-06
2.10603e-08
4.44847e-06
2.7634e-08
4.45474e-06
3.30454e-08
4.46132e-06
3.75957e-08
4.46808e-06
4.14596e-08
4.47494e-06
4.47226e-08
4.48186e-06
4.74664e-08
4.4888e-06
4.97868e-08
4.49574e-06
5.17622e-08
4.50268e-06
5.34618e-08
4.50964e-06
5.4943e-08
4.51664e-06
5.62505e-08
4.52368e-06
5.74075e-08
4.53077e-06
5.84296e-08
4.53789e-06
5.93339e-08
4.54507e-06
6.01359e-08
4.55228e-06
6.0846e-08
4.55954e-06
6.14715e-08
4.56684e-06
6.2018e-08
4.57418e-06
6.24893e-08
4.58155e-06
6.28882e-08
4.58896e-06
6.32204e-08
4.5964e-06
6.34828e-08
4.60387e-06
6.36717e-08
4.61135e-06
6.37856e-08
4.61883e-06
6.38216e-08
4.62633e-06
6.37838e-08
4.63382e-06
6.36776e-08
4.64132e-06
6.34954e-08
4.64878e-06
6.32222e-08
4.65621e-06
6.28538e-08
4.66359e-06
6.23929e-08
4.6709e-06
6.18374e-08
4.67813e-06
6.11923e-08
4.68526e-06
6.0456e-08
4.6923e-06
5.96362e-08
4.69922e-06
5.8731e-08
4.70601e-06
5.77492e-08
4.71265e-06
5.66854e-08
4.71914e-06
5.55536e-08
4.72546e-06
5.43578e-08
4.73162e-06
5.31142e-08
4.73758e-06
5.18122e-08
4.74337e-06
5.04673e-08
4.74897e-06
4.9074e-08
4.75436e-06
4.76485e-08
4.75954e-06
4.6187e-08
4.76452e-06
4.471e-08
4.76933e-06
4.32354e-08
4.77398e-06
4.1759e-08
4.77846e-06
4.02739e-08
4.78276e-06
3.87798e-08
4.78689e-06
3.72769e-08
4.79086e-06
3.57629e-08
4.79466e-06
3.42373e-08
4.79832e-06
3.26902e-08
4.80184e-06
3.11181e-08
4.80521e-06
2.95101e-08
4.80846e-06
2.78543e-08
4.81159e-06
2.61357e-08
4.8146e-06
2.43362e-08
4.8175e-06
2.24351e-08
4.8203e-06
2.04071e-08
4.823e-06
1.82229e-08
4.8256e-06
1.58465e-08
4.8281e-06
1.3238e-08
4.83051e-06
1.03524e-08
4.83281e-06
7.13742e-09
4.83501e-06
3.53459e-09
4.83713e-06
-5.21545e-10
4.83916e-06
-5.11433e-09
4.84114e-06
-1.0331e-08
4.84304e-06
-1.62664e-08
4.84487e-06
-2.30388e-08
4.84662e-06
-3.07976e-08
4.84834e-06
-3.97155e-08
4.85005e-06
-4.99877e-08
4.8518e-06
-6.18465e-08
4.85362e-06
-7.55411e-08
4.85557e-06
-9.13982e-08
4.85786e-06
-1.09827e-07
4.86076e-06
-1.31288e-07
4.86463e-06
-1.56303e-07
4.8697e-06
-1.85496e-07
4.87633e-06
-2.19654e-07
4.88528e-06
-2.59634e-07
4.89747e-06
-3.06439e-07
4.91415e-06
-3.61306e-07
4.93687e-06
-4.25788e-07
4.96767e-06
-5.01693e-07
5.00935e-06
-5.90939e-07
5.06575e-06
-6.95459e-07
5.14191e-06
-8.17265e-07
5.24408e-06
-9.58097e-07
5.37996e-06
-1.11897e-06
5.55853e-06
-1.2992e-06
5.78986e-06
-1.49215e-06
6.0906e-06
-1.7003e-06
6.44548e-06
-1.86138e-06
-2.03883e-06
6.89974e-06
4.43364e-06
3.50601e-09
4.43626e-06
1.05714e-08
4.44021e-06
1.71072e-08
4.44503e-06
2.28207e-08
4.45039e-06
2.76859e-08
4.45614e-06
3.18381e-08
4.4622e-06
3.54079e-08
4.46846e-06
3.8459e-08
4.47487e-06
4.10545e-08
4.48139e-06
4.32677e-08
4.48799e-06
4.51621e-08
4.49466e-06
4.67939e-08
4.50139e-06
4.82115e-08
4.50819e-06
4.94536e-08
4.51505e-06
5.05465e-08
4.52197e-06
5.15091e-08
4.52895e-06
5.23575e-08
4.53598e-06
5.31057e-08
4.54306e-06
5.37645e-08
4.55019e-06
5.43418e-08
4.55736e-06
5.48435e-08
4.56458e-06
5.52742e-08
4.57183e-06
5.56373e-08
4.57911e-06
5.59352e-08
4.58643e-06
5.61684e-08
4.59376e-06
5.63356e-08
4.60111e-06
5.64356e-08
4.60847e-06
5.64674e-08
4.61582e-06
5.64328e-08
4.62316e-06
5.6332e-08
4.6305e-06
5.61605e-08
4.63781e-06
5.59119e-08
4.64508e-06
5.55821e-08
4.6523e-06
5.51718e-08
4.65946e-06
5.46811e-08
4.66654e-06
5.41118e-08
4.67353e-06
5.34646e-08
4.68042e-06
5.27429e-08
4.68721e-06
5.19482e-08
4.69387e-06
5.10843e-08
4.7004e-06
5.01531e-08
4.7068e-06
4.91611e-08
4.71304e-06
4.81144e-08
4.71913e-06
4.70199e-08
4.72507e-06
4.58786e-08
4.73084e-06
4.46958e-08
4.73644e-06
4.34752e-08
4.74186e-06
4.22236e-08
4.74711e-06
4.09444e-08
4.75217e-06
3.96468e-08
4.75706e-06
3.83424e-08
4.76179e-06
3.70327e-08
4.76635e-06
3.57134e-08
4.77075e-06
3.43829e-08
4.77498e-06
3.30403e-08
4.77906e-06
3.16838e-08
4.78299e-06
3.03101e-08
4.78676e-06
2.89133e-08
4.7904e-06
2.74866e-08
4.79389e-06
2.60209e-08
4.79724e-06
2.45039e-08
4.80045e-06
2.29219e-08
4.80353e-06
2.1257e-08
4.80647e-06
1.94899e-08
4.80929e-06
1.75957e-08
4.81196e-06
1.55483e-08
4.81449e-06
1.33133e-08
4.81688e-06
1.08525e-08
4.81911e-06
8.12265e-09
4.82117e-06
5.07367e-09
4.82306e-06
1.64846e-09
4.82476e-06
-2.22072e-09
4.82625e-06
-6.60895e-09
4.82753e-06
-1.16054e-08
4.82857e-06
-1.73126e-08
4.82938e-06
-2.38497e-08
4.82995e-06
-3.13617e-08
4.83025e-06
-4.00214e-08
4.8303e-06
-5.00299e-08
4.83008e-06
-6.16262e-08
4.82963e-06
-7.50919e-08
4.82899e-06
-9.07643e-08
4.82822e-06
-1.09057e-07
4.8274e-06
-1.30467e-07
4.82668e-06
-1.5558e-07
4.82628e-06
-1.85102e-07
4.82654e-06
-2.19905e-07
4.82792e-06
-2.61019e-07
4.83116e-06
-3.09678e-07
4.83728e-06
-3.67424e-07
4.84766e-06
-4.36171e-07
4.8642e-06
-5.18234e-07
4.88961e-06
-6.16345e-07
4.9278e-06
-7.33654e-07
4.98438e-06
-8.73846e-07
5.06695e-06
-1.04066e-06
5.18602e-06
-1.23804e-06
5.35398e-06
-1.46716e-06
5.58771e-06
-1.72588e-06
5.90826e-06
-2.02085e-06
6.30868e-06
-2.2618e-06
-2.70113e-06
6.97098e-06
4.43346e-06
2.84215e-09
4.43549e-06
8.54894e-09
4.43866e-06
1.39369e-08
4.44269e-06
1.87861e-08
4.44735e-06
2.30295e-08
4.45248e-06
2.6709e-08
4.45798e-06
2.99051e-08
4.46377e-06
3.26687e-08
4.46978e-06
3.50454e-08
4.47596e-06
3.70868e-08
4.48228e-06
3.88441e-08
4.48871e-06
4.03628e-08
4.49524e-06
4.16819e-08
4.50186e-06
4.28339e-08
4.50856e-06
4.3844e-08
4.51534e-06
4.4731e-08
4.52219e-06
4.55102e-08
4.5291e-06
4.61945e-08
4.53607e-06
4.67945e-08
4.54309e-06
4.7318e-08
4.55016e-06
4.77713e-08
4.55728e-06
4.81589e-08
4.56443e-06
4.84841e-08
4.57162e-06
4.87492e-08
4.57883e-06
4.89555e-08
4.58606e-06
4.91028e-08
4.59331e-06
4.91906e-08
4.60056e-06
4.92186e-08
4.6078e-06
4.91866e-08
4.61504e-06
4.90941e-08
4.62226e-06
4.89387e-08
4.62946e-06
4.87175e-08
4.63661e-06
4.84279e-08
4.64371e-06
4.80696e-08
4.65075e-06
4.76427e-08
4.65772e-06
4.71481e-08
4.66459e-06
4.6587e-08
4.67138e-06
4.59614e-08
4.67805e-06
4.52735e-08
4.68461e-06
4.45259e-08
4.69104e-06
4.37216e-08
4.69734e-06
4.28648e-08
4.70349e-06
4.19601e-08
4.7095e-06
4.10122e-08
4.71535e-06
4.00243e-08
4.72105e-06
3.90001e-08
4.72658e-06
3.79439e-08
4.73194e-06
3.68599e-08
4.73713e-06
3.57529e-08
4.74215e-06
3.46285e-08
4.747e-06
3.34929e-08
4.75169e-06
3.23478e-08
4.75621e-06
3.11916e-08
4.76057e-06
3.0023e-08
4.76477e-06
2.8841e-08
4.76881e-06
2.76433e-08
4.77269e-06
2.64263e-08
4.77642e-06
2.51846e-08
4.78e-06
2.39115e-08
4.78342e-06
2.25978e-08
4.78669e-06
2.12328e-08
4.78981e-06
1.98026e-08
4.79278e-06
1.82919e-08
4.79558e-06
1.66808e-08
4.79823e-06
1.49481e-08
4.80071e-06
1.30677e-08
4.80302e-06
1.101e-08
4.80513e-06
8.73887e-09
4.80704e-06
6.21345e-09
4.80873e-06
3.38659e-09
4.81017e-06
2.06786e-10
4.81134e-06
-3.39776e-09
4.81223e-06
-7.49194e-09
4.81279e-06
-1.21651e-08
4.81299e-06
-1.7517e-08
4.81281e-06
-2.36648e-08
4.81219e-06
-3.07494e-08
4.81111e-06
-3.89394e-08
4.80952e-06
-4.84352e-08
4.80737e-06
-5.94757e-08
4.80462e-06
-7.23466e-08
4.80125e-06
-8.73915e-08
4.79722e-06
-1.05031e-07
4.79253e-06
-1.25778e-07
4.7872e-06
-1.5025e-07
4.78131e-06
-1.79204e-07
4.77497e-06
-2.13568e-07
4.76843e-06
-2.54485e-07
4.76212e-06
-3.03368e-07
4.75669e-06
-3.61989e-07
4.7531e-06
-4.32581e-07
4.75281e-06
-5.17945e-07
4.75807e-06
-6.216e-07
4.77236e-06
-7.4795e-07
4.80113e-06
-9.02609e-07
4.85291e-06
-1.09244e-06
4.94106e-06
-1.32619e-06
5.086e-06
-1.6121e-06
5.31653e-06
-1.95641e-06
5.6649e-06
-2.36922e-06
6.13272e-06
-2.72962e-06
-3.5863e-06
7.01789e-06
4.43335e-06
2.2932e-09
4.435e-06
6.89563e-09
4.43765e-06
1.12893e-08
4.44112e-06
1.53197e-08
4.44523e-06
1.89161e-08
4.44985e-06
2.20854e-08
4.45489e-06
2.48661e-08
4.46027e-06
2.72931e-08
4.46591e-06
2.93992e-08
4.47178e-06
3.12211e-08
4.47783e-06
3.27972e-08
4.48403e-06
3.41633e-08
4.49036e-06
3.53509e-08
4.4968e-06
3.63868e-08
4.50336e-06
3.7293e-08
4.51e-06
3.80868e-08
4.51673e-06
3.87824e-08
4.52353e-06
3.93916e-08
4.5304e-06
3.9924e-08
4.53733e-06
4.03871e-08
4.54432e-06
4.07867e-08
4.55135e-06
4.11273e-08
4.55842e-06
4.1412e-08
4.56553e-06
4.16431e-08
4.57266e-06
4.18221e-08
4.57981e-06
4.19494e-08
4.58698e-06
4.20249e-08
4.59415e-06
4.20486e-08
4.60131e-06
4.202e-08
4.60847e-06
4.19385e-08
4.61561e-06
4.1803e-08
4.62271e-06
4.16117e-08
4.62978e-06
4.13632e-08
4.63679e-06
4.10568e-08
4.64374e-06
4.06927e-08
4.65062e-06
4.02716e-08
4.65741e-06
3.97945e-08
4.66411e-06
3.92629e-08
4.6707e-06
3.86789e-08
4.67718e-06
3.80446e-08
4.68354e-06
3.73627e-08
4.68977e-06
3.66363e-08
4.69586e-06
3.58691e-08
4.70181e-06
3.50646e-08
4.70761e-06
3.42259e-08
4.71325e-06
3.33565e-08
4.71873e-06
3.24596e-08
4.72406e-06
3.1539e-08
4.72921e-06
3.05982e-08
4.7342e-06
2.96411e-08
4.73902e-06
2.86712e-08
4.74368e-06
2.769e-08
4.74817e-06
2.66974e-08
4.7525e-06
2.56923e-08
4.75667e-06
2.46733e-08
4.76068e-06
2.36382e-08
4.76452e-06
2.25832e-08
4.7682e-06
2.15035e-08
4.77172e-06
2.03923e-08
4.77507e-06
1.92422e-08
4.77827e-06
1.8042e-08
4.78129e-06
1.67807e-08
4.78414e-06
1.54425e-08
4.78681e-06
1.40112e-08
4.78929e-06
1.24663e-08
4.79157e-06
1.0784e-08
4.79364e-06
8.93927e-09
4.79548e-06
6.89986e-09
4.79707e-06
4.6275e-09
4.79837e-06
2.07955e-09
4.79938e-06
-7.94426e-10
4.80003e-06
-4.05507e-09
4.80031e-06
-7.76813e-09
4.80016e-06
-1.20141e-08
4.79953e-06
-1.68871e-08
4.79836e-06
-2.24983e-08
4.79659e-06
-2.89805e-08
4.79415e-06
-3.64934e-08
4.79094e-06
-4.52281e-08
4.78688e-06
-5.54139e-08
4.78186e-06
-6.73279e-08
4.77577e-06
-8.13065e-08
4.7685e-06
-9.77613e-08
4.75992e-06
-1.17197e-07
4.74991e-06
-1.40234e-07
4.73834e-06
-1.67636e-07
4.72513e-06
-2.00354e-07
4.71022e-06
-2.39579e-07
4.69366e-06
-2.86807e-07
4.67561e-06
-3.43939e-07
4.65644e-06
-4.13406e-07
4.63683e-06
-4.98341e-07
4.61804e-06
-6.02806e-07
4.60225e-06
-7.32168e-07
4.59321e-06
-8.93562e-07
4.59787e-06
-1.09711e-06
4.62806e-06
-1.35638e-06
4.71027e-06
-1.69432e-06
4.8865e-06
-2.13264e-06
5.24907e-06
-2.73179e-06
5.87792e-06
-3.35847e-06
-4.56993e-06
6.86155e-06
4.43327e-06
4.43468e-06
4.43697e-06
4.44003e-06
4.44372e-06
4.44794e-06
4.4526e-06
4.45764e-06
4.46298e-06
4.46858e-06
4.4744e-06
4.48041e-06
4.48657e-06
4.49287e-06
4.49929e-06
4.50583e-06
4.51245e-06
4.51917e-06
4.52595e-06
4.53281e-06
4.53972e-06
4.54668e-06
4.55368e-06
4.56072e-06
4.56779e-06
4.57488e-06
4.58198e-06
4.58908e-06
4.59618e-06
4.60326e-06
4.61033e-06
4.61736e-06
4.62435e-06
4.63129e-06
4.63817e-06
4.64497e-06
4.6517e-06
4.65833e-06
4.66486e-06
4.67128e-06
4.67758e-06
4.68375e-06
4.68979e-06
4.69569e-06
4.70144e-06
4.70705e-06
4.7125e-06
4.71778e-06
4.72291e-06
4.72787e-06
4.73267e-06
4.73731e-06
4.74178e-06
4.74609e-06
4.75023e-06
4.7542e-06
4.75801e-06
4.76165e-06
4.76512e-06
4.76841e-06
4.77153e-06
4.77446e-06
4.77721e-06
4.77975e-06
4.78208e-06
4.78418e-06
4.78604e-06
4.78763e-06
4.78892e-06
4.78988e-06
4.79047e-06
4.79065e-06
4.79036e-06
4.78955e-06
4.78815e-06
4.78606e-06
4.78321e-06
4.77949e-06
4.77476e-06
4.76889e-06
4.7617e-06
4.75302e-06
4.74262e-06
4.73026e-06
4.71566e-06
4.6985e-06
4.67844e-06
4.6551e-06
4.62809e-06
4.59699e-06
4.56143e-06
4.52107e-06
4.47574e-06
4.42556e-06
4.37111e-06
4.31405e-06
4.25692e-06
4.20852e-06
4.18257e-06
4.2844e-06
4.74005e-06
6.73193e-06
5.45582e-06
-3.15681e-07
5.74727e-06
-2.91456e-07
6.00619e-06
-2.58914e-07
6.22863e-06
-2.22438e-07
6.41366e-06
-1.85033e-07
6.56173e-06
-1.48067e-07
6.67457e-06
-1.12845e-07
6.75477e-06
-8.01938e-08
6.80567e-06
-5.09055e-08
6.83235e-06
-2.66813e-08
6.83661e-06
-4.2575e-09
6.82309e-06
1.35223e-08
6.79355e-06
2.95363e-08
6.75041e-06
4.31457e-08
6.69483e-06
5.55756e-08
6.62915e-06
6.56772e-08
6.55398e-06
7.51709e-08
6.47018e-06
8.38067e-08
6.37849e-06
9.16842e-08
6.2798e-06
9.86953e-08
6.17505e-06
1.04744e-07
6.06526e-06
1.09798e-07
5.95147e-06
1.13786e-07
5.83481e-06
1.16657e-07
5.71632e-06
1.1849e-07
5.59691e-06
1.19412e-07
5.47738e-06
1.19531e-07
5.35841e-06
1.18971e-07
1.17887e-07
6.77237e-06
-6.14451e-07
7.0566e-06
-5.75686e-07
7.31853e-06
-5.20847e-07
7.55401e-06
-4.5792e-07
7.76006e-06
-3.91076e-07
7.93577e-06
-3.23778e-07
8.08237e-06
-2.59454e-07
8.2026e-06
-2.00415e-07
8.2993e-06
-1.47611e-07
8.37416e-06
-1.01537e-07
8.43129e-06
-6.1391e-08
8.47195e-06
-2.71381e-08
8.49928e-06
2.21192e-09
8.51466e-06
2.77593e-08
8.51962e-06
5.06219e-08
8.51529e-06
7.00036e-08
8.50245e-06
8.80061e-08
8.48207e-06
1.04195e-07
8.45466e-06
1.19087e-07
8.42105e-06
1.32313e-07
8.38203e-06
1.4376e-07
8.33847e-06
1.53359e-07
8.29129e-06
1.60962e-07
8.2414e-06
1.66547e-07
8.18958e-06
1.70315e-07
8.1365e-06
1.72492e-07
8.08274e-06
1.73292e-07
8.02874e-06
1.7297e-07
1.7181e-07
7.07629e-06
-9.05906e-07
7.35491e-06
-8.54304e-07
7.60889e-06
-7.74831e-07
7.83565e-06
-6.84672e-07
8.0332e-06
-5.88636e-07
8.20122e-06
-4.91792e-07
8.34163e-06
-3.99862e-07
8.45692e-06
-3.15708e-07
8.54999e-06
-2.40681e-07
8.62383e-06
-1.75378e-07
8.68207e-06
-1.19629e-07
8.72708e-06
-7.2144e-08
8.76066e-06
-3.13727e-08
8.78466e-06
3.76314e-09
8.80041e-06
3.4873e-08
8.80831e-06
6.20963e-08
8.80955e-06
8.67669e-08
8.80461e-06
1.09139e-07
8.79424e-06
1.29449e-07
8.77918e-06
1.47378e-07
8.76007e-06
1.62873e-07
8.73771e-06
1.75717e-07
8.71315e-06
1.85525e-07
8.68723e-06
1.92463e-07
8.66056e-06
1.96985e-07
8.63375e-06
1.993e-07
8.60731e-06
1.99737e-07
8.58151e-06
1.9877e-07
1.96827e-07
7.16993e-06
-1.21845e-06
7.46351e-06
-1.14788e-06
7.72592e-06
-1.03724e-06
7.95742e-06
-9.16177e-07
8.15375e-06
-7.84959e-07
8.31642e-06
-6.54466e-07
8.44943e-06
-5.32868e-07
8.55617e-06
-4.22449e-07
8.6402e-06
-3.24711e-07
8.7057e-06
-2.40883e-07
8.75594e-06
-1.69867e-07
8.79417e-06
-1.10369e-07
8.82231e-06
-5.95204e-08
8.84281e-06
-1.6734e-08
8.85688e-06
2.08074e-08
8.86519e-06
5.37848e-08
8.86775e-06
8.42019e-08
8.86427e-06
1.12621e-07
8.85557e-06
1.38153e-07
8.84206e-06
1.60884e-07
8.82498e-06
1.79959e-07
8.80558e-06
1.95108e-07
8.78439e-06
2.06719e-07
8.7619e-06
2.14953e-07
8.73913e-06
2.19756e-07
8.7168e-06
2.21633e-07
8.69515e-06
2.21382e-07
8.67451e-06
2.19414e-07
2.16118e-07
7.23478e-06
-1.58008e-06
7.56151e-06
-1.47461e-06
7.85076e-06
-1.32649e-06
8.10189e-06
-1.16731e-06
8.30435e-06
-9.87422e-07
8.46495e-06
-8.15065e-07
8.58595e-06
-6.53864e-07
8.67658e-06
-5.13085e-07
8.74321e-06
-3.91343e-07
8.79241e-06
-2.90084e-07
8.82792e-06
-2.0537e-07
8.85371e-06
-1.36167e-07
8.8724e-06
-7.82077e-08
8.88581e-06
-3.0144e-08
8.89505e-06
1.15689e-08
8.89823e-06
5.06005e-08
8.89554e-06
8.68994e-08
8.88795e-06
1.2021e-07
8.87599e-06
1.50107e-07
8.86012e-06
1.76754e-07
8.84074e-06
1.9934e-07
8.8187e-06
2.17151e-07
8.79503e-06
2.30383e-07
8.77068e-06
2.3931e-07
8.74669e-06
2.43745e-07
8.72363e-06
2.44692e-07
8.7021e-06
2.42911e-07
8.68246e-06
2.39051e-07
2.33831e-07
7.35694e-06
-2.03727e-06
7.73283e-06
-1.8505e-06
8.05133e-06
-1.64499e-06
8.29175e-06
-1.40772e-06
8.46391e-06
-1.15959e-06
8.58457e-06
-9.35718e-07
8.66717e-06
-7.36471e-07
8.72272e-06
-5.68637e-07
8.7564e-06
-4.25022e-07
8.77429e-06
-3.07973e-07
8.78418e-06
-2.15254e-07
8.78998e-06
-1.41972e-07
8.79463e-06
-8.28546e-08
8.7975e-06
-3.30104e-08
8.7981e-06
1.09614e-08
8.79693e-06
5.17772e-08
8.79137e-06
9.24522e-08
8.78096e-06
1.30627e-07
8.7655e-06
1.6556e-07
8.74616e-06
1.96096e-07
8.72358e-06
2.21921e-07
8.69939e-06
2.41347e-07
8.67449e-06
2.55276e-07
8.64938e-06
2.64422e-07
8.6262e-06
2.66924e-07
8.60484e-06
2.66053e-07
8.58563e-06
2.62126e-07
8.56885e-06
2.55825e-07
2.48306e-07
7.55032e-06
-2.61661e-06
7.92651e-06
-2.22668e-06
8.17303e-06
-1.89151e-06
8.3207e-06
-1.5554e-06
8.39047e-06
-1.22935e-06
8.40318e-06
-9.48428e-07
8.38939e-06
-7.22684e-07
8.35951e-06
-5.3876e-07
8.32403e-06
-3.89536e-07
8.28856e-06
-2.72505e-07
8.25703e-06
-1.83721e-07
8.23127e-06
-1.16211e-07
8.21178e-06
-6.33687e-08
8.20089e-06
-2.21172e-08
8.19655e-06
1.52939e-08
8.19379e-06
5.45448e-08
8.19186e-06
9.4382e-08
8.18819e-06
1.34296e-07
8.18163e-06
1.72114e-07
8.17257e-06
2.0516e-07
8.16172e-06
2.32766e-07
8.15008e-06
2.52988e-07
8.13839e-06
2.66972e-07
8.12723e-06
2.75576e-07
8.11758e-06
2.76575e-07
8.11017e-06
2.73462e-07
8.10506e-06
2.67244e-07
8.10221e-06
2.58676e-07
7.57275e-06
-3.17147e-06
7.82428e-06
-2.47822e-06
7.82522e-06
-1.89245e-06
7.67967e-06
-1.40985e-06
7.4795e-06
-1.02918e-06
7.27083e-06
-7.39761e-07
7.06587e-06
-5.17717e-07
6.87796e-06
-3.50854e-07
6.7133e-06
-2.24879e-07
6.57867e-06
-1.37872e-07
6.47324e-06
-7.82908e-08
6.39482e-06
-3.77961e-08
6.33725e-06
-5.79826e-09
6.30108e-06
1.40609e-08
6.28375e-06
3.26166e-08
6.27993e-06
5.83681e-08
6.28565e-06
8.86628e-08
6.29988e-06
1.20062e-07
6.31991e-06
1.5209e-07
6.34399e-06
1.81074e-07
6.3717e-06
2.05056e-07
6.40159e-06
2.231e-07
6.43353e-06
2.35034e-07
6.46787e-06
2.41236e-07
6.50314e-06
2.41304e-07
6.5398e-06
2.36806e-07
6.57767e-06
2.29375e-07
2.20185e-07
6.63245e-06
-2.94236e-06
6.14976e-06
-1.99553e-06
5.42781e-06
-1.17051e-06
4.61491e-06
-5.96942e-07
3.93497e-06
-3.49248e-07
3.37061e-06
-1.75393e-07
2.93139e-06
-7.84956e-08
2.60046e-06
-1.99272e-08
2.35322e-06
2.23564e-08
2.17155e-06
4.38056e-08
2.04813e-06
4.51294e-08
1.97514e-06
3.51933e-08
1.94986e-06
1.94755e-08
1.96097e-06
2.95509e-09
2.00449e-06
-1.09081e-08
2.08067e-06
-1.78064e-08
2.17448e-06
-5.15452e-09
2.28028e-06
1.42671e-08
2.39616e-06
3.62119e-08
2.51958e-06
5.76496e-08
2.64839e-06
7.62478e-08
2.77962e-06
9.18664e-08
2.91065e-06
1.04011e-07
3.03942e-06
1.12459e-07
3.16487e-06
1.15856e-07
3.28667e-06
1.15005e-07
3.40415e-06
1.11902e-07
1.07586e-07
3.78956e-06
1.79403e-06
6.23524e-07
2.65825e-08
-3.22666e-07
-4.98059e-07
-5.76555e-07
-5.96482e-07
-5.74126e-07
-5.3032e-07
-4.85191e-07
-4.49998e-07
-4.30522e-07
-4.27567e-07
-4.38475e-07
-4.56281e-07
-4.61436e-07
-4.47169e-07
-4.10957e-07
-3.53307e-07
-2.7706e-07
-1.85193e-07
-8.11825e-08
3.12761e-08
1.47132e-07
2.62137e-07
3.74039e-07
)
;

boundaryField
{
    inlet
    {
        type            calculated;
        value           nonuniform List<scalar> 
14
(
-4.4328e-06
-4.4328e-06
-4.4328e-06
-4.4328e-06
-4.4328e-06
-4.4328e-06
-4.4328e-06
-4.4328e-06
-4.4328e-06
-4.4328e-06
-4.4328e-06
-4.4328e-06
-4.4328e-06
-4.4328e-06
)
;
    }
    outlet
    {
        type            calculated;
        value           nonuniform List<scalar> 0();
    }
    topWall
    {
        type            calculated;
        value           nonuniform List<scalar> 0();
    }
    lowerWall
    {
        type            calculated;
        value           uniform 0;
    }
    leadingEdge
    {
        type            calculated;
        value           uniform 0;
    }
    trailingEdge
    {
        type            calculated;
        value           nonuniform List<scalar> 0();
    }
    upperSurface
    {
        type            calculated;
        value           nonuniform List<scalar> 0();
    }
    lowerSurface
    {
        type            calculated;
        value           uniform 0;
    }
    frontAndBack
    {
        type            empty;
        value           nonuniform List<scalar> 0();
    }
    procBoundary0to1
    {
        type            processor;
        value           nonuniform List<scalar> 
11
(
5.24052e-06
7.97481e-06
8.55649e-06
8.65522e-06
8.66475e-06
8.55438e-06
8.10137e-06
2.49138e-07
6.61616e-06
3.51674e-06
4.81625e-07
)
;
    }
    procBoundary0to4
    {
        type            processor;
        value           nonuniform List<scalar> 
103
(
3.33065e-10
1.00056e-09
1.64902e-09
2.26383e-09
-4.43804e-06
1.03781e-12
1.10823e-12
1.19642e-12
1.33312e-12
1.54555e-12
1.85768e-12
2.29209e-12
2.86595e-12
3.59004e-12
4.47083e-12
5.50741e-12
6.69648e-12
8.02492e-12
9.48099e-12
1.10482e-11
1.27111e-11
1.44509e-11
1.62521e-11
1.80997e-11
1.99827e-11
2.18929e-11
2.38184e-11
2.57751e-11
2.76975e-11
2.97567e-11
3.17194e-11
3.40778e-11
3.61e-11
3.82815e-11
4.06278e-11
4.30027e-11
4.55714e-11
4.81837e-11
5.09507e-11
5.38687e-11
5.6783e-11
6.00116e-11
6.30189e-11
6.64353e-11
6.95087e-11
7.28781e-11
7.59804e-11
7.898e-11
8.19948e-11
8.43289e-11
8.69564e-11
8.84313e-11
9.01375e-11
9.06474e-11
9.07311e-11
9.01093e-11
8.78984e-11
8.56277e-11
8.07537e-11
7.57175e-11
6.81352e-11
5.86969e-11
4.83866e-11
3.27497e-11
1.91611e-11
-4.16936e-12
-2.25656e-11
-5.4008e-11
-8.10093e-11
-1.21182e-10
-1.65504e-10
-2.12666e-10
-2.64775e-10
-3.25074e-10
-3.94263e-10
-4.72639e-10
-5.60973e-10
-6.60404e-10
-7.72138e-10
-8.97443e-10
-1.03765e-09
-1.19426e-09
-1.3689e-09
-1.5634e-09
-1.77969e-09
-2.02e-09
-2.28675e-09
-2.58277e-09
-2.91108e-09
-3.2752e-09
-3.67889e-09
-4.1264e-09
-4.62248e-09
-5.17227e-09
-5.78054e-09
-6.45139e-09
-7.1893e-09
-7.99348e-09
-8.85491e-09
-9.75132e-09
-1.06038e-08
-1.14264e-08
-1.10305e-08
)
;
    }
}


// ************************************************************************* //
