/*--------------------------------*- C++ -*----------------------------------*\
| =========                 |                                                 |
| \\      /  F ield         | OpenFOAM: The Open Source CFD Toolbox           |
|  \\    /   O peration     | Version:  2206                                  |
|   \\  /    A nd           | Website:  www.openfoam.com                      |
|    \\/     M anipulation  |                                                 |
\*---------------------------------------------------------------------------*/
FoamFile
{
    version     2.0;
    format      ascii;
    arch        "LSB;label=32;scalar=64";
    class       volVectorField;
    location    "19.4001";
    object      U_0;
}
// * * * * * * * * * * * * * * * * * * * * * * * * * * * * * * * * * * * * * //

dimensions      [0 1 -1 0 0 0 0];

internalField   nonuniform List<vector> 
3080
(
(0.150492 -0.215796 0)
(0.333014 -0.251302 0)
(0.572768 -0.20051 0)
(0.824967 -0.0636711 0)
(1.07962 0.152605 0)
(1.29295 0.399644 0)
(1.42943 0.617156 0)
(1.49784 0.777103 0)
(1.51917 0.882171 0)
(1.50966 0.938162 0)
(1.47532 0.959996 0)
(1.42115 0.94689 0)
(1.355 0.90514 0)
(1.2851 0.841035 0)
(1.21893 0.758059 0)
(1.14842 0.667398 0)
(1.0457 0.595585 0)
(0.896076 0.558424 0)
(0.749618 0.524568 0)
(0.663873 0.44246 0)
(0.656775 0.302636 0)
(0.714145 0.122389 0)
(0.814801 -0.0678954 0)
(0.923756 -0.241881 0)
(1.03066 -0.391373 0)
(1.12894 -0.514673 0)
(1.2139 -0.613035 0)
(1.28338 -0.690398 0)
(1.33759 -0.752141 0)
(1.37853 -0.803007 0)
(1.40962 -0.844263 0)
(1.43618 -0.872292 0)
(1.46795 -0.876299 0)
(1.51389 -0.839123 0)
(1.57993 -0.747718 0)
(1.66382 -0.599681 0)
(1.76112 -0.404939 0)
(1.86194 -0.186483 0)
(1.95197 0.0248235 0)
(2.02367 0.210482 0)
(2.07399 0.360813 0)
(2.10295 0.473496 0)
(2.1131 0.551187 0)
(2.10851 0.599381 0)
(2.09139 0.624469 0)
(2.06387 0.629737 0)
(2.03021 0.621362 0)
(1.99294 0.605703 0)
(1.95409 0.586665 0)
(1.91466 0.566681 0)
(1.87503 0.547145 0)
(1.83506 0.52892 0)
(1.79412 0.513099 0)
(1.75117 0.501114 0)
(1.7052 0.493912 0)
(1.65616 0.490531 0)
(1.60561 0.487037 0)
(1.55647 0.476954 0)
(1.51217 0.453022 0)
(1.47607 0.409684 0)
(1.45015 0.345005 0)
(1.4353 0.261058 0)
(1.43127 0.162896 0)
(1.43702 0.0573837 0)
(1.45069 -0.0478846 0)
(1.4704 -0.147632 0)
(1.49455 -0.238549 0)
(1.52147 -0.318524 0)
(1.54958 -0.386673 0)
(1.57746 -0.44315 0)
(1.604 -0.488964 0)
(1.62848 -0.525601 0)
(1.65053 -0.554624 0)
(1.67013 -0.577342 0)
(1.6874 -0.594664 0)
(1.70246 -0.607032 0)
(1.71592 -0.614155 0)
(1.72931 -0.613964 0)
(1.74304 -0.602919 0)
(1.75754 -0.578203 0)
(1.77279 -0.538079 0)
(1.78891 -0.481601 0)
(1.80581 -0.408871 0)
(1.82321 -0.321313 0)
(1.84074 -0.221785 0)
(1.85782 -0.114727 0)
(1.87335 -0.00683891 0)
(1.88638 0.0964728 0)
(1.89632 0.191456 0)
(1.90268 0.27531 0)
(1.90518 0.346282 0)
(1.90373 0.403633 0)
(1.89845 0.447491 0)
(1.88967 0.478637 0)
(1.87733 0.498233 0)
(1.86052 0.507134 0)
(1.83971 0.506634 0)
(1.81519 0.499687 0)
(1.78764 0.488654 0)
(1.75796 0.474989 0)
(1.72717 0.459042 0)
(1.69632 0.440106 0)
(1.66642 0.416793 0)
(1.63831 0.387574 0)
(1.61261 0.351266 0)
(1.58985 0.307294 0)
(1.57047 0.255753 0)
(1.5549 0.197336 0)
(1.54348 0.133247 0)
(1.5365 0.0651039 0)
(1.53403 -0.00507639 0)
(1.53592 -0.074879 0)
(1.54183 -0.142436 0)
(1.55127 -0.20611 0)
(0.0745299 -0.403976 0)
(0.210453 -0.437482 0)
(0.361038 -0.391926 0)
(0.51243 -0.276678 0)
(0.681848 -0.0736763 0)
(0.87282 0.209781 0)
(1.03391 0.491515 0)
(1.13746 0.708545 0)
(1.19534 0.85687 0)
(1.21844 0.946469 0)
(1.21607 0.99222 0)
(1.19265 0.994736 0)
(1.15292 0.963394 0)
(1.10051 0.899775 0)
(1.02601 0.827094 0)
(0.907691 0.776036 0)
(0.750243 0.751249 0)
(0.616976 0.707986 0)
(0.550922 0.605279 0)
(0.558489 0.442887 0)
(0.6311 0.235738 0)
(0.744466 0.0167133 0)
(0.86738 -0.184716 0)
(0.987409 -0.357031 0)
(1.09803 -0.496956 0)
(1.19416 -0.605466 0)
(1.27318 -0.686883 0)
(1.33407 -0.747249 0)
(1.37718 -0.793101 0)
(1.40454 -0.830692 0)
(1.41957 -0.862465 0)
(1.42643 -0.885867 0)
(1.43405 -0.895777 0)
(1.45058 -0.881053 0)
(1.48571 -0.80811 0)
(1.54238 -0.677617 0)
(1.61823 -0.495771 0)
(1.70705 -0.27956 0)
(1.79601 -0.0584037 0)
(1.87442 0.143568 0)
(1.93686 0.313376 0)
(1.98096 0.445502 0)
(2.00696 0.540577 0)
(2.01716 0.602974 0)
(2.01528 0.638862 0)
(2.00168 0.654308 0)
(1.97926 0.652851 0)
(1.95068 0.640738 0)
(1.91844 0.623505 0)
(1.88434 0.60438 0)
(1.84917 0.585393 0)
(1.81298 0.568087 0)
(1.77508 0.55405 0)
(1.73452 0.544765 0)
(1.69073 0.54052 0)
(1.64429 0.539055 0)
(1.59725 0.535104 0)
(1.55248 0.521367 0)
(1.5133 0.490663 0)
(1.48235 0.438227 0)
(1.46132 0.363207 0)
(1.45078 0.268583 0)
(1.45038 0.160458 0)
(1.45894 0.0464926 0)
(1.4746 -0.0653818 0)
(1.49558 -0.170106 0)
(1.52025 -0.264301 0)
(1.54691 -0.345895 0)
(1.57397 -0.414154 0)
(1.60008 -0.469488 0)
(1.62419 -0.513241 0)
(1.64555 -0.547261 0)
(1.66381 -0.573488 0)
(1.67903 -0.593522 0)
(1.69153 -0.608387 0)
(1.7015 -0.618668 0)
(1.70917 -0.624438 0)
(1.7162 -0.624118 0)
(1.72313 -0.613795 0)
(1.73063 -0.589589 0)
(1.73901 -0.55039 0)
(1.74856 -0.49493 0)
(1.75941 -0.42312 0)
(1.77145 -0.336238 0)
(1.7845 -0.237005 0)
(1.79823 -0.129685 0)
(1.8118 -0.0204629 0)
(1.82427 0.0848996 0)
(1.83498 0.182578 0)
(1.84329 0.269614 0)
(1.84872 0.344057 0)
(1.85096 0.404974 0)
(1.84991 0.452352 0)
(1.84561 0.486934 0)
(1.83821 0.510004 0)
(1.82712 0.522963 0)
(1.81183 0.526616 0)
(1.79284 0.523082 0)
(1.77058 0.514737 0)
(1.74594 0.502857 0)
(1.71988 0.487662 0)
(1.69343 0.468451 0)
(1.66755 0.443972 0)
(1.64304 0.412872 0)
(1.62053 0.374101 0)
(1.60055 0.327165 0)
(1.58361 0.272204 0)
(1.57016 0.209956 0)
(1.56058 0.141713 0)
(1.55514 0.0692259 0)
(1.55392 -0.00526498 0)
(1.55671 -0.0790934 0)
(1.56311 -0.150256 0)
(1.57263 -0.216986 0)
(0.041417 -0.492333 0)
(0.109242 -0.531492 0)
(0.177834 -0.487888 0)
(0.256001 -0.38359 0)
(0.35984 -0.205357 0)
(0.498284 0.0536101 0)
(0.647739 0.35279 0)
(0.768038 0.609136 0)
(0.85326 0.795548 0)
(0.907635 0.917349 0)
(0.935599 0.981717 0)
(0.94028 1.00435 0)
(0.914247 0.994207 0)
(0.848142 0.965261 0)
(0.734245 0.945398 0)
(0.597497 0.929688 0)
(0.491272 0.878805 0)
(0.446781 0.766164 0)
(0.467168 0.5895 0)
(0.552298 0.361252 0)
(0.679022 0.11611 0)
(0.815804 -0.113209 0)
(0.949754 -0.311905 0)
(1.07307 -0.473898 0)
(1.18053 -0.598774 0)
(1.2698 -0.689881 0)
(1.34 -0.752506 0)
(1.39078 -0.793524 0)
(1.42235 -0.821016 0)
(1.43683 -0.843743 0)
(1.43674 -0.866897 0)
(1.42851 -0.887339 0)
(1.41729 -0.897967 0)
(1.41011 -0.892556 0)
(1.41584 -0.839756 0)
(1.44474 -0.730322 0)
(1.49714 -0.567432 0)
(1.56877 -0.36285 0)
(1.65023 -0.140898 0)
(1.72934 0.0700719 0)
(1.79895 0.254273 0)
(1.85463 0.403248 0)
(1.8945 0.514896 0)
(1.91901 0.591943 0)
(1.93019 0.639772 0)
(1.93089 0.664612 0)
(1.92143 0.67232 0)
(1.90386 0.666585 0)
(1.88036 0.652956 0)
(1.85311 0.635944 0)
(1.82349 0.618489 0)
(1.79179 0.602996 0)
(1.75751 0.591532 0)
(1.72006 0.585392 0)
(1.67943 0.583989 0)
(1.63674 0.583843 0)
(1.59423 0.578652 0)
(1.5547 0.560673 0)
(1.52108 0.523004 0)
(1.49566 0.461685 0)
(1.47975 0.376696 0)
(1.47371 0.272136 0)
(1.47708 0.154819 0)
(1.48852 0.0331789 0)
(1.5061 -0.0844878 0)
(1.52812 -0.193349 0)
(1.55289 -0.28996 0)
(1.57871 -0.372331 0)
(1.60408 -0.439924 0)
(1.62778 -0.493451 0)
(1.64887 -0.534528 0)
(1.66665 -0.565329 0)
(1.68077 -0.588178 0)
(1.69126 -0.605034 0)
(1.69852 -0.616999 0)
(1.70307 -0.624505 0)
(1.70541 -0.628033 0)
(1.70624 -0.627878 0)
(1.7063 -0.617857 0)
(1.70664 -0.59406 0)
(1.70824 -0.556014 0)
(1.71139 -0.501975 0)
(1.71625 -0.431639 0)
(1.72292 -0.346185 0)
(1.73142 -0.248232 0)
(1.74162 -0.141815 0)
(1.75292 -0.0325992 0)
(1.76444 0.0734623 0)
(1.77549 0.172556 0)
(1.78536 0.261644 0)
(1.7934 0.338627 0)
(1.79911 0.402417 0)
(1.80213 0.452835 0)
(1.80223 0.49055 0)
(1.79937 0.516812 0)
(1.79352 0.533144 0)
(1.78384 0.540928 0)
(1.77038 0.541009 0)
(1.75359 0.535514 0)
(1.73415 0.525671 0)
(1.71305 0.511527 0)
(1.69128 0.492389 0)
(1.66977 0.467137 0)
(1.64923 0.434567 0)
(1.6303 0.393735 0)
(1.61355 0.344208 0)
(1.59948 0.286157 0)
(1.58858 0.220397 0)
(1.58121 0.148318 0)
(1.57762 0.0718183 0)
(1.57785 -0.00661221 0)
(1.58165 -0.0840456 0)
(1.58857 -0.158349 0)
(1.59806 -0.22764 0)
(0.00881771 -0.529199 0)
(0.00448631 -0.564602 0)
(0.00541211 -0.521105 0)
(0.021247 -0.431538 0)
(0.0612385 -0.278567 0)
(0.145201 -0.0503505 0)
(0.266214 0.228374 0)
(0.395541 0.496209 0)
(0.503206 0.707786 0)
(0.581091 0.858045 0)
(0.625121 0.954399 0)
(0.63263 1.01755 0)
(0.592908 1.05439 0)
(0.517067 1.07184 0)
(0.432349 1.06633 0)
(0.367753 1.01794 0)
(0.352582 0.91092 0)
(0.3886 0.733753 0)
(0.487072 0.495282 0)
(0.627441 0.229646 0)
(0.779725 -0.0278359 0)
(0.929022 -0.255185 0)
(1.0663 -0.442876 0)
(1.18536 -0.588282 0)
(1.28306 -0.693786 0)
(1.35914 -0.764983 0)
(1.41564 -0.808144 0)
(1.45434 -0.830416 0)
(1.47535 -0.838918 0)
(1.4796 -0.84472 0)
(1.46689 -0.854985 0)
(1.44287 -0.86886 0)
(1.41468 -0.879995 0)
(1.38703 -0.877549 0)
(1.36971 -0.843992 0)
(1.37301 -0.758149 0)
(1.40147 -0.61787 0)
(1.45329 -0.431111 0)
(1.52211 -0.217353 0)
(1.59674 -0.00440696 0)
(1.66827 0.188243 0)
(1.73126 0.349923 0)
(1.78203 0.475961 0)
(1.81918 0.567263 0)
(1.84311 0.627798 0)
(1.85551 0.663153 0)
(1.85856 0.679522 0)
(1.85287 0.681994 0)
(1.83939 0.674395 0)
(1.82021 0.661234 0)
(1.79719 0.646759 0)
(1.77098 0.634136 0)
(1.74135 0.625823 0)
(1.70814 0.622836 0)
(1.67193 0.623753 0)
(1.63422 0.624132 0)
(1.59725 0.616957 0)
(1.56373 0.594304 0)
(1.53631 0.549648 0)
(1.51691 0.479623 0)
(1.5065 0.385257 0)
(1.50525 0.271459 0)
(1.51256 0.145788 0)
(1.5269 0.0175892 0)
(1.54624 -0.104955 0)
(1.56891 -0.216943 0)
(1.59321 -0.314957 0)
(1.61751 -0.397141 0)
(1.64043 -0.463249 0)
(1.66091 -0.51425 0)
(1.67815 -0.552016 0)
(1.69162 -0.579033 0)
(1.70109 -0.597972 0)
(1.70659 -0.611218 0)
(1.70851 -0.620347 0)
(1.70768 -0.625987 0)
(1.70435 -0.627579 0)
(1.69906 -0.62509 0)
(1.69254 -0.614044 0)
(1.6863 -0.591633 0)
(1.68145 -0.555132 0)
(1.67839 -0.502882 0)
(1.67745 -0.434538 0)
(1.6789 -0.351216 0)
(1.68293 -0.255431 0)
(1.68956 -0.150974 0)
(1.69843 -0.043034 0)
(1.70877 0.0624699 0)
(1.71985 0.161754 0)
(1.7309 0.251764 0)
(1.74115 0.330339 0)
(1.74992 0.396252 0)
(1.75664 0.449203 0)
(1.76086 0.489743 0)
(1.76229 0.518997 0)
(1.76092 0.538379 0)
(1.75662 0.54949 0)
(1.74854 0.553485 0)
(1.73731 0.551024 0)
(1.72329 0.543443 0)
(1.70734 0.530559 0)
(1.69051 0.511714 0)
(1.67364 0.485993 0)
(1.65741 0.452305 0)
(1.64245 0.409768 0)
(1.62935 0.357989 0)
(1.61859 0.297192 0)
(1.61063 0.228277 0)
(1.6058 0.152742 0)
(1.60433 0.0726494 0)
(1.60619 -0.0092546 0)
(1.61104 -0.0897661 0)
(1.61842 -0.166645 0)
(1.62776 -0.237895 0)
(0.260986 0.934085 0)
(0.279761 1.03401 0)
(0.276628 1.09754 0)
(0.264796 1.12026 0)
(0.257739 1.10096 0)
(0.274406 1.0181 0)
(0.331361 0.857381 0)
(0.446386 0.625736 0)
(0.602196 0.350557 0)
(0.771757 0.0696483 0)
(0.937225 -0.18557 0)
(1.08838 -0.400421 0)
(1.21829 -0.568682 0)
(1.32331 -0.690971 0)
(1.40299 -0.772819 0)
(1.46 -0.82268 0)
(1.4974 -0.84794 0)
(1.51962 -0.853602 0)
(1.52922 -0.847147 0)
(1.52399 -0.835044 0)
(1.50253 -0.829326 0)
(1.46753 -0.834002 0)
(1.42501 -0.843879 0)
(1.38234 -0.846633 0)
(1.34591 -0.825057 0)
(1.32676 -0.76213 0)
(1.33198 -0.646529 0)
(1.36301 -0.481794 0)
(1.41598 -0.283427 0)
(1.48216 -0.075044 0)
(1.55131 0.119982 0)
(1.61717 0.289484 0)
(1.67514 0.426815 0)
(1.7223 0.530668 0)
(1.75754 0.603362 0)
(1.78133 0.649548 0)
(1.795 0.674901 0)
(1.80024 0.685276 0)
(1.79801 0.685929 0)
(1.78817 0.678369 0)
(1.77253 0.667699 0)
(1.75225 0.658867 0)
(1.72781 0.654371 0)
(1.69967 0.654731 0)
(1.66891 0.65775 0)
(1.63719 0.658303 0)
(1.6067 0.648877 0)
(1.58005 0.621448 0)
(1.55959 0.569809 0)
(1.54682 0.491537 0)
(1.54241 0.388528 0)
(1.54633 0.266366 0)
(1.55775 0.133307 0)
(1.57485 -0.000273816 0)
(1.59564 -0.126455 0)
(1.61844 -0.240356 0)
(1.6416 -0.338619 0)
(1.66359 -0.419597 0)
(1.68328 -0.483402 0)
(1.69985 -0.531261 0)
(1.71271 -0.565333 0)
(1.72155 -0.588361 0)
(1.72635 -0.603126 0)
(1.72709 -0.612267 0)
(1.72344 -0.617858 0)
(1.71616 -0.620415 0)
(1.70642 -0.620149 0)
(1.69486 -0.615916 0)
(1.68227 -0.604746 0)
(1.66999 -0.583109 0)
(1.65907 -0.548133 0)
(1.65012 -0.497936 0)
(1.6437 -0.432056 0)
(1.64022 -0.351502 0)
(1.63997 -0.258647 0)
(1.6431 -0.157074 0)
(1.64944 -0.0515992 0)
(1.65835 0.052201 0)
(1.66911 0.15052 0)
(1.68091 0.240393 0)
(1.69291 0.319616 0)
(1.70427 0.386899 0)
(1.71427 0.441851 0)
(1.72228 0.484831 0)
(1.7278 0.516794 0)
(1.73057 0.539078 0)
(1.73071 0.553044 0)
(1.72813 0.560047 0)
(1.7225 0.56086 0)
(1.71408 0.555584 0)
(1.70333 0.54424 0)
(1.69154 0.526037 0)
(1.67954 0.500186 0)
(1.66795 0.465714 0)
(1.65738 0.421787 0)
(1.64836 0.368072 0)
(1.64132 0.304904 0)
(1.63667 0.233246 0)
(1.63469 0.154702 0)
(1.63555 0.0715169 0)
(1.63912 -0.0132554 0)
(1.64501 -0.0962265 0)
(1.65274 -0.175029 0)
(1.66173 -0.247574 0)
(0.827456 0.0440291 0)
(0.758311 0.0458093 0)
(0.685302 0.0472555 0)
(0.609161 0.0481188 0)
(0.52838 0.0469325 0)
(0.451186 0.0426031 0)
(0.37812 0.0356763 0)
(0.309215 0.0276799 0)
(0.245065 0.019779 0)
(0.186393 0.0123975 0)
(0.13355 0.00574103 0)
(0.0865983 -0.00048493 0)
(1.79167 0.0946053 0)
(1.74838 0.100778 0)
(1.70184 0.106679 0)
(1.65178 0.112033 0)
(1.59867 0.11619 0)
(1.53912 0.118386 0)
(1.47266 0.118648 0)
(1.39939 0.117325 0)
(1.31966 0.114771 0)
(1.23398 0.111203 0)
(1.14286 0.106751 0)
(1.04698 0.101658 0)
(2.12201 0.125594 0)
(2.10067 0.134138 0)
(2.07766 0.142369 0)
(2.05287 0.150069 0)
(2.02601 0.157028 0)
(1.99673 0.163142 0)
(1.96461 0.16839 0)
(1.92905 0.172846 0)
(1.88957 0.176607 0)
(1.84591 0.179756 0)
(1.79787 0.182344 0)
(1.74543 0.184378 0)
(2.22338 0.139393 0)
(2.21132 0.148973 0)
(2.19865 0.158266 0)
(2.18535 0.167195 0)
(2.17133 0.175685 0)
(2.15637 0.183645 0)
(2.14017 0.191007 0)
(2.12235 0.197796 0)
(2.10264 0.204097 0)
(2.08066 0.209976 0)
(2.05638 0.215441 0)
(2.02969 0.220429 0)
(2.25337 0.149465 0)
(2.24427 0.159363 0)
(2.23502 0.168927 0)
(2.22566 0.178155 0)
(2.21616 0.187018 0)
(2.20638 0.195529 0)
(2.19618 0.203676 0)
(2.18535 0.211507 0)
(2.17371 0.219091 0)
(2.16109 0.226463 0)
(2.14738 0.233569 0)
(2.13248 0.240298 0)
(2.26476 0.157985 0)
(2.25618 0.167941 0)
(2.24765 0.177489 0)
(2.23924 0.186679 0)
(2.23093 0.19557 0)
(2.22269 0.204199 0)
(2.21436 0.212653 0)
(2.20581 0.220974 0)
(2.19689 0.229187 0)
(2.18748 0.237287 0)
(2.17747 0.24521 0)
(2.16678 0.252839 0)
(2.27311 0.166915 0)
(2.26418 0.17681 0)
(2.25546 0.186198 0)
(2.24702 0.195198 0)
(2.23885 0.20391 0)
(2.2309 0.21245 0)
(2.22303 0.220948 0)
(2.21511 0.229448 0)
(2.20697 0.237955 0)
(2.19849 0.246451 0)
(2.18954 0.254868 0)
(2.18001 0.263084 0)
(2.28123 0.176415 0)
(2.27165 0.186073 0)
(2.26245 0.195135 0)
(2.25371 0.203778 0)
(2.24541 0.212159 0)
(2.23746 0.220492 0)
(2.22969 0.22894 0)
(2.22196 0.237539 0)
(2.21408 0.246298 0)
(2.20588 0.255193 0)
(2.19721 0.26415 0)
(2.18791 0.273039 0)
(2.28954 0.186745 0)
(2.27913 0.195978 0)
(2.26938 0.204523 0)
(2.26032 0.21262 0)
(2.25192 0.220515 0)
(2.244 0.228521 0)
(2.23639 0.236822 0)
(2.22887 0.245465 0)
(2.22121 0.254464 0)
(2.21319 0.263791 0)
(2.20461 0.273365 0)
(2.19527 0.283048 0)
(2.29767 0.19815 0)
(2.28631 0.206613 0)
(2.27597 0.214326 0)
(2.26668 0.221612 0)
(2.2583 0.22882 0)
(2.25061 0.236365 0)
(2.24336 0.244436 0)
(2.23627 0.25309 0)
(2.22902 0.262347 0)
(2.22136 0.272178 0)
(2.21301 0.282495 0)
(2.20371 0.293153 0)
(2.30523 0.210936 0)
(2.29278 0.218202 0)
(2.28188 0.224656 0)
(2.27248 0.230737 0)
(2.26432 0.236941 0)
(2.25708 0.243807 0)
(2.25048 0.251538 0)
(2.2441 0.260188 0)
(2.23756 0.269763 0)
(2.23055 0.280222 0)
(2.22272 0.291461 0)
(2.21376 0.303317 0)
(2.31363 0.224851 0)
(2.29968 0.230307 0)
(2.28803 0.235026 0)
(2.27854 0.239555 0)
(2.27075 0.24449 0)
(2.26417 0.250478 0)
(2.25841 0.257708 0)
(2.25293 0.266253 0)
(2.24731 0.276132 0)
(2.24113 0.287293 0)
(2.234 0.299624 0)
(2.22558 0.31296 0)
(2.32274 0.241806 0)
(2.30757 0.244287 0)
(2.2957 0.24615 0)
(2.28684 0.248306 0)
(2.28013 0.251557 0)
(2.27489 0.256538 0)
(2.2706 0.263273 0)
(2.26657 0.271776 0)
(2.26225 0.282052 0)
(2.25715 0.294001 0)
(2.25085 0.307432 0)
(2.24304 0.322129 0)
(2.31615 0.259131 0)
(2.30197 0.258232 0)
(2.29176 0.256766 0)
(2.28482 0.255838 0)
(2.28027 0.256741 0)
(2.2777 0.260146 0)
(2.27644 0.26606 0)
(2.27536 0.274566 0)
(2.27399 0.285494 0)
(2.272 0.298725 0)
(2.26877 0.314097 0)
(2.26377 0.33128 0)
(2.26738 0.274283 0)
(2.25815 0.268024 0)
(2.25426 0.262744 0)
(2.254 0.25964 0)
(2.25635 0.258549 0)
(2.26008 0.260609 0)
(2.26407 0.266007 0)
(2.26754 0.274467 0)
(2.26975 0.285684 0)
(2.27045 0.299305 0)
(2.27023 0.315309 0)
(2.26964 0.333791 0)
(2.1229 0.285002 0)
(2.12778 0.273235 0)
(2.13757 0.262323 0)
(2.15166 0.254128 0)
(2.16867 0.251221 0)
(2.18684 0.252771 0)
(2.2044 0.258714 0)
(2.22004 0.269179 0)
(2.23299 0.282784 0)
(2.24297 0.298513 0)
(2.25018 0.315824 0)
(2.25533 0.335179 0)
(1.75614 0.268423 0)
(1.79462 0.25261 0)
(1.8351 0.237553 0)
(1.87711 0.226739 0)
(1.91961 0.221623 0)
(1.96223 0.222623 0)
(2.00414 0.229899 0)
(2.04409 0.242885 0)
(2.08156 0.260259 0)
(2.1157 0.280167 0)
(2.14603 0.301117 0)
(2.17318 0.323846 0)
(1.11453 0.214392 0)
(1.18595 0.198626 0)
(1.25663 0.184084 0)
(1.32665 0.17344 0)
(1.39616 0.168549 0)
(1.46538 0.17002 0)
(1.53432 0.177996 0)
(1.6028 0.191887 0)
(1.67087 0.210334 0)
(1.73874 0.231782 0)
(1.80759 0.254889 0)
(1.87768 0.279114 0)
(0.351966 0.108227 0)
(0.442241 0.0937091 0)
(0.528186 0.0814002 0)
(0.608847 0.0737184 0)
(0.685573 0.071985 0)
(0.761013 0.0758909 0)
(0.837765 0.0861577 0)
(0.917392 0.102046 0)
(1.00151 0.12144 0)
(1.09184 0.142187 0)
(1.19 0.162772 0)
(1.29735 0.182272 0)
(-0.17205 0.0214258 0)
(-0.111795 0.018705 0)
(-0.0585703 0.0185811 0)
(-0.0110111 0.0197552 0)
(0.0342337 0.0224978 0)
(0.0769261 0.0263634 0)
(0.125791 0.0327455 0)
(0.186693 0.0400989 0)
(0.256396 0.0472864 0)
(0.335547 0.0540783 0)
(0.430931 0.0620907 0)
(0.541528 0.0672953 0)
(0.0461096 -0.00519785 0)
(0.00661536 -0.00809863 0)
(-0.0285515 -0.00953902 0)
(-0.0594167 -0.0102935 0)
(-0.0887562 -0.0125929 0)
(-0.113577 -0.0164501 0)
(-0.13102 -0.0199141 0)
(-0.140005 -0.0211528 0)
(-0.143305 -0.0143652 0)
(-0.14736 -0.00252461 0)
(-0.153928 0.00805668 0)
(-0.163285 0.014582 0)
(-0.171155 0.0173334 0)
(-0.172203 0.0157538 0)
(-0.163363 0.00723453 0)
(-0.143862 -0.00415981 0)
(-0.115912 -0.0126145 0)
(-0.0849132 -0.0166382 0)
(-0.0538626 -0.0173224 0)
(-0.0246868 -0.0163539 0)
(0.00197945 -0.0145489 0)
(0.0236247 -0.0111538 0)
(0.0355892 -0.00443241 0)
(0.0344614 0.00587752 0)
(0.017887 0.0166504 0)
(-0.0167118 0.0266467 0)
(-0.0677756 0.0330972 0)
(-0.127034 0.034996 0)
(-0.186635 0.0322796 0)
(-0.237728 0.0250527 0)
(-0.2717 0.0141106 0)
(-0.283126 0.00125221 0)
(-0.271021 -0.0117328 0)
(-0.237746 -0.0236402 0)
(-0.186863 -0.0316218 0)
(-0.126153 -0.0343542 0)
(-0.0640558 -0.0321399 0)
(-0.00779982 -0.0249071 0)
(0.0325123 -0.0130141 0)
(0.0482582 0.00281196 0)
(0.0359323 0.0210733 0)
(-0.00823584 0.0398549 0)
(-0.0827063 0.054168 0)
(-0.176869 0.0602095 0)
(-0.275032 0.0581638 0)
(-0.365856 0.0490326 0)
(-0.436269 0.0346693 0)
(-0.478635 0.0179417 0)
(-0.490181 0.000872354 0)
(-0.47236 -0.015651 0)
(-0.430517 -0.0284632 0)
(-0.371005 -0.035952 0)
(-0.301389 -0.038629 0)
(-0.228638 -0.0373372 0)
(-0.160951 -0.0331594 0)
(-0.101304 -0.0271336 0)
(-0.0530781 -0.0203367 0)
(-0.0182028 -0.0133496 0)
(0.00231418 -0.00676921 0)
(0.00984095 -0.000883005 0)
(0.00732563 0.00409774 0)
(-0.00334189 0.00750115 0)
(-0.0194796 0.00973002 0)
(-0.0379518 0.0105656 0)
(-0.0567322 0.0100312 0)
(-0.0735476 0.00856185 0)
(-0.0869201 0.0064211 0)
(-0.0956387 0.00385291 0)
(-0.0989648 0.00102264 0)
(-0.0970698 -0.00210575 0)
(-0.0902281 -0.00477419 0)
(-0.0788011 -0.00690651 0)
(-0.0636702 -0.00846588 0)
(-0.0458288 -0.00940586 0)
(-0.0265285 -0.00975359 0)
(-0.00682955 -0.00955423 0)
(0.0120947 -0.0088349 0)
(0.0290227 -0.00756198 0)
(0.0430083 -0.00573743 0)
(0.0527345 -0.0034794 0)
(0.0573972 -0.000863254 0)
(0.0569437 0.00209137 0)
(0.0515712 0.0048052 0)
(0.0414355 0.00694887 0)
(0.0273425 0.00851426 0)
(0.010769 0.00929905 0)
(-0.00646777 0.00919786 0)
(-0.0223138 0.00808771 0)
(-0.0347914 0.00602936 0)
(-0.0421822 0.003261 0)
(-0.0436956 0.000108404 0)
(-0.0396538 -0.00286158 0)
(-0.0305822 -0.00511596 0)
(-0.0175742 -0.00655649 0)
(-0.00201262 -0.00719587 0)
(0.0143582 -0.00722999 0)
(0.0302015 -0.00668163 0)
(0.0445111 -0.00561861 0)
(0.0562501 -0.00415301 0)
(0.0646542 -0.00245912 0)
(0.0693169 -0.000725529 0)
(0.0704382 0.000929021 0)
(0.0684385 0.00227843 0)
(0.06396 0.00321954 0)
(0.0578096 0.00376029 0)
(0.050896 0.0038808 0)
(0.0441243 0.00355217 0)
(0.0384652 0.00275348 0)
(0.0348682 0.00161049 0)
(0.0338839 0.000256242 0)
(0.0355524 -0.00117026 0)
(0.0398049 -0.00237646 0)
(0.046365 -0.00329992 0)
(0.0546771 -0.003918 0)
(0.945363 0.0960538 0)
(0.839634 0.0899927 0)
(0.7329 0.0831963 0)
(0.629917 0.0758041 0)
(0.530912 0.0674603 0)
(0.439441 0.0579272 0)
(0.355298 0.0465424 0)
(0.275539 0.0327427 0)
(0.195953 0.0187057 0)
(0.125359 0.011239 0)
(0.0740951 0.0078165 0)
(0.0345177 0.0024557 0)
(0.00522931 -0.00875225 0)
(-0.0180804 -0.026657 0)
(-0.023979 -0.0440959 0)
(-0.0211843 -0.0576386 0)
(-0.0101132 -0.0616949 0)
(0.00428441 -0.0554189 0)
(0.0194578 -0.0452999 0)
(0.0327219 -0.0371011 0)
(0.0449803 -0.028718 0)
(0.0564057 -0.0180473 0)
(0.0630815 -0.00290944 0)
(0.0576722 0.0164619 0)
(0.0349575 0.039064 0)
(-0.00503177 0.0606198 0)
(-0.0593712 0.077806 0)
(-0.121368 0.0863124 0)
(-0.182291 0.0829782 0)
(-0.233402 0.0657593 0)
(-0.267781 0.035259 0)
(-0.2779 -0.00252151 0)
(-0.26378 -0.0399375 0)
(-0.230176 -0.0698324 0)
(-0.182398 -0.0891955 0)
(-0.126284 -0.0951212 0)
(-0.0682961 -0.0887555 0)
(-0.0154149 -0.0709532 0)
(0.0237192 -0.0421118 0)
(0.0406976 -0.00343461 0)
(0.0299374 0.0413999 0)
(-0.0127004 0.0839216 0)
(-0.0824631 0.116698 0)
(-0.168718 0.13494 0)
(-0.260181 0.136073 0)
(-0.337656 0.117271 0)
(-0.397414 0.0819059 0)
(-0.425666 0.0355559 0)
(-0.419369 -0.0125086 0)
(-0.387058 -0.0537339 0)
(-0.334676 -0.0835296 0)
(-0.270461 -0.100496 0)
(-0.201254 -0.106814 0)
(-0.131928 -0.103877 0)
(-0.0668409 -0.0934171 0)
(-0.0106795 -0.0775454 0)
(0.0334733 -0.0583406 0)
(0.0646882 -0.0382728 0)
(0.0824005 -0.0192169 0)
(0.0883398 -0.00244426 0)
(0.0844812 0.0112025 0)
(0.0732534 0.0203171 0)
(0.0578929 0.0255444 0)
(0.0414348 0.0269082 0)
(0.0259026 0.0251857 0)
(0.0128325 0.0208811 0)
(0.00349946 0.01473 0)
(-0.00117493 0.00738482 0)
(-0.000894214 -0.000469274 0)
(0.00463868 -0.00841169 0)
(0.0149917 -0.0155713 0)
(0.0292243 -0.0214882 0)
(0.0466507 -0.0258405 0)
(0.0661841 -0.0284268 0)
(0.0866499 -0.0293207 0)
(0.107036 -0.0286678 0)
(0.126416 -0.0264328 0)
(0.143757 -0.0224741 0)
(0.158022 -0.0169072 0)
(0.168265 -0.010107 0)
(0.173887 -0.00254598 0)
(0.174447 0.00521823 0)
(0.169824 0.0123747 0)
(0.160999 0.0181248 0)
(0.149174 0.0219852 0)
(0.135933 0.0236086 0)
(0.122747 0.0228182 0)
(0.111342 0.0192175 0)
(0.103553 0.012953 0)
(0.10084 0.00478373 0)
(0.103723 -0.00418409 0)
(0.112206 -0.0124965 0)
(0.125507 -0.0189247 0)
(0.142117 -0.023043 0)
(0.160581 -0.0248417 0)
(0.179507 -0.0246908 0)
(0.197616 -0.0227957 0)
(0.213847 -0.0194046 0)
(0.227236 -0.0148984 0)
(0.237124 -0.0097279 0)
(0.243247 -0.00438619 0)
(0.245759 0.000678398 0)
(0.245122 0.00491016 0)
(0.242202 0.00777864 0)
(0.237977 0.0092124 0)
(0.233349 0.0093934 0)
(0.229147 0.00838037 0)
(0.226193 0.00609409 0)
(0.225302 0.00268906 0)
(0.226855 -0.00144882 0)
(0.231147 -0.00567485 0)
(0.238154 -0.00936264 0)
(0.24735 -0.0122045 0)
(0.258108 -0.0141056 0)
(1.6878 0.185783 0)
(1.6252 0.186201 0)
(1.55789 0.184815 0)
(1.48563 0.180893 0)
(1.40911 0.174049 0)
(1.32929 0.164111 0)
(1.24696 0.151548 0)
(1.16333 0.137662 0)
(1.07924 0.123723 0)
(0.996946 0.10957 0)
(0.917615 0.0953035 0)
(0.844313 0.0813027 0)
(0.778797 0.0665016 0)
(0.717603 0.0489013 0)
(0.652176 0.0281252 0)
(0.579049 0.00746442 0)
(0.497619 -0.0104855 0)
(0.414832 -0.0247129 0)
(0.345406 -0.0349209 0)
(0.293233 -0.0440184 0)
(0.256642 -0.0507582 0)
(0.23114 -0.0450334 0)
(0.214871 -0.0158589 0)
(0.204127 0.0270277 0)
(0.189933 0.071752 0)
(0.162559 0.110743 0)
(0.1219 0.138372 0)
(0.074311 0.148097 0)
(0.0260348 0.135966 0)
(-0.0150322 0.101389 0)
(-0.0408184 0.0485983 0)
(-0.0512146 -0.0117611 0)
(-0.0455328 -0.0672158 0)
(-0.0278125 -0.108916 0)
(-0.00123133 -0.135061 0)
(0.030899 -0.145627 0)
(0.0654445 -0.139306 0)
(0.101453 -0.111031 0)
(0.134931 -0.0627792 0)
(0.157348 -0.000809498 0)
(0.15849 0.0681552 0)
(0.134062 0.134709 0)
(0.088466 0.186266 0)
(0.0306436 0.211808 0)
(-0.0310691 0.206908 0)
(-0.0824993 0.171932 0)
(-0.107511 0.110041 0)
(-0.108403 0.0333944 0)
(-0.0919512 -0.0428382 0)
(-0.0564797 -0.103352 0)
(-0.0074402 -0.144308 0)
(0.0481305 -0.166425 0)
(0.104035 -0.172728 0)
(0.158697 -0.166216 0)
(0.209463 -0.148553 0)
(0.252865 -0.122143 0)
(0.286262 -0.0909102 0)
(0.308756 -0.0587383 0)
(0.320555 -0.0283809 0)
(0.323454 -0.0018266 0)
(0.31871 0.0188756 0)
(0.308787 0.032455 0)
(0.29627 0.0393327 0)
(0.283111 0.0404838 0)
(0.27062 0.0371375 0)
(0.259959 0.0299583 0)
(0.252238 0.0199316 0)
(0.248161 0.00806133 0)
(0.247979 -0.00468614 0)
(0.252291 -0.01687 0)
(0.260873 -0.0280845 0)
(0.273061 -0.0375035 0)
(0.288149 -0.0443901 0)
(0.305155 -0.048305 0)
(0.323003 -0.0492699 0)
(0.340931 -0.0477002 0)
(0.358437 -0.0439184 0)
(0.374589 -0.0379941 0)
(0.38832 -0.0297797 0)
(0.398734 -0.0195654 0)
(0.40525 -0.00775813 0)
(0.407878 0.00494088 0)
(0.406939 0.0168545 0)
(0.402919 0.0265862 0)
(0.396614 0.0331573 0)
(0.389058 0.0358259 0)
(0.381226 0.0344274 0)
(0.374257 0.0283974 0)
(0.369814 0.0178848 0)
(0.369426 0.00404668 0)
(0.373861 -0.0111397 0)
(0.382974 -0.0246585 0)
(0.395804 -0.0350228 0)
(0.410913 -0.0415709 0)
(0.427105 -0.0444255 0)
(0.44346 -0.0441957 0)
(0.459308 -0.0412569 0)
(0.47403 -0.0356371 0)
(0.486899 -0.0278403 0)
(0.497295 -0.0187268 0)
(0.504839 -0.00935856 0)
(0.509458 -0.000772491 0)
(0.511352 0.00619114 0)
(0.511227 0.0109364 0)
(0.509794 0.0133599 0)
(0.50746 0.0136094 0)
(0.504816 0.011783 0)
(0.502408 0.00730037 0)
(0.501084 0.00124442 0)
(0.501804 -0.00577412 0)
(0.505126 -0.0128245 0)
(0.510909 -0.0190498 0)
(0.518722 -0.0238063 0)
(0.528035 -0.0268549 0)
(2.00008 0.224813 0)
(1.96746 0.228253 0)
(1.93212 0.230231 0)
(1.89396 0.230181 0)
(1.85272 0.227545 0)
(1.80817 0.222005 0)
(1.76019 0.213752 0)
(1.70908 0.203445 0)
(1.65555 0.191708 0)
(1.60068 0.178794 0)
(1.54551 0.164574 0)
(1.49057 0.148575 0)
(1.4357 0.130563 0)
(1.38015 0.111486 0)
(1.32361 0.0940187 0)
(1.26588 0.0809381 0)
(1.20763 0.0735616 0)
(1.14817 0.0697144 0)
(1.0854 0.0655844 0)
(1.01531 0.0591332 0)
(0.932525 0.0494513 0)
(0.835147 0.0401392 0)
(0.732808 0.0394234 0)
(0.644135 0.0554014 0)
(0.578593 0.0841283 0)
(0.536479 0.123657 0)
(0.512573 0.158403 0)
(0.501599 0.174186 0)
(0.496265 0.168742 0)
(0.497894 0.134218 0)
(0.502576 0.0765613 0)
(0.502331 0.00815084 0)
(0.497561 -0.0543637 0)
(0.488582 -0.103185 0)
(0.474202 -0.135596 0)
(0.455059 -0.152071 0)
(0.433479 -0.153634 0)
(0.414577 -0.141295 0)
(0.406527 -0.102105 0)
(0.412682 -0.0315762 0)
(0.424287 0.0641329 0)
(0.426967 0.158168 0)
(0.417616 0.228026 0)
(0.402221 0.259815 0)
(0.383968 0.254836 0)
(0.371869 0.209995 0)
(0.369105 0.128657 0)
(0.370908 0.0305591 0)
(0.379307 -0.0636362 0)
(0.400305 -0.139359 0)
(0.430878 -0.190343 0)
(0.467975 -0.21889 0)
(0.507558 -0.227659 0)
(0.547332 -0.219951 0)
(0.586145 -0.197365 0)
(0.621812 -0.161964 0)
(0.650329 -0.118665 0)
(0.669132 -0.0741152 0)
(0.678221 -0.0332397 0)
(0.679481 0.000866336 0)
(0.674252 0.0270274 0)
(0.664772 0.0446209 0)
(0.653702 0.0540223 0)
(0.64187 0.0557407 0)
(0.63012 0.0507485 0)
(0.61904 0.0409427 0)
(0.609768 0.0274601 0)
(0.603172 0.0114473 0)
(0.600038 -0.00584325 0)
(0.601061 -0.0228665 0)
(0.6053 -0.0384502 0)
(0.611915 -0.0516965 0)
(0.62053 -0.0617134 0)
(0.631201 -0.0671426 0)
(0.643246 -0.0688055 0)
(0.655857 -0.0680736 0)
(0.668877 -0.0640287 0)
(0.682502 -0.0551284 0)
(0.696247 -0.0424365 0)
(0.709002 -0.0269169 0)
(0.719776 -0.0104292 0)
(0.727334 0.0051893 0)
(0.730973 0.0188923 0)
(0.731699 0.0297854 0)
(0.731172 0.0366659 0)
(0.730581 0.0391425 0)
(0.730449 0.0382467 0)
(0.731037 0.0310367 0)
(0.732637 0.0178117 0)
(0.735946 0.000704187 0)
(0.741929 -0.0181497 0)
(0.750359 -0.0349381 0)
(0.760162 -0.0475452 0)
(0.770685 -0.0553056 0)
(0.781348 -0.0584025 0)
(0.791749 -0.057573 0)
(0.80161 -0.0536053 0)
(0.810688 -0.0468443 0)
(0.818438 -0.0377874 0)
(0.824475 -0.0273001 0)
(0.82871 -0.0163894 0)
(0.831415 -0.00615285 0)
(0.833047 0.00238365 0)
(0.834049 0.00852148 0)
(0.834873 0.0120708 0)
(0.835728 0.0134159 0)
(0.836895 0.0130176 0)
(0.838149 0.00978329 0)
(0.839622 0.00358385 0)
(0.841643 -0.00454703 0)
(0.844485 -0.0135904 0)
(0.848064 -0.0219121 0)
(0.852262 -0.0285645 0)
(0.856895 -0.0332722 0)
(2.11608 0.246521 0)
(2.09805 0.251905 0)
(2.07847 0.255938 0)
(2.05714 0.258124 0)
(2.03379 0.258023 0)
(2.00803 0.255344 0)
(1.97959 0.250025 0)
(1.9484 0.242252 0)
(1.91474 0.232318 0)
(1.87911 0.220476 0)
(1.84203 0.206823 0)
(1.80382 0.19141 0)
(1.76451 0.174648 0)
(1.72409 0.157609 0)
(1.68249 0.141802 0)
(1.64044 0.128679 0)
(1.59885 0.118935 0)
(1.55815 0.112308 0)
(1.51816 0.108329 0)
(1.47812 0.107696 0)
(1.43742 0.114544 0)
(1.39496 0.129923 0)
(1.34739 0.143837 0)
(1.29411 0.154144 0)
(1.23552 0.164244 0)
(1.18482 0.175246 0)
(1.15486 0.182087 0)
(1.14288 0.180155 0)
(1.14279 0.164485 0)
(1.15357 0.127093 0)
(1.16552 0.0711106 0)
(1.16889 0.00619512 0)
(1.16151 -0.0487162 0)
(1.14638 -0.088186 0)
(1.12365 -0.111676 0)
(1.09193 -0.118566 0)
(1.05195 -0.109255 0)
(1.00018 -0.0871884 0)
(0.937332 -0.057347 0)
(0.877179 -0.0176158 0)
(0.833906 0.0489891 0)
(0.815529 0.140771 0)
(0.818959 0.215058 0)
(0.830442 0.249022 0)
(0.845793 0.250664 0)
(0.861814 0.218965 0)
(0.870613 0.143204 0)
(0.870237 0.0430684 0)
(0.864533 -0.0619021 0)
(0.860145 -0.149424 0)
(0.861226 -0.209447 0)
(0.86791 -0.240865 0)
(0.880651 -0.25107 0)
(0.897095 -0.248826 0)
(0.915833 -0.231803 0)
(0.937904 -0.196052 0)
(0.962587 -0.149708 0)
(0.988527 -0.0977957 0)
(1.01319 -0.0466695 0)
(1.03377 -0.0020939 0)
(1.04793 0.0317263 0)
(1.05483 0.0532658 0)
(1.05634 0.0630396 0)
(1.05505 0.0648352 0)
(1.05292 0.0621755 0)
(1.0512 0.0518665 0)
(1.05033 0.0368572 0)
(1.05093 0.0189203 0)
(1.05344 -0.000727865 0)
(1.05721 -0.0196157 0)
(1.06101 -0.0360471 0)
(1.0638 -0.0497022 0)
(1.06458 -0.0605004 0)
(1.06291 -0.0679479 0)
(1.0588 -0.0707239 0)
(1.05338 -0.070505 0)
(1.04715 -0.0692906 0)
(1.04109 -0.0662436 0)
(1.03711 -0.0588928 0)
(1.03656 -0.0471571 0)
(1.03972 -0.0308886 0)
(1.04637 -0.0113153 0)
(1.05611 0.00852984 0)
(1.06657 0.0244931 0)
(1.07582 0.0343997 0)
(1.08367 0.0376711 0)
(1.08995 0.0371875 0)
(1.09524 0.0315104 0)
(1.09881 0.0182646 0)
(1.10046 -0.000111794 0)
(1.10049 -0.0206427 0)
(1.10007 -0.0392211 0)
(1.10047 -0.0534382 0)
(1.10211 -0.0622864 0)
(1.10532 -0.0659535 0)
(1.10991 -0.0659622 0)
(1.11557 -0.0631442 0)
(1.12276 -0.0559251 0)
(1.13106 -0.0453472 0)
(1.13962 -0.0322886 0)
(1.14758 -0.0183924 0)
(1.15407 -0.00586651 0)
(1.15874 0.00382862 0)
(1.16171 0.0100639 0)
(1.16327 0.0129177 0)
(1.16417 0.0133046 0)
(1.16501 0.0117091 0)
(1.16643 0.00651186 0)
(1.16861 -0.00104947 0)
(1.17141 -0.0098942 0)
(1.17462 -0.0190404 0)
(1.17798 -0.0270371 0)
(1.18134 -0.0330323 0)
(1.18455 -0.036794 0)
(2.15517 0.260064 0)
(2.14251 0.266576 0)
(2.1288 0.271908 0)
(2.11375 0.275624 0)
(2.09718 0.277318 0)
(2.07891 0.276687 0)
(2.05873 0.273573 0)
(2.03653 0.267978 0)
(2.01241 0.260021 0)
(1.98662 0.249845 0)
(1.95946 0.237598 0)
(1.93119 0.223514 0)
(1.90199 0.208055 0)
(1.87213 0.192118 0)
(1.84194 0.176695 0)
(1.81173 0.162786 0)
(1.78284 0.151495 0)
(1.75616 0.143592 0)
(1.73259 0.139373 0)
(1.7116 0.13904 0)
(1.6934 0.141684 0)
(1.67991 0.147426 0)
(1.67215 0.157144 0)
(1.67073 0.171353 0)
(1.67419 0.187939 0)
(1.68236 0.194768 0)
(1.69595 0.192659 0)
(1.71366 0.183614 0)
(1.73428 0.159381 0)
(1.75423 0.120445 0)
(1.76827 0.0702802 0)
(1.77085 0.0185192 0)
(1.75767 -0.0245455 0)
(1.72928 -0.0560856 0)
(1.68975 -0.0726129 0)
(1.64168 -0.0729862 0)
(1.58693 -0.0588579 0)
(1.5284 -0.031903 0)
(1.46856 0.00651591 0)
(1.40798 0.0517504 0)
(1.34634 0.104765 0)
(1.29748 0.163904 0)
(1.2775 0.210342 0)
(1.27725 0.229829 0)
(1.28691 0.22771 0)
(1.3017 0.193908 0)
(1.31341 0.129904 0)
(1.31535 0.0444907 0)
(1.30481 -0.0498985 0)
(1.28388 -0.134585 0)
(1.25949 -0.199105 0)
(1.23849 -0.239468 0)
(1.22208 -0.254125 0)
(1.2101 -0.253035 0)
(1.20102 -0.238499 0)
(1.19674 -0.207699 0)
(1.19939 -0.167569 0)
(1.20951 -0.123028 0)
(1.22706 -0.0779333 0)
(1.25111 -0.0348165 0)
(1.27943 0.00359353 0)
(1.30857 0.0338195 0)
(1.33418 0.0527002 0)
(1.35635 0.0586311 0)
(1.37648 0.0556484 0)
(1.39549 0.0470398 0)
(1.41295 0.0313014 0)
(1.4293 0.0116147 0)
(1.44425 -0.00849885 0)
(1.45735 -0.0267738 0)
(1.46901 -0.0420483 0)
(1.47976 -0.0536132 0)
(1.48898 -0.0603663 0)
(1.49552 -0.0624342 0)
(1.49961 -0.0614064 0)
(1.50085 -0.0577148 0)
(1.49768 -0.0519931 0)
(1.48884 -0.0445484 0)
(1.47368 -0.0356506 0)
(1.45278 -0.0256953 0)
(1.42887 -0.0158101 0)
(1.40625 -0.00764673 0)
(1.38763 0.000704397 0)
(1.37475 0.0107784 0)
(1.36679 0.0196216 0)
(1.36215 0.0245747 0)
(1.35972 0.0255279 0)
(1.3585 0.0214184 0)
(1.35784 0.0117803 0)
(1.35588 -0.00205389 0)
(1.35163 -0.0185637 0)
(1.34519 -0.0357165 0)
(1.33812 -0.0502957 0)
(1.33212 -0.0604985 0)
(1.32818 -0.0657376 0)
(1.32613 -0.0668373 0)
(1.32569 -0.0660829 0)
(1.32728 -0.0617581 0)
(1.33168 -0.053863 0)
(1.33868 -0.0434328 0)
(1.348 -0.0311192 0)
(1.35894 -0.0179521 0)
(1.36978 -0.00615452 0)
(1.37965 0.00280344 0)
(1.38814 0.00824827 0)
(1.39534 0.0102933 0)
(1.4018 0.00917384 0)
(1.40748 0.00528738 0)
(1.41222 -0.001192 0)
(1.41606 -0.00946307 0)
(1.41942 -0.0187862 0)
(1.42258 -0.027308 0)
(1.42605 -0.0339758 0)
(1.43028 -0.0385551 0)
(2.16966 0.271002 0)
(2.15833 0.278335 0)
(2.14602 0.28466 0)
(2.13254 0.289605 0)
(2.11773 0.292755 0)
(2.10137 0.293757 0)
(2.08334 0.292386 0)
(2.06361 0.288539 0)
(2.04227 0.28221 0)
(2.01954 0.273457 0)
(1.99571 0.262415 0)
(1.97107 0.249326 0)
(1.94588 0.234546 0)
(1.92044 0.218654 0)
(1.89568 0.202732 0)
(1.87231 0.187726 0)
(1.85078 0.174752 0)
(1.8328 0.163494 0)
(1.81907 0.15445 0)
(1.81038 0.148958 0)
(1.80732 0.147382 0)
(1.80933 0.148494 0)
(1.81854 0.15209 0)
(1.83547 0.157234 0)
(1.86086 0.162372 0)
(1.89446 0.164156 0)
(1.93268 0.159535 0)
(1.97265 0.146871 0)
(2.01195 0.12504 0)
(2.0465 0.0926437 0)
(2.07068 0.0537564 0)
(2.08136 0.0176497 0)
(2.07792 -0.0102823 0)
(2.0595 -0.028104 0)
(2.02953 -0.0326172 0)
(1.99174 -0.0239996 0)
(1.94869 -0.00324857 0)
(1.90164 0.0276185 0)
(1.85299 0.0650985 0)
(1.80671 0.106834 0)
(1.76224 0.155311 0)
(1.72542 0.202834 0)
(1.7059 0.23002 0)
(1.69917 0.2353 0)
(1.6955 0.223097 0)
(1.69603 0.187979 0)
(1.69458 0.130295 0)
(1.68451 0.0562931 0)
(1.66094 -0.026022 0)
(1.62446 -0.103027 0)
(1.58104 -0.163376 0)
(1.53579 -0.203578 0)
(1.49395 -0.224124 0)
(1.45733 -0.228188 0)
(1.42486 -0.217539 0)
(1.3991 -0.194341 0)
(1.38231 -0.162369 0)
(1.37487 -0.12549 0)
(1.37633 -0.0882537 0)
(1.38589 -0.0539529 0)
(1.40288 -0.0241669 0)
(1.42637 -0.000216346 0)
(1.45547 0.0162623 0)
(1.48816 0.0240172 0)
(1.51892 0.0238141 0)
(1.54695 0.0168134 0)
(1.57309 0.00446485 0)
(1.59679 -0.0110743 0)
(1.61825 -0.0277868 0)
(1.63872 -0.0440621 0)
(1.65928 -0.0584274 0)
(1.68049 -0.0695075 0)
(1.70251 -0.0761671 0)
(1.72533 -0.0779674 0)
(1.74836 -0.0751737 0)
(1.77039 -0.0682382 0)
(1.78963 -0.0577281 0)
(1.80459 -0.0438235 0)
(1.81359 -0.0262152 0)
(1.81498 -0.00651979 0)
(1.80792 0.0122186 0)
(1.79208 0.027917 0)
(1.76785 0.0387965 0)
(1.73742 0.0457351 0)
(1.70483 0.0476692 0)
(1.67322 0.0453936 0)
(1.6439 0.0401291 0)
(1.61725 0.0326002 0)
(1.59289 0.0209263 0)
(1.57017 0.00599289 0)
(1.54885 -0.0103863 0)
(1.52863 -0.0264715 0)
(1.50949 -0.041053 0)
(1.49232 -0.0529835 0)
(1.47776 -0.0604101 0)
(1.46668 -0.0636485 0)
(1.45871 -0.063977 0)
(1.45313 -0.0622101 0)
(1.45021 -0.0568108 0)
(1.45057 -0.0487491 0)
(1.45378 -0.0387089 0)
(1.45915 -0.0274736 0)
(1.46571 -0.0165949 0)
(1.47243 -0.00771148 0)
(1.47866 -0.00170837 0)
(1.48384 0.00118053 0)
(1.48787 0.000834277 0)
(1.49055 -0.00276276 0)
(1.49222 -0.00881754 0)
(1.49347 -0.0167257 0)
(1.49504 -0.0256604 0)
(1.4975 -0.0342254 0)
(1.50158 -0.0414761 0)
(1.50796 -0.0468488 0)
(2.1777 0.281774 0)
(2.1664 0.29008 0)
(2.15397 0.297525 0)
(2.14026 0.303731 0)
(2.12512 0.30829 0)
(2.10843 0.310824 0)
(2.09012 0.311026 0)
(2.07023 0.308674 0)
(2.04889 0.303638 0)
(2.02634 0.295888 0)
(2.00292 0.285525 0)
(1.97896 0.272796 0)
(1.95487 0.258067 0)
(1.93099 0.2417 0)
(1.908 0.224432 0)
(1.88685 0.207355 0)
(1.86863 0.191212 0)
(1.85452 0.17608 0)
(1.84509 0.162686 0)
(1.84064 0.15198 0)
(1.84171 0.143483 0)
(1.8504 0.137337 0)
(1.86687 0.133039 0)
(1.89126 0.129658 0)
(1.92388 0.126288 0)
(1.96405 0.120935 0)
(2.0095 0.112028 0)
(2.0575 0.0988472 0)
(2.10504 0.0805799 0)
(2.14752 0.0581089 0)
(2.17889 0.030756 0)
(2.19752 0.00753477 0)
(2.20411 -0.00554184 0)
(2.20056 -0.0104931 0)
(2.18603 -0.00568748 0)
(2.16379 0.00935761 0)
(2.13649 0.0337151 0)
(2.10624 0.0661223 0)
(2.07586 0.103404 0)
(2.04724 0.1433 0)
(2.01944 0.187432 0)
(1.9989 0.224432 0)
(1.98915 0.241818 0)
(1.98328 0.243302 0)
(1.97662 0.229044 0)
(1.9697 0.195405 0)
(1.9577 0.143675 0)
(1.93629 0.0795209 0)
(1.90266 0.0102391 0)
(1.8558 -0.0564423 0)
(1.8003 -0.111812 0)
(1.7416 -0.151743 0)
(1.68405 -0.175244 0)
(1.63055 -0.183663 0)
(1.58295 -0.179351 0)
(1.54301 -0.164513 0)
(1.5122 -0.142028 0)
(1.49116 -0.115248 0)
(1.47956 -0.0874231 0)
(1.47651 -0.0609236 0)
(1.48132 -0.0375385 0)
(1.49303 -0.0193606 0)
(1.50996 -0.00802048 0)
(1.52997 -0.00364989 0)
(1.55183 -0.00491214 0)
(1.57512 -0.0110202 0)
(1.59918 -0.0218073 0)
(1.62332 -0.0363429 0)
(1.64737 -0.0530952 0)
(1.67176 -0.0701451 0)
(1.69693 -0.0856547 0)
(1.72361 -0.0982488 0)
(1.75232 -0.106646 0)
(1.7835 -0.109942 0)
(1.81712 -0.107751 0)
(1.85226 -0.0998772 0)
(1.88777 -0.0864318 0)
(1.92187 -0.0678338 0)
(1.95052 -0.044701 0)
(1.97745 -0.018628 0)
(2.00023 0.00735505 0)
(2.01513 0.0314829 0)
(2.02039 0.0537661 0)
(2.01456 0.0726258 0)
(1.99765 0.0831585 0)
(1.97034 0.0864112 0)
(1.93431 0.0826251 0)
(1.89302 0.0732969 0)
(1.84951 0.0594273 0)
(1.80547 0.0421647 0)
(1.7622 0.0231104 0)
(1.72092 0.00399136 0)
(1.6826 -0.0136843 0)
(1.64784 -0.0286726 0)
(1.61728 -0.0401059 0)
(1.59148 -0.0477805 0)
(1.57031 -0.0519756 0)
(1.55317 -0.0528658 0)
(1.53982 -0.0507927 0)
(1.52985 -0.0463127 0)
(1.52285 -0.038926 0)
(1.51829 -0.0293015 0)
(1.51536 -0.0190477 0)
(1.51323 -0.0101974 0)
(1.51104 -0.00380203 0)
(1.50864 5.65954e-05 0)
(1.50544 0.00145976 0)
(1.50087 -0.000396415 0)
(1.49612 -0.00558384 0)
(1.49191 -0.0135836 0)
(1.48863 -0.0235234 0)
(1.48687 -0.0341616 0)
(1.48832 -0.0444783 0)
(1.49371 -0.053857 0)
(2.18483 0.292764 0)
(2.17306 0.302239 0)
(2.15988 0.311023 0)
(2.14512 0.318721 0)
(2.12864 0.324897 0)
(2.11037 0.329107 0)
(2.09033 0.330949 0)
(2.06866 0.330104 0)
(2.04562 0.326353 0)
(2.02154 0.319592 0)
(1.99685 0.309864 0)
(1.97202 0.297378 0)
(1.94754 0.282429 0)
(1.9239 0.265331 0)
(1.90178 0.246692 0)
(1.88184 0.227026 0)
(1.86499 0.20677 0)
(1.85215 0.186841 0)
(1.84394 0.168614 0)
(1.84118 0.152272 0)
(1.8452 0.137142 0)
(1.85667 0.123485 0)
(1.87585 0.111066 0)
(1.90291 0.0996215 0)
(1.93768 0.0886147 0)
(1.97926 0.0771064 0)
(2.02585 0.0644197 0)
(2.07527 0.0502227 0)
(2.12434 0.0346117 0)
(2.17 0.0181945 0)
(2.20881 0.00269835 0)
(2.23587 -0.00780536 0)
(2.24991 -0.0116524 0)
(2.25646 -0.0082679 0)
(2.25504 0.00446667 0)
(2.2461 0.0257424 0)
(2.23226 0.054442 0)
(2.21556 0.0887753 0)
(2.19826 0.125746 0)
(2.18099 0.164609 0)
(2.16479 0.204194 0)
(2.15411 0.233961 0)
(2.14902 0.247498 0)
(2.14375 0.248762 0)
(2.13602 0.235783 0)
(2.12528 0.207015 0)
(2.10762 0.163775 0)
(2.07993 0.110446 0)
(2.04116 0.0530566 0)
(1.99106 -0.00264854 0)
(1.9316 -0.0516007 0)
(1.86807 -0.0892562 0)
(1.80425 -0.114352 0)
(1.74333 -0.127408 0)
(1.68782 -0.129867 0)
(1.63958 -0.123472 0)
(1.5999 -0.110341 0)
(1.56945 -0.0928306 0)
(1.5482 -0.0735827 0)
(1.53537 -0.0553277 0)
(1.52969 -0.0400502 0)
(1.52998 -0.0285084 0)
(1.53585 -0.0211732 0)
(1.54593 -0.0191968 0)
(1.55861 -0.0223596 0)
(1.57325 -0.0303916 0)
(1.58959 -0.0428492 0)
(1.60735 -0.0586319 0)
(1.62639 -0.0761744 0)
(1.64695 -0.0939051 0)
(1.66955 -0.110527 0)
(1.69491 -0.124892 0)
(1.72374 -0.135817 0)
(1.75657 -0.142211 0)
(1.79358 -0.143181 0)
(1.83453 -0.138 0)
(1.87875 -0.126262 0)
(1.92544 -0.107934 0)
(1.97332 -0.0840705 0)
(2.01993 -0.0559795 0)
(2.06241 -0.0244412 0)
(2.09804 0.00851416 0)
(2.12291 0.0414285 0)
(2.14017 0.0688811 0)
(2.14718 0.0911628 0)
(2.14224 0.108309 0)
(2.1244 0.116695 0)
(2.09451 0.116814 0)
(2.05436 0.108724 0)
(2.00683 0.0940712 0)
(1.95488 0.0749822 0)
(1.90118 0.0536767 0)
(1.84846 0.0324228 0)
(1.79839 0.0129135 0)
(1.75238 -0.00360662 0)
(1.71136 -0.0164964 0)
(1.67566 -0.0256824 0)
(1.64521 -0.0313262 0)
(1.61962 -0.0334436 0)
(1.59815 -0.0320848 0)
(1.57984 -0.0274158 0)
(1.56402 -0.0201046 0)
(1.55006 -0.0115351 0)
(1.53708 -0.00327495 0)
(1.52425 0.00340902 0)
(1.51131 0.0077257 0)
(1.4987 0.00916063 0)
(1.48694 0.00705006 0)
(1.47672 0.00106875 0)
(1.46877 -0.00833071 0)
(1.46396 -0.0204949 0)
(1.46311 -0.0342612 0)
(1.46665 -0.0485245 0)
(1.47463 -0.0625423 0)
(2.19308 0.304088 0)
(2.18081 0.315032 0)
(2.16676 0.325497 0)
(2.15069 0.335045 0)
(2.13246 0.343156 0)
(2.112 0.349283 0)
(2.08942 0.352903 0)
(2.06495 0.353573 0)
(2.03899 0.350975 0)
(2.01203 0.344929 0)
(1.98463 0.335415 0)
(1.95739 0.322596 0)
(1.93097 0.306744 0)
(1.90593 0.288133 0)
(1.88303 0.267257 0)
(1.86302 0.244671 0)
(1.84663 0.221011 0)
(1.83449 0.197102 0)
(1.82727 0.173634 0)
(1.82595 0.150627 0)
(1.83152 0.128237 0)
(1.84439 0.106848 0)
(1.86483 0.086625 0)
(1.89293 0.0675656 0)
(1.92836 0.0495299 0)
(1.97025 0.0323114 0)
(2.01703 0.0157939 0)
(2.06686 6.45766e-05 0)
(2.11759 -0.0143415 0)
(2.1661 -0.0260411 0)
(2.20874 -0.0330554 0)
(2.2427 -0.0335795 0)
(2.26761 -0.0278115 0)
(2.28465 -0.0153899 0)
(2.2931 0.00478522 0)
(2.29371 0.0319535 0)
(2.28874 0.0647693 0)
(2.28012 0.101105 0)
(2.26948 0.138752 0)
(2.25747 0.17742 0)
(2.24639 0.213544 0)
(2.23869 0.239659 0)
(2.23338 0.252613 0)
(2.22614 0.255296 0)
(2.21589 0.24579 0)
(2.2015 0.223196 0)
(2.17995 0.188735 0)
(2.1491 0.145664 0)
(2.10838 0.0986114 0)
(2.0585 0.0522692 0)
(2.00066 0.0100494 0)
(1.93789 -0.0250792 0)
(1.87418 -0.0510208 0)
(1.81224 -0.0676393 0)
(1.75439 -0.0757202 0)
(1.70227 -0.0765071 0)
(1.65712 -0.0716119 0)
(1.61984 -0.0629561 0)
(1.59084 -0.0524353 0)
(1.56993 -0.0415896 0)
(1.55614 -0.0320084 0)
(1.54842 -0.025915 0)
(1.54522 -0.0237939 0)
(1.54407 -0.0252579 0)
(1.54544 -0.0313041 0)
(1.54928 -0.0416487 0)
(1.55497 -0.0556884 0)
(1.56283 -0.0727679 0)
(1.57353 -0.0920258 0)
(1.58806 -0.112446 0)
(1.60748 -0.13281 0)
(1.63249 -0.151727 0)
(1.66324 -0.167729 0)
(1.69958 -0.179373 0)
(1.74116 -0.185385 0)
(1.78747 -0.184721 0)
(1.83784 -0.176663 0)
(1.89139 -0.160914 0)
(1.94694 -0.137648 0)
(2.00281 -0.107284 0)
(2.05699 -0.0706384 0)
(2.10647 -0.0302481 0)
(2.1488 0.0104947 0)
(2.18178 0.0484896 0)
(2.20294 0.0818566 0)
(2.21321 0.109024 0)
(2.21281 0.130163 0)
(2.19884 0.143989 0)
(2.17212 0.147377 0)
(2.13418 0.141432 0)
(2.08726 0.128426 0)
(2.03399 0.110241 0)
(1.97719 0.0889743 0)
(1.92014 0.0671492 0)
(1.86523 0.0467488 0)
(1.81392 0.0289095 0)
(1.76722 0.0142711 0)
(1.72555 0.00326853 0)
(1.68875 -0.00369258 0)
(1.65614 -0.00633831 0)
(1.62687 -0.00468583 0)
(1.60016 0.000574528 0)
(1.57534 0.00796891 0)
(1.55198 0.0156163 0)
(1.52984 0.0218092 0)
(1.50923 0.0253272 0)
(1.49081 0.0253552 0)
(1.47517 0.0210817 0)
(1.46288 0.0120134 0)
(1.45516 -0.00136365 0)
(1.45222 -0.0181219 0)
(1.45273 -0.0367831 0)
(1.45899 -0.055979 0)
(1.46982 -0.0747713 0)
(2.20323 0.315747 0)
(2.19072 0.328496 0)
(2.176 0.341061 0)
(2.15874 0.35295 0)
(2.1387 0.363536 0)
(2.11582 0.372109 0)
(2.09025 0.377959 0)
(2.06235 0.380467 0)
(2.03268 0.379176 0)
(2.0019 0.37382 0)
(1.97075 0.364329 0)
(1.93999 0.350839 0)
(1.91043 0.333624 0)
(1.88275 0.312954 0)
(1.85778 0.289288 0)
(1.83624 0.263198 0)
(1.81882 0.235353 0)
(1.80616 0.206553 0)
(1.79904 0.177323 0)
(1.79836 0.147834 0)
(1.80473 0.118533 0)
(1.81849 0.089844 0)
(1.83993 0.0621292 0)
(1.86909 0.0356897 0)
(1.90559 0.0108483 0)
(1.94865 -0.0120606 0)
(1.99701 -0.0326713 0)
(2.0492 -0.050504 0)
(2.10279 -0.064475 0)
(2.15491 -0.0728837 0)
(2.20316 -0.0740023 0)
(2.24513 -0.0670578 0)
(2.27907 -0.0530407 0)
(2.30463 -0.0321803 0)
(2.32124 -0.00398551 0)
(2.32917 0.0301465 0)
(2.33017 0.0682904 0)
(2.32593 0.108202 0)
(2.31767 0.148448 0)
(2.30691 0.187571 0)
(2.2961 0.221935 0)
(2.28673 0.246701 0)
(2.27763 0.260769 0)
(2.26587 0.26571 0)
(2.25123 0.260016 0)
(2.23264 0.24313 0)
(2.2079 0.216213 0)
(2.17547 0.181855 0)
(2.13479 0.14346 0)
(2.08645 0.104626 0)
(2.03185 0.0683146 0)
(1.97266 0.0364521 0)
(1.9119 0.010753 0)
(1.85193 -0.00811551 0)
(1.79458 -0.0203022 0)
(1.74134 -0.0265304 0)
(1.69339 -0.0281105 0)
(1.65183 -0.0267279 0)
(1.61732 -0.0239657 0)
(1.58977 -0.0209307 0)
(1.56816 -0.0182558 0)
(1.55063 -0.0164025 0)
(1.53537 -0.0161904 0)
(1.5215 -0.0193301 0)
(1.50948 -0.0271336 0)
(1.50038 -0.0394703 0)
(1.49576 -0.0562016 0)
(1.49734 -0.0773059 0)
(1.50648 -0.101963 0)
(1.52355 -0.128768 0)
(1.54826 -0.156011 0)
(1.5798 -0.181669 0)
(1.61707 -0.203838 0)
(1.65909 -0.220927 0)
(1.70513 -0.231692 0)
(1.75468 -0.235154 0)
(1.80729 -0.230572 0)
(1.86243 -0.217514 0)
(1.91939 -0.195854 0)
(1.97714 -0.165725 0)
(2.03446 -0.127458 0)
(2.0897 -0.0822795 0)
(2.13966 -0.0336015 0)
(2.18161 0.0148214 0)
(2.21342 0.059568 0)
(2.2341 0.0983587 0)
(2.24138 0.130972 0)
(2.2402 0.156018 0)
(2.2271 0.172956 0)
(2.19988 0.178775 0)
(2.16202 0.1751 0)
(2.11506 0.163637 0)
(2.06152 0.146179 0)
(2.00424 0.124995 0)
(1.94636 0.102716 0)
(1.8904 0.0815057 0)
(1.83766 0.0626674 0)
(1.78881 0.0471981 0)
(1.74393 0.0360056 0)
(1.7026 0.0297549 0)
(1.66426 0.0285211 0)
(1.62851 0.0314423 0)
(1.59517 0.036764 0)
(1.56425 0.0423604 0)
(1.53602 0.0462799 0)
(1.51091 0.0470372 0)
(1.48949 0.0435958 0)
(1.47229 0.0351343 0)
(1.45992 0.0213717 0)
(1.45287 0.00320931 0)
(1.45094 -0.0180413 0)
(1.45258 -0.041264 0)
(1.46003 -0.0652414 0)
(1.47152 -0.0884908 0)
(2.21536 0.327289 0)
(2.20288 0.342373 0)
(2.18778 0.357654 0)
(2.16956 0.372548 0)
(2.14781 0.386266 0)
(2.12241 0.397892 0)
(2.09355 0.406493 0)
(2.06171 0.41124 0)
(2.02766 0.411505 0)
(1.9923 0.406918 0)
(1.95656 0.397356 0)
(1.92141 0.382939 0)
(1.8878 0.363971 0)
(1.85657 0.340783 0)
(1.82851 0.313794 0)
(1.80443 0.283647 0)
(1.78502 0.251085 0)
(1.771 0.216819 0)
(1.76315 0.181291 0)
(1.76223 0.144933 0)
(1.76872 0.108267 0)
(1.78304 0.0718213 0)
(1.80549 0.0361944 0)
(1.83604 0.00206088 0)
(1.87444 -0.0299327 0)
(1.92007 -0.0590838 0)
(1.9719 -0.0845881 0)
(2.02855 -0.105364 0)
(2.08783 -0.119809 0)
(2.14687 -0.126062 0)
(2.20316 -0.122601 0)
(2.25384 -0.109071 0)
(2.29633 -0.0868077 0)
(2.32932 -0.0567959 0)
(2.35222 -0.0194743 0)
(2.3652 0.0229476 0)
(2.36951 0.0680172 0)
(2.36647 0.11369 0)
(2.35767 0.157835 0)
(2.34524 0.198557 0)
(2.33156 0.232912 0)
(2.31767 0.258073 0)
(2.30276 0.273796 0)
(2.28543 0.280843 0)
(2.26581 0.27842 0)
(2.24302 0.26644 0)
(2.21525 0.245968 0)
(2.18134 0.218892 0)
(2.14085 0.187713 0)
(2.09417 0.155147 0)
(2.0424 0.123581 0)
(1.9868 0.0946108 0)
(1.92926 0.0696026 0)
(1.87172 0.0495542 0)
(1.81561 0.034672 0)
(1.76238 0.0244355 0)
(1.71336 0.01767 0)
(1.66945 0.013054 0)
(1.63061 0.00983455 0)
(1.59568 0.00794436 0)
(1.56314 0.00732177 0)
(1.53223 0.00708016 0)
(1.50331 0.00547189 0)
(1.47774 0.00035094 0)
(1.45726 -0.0105437 0)
(1.44443 -0.0286711 0)
(1.44184 -0.0535031 0)
(1.44949 -0.084078 0)
(1.46654 -0.11857 0)
(1.49327 -0.154383 0)
(1.52655 -0.189015 0)
(1.56482 -0.220389 0)
(1.60667 -0.246855 0)
(1.65141 -0.267318 0)
(1.69867 -0.280921 0)
(1.74822 -0.286896 0)
(1.79992 -0.284532 0)
(1.85351 -0.273242 0)
(1.90846 -0.252685 0)
(1.96407 -0.222738 0)
(2.0194 -0.183566 0)
(2.07337 -0.135842 0)
(2.12413 -0.081659 0)
(2.16859 -0.0251656 0)
(2.20437 0.0300229 0)
(2.22989 0.0806591 0)
(2.24385 0.124344 0)
(2.2465 0.159838 0)
(2.24232 0.187238 0)
(2.22383 0.20589 0)
(2.19497 0.213208 0)
(2.15603 0.210472 0)
(2.10877 0.199375 0)
(2.0557 0.181892 0)
(1.9993 0.160365 0)
(1.94233 0.137514 0)
(1.88696 0.115777 0)
(1.83406 0.0969324 0)
(1.78401 0.0824125 0)
(1.73677 0.0731478 0)
(1.69225 0.0691911 0)
(1.65047 0.0694791 0)
(1.61164 0.0720483 0)
(1.57608 0.0745931 0)
(1.54419 0.0750381 0)
(1.51645 0.0718319 0)
(1.49333 0.0638566 0)
(1.4753 0.0502864 0)
(1.4628 0.0312964 0)
(1.45554 0.00796861 0)
(1.45334 -0.0182198 0)
(1.45599 -0.0461513 0)
(1.46306 -0.0745565 0)
(1.47426 -0.101962 0)
(2.23319 0.338228 0)
(2.22076 0.355747 0)
(2.20518 0.374218 0)
(2.18573 0.392967 0)
(2.16187 0.410905 0)
(2.13338 0.426674 0)
(2.10049 0.438922 0)
(2.06386 0.446531 0)
(2.02449 0.448707 0)
(1.98355 0.444997 0)
(1.94225 0.435265 0)
(1.90175 0.419649 0)
(1.86315 0.398503 0)
(1.82747 0.372284 0)
(1.79553 0.341471 0)
(1.76812 0.306747 0)
(1.74601 0.268868 0)
(1.72993 0.228475 0)
(1.72065 0.186114 0)
(1.71881 0.14237 0)
(1.72496 0.0978075 0)
(1.7396 0.0530923 0)
(1.76303 0.00907696 0)
(1.79541 -0.0333255 0)
(1.83667 -0.073234 0)
(1.8864 -0.109581 0)
(1.94362 -0.141086 0)
(2.00681 -0.166075 0)
(2.07394 -0.182355 0)
(2.14216 -0.187615 0)
(2.20874 -0.180117 0)
(2.27024 -0.159543 0)
(2.32284 -0.127741 0)
(2.36382 -0.0870728 0)
(2.39218 -0.0393803 0)
(2.40836 0.0129733 0)
(2.41357 0.0671204 0)
(2.4093 0.120141 0)
(2.39757 0.169543 0)
(2.38106 0.213186 0)
(2.36221 0.248974 0)
(2.34201 0.275558 0)
(2.32035 0.293138 0)
(2.29675 0.302272 0)
(2.27125 0.302582 0)
(2.24336 0.294277 0)
(2.21183 0.27846 0)
(2.17588 0.256743 0)
(2.13512 0.231012 0)
(2.08965 0.203329 0)
(2.04016 0.175662 0)
(1.98759 0.149428 0)
(1.9329 0.125626 0)
(1.87759 0.10529 0)
(1.82294 0.0887943 0)
(1.77017 0.0756358 0)
(1.72047 0.0649551 0)
(1.67397 0.0562561 0)
(1.62974 0.0499128 0)
(1.58653 0.0464045 0)
(1.54398 0.0449073 0)
(1.50348 0.043089 0)
(1.46738 0.0380282 0)
(1.43835 0.0266613 0)
(1.4194 0.00591758 0)
(1.41324 -0.0238496 0)
(1.41824 -0.060573 0)
(1.4355 -0.102031 0)
(1.46161 -0.145602 0)
(1.494 -0.188281 0)
(1.53051 -0.227401 0)
(1.56987 -0.261702 0)
(1.61148 -0.29047 0)
(1.65513 -0.313042 0)
(1.70086 -0.328707 0)
(1.74857 -0.336664 0)
(1.79818 -0.33613 0)
(1.84954 -0.326344 0)
(1.90217 -0.306709 0)
(1.95537 -0.276904 0)
(2.00822 -0.236912 0)
(2.05967 -0.187146 0)
(2.10846 -0.128904 0)
(2.15225 -0.0655733 0)
(2.18862 -0.00163766 0)
(2.21611 0.0589806 0)
(2.23375 0.112984 0)
(2.2408 0.158651 0)
(2.238 0.196136 0)
(2.22531 0.224976 0)
(2.20256 0.243213 0)
(2.17031 0.249873 0)
(2.12941 0.246341 0)
(2.08173 0.234297 0)
(2.02932 0.215869 0)
(1.97427 0.19368 0)
(1.91885 0.170808 0)
(1.86452 0.14998 0)
(1.81186 0.133115 0)
(1.76129 0.121324 0)
(1.71314 0.114647 0)
(1.66785 0.111929 0)
(1.62588 0.11111 0)
(1.58768 0.109836 0)
(1.55371 0.106022 0)
(1.52443 0.0980732 0)
(1.50027 0.0848027 0)
(1.48166 0.0656692 0)
(1.4687 0.0412943 0)
(1.46095 0.0128151 0)
(1.45822 -0.0183386 0)
(1.46025 -0.0508652 0)
(1.46675 -0.0834854 0)
(1.47741 -0.114937 0)
(2.25603 0.350152 0)
(2.24534 0.370809 0)
(2.23062 0.392973 0)
(2.21066 0.415959 0)
(2.18466 0.43865 0)
(2.15231 0.459383 0)
(2.11411 0.476194 0)
(2.07115 0.487412 0)
(2.02487 0.491941 0)
(1.97681 0.48924 0)
(1.92851 0.4792 0)
(1.88136 0.462042 0)
(1.83665 0.438236 0)
(1.79548 0.408385 0)
(1.75876 0.373136 0)
(1.72727 0.333198 0)
(1.70176 0.289331 0)
(1.68297 0.242222 0)
(1.67163 0.192478 0)
(1.66839 0.140686 0)
(1.67381 0.0875166 0)
(1.68844 0.0337938 0)
(1.71288 -0.019509 0)
(1.74765 -0.0713871 0)
(1.79256 -0.120742 0)
(1.84656 -0.166016 0)
(1.90799 -0.205232 0)
(1.97526 -0.236058 0)
(2.04704 -0.255836 0)
(2.12204 -0.261855 0)
(2.1984 -0.251705 0)
(2.27295 -0.224192 0)
(2.34032 -0.180984 0)
(2.39491 -0.125959 0)
(2.43332 -0.0637752 0)
(2.45552 0.00146461 0)
(2.46272 0.0671906 0)
(2.45653 0.130045 0)
(2.44018 0.18615 0)
(2.41753 0.233681 0)
(2.39152 0.27186 0)
(2.36346 0.300284 0)
(2.33392 0.3194 0)
(2.30315 0.329914 0)
(2.2712 0.332013 0)
(2.23794 0.326213 0)
(2.20245 0.313666 0)
(2.1641 0.295774 0)
(2.12249 0.274078 0)
(2.07755 0.250183 0)
(2.02956 0.225633 0)
(1.97912 0.201746 0)
(1.92678 0.179436 0)
(1.87333 0.1594 0)
(1.82007 0.141976 0)
(1.76791 0.126843 0)
(1.71741 0.113847 0)
(1.66795 0.103571 0)
(1.61836 0.0968559 0)
(1.56862 0.0932189 0)
(1.52028 0.0900551 0)
(1.47623 0.0838046 0)
(1.43978 0.0711571 0)
(1.41397 0.0484656 0)
(1.40287 0.0146986 0)
(1.40364 -0.0276826 0)
(1.41731 -0.0758709 0)
(1.44011 -0.126865 0)
(1.46904 -0.176878 0)
(1.50209 -0.223237 0)
(1.53797 -0.264952 0)
(1.57601 -0.301425 0)
(1.61585 -0.332161 0)
(1.65735 -0.356663 0)
(1.70063 -0.374295 0)
(1.74582 -0.384227 0)
(1.79281 -0.385537 0)
(1.84158 -0.377295 0)
(1.89174 -0.358625 0)
(1.9426 -0.328933 0)
(1.99321 -0.288032 0)
(2.04245 -0.23621 0)
(2.08917 -0.174469 0)
(2.13176 -0.105368 0)
(2.16781 -0.0338475 0)
(2.19582 0.0356313 0)
(2.21474 0.0995762 0)
(2.22381 0.155695 0)
(2.2231 0.202988 0)
(2.21343 0.240708 0)
(2.19498 0.26802 0)
(2.16753 0.283734 0)
(2.13203 0.287842 0)
(2.08953 0.281846 0)
(2.04166 0.267666 0)
(1.99012 0.247836 0)
(1.93654 0.225451 0)
(1.88272 0.203863 0)
(1.82962 0.185531 0)
(1.77791 0.171724 0)
(1.72829 0.162476 0)
(1.68145 0.156627 0)
(1.63801 0.152148 0)
(1.59854 0.146738 0)
(1.56352 0.138331 0)
(1.53341 0.125285 0)
(1.50863 0.106475 0)
(1.48952 0.0818271 0)
(1.47587 0.0520912 0)
(1.46738 0.0184973 0)
(1.4639 -0.017562 0)
(1.46522 -0.0547423 0)
(1.47105 -0.0917037 0)
(1.48115 -0.127307 0)
(2.2673 0.355383 0)
(2.26205 0.380478 0)
(2.25245 0.409042 0)
(2.23609 0.439787 0)
(2.21112 0.47019 0)
(2.17677 0.497734 0)
(2.13374 0.520284 0)
(2.08385 0.535869 0)
(2.02941 0.5431 0)
(1.97273 0.541368 0)
(1.91588 0.530687 0)
(1.86064 0.511461 0)
(1.80853 0.484347 0)
(1.76074 0.450139 0)
(1.71825 0.40968 0)
(1.68184 0.363775 0)
(1.65221 0.313203 0)
(1.63 0.258669 0)
(1.61588 0.200849 0)
(1.6105 0.140418 0)
(1.6144 0.0779023 0)
(1.62848 0.0141629 0)
(1.6538 -0.0498159 0)
(1.68962 -0.112883 0)
(1.73371 -0.172978 0)
(1.78292 -0.226524 0)
(1.83643 -0.271664 0)
(1.89536 -0.307091 0)
(1.96116 -0.330867 0)
(2.0355 -0.340397 0)
(2.11838 -0.332262 0)
(2.20744 -0.302935 0)
(2.29639 -0.251463 0)
(2.37672 -0.181132 0)
(2.43915 -0.100685 0)
(2.48084 -0.0173002 0)
(2.49644 0.0653386 0)
(2.49664 0.141773 0)
(2.48033 0.208238 0)
(2.45228 0.261554 0)
(2.4191 0.302865 0)
(2.38279 0.333139 0)
(2.34498 0.353362 0)
(2.3067 0.364613 0)
(2.26811 0.367583 0)
(2.22924 0.363068 0)
(2.18958 0.352345 0)
(2.14848 0.336765 0)
(2.10555 0.317664 0)
(2.06052 0.296367 0)
(2.01338 0.274158 0)
(1.96435 0.252192 0)
(1.91374 0.231307 0)
(1.86199 0.211898 0)
(1.81006 0.194159 0)
(1.75842 0.178223 0)
(1.70681 0.164771 0)
(1.65443 0.15491 0)
(1.60095 0.148792 0)
(1.54771 0.144251 0)
(1.4977 0.137337 0)
(1.45456 0.123932 0)
(1.4216 0.100036 0)
(1.40328 0.0634943 0)
(1.39945 0.0161689 0)
(1.40522 -0.0382774 0)
(1.42361 -0.0962519 0)
(1.44812 -0.153792 0)
(1.47724 -0.207831 0)
(1.50973 -0.257222 0)
(1.54456 -0.301268 0)
(1.5811 -0.339553 0)
(1.61899 -0.37184 0)
(1.6581 -0.397869 0)
(1.69853 -0.417158 0)
(1.7406 -0.428891 0)
(1.78433 -0.432004 0)
(1.82977 -0.425374 0)
(1.87671 -0.407835 0)
(1.92455 -0.37847 0)
(1.97238 -0.336854 0)
(2.0191 -0.283155 0)
(2.06354 -0.218244 0)
(2.1044 -0.144248 0)
(2.13966 -0.0657092 0)
(2.16743 0.0119958 0)
(2.18675 0.0850159 0)
(2.19699 0.150588 0)
(2.19811 0.207044 0)
(2.19073 0.253358 0)
(2.17557 0.288805 0)
(2.15235 0.312784 0)
(2.12144 0.32442 0)
(2.08383 0.324591 0)
(2.04059 0.315197 0)
(1.99311 0.298676 0)
(1.94275 0.278093 0)
(1.89088 0.256832 0)
(1.83898 0.237823 0)
(1.78788 0.222521 0)
(1.73844 0.211001 0)
(1.69152 0.202133 0)
(1.64786 0.193986 0)
(1.60808 0.184359 0)
(1.57274 0.171221 0)
(1.54231 0.152935 0)
(1.51724 0.128639 0)
(1.49767 0.0985531 0)
(1.48337 0.0635305 0)
(1.47421 0.024843 0)
(1.47007 -0.0161334 0)
(1.47076 -0.0580045 0)
(1.47605 -0.0993782 0)
(1.48569 -0.139195 0)
(2.25891 0.357658 0)
(2.25954 0.384684 0)
(2.25814 0.417357 0)
(2.25067 0.456184 0)
(2.23045 0.49831 0)
(2.1973 0.537842 0)
(2.15176 0.569835 0)
(2.09621 0.592083 0)
(2.03389 0.603265 0)
(1.9682 0.602916 0)
(1.90204 0.591351 0)
(1.83778 0.569404 0)
(1.77728 0.53814 0)
(1.72199 0.498688 0)
(1.67289 0.452107 0)
(1.6307 0.399356 0)
(1.59606 0.341363 0)
(1.56961 0.278799 0)
(1.55195 0.212181 0)
(1.54318 0.142442 0)
(1.5441 0.0702842 0)
(1.55665 -0.00517147 0)
(1.57886 -0.0817769 0)
(1.60309 -0.152411 0)
(1.62488 -0.214037 0)
(1.6425 -0.266089 0)
(1.66293 -0.312563 0)
(1.69499 -0.354388 0)
(1.74568 -0.390014 0)
(1.81801 -0.414525 0)
(1.91103 -0.420446 0)
(2.02065 -0.400208 0)
(2.13965 -0.349169 0)
(2.25762 -0.268634 0)
(2.36139 -0.167891 0)
(2.43872 -0.057951 0)
(2.47975 0.0512203 0)
(2.49474 0.147739 0)
(2.49408 0.228996 0)
(2.47167 0.293854 0)
(2.43757 0.34144 0)
(2.39664 0.374459 0)
(2.35234 0.395467 0)
(2.30728 0.40663 0)
(2.26252 0.409397 0)
(2.21823 0.404911 0)
(2.17437 0.394604 0)
(2.13041 0.379925 0)
(2.08588 0.362144 0)
(2.04039 0.342411 0)
(1.99366 0.32182 0)
(1.94557 0.301361 0)
(1.89625 0.281683 0)
(1.84603 0.263001 0)
(1.79526 0.245513 0)
(1.74388 0.229951 0)
(1.69128 0.21757 0)
(1.63679 0.209131 0)
(1.58095 0.203333 0)
(1.52684 0.196405 0)
(1.47818 0.183451 0)
(1.43865 0.159655 0)
(1.41195 0.122188 0)
(1.40086 0.0718314 0)
(1.40019 0.0123149 0)
(1.41128 -0.0523663 0)
(1.43118 -0.118118 0)
(1.45615 -0.180733 0)
(1.48524 -0.238493 0)
(1.51719 -0.290503 0)
(1.55099 -0.336334 0)
(1.58599 -0.375887 0)
(1.62179 -0.409204 0)
(1.65825 -0.436265 0)
(1.69547 -0.45678 0)
(1.73386 -0.470016 0)
(1.77373 -0.474799 0)
(1.8151 -0.469768 0)
(1.85798 -0.453489 0)
(1.90193 -0.4247 0)
(1.94616 -0.382672 0)
(1.98963 -0.327411 0)
(2.0312 -0.259732 0)
(2.0697 -0.181541 0)
(2.10354 -0.0967796 0)
(2.1307 -0.0114725 0)
(2.15011 0.0699551 0)
(2.16124 0.144255 0)
(2.164 0.209197 0)
(2.15876 0.263465 0)
(2.14624 0.30637 0)
(2.1269 0.337519 0)
(2.1004 0.356364 0)
(2.0675 0.362704 0)
(2.02901 0.358306 0)
(1.98597 0.345603 0)
(1.93954 0.327584 0)
(1.89087 0.307549 0)
(1.84135 0.288507 0)
(1.79211 0.27219 0)
(1.74409 0.258757 0)
(1.69821 0.247163 0)
(1.65527 0.235581 0)
(1.61598 0.221899 0)
(1.58094 0.204109 0)
(1.55067 0.180687 0)
(1.52562 0.151134 0)
(1.50575 0.115776 0)
(1.49102 0.0755818 0)
(1.48139 0.0318225 0)
(1.47679 -0.0141117 0)
(1.47708 -0.0607354 0)
(1.48202 -0.106622 0)
(1.49136 -0.150702 0)
(2.19796 0.349703 0)
(2.21969 0.381159 0)
(2.23494 0.420443 0)
(2.23825 0.468247 0)
(2.22965 0.52174 0)
(2.20445 0.575178 0)
(2.15916 0.621046 0)
(2.09985 0.653444 0)
(2.03093 0.670682 0)
(1.95683 0.672945 0)
(1.88153 0.660988 0)
(1.8082 0.636129 0)
(1.73915 0.600075 0)
(1.67595 0.554524 0)
(1.61978 0.501046 0)
(1.57144 0.440796 0)
(1.53143 0.374525 0)
(1.49969 0.303029 0)
(1.47647 0.22784 0)
(1.46287 0.149384 0)
(1.45864 0.0643478 0)
(1.45833 -0.0199555 0)
(1.44962 -0.0914922 0)
(1.4217 -0.150452 0)
(1.38266 -0.201762 0)
(1.35576 -0.256874 0)
(1.36057 -0.321813 0)
(1.39813 -0.391273 0)
(1.46334 -0.456278 0)
(1.55072 -0.507281 0)
(1.65634 -0.535006 0)
(1.77752 -0.530747 0)
(1.91131 -0.487248 0)
(2.05183 -0.401533 0)
(2.18759 -0.279061 0)
(2.30262 -0.137172 0)
(2.38748 0.003196 0)
(2.43866 0.12779 0)
(2.45822 0.232501 0)
(2.45409 0.315675 0)
(2.43063 0.377112 0)
(2.39364 0.418278 0)
(2.34877 0.442675 0)
(2.30055 0.454323 0)
(2.25182 0.456467 0)
(2.20372 0.451191 0)
(2.15655 0.440253 0)
(2.1102 0.425305 0)
(2.06426 0.407712 0)
(2.01828 0.388605 0)
(1.97177 0.368975 0)
(1.92444 0.349574 0)
(1.87629 0.330794 0)
(1.82742 0.312834 0)
(1.7777 0.29621 0)
(1.72651 0.282101 0)
(1.673 0.271752 0)
(1.61702 0.264912 0)
(1.56087 0.258469 0)
(1.50822 0.247214 0)
(1.46279 0.225635 0)
(1.42854 0.189673 0)
(1.40776 0.138668 0)
(1.40112 0.0755459 0)
(1.4045 0.00491076 0)
(1.4185 -0.0688877 0)
(1.43914 -0.140833 0)
(1.46459 -0.207964 0)
(1.49365 -0.268903 0)
(1.52505 -0.322996 0)
(1.55777 -0.370083 0)
(1.59111 -0.410347 0)
(1.62465 -0.44411 0)
(1.65825 -0.471616 0)
(1.69198 -0.492807 0)
(1.72626 -0.507105 0)
(1.76169 -0.513292 0)
(1.79836 -0.509741 0)
(1.83644 -0.494751 0)
(1.87566 -0.466726 0)
(1.91539 -0.424628 0)
(1.95477 -0.36822 0)
(1.99274 -0.298246 0)
(2.02822 -0.216569 0)
(2.05997 -0.126616 0)
(2.08612 -0.034496 0)
(2.10541 0.0545119 0)
(2.1173 0.136733 0)
(2.12164 0.209502 0)
(2.11861 0.271168 0)
(2.10877 0.320902 0)
(2.09282 0.358403 0)
(2.07087 0.383555 0)
(2.0426 0.396044 0)
(2.00905 0.396702 0)
(1.9708 0.38808 0)
(1.92883 0.373106 0)
(1.88417 0.35496 0)
(1.83796 0.33653 0)
(1.79152 0.319715 0)
(1.74583 0.304822 0)
(1.70182 0.290897 0)
(1.66037 0.276211 0)
(1.62221 0.258717 0)
(1.58801 0.236455 0)
(1.55842 0.208207 0)
(1.53367 0.173629 0)
(1.51384 0.133197 0)
(1.499 0.0879282 0)
(1.48921 0.0391096 0)
(1.48444 -0.0118095 0)
(1.48457 -0.0632086 0)
(1.48938 -0.113644 0)
(1.49856 -0.161963 0)
(1.95071 0.306285 0)
(2.02593 0.342291 0)
(2.0974 0.394684 0)
(2.1524 0.463648 0)
(2.17581 0.537867 0)
(2.16729 0.610358 0)
(2.13624 0.674056 0)
(2.08125 0.720847 0)
(2.01097 0.746506 0)
(1.9318 0.752011 0)
(1.84904 0.739681 0)
(1.7673 0.711663 0)
(1.68997 0.670354 0)
(1.61919 0.618111 0)
(1.55623 0.556774 0)
(1.50129 0.487965 0)
(1.45376 0.413785 0)
(1.41405 0.334973 0)
(1.38468 0.250203 0)
(1.36412 0.160847 0)
(1.33646 0.0762698 0)
(1.277 0.00866783 0)
(1.18913 -0.0392971 0)
(1.11679 -0.0875305 0)
(1.08824 -0.16241 0)
(1.11504 -0.259341 0)
(1.16642 -0.36432 0)
(1.24184 -0.46377 0)
(1.32621 -0.547204 0)
(1.41638 -0.610976 0)
(1.51388 -0.650115 0)
(1.62048 -0.657122 0)
(1.73813 -0.623868 0)
(1.86694 -0.543772 0)
(2.00268 -0.416505 0)
(2.13452 -0.254097 0)
(2.24565 -0.0825452 0)
(2.32649 0.0768595 0)
(2.37447 0.212741 0)
(2.39262 0.320749 0)
(2.3869 0.40076 0)
(2.3632 0.455452 0)
(2.32603 0.488367 0)
(2.28074 0.503527 0)
(2.23224 0.506101 0)
(2.18313 0.50007 0)
(2.1347 0.48809 0)
(2.08731 0.472232 0)
(2.04077 0.454096 0)
(1.99468 0.434936 0)
(1.94859 0.415674 0)
(1.9022 0.396831 0)
(1.85536 0.378673 0)
(1.80784 0.361555 0)
(1.75899 0.346398 0)
(1.7078 0.334601 0)
(1.65364 0.326778 0)
(1.59751 0.320918 0)
(1.54275 0.312237 0)
(1.49282 0.294696 0)
(1.45179 0.262875 0)
(1.42309 0.21433 0)
(1.40781 0.150281 0)
(1.4042 0.0753225 0)
(1.41126 -0.00543362 0)
(1.42682 -0.0867889 0)
(1.44832 -0.164195 0)
(1.47426 -0.235355 0)
(1.50327 -0.299002 0)
(1.53408 -0.354657 0)
(1.56563 -0.402424 0)
(1.59718 -0.442778 0)
(1.62828 -0.476341 0)
(1.65877 -0.503641 0)
(1.68874 -0.524878 0)
(1.71856 -0.539691 0)
(1.74903 -0.546904 0)
(1.78047 -0.544632 0)
(1.81309 -0.53087 0)
(1.84685 -0.503707 0)
(1.88127 -0.461824 0)
(1.91569 -0.404772 0)
(1.94929 -0.333111 0)
(1.9811 -0.248621 0)
(2.01009 -0.154627 0)
(2.03475 -0.0567344 0)
(2.05365 0.0388444 0)
(2.06619 0.128071 0)
(2.0721 0.207894 0)
(2.07142 0.276322 0)
(2.06448 0.332317 0)
(2.0519 0.375568 0)
(2.03422 0.406205 0)
(2.01095 0.424377 0)
(1.9824 0.430184 0)
(1.94927 0.425784 0)
(1.91217 0.414152 0)
(1.87207 0.398346 0)
(1.82995 0.381109 0)
(1.78697 0.364294 0)
(1.74428 0.348414 0)
(1.70281 0.332613 0)
(1.66345 0.315213 0)
(1.62699 0.29419 0)
(1.59426 0.267817 0)
(1.56574 0.235062 0)
(1.54168 0.195753 0)
(1.52228 0.150466 0)
(1.50771 0.100244 0)
(1.4981 0.0464175 0)
(1.49346 -0.00948047 0)
(1.4937 -0.0656554 0)
(1.49857 -0.120606 0)
(1.50772 -0.173076 0)
(1.41961 0.199341 0)
(1.56198 0.227778 0)
(1.71373 0.285112 0)
(1.85909 0.380494 0)
(1.96548 0.497425 0)
(2.01882 0.611199 0)
(2.02405 0.705055 0)
(1.9948 0.774916 0)
(1.9397 0.819221 0)
(1.86797 0.834775 0)
(1.78698 0.824943 0)
(1.70286 0.794726 0)
(1.62104 0.748127 0)
(1.54468 0.688541 0)
(1.47447 0.619453 0)
(1.41113 0.544113 0)
(1.3578 0.462448 0)
(1.31627 0.372192 0)
(1.2735 0.279229 0)
(1.20075 0.203454 0)
(1.08591 0.157504 0)
(0.975094 0.121447 0)
(0.914512 0.0515525 0)
(0.920313 -0.0634218 0)
(0.968476 -0.200815 0)
(1.05046 -0.334162 0)
(1.13601 -0.450079 0)
(1.21902 -0.549365 0)
(1.29669 -0.631599 0)
(1.37049 -0.696435 0)
(1.4449 -0.740815 0)
(1.52585 -0.757194 0)
(1.61724 -0.735738 0)
(1.72245 -0.66737 0)
(1.84059 -0.546998 0)
(1.96584 -0.380521 0)
(2.08545 -0.188357 0)
(2.18339 2.89505e-05 0)
(2.25306 0.167047 0)
(2.29353 0.303322 0)
(2.30803 0.406325 0)
(2.30157 0.4784 0)
(2.27881 0.524292 0)
(2.24326 0.54801 0)
(2.20042 0.554047 0)
(2.15425 0.548632 0)
(2.10725 0.536049 0)
(2.06072 0.519218 0)
(2.01495 0.500296 0)
(1.9697 0.480745 0)
(1.9247 0.461422 0)
(1.8797 0.442772 0)
(1.83442 0.425116 0)
(1.78826 0.409167 0)
(1.74013 0.396207 0)
(1.68902 0.387333 0)
(1.63495 0.381759 0)
(1.58003 0.375721 0)
(1.52773 0.363256 0)
(1.48171 0.337867 0)
(1.44604 0.295117 0)
(1.42242 0.234082 0)
(1.41098 0.157928 0)
(1.41075 0.0719942 0)
(1.42033 -0.0178708 0)
(1.43731 -0.10586 0)
(1.45977 -0.188299 0)
(1.4862 -0.262988 0)
(1.51512 -0.328782 0)
(1.54522 -0.385396 0)
(1.57542 -0.43321 0)
(1.60494 -0.472999 0)
(1.63335 -0.505685 0)
(1.6605 -0.532086 0)
(1.68645 -0.552681 0)
(1.71154 -0.567369 0)
(1.73662 -0.575136 0)
(1.76237 -0.573889 0)
(1.78902 -0.561234 0)
(1.81673 -0.534947 0)
(1.84519 -0.493487 0)
(1.87395 -0.436217 0)
(1.90242 -0.363561 0)
(1.9299 -0.277177 0)
(1.95556 -0.18019 0)
(1.97819 -0.0778129 0)
(1.99637 0.0231877 0)
(2.00938 0.118352 0)
(2.01682 0.204314 0)
(2.01855 0.278772 0)
(2.01472 0.340439 0)
(2.00573 0.388913 0)
(1.99214 0.424417 0)
(1.97398 0.447505 0)
(1.95062 0.458431 0)
(1.92284 0.458345 0)
(1.89098 0.450253 0)
(1.85582 0.437134 0)
(1.81828 0.421587 0)
(1.77935 0.405354 0)
(1.74015 0.388975 0)
(1.70173 0.371727 0)
(1.66499 0.351963 0)
(1.63087 0.327812 0)
(1.60008 0.297709 0)
(1.57304 0.260813 0)
(1.5501 0.217099 0)
(1.53156 0.167183 0)
(1.51765 0.112146 0)
(1.50856 0.0533957 0)
(1.50437 -0.0074098 0)
(1.50495 -0.0682963 0)
(1.51005 -0.127658 0)
(1.51926 -0.184119 0)
(0.676557 0.072139 0)
(0.868414 0.0775184 0)
(1.10633 0.124071 0)
(1.35439 0.22959 0)
(1.56606 0.383562 0)
(1.70914 0.550525 0)
(1.78086 0.695271 0)
(1.79694 0.80106 0)
(1.77751 0.86756 0)
(1.73218 0.902761 0)
(1.66839 0.904483 0)
(1.59407 0.876921 0)
(1.51508 0.828235 0)
(1.43604 0.764874 0)
(1.36184 0.69075 0)
(1.29799 0.60558 0)
(1.24105 0.511483 0)
(1.16673 0.425856 0)
(1.0476 0.371459 0)
(0.903052 0.340078 0)
(0.796633 0.285055 0)
(0.763936 0.173007 0)
(0.797514 0.0202103 0)
(0.883819 -0.141758 0)
(0.981937 -0.291697 0)
(1.07719 -0.422726 0)
(1.16445 -0.532763 0)
(1.24134 -0.623889 0)
(1.30692 -0.69867 0)
(1.36297 -0.759492 0)
(1.41347 -0.805329 0)
(1.46593 -0.829847 0)
(1.52759 -0.820801 0)
(1.60472 -0.767128 0)
(1.69898 -0.659302 0)
(1.8066 -0.498475 0)
(1.92005 -0.29914 0)
(2.02435 -0.0904942 0)
(2.10813 0.102401 0)
(2.16701 0.265487 0)
(2.20088 0.392776 0)
(2.21243 0.484704 0)
(2.20617 0.545589 0)
(2.18577 0.581145 0)
(2.15356 0.595292 0)
(2.11486 0.593199 0)
(2.07272 0.581531 0)
(2.02944 0.564554 0)
(1.98609 0.545167 0)
(1.94299 0.525232 0)
(1.9001 0.505718 0)
(1.85724 0.487138 0)
(1.81391 0.470127 0)
(1.76921 0.455847 0)
(1.72192 0.445601 0)
(1.67142 0.439619 0)
(1.6185 0.435533 0)
(1.56598 0.428094 0)
(1.51715 0.410395 0)
(1.47602 0.376236 0)
(1.44533 0.322331 0)
(1.42615 0.249528 0)
(1.41847 0.162057 0)
(1.42136 0.0659504 0)
(1.43305 -0.0320556 0)
(1.45141 -0.126181 0)
(1.47478 -0.213137 0)
(1.50157 -0.290778 0)
(1.53024 -0.35809 0)
(1.5594 -0.415 0)
(1.58795 -0.462173 0)
(1.61514 -0.500734 0)
(1.64056 -0.531897 0)
(1.6641 -0.556739 0)
(1.68581 -0.575994 0)
(1.70593 -0.589855 0)
(1.7253 -0.597603 0)
(1.74501 -0.597067 0)
(1.76533 -0.585366 0)
(1.78657 -0.559913 0)
(1.80858 -0.519038 0)
(1.83117 -0.461961 0)
(1.85402 -0.388947 0)
(1.87662 -0.301529 0)
(1.89839 -0.202706 0)
(1.91847 -0.0973129 0)
(1.93553 0.00783314 0)
(1.94873 0.10773 0)
(1.95754 0.198786 0)
(1.96167 0.278423 0)
(1.96104 0.34511 0)
(1.9558 0.398291 0)
(1.94633 0.438186 0)
(1.93299 0.465546 0)
(1.91518 0.481153 0)
(1.89281 0.485541 0)
(1.86644 0.481154 0)
(1.8365 0.470999 0)
(1.80385 0.45754 0)
(1.7694 0.442394 0)
(1.73419 0.42602 0)
(1.6993 0.407723 0)
(1.66577 0.385992 0)
(1.63445 0.359091 0)
(1.60599 0.325662 0)
(1.58087 0.285033 0)
(1.5595 0.237242 0)
(1.54223 0.182943 0)
(1.52937 0.123271 0)
(1.52116 0.0597281 0)
(1.5177 -0.00586192 0)
(1.51885 -0.0713196 0)
(1.5243 -0.134911 0)
(1.53363 -0.195133 0)
)
;

boundaryField
{
    inlet
    {
        type            fixedValue;
        value           nonuniform List<vector> 0();
    }
    outlet
    {
        type            zeroGradient;
    }
    topWall
    {
        type            noSlip;
    }
    lowerWall
    {
        type            noSlip;
    }
    leadingEdge
    {
        type            noSlip;
    }
    trailingEdge
    {
        type            noSlip;
    }
    upperSurface
    {
        type            noSlip;
    }
    lowerSurface
    {
        type            noSlip;
    }
    frontAndBack
    {
        type            empty;
    }
    procBoundary1to0
    {
        type            processor;
        value           nonuniform List<vector> 
20
(
(0.892698 0.0420564 0)
(1.83154 0.088312 0)
(2.14169 0.116877 0)
(2.23478 0.129583 0)
(2.26223 0.139218 0)
(2.27329 0.147538 0)
(2.28212 0.156367 0)
(2.29107 0.165938 0)
(2.30046 0.176504 0)
(2.30991 0.188499 0)
(2.31913 0.20226 0)
(2.32982 0.217832 0)
(2.34114 0.237501 0)
(2.33466 0.258041 0)
(2.28192 0.278661 0)
(2.12294 0.294499 0)
(1.71981 0.28079 0)
(1.04233 0.227995 0)
(0.258755 0.121016 0)
(-0.242348 0.0252762 0)
)
;
    }
    procBoundary1to2
    {
        type            processor;
        value           nonuniform List<vector> 
25
(
(1.56368 -0.264473 0)
(1.58464 -0.277768 0)
(1.60949 -0.290335 0)
(1.63838 -0.301904 0)
(1.67133 -0.312225 0)
(0.06411 -0.0042446 0)
(0.269774 -0.0150896 0)
(0.538325 -0.0282671 0)
(0.861819 -0.0360624 0)
(1.18741 -0.0386568 0)
(1.4355 -0.0409632 0)
(1.51712 -0.0501428 0)
(1.50369 -0.0617402 0)
(1.48751 -0.075421 0)
(1.485 -0.0921666 0)
(1.48712 -0.109986 0)
(1.48951 -0.127445 0)
(1.4921 -0.144356 0)
(1.49532 -0.160711 0)
(1.49944 -0.176563 0)
(1.50479 -0.192013 0)
(1.51175 -0.207124 0)
(1.52072 -0.221932 0)
(1.5321 -0.23645 0)
(1.54629 -0.250655 0)
)
;
    }
    procBoundary1to5
    {
        type            processor;
        value           nonuniform List<vector> 
115
(
(-0.0154709 -0.506507 0)
(-0.076285 -0.526646 0)
(-0.124817 -0.50256 0)
(-0.154199 -0.434798 0)
(-0.162759 -0.308404 0)
(-0.135275 -0.110101 0)
(-0.0636732 0.139969 0)
(0.0304563 0.394648 0)
(0.129122 0.620035 0)
(0.210373 0.79905 0)
(0.210373 0.79905 0)
(0.0227308 0.891637 0)
(0.0758858 1.00768 0)
(0.120523 1.07989 0)
(0.16116 1.10396 0)
(0.214436 1.06185 0)
(0.30596 0.937121 0)
(0.443886 0.732275 0)
(0.616365 0.465949 0)
(0.804036 0.173629 0)
(0.985952 -0.104033 0)
(1.14926 -0.343912 0)
(1.28669 -0.535679 0)
(1.39564 -0.677333 0)
(1.47713 -0.772871 0)
(1.53313 -0.830681 0)
(1.5677 -0.858746 0)
(1.58481 -0.867014 0)
(1.58853 -0.862171 0)
(1.58093 -0.841911 0)
(1.56347 -0.817474 0)
(1.53647 -0.798441 0)
(1.49721 -0.791448 0)
(1.44677 -0.795395 0)
(1.39205 -0.80001 0)
(1.34132 -0.788597 0)
(1.30335 -0.743909 0)
(1.28747 -0.653601 0)
(1.29808 -0.514011 0)
(1.33401 -0.335801 0)
(1.38879 -0.13876 0)
(1.45246 0.0534892 0)
(1.51752 0.226047 0)
(1.57893 0.370823 0)
(1.63287 0.484715 0)
(1.67707 0.568491 0)
(1.71075 0.625542 0)
(1.7342 0.660712 0)
(1.7485 0.679025 0)
(1.75496 0.686276 0)
(1.75507 0.68675 0)
(1.74778 0.682873 0)
(1.7346 0.678916 0)
(1.71657 0.678493 0)
(1.69478 0.68178 0)
(1.67069 0.686117 0)
(1.64606 0.686202 0)
(1.62298 0.674023 0)
(1.60407 0.64137 0)
(1.59133 0.582863 0)
(1.58584 0.496922 0)
(1.58793 0.386029 0)
(1.59732 0.256505 0)
(1.61291 0.11743 0)
(1.63259 -0.0200849 0)
(1.65436 -0.148482 0)
(1.67665 -0.262913 0)
(1.69785 -0.360165 0)
(1.71666 -0.438842 0)
(1.73227 -0.499587 0)
(1.74406 -0.543721 0)
(1.75178 -0.57375 0)
(1.75545 -0.592668 0)
(1.75516 -0.60325 0)
(1.75009 -0.608311 0)
(1.74063 -0.609491 0)
(1.72745 -0.608765 0)
(1.71159 -0.606344 0)
(1.69403 -0.600835 0)
(1.67572 -0.589359 0)
(1.65774 -0.56853 0)
(1.64116 -0.5353 0)
(1.62683 -0.487529 0)
(1.61538 -0.424575 0)
(1.60735 -0.347355 0)
(1.60313 -0.258119 0)
(1.60299 -0.160255 0)
(1.60687 -0.0581665 0)
(1.61426 0.042912 0)
(1.62445 0.139254 0)
(1.63664 0.228006 0)
(1.64992 0.306999 0)
(1.66336 0.374889 0)
(1.67611 0.43119 0)
(1.6874 0.4762 0)
(1.69661 0.510686 0)
(1.70336 0.535674 0)
(1.70763 0.552273 0)
(1.70968 0.56161 0)
(1.70968 0.564791 0)
(1.70685 0.563202 0)
(1.70154 0.553081 0)
(1.6948 0.535387 0)
(1.68782 0.509545 0)
(1.68121 0.474465 0)
(1.67538 0.42937 0)
(1.67081 0.374059 0)
(1.66786 0.30892 0)
(1.66683 0.234988 0)
(1.66794 0.153975 0)
(1.67127 0.0683053 0)
(1.67659 -0.018623 0)
(1.68344 -0.103328 0)
(1.69135 -0.183329 0)
(1.69975 -0.25647 0)
)
;
    }
}


// ************************************************************************* //
