/*--------------------------------*- C++ -*----------------------------------*\
| =========                 |                                                 |
| \\      /  F ield         | OpenFOAM: The Open Source CFD Toolbox           |
|  \\    /   O peration     | Version:  2206                                  |
|   \\  /    A nd           | Website:  www.openfoam.com                      |
|    \\/     M anipulation  |                                                 |
\*---------------------------------------------------------------------------*/
FoamFile
{
    version     2.0;
    format      ascii;
    arch        "LSB;label=32;scalar=64";
    class       volScalarField;
    location    "18.5001";
    object      p;
}
// * * * * * * * * * * * * * * * * * * * * * * * * * * * * * * * * * * * * * //

dimensions      [0 2 -2 0 0 0 0];

internalField   nonuniform List<scalar> 
4796
(
-0.343822
-0.359323
-0.374588
-0.388478
-0.399691
-0.407071
-0.409909
-0.408093
-0.401699
-0.391292
-0.377685
-0.361765
-0.344436
-0.326503
-0.308554
-0.290831
-0.273679
-0.258371
-0.245142
-0.233434
-0.223182
-0.214369
-0.206926
-0.20079
-0.195909
-0.192222
-0.189658
-0.188109
-0.187425
-0.187406
-0.18781
-0.188365
-0.188834
-0.189278
-0.188853
-0.187619
-0.186362
-0.184512
-0.181998
-0.179145
-0.176074
-0.172931
-0.169881
-0.167078
-0.164665
-0.162774
-0.16156
-0.161107
-0.16145
-0.162951
-0.165966
-0.169439
-0.173499
-0.178394
-0.183735
-0.189209
-0.194466
-0.199107
-0.202742
-0.205012
-0.205631
-0.204523
-0.201607
-0.196985
-0.190843
-0.183423
-0.175008
-0.165899
-0.156386
-0.146732
-0.137151
-0.127782
-0.118674
-0.110008
-0.102291
-0.0955935
-0.0897059
-0.0846234
-0.0803439
-0.0768242
-0.0740015
-0.0717936
-0.0701007
-0.0688114
-0.0678094
-0.0669808
-0.0662306
-0.0655059
-0.064663
-0.0636698
-0.0626892
-0.0616428
-0.0604842
-0.0593389
-0.0582752
-0.0573647
-0.0566857
-0.0563138
-0.0563251
-0.0567793
-0.0576815
-0.0591529
-0.0617215
-0.0646919
-0.0676095
-0.0709346
-0.0745951
-0.0783519
-0.0820321
-0.0854541
-0.0884278
-0.0907758
-0.0923416
-0.0930025
-0.0927305
-0.0914863
-0.0893126
-0.0862872
-0.0825124
-0.0781129
-0.0732298
-0.0680079
-0.0625884
-0.0571042
-0.0516749
-0.0463788
-0.0411779
-0.0361332
-0.0317226
-0.0280023
-0.0247581
-0.0219818
-0.0196769
-0.0178092
-0.0163318
-0.0151899
-0.0143233
-0.337012
-0.352766
-0.368185
-0.382057
-0.393081
-0.400097
-0.402685
-0.400444
-0.393658
-0.382937
-0.369091
-0.353015
-0.335596
-0.317578
-0.29943
-0.281441
-0.264575
-0.249756
-0.23666
-0.224982
-0.214728
-0.205843
-0.198251
-0.191889
-0.186704
-0.182643
-0.179642
-0.177615
-0.176435
-0.175931
-0.175897
-0.176088
-0.176277
-0.176477
-0.176172
-0.174995
-0.173725
-0.172297
-0.170168
-0.167767
-0.165226
-0.162654
-0.1602
-0.158013
-0.156228
-0.154979
-0.154405
-0.154582
-0.155591
-0.157838
-0.161458
-0.165622
-0.170259
-0.175661
-0.181495
-0.187405
-0.193029
-0.19796
-0.201798
-0.204179
-0.204814
-0.203647
-0.200593
-0.19577
-0.189378
-0.181671
-0.172944
-0.163504
-0.153647
-0.143633
-0.133669
-0.123868
-0.114317
-0.105405
-0.0975194
-0.090535
-0.0843382
-0.0789565
-0.0743783
-0.0705625
-0.0674511
-0.0649671
-0.0630172
-0.0614977
-0.0603
-0.0593196
-0.0584649
-0.05766
-0.0568254
-0.0559357
-0.0550679
-0.0541638
-0.0532432
-0.0523757
-0.0516275
-0.051072
-0.0507836
-0.0508335
-0.0512902
-0.0522047
-0.0535961
-0.055627
-0.0586939
-0.0621311
-0.0655599
-0.0693655
-0.0734695
-0.0776408
-0.0816974
-0.0854488
-0.088697
-0.0912578
-0.0929699
-0.0937059
-0.0934424
-0.0921428
-0.0898554
-0.086665
-0.0826816
-0.0780386
-0.072883
-0.0673663
-0.061634
-0.0558194
-0.0500382
-0.0443456
-0.0387299
-0.0334193
-0.0287726
-0.024733
-0.0211672
-0.0180925
-0.0155063
-0.0133773
-0.0116634
-0.0103133
-0.00927026
-0.326807
-0.342533
-0.357797
-0.371394
-0.382044
-0.38861
-0.390896
-0.388388
-0.38145
-0.370718
-0.356984
-0.341123
-0.323968
-0.30617
-0.288145
-0.270521
-0.254468
-0.240257
-0.227479
-0.216058
-0.205983
-0.197182
-0.18958
-0.183116
-0.177736
-0.173394
-0.170045
-0.167621
-0.16602
-0.1651
-0.164681
-0.164556
-0.164521
-0.164417
-0.164018
-0.163175
-0.162002
-0.160613
-0.158837
-0.156819
-0.154691
-0.152563
-0.150578
-0.148878
-0.147597
-0.146862
-0.146799
-0.147493
-0.14906
-0.151887
-0.155943
-0.160532
-0.165612
-0.171398
-0.177573
-0.183774
-0.189631
-0.194737
-0.198686
-0.201115
-0.201741
-0.20052
-0.197376
-0.192434
-0.185901
-0.178035
-0.169137
-0.159516
-0.149468
-0.13925
-0.129046
-0.118957
-0.109182
-0.10022
-0.0922416
-0.0850685
-0.0786813
-0.0731063
-0.0683268
-0.0643056
-0.0609892
-0.0583056
-0.0561681
-0.0544792
-0.0531371
-0.052043
-0.0511086
-0.0502588
-0.0494308
-0.0486002
-0.0478286
-0.0470589
-0.0463218
-0.0456759
-0.0451838
-0.0449152
-0.0449407
-0.0453282
-0.0461415
-0.0474284
-0.0492236
-0.0517126
-0.0551616
-0.058954
-0.0627834
-0.066972
-0.0714249
-0.0759196
-0.0802683
-0.0842738
-0.0877331
-0.0904572
-0.0922813
-0.0930766
-0.0928222
-0.0914868
-0.0891229
-0.0858194
-0.0816913
-0.0768777
-0.0715302
-0.0658028
-0.0598436
-0.0537859
-0.0477337
-0.0417302
-0.0358356
-0.0303772
-0.025563
-0.0212808
-0.0174809
-0.0141872
-0.0113925
-0.00906916
-0.00717882
-0.00567344
-0.00449915
-0.313778
-0.329181
-0.344014
-0.357095
-0.367216
-0.373362
-0.375312
-0.372691
-0.365836
-0.355372
-0.342063
-0.326731
-0.310129
-0.292827
-0.275376
-0.258731
-0.243714
-0.230201
-0.217948
-0.206964
-0.197214
-0.188625
-0.181127
-0.174664
-0.169188
-0.164663
-0.161048
-0.158295
-0.156331
-0.155044
-0.154284
-0.153869
-0.153613
-0.153338
-0.152872
-0.152105
-0.151036
-0.149734
-0.148207
-0.146463
-0.144634
-0.142836
-0.141201
-0.139862
-0.138953
-0.138594
-0.138905
-0.139978
-0.141957
-0.145183
-0.14951
-0.154354
-0.159715
-0.165727
-0.17208
-0.178418
-0.184368
-0.189528
-0.193499
-0.195917
-0.196509
-0.195244
-0.192063
-0.187088
-0.180527
-0.172642
-0.16373
-0.154092
-0.144013
-0.133736
-0.123433
-0.113237
-0.103467
-0.0945802
-0.0865867
-0.0793386
-0.0728694
-0.0671984
-0.0623077
-0.0581645
-0.0547193
-0.0519055
-0.0496422
-0.0478384
-0.0463983
-0.0452279
-0.0442419
-0.0433692
-0.0425541
-0.0417684
-0.0410694
-0.0404086
-0.0398109
-0.0393329
-0.0390343
-0.0389816
-0.0392422
-0.0398837
-0.0409661
-0.0425367
-0.0446462
-0.0474829
-0.0511926
-0.0552191
-0.0593325
-0.0637947
-0.0684925
-0.0732109
-0.0777593
-0.0819368
-0.0855382
-0.0883726
-0.0902728
-0.091112
-0.0908726
-0.0895261
-0.0871264
-0.0837645
-0.0795591
-0.0746525
-0.0691996
-0.063355
-0.0572649
-0.0510564
-0.0448245
-0.0386195
-0.0325838
-0.0270705
-0.0221549
-0.0177148
-0.0137656
-0.01033
-0.00739888
-0.0049479
-0.00294124
-0.00133317
-7.2268e-05
-0.298647
-0.31348
-0.327659
-0.34005
-0.349514
-0.35537
-0.357005
-0.354381
-0.34779
-0.337812
-0.325162
-0.310591
-0.294766
-0.278279
-0.261908
-0.246592
-0.232681
-0.219975
-0.208407
-0.197989
-0.188673
-0.18039
-0.173083
-0.166713
-0.161234
-0.156605
-0.152796
-0.149778
-0.147501
-0.145883
-0.144806
-0.144116
-0.143643
-0.143219
-0.142689
-0.14195
-0.140958
-0.139709
-0.138341
-0.136794
-0.135172
-0.133602
-0.132206
-0.131112
-0.130448
-0.130337
-0.130892
-0.132213
-0.134462
-0.137914
-0.142342
-0.147274
-0.152749
-0.158823
-0.165195
-0.17152
-0.17743
-0.182521
-0.186415
-0.188768
-0.189318
-0.188034
-0.184875
-0.179958
-0.173487
-0.165714
-0.156928
-0.147421
-0.137463
-0.12728
-0.117035
-0.106916
-0.0973395
-0.088633
-0.0807074
-0.0734917
-0.0670363
-0.0613546
-0.0564318
-0.0522393
-0.0487319
-0.0458484
-0.0435138
-0.0416432
-0.0401459
-0.0389323
-0.0379204
-0.0370418
-0.0362449
-0.035501
-0.0348394
-0.0342636
-0.0337694
-0.0334105
-0.0332471
-0.0333437
-0.0337661
-0.0345807
-0.0358464
-0.037611
-0.0399398
-0.0430058
-0.0468531
-0.0509972
-0.0552807
-0.0599038
-0.0647376
-0.0695757
-0.0742276
-0.0784913
-0.0821639
-0.0850559
-0.0869986
-0.0878665
-0.0876478
-0.0863174
-0.0839278
-0.0805699
-0.0763636
-0.0714511
-0.065985
-0.0601152
-0.0539839
-0.0477166
-0.041398
-0.035106
-0.0290767
-0.0235877
-0.0186189
-0.014106
-0.0100881
-0.00658303
-0.00358277
-0.00106589
0.00100145
0.00266302
0.00396837
-0.282303
-0.296409
-0.309804
-0.321416
-0.330157
-0.335681
-0.33712
-0.334581
-0.328367
-0.319008
-0.307159
-0.293492
-0.278647
-0.263342
-0.248424
-0.234535
-0.221747
-0.209944
-0.199157
-0.189392
-0.180591
-0.172692
-0.165644
-0.159425
-0.154007
-0.149344
-0.145408
-0.142181
-0.139633
-0.137712
-0.136332
-0.135369
-0.134677
-0.134098
-0.133487
-0.132734
-0.131779
-0.130599
-0.129283
-0.12787
-0.126387
-0.124957
-0.123704
-0.122752
-0.122225
-0.122246
-0.122926
-0.12437
-0.126748
-0.13026
-0.134634
-0.139504
-0.144938
-0.150924
-0.157168
-0.163332
-0.169064
-0.173988
-0.177736
-0.179982
-0.180494
-0.179212
-0.176127
-0.171351
-0.165073
-0.157536
-0.14901
-0.139768
-0.130065
-0.120112
-0.110079
-0.100219
-0.0909731
-0.0825227
-0.0747531
-0.0676662
-0.0613104
-0.0556934
-0.050805
-0.0466233
-0.0431083
-0.0402037
-0.0378407
-0.0359411
-0.0344197
-0.0331906
-0.0321739
-0.031303
-0.0305288
-0.0298215
-0.0291799
-0.0286651
-0.0282404
-0.0279563
-0.0278754
-0.0280601
-0.0285757
-0.0294873
-0.0308541
-0.0327257
-0.0351773
-0.0383557
-0.042225
-0.0463783
-0.0507212
-0.055394
-0.0602557
-0.0651123
-0.069777
-0.0740466
-0.0777193
-0.0806117
-0.0825638
-0.0834543
-0.0832665
-0.0819819
-0.0796491
-0.0763568
-0.0722224
-0.0673842
-0.0619899
-0.056187
-0.0501126
-0.043881
-0.0375735
-0.0313134
-0.0253943
-0.0199904
-0.0150368
-0.0105293
-0.00651294
-0.00300316
5.63195e-06
0.0025327
0.00461055
0.00628159
0.00759395
-0.265719
-0.279006
-0.291538
-0.302292
-0.310485
-0.315491
-0.316784
-0.314381
-0.308576
-0.299878
-0.288883
-0.276218
-0.262583
-0.248767
-0.235442
-0.222931
-0.211254
-0.20042
-0.19046
-0.181362
-0.1731
-0.165633
-0.158912
-0.152903
-0.1476
-0.142967
-0.138962
-0.135577
-0.1328
-0.130601
-0.128924
-0.12768
-0.126749
-0.125992
-0.125271
-0.124473
-0.123524
-0.122386
-0.121072
-0.119725
-0.118327
-0.116968
-0.115779
-0.114882
-0.1144
-0.114453
-0.115152
-0.116607
-0.118982
-0.122411
-0.126599
-0.131282
-0.136541
-0.142304
-0.148285
-0.154175
-0.159636
-0.164309
-0.167843
-0.169934
-0.170425
-0.16917
-0.166206
-0.161638
-0.155643
-0.148441
-0.140283
-0.131421
-0.122089
-0.112485
-0.102803
-0.0933483
-0.0845245
-0.0763985
-0.0688718
-0.0619927
-0.0558034
-0.0503125
-0.0455166
-0.0413968
-0.0379183
-0.035031
-0.0326719
-0.0307703
-0.0292475
-0.0280218
-0.0270154
-0.0261617
-0.025411
-0.0247312
-0.0241128
-0.0236296
-0.0232444
-0.0229971
-0.0229522
-0.0231714
-0.023719
-0.0246596
-0.0260525
-0.0279502
-0.0304318
-0.0336134
-0.0374007
-0.0414648
-0.0457639
-0.0503842
-0.055178
-0.0599567
-0.0645392
-0.0687339
-0.0723468
-0.0751961
-0.0771273
-0.0780465
-0.0778976
-0.0766859
-0.074455
-0.0712882
-0.0672961
-0.0626107
-0.0573721
-0.0517198
-0.0457837
-0.039672
-0.0334737
-0.0273591
-0.0216306
-0.0163629
-0.0114882
-0.00705244
-0.00310003
0.000357333
0.00332291
0.0058134
0.00785983
0.00950356
0.0107916
-0.249936
-0.262364
-0.273973
-0.28384
-0.291415
-0.295897
-0.29703
-0.294743
-0.289307
-0.281236
-0.271101
-0.259555
-0.247343
-0.235132
-0.223325
-0.212093
-0.201504
-0.191608
-0.182441
-0.174011
-0.166306
-0.159296
-0.152939
-0.147198
-0.142062
-0.137513
-0.133504
-0.130019
-0.127057
-0.124611
-0.122652
-0.121107
-0.1199
-0.118926
-0.118052
-0.117163
-0.116175
-0.115037
-0.113738
-0.112362
-0.111002
-0.109667
-0.108481
-0.107572
-0.107062
-0.107068
-0.107701
-0.109072
-0.111332
-0.114561
-0.118463
-0.12286
-0.127836
-0.133269
-0.138894
-0.144421
-0.149529
-0.153886
-0.157167
-0.159082
-0.159538
-0.158335
-0.155532
-0.151228
-0.14558
-0.138788
-0.131078
-0.12268
-0.113806
-0.104649
-0.0954322
-0.0865073
-0.0781716
-0.0704117
-0.0631949
-0.0565851
-0.050619
-0.0453073
-0.040648
-0.0366304
-0.0332241
-0.0303778
-0.028039
-0.0261536
-0.0246442
-0.0234317
-0.0224425
-0.0216103
-0.0208839
-0.0202301
-0.0196354
-0.0191435
-0.0187775
-0.0185396
-0.0184927
-0.0187015
-0.0192294
-0.0201404
-0.021494
-0.0233457
-0.025773
-0.0288602
-0.0324761
-0.0363692
-0.0405378
-0.0450116
-0.0496427
-0.0542623
-0.0586946
-0.0627525
-0.0662518
-0.0690189
-0.0709015
-0.071846
-0.0717512
-0.0706386
-0.0685499
-0.0655598
-0.0617712
-0.0573063
-0.0522953
-0.0468686
-0.0411486
-0.0352327
-0.0292269
-0.0233625
-0.0178796
-0.0127805
-0.00804745
-0.00374201
9.79194e-05
0.00345756
0.00633572
0.00874945
0.0107307
0.0123196
0.0135611
-0.235901
-0.247423
-0.258088
-0.26715
-0.273842
-0.277697
-0.278564
-0.276362
-0.271158
-0.263642
-0.254462
-0.244202
-0.233497
-0.222787
-0.212313
-0.202226
-0.192633
-0.183607
-0.175194
-0.167413
-0.16026
-0.153715
-0.147746
-0.142316
-0.1374
-0.132987
-0.129036
-0.125518
-0.122428
-0.119765
-0.117539
-0.115713
-0.114196
-0.11293
-0.111843
-0.110806
-0.109725
-0.108539
-0.107227
-0.105812
-0.1044
-0.103054
-0.101835
-0.100867
-0.100275
-0.100177
-0.100681
-0.101899
-0.103958
-0.106895
-0.110448
-0.114497
-0.119113
-0.124146
-0.129346
-0.134446
-0.13915
-0.143152
-0.146155
-0.147895
-0.148286
-0.147151
-0.144538
-0.140531
-0.135268
-0.12893
-0.121715
-0.113832
-0.105475
-0.0968363
-0.0881773
-0.0798561
-0.0720402
-0.064691
-0.0578395
-0.0515478
-0.0458466
-0.0407482
-0.0362551
-0.0323716
-0.0290736
-0.0262996
-0.0239863
-0.0221033
-0.0206085
-0.019415
-0.0184431
-0.0176298
-0.0169241
-0.0162908
-0.0157128
-0.0151968
-0.0148248
-0.0145742
-0.0144961
-0.0146593
-0.0151267
-0.0159612
-0.0172223
-0.0189675
-0.0212687
-0.0241788
-0.0275541
-0.0312123
-0.0351729
-0.0394272
-0.0438295
-0.0482222
-0.0524402
-0.0563079
-0.0596517
-0.0623084
-0.0641327
-0.065086
-0.0650598
-0.0640723
-0.0621608
-0.0593912
-0.0558564
-0.0516667
-0.0469418
-0.0418025
-0.0363582
-0.0307007
-0.0249679
-0.0194261
-0.0142228
-0.00933165
-0.00478755
-0.000653759
0.00303397
0.00625791
0.0090163
0.0113257
0.0132172
0.0147305
0.0159098
-0.224299
-0.234861
-0.244463
-0.252512
-0.258211
-0.261108
-0.261673
-0.259891
-0.254801
-0.24772
-0.239659
-0.230726
-0.221366
-0.211897
-0.202526
-0.193419
-0.184701
-0.176459
-0.168742
-0.161576
-0.154962
-0.148887
-0.143324
-0.138238
-0.133594
-0.129371
-0.125537
-0.122053
-0.118905
-0.116089
-0.113608
-0.111486
-0.10969
-0.108103
-0.10669
-0.105416
-0.104167
-0.102864
-0.101483
-0.100027
-0.0985308
-0.0971106
-0.0958414
-0.09479
-0.0940868
-0.0938479
-0.0941836
-0.0952013
-0.0970023
-0.0995898
-0.102758
-0.106435
-0.110646
-0.115234
-0.119972
-0.124614
-0.128887
-0.132515
-0.135225
-0.136805
-0.13712
-0.136054
-0.133636
-0.129931
-0.125062
-0.119185
-0.112479
-0.105128
-0.0973139
-0.0892442
-0.0812163
-0.0735304
-0.066243
-0.0593406
-0.0528931
-0.046954
-0.0415504
-0.0366956
-0.0323938
-0.0286576
-0.0254716
-0.0227866
-0.0205427
-0.0186739
-0.0171535
-0.0159511
-0.0149932
-0.0141924
-0.0134969
-0.0128728
-0.0122999
-0.0117777
-0.0113582
-0.0110778
-0.0109499
-0.0110393
-0.0114139
-0.0121358
-0.0132645
-0.0148578
-0.0169771
-0.0196459
-0.0227292
-0.0261107
-0.0298104
-0.0337859
-0.037904
-0.0420203
-0.0459805
-0.0496209
-0.0527805
-0.055307
-0.0570703
-0.058023
-0.0580751
-0.0572329
-0.055525
-0.0530081
-0.0497636
-0.0458894
-0.0414939
-0.0366849
-0.0315576
-0.0262079
-0.0208189
-0.0156417
-0.0107343
-0.00608735
-0.00176999
0.002159
0.00566507
0.00872792
0.0113407
0.0135228
0.0153131
0.0167486
0.0178663
-0.215162
-0.224439
-0.232852
-0.239869
-0.244682
-0.246107
-0.247246
-0.245882
-0.240324
-0.234232
-0.227238
-0.219366
-0.211023
-0.202491
-0.193982
-0.185672
-0.177692
-0.170131
-0.163044
-0.156456
-0.150371
-0.144773
-0.139637
-0.134928
-0.130604
-0.126627
-0.122965
-0.119582
-0.116447
-0.113548
-0.110884
-0.108461
-0.106328
-0.104456
-0.102711
-0.101063
-0.099507
-0.0980127
-0.0964945
-0.0949392
-0.0933703
-0.0918506
-0.0904675
-0.0893082
-0.0884936
-0.0881103
-0.0882682
-0.0890675
-0.090586
-0.0928082
-0.0955963
-0.0988983
-0.102695
-0.106832
-0.111102
-0.115279
-0.119118
-0.122365
-0.124771
-0.126197
-0.126435
-0.125427
-0.123183
-0.119758
-0.115256
-0.109816
-0.103597
-0.0967652
-0.0894982
-0.0820345
-0.0746897
-0.0676323
-0.0608639
-0.0544353
-0.0484182
-0.0428562
-0.0377743
-0.0331858
-0.0290996
-0.0255244
-0.0224481
-0.019836
-0.0176532
-0.0158405
-0.0143243
-0.0130672
-0.0120608
-0.0112583
-0.0105624
-0.00993161
-0.00935181
-0.00881951
-0.00834934
-0.0080092
-0.00782521
-0.00783134
-0.00809611
-0.00868362
-0.00965251
-0.0110579
-0.0129526
-0.0153418
-0.0181056
-0.0211786
-0.0245784
-0.028239
-0.0320396
-0.0358489
-0.0395238
-0.0429138
-0.0458692
-0.0482485
-0.0499642
-0.0509128
-0.0510479
-0.0503625
-0.0488742
-0.0466295
-0.0436973
-0.0401627
-0.0361211
-0.0316655
-0.0268766
-0.0218714
-0.0168871
-0.0120896
-0.00748183
-0.00310763
0.000957168
0.00465984
0.00796564
0.0108532
0.0133067
0.0153445
0.0170135
0.0183631
0.0194289
-0.207349
-0.215558
-0.222902
-0.229022
-0.232833
-0.234795
-0.235461
-0.233309
-0.229057
-0.223656
-0.217267
-0.21007
-0.202384
-0.194487
-0.1866
-0.178897
-0.171509
-0.164529
-0.158009
-0.151972
-0.146412
-0.141309
-0.13663
-0.132338
-0.128382
-0.124711
-0.121278
-0.118048
-0.114988
-0.112072
-0.109294
-0.106655
-0.104176
-0.10192
-0.0998494
-0.0978443
-0.0958687
-0.0939889
-0.0922254
-0.0905125
-0.0888334
-0.0872227
-0.0857327
-0.0844805
-0.0835256
-0.0829826
-0.0829709
-0.0835634
-0.0848112
-0.0866972
-0.0891379
-0.0920881
-0.0954882
-0.0991893
-0.103006
-0.106732
-0.110147
-0.113023
-0.115152
-0.116387
-0.116538
-0.115563
-0.113453
-0.110253
-0.106058
-0.100998
-0.0952186
-0.0888733
-0.082157
-0.0753479
-0.0686843
-0.0622122
-0.0559655
-0.0500268
-0.0444545
-0.0392854
-0.0345426
-0.0302383
-0.026385
-0.0229826
-0.0200169
-0.0174689
-0.0153183
-0.0135297
-0.0120428
-0.0107794
-0.00968917
-0.00879266
-0.0080655
-0.00741581
-0.006812
-0.00625469
-0.0057516
-0.00533939
-0.00507153
-0.00498871
-0.00514095
-0.00558569
-0.00638276
-0.00758424
-0.00923119
-0.0113159
-0.0137536
-0.016515
-0.0195984
-0.0229274
-0.0263953
-0.0298835
-0.0332615
-0.0363927
-0.0391396
-0.0413707
-0.0430286
-0.0439826
-0.0442043
-0.0436806
-0.0424187
-0.0404529
-0.0378394
-0.0346512
-0.0309691
-0.0268663
-0.0224205
-0.0178065
-0.0132557
-0.00882289
-0.00452527
-0.000443852
0.00335272
0.00681635
0.00991292
0.0126171
0.0149098
0.0168125
0.0183735
0.0196262
0.0206146
-0.200563
-0.208042
-0.21468
-0.220188
-0.224086
-0.226254
-0.22636
-0.224338
-0.220587
-0.215539
-0.209469
-0.202608
-0.195259
-0.187706
-0.1802
-0.172921
-0.165995
-0.159506
-0.153505
-0.148002
-0.142981
-0.138408
-0.134237
-0.130416
-0.126882
-0.123573
-0.120433
-0.117416
-0.114481
-0.111597
-0.108752
-0.105949
-0.103204
-0.100554
-0.098041
-0.0956517
-0.093328
-0.0910067
-0.0887822
-0.0867352
-0.0848589
-0.0831092
-0.0815203
-0.0801566
-0.0791065
-0.0784724
-0.0783314
-0.0787416
-0.0797463
-0.0813462
-0.0834983
-0.0861451
-0.0891937
-0.0925064
-0.0959131
-0.0992219
-0.102232
-0.104756
-0.106615
-0.10761
-0.107631
-0.10664
-0.104615
-0.101568
-0.0975865
-0.0928273
-0.087427
-0.0815416
-0.075405
-0.0692713
-0.0632275
-0.0573028
-0.0515837
-0.0461404
-0.0410197
-0.0362534
-0.0318607
-0.0278569
-0.0242473
-0.0210232
-0.0181698
-0.0156808
-0.0135454
-0.0117426
-0.0102357
-0.00896616
-0.00785577
-0.00684842
-0.0059811
-0.00526069
-0.00462259
-0.00402794
-0.00348764
-0.00302037
-0.00266925
-0.00249065
-0.00252122
-0.00282298
-0.00345139
-0.00444897
-0.00584541
-0.00762635
-0.00975333
-0.0122142
-0.0149794
-0.0179765
-0.0211126
-0.0242811
-0.0273646
-0.0302389
-0.0327782
-0.0348869
-0.0364626
-0.0374251
-0.0377346
-0.037372
-0.0363353
-0.0346427
-0.0323385
-0.0294856
-0.0261457
-0.022373
-0.0182809
-0.0141109
-0.00997904
-0.00588733
-0.00191237
0.00186475
0.00538504
0.00860401
0.0114887
0.0140015
0.0161408
0.0179323
0.0194069
0.0205894
0.0215174
-0.195148
-0.202478
-0.208996
-0.214401
-0.218383
-0.220532
-0.220487
-0.21843
-0.214757
-0.209732
-0.203617
-0.196738
-0.18942
-0.181957
-0.174593
-0.167546
-0.16096
-0.154891
-0.149373
-0.144405
-0.139954
-0.135964
-0.13237
-0.129097
-0.126059
-0.123178
-0.120386
-0.117631
-0.114865
-0.112053
-0.109178
-0.106245
-0.103274
-0.100293
-0.0973391
-0.0944443
-0.0916364
-0.08892
-0.0862716
-0.0837656
-0.0815253
-0.0795609
-0.0778081
-0.0763272
-0.0752005
-0.074491
-0.0742594
-0.0745613
-0.0754321
-0.0768675
-0.0788287
-0.0812471
-0.0840225
-0.0870199
-0.0900759
-0.093004
-0.0956357
-0.0978104
-0.0993538
-0.100062
-0.0998388
-0.0986939
-0.0967083
-0.0937336
-0.0898174
-0.0853029
-0.0802563
-0.074854
-0.069338
-0.0638133
-0.0583138
-0.0529282
-0.047733
-0.0427816
-0.0381129
-0.0337529
-0.0297176
-0.026024
-0.0226649
-0.0196185
-0.0168801
-0.0144468
-0.0123139
-0.0104712
-0.00889833
-0.00756226
-0.00640902
-0.00535794
-0.00435373
-0.00345828
-0.00272135
-0.00207936
-0.0014901
-0.000973304
-0.000555907
-0.000277426
-0.00020055
-0.00037776
-0.000849571
-0.00165086
-0.00280483
-0.00431522
-0.00617161
-0.00835108
-0.0108127
-0.0134937
-0.0163129
-0.019175
-0.0219751
-0.0246026
-0.0269509
-0.0289294
-0.0304339
-0.0314023
-0.0317921
-0.0315831
-0.030761
-0.0293214
-0.0272996
-0.0247481
-0.0217035
-0.0182389
-0.0145671
-0.0108412
-0.00707268
-0.00332311
0.00032034
0.00378998
0.00703286
0.0100084
0.0126765
0.0150103
0.0170145
0.0187173
0.0201301
0.0212719
0.022173
-0.192104
-0.199605
-0.206194
-0.211557
-0.215545
-0.217734
-0.217548
-0.21525
-0.211297
-0.205919
-0.199432
-0.192211
-0.184613
-0.17696
-0.169522
-0.162539
-0.156172
-0.150467
-0.145425
-0.141024
-0.137201
-0.133873
-0.13095
-0.128323
-0.125873
-0.123509
-0.121142
-0.118692
-0.116118
-0.113385
-0.110478
-0.107407
-0.104199
-0.1009
-0.0975533
-0.0941948
-0.090858
-0.0875851
-0.0844406
-0.0814902
-0.0788198
-0.0765253
-0.0745568
-0.072936
-0.0717243
-0.0709782
-0.0707425
-0.0710466
-0.0719031
-0.0732969
-0.0751802
-0.0774725
-0.0800633
-0.0828164
-0.0855688
-0.0881249
-0.0903464
-0.0921394
-0.0933211
-0.0936748
-0.0930466
-0.0914816
-0.0898082
-0.0868893
-0.082666
-0.0783832
-0.0737538
-0.0688833
-0.0639204
-0.0589101
-0.0539395
-0.0490876
-0.0444097
-0.0399472
-0.0357285
-0.0317718
-0.0281003
-0.024714
-0.0215926
-0.0187223
-0.0160987
-0.0137182
-0.0115793
-0.00967987
-0.00801179
-0.0065579
-0.00528939
-0.00415615
-0.003085
-0.0020366
-0.00110015
-0.00035067
0.000289408
0.000861595
0.00133358
0.00167064
0.00183135
0.00177055
0.00144364
0.000813522
-0.000143819
-0.00143581
-0.00305363
-0.0049741
-0.00715873
-0.00955122
-0.0120799
-0.0146614
-0.0172017
-0.0196022
-0.021773
-0.0236177
-0.0250555
-0.0260214
-0.0264709
-0.0263921
-0.0257692
-0.0245638
-0.0227785
-0.0204685
-0.0176784
-0.0145878
-0.0113544
-0.00800164
-0.0045796
-0.00117599
0.00213752
0.00530231
0.00827144
0.0110094
0.0134712
0.0156447
0.0175502
0.019191
0.0205716
0.0217063
0.0226172
-0.190861
-0.198833
-0.205807
-0.211358
-0.215382
-0.217636
-0.217319
-0.214568
-0.209999
-0.203943
-0.196743
-0.188828
-0.180618
-0.172483
-0.164732
-0.15764
-0.151381
-0.145977
-0.14141
-0.137626
-0.134521
-0.131975
-0.129859
-0.128005
-0.126269
-0.124548
-0.122711
-0.120635
-0.118275
-0.115617
-0.112642
-0.109373
-0.105863
-0.102171
-0.0983607
-0.0944891
-0.0906012
-0.0867624
-0.0831157
-0.079793
-0.0767801
-0.0740711
-0.0717776
-0.0699527
-0.0686346
-0.0678622
-0.0676633
-0.0680446
-0.068989
-0.0704576
-0.0723806
-0.0746592
-0.0771671
-0.0797582
-0.0822218
-0.0844035
-0.086216
-0.087568
-0.0883303
-0.0883409
-0.0871341
-0.0853035
-0.0835496
-0.0804394
-0.0763206
-0.0722967
-0.0680452
-0.0635958
-0.0590651
-0.0545346
-0.0500744
-0.0457398
-0.0415708
-0.0375941
-0.0338246
-0.0302799
-0.026969
-0.0238765
-0.0209813
-0.0182769
-0.0157585
-0.0134234
-0.011271
-0.0093026
-0.0075189
-0.0059159
-0.00448213
-0.00319559
-0.00201441
-0.000877511
0.000226574
0.00117321
0.00190447
0.0025386
0.00307558
0.00347038
0.00368875
0.00369592
0.00345703
0.0029407
0.00212522
0.00100213
-0.000422337
-0.00212732
-0.00407719
-0.00622153
-0.00849822
-0.0108333
-0.0131377
-0.0153321
-0.0173303
-0.0190493
-0.0204197
-0.0213735
-0.0218539
-0.0218322
-0.0213872
-0.0204178
-0.0187393
-0.0165976
-0.0141221
-0.0114382
-0.0085694
-0.00555864
-0.00248807
0.000570968
0.00355859
0.00642432
0.00912817
0.0116262
0.0138981
0.0159499
0.0177815
0.0193873
0.0207681
0.0219305
0.0228879
-0.191179
-0.200107
-0.207861
-0.213888
-0.218011
-0.220262
-0.219819
-0.216399
-0.210861
-0.203751
-0.195441
-0.186433
-0.177242
-0.168301
-0.159973
-0.152598
-0.146335
-0.141174
-0.13709
-0.133992
-0.131722
-0.130115
-0.12897
-0.128046
-0.127187
-0.126264
-0.12508
-0.123473
-0.121376
-0.118789
-0.115716
-0.112183
-0.108264
-0.104059
-0.0996675
-0.095178
-0.0906467
-0.0861207
-0.0818045
-0.0779935
-0.0746128
-0.0716269
-0.0691548
-0.067242
-0.0659109
-0.0651886
-0.0650894
-0.065611
-0.0667199
-0.0683448
-0.0703816
-0.0727034
-0.075158
-0.0775715
-0.0797821
-0.0816379
-0.0830476
-0.0839485
-0.0842467
-0.0837684
-0.0823014
-0.0803067
-0.0778313
-0.0745873
-0.0708744
-0.0670204
-0.0629974
-0.0588685
-0.0547341
-0.0506581
-0.0466875
-0.0428573
-0.0391887
-0.0356905
-0.0323681
-0.0292311
-0.0262648
-0.0234428
-0.0207566
-0.018199
-0.0157646
-0.0134531
-0.0112695
-0.00921949
-0.00730962
-0.00554658
-0.00393077
-0.00245039
-0.00108502
0.000190387
0.00139549
0.00248795
0.00335911
0.00406825
0.00466356
0.00511238
0.00537862
0.00543151
0.00524344
0.00479162
0.00406
0.00304319
0.00174916
0.000199366
-0.00157212
-0.00351947
-0.00558739
-0.00770214
-0.00980199
-0.0118115
-0.0136406
-0.0152215
-0.0165072
-0.0174355
-0.0178907
-0.0176444
-0.0175159
-0.0169255
-0.0150839
-0.0131367
-0.0110953
-0.00876949
-0.00623179
-0.00357521
-0.00085661
0.00186733
0.00454687
0.00713846
0.00959294
0.0118843
0.0140176
0.015983
0.0177685
0.0193685
0.0207809
0.0220045
0.0230427
-0.19306
-0.203555
-0.212643
-0.219541
-0.223818
-0.225808
-0.225166
-0.220898
-0.214032
-0.205414
-0.19552
-0.184955
-0.174346
-0.164214
-0.155034
-0.14717
-0.14074
-0.135761
-0.132197
-0.129892
-0.12862
-0.128145
-0.128169
-0.128379
-0.128627
-0.128712
-0.128331
-0.127289
-0.125512
-0.122977
-0.119728
-0.115829
-0.111362
-0.10647
-0.101306
-0.0960208
-0.0907371
-0.085471
-0.0803771
-0.0759093
-0.0720231
-0.068682
-0.0659785
-0.0639762
-0.0627006
-0.0621587
-0.0623346
-0.0631842
-0.064636
-0.0665866
-0.0688964
-0.07137
-0.0738447
-0.0761974
-0.0782382
-0.0797992
-0.0808394
-0.0813374
-0.0811721
-0.0801901
-0.0783887
-0.0759786
-0.0730677
-0.0697255
-0.0661017
-0.0623169
-0.0584687
-0.05463
-0.0508698
-0.0472349
-0.0437518
-0.0404282
-0.0372619
-0.0342464
-0.0313774
-0.0286287
-0.0259736
-0.0233954
-0.0208822
-0.0184305
-0.0160402
-0.0137143
-0.0114648
-0.00930602
-0.00725072
-0.0053134
-0.00350435
-0.0018181
-0.000238152
0.00123304
0.00256387
0.00373549
0.00473872
0.00555212
0.00621292
0.00669401
0.00697523
0.00703883
0.0068622
0.00642753
0.00572445
0.0047525
0.00352472
0.0020662
0.000410988
-0.0013955
-0.00328546
-0.00520373
-0.0071161
-0.00894734
-0.0105878
-0.0120037
-0.0132277
-0.0140931
-0.0143775
-0.0142505
-0.014278
-0.0137025
-0.0120219
-0.0103155
-0.00863398
-0.0066365
-0.00443911
-0.00212677
0.000260204
0.00267682
0.00508685
0.00742675
0.00966955
0.0118267
0.0138749
0.0157945
0.0175744
0.0192052
0.0206802
0.0219944
0.023143
-0.196483
-0.209209
-0.22015
-0.228415
-0.233699
-0.23589
-0.234137
-0.228413
-0.219818
-0.209128
-0.197032
-0.184322
-0.171754
-0.159982
-0.149622
-0.141013
-0.134243
-0.129378
-0.126375
-0.125021
-0.124991
-0.125918
-0.127342
-0.128894
-0.130501
-0.131844
-0.13247
-0.132154
-0.130806
-0.128374
-0.124899
-0.12049
-0.11529
-0.109497
-0.103322
-0.096971
-0.0907037
-0.0845723
-0.0786267
-0.0733098
-0.0688429
-0.065092
-0.0621357
-0.0600692
-0.0589065
-0.0586321
-0.0592041
-0.0605433
-0.062538
-0.0650346
-0.0677947
-0.0705994
-0.0733107
-0.0757739
-0.0777596
-0.0790992
-0.0798033
-0.0799098
-0.0792592
-0.0776856
-0.0753148
-0.0724225
-0.0691577
-0.0656077
-0.0618839
-0.0581215
-0.0544189
-0.0508443
-0.0474446
-0.044243
-0.0412398
-0.0384082
-0.035749
-0.0332293
-0.0307788
-0.0283757
-0.0260067
-0.0236498
-0.0212841
-0.0189042
-0.0165155
-0.0141318
-0.0117765
-0.00947091
-0.00723103
-0.00508604
-0.00306111
-0.00115334
0.000655607
0.00229051
0.00373774
0.0050424
0.00611387
0.00696058
0.00768419
0.00819721
0.00847535
0.00851509
0.00830492
0.00783684
0.00710915
0.00612808
0.00491644
0.00351079
0.00194577
0.000272538
-0.00141904
-0.0031364
-0.0049243
-0.00664632
-0.00812799
-0.00932493
-0.0105209
-0.0110168
-0.011301
-0.0116828
-0.0114214
-0.0105991
-0.00956759
-0.00830756
-0.0068308
-0.00512841
-0.00325207
-0.00124538
0.0008539
0.00301486
0.00517719
0.00732553
0.00945753
0.0115481
0.013569
0.0154966
0.0173148
0.0190118
0.0205815
0.0220064
0.0232714
-0.201972
-0.217874
-0.231455
-0.241828
-0.248414
-0.250334
-0.247098
-0.239559
-0.228581
-0.215058
-0.200004
-0.184424
-0.169252
-0.155366
-0.143374
-0.133633
-0.126361
-0.121561
-0.11913
-0.118854
-0.120339
-0.123054
-0.126346
-0.129632
-0.132972
-0.135854
-0.137703
-0.138261
-0.137401
-0.135052
-0.131269
-0.126183
-0.120037
-0.113092
-0.105624
-0.0979231
-0.0903908
-0.0832382
-0.0762476
-0.0698731
-0.0647529
-0.0605975
-0.057429
-0.0554046
-0.0545158
-0.0547078
-0.0559001
-0.0579694
-0.0607579
-0.064022
-0.0674747
-0.0708574
-0.0739707
-0.0766467
-0.0786264
-0.0797728
-0.0801557
-0.0798389
-0.078493
-0.0761886
-0.0731774
-0.0697424
-0.0660077
-0.0621053
-0.058187
-0.0543782
-0.050763
-0.0474022
-0.0443169
-0.0415147
-0.0389948
-0.0366831
-0.0345048
-0.032432
-0.0303932
-0.0283418
-0.0262654
-0.0241161
-0.0218746
-0.0195417
-0.0171215
-0.014635
-0.0121287
-0.00963349
-0.00716189
-0.00477236
-0.00250166
-0.000324274
0.00170838
0.00358073
0.00517706
0.00649878
0.00765556
0.00859761
0.00932264
0.00980088
0.0100243
0.00999305
0.00970508
0.00916136
0.00836495
0.00732347
0.00606941
0.00465158
0.0031011
0.00150783
-1.78776e-05
-0.00157119
-0.00326398
-0.0048675
-0.00582552
-0.00690289
-0.00820113
-0.00879791
-0.00917195
-0.00922569
-0.00901839
-0.00855925
-0.00780315
-0.00678809
-0.00557369
-0.00416406
-0.00256794
-0.000799507
0.00106113
0.00298715
0.00500568
0.00706843
0.00914124
0.0112032
0.013232
0.0151989
0.0170803
0.0188548
0.020542
0.0221162
0.0235288
-0.209816
-0.230054
-0.247385
-0.26039
-0.26793
-0.269262
-0.264599
-0.254651
-0.240488
-0.223337
-0.204472
-0.185215
-0.166832
-0.150238
-0.136077
-0.124866
-0.116896
-0.112149
-0.110389
-0.111317
-0.114509
-0.119282
-0.124562
-0.130149
-0.13575
-0.140557
-0.143972
-0.145685
-0.145491
-0.143291
-0.13911
-0.133151
-0.125773
-0.117329
-0.108236
-0.0988746
-0.0897309
-0.0809715
-0.0727283
-0.0655108
-0.0595753
-0.0549115
-0.0516025
-0.0497328
-0.0492858
-0.0501756
-0.0522716
-0.0553914
-0.0593104
-0.0636708
-0.0681034
-0.0721625
-0.0759225
-0.0791731
-0.0811455
-0.0819183
-0.0818912
-0.0810032
-0.0788478
-0.0756854
-0.0719508
-0.0678242
-0.0634928
-0.0591442
-0.0549348
-0.050986
-0.0473635
-0.0441643
-0.0414011
-0.0390087
-0.0369254
-0.0350538
-0.0333447
-0.0317452
-0.030094
-0.0283468
-0.026581
-0.0246614
-0.0225519
-0.0202563
-0.017776
-0.0151495
-0.0124347
-0.00967498
-0.00695648
-0.00428432
-0.00174011
0.00070882
0.00295254
0.00498505
0.00681416
0.0083414
0.00954775
0.0105153
0.0112318
0.0116348
0.0117389
0.0115623
0.0111148
0.0104125
0.00947175
0.00828878
0.00692349
0.00549184
0.0039229
0.00238253
0.00150755
8.46871e-05
-0.00205647
-0.00344694
-0.00435481
-0.00559764
-0.00654548
-0.00695904
-0.00726787
-0.00747402
-0.00744116
-0.00714287
-0.00659131
-0.00581795
-0.00482355
-0.00361637
-0.00224326
-0.000707319
0.000996229
0.00281079
0.00473529
0.00674016
0.00879985
0.0109002
0.0130032
0.0150485
0.0170271
0.0189608
0.0207877
0.0224426
0.0239237
-0.220288
-0.245898
-0.267386
-0.283083
-0.291692
-0.292868
-0.286484
-0.273308
-0.254974
-0.233316
-0.209965
-0.186403
-0.164208
-0.144308
-0.127563
-0.114645
-0.105818
-0.101057
-0.100126
-0.10253
-0.107526
-0.114393
-0.122434
-0.131004
-0.139175
-0.146189
-0.151447
-0.154506
-0.155064
-0.152953
-0.148224
-0.141221
-0.132318
-0.122054
-0.110905
-0.0994643
-0.0885012
-0.0779931
-0.0683126
-0.0599464
-0.0531167
-0.0479574
-0.0445701
-0.0429956
-0.0431783
-0.0449681
-0.0482167
-0.0527125
-0.0580376
-0.0638135
-0.0695918
-0.0748296
-0.0792689
-0.0828174
-0.0851725
-0.0862874
-0.0857935
-0.0836814
-0.0805291
-0.0764487
-0.0717295
-0.0666921
-0.0615924
-0.0566193
-0.0519603
-0.0477826
-0.0441022
-0.0409524
-0.0383228
-0.0362568
-0.0346098
-0.0331992
-0.0319999
-0.0308674
-0.0296704
-0.0283943
-0.0269529
-0.0252533
-0.0232793
-0.0210339
-0.0184766
-0.0156623
-0.0127006
-0.00965701
-0.00663822
-0.00365929
-0.000761459
0.00197255
0.00449547
0.00677446
0.00873627
0.0103192
0.0115435
0.0125437
0.0132758
0.0136178
0.0135953
0.013253
0.0126185
0.0117288
0.0106179
0.00920141
0.00751168
0.00587595
0.00439256
0.00293495
0.00171682
0.000233352
-0.00148528
-0.00272155
-0.00362092
-0.00443547
-0.00518864
-0.00580052
-0.00614555
-0.00637427
-0.00640833
-0.00620623
-0.00577278
-0.00516136
-0.0043779
-0.00336075
-0.0021039
-0.000641664
0.00100656
0.00274134
0.00462306
0.00663319
0.00872813
0.0108339
0.0129236
0.0150473
0.0171139
0.0191845
0.0211478
0.0228927
0.0245216
-0.230524
-0.261791
-0.288022
-0.306836
-0.316473
-0.31754
-0.309032
-0.292512
-0.269948
-0.243579
-0.215528
-0.187165
-0.1611
-0.137747
-0.118193
-0.103438
-0.0937428
-0.0889856
-0.0888085
-0.0927228
-0.0999048
-0.109451
-0.120531
-0.132072
-0.14306
-0.15265
-0.160055
-0.164712
-0.166085
-0.164053
-0.158708
-0.150414
-0.139604
-0.127014
-0.11358
-0.100119
-0.0869843
-0.0742678
-0.0628441
-0.0531129
-0.0452933
-0.0395874
-0.0361156
-0.0349776
-0.036127
-0.039297
-0.0440972
-0.0502838
-0.0574022
-0.064845
-0.0721073
-0.0788932
-0.0846112
-0.0886598
-0.0910275
-0.0916529
-0.0903169
-0.0873744
-0.0832503
-0.0780895
-0.0722554
-0.0661646
-0.0601816
-0.0544893
-0.0492796
-0.0447808
-0.0408599
-0.0376603
-0.0351521
-0.0332805
-0.0319665
-0.0310435
-0.0302711
-0.0295812
-0.0290396
-0.0283707
-0.0273193
-0.0259017
-0.0240848
-0.0218446
-0.019204
-0.0162255
-0.0130093
-0.00965724
-0.00624244
-0.00288847
0.000412503
0.00351794
0.00633952
0.00884156
0.0109793
0.0127077
0.0140134
0.0149283
0.0154402
0.0155257
0.0152037
0.0145453
0.0136124
0.0124253
0.0109996
0.00939057
0.00776507
0.00611528
0.00450237
0.00285143
0.00138357
0.000119305
-0.00108372
-0.00219372
-0.00321459
-0.00395705
-0.00457572
-0.00513664
-0.00548502
-0.00568992
-0.00575599
-0.00562586
-0.00526002
-0.00466445
-0.00390219
-0.00292296
-0.00172272
-0.00035751
0.00114518
0.00280187
0.00469867
0.0067328
0.00882655
0.0109368
0.0130499
0.0152106
0.0173653
0.0194809
0.0215281
0.0234693
0.025317
-0.238649
-0.275001
-0.30524
-0.326715
-0.337994
-0.337692
-0.326751
-0.306948
-0.280602
-0.25034
-0.218279
-0.18654
-0.15727
-0.130852
-0.109002
-0.0927802
-0.0824484
-0.0779559
-0.0789541
-0.0846142
-0.0939956
-0.105982
-0.119603
-0.13389
-0.147568
-0.159585
-0.169069
-0.175078
-0.177172
-0.175142
-0.169079
-0.159342
-0.146574
-0.131692
-0.116102
-0.100659
-0.0850987
-0.0702419
-0.0571551
-0.0461419
-0.037474
-0.0314165
-0.0280602
-0.02738
-0.029304
-0.0336115
-0.0399086
-0.0477958
-0.0568059
-0.0661219
-0.0750823
-0.0832294
-0.089987
-0.0946527
-0.0971386
-0.0974285
-0.0955125
-0.0916621
-0.086256
-0.0797563
-0.0726845
-0.0654576
-0.0586142
-0.0522296
-0.04635
-0.0412334
-0.0370731
-0.0338632
-0.031559
-0.0299635
-0.0290061
-0.028621
-0.0285154
-0.028547
-0.0285912
-0.0283994
-0.0278045
-0.0267213
-0.0250916
-0.0228724
-0.0201352
-0.016957
-0.0134093
-0.00965767
-0.00583151
-0.00202611
0.0016723
0.00513622
0.00827823
0.0110381
0.0133538
0.0151682
0.0164486
0.0172285
0.0175364
0.0173806
0.016799
0.0158433
0.0145729
0.013031
0.0112408
0.00934271
0.00754252
0.00581143
0.00411207
0.00251159
0.000984075
-0.000326141
-0.00143619
-0.00248442
-0.00334068
-0.00396497
-0.00444367
-0.00481541
-0.00503833
-0.0051204
-0.00506038
-0.00484757
-0.00448508
-0.00392734
-0.00317059
-0.00221839
-0.00109675
0.00015453
0.00153522
0.00314659
0.00492363
0.00683807
0.00887801
0.0110303
0.0132429
0.0154397
0.0176799
0.0199264
0.0221059
0.0241809
0.0261333
-0.202421
-0.244672
-0.28364
-0.315548
-0.337633
-0.34842
-0.346699
-0.334095
-0.312483
-0.284178
-0.251806
-0.21817
-0.185451
-0.153775
-0.125515
-0.102573
-0.0856577
-0.0751455
-0.0710005
-0.0727299
-0.0795149
-0.0902767
-0.103803
-0.119189
-0.135457
-0.150872
-0.164637
-0.175505
-0.182582
-0.185191
-0.183152
-0.176532
-0.165743
-0.151621
-0.135259
-0.117927
-0.100594
-0.0834039
-0.0671804
-0.0527962
-0.0407258
-0.0313336
-0.0249237
-0.0216825
-0.0216124
-0.0245335
-0.030112
-0.0378403
-0.0471175
-0.0574213
-0.0680868
-0.0783065
-0.0873664
-0.0945786
-0.0995993
-0.101979
-0.101726
-0.0990406
-0.0942982
-0.0879561
-0.0805393
-0.0724903
-0.0644022
-0.0567201
-0.0496297
-0.0432681
-0.0377561
-0.0334543
-0.0302851
-0.0281972
-0.0270336
-0.0266038
-0.0267288
-0.0271746
-0.0277895
-0.0283558
-0.0286492
-0.0284754
-0.0276974
-0.0262338
-0.0240457
-0.0211789
-0.0177391
-0.0138664
-0.00973588
-0.00551079
-0.00131653
0.0027374
0.00651817
0.00992048
0.0128776
0.0153318
0.0172198
0.0185109
0.0192056
0.0193318
0.0189222
0.018032
0.0167341
0.0151131
0.0132632
0.0112678
0.00920055
0.00711611
0.00517721
0.00335882
0.00171443
0.00027298
-0.000923337
-0.00190133
-0.00271502
-0.0033491
-0.00380774
-0.00410997
-0.00428681
-0.00436762
-0.00435265
-0.00419976
-0.00392753
-0.00357926
-0.00311377
-0.0024493
-0.00160723
-0.00060327
0.000584545
0.00194691
0.00349078
0.00514825
0.00698211
0.00900695
0.0111542
0.0133834
0.0156606
0.017972
0.0202838
0.0225514
0.0247355
0.0268021
-0.203488
-0.245225
-0.283744
-0.315079
-0.336535
-0.346924
-0.343805
-0.330667
-0.308862
-0.280647
-0.248699
-0.215541
-0.182855
-0.151334
-0.123507
-0.10097
-0.0844489
-0.0743642
-0.07073
-0.0728792
-0.0799615
-0.0909345
-0.104643
-0.120048
-0.136238
-0.151966
-0.165807
-0.176631
-0.183631
-0.186362
-0.184314
-0.177618
-0.166707
-0.152403
-0.135774
-0.117963
-0.0999275
-0.0823171
-0.06582
-0.0511735
-0.0389502
-0.02955
-0.0232507
-0.0201633
-0.0202446
-0.0233432
-0.0291727
-0.0372603
-0.0470381
-0.0579872
-0.0693439
-0.080166
-0.0897665
-0.0974208
-0.102416
-0.104631
-0.104003
-0.100783
-0.095377
-0.0882681
-0.0801517
-0.0716185
-0.0631067
-0.0548815
-0.0473529
-0.0407592
-0.0352251
-0.030917
-0.0278309
-0.0259007
-0.0249982
-0.0249306
-0.0254723
-0.0263934
-0.0274683
-0.0284552
-0.0291075
-0.0292057
-0.0286002
-0.0271957
-0.0249563
-0.0219432
-0.0182858
-0.0141538
-0.0097363
-0.00521328
-0.000737783
0.00355673
0.00754319
0.0111176
0.0141968
0.0166931
0.0185408
0.0197244
0.0202602
0.0201931
0.0195783
0.0184828
0.0169871
0.0151787
0.0131516
0.0110084
0.00883679
0.00669231
0.0046891
0.00287865
0.00128654
-6.952e-05
-0.00117373
-0.00205279
-0.00273207
-0.00321425
-0.00352167
-0.00369909
-0.00377166
-0.00374715
-0.00362878
-0.00341706
-0.0031171
-0.00271844
-0.00224043
-0.00164438
-0.000885185
3.2793e-05
0.00110646
0.00234902
0.00377145
0.00536238
0.00713193
0.00907962
0.0111768
0.0133919
0.0156922
0.0180472
0.0204187
0.0227587
0.0250204
0.0271691
-0.202418
-0.239925
-0.274463
-0.302536
-0.321541
-0.329575
-0.328408
-0.316853
-0.297126
-0.27143
-0.24209
-0.211217
-0.180623
-0.151801
-0.126348
-0.105574
-0.0902992
-0.0808899
-0.0772193
-0.078793
-0.0849293
-0.0947292
-0.107177
-0.121195
-0.135853
-0.150411
-0.163115
-0.172996
-0.179347
-0.181788
-0.179538
-0.173057
-0.162714
-0.149197
-0.133435
-0.116424
-0.0990636
-0.0821054
-0.0662365
-0.0521172
-0.0402938
-0.0311805
-0.0250769
-0.0221365
-0.0222617
-0.0254864
-0.0312088
-0.0390749
-0.048528
-0.0590705
-0.0700215
-0.0805096
-0.0896778
-0.0968504
-0.101562
-0.103423
-0.1026
-0.0992965
-0.0938783
-0.0868229
-0.078714
-0.0702328
-0.0617286
-0.0535634
-0.0461358
-0.0396537
-0.0342697
-0.0301082
-0.027184
-0.0254069
-0.024633
-0.0246706
-0.0253013
-0.0262996
-0.0274329
-0.0284363
-0.0290685
-0.029144
-0.0285134
-0.0270738
-0.0248024
-0.02176
-0.0180728
-0.0139094
-0.00945634
-0.00489606
-0.000395297
0.00389951
0.00786724
0.0114186
0.0144831
0.0169667
0.018808
0.0199843
0.0205008
0.0203949
0.019726
0.0185651
0.0169978
0.0151186
0.0130212
0.0108059
0.00857713
0.00642075
0.00441854
0.00262405
0.0010745
-0.000208027
-0.00122913
-0.00201309
-0.00258286
-0.00295267
-0.0031444
-0.00322431
-0.00322678
-0.00314216
-0.00297465
-0.00273868
-0.00243733
-0.0020648
-0.00161438
-0.001059
-0.000368764
0.000471072
0.0014716
0.00264556
0.00400139
0.00554088
0.00726681
0.00917494
0.0112453
0.013449
0.0157528
0.0181195
0.0205064
0.022867
0.0251559
-0.199897
-0.231519
-0.260876
-0.285098
-0.301775
-0.309331
-0.308257
-0.298871
-0.282187
-0.259984
-0.234264
-0.206995
-0.179894
-0.154447
-0.131933
-0.113419
-0.0995666
-0.090675
-0.0867348
-0.087433
-0.0920663
-0.100007
-0.110416
-0.122393
-0.13505
-0.147417
-0.158335
-0.166841
-0.172203
-0.174023
-0.171731
-0.165777
-0.156367
-0.144081
-0.129704
-0.114102
-0.0981084
-0.0824616
-0.0678262
-0.0548054
-0.0439001
-0.0354877
-0.0298147
-0.0269979
-0.0270395
-0.0297257
-0.034768
-0.0418079
-0.0503291
-0.0597974
-0.0696453
-0.0791536
-0.087405
-0.0938386
-0.0979405
-0.0997616
-0.0989989
-0.095944
-0.0909353
-0.0844125
-0.076894
-0.0689277
-0.0609341
-0.0532744
-0.0462579
-0.0401131
-0.0349974
-0.0309998
-0.028126
-0.0263037
-0.0254054
-0.025262
-0.0256782
-0.0264466
-0.0273338
-0.0280891
-0.0285065
-0.0284005
-0.0276321
-0.0261162
-0.0238358
-0.0208443
-0.0172556
-0.0132232
-0.00891942
-0.00451254
-0.000156478
0.00400835
0.00786034
0.0112997
0.0142417
0.0166121
0.0183596
0.0194644
0.019937
0.0198144
0.019156
0.0180322
0.0165225
0.0147148
0.0126986
0.0105747
0.00844883
0.0063905
0.00450077
0.0027946
0.00131468
8.27559e-05
-0.000899768
-0.00165033
-0.00218921
-0.00253977
-0.00272995
-0.00279926
-0.0027764
-0.00267415
-0.00250216
-0.00226622
-0.00196662
-0.00159752
-0.00114764
-0.000597624
7.52702e-05
0.000891217
0.00186551
0.00300994
0.00433369
0.00584162
0.00753422
0.00940485
0.0114367
0.0136043
0.015875
0.0182102
0.0205676
0.0229032
0.0251724
-0.197329
-0.224198
-0.249402
-0.270421
-0.284897
-0.291841
-0.291377
-0.283628
-0.269443
-0.250273
-0.227829
-0.203831
-0.179855
-0.157266
-0.137204
-0.120544
-0.10786
-0.0994495
-0.0953406
-0.0952337
-0.0985586
-0.10484
-0.113382
-0.123405
-0.13407
-0.144456
-0.153627
-0.160753
-0.165095
-0.166027
-0.164393
-0.159025
-0.150468
-0.139295
-0.12621
-0.111983
-0.0973649
-0.0830419
-0.0696241
-0.0576667
-0.0476252
-0.0398376
-0.0345283
-0.0318196
-0.0316467
-0.0338895
-0.0382517
-0.0443885
-0.0518789
-0.0602149
-0.0688923
-0.0772505
-0.0846046
-0.090388
-0.0941762
-0.095884
-0.0952592
-0.0925503
-0.0880747
-0.0822063
-0.0753911
-0.0680898
-0.060701
-0.0535722
-0.0469943
-0.041184
-0.0362882
-0.0323861
-0.0294943
-0.0275559
-0.0264594
-0.0260565
-0.0261773
-0.0266255
-0.027182
-0.0276273
-0.0277953
-0.0274743
-0.0265628
-0.0249871
-0.0227321
-0.0198423
-0.0164145
-0.0125817
-0.00849517
-0.00430697
-0.000161317
0.0038086
0.00748613
0.0107738
0.0135901
0.0158687
0.0175648
0.0186591
0.0191582
0.0190927
0.0185174
0.0174856
0.0160758
0.014382
0.0124902
0.010491
0.00847772
0.00653638
0.00469318
0.0030373
0.00159951
0.000388534
-0.000579581
-0.00132708
-0.00187197
-0.00223668
-0.00244761
-0.00253509
-0.00252412
-0.00242987
-0.00226226
-0.0020265
-0.00172263
-0.0013449
-0.000881725
-0.000316059
0.000370696
0.00119621
0.00217615
0.0033229
0.00464506
0.00614668
0.00782643
0.00967608
0.0116791
0.0138108
0.0160394
0.0183275
0.0206351
0.0229203
0.0251411
-0.196831
-0.22124
-0.244012
-0.262961
-0.276174
-0.282521
-0.281643
-0.274491
-0.261553
-0.244074
-0.223515
-0.201431
-0.179287
-0.158365
-0.13972
-0.124152
-0.112201
-0.104156
-0.100057
-0.0996025
-0.102309
-0.10775
-0.115321
-0.124304
-0.133896
-0.143234
-0.151454
-0.157766
-0.161506
-0.162241
-0.159939
-0.154738
-0.14667
-0.136175
-0.123874
-0.110471
-0.0966794
-0.0831478
-0.0704502
-0.0591342
-0.0496428
-0.0422794
-0.0372546
-0.0347158
-0.0346592
-0.0366392
-0.04056
-0.0461492
-0.0530066
-0.0606611
-0.0686146
-0.0762698
-0.0829994
-0.0882801
-0.091699
-0.0929963
-0.0925285
-0.0901787
-0.0861434
-0.0807365
-0.0743651
-0.067485
-0.0604716
-0.0536764
-0.0473909
-0.0418073
-0.037065
-0.0332377
-0.0303496
-0.0283489
-0.0271372
-0.0265797
-0.026508
-0.0267341
-0.0270577
-0.0272784
-0.0271904
-0.0267191
-0.0257217
-0.0241216
-0.021899
-0.0190894
-0.0157764
-0.0120791
-0.00813609
-0.00409159
-8.54761e-05
0.00375268
0.00730936
0.0104884
0.0132106
0.0154145
0.0170607
0.0181318
0.0186321
0.0185883
0.0180387
0.0170646
0.0157464
0.0141438
0.0123449
0.0104379
0.00850443
0.00662418
0.00485262
0.00324405
0.00184475
0.000674949
-0.000295542
-0.00105688
-0.00162065
-0.00200691
-0.00224018
-0.00234658
-0.00234872
-0.00226252
-0.00209824
-0.00186091
-0.00155023
-0.00116053
-0.000681117
-9.72291e-05
0.000607691
0.00144995
0.00244409
0.00360153
0.00492983
0.00643203
0.00810567
0.00994172
0.0119237
0.0140277
0.0162231
0.0184742
0.020742
0.0229863
0.0251676
-0.32641
-0.336278
-0.346697
-0.35684
-0.36575
-0.372521
-0.376422
-0.377005
-0.37445
-0.368764
-0.360407
-0.349981
-0.338132
-0.325499
-0.312675
-0.300146
-0.288299
-0.277399
-0.267453
-0.258415
-0.250859
-0.245032
-0.24067
-0.237744
-0.236317
-0.236339
-0.237665
-0.240105
-0.243334
-0.246958
-0.250583
-0.253784
-0.256138
-0.257286
-0.256968
-0.255201
-0.251909
-0.247211
-0.241341
-0.234563
-0.227176
-0.219474
-0.21173
-0.204183
-0.197031
-0.190437
-0.184548
-0.179486
-0.17513
-0.171435
-0.169228
-0.168533
-0.168609
-0.169438
-0.170921
-0.17283
-0.174931
-0.176946
-0.178585
-0.179582
-0.179714
-0.178828
-0.176941
-0.174003
-0.170093
-0.165358
-0.159967
-0.154115
-0.148
-0.141814
-0.135733
-0.129917
-0.124504
-0.119638
-0.115361
-0.111312
-0.108037
-0.106036
-0.104801
-0.104164
-0.104111
-0.104496
-0.105141
-0.105892
-0.106593
-0.107082
-0.107214
-0.106867
-0.105967
-0.104542
-0.102557
-0.100059
-0.0971271
-0.093861
-0.0903761
-0.0867814
-0.0832071
-0.0797716
-0.0765776
-0.0737356
-0.071385
-0.0694469
-0.0675432
-0.0666438
-0.0667157
-0.0668156
-0.0673465
-0.0681987
-0.0692261
-0.0703186
-0.0713416
-0.0721648
-0.0726735
-0.0727723
-0.0723973
-0.0715595
-0.070231
-0.0684429
-0.0662502
-0.0637259
-0.0609589
-0.0580373
-0.0550668
-0.0521486
-0.0493666
-0.0468225
-0.0446319
-0.0427185
-0.0407216
-0.0395793
-0.0391677
-0.0388212
-0.038857
-0.0391926
-0.0396912
-0.0402742
-0.336001
-0.347294
-0.359071
-0.370339
-0.380055
-0.387236
-0.391096
-0.391315
-0.38791
-0.381073
-0.371352
-0.359418
-0.345996
-0.331791
-0.31744
-0.303467
-0.290268
-0.277995
-0.266499
-0.256336
-0.24807
-0.241376
-0.2361
-0.232274
-0.229898
-0.228918
-0.22922
-0.230633
-0.232912
-0.235695
-0.23857
-0.241152
-0.243084
-0.244037
-0.24377
-0.24225
-0.239467
-0.235469
-0.230456
-0.22465
-0.218315
-0.211711
-0.205082
-0.198638
-0.192568
-0.187032
-0.182152
-0.178113
-0.174966
-0.172291
-0.170636
-0.171508
-0.172418
-0.173992
-0.176292
-0.178997
-0.181812
-0.184432
-0.186542
-0.187857
-0.188134
-0.187214
-0.185119
-0.181815
-0.177403
-0.17205
-0.165951
-0.159327
-0.152397
-0.145377
-0.138455
-0.1318
-0.125557
-0.119835
-0.114554
-0.109644
-0.105805
-0.103035
-0.100984
-0.0995868
-0.0988054
-0.0985311
-0.0986081
-0.0988687
-0.0991491
-0.0993069
-0.0992194
-0.0987745
-0.0978961
-0.0966142
-0.0948851
-0.0927425
-0.0902542
-0.0875153
-0.0846149
-0.0816626
-0.078782
-0.0760631
-0.0735966
-0.0714738
-0.0697613
-0.0684836
-0.0676939
-0.0676348
-0.068411
-0.0691677
-0.070334
-0.0718056
-0.0734084
-0.0750059
-0.0764522
-0.0776081
-0.0783511
-0.0785796
-0.0782276
-0.0773069
-0.0757987
-0.0737419
-0.0712016
-0.0682586
-0.0650164
-0.0615786
-0.0580517
-0.0545476
-0.0511675
-0.0480093
-0.045186
-0.042596
-0.0399025
-0.038019
-0.036869
-0.0359834
-0.0354517
-0.0352479
-0.0352796
-0.0354658
-0.0357189
-0.342983
-0.355612
-0.368611
-0.380856
-0.39124
-0.398702
-0.402395
-0.402191
-0.397924
-0.389963
-0.378952
-0.365631
-0.35079
-0.335194
-0.319514
-0.304295
-0.28987
-0.276151
-0.263429
-0.252685
-0.243746
-0.236243
-0.230189
-0.225577
-0.222374
-0.220524
-0.219928
-0.220427
-0.221797
-0.223752
-0.225932
-0.227951
-0.229472
-0.230224
-0.229979
-0.228641
-0.22632
-0.222965
-0.218736
-0.213835
-0.20849
-0.202926
-0.19736
-0.191986
-0.186975
-0.182475
-0.178595
-0.17547
-0.173218
-0.171819
-0.17133
-0.172955
-0.174794
-0.177253
-0.180418
-0.183918
-0.187434
-0.190643
-0.193209
-0.194823
-0.195228
-0.194255
-0.191942
-0.18827
-0.183361
-0.177404
-0.17062
-0.163256
-0.155554
-0.147743
-0.140028
-0.13258
-0.125535
-0.118939
-0.112714
-0.10719
-0.102787
-0.0992939
-0.0965329
-0.0944719
-0.093047
-0.0921575
-0.0916783
-0.0914675
-0.0913701
-0.0912381
-0.0909484
-0.0904155
-0.08955
-0.088385
-0.0868926
-0.085077
-0.0829987
-0.0807413
-0.0783798
-0.0760154
-0.0737428
-0.0716607
-0.0698757
-0.0684728
-0.0675155
-0.067064
-0.0674338
-0.0681882
-0.0690963
-0.0706871
-0.0726005
-0.0747057
-0.0768864
-0.0789885
-0.0808565
-0.0823429
-0.0833168
-0.0836723
-0.0833415
-0.0823371
-0.0806492
-0.0783259
-0.0754428
-0.0720914
-0.0683825
-0.064436
-0.0603686
-0.0562938
-0.0523251
-0.0485758
-0.0451198
-0.0417544
-0.0385109
-0.0360649
-0.0342891
-0.032858
-0.0317956
-0.0310837
-0.0306549
-0.0304388
-0.0303544
-0.346803
-0.36064
-0.374666
-0.387709
-0.398591
-0.406187
-0.409631
-0.408895
-0.403808
-0.394835
-0.382698
-0.368203
-0.352194
-0.335477
-0.318742
-0.302505
-0.286901
-0.271917
-0.258689
-0.247574
-0.237986
-0.229851
-0.223174
-0.21791
-0.214013
-0.211426
-0.210057
-0.209763
-0.210341
-0.211534
-0.213042
-0.214533
-0.215688
-0.216256
-0.215994
-0.214805
-0.212878
-0.210084
-0.206539
-0.202439
-0.197972
-0.19333
-0.188702
-0.184277
-0.180217
-0.176672
-0.173783
-0.171677
-0.170458
-0.170241
-0.171438
-0.172869
-0.17561
-0.179109
-0.183109
-0.18736
-0.191544
-0.195307
-0.198291
-0.200172
-0.200683
-0.199657
-0.197127
-0.193102
-0.187723
-0.181202
-0.173784
-0.165737
-0.157325
-0.148792
-0.140353
-0.132176
-0.124373
-0.116938
-0.10997
-0.103987
-0.0990485
-0.0949115
-0.0915388
-0.0888989
-0.0869202
-0.085508
-0.0845453
-0.0839015
-0.0834461
-0.0830418
-0.0825757
-0.0819986
-0.0811288
-0.080033
-0.0787655
-0.0772352
-0.0755019
-0.0736495
-0.0717563
-0.069914
-0.0682216
-0.0667829
-0.0656797
-0.0649838
-0.0647299
-0.0649426
-0.0661917
-0.0678776
-0.0692718
-0.071534
-0.0741124
-0.0768206
-0.0795505
-0.0821356
-0.0844078
-0.0862097
-0.0874011
-0.0878711
-0.0875621
-0.0864705
-0.0846055
-0.0820237
-0.0788112
-0.0750722
-0.0709269
-0.0665038
-0.0619316
-0.0573309
-0.0528185
-0.0485079
-0.0444235
-0.0403542
-0.0366443
-0.033719
-0.0313759
-0.0294319
-0.0278986
-0.0267469
-0.0259158
-0.025341
-0.0249534
-0.347062
-0.361935
-0.376738
-0.39035
-0.401523
-0.4091
-0.412229
-0.410937
-0.40513
-0.395326
-0.3823
-0.366909
-0.350043
-0.332534
-0.315056
-0.297986
-0.281334
-0.265852
-0.252563
-0.241069
-0.231034
-0.222467
-0.215327
-0.209554
-0.205098
-0.2019
-0.199877
-0.198903
-0.198801
-0.199341
-0.200251
-0.201232
-0.202031
-0.202477
-0.202169
-0.201058
-0.199475
-0.197161
-0.194198
-0.190781
-0.18707
-0.18323
-0.17944
-0.175878
-0.172704
-0.170049
-0.168063
-0.16687
-0.166505
-0.167238
-0.169617
-0.171836
-0.175218
-0.179526
-0.184254
-0.189168
-0.193941
-0.198188
-0.201535
-0.203636
-0.204218
-0.203151
-0.200413
-0.196064
-0.190267
-0.183249
-0.175278
-0.166641
-0.157617
-0.148463
-0.139395
-0.130574
-0.122066
-0.113907
-0.106471
-0.100107
-0.0946492
-0.0899809
-0.0861028
-0.0829753
-0.0805303
-0.0786796
-0.077316
-0.0763181
-0.0755594
-0.0749165
-0.0742886
-0.0737014
-0.0728052
-0.071701
-0.0706439
-0.0693779
-0.0679374
-0.0664569
-0.065008
-0.0636709
-0.0625308
-0.061667
-0.0611566
-0.061073
-0.0614202
-0.062259
-0.0642142
-0.0665973
-0.0688636
-0.0716599
-0.0748014
-0.0780645
-0.0812972
-0.0843257
-0.0869703
-0.0890624
-0.0904528
-0.091025
-0.090739
-0.0895656
-0.0875359
-0.0847169
-0.0812027
-0.0771088
-0.0725667
-0.0677134
-0.0626844
-0.0576092
-0.0526057
-0.0477767
-0.0430998
-0.038461
-0.0343621
-0.0310196
-0.0281836
-0.0257851
-0.0238328
-0.0222929
-0.0211121
-0.0202313
-0.0195858
)
;

boundaryField
{
    inlet
    {
        type            zeroGradient;
    }
    outlet
    {
        type            fixedValue;
        value           nonuniform List<scalar> 0();
    }
    topWall
    {
        type            zeroGradient;
    }
    lowerWall
    {
        type            zeroGradient;
    }
    leadingEdge
    {
        type            zeroGradient;
    }
    trailingEdge
    {
        type            zeroGradient;
    }
    upperSurface
    {
        type            zeroGradient;
    }
    lowerSurface
    {
        type            zeroGradient;
    }
    frontAndBack
    {
        type            empty;
    }
    procBoundary6to1
    {
        type            processor;
        value           uniform -0.317759;
    }
    procBoundary6to2
    {
        type            processor;
        value           nonuniform List<scalar> 
138
(
-0.314682
-0.323098
-0.332163
-0.341103
-0.349113
-0.355369
-0.359181
-0.360113
-0.358327
-0.353743
-0.346743
-0.337855
-0.327642
-0.316676
-0.30549
-0.294532
-0.284164
-0.274646
-0.266123
-0.258586
-0.252121
-0.247102
-0.243627
-0.241715
-0.241398
-0.242573
-0.245018
-0.24848
-0.252653
-0.257171
-0.261589
-0.265416
-0.268188
-0.269514
-0.26912
-0.267037
-0.263196
-0.257756
-0.250991
-0.243204
-0.234734
-0.225915
-0.217049
-0.208398
-0.200175
-0.192546
-0.185619
-0.179394
-0.17387
-0.169545
-0.166596
-0.164751
-0.163851
-0.163805
-0.164482
-0.16565
-0.16706
-0.168474
-0.169643
-0.17032
-0.170301
-0.169435
-0.167738
-0.165152
-0.161732
-0.157601
-0.152907
-0.147827
-0.142519
-0.137168
-0.131936
-0.126968
-0.122391
-0.118364
-0.115011
-0.112087
-0.10945
-0.108344
-0.108012
-0.10813
-0.108792
-0.109828
-0.111076
-0.112374
-0.11353
-0.114363
-0.114717
-0.114465
-0.11354
-0.111956
-0.109696
-0.106822
-0.103429
-0.0996233
-0.0955376
-0.0913054
-0.0870554
-0.0829151
-0.0790035
-0.0754349
-0.072345
-0.0696343
-0.0668913
-0.0651224
-0.0642702
-0.063765
-0.0636929
-0.0639769
-0.0644748
-0.0650787
-0.065684
-0.0661786
-0.0664552
-0.066424
-0.0660224
-0.0652571
-0.0640975
-0.0625667
-0.0607116
-0.0585967
-0.0562941
-0.053895
-0.0514948
-0.0491799
-0.0470307
-0.045128
-0.0435619
-0.0423254
-0.0411991
-0.0406822
-0.0410703
-0.0413255
-0.0419026
-0.0427378
-0.0437063
-0.0447236
-0.0408645
-0.0408645
)
;
    }
    procBoundary6to5
    {
        type            processor;
        value           nonuniform List<scalar> 
35
(
-0.329077
-0.321956
-0.311684
-0.298841
-0.284152
-0.268426
-0.252569
-0.237533
-0.224249
-0.213467
-0.205389
-0.1986
-0.192671
-0.187465
-0.184241
-0.182502
-0.18178
-0.181973
-0.182996
-0.185025
-0.18826
-0.192688
-0.196765
-0.199312
-0.199312
-0.160437
-0.162629
-0.165929
-0.168944
-0.170955
-0.172836
-0.325913
-0.331681
-0.334154
-0.333085
)
;
    }
    procBoundary6to7
    {
        type            processor;
        value           nonuniform List<scalar> 
35
(
-0.0136715
-0.00847666
-0.0036009
0.000894327
0.00496869
0.00859757
0.011773
0.014502
0.0168001
0.0187026
0.0202367
0.0213883
0.0222403
0.0228746
0.0233343
0.0236615
0.023908
0.0241284
0.0243793
0.0247824
0.0253011
0.0260546
0.0270431
0.0279443
0.0287296
0.0291821
0.0273353
0.0273353
0.0273358
0.0272594
0.0272485
-0.0359527
-0.0303224
-0.0246866
-0.0191118
)
;
    }
}


// ************************************************************************* //
