/*--------------------------------*- C++ -*----------------------------------*\
| =========                 |                                                 |
| \\      /  F ield         | OpenFOAM: The Open Source CFD Toolbox           |
|  \\    /   O peration     | Version:  2206                                  |
|   \\  /    A nd           | Website:  www.openfoam.com                      |
|    \\/     M anipulation  |                                                 |
\*---------------------------------------------------------------------------*/
FoamFile
{
    version     2.0;
    format      ascii;
    arch        "LSB;label=32;scalar=64";
    class       volVectorField;
    location    "19.2";
    object      ddtCorrDdt0(U);
}
// * * * * * * * * * * * * * * * * * * * * * * * * * * * * * * * * * * * * * //

dimensions      [0 1 -2 0 0 0 0];

internalField   nonuniform List<vector> 
3025
(
(32.4834 -5.20898 0)
(34.6854 -12.8837 0)
(35.4785 -19.381 0)
(35.0019 -25.0748 0)
(33.4638 -30.3814 0)
(31.1291 -35.5915 0)
(28.2196 -40.8069 0)
(24.8748 -45.9819 0)
(21.175 -50.9663 0)
(17.1678 -55.5208 0)
(12.8931 -59.327 0)
(8.41989 -61.9672 0)
(3.87686 -62.7756 0)
(-0.533577 -61.8676 0)
(-4.68277 -59.4164 0)
(-8.45622 -55.4845 0)
(-11.7446 -50.2441 0)
(-14.47 -43.9574 0)
(-16.6049 -36.9364 0)
(-18.1601 -29.4804 0)
(-19.2128 -21.8022 0)
(-20.1687 -13.8601 0)
(-21.3062 -5.22623 0)
(-21.7901 3.98093 0)
(-22.1355 13.2542 0)
(-22.0809 22.3645 0)
(-21.6689 31.0551 0)
(-21.0273 39.1716 0)
(-20.1981 46.5942 0)
(-19.1856 53.1716 0)
(-17.936 58.6494 0)
(-16.2636 62.5472 0)
(-13.8028 63.929 0)
(-10.7224 62.9067 0)
(-7.36244 60.0103 0)
(-3.13608 55.5246 0)
(-0.893044 49.7875 0)
(3.87122 43.2011 0)
(7.70649 35.7841 0)
(11.261 28.1159 0)
(14.9296 20.3176 0)
(18.7478 12.3545 0)
(21.6581 4.56139 0)
(23.9088 -2.28445 0)
(25.2353 -8.40056 0)
(25.5804 -13.9224 0)
(25.0502 -18.9766 0)
(23.7899 -23.7034 0)
(21.9698 -28.199 0)
(19.7349 -32.483 0)
(17.1871 -36.5043 0)
(14.3954 -40.1586 0)
(11.4061 -43.2942 0)
(8.25872 -45.6969 0)
(5.01082 -47.0175 0)
(1.77554 -46.9434 0)
(-1.32982 -45.7869 0)
(-4.24358 -43.5592 0)
(-6.88581 -40.3291 0)
(-9.18059 -36.2279 0)
(-11.0767 -31.4423 0)
(-12.5603 -26.189 0)
(-13.6436 -20.6666 0)
(-14.4114 -14.9946 0)
(-15.1974 -9.07433 0)
(-15.9962 -2.60191 0)
(-16.3456 4.17587 0)
(-16.5763 10.9796 0)
(-16.4795 17.6474 0)
(-16.0928 23.9837 0)
(-15.4877 29.8503 0)
(-14.6871 35.1287 0)
(-13.6983 39.69 0)
(-12.4982 43.3495 0)
(-10.9689 45.7756 0)
(-8.93152 46.3639 0)
(-6.58457 45.5521 0)
(-4.00078 43.6248 0)
(-1.14694 40.6315 0)
(1.81565 36.5631 0)
(4.65391 31.7656 0)
(7.29536 26.6344 0)
(9.75233 21.2887 0)
(12.0928 15.7812 0)
(14.4128 10.1457 0)
(16.287 4.53081 0)
(17.5519 -0.687139 0)
(18.277 -5.56171 0)
(18.3569 -10.1621 0)
(17.8456 -14.4815 0)
(16.8417 -18.5268 0)
(15.4506 -22.3019 0)
(13.7614 -25.7801 0)
(11.8434 -28.9078 0)
(9.7486 -31.6075 0)
(7.51475 -33.7713 0)
(5.17942 -35.2343 0)
(2.79809 -35.6799 0)
(0.474248 -35.2124 0)
(-1.73782 -33.9546 0)
(-3.79112 -31.9419 0)
(-5.63355 -29.247 0)
(-7.22032 -25.9786 0)
(-8.52195 -22.2732 0)
(-9.53041 -18.2778 0)
(-10.2577 -14.1209 0)
(-10.7987 -9.86291 0)
(-11.4142 -5.38596 0)
(-11.9258 -0.509514 0)
(-12.1484 4.50006 0)
(-12.2462 9.50917 0)
(-12.0738 14.3841 0)
(-11.6715 18.9889 0)
(-11.0724 23.2072 0)
(-10.2978 27.0015 0)
(-9.35414 30.1725 0)
(-8.18665 32.9057 0)
(-6.726 34.0907 0)
(-4.77839 34.4144 0)
(-3.2866 34.3725 0)
(0.0112814 31.4462 0)
(38.0073 -7.82623 0)
(39.5579 -14.1006 0)
(39.6685 -19.2504 0)
(38.5176 -23.7807 0)
(36.3738 -28.1739 0)
(33.539 -32.7294 0)
(30.2255 -37.4824 0)
(26.5363 -42.2904 0)
(22.5205 -46.952 0)
(18.2082 -51.2193 0)
(13.6411 -54.7895 0)
(8.88474 -57.2814 0)
(4.05281 -58.1237 0)
(-0.656466 -57.4051 0)
(-5.1168 -55.2688 0)
(-9.21542 -51.7708 0)
(-12.8382 -47.0562 0)
(-15.9107 -41.343 0)
(-18.4104 -34.8838 0)
(-20.3691 -27.9106 0)
(-21.9114 -20.5512 0)
(-23.3869 -12.7198 0)
(-24.705 -4.24371 0)
(-25.4346 4.55997 0)
(-25.9275 13.4289 0)
(-25.9741 22.1691 0)
(-25.6282 30.5471 0)
(-24.9715 38.4016 0)
(-24.0284 45.5816 0)
(-22.7838 51.8758 0)
(-21.1417 56.9369 0)
(-18.8217 60.1661 0)
(-15.5343 60.6685 0)
(-11.7309 59.2568 0)
(-7.57851 56.1642 0)
(-2.75301 51.6926 0)
(0.914954 45.7382 0)
(6.36907 38.8192 0)
(10.6272 31.589 0)
(15.0005 24.1316 0)
(19.5228 16.4168 0)
(23.2709 8.76486 0)
(26.1364 2.02413 0)
(28.0367 -3.85051 0)
(28.8642 -8.999 0)
(28.7066 -13.5856 0)
(27.6906 -17.8424 0)
(25.9864 -21.9493 0)
(23.7776 -25.9864 0)
(21.206 -29.9284 0)
(18.3591 -33.6833 0)
(15.2863 -37.1217 0)
(12.025 -40.0818 0)
(8.6151 -42.3564 0)
(5.12012 -43.6383 0)
(1.65154 -43.6487 0)
(-1.67856 -42.6499 0)
(-4.8109 -40.6573 0)
(-7.67067 -37.7369 0)
(-10.1895 -34.0063 0)
(-12.3252 -29.6229 0)
(-14.0677 -24.7577 0)
(-15.4379 -19.5541 0)
(-16.5557 -14.0729 0)
(-17.6721 -8.21752 0)
(-18.5621 -1.91119 0)
(-19.0736 4.55408 0)
(-19.3772 11.0512 0)
(-19.331 17.4233 0)
(-18.9765 23.4927 0)
(-18.3551 29.1225 0)
(-17.4747 34.1783 0)
(-16.3197 38.4929 0)
(-14.8132 41.8171 0)
(-12.7396 43.7131 0)
(-10.0603 43.8705 0)
(-7.05872 42.7808 0)
(-3.79796 40.5737 0)
(-0.352158 37.3899 0)
(3.12214 33.3849 0)
(6.45987 28.7905 0)
(9.59005 23.8317 0)
(12.5638 18.6411 0)
(15.421 13.2925 0)
(17.8449 7.95567 0)
(19.5422 2.98348 0)
(20.6362 -1.56189 0)
(21.0342 -5.79724 0)
(20.7691 -9.77208 0)
(19.9191 -13.5489 0)
(18.5902 -17.1651 0)
(16.8949 -20.6088 0)
(14.9231 -23.8328 0)
(12.7402 -26.7653 0)
(10.3922 -29.3131 0)
(7.91479 -31.3606 0)
(5.34874 -32.7525 0)
(2.75763 -33.2177 0)
(0.240538 -32.8373 0)
(-2.15473 -31.7196 0)
(-4.38218 -29.8991 0)
(-6.39077 -27.4426 0)
(-8.14124 -24.4471 0)
(-9.61293 -21.0286 0)
(-10.8052 -17.3021 0)
(-11.7435 -13.3557 0)
(-12.539 -9.20946 0)
(-13.3417 -4.78149 0)
(-13.8844 -0.0716536 0)
(-14.2053 4.69661 0)
(-14.3251 9.4627 0)
(-14.1686 14.0987 0)
(-13.7646 18.4815 0)
(-13.1245 22.4862 0)
(-12.2621 26.0936 0)
(-11.1401 29.0011 0)
(-9.63528 31.37 0)
(-7.76216 32.2494 0)
(-5.33517 32.3143 0)
(-3.50995 32.1132 0)
(0.443318 29.0782 0)
(42.8072 -9.83415 0)
(43.5212 -14.5768 0)
(42.7488 -18.3403 0)
(40.8461 -21.7695 0)
(38.2413 -25.4266 0)
(35.0573 -29.4755 0)
(31.3953 -33.7998 0)
(27.4379 -38.279 0)
(23.191 -42.6523 0)
(18.6706 -46.6583 0)
(13.9062 -50.0095 0)
(8.95579 -52.3622 0)
(3.93537 -53.2399 0)
(-0.966585 -52.6942 0)
(-5.63657 -50.8501 0)
(-9.97089 -47.7587 0)
(-13.868 -43.5428 0)
(-17.2614 -38.3767 0)
(-20.1294 -32.449 0)
(-22.4951 -25.9145 0)
(-24.5134 -18.845 0)
(-26.4101 -11.2069 0)
(-27.8486 -3.05673 0)
(-28.828 5.2909 0)
(-29.4434 13.7295 0)
(-29.5813 22.0564 0)
(-29.2929 30.0584 0)
(-28.6218 37.568 0)
(-27.5716 44.3961 0)
(-26.0934 50.2627 0)
(-23.9985 54.711 0)
(-20.8626 56.9129 0)
(-16.7995 56.7848 0)
(-12.1963 54.866 0)
(-7.16291 51.4053 0)
(-1.7161 46.6455 0)
(3.80946 40.6407 0)
(9.08621 33.8692 0)
(14.2205 26.8298 0)
(19.4605 19.507 0)
(24.0246 12.0882 0)
(27.6083 5.50148 0)
(30.1251 -0.143673 0)
(31.4736 -4.97217 0)
(31.7377 -9.0969 0)
(31.0392 -12.7615 0)
(29.542 -16.2576 0)
(27.4437 -19.7887 0)
(24.9249 -23.4173 0)
(22.1012 -27.0681 0)
(19.0348 -30.5923 0)
(15.7635 -33.8351 0)
(12.3174 -36.6331 0)
(8.72803 -38.791 0)
(5.05768 -40.0477 0)
(1.41395 -40.1499 0)
(-2.09378 -39.3151 0)
(-5.40687 -37.5605 0)
(-8.45427 -34.9464 0)
(-11.1745 -31.5726 0)
(-13.5322 -27.5653 0)
(-15.5222 -23.0533 0)
(-17.1837 -18.1336 0)
(-18.6485 -12.8343 0)
(-20.0243 -7.12895 0)
(-20.9748 -1.10163 0)
(-21.655 5.02698 0)
(-22.0292 11.1965 0)
(-22.0418 17.2457 0)
(-21.7226 23.0112 0)
(-21.083 28.3471 0)
(-20.1041 33.088 0)
(-18.7177 37.0196 0)
(-16.7482 39.8287 0)
(-13.9568 40.9382 0)
(-10.6438 40.7101 0)
(-6.99037 39.3219 0)
(-3.10249 36.9217 0)
(0.890343 33.668 0)
(4.83758 29.7302 0)
(8.6309 25.2919 0)
(12.2666 20.5231 0)
(15.7316 15.5571 0)
(18.6969 10.569 0)
(20.9008 5.91258 0)
(22.4213 1.7086 0)
(23.1895 -2.14846 0)
(23.2426 -5.7068 0)
(22.6408 -9.05477 0)
(21.4741 -12.3004 0)
(19.863 -15.5005 0)
(17.9181 -18.6353 0)
(15.72 -21.6277 0)
(13.326 -24.379 0)
(10.7812 -26.7856 0)
(8.11894 -28.7302 0)
(5.37788 -30.0693 0)
(2.62663 -30.58 0)
(-0.0426353 -30.2982 0)
(-2.5839 -29.3295 0)
(-4.95395 -27.7057 0)
(-7.10728 -25.4871 0)
(-9.01096 -22.7561 0)
(-10.6504 -19.6061 0)
(-12.0314 -16.1233 0)
(-13.1931 -12.3649 0)
(-14.2335 -8.34052 0)
(-15.1796 -4.04538 0)
(-15.7711 0.427148 0)
(-16.185 4.94283 0)
(-16.3387 9.45102 0)
(-16.2071 13.8251 0)
(-15.8013 17.9506 0)
(-15.1078 21.6898 0)
(-14.1252 25.0284 0)
(-12.7361 27.5602 0)
(-10.8011 29.4213 0)
(-8.50049 29.9718 0)
(-5.59192 29.7949 0)
(-3.42789 29.4074 0)
(1.16072 26.2727 0)
(46.5445 -10.9109 0)
(46.0748 -14.0261 0)
(44.4352 -16.6068 0)
(42.0337 -19.2757 0)
(39.0443 -22.3388 0)
(35.5991 -25.9065 0)
(31.7879 -29.9219 0)
(27.6252 -34.0775 0)
(23.2478 -38.1829 0)
(18.6175 -41.9449 0)
(13.7379 -45.079 0)
(8.67393 -47.2927 0)
(3.54655 -48.211 0)
(-1.47064 -47.8255 0)
(-6.27648 -46.2513 0)
(-10.7795 -43.5307 0)
(-14.8907 -39.7623 0)
(-18.5538 -35.0797 0)
(-21.7528 -29.6199 0)
(-24.5308 -23.487 0)
(-27.0145 -16.7328 0)
(-29.1948 -9.41621 0)
(-30.7506 -1.7167 0)
(-31.9404 6.16697 0)
(-32.6594 14.1465 0)
(-32.8855 22.017 0)
(-32.651 29.5874 0)
(-31.9669 36.6744 0)
(-30.7997 43.0364 0)
(-29.0058 48.2931 0)
(-26.1792 51.7823 0)
(-22.0531 52.8394 0)
(-17.1317 52.0438 0)
(-11.6144 49.5808 0)
(-5.67654 45.7257 0)
(0.46853 40.7415 0)
(6.55557 34.8484 0)
(12.555 28.3436 0)
(18.5974 21.4525 0)
(23.9296 14.3585 0)
(28.2957 8.05004 0)
(31.471 2.69186 0)
(33.348 -1.79294 0)
(34.0294 -5.47483 0)
(33.5508 -8.5484 0)
(32.2849 -11.3822 0)
(30.4415 -14.2642 0)
(28.1454 -17.3546 0)
(25.4837 -20.6675 0)
(22.4887 -24.0368 0)
(19.2918 -27.3431 0)
(15.9108 -30.41 0)
(12.3492 -33.0515 0)
(8.64312 -35.0912 0)
(4.85776 -36.3176 0)
(1.09735 -36.5036 0)
(-2.53395 -35.8219 0)
(-5.98434 -34.2914 0)
(-9.1905 -31.9646 0)
(-12.0993 -28.9228 0)
(-14.6839 -25.2625 0)
(-16.9442 -21.0729 0)
(-18.9239 -16.4159 0)
(-20.7067 -11.3274 0)
(-22.218 -5.87492 0)
(-23.2979 -0.202114 0)
(-24.0995 5.594 0)
(-24.5429 11.4216 0)
(-24.6158 17.1204 0)
(-24.3204 22.5352 0)
(-23.6321 27.4992 0)
(-22.4777 31.802 0)
(-20.6827 35.1595 0)
(-17.9593 37.0557 0)
(-14.4888 37.5674 0)
(-10.5507 36.9193 0)
(-6.28608 35.2433 0)
(-1.8456 32.6972 0)
(2.61546 29.4331 0)
(6.98546 25.6024 0)
(11.2475 21.3621 0)
(15.3305 16.8495 0)
(18.8155 12.2522 0)
(21.5681 8.01126 0)
(23.5384 4.19725 0)
(24.687 0.736274 0)
(25.0719 -2.38876 0)
(24.7091 -5.24732 0)
(23.778 -8.00147 0)
(22.3969 -10.7815 0)
(20.6359 -13.6274 0)
(18.529 -16.4664 0)
(16.1957 -19.2397 0)
(13.6846 -21.8342 0)
(11.0198 -24.1137 0)
(8.23525 -25.9597 0)
(5.37295 -27.2482 0)
(2.50112 -27.8045 0)
(-0.293934 -27.6208 0)
(-2.96374 -26.7997 0)
(-5.46987 -25.3691 0)
(-7.77082 -23.3803 0)
(-9.83854 -20.9002 0)
(-11.6627 -17.9994 0)
(-13.2538 -14.7382 0)
(-14.654 -11.1581 0)
(-15.9101 -7.29395 0)
(-16.9162 -3.21071 0)
(-17.6225 0.984832 0)
(-18.1029 5.2431 0)
(-18.2933 9.47848 0)
(-18.1817 13.5644 0)
(-17.7559 17.3884 0)
(-16.9712 20.795 0)
(-15.7762 23.7513 0)
(-13.9437 25.6945 0)
(-11.514 26.9978 0)
(-8.79408 27.2413 0)
(-5.43055 26.8563 0)
(-2.93701 26.2699 0)
(2.20941 23.0846 0)
(48.5292 -10.7321 0)
(47.1138 -12.535 0)
(44.8627 -14.2902 0)
(42.0145 -16.3709 0)
(38.7582 -18.9809 0)
(35.1817 -22.1749 0)
(31.3115 -25.8607 0)
(27.1584 -29.8063 0)
(22.7108 -33.6338 0)
(18.0576 -37.1527 0)
(13.1579 -40.0755 0)
(8.06216 -42.1495 0)
(2.90103 -43.1093 0)
(-2.16843 -42.8671 0)
(-7.0521 -41.5341 0)
(-11.6751 -39.1409 0)
(-15.9597 -35.7624 0)
(-19.8585 -31.4942 0)
(-23.3641 -26.4328 0)
(-26.5174 -20.6646 0)
(-29.343 -14.2812 0)
(-31.6118 -7.41166 0)
(-33.4145 -0.242189 0)
(-34.7447 7.17192 0)
(-35.5668 14.6655 0)
(-35.8855 22.0492 0)
(-35.7025 29.1379 0)
(-34.9816 35.7054 0)
(-33.5847 41.4203 0)
(-31.1408 45.7179 0)
(-27.1294 47.6872 0)
(-22.0931 47.8735 0)
(-16.2544 46.3619 0)
(-9.87298 43.4269 0)
(-3.21851 39.3191 0)
(3.45971 34.2653 0)
(10.1639 28.5111 0)
(16.9953 22.1839 0)
(23.0363 15.4626 0)
(28.1478 9.55806 0)
(31.9594 4.58061 0)
(34.3637 0.50892 0)
(35.4648 -2.68934 0)
(35.2551 -5.19494 0)
(34.2342 -7.40242 0)
(32.6153 -9.64281 0)
(30.5537 -12.0877 0)
(28.1408 -14.7999 0)
(25.4221 -17.7769 0)
(22.4273 -20.9252 0)
(19.1643 -24.0139 0)
(15.7243 -26.8878 0)
(12.1152 -29.3743 0)
(8.35211 -31.2977 0)
(4.5009 -32.4938 0)
(0.668208 -32.7662 0)
(-3.04594 -32.2267 0)
(-6.60085 -30.9007 0)
(-9.94267 -28.8301 0)
(-13.0238 -26.0756 0)
(-15.8218 -22.7071 0)
(-18.3406 -18.7936 0)
(-20.611 -14.3974 0)
(-22.6198 -9.59217 0)
(-24.1971 -4.48183 0)
(-25.4725 0.813903 0)
(-26.3925 6.25401 0)
(-26.9221 11.7096 0)
(-27.0477 17.0217 0)
(-26.7333 22.0209 0)
(-25.8956 26.4987 0)
(-24.3424 30.1619 0)
(-21.7455 32.5104 0)
(-18.2589 33.5804 0)
(-14.161 33.5518 0)
(-9.6303 32.5124 0)
(-4.84651 30.617 0)
(0.0133329 27.998 0)
(4.83396 24.7875 0)
(9.61725 21.1254 0)
(14.233 17.094 0)
(18.2169 12.9454 0)
(21.5014 9.19382 0)
(23.9155 5.83819 0)
(25.4459 2.84002 0)
(26.1574 0.190531 0)
(26.0299 -2.17494 0)
(25.3686 -4.43578 0)
(24.2531 -6.73821 0)
(22.7596 -9.13722 0)
(20.9388 -11.6405 0)
(18.825 -14.2254 0)
(16.4388 -16.7896 0)
(13.836 -19.1899 0)
(11.0988 -21.3366 0)
(8.23915 -23.088 0)
(5.29575 -24.3247 0)
(2.33732 -24.9208 0)
(-0.553558 -24.8337 0)
(-3.32673 -24.1534 0)
(-5.95034 -22.9014 0)
(-8.38993 -21.1191 0)
(-10.6229 -18.8594 0)
(-12.6417 -16.1764 0)
(-14.4557 -13.1192 0)
(-16.0814 -9.73855 0)
(-17.47 -6.09822 0)
(-18.5459 -2.28862 0)
(-19.385 1.62709 0)
(-19.938 5.60282 0)
(-20.1735 9.5299 0)
(-20.0649 13.2844 0)
(-19.5645 16.7398 0)
(-18.565 19.7054 0)
(-16.8849 21.9929 0)
(-14.5692 23.4045 0)
(-11.5913 24.0692 0)
(-8.52545 24.0867 0)
(-4.77978 23.5424 0)
(-1.9911 22.7473 0)
(3.56351 19.5854 0)
(48.6833 -9.45899 0)
(46.5431 -10.3389 0)
(43.823 -11.4985 0)
(40.7555 -13.1936 0)
(37.4436 -15.5214 0)
(33.9054 -18.4524 0)
(30.1135 -21.8538 0)
(26.0421 -25.5117 0)
(21.6838 -29.1257 0)
(17.0635 -32.3775 0)
(12.2258 -35.0867 0)
(7.17469 -37.0185 0)
(2.02867 -37.9978 0)
(-3.05241 -37.866 0)
(-7.97313 -36.7297 0)
(-12.6822 -34.6108 0)
(-17.1134 -31.5606 0)
(-21.2248 -27.6503 0)
(-25.0072 -22.9638 0)
(-28.4328 -17.5863 0)
(-31.3281 -11.6215 0)
(-33.7807 -5.27471 0)
(-35.76 1.40449 0)
(-37.2303 8.31164 0)
(-38.1754 15.2906 0)
(-38.5864 22.1509 0)
(-38.4124 28.6756 0)
(-37.4913 34.5524 0)
(-35.4411 39.23 0)
(-31.6459 41.8047 0)
(-26.6494 42.7049 0)
(-20.656 41.9673 0)
(-13.9657 39.8263 0)
(-6.91389 36.5334 0)
(0.214558 32.2984 0)
(7.44775 27.3382 0)
(14.855 21.6373 0)
(21.5428 15.4541 0)
(27.2653 10.0284 0)
(31.5953 5.49653 0)
(34.4385 1.89619 0)
(35.9026 -0.783013 0)
(35.9803 -2.71058 0)
(35.2032 -4.28813 0)
(33.8403 -5.891 0)
(32.0414 -7.7031 0)
(29.914 -9.80678 0)
(27.5072 -12.2245 0)
(24.833 -14.918 0)
(21.8918 -17.7896 0)
(18.6951 -20.6838 0)
(15.256 -23.36 0)
(11.6512 -25.6776 0)
(7.89129 -27.4795 0)
(4.0177 -28.62 0)
(0.138115 -28.9748 0)
(-3.64156 -28.5415 0)
(-7.28221 -27.3835 0)
(-10.7486 -25.5292 0)
(-13.9994 -23.0262 0)
(-17.0109 -19.93 0)
(-19.7676 -16.2981 0)
(-22.2205 -12.1892 0)
(-24.2932 -7.70921 0)
(-26.0521 -2.97578 0)
(-27.4593 1.97475 0)
(-28.4848 7.03956 0)
(-29.0933 12.0789 0)
(-29.2231 16.9308 0)
(-28.7588 21.3869 0)
(-27.484 25.1257 0)
(-25.0148 27.635 0)
(-21.6184 29.0575 0)
(-17.4829 29.4685 0)
(-12.8064 28.9391 0)
(-7.80594 27.6006 0)
(-2.68926 25.5736 0)
(2.42776 22.9696 0)
(7.58247 19.8961 0)
(12.5657 16.3373 0)
(16.9696 12.7034 0)
(20.6625 9.45693 0)
(23.4467 6.59201 0)
(25.3208 4.10724 0)
(26.3513 1.97936 0)
(26.5541 0.119446 0)
(26.1836 -1.63884 0)
(25.3628 -3.45377 0)
(24.1661 -5.39153 0)
(22.6495 -7.46804 0)
(20.84 -9.66966 0)
(18.7505 -11.9589 0)
(16.3955 -14.2799 0)
(13.8042 -16.5236 0)
(11.0169 -18.5096 0)
(8.1252 -20.1573 0)
(5.14612 -21.3406 0)
(2.1276 -21.963 0)
(-0.847594 -21.9549 0)
(-3.71699 -21.3917 0)
(-6.45414 -20.2939 0)
(-9.03572 -18.6949 0)
(-11.4425 -16.6365 0)
(-13.6595 -14.1637 0)
(-15.6692 -11.3229 0)
(-17.4096 -8.16586 0)
(-18.8793 -4.79761 0)
(-20.0923 -1.27405 0)
(-21.0157 2.36497 0)
(-21.6191 6.02909 0)
(-21.8576 9.60521 0)
(-21.6612 12.9595 0)
(-20.9086 15.9011 0)
(-19.3768 18.1355 0)
(-17.0956 19.6454 0)
(-14.3361 20.5474 0)
(-10.9635 20.7848 0)
(-7.63747 20.6208 0)
(-3.6087 19.9215 0)
(-0.598769 18.9314 0)
(5.12723 15.9355 0)
(46.8565 -7.33039 0)
(44.2579 -7.66492 0)
(41.3729 -8.50842 0)
(38.3287 -9.99548 0)
(35.1556 -12.1408 0)
(31.8176 -14.8593 0)
(28.2442 -17.9982 0)
(24.3728 -21.3597 0)
(20.1864 -24.6999 0)
(15.7018 -27.7151 0)
(10.9708 -30.1725 0)
(6.02889 -31.9364 0)
(0.958446 -32.8725 0)
(-4.10371 -32.8774 0)
(-9.04934 -31.8897 0)
(-13.8249 -29.9885 0)
(-18.3715 -27.2188 0)
(-22.6319 -23.6209 0)
(-26.5177 -19.259 0)
(-30.0211 -14.309 0)
(-33.0945 -8.86686 0)
(-35.7025 -2.99622 0)
(-37.8231 3.19918 0)
(-39.4329 9.58853 0)
(-40.4915 16.0189 0)
(-40.914 22.2824 0)
(-40.4936 28.0545 0)
(-38.7782 32.7238 0)
(-35.2347 35.5736 0)
(-30.3511 36.8969 0)
(-24.3174 36.7136 0)
(-17.4569 35.1871 0)
(-10.1705 32.5939 0)
(-2.77189 29.1292 0)
(4.80561 24.9772 0)
(12.5905 19.9299 0)
(19.6938 14.3684 0)
(25.7996 9.51898 0)
(30.447 5.51101 0)
(33.5557 2.43671 0)
(35.2465 0.304018 0)
(35.5564 -1.05688 0)
(35.0034 -2.04491 0)
(33.8965 -3.03582 0)
(32.3829 -4.22931 0)
(30.5732 -5.72333 0)
(28.5225 -7.56101 0)
(26.2439 -9.72958 0)
(23.7226 -12.1655 0)
(20.933 -14.7644 0)
(17.8629 -17.3899 0)
(14.532 -19.8743 0)
(10.9775 -22.0026 0)
(7.26706 -23.6557 0)
(3.42665 -24.7189 0)
(-0.465801 -25.1163 0)
(-4.31088 -24.8098 0)
(-8.04631 -23.7857 0)
(-11.6438 -22.1141 0)
(-15.0505 -19.8269 0)
(-18.1976 -16.9569 0)
(-21.0641 -13.5984 0)
(-23.6288 -9.83444 0)
(-25.869 -5.72575 0)
(-27.762 -1.3334 0)
(-29.276 3.24617 0)
(-30.3599 7.89366 0)
(-30.9277 12.4542 0)
(-30.8254 16.6988 0)
(-29.7757 20.2632 0)
(-27.4603 22.7479 0)
(-24.2045 24.3071 0)
(-20.1257 24.9577 0)
(-15.4276 24.7717 0)
(-10.3494 23.8674 0)
(-5.12947 22.3634 0)
(0.106342 20.335 0)
(5.43106 17.8319 0)
(10.5907 14.7445 0)
(15.2292 11.6506 0)
(19.1361 8.90649 0)
(22.1393 6.53391 0)
(24.2459 4.56023 0)
(25.5272 2.94695 0)
(26.0654 1.58741 0)
(25.981 0.335545 0)
(25.4839 -0.967738 0)
(24.6249 -2.41452 0)
(23.4582 -4.0335 0)
(22.013 -5.82203 0)
(20.2983 -7.75088 0)
(18.3121 -9.7701 0)
(16.0519 -11.8193 0)
(13.5302 -13.8268 0)
(10.7908 -15.6814 0)
(7.89732 -17.2132 0)
(4.91734 -18.3153 0)
(1.87883 -18.9187 0)
(-1.165 -18.9936 0)
(-4.14522 -18.5459 0)
(-7.01667 -17.5863 0)
(-9.74303 -16.1395 0)
(-12.2915 -14.2472 0)
(-14.6346 -11.9654 0)
(-16.7501 -9.36121 0)
(-18.6141 -6.49348 0)
(-20.2027 -3.40829 0)
(-21.4921 -0.163993 0)
(-22.4468 3.15743 0)
(-23.0087 6.45358 0)
(-23.0842 9.58127 0)
(-22.5253 12.3269 0)
(-21.0988 14.4289 0)
(-19.0239 15.9498 0)
(-16.318 16.8949 0)
(-13.173 17.3177 0)
(-9.56361 17.2349 0)
(-6.09774 16.9309 0)
(-1.94094 16.1114 0)
(1.16047 14.9865 0)
(6.73039 12.3156 0)
(43.0268 -4.77098 0)
(40.3474 -4.86022 0)
(37.6053 -5.58054 0)
(34.835 -6.98573 0)
(31.9994 -9.0181 0)
(29.0143 -11.5461 0)
(25.7792 -14.4082 0)
(22.2127 -17.4395 0)
(18.2815 -20.4512 0)
(14.0095 -23.1991 0)
(9.43812 -25.4109 0)
(4.63882 -26.9892 0)
(-0.295554 -27.8576 0)
(-5.2589 -27.8752 0)
(-10.1785 -27.0097 0)
(-14.9764 -25.2993 0)
(-19.5656 -22.7712 0)
(-23.8829 -19.4868 0)
(-27.8713 -15.5312 0)
(-31.4815 -10.9935 0)
(-34.6782 -5.96632 0)
(-37.4235 -0.552294 0)
(-39.669 5.14088 0)
(-41.3459 10.986 0)
(-42.3277 16.7875 0)
(-42.3436 22.1753 0)
(-40.8186 26.4939 0)
(-37.4763 29.3132 0)
(-32.7036 30.777 0)
(-26.6871 30.8938 0)
(-19.7757 29.8109 0)
(-12.4313 27.7785 0)
(-4.99813 25.0015 0)
(2.68951 21.6346 0)
(10.5926 17.2242 0)
(17.8009 12.3773 0)
(23.9533 8.20579 0)
(28.6035 4.81068 0)
(31.71 2.30865 0)
(33.4164 0.722118 0)
(33.818 -0.119829 0)
(33.4222 -0.588995 0)
(32.5453 -1.03218 0)
(31.3288 -1.65637 0)
(29.8756 -2.57503 0)
(28.2338 -3.84819 0)
(26.4107 -5.48105 0)
(24.3848 -7.42914 0)
(22.1182 -9.61331 0)
(19.57 -11.9326 0)
(16.7108 -14.2697 0)
(13.5406 -16.4918 0)
(10.1022 -18.4423 0)
(6.45937 -19.9282 0)
(2.67895 -20.872 0)
(-1.17705 -21.2379 0)
(-5.02341 -20.9686 0)
(-8.81001 -20.0487 0)
(-12.4977 -18.5313 0)
(-16.018 -16.4653 0)
(-19.2947 -13.889 0)
(-22.2786 -10.8417 0)
(-24.9513 -7.38223 0)
(-27.2931 -3.59245 0)
(-29.2561 0.431199 0)
(-30.7603 4.57935 0)
(-31.6915 8.70509 0)
(-31.8687 12.5512 0)
(-30.9175 15.7295 0)
(-28.773 18.0472 0)
(-25.6514 19.5609 0)
(-21.6775 20.2807 0)
(-17.0592 20.2823 0)
(-12.0548 19.6848 0)
(-6.92102 18.5978 0)
(-1.77423 17.0983 0)
(3.50208 15.1548 0)
(8.60417 12.5428 0)
(13.2129 9.99077 0)
(17.0811 7.7486 0)
(20.0796 5.85611 0)
(22.234 4.3532 0)
(23.6263 3.20168 0)
(24.3801 2.29884 0)
(24.5509 1.51052 0)
(24.3637 0.691455 0)
(23.8686 -0.274831 0)
(23.1014 -1.43085 0)
(22.081 -2.78268 0)
(20.8078 -4.31138 0)
(19.2723 -5.97604 0)
(17.4613 -7.72297 0)
(15.3638 -9.49661 0)
(12.9804 -11.2427 0)
(10.3384 -12.8875 0)
(7.50247 -14.304 0)
(4.54866 -15.323 0)
(1.52281 -15.8654 0)
(-1.54337 -15.938 0)
(-4.59016 -15.5456 0)
(-7.55592 -14.6981 0)
(-10.3915 -13.4148 0)
(-13.0533 -11.7286 0)
(-15.5032 -9.68318 0)
(-17.7088 -7.32933 0)
(-19.6391 -4.72266 0)
(-21.2569 -1.92853 0)
(-22.5112 0.975663 0)
(-23.3319 3.89218 0)
(-23.6164 6.66637 0)
(-23.1505 9.07963 0)
(-21.888 10.9947 0)
(-19.9657 12.4173 0)
(-17.4398 13.3354 0)
(-14.4078 13.7784 0)
(-11.0446 13.8313 0)
(-7.42348 13.5777 0)
(-3.99829 13.2035 0)
(0.0610672 12.2824 0)
(3.06341 11.1493 0)
(8.08503 8.95995 0)
(37.3509 -2.17664 0)
(34.9919 -2.25227 0)
(32.7168 -2.99941 0)
(30.478 -4.39394 0)
(28.1766 -6.3303 0)
(25.6852 -8.65547 0)
(22.8813 -11.2103 0)
(19.6829 -13.8648 0)
(16.0654 -16.4932 0)
(12.0525 -18.8974 0)
(7.68374 -20.8172 0)
(3.02809 -22.1698 0)
(-1.73145 -22.9901 0)
(-6.50903 -22.9908 0)
(-11.3186 -22.1455 0)
(-16.0809 -20.5817 0)
(-20.6674 -18.2898 0)
(-25.0163 -15.2956 0)
(-29.0779 -11.6735 0)
(-32.7939 -7.51487 0)
(-36.1014 -2.9207 0)
(-38.913 2.00207 0)
(-41.0981 7.13412 0)
(-42.4621 12.2748 0)
(-42.6962 17.0045 0)
(-41.1 20.6923 0)
(-37.861 23.2289 0)
(-33.1271 24.5928 0)
(-27.1541 24.7899 0)
(-20.3335 23.9818 0)
(-13.1561 22.3838 0)
(-5.94526 20.257 0)
(1.59499 17.629 0)
(9.2282 13.7739 0)
(16.128 9.76824 0)
(21.8717 6.37666 0)
(26.111 3.67563 0)
(28.867 1.7852 0)
(30.3232 0.722079 0)
(30.6114 0.317241 0)
(30.28 0.250054 0)
(29.5794 0.226324 0)
(28.6484 0.056926 0)
(27.5739 -0.374537 0)
(26.3873 -1.14052 0)
(25.0816 -2.26359 0)
(23.6224 -3.71846 0)
(21.9567 -5.44381 0)
(20.0278 -7.35577 0)
(17.789 -9.35951 0)
(15.2106 -11.3547 0)
(12.2829 -13.243 0)
(9.02886 -14.925 0)
(5.51112 -16.2405 0)
(1.80093 -17.0485 0)
(-1.99442 -17.4229 0)
(-5.78952 -17.2008 0)
(-9.57827 -16.3007 0)
(-13.3284 -14.8829 0)
(-16.9259 -13.0142 0)
(-20.2714 -10.708 0)
(-23.3071 -7.96554 0)
(-26.0042 -4.82993 0)
(-28.3088 -1.41117 0)
(-30.1112 2.15426 0)
(-31.2565 5.69813 0)
(-31.5475 8.97301 0)
(-30.5523 11.6361 0)
(-28.5423 13.6524 0)
(-25.5492 14.984 0)
(-21.7267 15.6433 0)
(-17.2966 15.7172 0)
(-12.5314 15.3289 0)
(-7.69472 14.5793 0)
(-2.88064 13.5408 0)
(2.08021 12.1031 0)
(6.85136 9.99281 0)
(11.1317 7.99735 0)
(14.6763 6.26413 0)
(17.4075 4.83631 0)
(19.3801 3.75292 0)
(20.6889 2.98205 0)
(21.4599 2.43814 0)
(21.8104 2.01317 0)
(21.849 1.58067 0)
(21.6812 1.02788 0)
(21.3134 0.297013 0)
(20.746 -0.628193 0)
(19.9635 -1.74109 0)
(18.9421 -3.0151 0)
(17.6571 -4.40756 0)
(16.0874 -5.8667 0)
(14.2175 -7.34221 0)
(12.0435 -8.79647 0)
(9.58044 -10.1917 0)
(6.87489 -11.4341 0)
(4.0017 -12.3562 0)
(1.02 -12.818 0)
(-2.02357 -12.873 0)
(-5.07512 -12.525 0)
(-8.06338 -11.7754 0)
(-10.93 -10.6367 0)
(-13.6226 -9.13731 0)
(-16.0895 -7.3191 0)
(-18.2792 -5.23471 0)
(-20.1357 -2.94586 0)
(-21.5932 -0.52723 0)
(-22.5697 1.9184 0)
(-22.9596 4.24097 0)
(-22.5196 6.24962 0)
(-21.408 7.88991 0)
(-19.6526 9.13772 0)
(-17.3292 9.97009 0)
(-14.5365 10.3957 0)
(-11.4163 10.4886 0)
(-8.13418 10.3478 0)
(-4.79104 10.0618 0)
(-1.61138 9.68299 0)
(2.05371 8.68707 0)
(4.71411 7.70778 0)
(8.80147 6.11496 0)
(30.2199 -0.00562701 0)
(28.5603 -0.234053 0)
(27.0335 -1.07298 0)
(25.516 -2.44888 0)
(23.8613 -4.22758 0)
(21.9302 -6.2537 0)
(19.6101 -8.40037 0)
(16.8352 -10.6025 0)
(13.5958 -12.8091 0)
(9.9395 -14.8291 0)
(5.81871 -16.372 0)
(1.43211 -17.5668 0)
(-2.88499 -18.3747 0)
(-7.98042 -18.2707 0)
(-12.5923 -17.4393 0)
(-17.2926 -15.9806 0)
(-21.8245 -13.8534 0)
(-26.1378 -11.0814 0)
(-30.1786 -7.74736 0)
(-33.8455 -3.95146 0)
(-37.0008 0.185795 0)
(-39.4341 4.48961 0)
(-40.856 8.70948 0)
(-40.8217 12.4881 0)
(-39.0007 15.4148 0)
(-35.6742 17.4247 0)
(-30.9322 18.4804 0)
(-25.0856 18.619 0)
(-18.5788 17.9853 0)
(-11.9164 16.7869 0)
(-5.2675 15.2954 0)
(1.79696 13.2645 0)
(8.64412 10.0047 0)
(14.6877 6.95995 0)
(19.4918 4.44257 0)
(22.87 2.49627 0)
(24.927 1.22871 0)
(25.8566 0.632409 0)
(25.8823 0.5422 0)
(25.526 0.716007 0)
(24.9405 0.936009 0)
(24.2562 1.05764 0)
(23.5405 0.974528 0)
(22.8077 0.608527 0)
(22.0356 -0.0780707 0)
(21.1758 -1.07998 0)
(20.1609 -2.35486 0)
(18.9171 -3.83533 0)
(17.3817 -5.44769 0)
(15.5131 -7.12275 0)
(13.2853 -8.78111 0)
(10.6777 -10.3219 0)
(7.68893 -11.6869 0)
(4.34913 -12.7721 0)
(0.737764 -13.3937 0)
(-2.59411 -13.6076 0)
(-6.82014 -13.3266 0)
(-10.3671 -12.5051 0)
(-14.0828 -11.212 0)
(-17.6909 -9.53434 0)
(-20.963 -7.49397 0)
(-23.7886 -5.07121 0)
(-26.1512 -2.33912 0)
(-27.9922 0.53774 0)
(-29.137 3.36985 0)
(-29.2597 5.92877 0)
(-28.2474 8.01959 0)
(-26.2996 9.61261 0)
(-23.4715 10.6822 0)
(-19.913 11.2224 0)
(-15.8508 11.3086 0)
(-11.5539 11.0742 0)
(-7.27237 10.6232 0)
(-3.05424 9.99574 0)
(1.2914 8.97663 0)
(5.41424 7.39752 0)
(9.04405 5.96389 0)
(11.9868 4.73906 0)
(14.2168 3.75354 0)
(15.8136 3.03862 0)
(16.881 2.56832 0)
(17.5377 2.27808 0)
(17.906 2.08839 0)
(18.0637 1.90633 0)
(18.1087 1.64334 0)
(18.0526 1.23662 0)
(17.8793 0.662683 0)
(17.559 -0.0807779 0)
(17.0518 -0.980121 0)
(16.3163 -2.00818 0)
(15.317 -3.12713 0)
(14.0276 -4.29226 0)
(12.4314 -5.45958 0)
(10.5243 -6.60019 0)
(8.31814 -7.70415 0)
(5.84232 -8.72274 0)
(3.14895 -9.49357 0)
(0.315986 -9.83437 0)
(-2.58657 -9.83894 0)
(-5.51122 -9.51088 0)
(-8.38229 -8.8455 0)
(-11.1278 -7.85388 0)
(-13.6756 -6.56406 0)
(-15.9498 -5.01821 0)
(-17.8748 -3.27255 0)
(-19.3741 -1.39681 0)
(-20.369 0.507432 0)
(-20.7381 2.30168 0)
(-20.3562 3.85675 0)
(-19.378 5.15518 0)
(-17.8258 6.18352 0)
(-15.7784 6.90252 0)
(-13.3441 7.30385 0)
(-10.6373 7.4252 0)
(-7.80178 7.36036 0)
(-4.97137 7.19873 0)
(-2.1757 6.96677 0)
(0.54888 6.56523 0)
(3.48639 5.68226 0)
(5.54071 4.95629 0)
(8.46882 3.96556 0)
(22.29 1.35929 0)
(21.5436 0.942699 0)
(20.8845 0.0550467 0)
(20.1511 -1.21462 0)
(19.1923 -2.75008 0)
(17.8754 -4.42678 0)
(16.0878 -6.14364 0)
(13.7592 -7.85789 0)
(10.892 -9.55382 0)
(7.51822 -11.1678 0)
(3.07016 -12.532 0)
(0.583916 -13.2995 0)
(-5.14243 -13.557 0)
(-9.54124 -13.3504 0)
(-13.9667 -12.6641 0)
(-18.4169 -11.3431 0)
(-22.6288 -9.39977 0)
(-26.5747 -6.90222 0)
(-30.1573 -3.94395 0)
(-33.1876 -0.656912 0)
(-35.4248 2.71234 0)
(-36.5007 5.73642 0)
(-35.7651 8.32837 0)
(-33.6396 10.5027 0)
(-30.1946 11.9153 0)
(-25.5978 12.589 0)
(-20.1934 12.6473 0)
(-14.4556 12.2222 0)
(-8.7734 11.5068 0)
(-3.02699 10.6436 0)
(2.98684 8.87433 0)
(8.42718 6.50301 0)
(12.9957 4.49318 0)
(16.3681 2.86924 0)
(18.5418 1.66875 0)
(19.6957 0.960154 0)
(19.9708 0.701615 0)
(19.791 0.772642 0)
(19.393 1.01509 0)
(18.9208 1.29705 0)
(18.4676 1.52796 0)
(18.075 1.62036 0)
(17.7438 1.5009 0)
(17.4407 1.12682 0)
(17.1084 0.488848 0)
(16.673 -0.390938 0)
(16.0551 -1.46434 0)
(15.1815 -2.67281 0)
(13.9947 -3.96068 0)
(12.4699 -5.27373 0)
(10.6196 -6.51855 0)
(8.42691 -7.59319 0)
(5.82976 -8.52197 0)
(2.77656 -9.30425 0)
(-0.587915 -9.80546 0)
(-3.99702 -10.0366 0)
(-7.37164 -9.75365 0)
(-10.7785 -8.83715 0)
(-14.211 -7.47544 0)
(-17.4287 -6.08444 0)
(-20.1512 -4.68127 0)
(-22.2798 -2.87064 0)
(-23.8467 -0.641261 0)
(-24.7458 1.54661 0)
(-24.583 3.38724 0)
(-23.5646 4.8732 0)
(-21.7445 6.02975 0)
(-19.2351 6.83235 0)
(-16.1911 7.26498 0)
(-12.8039 7.37443 0)
(-9.29718 7.27628 0)
(-5.87339 7.08603 0)
(-2.52701 6.81508 0)
(0.889509 6.14878 0)
(4.03633 5.10146 0)
(6.74331 4.21071 0)
(8.87903 3.455 0)
(10.4647 2.85229 0)
(11.5895 2.42823 0)
(12.35 2.16675 0)
(12.8472 2.02692 0)
(13.1754 1.95764 0)
(13.4095 1.90211 0)
(13.5957 1.79806 0)
(13.7356 1.5916 0)
(13.8228 1.25734 0)
(13.8297 0.791081 0)
(13.7171 0.20268 0)
(13.4411 -0.491424 0)
(12.9594 -1.27064 0)
(12.2374 -2.10858 0)
(11.2503 -2.9743 0)
(9.98243 -3.83608 0)
(8.42833 -4.67223 0)
(6.59341 -5.48534 0)
(4.48293 -6.26413 0)
(2.11183 -6.85742 0)
(-0.4095 -7.08199 0)
(-2.99678 -7.03658 0)
(-5.59706 -6.72672 0)
(-8.11693 -6.15504 0)
(-10.4684 -5.33925 0)
(-12.5682 -4.31253 0)
(-14.3327 -3.11933 0)
(-15.6833 -1.81248 0)
(-16.5583 -0.47005 0)
(-16.8498 0.803036 0)
(-16.5404 1.92685 0)
(-15.7455 2.89256 0)
(-14.4986 3.68771 0)
(-12.8736 4.28118 0)
(-10.9599 4.65953 0)
(-8.85726 4.83729 0)
(-6.66411 4.8558 0)
(-4.48264 4.7951 0)
(-2.3748 4.71316 0)
(-0.272094 4.53594 0)
(1.74326 4.12651 0)
(3.74752 3.52438 0)
(5.06882 3.0924 0)
(6.93023 2.55102 0)
(14.4866 1.71016 0)
(14.5292 1.16518 0)
(14.5442 0.313536 0)
(14.3869 -0.763891 0)
(13.9453 -1.96679 0)
(13.127 -3.16514 0)
(11.8479 -4.27768 0)
(10.0611 -5.32899 0)
(7.78333 -6.3846 0)
(4.95169 -7.54225 0)
(1.48984 -8.57851 0)
(-2.47266 -9.07782 0)
(-6.42769 -9.13914 0)
(-10.3753 -9.091 0)
(-14.3395 -8.59165 0)
(-18.109 -7.46451 0)
(-21.4965 -5.7621 0)
(-24.3954 -3.55865 0)
(-26.6285 -1.12973 0)
(-27.9508 1.20719 0)
(-27.888 3.26711 0)
(-26.0048 5.05078 0)
(-25.0534 6.11711 0)
(-21.5163 6.88782 0)
(-17.6326 7.31718 0)
(-13.3609 7.39802 0)
(-9.03136 7.28564 0)
(-4.82176 7.11069 0)
(-0.455978 6.58193 0)
(3.67171 5.22121 0)
(7.20498 3.94742 0)
(9.92287 2.94193 0)
(11.7236 2.10976 0)
(12.7237 1.49075 0)
(13.0515 1.13261 0)
(12.9759 1.01907 0)
(12.7116 1.07587 0)
(12.386 1.22925 0)
(12.0994 1.43413 0)
(11.9089 1.63927 0)
(11.8314 1.77787 0)
(11.8545 1.78457 0)
(11.9411 1.61579 0)
(12.0329 1.2527 0)
(12.0599 0.699201 0)
(11.9504 -0.0177824 0)
(11.6341 -0.852706 0)
(11.0482 -1.75962 0)
(10.148 -2.70087 0)
(8.91889 -3.6569 0)
(7.2461 -4.71638 0)
(5.2233 -5.53181 0)
(3.26645 -6.16967 0)
(1.24584 -6.59394 0)
(-1.01336 -6.76675 0)
(-3.69089 -6.67228 0)
(-7.12947 -6.3048 0)
(-10.1464 -5.6615 0)
(-12.3426 -4.75424 0)
(-13.9173 -3.65932 0)
(-15.7018 -2.45086 0)
(-17.7235 -1.18167 0)
(-18.3621 0.0752019 0)
(-17.9958 1.21861 0)
(-17.0904 2.20537 0)
(-15.6113 3.02878 0)
(-13.6988 3.65128 0)
(-11.4862 4.05408 0)
(-9.10193 4.25694 0)
(-6.6812 4.31895 0)
(-4.33976 4.32671 0)
(-2.07389 4.2969 0)
(0.187668 3.97912 0)
(2.23297 3.43947 0)
(3.9626 2.99061 0)
(5.30813 2.59196 0)
(6.31001 2.25951 0)
(7.03888 2.01916 0)
(7.56175 1.86696 0)
(7.94654 1.78485 0)
(8.25389 1.74782 0)
(8.52837 1.72511 0)
(8.79585 1.68391 0)
(9.06241 1.59172 0)
(9.31463 1.41963 0)
(9.52632 1.14867 0)
(9.65568 0.77355 0)
(9.68124 0.308754 0)
(9.57581 -0.22489 0)
(9.30408 -0.809594 0)
(8.83863 -1.4253 0)
(8.15892 -2.04783 0)
(7.2519 -2.65177 0)
(6.11235 -3.21626 0)
(4.74358 -3.73777 0)
(3.14375 -4.22986 0)
(1.28637 -4.61554 0)
(-0.717685 -4.70263 0)
(-2.75491 -4.62813 0)
(-4.77428 -4.38616 0)
(-6.67203 -3.97366 0)
(-8.36315 -3.40484 0)
(-9.77828 -2.7058 0)
(-10.8564 -1.9133 0)
(-11.5571 -1.07353 0)
(-11.8246 -0.246991 0)
(-11.6722 0.513526 0)
(-11.1832 1.19807 0)
(-10.3827 1.79648 0)
(-9.32463 2.28419 0)
(-8.07183 2.64825 0)
(-6.68987 2.88823 0)
(-5.24452 3.01363 0)
(-3.79207 3.04831 0)
(-2.38018 3.03987 0)
(-1.01016 3.01494 0)
(0.370745 2.86667 0)
(1.61539 2.57547 0)
(2.82425 2.24034 0)
(3.59065 2.00508 0)
(4.7518 1.68754 0)
(7.88617 1.42259 0)
(8.32828 0.894596 0)
(8.63763 0.213306 0)
(8.70841 -0.571212 0)
(8.45108 -1.40558 0)
(7.72815 -2.26122 0)
(6.80307 -3.07527 0)
(5.6977 -3.83582 0)
(4.35638 -4.49195 0)
(2.74563 -5.01082 0)
(0.752722 -5.41386 0)
(-1.65422 -5.58191 0)
(-4.39785 -5.52352 0)
(-7.39268 -5.29565 0)
(-10.4911 -4.80356 0)
(-13.4185 -4.01355 0)
(-15.874 -2.97661 0)
(-17.6001 -1.77832 0)
(-17.8623 -0.5587 0)
(-17.4337 0.520584 0)
(-16.3304 1.47352 0)
(-14.5374 2.45933 0)
(-12.2949 3.18387 0)
(-9.8511 3.48899 0)
(-7.35229 3.74469 0)
(-4.88906 3.93249 0)
(-2.44417 4.0602 0)
(-0.0207489 3.77658 0)
(2.11116 3.24854 0)
(3.8472 2.82415 0)
(5.08908 2.43982 0)
(5.87411 2.05619 0)
(6.28344 1.72829 0)
(6.39768 1.49481 0)
(6.36775 1.36272 0)
(6.26423 1.3112 0)
(6.15853 1.3336 0)
(6.10311 1.41281 0)
(6.12174 1.50967 0)
(6.23935 1.58202 0)
(6.47144 1.59558 0)
(6.78861 1.51712 0)
(7.14553 1.32435 0)
(7.48245 1.00863 0)
(7.73838 0.574521 0)
(7.84321 0.0388346 0)
(7.75143 -0.563731 0)
(7.44539 -1.19755 0)
(6.89889 -1.83198 0)
(6.10897 -2.43599 0)
(5.06062 -3.03037 0)
(3.73185 -3.68186 0)
(2.10169 -4.31079 0)
(0.215614 -4.6376 0)
(-1.73577 -4.52967 0)
(-3.61739 -4.14601 0)
(-5.36047 -3.79271 0)
(-6.97609 -3.6115 0)
(-8.44622 -3.30503 0)
(-9.61427 -2.54815 0)
(-10.3259 -1.47755 0)
(-10.5725 -0.617559 0)
(-10.505 -0.0959351 0)
(-10.1463 0.40784 0)
(-9.4666 0.979671 0)
(-8.51542 1.50909 0)
(-7.376 1.93738 0)
(-6.12297 2.25553 0)
(-4.82269 2.46893 0)
(-3.53009 2.59609 0)
(-2.27183 2.66344 0)
(-1.01934 2.65774 0)
(0.160753 2.47819 0)
(1.16675 2.27583 0)
(1.99885 2.06509 0)
(2.67524 1.87139 0)
(3.21654 1.71592 0)
(3.65542 1.60015 0)
(4.02577 1.52164 0)
(4.3588 1.4738 0)
(4.67833 1.44363 0)
(4.99844 1.41376 0)
(5.32266 1.36462 0)
(5.644 1.27621 0)
(5.94522 1.13136 0)
(6.20227 0.919763 0)
(6.38946 0.637321 0)
(6.46211 0.289266 0)
(6.41814 -0.103143 0)
(6.23666 -0.52213 0)
(5.9036 -0.952999 0)
(5.41207 -1.3806 0)
(4.76124 -1.7896 0)
(3.95593 -2.16563 0)
(3.00595 -2.49877 0)
(1.91849 -2.7903 0)
(0.684569 -3.01292 0)
(-0.638244 -3.03378 0)
(-1.93267 -2.97358 0)
(-3.17832 -2.82507 0)
(-4.33058 -2.57951 0)
(-5.33488 -2.24124 0)
(-6.1467 -1.82299 0)
(-6.73353 -1.3473 0)
(-7.08129 -0.842539 0)
(-7.16345 -0.330673 0)
(-7.03594 0.165951 0)
(-6.71597 0.629027 0)
(-6.22408 1.0382 0)
(-5.59144 1.37966 0)
(-4.8529 1.64598 0)
(-4.04334 1.83375 0)
(-3.19611 1.9456 0)
(-2.33855 1.99187 0)
(-1.49415 1.99715 0)
(-0.660697 1.9814 0)
(0.186099 1.88396 0)
(0.943913 1.70168 0)
(1.69409 1.47787 0)
(2.18091 1.3272 0)
(2.96921 1.10544 0)
(4.48508 0.829536 0)
(4.97165 0.434282 0)
(5.30755 -0.0411561 0)
(5.45606 -0.564731 0)
(5.38249 -1.10636 0)
(5.07506 -1.67953 0)
(4.52378 -2.28589 0)
(3.71631 -2.85611 0)
(2.67884 -3.32591 0)
(1.41272 -3.66916 0)
(-0.0301184 -3.84446 0)
(-1.55528 -3.74072 0)
(-3.06527 -3.46496 0)
(-4.50752 -3.13822 0)
(-5.81701 -2.76986 0)
(-6.90195 -2.35477 0)
(-7.68108 -1.92859 0)
(-8.14521 -1.52404 0)
(-8.22682 -1.0213 0)
(-8.02665 -0.36793 0)
(-7.54768 0.3426 0)
(-6.81088 1.045 0)
(-5.87438 1.60131 0)
(-4.85671 1.9935 0)
(-3.81936 2.29275 0)
(-2.76947 2.48299 0)
(-1.71025 2.56784 0)
(-0.684047 2.55165 0)
(0.185429 2.43214 0)
(0.866737 2.23068 0)
(1.39173 1.98727 0)
(1.7928 1.75353 0)
(2.09554 1.5591 0)
(2.31567 1.40876 0)
(2.47348 1.30375 0)
(2.60527 1.24806 0)
(2.74405 1.23775 0)
(2.91802 1.2568 0)
(3.14585 1.27915 0)
(3.43035 1.27539 0)
(3.76023 1.2236 0)
(4.11438 1.11028 0)
(4.46287 0.926814 0)
(4.7697 0.671143 0)
(4.99957 0.348427 0)
(5.12198 -0.0321379 0)
(5.08862 -0.455068 0)
(4.90936 -0.899197 0)
(4.56945 -1.34532 0)
(4.07036 -1.77751 0)
(3.40828 -2.18292 0)
(2.57761 -2.53053 0)
(1.57977 -2.81701 0)
(0.436041 -3.02607 0)
(-0.751642 -3.06459 0)
(-1.83825 -2.94784 0)
(-2.80601 -2.77987 0)
(-3.70934 -2.57353 0)
(-4.57267 -2.26426 0)
(-5.30268 -1.80962 0)
(-5.76077 -1.27477 0)
(-5.90566 -0.776506 0)
(-5.8897 -0.3402 0)
(-5.75913 0.0981527 0)
(-5.49321 0.532924 0)
(-5.08449 0.92198 0)
(-4.55726 1.24448 0)
(-3.94444 1.49231 0)
(-3.27714 1.66341 0)
(-2.58342 1.7641 0)
(-1.88258 1.81245 0)
(-1.17508 1.82505 0)
(-0.487892 1.76207 0)
(0.116188 1.6247 0)
(0.642101 1.48838 0)
(1.1001 1.37063 0)
(1.50324 1.27784 0)
(1.85749 1.21057 0)
(2.17281 1.16511 0)
(2.46511 1.13467 0)
(2.74552 1.11114 0)
(3.02054 1.08402 0)
(3.29131 1.04095 0)
(3.55271 0.969713 0)
(3.79316 0.860476 0)
(3.99632 0.708035 0)
(4.14561 0.511502 0)
(4.21231 0.270586 0)
(4.19217 -0.00476366 0)
(4.07726 -0.300691 0)
(3.86028 -0.605812 0)
(3.54042 -0.909705 0)
(3.12012 -1.20156 0)
(2.60507 -1.47039 0)
(2.0037 -1.70604 0)
(1.32423 -1.90327 0)
(0.570998 -2.0568 0)
(-0.228088 -2.12351 0)
(-1.00006 -2.07904 0)
(-1.73515 -1.9751 0)
(-2.42251 -1.80787 0)
(-3.03127 -1.57939 0)
(-3.5359 -1.29815 0)
(-3.9181 -0.978657 0)
(-4.16984 -0.638689 0)
(-4.28468 -0.287848 0)
(-4.25765 0.0608891 0)
(-4.11253 0.385341 0)
(-3.85463 0.671921 0)
(-3.50106 0.912034 0)
(-3.07158 1.09996 0)
(-2.58634 1.23325 0)
(-2.06576 1.31359 0)
(-1.52777 1.34695 0)
(-0.989293 1.34802 0)
(-0.448551 1.32973 0)
(0.106687 1.24801 0)
(0.601529 1.10901 0)
(1.08667 0.953099 0)
(1.40595 0.847561 0)
(1.92054 0.691236 0)
(3.53211 0.341711 0)
(3.81038 0.051889 0)
(3.98011 -0.277913 0)
(4.0115 -0.623464 0)
(3.88812 -0.970337 0)
(3.62586 -1.32781 0)
(3.20744 -1.68338 0)
(2.63631 -2.00964 0)
(1.93416 -2.28888 0)
(1.11392 -2.51735 0)
(0.225429 -2.65313 0)
(-0.682545 -2.66516 0)
(-1.53098 -2.57648 0)
(-2.29707 -2.42985 0)
(-2.97852 -2.21529 0)
(-3.56412 -1.92731 0)
(-4.04458 -1.58107 0)
(-4.42839 -1.19552 0)
(-4.71244 -0.748348 0)
(-4.85354 -0.239727 0)
(-4.8058 0.273909 0)
(-4.58374 0.75397 0)
(-4.20469 1.15434 0)
(-3.71962 1.45137 0)
(-3.16838 1.66482 0)
(-2.57066 1.80071 0)
(-1.94465 1.86272 0)
(-1.31856 1.85365 0)
(-0.727392 1.78445 0)
(-0.198465 1.66419 0)
(0.246788 1.50723 0)
(0.611799 1.3576 0)
(0.908988 1.22885 0)
(1.15684 1.13173 0)
(1.37692 1.06962 0)
(1.57213 1.0361 0)
(1.76187 1.02267 0)
(1.96251 1.01829 0)
(2.18343 1.0088 0)
(2.42515 0.979232 0)
(2.67967 0.917281 0)
(2.93314 0.813563 0)
(3.16777 0.662206 0)
(3.36327 0.462238 0)
(3.50029 0.218155 0)
(3.56058 -0.0613714 0)
(3.52276 -0.366921 0)
(3.38857 -0.686902 0)
(3.14863 -1.00695 0)
(2.80428 -1.3165 0)
(2.3577 -1.6093 0)
(1.81209 -1.87055 0)
(1.17692 -2.07445 0)
(0.474046 -2.19181 0)
(-0.259906 -2.21101 0)
(-0.967516 -2.13132 0)
(-1.62032 -1.99529 0)
(-2.23377 -1.84121 0)
(-2.79987 -1.62765 0)
(-3.27146 -1.32101 0)
(-3.5977 -0.952191 0)
(-3.77093 -0.589218 0)
(-3.82284 -0.266093 0)
(-3.78453 0.0312879 0)
(-3.64701 0.318236 0)
(-3.41054 0.582747 0)
(-3.0902 0.808509 0)
(-2.70679 0.98708 0)
(-2.28147 1.11682 0)
(-1.8335 1.20083 0)
(-1.37646 1.2461 0)
(-0.914343 1.2577 0)
(-0.461482 1.22104 0)
(-0.06076 1.14613 0)
(0.281836 1.07731 0)
(0.579068 1.01631 0)
(0.839125 0.967851 0)
(1.07363 0.935063 0)
(1.29476 0.915263 0)
(1.50242 0.902231 0)
(1.7029 0.888912 0)
(1.90054 0.867788 0)
(2.09524 0.831154 0)
(2.28299 0.771791 0)
(2.45609 0.684217 0)
(2.60428 0.565936 0)
(2.71734 0.41726 0)
(2.78232 0.237532 0)
(2.78603 0.0307889 0)
(2.72909 -0.190757 0)
(2.60456 -0.417401 0)
(2.41092 -0.641706 0)
(2.14918 -0.855898 0)
(1.82279 -1.05143 0)
(1.43756 -1.21971 0)
(1.00073 -1.35373 0)
(0.520569 -1.44923 0)
(0.0111962 -1.49801 0)
(-0.499556 -1.47829 0)
(-0.98277 -1.40265 0)
(-1.43285 -1.28607 0)
(-1.83319 -1.12802 0)
(-2.16739 -0.934087 0)
(-2.42376 -0.713825 0)
(-2.5961 -0.479009 0)
(-2.68063 -0.237711 0)
(-2.6706 0.00289152 0)
(-2.58105 0.229198 0)
(-2.41512 0.430469 0)
(-2.18458 0.599791 0)
(-1.90298 0.733279 0)
(-1.58419 0.829208 0)
(-1.24249 0.888448 0)
(-0.890426 0.914322 0)
(-0.538222 0.913578 0)
(-0.183767 0.893597 0)
(0.172557 0.827787 0)
(0.477356 0.737555 0)
(0.765757 0.636348 0)
(0.952905 0.56672 0)
(1.24818 0.453562 0)
(2.74376 0.179654 0)
(2.84273 -0.0294751 0)
(2.86526 -0.262097 0)
(2.80386 -0.508357 0)
(2.66504 -0.768722 0)
(2.44231 -1.04025 0)
(2.13249 -1.30783 0)
(1.73559 -1.54962 0)
(1.24994 -1.75074 0)
(0.699625 -1.89917 0)
(0.100109 -1.96005 0)
(-0.509282 -1.94493 0)
(-1.0956 -1.87301 0)
(-1.64301 -1.75321 0)
(-2.14434 -1.58922 0)
(-2.58722 -1.38375 0)
(-2.95963 -1.14416 0)
(-3.25469 -0.874934 0)
(-3.46239 -0.568355 0)
(-3.55774 -0.226101 0)
(-3.52347 0.128572 0)
(-3.37022 0.466395 0)
(-3.10915 0.757859 0)
(-2.76895 0.987716 0)
(-2.37674 1.15933 0)
(-1.95226 1.27532 0)
(-1.51305 1.33581 0)
(-1.07867 1.34156 0)
(-0.667654 1.30624 0)
(-0.291079 1.24749 0)
(0.0421309 1.17299 0)
(0.326516 1.0879 0)
(0.564135 1.00342 0)
(0.765572 0.937928 0)
(0.942696 0.892491 0)
(1.11875 0.864639 0)
(1.29489 0.848622 0)
(1.47592 0.834073 0)
(1.66545 0.811767 0)
(1.86154 0.772871 0)
(2.05755 0.709776 0)
(2.24378 0.617136 0)
(2.40845 0.492204 0)
(2.53854 0.335182 0)
(2.62234 0.149195 0)
(2.64869 -0.060745 0)
(2.60697 -0.288165 0)
(2.4968 -0.524276 0)
(2.31248 -0.759021 0)
(2.05512 -0.983701 0)
(1.72715 -1.19051 0)
(1.33321 -1.37088 0)
(0.883272 -1.51452 0)
(0.39411 -1.60587 0)
(-0.114325 -1.63023 0)
(-0.60992 -1.58621 0)
(-1.07147 -1.5017 0)
(-1.4981 -1.38528 0)
(-1.88406 -1.22189 0)
(-2.20628 -1.00828 0)
(-2.43941 -0.764924 0)
(-2.57817 -0.520248 0)
(-2.63081 -0.28475 0)
(-2.61697 -0.0561834 0)
(-2.53808 0.164107 0)
(-2.39517 0.365593 0)
(-2.19623 0.538897 0)
(-1.95359 0.679173 0)
(-1.6806 0.784639 0)
(-1.38987 0.855695 0)
(-1.09196 0.894872 0)
(-0.795143 0.907169 0)
(-0.509099 0.898992 0)
(-0.244371 0.877431 0)
(-0.0055929 0.844137 0)
(0.208005 0.805757 0)
(0.401781 0.77602 0)
(0.58047 0.753493 0)
(0.749543 0.737726 0)
(0.920581 0.726193 0)
(1.09231 0.712599 0)
(1.26243 0.69152 0)
(1.42993 0.658007 0)
(1.59078 0.607849 0)
(1.7387 0.537619 0)
(1.86641 0.44558 0)
(1.96648 0.331862 0)
(2.03174 0.197095 0)
(2.05211 0.0429215 0)
(2.02282 -0.123609 0)
(1.94477 -0.293512 0)
(1.81526 -0.460628 0)
(1.63529 -0.619766 0)
(1.40778 -0.764933 0)
(1.13758 -0.890197 0)
(0.831224 -0.990389 0)
(0.496936 -1.06051 0)
(0.145368 -1.09442 0)
(-0.212187 -1.08442 0)
(-0.552767 -1.03182 0)
(-0.865001 -0.949338 0)
(-1.14235 -0.837426 0)
(-1.37454 -0.700295 0)
(-1.55367 -0.544481 0)
(-1.67562 -0.377738 0)
(-1.73946 -0.206374 0)
(-1.73916 -0.0339386 0)
(-1.6846 0.129713 0)
(-1.57846 0.275858 0)
(-1.42827 0.399663 0)
(-1.2431 0.498538 0)
(-1.03245 0.571358 0)
(-0.80597 0.618327 0)
(-0.572299 0.640447 0)
(-0.338647 0.639022 0)
(-0.109289 0.616431 0)
(0.110179 0.579006 0)
(0.304826 0.530436 0)
(0.49536 0.455761 0)
(0.616033 0.404271 0)
(0.804941 0.300646 0)
(2.39376 0.0824008 0)
(2.42037 -0.0692989 0)
(2.39047 -0.235522 0)
(2.30334 -0.413593 0)
(2.15469 -0.601029 0)
(1.94325 -0.795134 0)
(1.66682 -0.987796 0)
(1.32026 -1.15807 0)
(0.914167 -1.29125 0)
(0.468537 -1.39655 0)
(-0.0022491 -1.45398 0)
(-0.478484 -1.45996 0)
(-0.940036 -1.41714 0)
(-1.37467 -1.33341 0)
(-1.77279 -1.21238 0)
(-2.12398 -1.05702 0)
(-2.41903 -0.872327 0)
(-2.65065 -0.662535 0)
(-2.811 -0.42952 0)
(-2.88872 -0.178245 0)
(-2.87193 0.0782257 0)
(-2.77011 0.320897 0)
(-2.58875 0.533041 0)
(-2.34501 0.70577 0)
(-2.05689 0.837966 0)
(-1.73967 0.930552 0)
(-1.40713 0.984163 0)
(-1.07286 1.00008 0)
(-0.749143 0.983482 0)
(-0.444795 0.943685 0)
(-0.165216 0.891462 0)
(0.0879498 0.838507 0)
(0.316847 0.791157 0)
(0.52646 0.751602 0)
(0.721109 0.717078 0)
(0.906605 0.686355 0)
(1.0915 0.667823 0)
(1.27515 0.648911 0)
(1.45984 0.623437 0)
(1.64224 0.586131 0)
(1.81641 0.53195 0)
(1.97508 0.457218 0)
(2.10977 0.360003 0)
(2.21162 0.240478 0)
(2.27277 0.100791 0)
(2.28527 -0.0557334 0)
(2.24167 -0.224429 0)
(2.14306 -0.39869 0)
(1.98511 -0.571586 0)
(1.76918 -0.73634 0)
(1.49843 -0.886547 0)
(1.17801 -1.0159 0)
(0.817099 -1.11826 0)
(0.428529 -1.18546 0)
(0.0195715 -1.20247 0)
(-0.382974 -1.16951 0)
(-0.760933 -1.11151 0)
(-1.11074 -1.02514 0)
(-1.42544 -0.905938 0)
(-1.69103 -0.754949 0)
(-1.89452 -0.583429 0)
(-2.03253 -0.406993 0)
(-2.10967 -0.234018 0)
(-2.12921 -0.0656608 0)
(-2.09253 0.0949705 0)
(-2.00688 0.24146 0)
(-1.87597 0.368815 0)
(-1.70803 0.474139 0)
(-1.51236 0.556023 0)
(-1.29811 0.614676 0)
(-1.07359 0.651475 0)
(-0.84612 0.667792 0)
(-0.622809 0.665095 0)
(-0.40972 0.649695 0)
(-0.209363 0.63137 0)
(-0.0214291 0.61431 0)
(0.156533 0.599979 0)
(0.32892 0.588709 0)
(0.497922 0.575761 0)
(0.660973 0.561609 0)
(0.822848 0.548207 0)
(0.983186 0.529811 0)
(1.13962 0.501437 0)
(1.2885 0.460653 0)
(1.42452 0.405464 0)
(1.54205 0.334739 0)
(1.6353 0.248626 0)
(1.69852 0.148256 0)
(1.72648 0.0354575 0)
(1.713 -0.0865604 0)
(1.65649 -0.211404 0)
(1.55915 -0.333442 0)
(1.42077 -0.448997 0)
(1.24421 -0.553758 0)
(1.03372 -0.643489 0)
(0.794839 -0.71469 0)
(0.534991 -0.764876 0)
(0.264998 -0.792018 0)
(-0.0154809 -0.792416 0)
(-0.285968 -0.753336 0)
(-0.530498 -0.69501 0)
(-0.749848 -0.616821 0)
(-0.936565 -0.520502 0)
(-1.08443 -0.410504 0)
(-1.18992 -0.292031 0)
(-1.25152 -0.169995 0)
(-1.2691 -0.0478033 0)
(-1.24047 0.0697958 0)
(-1.17339 0.175743 0)
(-1.0731 0.266031 0)
(-0.945362 0.338752 0)
(-0.797115 0.393271 0)
(-0.634757 0.429651 0)
(-0.465559 0.448386 0)
(-0.294612 0.450058 0)
(-0.127787 0.43586 0)
(0.0285581 0.406719 0)
(0.171489 0.36683 0)
(0.299947 0.320693 0)
(0.400918 0.28431 0)
(0.537078 0.197787 0)
(2.31009 0.0613452 0)
(2.30628 -0.0438081 0)
(2.25839 -0.161193 0)
(2.16011 -0.287779 0)
(2.0082 -0.420979 0)
(1.79876 -0.557586 0)
(1.5295 -0.68345 0)
(1.21637 -0.802957 0)
(0.849972 -0.908202 0)
(0.446931 -0.972889 0)
(0.0248056 -1.00216 0)
(-0.40772 -1.00968 0)
(-0.830416 -0.985323 0)
(-1.23191 -0.931162 0)
(-1.60192 -0.850308 0)
(-1.93049 -0.74536 0)
(-2.20879 -0.619272 0)
(-2.42891 -0.474784 0)
(-2.58353 -0.314593 0)
(-2.6664 -0.143196 0)
(-2.66873 0.0318064 0)
(-2.59608 0.198361 0)
(-2.45478 0.345554 0)
(-2.25539 0.467779 0)
(-2.01138 0.563165 0)
(-1.73546 0.631291 0)
(-1.43956 0.67236 0)
(-1.13566 0.688252 0)
(-0.834533 0.683234 0)
(-0.5441 0.662653 0)
(-0.269844 0.632119 0)
(-0.0148691 0.597088 0)
(0.221558 0.561816 0)
(0.442038 0.531399 0)
(0.647937 0.510639 0)
(0.848165 0.49632 0)
(1.04582 0.482094 0)
(1.23311 0.461603 0)
(1.41557 0.440455 0)
(1.58993 0.411893 0)
(1.75126 0.371963 0)
(1.89407 0.318346 0)
(2.01163 0.249859 0)
(2.09697 0.166609 0)
(2.14406 0.0700405 0)
(2.14705 -0.0376386 0)
(2.09832 -0.153808 0)
(2.00065 -0.273786 0)
(1.85087 -0.392401 0)
(1.65075 -0.505004 0)
(1.40346 -0.607123 0)
(1.11422 -0.694673 0)
(0.790594 -0.765411 0)
(0.441462 -0.816754 0)
(0.0784435 -0.8298 0)
(-0.281549 -0.803105 0)
(-0.628003 -0.768798 0)
(-0.948104 -0.711664 0)
(-1.23638 -0.630481 0)
(-1.48296 -0.529131 0)
(-1.679 -0.414731 0)
(-1.82099 -0.295454 0)
(-1.90968 -0.176559 0)
(-1.94734 -0.060379 0)
(-1.93481 0.0510586 0)
(-1.87438 0.153415 0)
(-1.77421 0.242492 0)
(-1.63915 0.316513 0)
(-1.47673 0.374713 0)
(-1.29431 0.417203 0)
(-1.09892 0.444927 0)
(-0.897054 0.459451 0)
(-0.694512 0.462739 0)
(-0.495854 0.457682 0)
(-0.30369 0.447485 0)
(-0.119001 0.434945 0)
(0.0591477 0.42261 0)
(0.23249 0.411644 0)
(0.400823 0.403329 0)
(0.564785 0.398641 0)
(0.729583 0.391133 0)
(0.890799 0.3725 0)
(1.04342 0.350097 0)
(1.18664 0.320183 0)
(1.31591 0.280659 0)
(1.42658 0.230773 0)
(1.51389 0.170603 0)
(1.57315 0.10098 0)
(1.60026 0.0235124 0)
(1.59234 -0.0595734 0)
(1.54474 -0.144983 0)
(1.4607 -0.228887 0)
(1.34083 -0.308013 0)
(1.18768 -0.379768 0)
(1.00489 -0.441073 0)
(0.797706 -0.488943 0)
(0.572774 -0.521694 0)
(0.33686 -0.541346 0)
(0.0967775 -0.547663 0)
(-0.136015 -0.517118 0)
(-0.355206 -0.477704 0)
(-0.552553 -0.425475 0)
(-0.722363 -0.360718 0)
(-0.860143 -0.286619 0)
(-0.962722 -0.206576 0)
(-1.02847 -0.123861 0)
(-1.05696 -0.0415082 0)
(-1.04903 0.0374441 0)
(-1.00712 0.109767 0)
(-0.934514 0.172076 0)
(-0.838906 0.222347 0)
(-0.724751 0.260127 0)
(-0.596759 0.285702 0)
(-0.46294 0.299879 0)
(-0.324257 0.30264 0)
(-0.192761 0.295814 0)
(-0.0628874 0.277078 0)
(0.0535434 0.252551 0)
(0.158233 0.215148 0)
(0.249449 0.1821 0)
(0.349443 0.109293 0)
(2.33438 0.0484406 0)
(2.32254 -0.0131902 0)
(2.26512 -0.0821394 0)
(2.15728 -0.156081 0)
(1.99718 -0.23094 0)
(1.783 -0.310347 0)
(1.51862 -0.388827 0)
(1.19643 -0.458616 0)
(0.846798 -0.521781 0)
(0.472957 -0.567791 0)
(0.0485544 -0.605538 0)
(-0.380909 -0.60524 0)
(-0.790172 -0.585302 0)
(-1.18083 -0.550341 0)
(-1.5423 -0.501346 0)
(-1.86381 -0.43926 0)
(-2.13606 -0.365425 0)
(-2.35097 -0.281371 0)
(-2.50183 -0.189027 0)
(-2.584 -0.0915206 0)
(-2.59329 0.00716341 0)
(-2.53157 0.101224 0)
(-2.40652 0.184812 0)
(-2.22594 0.254877 0)
(-2.00116 0.310123 0)
(-1.74372 0.350006 0)
(-1.46495 0.374703 0)
(-1.17556 0.38527 0)
(-0.885389 0.384092 0)
(-0.602066 0.374518 0)
(-0.330471 0.359706 0)
(-0.0732868 0.342614 0)
(0.168443 0.326004 0)
(0.395561 0.311595 0)
(0.604857 0.302191 0)
(0.81407 0.309799 0)
(1.02571 0.298456 0)
(1.21502 0.281173 0)
(1.39518 0.266712 0)
(1.56541 0.248433 0)
(1.72061 0.224014 0)
(1.8555 0.192031 0)
(1.96412 0.151886 0)
(2.04047 0.103713 0)
(2.07918 0.0482121 0)
(2.07556 -0.013504 0)
(2.02366 -0.0802018 0)
(1.9249 -0.149182 0)
(1.77676 -0.21747 0)
(1.5813 -0.282699 0)
(1.34223 -0.341716 0)
(1.0652 -0.391262 0)
(0.758073 -0.429376 0)
(0.431163 -0.460445 0)
(0.0984338 -0.479229 0)
(-0.246319 -0.485244 0)
(-0.586506 -0.456882 0)
(-0.886148 -0.416109 0)
(-1.15721 -0.366235 0)
(-1.39115 -0.307429 0)
(-1.57987 -0.242229 0)
(-1.71964 -0.174197 0)
(-1.80959 -0.106124 0)
(-1.85088 -0.0398306 0)
(-1.84535 0.0231762 0)
(-1.7944 0.0812453 0)
(-1.70554 0.132261 0)
(-1.58323 0.174818 0)
(-1.43412 0.208544 0)
(-1.26479 0.233444 0)
(-1.08164 0.250005 0)
(-0.890534 0.259034 0)
(-0.696635 0.261718 0)
(-0.503926 0.259814 0)
(-0.314847 0.255342 0)
(-0.13071 0.249939 0)
(0.0480168 0.244471 0)
(0.221866 0.238741 0)
(0.390966 0.233048 0)
(0.552945 0.230126 0)
(0.71683 0.23417 0)
(0.877133 0.220004 0)
(1.02293 0.204993 0)
(1.15806 0.186425 0)
(1.27859 0.16263 0)
(1.38014 0.133282 0)
(1.45862 0.0984156 0)
(1.50976 0.0584693 0)
(1.53041 0.014269 0)
(1.51796 -0.0328152 0)
(1.46963 -0.0813169 0)
(1.38738 -0.129352 0)
(1.27178 -0.174723 0)
(1.12535 -0.215933 0)
(0.95212 -0.251027 0)
(0.757078 -0.278294 0)
(0.546172 -0.296861 0)
(0.326657 -0.308331 0)
(0.105827 -0.314526 0)
(-0.113701 -0.302208 0)
(-0.319417 -0.278614 0)
(-0.50314 -0.247009 0)
(-0.662246 -0.208988 0)
(-0.792393 -0.16602 0)
(-0.890406 -0.11981 0)
(-0.954578 -0.0721203 0)
(-0.984515 -0.0246897 0)
(-0.981151 0.0206841 0)
(-0.946758 0.0621381 0)
(-0.884493 0.0982019 0)
(-0.799556 0.127626 0)
(-0.697409 0.149805 0)
(-0.582135 0.165178 0)
(-0.460149 0.173899 0)
(-0.332875 0.175916 0)
(-0.211127 0.171698 0)
(-0.0899648 0.160562 0)
(0.01845 0.147411 0)
(0.112701 0.124158 0)
(0.201393 0.102706 0)
(0.265143 0.0458553 0)
(2.21795 0.0253612 0)
(2.24678 0.00628318 0)
(2.2315 -0.0156289 0)
(2.16779 -0.0396186 0)
(2.05155 -0.0649702 0)
(1.88036 -0.0902467 0)
(1.65387 -0.113809 0)
(1.37609 -0.134529 0)
(1.05391 -0.152762 0)
(0.696454 -0.180694 0)
(0.321834 -0.208562 0)
(-0.0549185 -0.197788 0)
(-0.447221 -0.19096 0)
(-0.828841 -0.178871 0)
(-1.18669 -0.162187 0)
(-1.51069 -0.142076 0)
(-1.79186 -0.118671 0)
(-2.02227 -0.0923008 0)
(-2.19488 -0.0635367 0)
(-2.30479 -0.0334279 0)
(-2.34967 -0.00310845 0)
(-2.32907 0.0258473 0)
(-2.249 0.0516 0)
(-2.11653 0.0732416 0)
(-1.94095 0.0904188 0)
(-1.73234 0.102888 0)
(-1.50092 0.110744 0)
(-1.25646 0.114485 0)
(-1.00751 0.114726 0)
(-0.76076 0.112398 0)
(-0.520694 0.108611 0)
(-0.289615 0.104298 0)
(-0.0677321 0.100012 0)
(0.147305 0.0971544 0)
(0.360627 0.098339 0)
(0.550874 0.112978 0)
(0.734929 0.101572 0)
(0.925229 0.0944273 0)
(1.11068 0.0887991 0)
(1.28792 0.0823563 0)
(1.4535 0.0743417 0)
(1.60244 0.0642926 0)
(1.72918 0.0518766 0)
(1.82776 0.0370529 0)
(1.89262 0.0200835 0)
(1.9187 0.00135169 0)
(1.90162 -0.019227 0)
(1.8382 -0.0409387 0)
(1.72795 -0.062457 0)
(1.57141 -0.0830106 0)
(1.37146 -0.101886 0)
(1.13253 -0.118229 0)
(0.860562 -0.130983 0)
(0.561753 -0.13901 0)
(0.244361 -0.145177 0)
(-0.0511691 -0.173039 0)
(-0.338161 -0.149491 0)
(-0.629489 -0.13306 0)
(-0.8953 -0.116398 0)
(-1.12663 -0.0972168 0)
(-1.31797 -0.0767544 0)
(-1.46594 -0.0556955 0)
(-1.56919 -0.0347151 0)
(-1.62793 -0.0143316 0)
(-1.64363 0.00495085 0)
(-1.6187 0.0227909 0)
(-1.55675 0.0385502 0)
(-1.46313 0.0516407 0)
(-1.34332 0.062039 0)
(-1.20329 0.0697556 0)
(-1.04873 0.0749491 0)
(-0.884918 0.0779038 0)
(-0.716464 0.0789933 0)
(-0.546942 0.0787219 0)
(-0.378718 0.0776986 0)
(-0.212896 0.0762956 0)
(-0.0496998 0.0747722 0)
(0.111326 0.0735264 0)
(0.271279 0.0725128 0)
(0.429345 0.0727411 0)
(0.581025 0.0775101 0)
(0.725548 0.0710348 0)
(0.867806 0.0656369 0)
(1.0018 0.0593047 0)
(1.12336 0.0515478 0)
(1.22843 0.0423428 0)
(1.3131 0.0315214 0)
(1.37334 0.0192499 0)
(1.40587 0.0057292 0)
(1.40792 -0.00858136 0)
(1.37767 -0.0235155 0)
(1.31471 -0.0383651 0)
(1.21971 -0.052545 0)
(1.09474 -0.0653855 0)
(0.943119 -0.0763423 0)
(0.768857 -0.0851825 0)
(0.576755 -0.091388 0)
(0.371949 -0.0944733 0)
(0.168579 -0.096302 0)
(-0.0300876 -0.0982705 0)
(-0.219272 -0.0873894 0)
(-0.39642 -0.0773117 0)
(-0.552517 -0.0649367 0)
(-0.682621 -0.0513385 0)
(-0.783675 -0.036916 0)
(-0.853767 -0.022093 0)
(-0.8923 -0.00738805 0)
(-0.899825 0.00662002 0)
(-0.878195 0.0193761 0)
(-0.830091 0.030471 0)
(-0.759873 0.0396548 0)
(-0.671658 0.0466772 0)
(-0.570123 0.0514741 0)
(-0.46013 0.0540783 0)
(-0.345509 0.0549311 0)
(-0.231688 0.0536141 0)
(-0.121036 0.0502247 0)
(-0.0202858 0.0456543 0)
(0.071764 0.0363242 0)
(0.147484 0.0259336 0)
(0.186146 0.00732065 0)
(1.62547 8.33721 0)
(4.1284 1.75021 0)
(6.95269 -13.8568 0)
(8.18301 -24.4208 0)
(8.54678 -33.9457 0)
(8.45955 -42.6518 0)
(7.88418 -50.6483 0)
(6.85545 -58.0013 0)
(5.48853 -64.7062 0)
(3.86546 -70.6105 0)
(2.07137 -75.3965 0)
(0.226501 -78.4799 0)
(-1.45392 -78.7499 0)
(-2.8442 -76.7899 0)
(-3.9211 -72.8231 0)
(-4.64444 -66.9605 0)
(-5.01126 -59.4467 0)
(-5.06046 -50.6231 0)
(-4.84279 -40.8986 0)
(-4.40867 -30.7803 0)
(-3.74136 -20.9469 0)
(-2.64114 -12.2337 0)
(-1.50192 -5.43614 0)
(-0.698105 1.81947 0)
(0.453973 16.0791 0)
(0.884836 25.1055 0)
(1.4054 33.6033 0)
(1.84937 41.413 0)
(1.65213 48.5025 0)
(1.18261 54.8402 0)
(0.504194 60.3535 0)
(-0.347284 64.8702 0)
(-1.26536 68.0078 0)
(-2.0603 68.915 0)
(-2.62086 67.6281 0)
(-2.93212 64.6307 0)
(-2.9562 60.0011 0)
(-2.69298 53.9188 0)
(-2.18829 46.6495 0)
(-1.51857 38.5355 0)
(-0.778971 29.9786 0)
(-0.0953246 21.4155 0)
(0.32596 13.2835 0)
(0.82107 6.13811 0)
(1.89118 1.71275 0)
(4.02374 -10.1907 0)
(4.89742 -18.8149 0)
(5.28198 -26.3821 0)
(5.36351 -33.3461 0)
(5.08532 -39.5746 0)
(4.50813 -45.0703 0)
(3.71197 -49.8743 0)
(2.73498 -53.9053 0)
(1.63495 -56.9342 0)
(0.509949 -58.4636 0)
(-0.524036 -58.0109 0)
(-1.40666 -56.163 0)
(-2.11021 -52.9511 0)
(-2.62337 -48.4633 0)
(-2.95567 -42.851 0)
(-3.12633 -36.3455 0)
(-3.1488 -29.246 0)
(-3.02711 -21.9123 0)
(-2.70339 -14.813 0)
(-1.96652 -8.52694 0)
(-1.55888 -3.53589 0)
(-1.0851 2.67007 0)
(-0.684327 12.5209 0)
(-0.166468 19.6286 0)
(0.177266 26.1999 0)
(0.410835 32.1845 0)
(0.519307 37.5475 0)
(0.429229 42.2233 0)
(0.203607 46.1306 0)
(-0.127156 49.1472 0)
(-0.508652 50.973 0)
(-0.844854 50.9357 0)
(-1.07882 49.6264 0)
(-1.17725 47.1367 0)
(-1.13066 43.5596 0)
(-0.963696 39.022 0)
(-0.720582 33.6786 0)
(-0.428378 27.729 0)
(-0.122424 21.4501 0)
(0.124153 15.1875 0)
(0.237761 9.34081 0)
(0.317448 4.41264 0)
(0.558937 1.1282 0)
(2.07717 -8.19683 0)
(2.53207 -14.7329 0)
(2.61872 -20.5888 0)
(3.13125 -25.9634 0)
(3.01854 -30.7016 0)
(2.80114 -34.8501 0)
(2.41542 -38.3594 0)
(1.8931 -41.1385 0)
(1.29777 -43.0239 0)
(0.67193 -43.5596 0)
(0.0777893 -42.8106 0)
(-0.440246 -41.0894 0)
(-0.877029 -38.4442 0)
(-1.24287 -34.9338 0)
(-1.53833 -30.6541 0)
(-1.75907 -25.7801 0)
(-1.9128 -20.5408 0)
(-1.98315 -15.1838 0)
(-1.88717 -10.018 0)
(-1.45967 -5.42699 0)
(-1.25235 -1.74198 0)
(-1.2654 3.37388 0)
(-0.986733 10.5184 0)
(-0.937172 15.9472 0)
(-0.562846 20.8909 0)
(-0.294087 25.4827 0)
(-0.161209 29.6015 0)
(-0.0155923 33.2499 0)
(-0.013381 36.0932 0)
(-0.0580631 38.1152 0)
(-0.0624701 38.9725 0)
(-0.0953755 39.1102 0)
(-0.0738339 36.5093 0)
(7.42005 7.49763 0)
(10.2859 -3.68972 0)
(13.0998 -14.6765 0)
(14.2337 -24.854 0)
(14.3755 -33.8995 0)
(13.9746 -42.0627 0)
(12.9872 -49.5873 0)
(11.4933 -56.5584 0)
(9.6217 -62.9578 0)
(7.46079 -68.6337 0)
(5.08896 -73.2819 0)
(2.61232 -76.3614 0)
(0.215215 -76.8592 0)
(-1.94703 -75.1506 0)
(-3.83172 -71.4938 0)
(-5.39036 -65.9666 0)
(-6.58789 -58.7875 0)
(-7.40436 -50.2951 0)
(-7.81167 -40.9376 0)
(-7.78049 -31.2975 0)
(-7.20421 -22.0516 0)
(-5.84107 -13.8501 0)
(-5.32583 -6.55691 0)
(-5.34537 2.96688 0)
(-4.95053 14.6997 0)
(-3.81859 24.4789 0)
(-3.26748 33.2236 0)
(-3.06432 41.273 0)
(-2.96805 48.5954 0)
(-3.03295 55.1474 0)
(-3.26464 60.8328 0)
(-3.60896 65.4555 0)
(-3.95812 68.5735 0)
(-4.08449 69.2369 0)
(-3.9077 67.7172 0)
(-3.4489 64.4342 0)
(-2.69023 59.5108 0)
(-1.66105 53.1661 0)
(-0.435358 45.7087 0)
(0.883213 37.5149 0)
(2.15782 28.9886 0)
(3.17309 20.5902 0)
(3.60738 12.9291 0)
(4.74072 6.23332 0)
(6.56704 -2.29429 0)
(8.66381 -11.0846 0)
(9.50314 -19.1918 0)
(9.60458 -26.4564 0)
(9.38192 -32.9983 0)
(8.76166 -38.8864 0)
(7.79099 -44.1404 0)
(6.5707 -48.7545 0)
(5.15434 -52.6385 0)
(3.5934 -55.5777 0)
(1.96631 -57.1205 0)
(0.380019 -56.774 0)
(-1.08036 -55.0746 0)
(-2.37996 -52.0334 0)
(-3.49172 -47.7235 0)
(-4.39415 -42.2955 0)
(-5.06091 -35.9914 0)
(-5.45607 -29.1398 0)
(-5.54222 -22.1391 0)
(-5.21788 -15.4404 0)
(-4.3198 -9.50512 0)
(-4.2991 -4.04534 0)
(-4.38187 3.47988 0)
(-4.2542 11.6343 0)
(-3.56795 19.1491 0)
(-3.09061 25.952 0)
(-2.85018 32.0618 0)
(-2.65292 37.488 0)
(-2.48588 42.2012 0)
(-2.36684 46.1785 0)
(-2.34517 49.2547 0)
(-2.28528 51.0793 0)
(-2.11268 50.9548 0)
(-1.80655 49.537 0)
(-1.3296 46.8994 0)
(-0.705839 43.1845 0)
(-0.00563951 38.5401 0)
(0.717406 33.128 0)
(1.38231 27.1949 0)
(1.9528 21.1085 0)
(2.28296 15.1606 0)
(2.23072 9.5758 0)
(3.01587 4.475 0)
(4.20592 -1.70439 0)
(5.65482 -8.74052 0)
(6.14646 -14.9907 0)
(6.19158 -20.7165 0)
(6.04449 -25.8665 0)
(5.66269 -30.3742 0)
(5.08535 -34.3271 0)
(4.33758 -37.6922 0)
(3.4526 -40.3734 0)
(2.47236 -42.1984 0)
(1.43958 -42.7333 0)
(0.428028 -42.0376 0)
(-0.518113 -40.3859 0)
(-1.38863 -37.8221 0)
(-2.16869 -34.3979 0)
(-2.83122 -30.2116 0)
(-3.34811 -25.4451 0)
(-3.68995 -20.3464 0)
(-3.82278 -15.2091 0)
(-3.65626 -10.3486 0)
(-3.10986 -6.04753 0)
(-3.35465 -1.84324 0)
(-3.53612 3.97569 0)
(-3.46972 10.0286 0)
(-3.08741 15.6272 0)
(-2.62615 20.6992 0)
(-2.52774 25.346 0)
(-2.25388 29.4643 0)
(-1.98023 33.0385 0)
(-1.49592 35.8876 0)
(-1.12241 37.9461 0)
(-0.979102 38.8587 0)
(-0.703226 38.933 0)
(-0.0785691 36.2404 0)
(13.9685 4.44684 0)
(16.6268 -6.30338 0)
(19.0258 -16.4987 0)
(20.0543 -25.6886 0)
(19.9957 -33.8016 0)
(19.1773 -41.2115 0)
(17.7118 -48.1381 0)
(15.7249 -54.6432 0)
(13.341 -60.6854 0)
(10.6492 -66.0962 0)
(7.72283 -70.5649 0)
(4.65394 -73.5814 0)
(1.59514 -74.2186 0)
(-1.28271 -72.7282 0)
(-3.90533 -69.3643 0)
(-6.19781 -64.1913 0)
(-8.08221 -57.4223 0)
(-9.48698 -49.3997 0)
(-10.3502 -40.5716 0)
(-10.6426 -31.4685 0)
(-10.3179 -22.6435 0)
(-9.47454 -14.5417 0)
(-9.66706 -6.62485 0)
(-9.72042 3.19317 0)
(-9.49489 13.7282 0)
(-8.82597 23.6414 0)
(-8.14447 32.7101 0)
(-7.64273 40.9808 0)
(-7.3421 48.4957 0)
(-7.16937 55.1816 0)
(-7.05186 60.9352 0)
(-6.95171 65.5547 0)
(-6.73988 68.5281 0)
(-6.15686 68.8154 0)
(-5.19928 67.0155 0)
(-3.90613 63.4174 0)
(-2.30472 58.2198 0)
(-0.496726 51.6792 0)
(1.40588 44.107 0)
(3.278 35.9263 0)
(4.99255 27.6462 0)
(6.28495 19.6474 0)
(7.34204 12.0785 0)
(9.62591 4.19873 0)
(11.4989 -4.09739 0)
(13.1663 -12.2287 0)
(13.8499 -19.7319 0)
(13.7747 -26.4053 0)
(13.2006 -32.4435 0)
(12.181 -37.9334 0)
(10.7986 -42.8734 0)
(9.14656 -47.2383 0)
(7.28488 -50.9326 0)
(5.26529 -53.7456 0)
(3.15386 -55.2466 0)
(1.05324 -54.9702 0)
(-0.936011 -53.3996 0)
(-2.76883 -50.535 0)
(-4.39175 -46.4432 0)
(-5.74787 -41.2781 0)
(-6.78054 -35.2871 0)
(-7.44457 -28.7942 0)
(-7.71888 -22.1652 0)
(-7.54991 -15.7661 0)
(-7.06845 -9.87211 0)
(-7.45766 -3.85495 0)
(-7.47217 3.47853 0)
(-7.44078 11.2391 0)
(-7.0769 18.6502 0)
(-6.566 25.4798 0)
(-6.0647 31.6585 0)
(-5.60829 37.1593 0)
(-5.25001 41.98 0)
(-4.92067 46.0148 0)
(-4.55073 49.0726 0)
(-4.03635 50.7399 0)
(-3.31844 50.4607 0)
(-2.46677 48.8408 0)
(-1.41541 45.98 0)
(-0.210803 42.2059 0)
(0.913276 37.6409 0)
(1.86967 32.328 0)
(3.06234 26.5369 0)
(3.92395 20.5236 0)
(4.63781 14.5612 0)
(5.24868 8.97199 0)
(6.70405 3.28653 0)
(7.89674 -3.00304 0)
(8.98035 -9.37461 0)
(9.35874 -15.3001 0)
(9.25943 -20.631 0)
(8.84989 -25.4462 0)
(8.15016 -29.7417 0)
(7.22323 -33.5099 0)
(6.11664 -36.7138 0)
(4.8631 -39.2697 0)
(3.49956 -41.0044 0)
(2.06636 -41.5039 0)
(0.646263 -40.8498 0)
(-0.70448 -39.268 0)
(-1.96064 -36.7925 0)
(-3.09102 -33.4909 0)
(-4.05013 -29.4732 0)
(-4.78896 -24.9174 0)
(-5.27519 -20.0642 0)
(-5.49482 -15.1802 0)
(-5.40385 -10.5127 0)
(-5.1879 -6.18789 0)
(-5.60706 -1.52421 0)
(-5.67992 4.02815 0)
(-5.71185 9.79226 0)
(-5.463 15.276 0)
(-5.0693 20.3498 0)
(-4.64286 24.9832 0)
(-4.14916 29.0382 0)
(-3.62235 32.5452 0)
(-3.12752 35.4763 0)
(-2.61137 37.4539 0)
(-1.85229 38.3351 0)
(-0.984166 38.4473 0)
(-0.268052 35.7356 0)
(20.1233 0.968205 0)
(23.0394 -8.90541 0)
(24.9565 -17.8679 0)
(25.5668 -25.904 0)
(25.1027 -33.1177 0)
(23.8155 -39.8055 0)
(21.8721 -46.154 0)
(19.4112 -52.2082 0)
(16.5482 -57.8973 0)
(13.3653 -63.0319 0)
(9.92825 -67.2975 0)
(6.31893 -70.2118 0)
(2.67119 -70.9287 0)
(-0.829071 -69.6346 0)
(-4.07719 -66.5635 0)
(-6.97322 -61.7795 0)
(-9.41189 -55.4886 0)
(-11.3059 -48.0193 0)
(-12.6053 -39.7896 0)
(-13.3096 -31.2586 0)
(-13.4188 -22.855 0)
(-13.2059 -14.8192 0)
(-13.8046 -6.45785 0)
(-13.8816 3.2807 0)
(-13.8547 13.3719 0)
(-13.496 23.0889 0)
(-12.91 32.1522 0)
(-12.3367 40.5012 0)
(-11.7979 48.0824 0)
(-11.2739 54.8207 0)
(-10.7771 60.6075 0)
(-10.2279 65.1432 0)
(-9.40104 67.822 0)
(-8.0551 67.6468 0)
(-6.31072 65.5031 0)
(-4.15897 61.5375 0)
(-1.68347 56.0969 0)
(0.858818 49.4544 0)
(3.35551 41.9095 0)
(5.74369 33.9731 0)
(7.82723 25.9338 0)
(9.66264 18.0197 0)
(12.1569 10.1452 0)
(14.5046 1.78843 0)
(16.3836 -5.93848 0)
(17.6528 -13.1841 0)
(17.9953 -19.8536 0)
(17.5799 -25.8913 0)
(16.6022 -31.4198 0)
(15.1705 -36.5016 0)
(13.3796 -41.1301 0)
(11.3155 -45.2566 0)
(9.03798 -48.768 0)
(6.59506 -51.451 0)
(4.04501 -52.8976 0)
(1.49259 -52.6859 0)
(-0.947914 -51.2422 0)
(-3.22125 -48.5692 0)
(-5.2562 -44.7368 0)
(-6.97835 -39.8979 0)
(-8.32539 -34.289 0)
(-9.2642 -28.2073 0)
(-9.79195 -21.9671 0)
(-9.90094 -15.8453 0)
(-9.87876 -9.93962 0)
(-10.4376 -3.58906 0)
(-10.5092 3.66057 0)
(-10.5832 11.064 0)
(-10.3571 18.2451 0)
(-9.88597 24.9761 0)
(-9.33771 31.1403 0)
(-8.75861 36.6646 0)
(-8.14396 41.4715 0)
(-7.46244 45.4468 0)
(-6.66001 48.3904 0)
(-5.59839 49.8138 0)
(-4.29097 49.387 0)
(-2.92715 47.6276 0)
(-1.17766 44.7236 0)
(-0.281535 40.9435 0)
(1.68472 36.357 0)
(3.34613 30.9775 0)
(4.88325 25.2203 0)
(6.32182 19.3804 0)
(7.50423 13.6182 0)
(8.95434 7.89258 0)
(10.4669 1.7494 0)
(11.5771 -4.19094 0)
(12.3547 -9.94603 0)
(12.4906 -15.3349 0)
(12.1223 -20.2515 0)
(11.389 -24.7295 0)
(10.3523 -28.7569 0)
(9.07524 -32.3087 0)
(7.61088 -35.3413 0)
(5.99728 -37.7654 0)
(4.27024 -39.4064 0)
(2.47177 -39.8759 0)
(0.696214 -39.2713 0)
(-0.997261 -37.778 0)
(-2.57218 -35.4302 0)
(-3.98403 -32.3015 0)
(-5.1817 -28.5086 0)
(-6.11696 -24.2193 0)
(-6.76656 -19.6485 0)
(-7.13047 -15.0209 0)
(-7.21228 -10.5164 0)
(-7.32049 -6.12149 0)
(-7.77508 -1.22999 0)
(-7.85873 4.19476 0)
(-7.92857 9.67375 0)
(-7.73517 14.9682 0)
(-7.34696 19.9243 0)
(-6.84869 24.4527 0)
(-6.26099 28.4677 0)
(-5.596 31.9155 0)
(-4.87156 34.8754 0)
(-4.05781 36.6323 0)
(-2.9743 37.352 0)
(-1.95328 37.5704 0)
(-0.316643 34.8776 0)
(26.4187 -2.19429 0)
(29.1056 -11.1009 0)
(30.492 -18.9091 0)
(30.6141 -25.7981 0)
(29.6606 -32.0555 0)
(27.8634 -37.9792 0)
(25.4268 -43.7313 0)
(22.4997 -49.3244 0)
(19.1856 -54.6491 0)
(15.5537 -59.4901 0)
(11.6588 -63.529 0)
(7.57453 -66.3109 0)
(3.42862 -67.0747 0)
(-0.579939 -65.9717 0)
(-4.33127 -63.2067 0)
(-7.71547 -58.8448 0)
(-10.6186 -53.077 0)
(-12.9537 -46.2008 0)
(-14.6839 -38.5837 0)
(-15.8171 -30.6038 0)
(-16.387 -22.5753 0)
(-16.7705 -14.5736 0)
(-17.6831 -5.96706 0)
(-17.9149 3.56893 0)
(-18.095 13.2295 0)
(-17.9186 22.6619 0)
(-17.4283 31.5863 0)
(-16.8073 39.8721 0)
(-16.104 47.4283 0)
(-15.3271 54.1476 0)
(-14.4561 59.8578 0)
(-13.3842 64.1938 0)
(-11.8041 66.3365 0)
(-9.6118 65.7347 0)
(-7.08053 63.1378 0)
(-4.10339 58.7268 0)
(-0.945921 53.1848 0)
(2.24332 46.7309 0)
(5.3372 39.2959 0)
(8.2431 31.4246 0)
(11.0059 23.5004 0)
(13.9278 15.5874 0)
(17.0403 7.4284 0)
(19.2929 -0.356958 0)
(21.0032 -7.33577 0)
(21.8282 -13.7571 0)
(21.7641 -19.6365 0)
(20.9561 -25.0273 0)
(19.5651 -30.0337 0)
(17.724 -34.7047 0)
(15.5377 -39.018 0)
(13.0873 -42.899 0)
(10.428 -46.2156 0)
(7.60352 -48.7539 0)
(4.66959 -50.1311 0)
(1.73507 -49.9836 0)
(-1.07937 -48.6776 0)
(-3.7118 -46.2195 0)
(-6.08293 -42.6795 0)
(-8.11449 -38.2024 0)
(-9.74953 -33.0038 0)
(-10.966 -27.3418 0)
(-11.7676 -21.4717 0)
(-12.1919 -15.5875 0)
(-12.5922 -9.65856 0)
(-13.2821 -3.15973 0)
(-13.484 3.88453 0)
(-13.6388 10.9799 0)
(-13.4873 17.9165 0)
(-13.0655 24.4771 0)
(-12.4853 30.5294 0)
(-11.7796 35.9717 0)
(-10.9561 40.6916 0)
(-10.0082 44.5346 0)
(-8.86747 47.2457 0)
(-7.35958 48.3151 0)
(-5.56816 47.7448 0)
(-3.34242 46.0075 0)
(-1.44178 43.1225 0)
(0.405947 39.1447 0)
(2.90754 34.3233 0)
(5.26244 29.0188 0)
(7.24345 23.4762 0)
(9.07752 17.8111 0)
(10.8555 12.1136 0)
(12.789 6.25332 0)
(14.0976 0.416924 0)
(15.0848 -5.01229 0)
(15.5137 -10.1978 0)
(15.3374 -15.0626 0)
(14.6659 -19.5533 0)
(13.6063 -23.6815 0)
(12.2374 -27.4339 0)
(10.6277 -30.7723 0)
(8.8316 -33.6365 0)
(6.88831 -35.9282 0)
(4.83411 -37.4757 0)
(2.7169 -37.9223 0)
(0.638152 -37.378 0)
(-1.34299 -35.9922 0)
(-3.18243 -33.8003 0)
(-4.82924 -30.8769 0)
(-6.23385 -27.338 0)
(-7.35728 -23.3382 0)
(-8.18435 -19.0574 0)
(-8.71855 -14.6717 0)
(-9.01721 -10.3 0)
(-9.40552 -5.84206 0)
(-9.88866 -0.892273 0)
(-10.0285 4.33839 0)
(-10.111 9.57847 0)
(-9.92853 14.6755 0)
(-9.53158 19.4761 0)
(-8.97874 23.8721 0)
(-8.29341 27.7949 0)
(-7.49511 31.1236 0)
(-6.5875 34.0359 0)
(-5.49763 35.5145 0)
(-3.99728 36.0795 0)
(-2.84103 36.2081 0)
(-0.212789 33.4147 0)
)
;

boundaryField
{
    inlet
    {
        type            calculated;
        value           nonuniform List<vector> 0();
    }
    outlet
    {
        type            calculated;
        value           nonuniform List<vector> 
25
(
(-0.0738339 36.5093 0)
(-0.0785691 36.2404 0)
(-0.268052 35.7356 0)
(-0.316643 34.8776 0)
(-0.212789 33.4147 0)
(0.0112814 31.4462 0)
(0.443318 29.0782 0)
(1.16072 26.2727 0)
(2.20941 23.0846 0)
(3.56351 19.5854 0)
(5.12723 15.9355 0)
(6.73039 12.3156 0)
(8.08503 8.95995 0)
(8.80147 6.11496 0)
(8.46882 3.96556 0)
(6.93023 2.55102 0)
(4.7518 1.68754 0)
(2.96921 1.10544 0)
(1.92054 0.691236 0)
(1.24818 0.453562 0)
(0.804941 0.300646 0)
(0.537078 0.197787 0)
(0.349443 0.109293 0)
(0.265143 0.0458553 0)
(0.186146 0.00732065 0)
)
;
    }
    topWall
    {
        type            calculated;
        value           uniform (0 0 0);
    }
    lowerWall
    {
        type            calculated;
        value           nonuniform List<vector> 0();
    }
    leadingEdge
    {
        type            calculated;
        value           nonuniform List<vector> 0();
    }
    trailingEdge
    {
        type            calculated;
        value           nonuniform List<vector> 0();
    }
    upperSurface
    {
        type            calculated;
        value           nonuniform List<vector> 0();
    }
    lowerSurface
    {
        type            calculated;
        value           nonuniform List<vector> 0();
    }
    frontAndBack
    {
        type            empty;
    }
    procBoundary7to3
    {
        type            processor;
        value           nonuniform List<vector> 
121
(
(-2.30198 9.88034 0)
(-0.935342 3.61012 0)
(0.213248 -11.4077 0)
(1.47785 -23.4892 0)
(2.33105 -33.4489 0)
(2.5668 -42.6818 0)
(2.5412 -51.1643 0)
(1.97067 -58.9362 0)
(1.12215 -65.9415 0)
(0.0496998 -72.0375 0)
(-1.15452 -76.9091 0)
(-2.33824 -79.9282 0)
(-3.26916 -79.8992 0)
(-3.87135 -77.6421 0)
(-4.11884 -73.3091 0)
(-3.98009 -67.0731 0)
(-3.47391 -59.2242 0)
(-2.67614 -50.1517 0)
(-1.70416 -40.3177 0)
(-0.69565 -30.2263 0)
(0.165338 -20.3891 0)
(0.647214 -11.3511 0)
(1.97563 -4.4472 0)
(4.28075 4.39274 0)
(6.10379 16.6891 0)
(6.70308 25.6608 0)
(6.85186 33.9006 0)
(6.63202 41.3403 0)
(6.01642 48.0207 0)
(5.09223 54.0317 0)
(3.91697 59.3244 0)
(2.55156 63.7118 0)
(1.08722 66.8344 0)
(-0.32246 67.9176 0)
(-1.54669 66.8332 0)
(-2.54918 64.0977 0)
(-3.29539 59.7488 0)
(-3.77431 53.926 0)
(-4.00413 46.8693 0)
(-4.01294 38.8947 0)
(-3.82821 30.3734 0)
(-3.46283 21.7904 0)
(-2.77724 13.8149 0)
(-1.80201 7.15555 0)
(-1.30144 2.35204 0)
(-0.559297 -8.83093 0)
(0.105799 -18.0991 0)
(0.483484 -25.9216 0)
(0.845024 -33.1365 0)
(1.13442 -39.6647 0)
(0.95487 -45.4794 0)
(0.611372 -50.5255 0)
(0.110527 -54.7105 0)
(-0.502454 -57.8099 0)
(-1.10397 -59.2792 0)
(-1.57494 -58.6971 0)
(-1.87417 -56.6726 0)
(-1.96843 -53.26 0)
(-1.85507 -48.581 0)
(-1.56447 -42.8126 0)
(-1.14381 -36.1951 0)
(-0.652002 -29.0317 0)
(-0.172054 -21.6634 0)
(0.165292 -14.4804 0)
(0.369624 -7.98279 0)
(0.839626 -3.17762 0)
(1.96569 3.31465 0)
(3.30672 13.2155 0)
(3.77537 20.1415 0)
(4.00721 26.5301 0)
(4.04894 32.3224 0)
(3.77738 37.4566 0)
(3.29084 41.9069 0)
(2.63644 45.6435 0)
(1.85545 48.5559 0)
(1.00597 50.3515 0)
(0.174605 50.3948 0)
(-0.564891 49.193 0)
(-1.18668 46.8398 0)
(-1.67693 43.3924 0)
(-2.04241 38.9529 0)
(-2.29827 33.6767 0)
(-2.44996 27.7931 0)
(-2.49326 21.5989 0)
(-2.40648 15.4221 0)
(-2.04178 9.66832 0)
(-1.37692 4.87769 0)
(-1.39641 0.947725 0)
(-1.16853 -7.53841 0)
(-0.674346 -14.2682 0)
(-0.564206 -20.2099 0)
(0.0115744 -25.6338 0)
(0.0669395 -30.5763 0)
(0.154352 -34.9257 0)
(0.144006 -38.5957 0)
(0.0253325 -41.4703 0)
(-0.144803 -43.4047 0)
(-0.342322 -43.9535 0)
(-0.510694 -43.1516 0)
(-0.573227 -41.3456 0)
(-0.527645 -38.6362 0)
(-0.439556 -35.0861 0)
(-0.336345 -30.7473 0)
(-0.191104 -25.7905 0)
(0.0132485 -20.4982 0)
(0.108763 -15.0928 0)
(0.157561 -9.90989 0)
(0.100504 -5.2678 0)
(0.00049654 -1.83986 0)
(0.862337 3.65424 0)
(1.54173 10.8076 0)
(1.40598 16.2203 0)
(2.11619 21.2747 0)
(2.2425 25.7824 0)
(2.15691 29.7184 0)
(1.97048 33.1906 0)
(1.63048 35.8972 0)
(1.22113 37.8969 0)
(0.736543 38.7537 0)
(0.353442 38.8793 0)
(-0.243007 36.3192 0)
)
;
    }
    procBoundary7to6
    {
        type            processor;
        value           nonuniform List<vector> 
25
(
(28.9238 3.88043 0)
(34.8866 -0.0811199 0)
(40.4528 -3.63995 0)
(45.1966 -6.49015 0)
(48.6327 -8.19164 0)
(49.9318 -8.39702 0)
(48.9238 -7.2354 0)
(45.5128 -5.14124 0)
(39.7696 -2.68694 0)
(32.0875 -0.37889 0)
(23.2673 1.26317 0)
(14.5797 1.8879 0)
(7.43776 1.75397 0)
(3.9045 1.12073 0)
(3.17442 0.573728 0)
(2.58669 0.353222 0)
(2.31662 0.212981 0)
(2.27051 0.150866 0)
(2.30397 0.100829 0)
(2.1511 0.0412498 0)
(0.567411 18.1898 0)
(5.13131 16.9676 0)
(10.6206 15.3766 0)
(16.9065 12.2443 0)
(22.9481 8.14552 0)
)
;
    }
}


// ************************************************************************* //
