/*--------------------------------*- C++ -*----------------------------------*\
| =========                 |                                                 |
| \\      /  F ield         | OpenFOAM: The Open Source CFD Toolbox           |
|  \\    /   O peration     | Version:  2206                                  |
|   \\  /    A nd           | Website:  www.openfoam.com                      |
|    \\/     M anipulation  |                                                 |
\*---------------------------------------------------------------------------*/
FoamFile
{
    version     2.0;
    format      ascii;
    arch        "LSB;label=32;scalar=64";
    class       volVectorField;
    location    "19.5";
    object      ddtCorrDdt0(U);
}
// * * * * * * * * * * * * * * * * * * * * * * * * * * * * * * * * * * * * * //

dimensions      [0 1 -2 0 0 0 0];

internalField   nonuniform List<vector> 
1838
(
(-1.72842e-06 5.79535e-05 0)
(-5.27695e-06 0.000117282 0)
(-1.27719e-05 0.000183659 0)
(-2.46591e-05 0.00023462 0)
(-3.87566e-05 0.000272023 0)
(-5.41817e-05 0.000293634 0)
(-7.06076e-05 0.000298167 0)
(-8.73683e-05 0.000287532 0)
(-0.000103726 0.00026249 0)
(-0.000118751 0.000226157 0)
(-0.000131588 0.000181258 0)
(-0.000142984 0.000130786 0)
(-0.000151684 7.84404e-05 0)
(-0.000157834 2.77636e-05 0)
(-0.000161414 -1.81202e-05 0)
(-0.000163046 -5.48219e-05 0)
(-0.000163731 -8.13601e-05 0)
(-0.000163255 -9.39819e-05 0)
(-0.000162212 -9.27727e-05 0)
(-0.000161926 -7.52126e-05 0)
(-0.000163398 -4.30573e-05 0)
(-0.000167064 6.01781e-06 0)
(-0.000174281 6.90429e-05 0)
(-0.000186477 0.000147604 0)
(-0.000204254 0.000237158 0)
(-0.0002283 0.000339372 0)
(-0.000259511 0.00044934 0)
(-0.000299545 0.000568871 0)
(-0.000345632 0.000693877 0)
(-0.000407836 0.000825686 0)
(-0.000471968 0.000959813 0)
(-0.000555537 0.00110028 0)
(-0.00064026 0.00124398 0)
(-0.000745955 0.00139456 0)
(-0.000855381 0.00155255 0)
(-0.000982111 0.00172013 0)
(-0.00112871 0.0019009 0)
(-0.00127421 0.00209752 0)
(-0.00145714 0.00231818 0)
(-0.00162795 0.00256303 0)
(-0.00185407 0.00284379 0)
(-0.00206858 0.00315971 0)
(-0.00232627 0.00352505 0)
(-0.00260875 0.00394238 0)
(-0.00290629 0.0044211 0)
(-0.00328336 0.00497364 0)
(-0.00363654 0.00559927 0)
(-0.00411271 0.00632435 0)
(-0.00456003 0.00713755 0)
(-0.00513971 0.00807143 0)
(-0.00574132 0.00912226 0)
(-0.00642253 0.0103081 0)
(-0.00724555 0.0116563 0)
(-0.00805867 0.0131527 0)
(-0.0091389 0.0148649 0)
(-0.0101672 0.0167522 0)
(-0.0115066 0.0189068 0)
(-0.0128508 0.0212898 0)
(-0.0144801 0.0239894 0)
(-0.0162424 0.0269948 0)
(-0.0181946 0.0303605 0)
(-0.0205309 0.0341773 0)
(-0.0228187 0.0383164 0)
(-0.0258778 0.043187 0)
(-0.0286833 0.0482923 0)
(-0.0323784 0.0543793 0)
(-0.0360923 0.0608983 0)
(-0.0403104 0.0682925 0)
(-0.0450596 0.0767617 0)
(-0.0502661 0.086096 0)
(-0.0561334 0.0965809 0)
(-0.0626679 0.108291 0)
(-0.0698723 0.121344 0)
(-0.0778414 0.135916 0)
(-0.0866974 0.152193 0)
(-0.0965578 0.170348 0)
(-0.10752 0.19058 0)
(-0.119707 0.213116 0)
(-0.133274 0.238219 0)
(-0.148385 0.266185 0)
(-0.165224 0.297324 0)
(-0.183957 0.332006 0)
(-0.204793 0.370632 0)
(-0.227984 0.413635 0)
(-0.25377 0.461495 0)
(-0.282462 0.514738 0)
(-0.314466 0.573942 0)
(-0.350233 0.63982 0)
(-0.39035 0.713188 0)
(-0.435506 0.794987 0)
(-0.48646 0.886366 0)
(-0.54422 0.988755 0)
(-0.609954 1.10407 0)
(-0.684989 1.23485 0)
(-0.770905 1.38486 0)
(-0.86904 1.55952 0)
(-0.980411 1.76715 0)
(-1.10423 2.02378 0)
(-1.24148 2.35607 0)
(-1.34978 2.83053 0)
(-1.47722 3.53981 0)
(-0.407973 5.1524 0)
(-1.37163e-06 6.00388e-05 0)
(-4.10685e-06 0.000123764 0)
(-9.98236e-06 0.000193563 0)
(-1.97788e-05 0.00024683 0)
(-3.10993e-05 0.00028593 0)
(-4.33986e-05 0.000308308 0)
(-5.63009e-05 0.000313391 0)
(-6.95321e-05 0.000302176 0)
(-8.24681e-05 0.00027637 0)
(-9.3837e-05 0.000238739 0)
(-0.000104202 0.000192175 0)
(-0.000113068 0.0001395 0)
(-0.000119895 8.5553e-05 0)
(-0.000124944 3.22675e-05 0)
(-0.000127361 -1.45374e-05 0)
(-0.000128863 -5.36759e-05 0)
(-0.000129276 -8.05861e-05 0)
(-0.000128748 -9.43764e-05 0)
(-0.000127919 -9.19243e-05 0)
(-0.000128106 -7.43107e-05 0)
(-0.00012924 -3.92039e-05 0)
(-0.000132163 1.18096e-05 0)
(-0.000137587 7.96993e-05 0)
(-0.000147283 0.000161878 0)
(-0.000161436 0.000258545 0)
(-0.00018082 0.000365978 0)
(-0.00020613 0.000484619 0)
(-0.000237133 0.000610592 0)
(-0.000277339 0.00074592 0)
(-0.000321431 0.000884353 0)
(-0.000380398 0.00103004 0)
(-0.000438296 0.00117913 0)
(-0.000511829 0.00133406 0)
(-0.000590702 0.00149573 0)
(-0.000676847 0.00166432 0)
(-0.000784328 0.00184398 0)
(-0.000888731 0.00203663 0)
(-0.00101878 0.00224929 0)
(-0.00114316 0.00248345 0)
(-0.00129922 0.00274663 0)
(-0.00146048 0.003045 0)
(-0.00163995 0.00338303 0)
(-0.00184585 0.00377311 0)
(-0.002053 0.00421493 0)
(-0.00232231 0.00472855 0)
(-0.00257574 0.00530902 0)
(-0.00290326 0.00598298 0)
(-0.0032306 0.00674528 0)
(-0.00362559 0.00761636 0)
(-0.00406307 0.00860752 0)
(-0.00453576 0.00972159 0)
(-0.00511202 0.010994 0)
(-0.00569807 0.0124111 0)
(-0.00642822 0.0140246 0)
(-0.00718782 0.0158209 0)
(-0.00809801 0.0178529 0)
(-0.0090634 0.020121 0)
(-0.0102144 0.0226769 0)
(-0.011434 0.0255276 0)
(-0.0128563 0.0287255 0)
(-0.014458 0.0323221 0)
(-0.0161353 0.036286 0)
(-0.0182426 0.0408299 0)
(-0.0203251 0.0457727 0)
(-0.0228271 0.0513874 0)
(-0.0256878 0.0577319 0)
(-0.0285428 0.0645119 0)
(-0.0320421 0.0724163 0)
(-0.0358594 0.0813171 0)
(-0.0398835 0.0911613 0)
(-0.0444103 0.102169 0)
(-0.0495082 0.114442 0)
(-0.0551814 0.128158 0)
(-0.0614865 0.143511 0)
(-0.0685047 0.160692 0)
(-0.0762935 0.179854 0)
(-0.0849192 0.201206 0)
(-0.0944963 0.224943 0)
(-0.105156 0.251367 0)
(-0.117052 0.280764 0)
(-0.130321 0.313516 0)
(-0.145102 0.350004 0)
(-0.161585 0.390649 0)
(-0.179955 0.435908 0)
(-0.200409 0.486321 0)
(-0.223209 0.542433 0)
(-0.248655 0.604932 0)
(-0.27711 0.674565 0)
(-0.309062 0.752209 0)
(-0.344956 0.838853 0)
(-0.385435 0.93592 0)
(-0.431067 1.04481 0)
(-0.482511 1.16761 0)
(-0.540435 1.30678 0)
(-0.605038 1.4658 0)
(-0.675643 1.64889 0)
(-0.750904 1.86413 0)
(-0.824957 2.12107 0)
(-0.880064 2.43371 0)
(-0.900791 2.82118 0)
(-0.774181 3.30953 0)
(-0.356786 3.72796 0)
(-1.07962e-06 6.12781e-05 0)
(-2.77138e-06 0.000127766 0)
(-6.93708e-06 0.000200606 0)
(-1.41106e-05 0.000255717 0)
(-2.25195e-05 0.000296224 0)
(-3.14849e-05 0.000319191 0)
(-4.09068e-05 0.00032492 0)
(-5.05468e-05 0.000313371 0)
(-5.97823e-05 0.000287245 0)
(-6.79957e-05 0.000248482 0)
(-7.54549e-05 0.000200195 0)
(-8.17501e-05 0.000146521 0)
(-8.70167e-05 9.0177e-05 0)
(-9.03248e-05 3.60662e-05 0)
(-9.19656e-05 -1.25636e-05 0)
(-9.28882e-05 -5.27013e-05 0)
(-9.3176e-05 -8.05931e-05 0)
(-9.26837e-05 -9.45402e-05 0)
(-9.2342e-05 -9.25012e-05 0)
(-9.26061e-05 -7.38426e-05 0)
(-9.35207e-05 -3.71989e-05 0)
(-9.53646e-05 1.60855e-05 0)
(-9.91918e-05 8.69735e-05 0)
(-0.000106011 0.000172547 0)
(-0.000116654 0.000272996 0)
(-0.000130925 0.000385033 0)
(-0.000149438 0.000508902 0)
(-0.000171575 0.000641044 0)
(-0.000203194 0.000782033 0)
(-0.00023026 0.000927539 0)
(-0.00028135 0.00108092 0)
(-0.000311171 0.00123677 0)
(-0.000377499 0.00140031 0)
(-0.000421516 0.00156979 0)
(-0.000493595 0.00174596 0)
(-0.000568693 0.00193656 0)
(-0.000638714 0.00213789 0)
(-0.00074647 0.00236281 0)
(-0.00081457 0.00260595 0)
(-0.000955531 0.0028844 0)
(-0.00104012 0.00319402 0)
(-0.00120182 0.00354978 0)
(-0.00132377 0.00395705 0)
(-0.00148756 0.00441985 0)
(-0.00168512 0.00495854 0)
(-0.00184405 0.00556465 0)
(-0.00212484 0.00627263 0)
(-0.00230167 0.00706378 0)
(-0.00265535 0.00798004 0)
(-0.00290627 0.00900965 0)
(-0.00330048 0.0101786 0)
(-0.00368966 0.0115068 0)
(-0.00410451 0.0129858 0)
(-0.00468477 0.0146791 0)
(-0.00514362 0.0165456 0)
(-0.00591889 0.0186838 0)
(-0.00649128 0.0210393 0)
(-0.00743543 0.0237191 0)
(-0.00823572 0.0266901 0)
(-0.00931059 0.0300287 0)
(-0.0104602 0.0337825 0)
(-0.0116441 0.0379194 0)
(-0.0132473 0.0426698 0)
(-0.0146009 0.0477925 0)
(-0.0166785 0.0537727 0)
(-0.0184112 0.0601455 0)
(-0.0209097 0.0675741 0)
(-0.0233022 0.0754758 0)
(-0.026038 0.0844937 0)
(-0.0290083 0.0949778 0)
(-0.0322978 0.106499 0)
(-0.0360017 0.119333 0)
(-0.0400611 0.133586 0)
(-0.0445256 0.149454 0)
(-0.0494955 0.16715 0)
(-0.0550336 0.186924 0)
(-0.0612109 0.208985 0)
(-0.0681001 0.233615 0)
(-0.0757874 0.261078 0)
(-0.0843671 0.291698 0)
(-0.0939268 0.325804 0)
(-0.104587 0.363778 0)
(-0.116487 0.406036 0)
(-0.129767 0.453086 0)
(-0.144594 0.505446 0)
(-0.161146 0.56377 0)
(-0.179644 0.628747 0)
(-0.200367 0.701196 0)
(-0.223624 0.782049 0)
(-0.249744 0.872473 0)
(-0.279072 0.973635 0)
(-0.31199 1.08734 0)
(-0.348809 1.21529 0)
(-0.38962 1.3598 0)
(-0.433975 1.52333 0)
(-0.481153 1.71007 0)
(-0.527388 1.92357 0)
(-0.56657 2.16796 0)
(-0.582771 2.44824 0)
(-0.559185 2.7633 0)
(-0.415312 3.11037 0)
(-0.147037 3.60039 0)
(-5.55171e-07 6.1528e-05 0)
(-1.11021e-06 0.000130742 0)
(-3.76215e-06 0.000205524 0)
(-8.76833e-06 0.000262583 0)
(-1.401e-05 0.000303961 0)
(-1.93674e-05 0.000327551 0)
(-2.49707e-05 0.000332999 0)
(-3.08361e-05 0.000321461 0)
(-3.63183e-05 0.00029455 0)
(-4.13346e-05 0.000255004 0)
(-4.54649e-05 0.000205826 0)
(-4.95306e-05 0.000150773 0)
(-5.25621e-05 9.36862e-05 0)
(-5.43367e-05 3.85352e-05 0)
(-5.53547e-05 -1.12386e-05 0)
(-5.59017e-05 -5.21294e-05 0)
(-5.5975e-05 -8.09864e-05 0)
(-5.59043e-05 -9.53929e-05 0)
(-5.57408e-05 -9.36118e-05 0)
(-5.58223e-05 -7.4164e-05 0)
(-5.6451e-05 -3.6803e-05 0)
(-5.73263e-05 1.86853e-05 0)
(-5.93467e-05 9.07401e-05 0)
(-6.383e-05 0.000178925 0)
(-7.03136e-05 0.000281501 0)
(-7.89827e-05 0.000397645 0)
(-8.95852e-05 0.000524643 0)
(-0.000103567 0.000661483 0)
(-0.000122073 0.000805639 0)
(-0.000134009 0.000956829 0)
(-0.000178611 0.00111572 0)
(-0.000175713 0.00127714 0)
(-0.000242437 0.00144579 0)
(-0.000237951 0.00161935 0)
(-0.000312608 0.00180258 0)
(-0.00033309 0.00199822 0)
(-0.000386976 0.00220641 0)
(-0.000459737 0.00243867 0)
(-0.000471826 0.00268872 0)
(-0.000603325 0.00297674 0)
(-0.000596701 0.00329447 0)
(-0.000757496 0.00366402 0)
(-0.000770433 0.0040814 0)
(-0.000914055 0.00455963 0)
(-0.00101633 0.00511433 0)
(-0.001093 0.00573733 0)
(-0.00132268 0.00646845 0)
(-0.00132884 0.00727896 0)
(-0.00167235 0.00822785 0)
(-0.00168149 0.00928066 0)
(-0.00204712 0.0104908 0)
(-0.00219524 0.0118533 0)
(-0.00246829 0.0133764 0)
(-0.00287379 0.0151236 0)
(-0.00301631 0.0170385 0)
(-0.0036879 0.0192488 0)
(-0.00377644 0.0216646 0)
(-0.00463305 0.0244282 0)
(-0.00482938 0.0274781 0)
(-0.0057278 0.0309207 0)
(-0.00626739 0.0347721 0)
(-0.00697104 0.0390303 0)
(-0.00817831 0.0439399 0)
(-0.00851561 0.0491382 0)
(-0.0103912 0.0554222 0)
(-0.0108608 0.0618545 0)
(-0.0127042 0.0695683 0)
(-0.0142595 0.077881 0)
(-0.0160276 0.0870441 0)
(-0.0179171 0.0975026 0)
(-0.0197174 0.109053 0)
(-0.0219515 0.122132 0)
(-0.024507 0.136814 0)
(-0.0272695 0.153221 0)
(-0.0302556 0.171533 0)
(-0.0335298 0.19194 0)
(-0.0371299 0.214651 0)
(-0.0411116 0.239915 0)
(-0.0455641 0.268016 0)
(-0.0505775 0.299298 0)
(-0.056241 0.33414 0)
(-0.0626246 0.372968 0)
(-0.0698086 0.41624 0)
(-0.0778844 0.464463 0)
(-0.0869178 0.518194 0)
(-0.0970124 0.578063 0)
(-0.108314 0.64478 0)
(-0.120973 0.71919 0)
(-0.135162 0.802267 0)
(-0.151108 0.895157 0)
(-0.168969 0.999189 0)
(-0.188932 1.11581 0)
(-0.211146 1.2468 0)
(-0.235524 1.39416 0)
(-0.261792 1.56031 0)
(-0.288695 1.74717 0)
(-0.313826 1.95664 0)
(-0.332594 2.18961 0)
(-0.337258 2.44407 0)
(-0.315166 2.71527 0)
(-0.255519 2.95902 0)
(-0.138956 3.2209 0)
(-9.64982e-07 0.000209258 0)
(-3.01113e-06 0.000266509 0)
(-5.40916e-06 0.000307728 0)
(-7.513e-06 0.000331261 0)
(-9.1757e-06 0.000336884 0)
(-1.09277e-05 0.000325164 0)
(-1.26077e-05 0.000298144 0)
(-1.38761e-05 0.00025814 0)
(-1.5239e-05 0.000208602 0)
(-1.62969e-05 0.000153036 0)
(-1.74025e-05 9.54513e-05 0)
(-1.79509e-05 3.96473e-05 0)
(-1.81845e-05 -1.07856e-05 0)
(-1.84563e-05 -5.21116e-05 0)
(-1.86814e-05 -8.12808e-05 0)
(-1.86039e-05 -9.5873e-05 0)
(-1.84326e-05 -9.39633e-05 0)
(-1.84509e-05 -7.43964e-05 0)
(-1.82889e-05 -3.64404e-05 0)
(-1.84677e-05 1.92601e-05 0)
(-1.92277e-05 9.2406e-05 0)
(-2.05359e-05 0.000181655 0)
(-2.25241e-05 0.000286257 0)
(-2.52398e-05 0.000403894 0)
(-2.86632e-05 0.000533113 0)
(-3.31665e-05 0.000671698 0)
(-3.97964e-05 0.000817557 0)
(-4.27626e-05 0.000972755 0)
(-6.72888e-05 0.00113004 0)
(-3.0828e-05 0.00129609 0)
(-0.000111947 0.00146681 0)
(-3.69419e-05 0.00164296 0)
(-0.000138913 0.00183213 0)
(-7.84968e-05 0.00202629 0)
(-0.000140865 0.00224456 0)
(-0.000159366 0.00247256 0)
(-0.000117672 0.00273368 0)
(-0.000264579 0.00302018 0)
(-0.000107008 0.00334559 0)
(-0.000350626 0.00372108 0)
(-0.000157508 0.00413766 0)
(-0.000372325 0.00463419 0)
(-0.000306754 0.00518132 0)
(-0.000327287 0.00582999 0)
(-0.000536485 0.00655575 0)
(-0.000265837 0.00738812 0)
(-0.000772844 0.00834841 0)
(-0.000300839 0.00940634 0)
(-0.000906867 0.0106567 0)
(-0.0005477 0.0120026 0)
(-0.000864085 0.0135932 0)
(-0.00104681 0.015318 0)
(-0.000702834 0.0173019 0)
(-0.00166493 0.0195175 0)
(-0.000667928 0.0219697 0)
(-0.00212045 0.0247955 0)
(-0.00107614 0.0278433 0)
(-0.00220272 0.0313902 0)
(-0.00202212 0.0352401 0)
(-0.00201711 0.0395933 0)
(-0.00330838 0.0445692 0)
(-0.00186149 0.0497666 0)
(-0.004675 0.0563468 0)
(-0.00207711 0.0623955 0)
(-0.00559402 0.0711467 0)
(-0.00355141 0.0783536 0)
(-0.00518864 0.0884944 0)
(-0.00724334 0.0993681 0)
(-0.00761452 0.111164 0)
(-0.00803275 0.124209 0)
(-0.00863534 0.138832 0)
(-0.00933532 0.155162 0)
(-0.0101537 0.173389 0)
(-0.0111153 0.193747 0)
(-0.0122201 0.21655 0)
(-0.0134716 0.242092 0)
(-0.0148934 0.270655 0)
(-0.0165241 0.302528 0)
(-0.0183892 0.338042 0)
(-0.0205154 0.37757 0)
(-0.0229198 0.421552 0)
(-0.0256114 0.470483 0)
(-0.0286194 0.524937 0)
(-0.031985 0.58556 0)
(-0.0357615 0.653119 0)
(-0.040031 0.728475 0)
(-0.0448731 0.812646 0)
(-0.0503451 0.906761 0)
(-0.0565219 1.01215 0)
(-0.0634475 1.13027 0)
(-0.0711723 1.26283 0)
(-0.0796719 1.41157 0)
(-0.0887533 1.57834 0)
(-0.0979621 1.76476 0)
(-0.106473 1.97175 0)
(-0.112472 2.19838 0)
(-0.114062 2.44077 0)
(-0.10253 2.6899 0)
(-0.0871189 2.93668 0)
(-0.0720395 2.98227 0)
(-4.08159e-06 7.80618e-06 0)
(-1.48758e-05 4.42519e-06 0)
(-3.39354e-05 8.34005e-06 0)
(-5.78838e-05 1.16082e-05 0)
(-8.43331e-05 1.37395e-05 0)
(-0.000112752 1.55531e-05 0)
(-0.000140911 1.54986e-05 0)
(-0.000167074 1.37382e-05 0)
(-0.000188392 1.08762e-05 0)
(-0.000202643 6.31893e-06 0)
(-0.000207925 -5.75553e-07 0)
(-0.000202652 -6.89068e-06 0)
(-0.000188312 -1.19376e-05 0)
(-0.000167254 -1.67868e-05 0)
(-0.000140348 -2.20494e-05 0)
(-0.00010792 -2.591e-05 0)
(-7.16565e-05 -2.78287e-05 0)
(-3.41132e-05 -2.72252e-05 0)
(2.47793e-06 -2.46651e-05 0)
(3.62028e-05 -2.06314e-05 0)
(6.56144e-05 -1.62397e-05 0)
(8.98613e-05 -1.14701e-05 0)
(0.000107608 -6.47859e-06 0)
(0.00012018 -3.09447e-06 0)
(0.000127787 -2.82438e-06 0)
(0.0001346 -4.01783e-06 0)
(0.000134823 -8.81315e-06 0)
(0.000153867 -1.75895e-05 0)
(0.000164339 -2.89056e-05 0)
(0.000185943 -3.83292e-05 0)
(0.000210041 -4.56998e-05 0)
(0.000237991 -4.99699e-05 0)
(0.000270075 -5.24091e-05 0)
(0.000300675 -5.33346e-05 0)
(0.000343712 -5.39625e-05 0)
(0.000373381 -5.37048e-05 0)
(0.000417336 -5.68056e-05 0)
(0.000457741 -5.6703e-05 0)
(0.000481977 -4.22369e-05 0)
(0.000484879 -1.52191e-05 0)
(0.000472698 9.58136e-06 0)
(0.000444828 1.61071e-05 0)
(0.000412455 4.96259e-06 0)
(0.000370942 -2.22108e-05 0)
(0.000331932 -4.97827e-05 0)
(0.00030884 -6.992e-05 0)
(0.000232125 -7.51899e-05 0)
(0.000177201 -7.05988e-05 0)
(4.88779e-05 -6.86364e-05 0)
(-0.000127552 -5.79823e-05 0)
(-0.000378707 -4.23571e-05 0)
(-0.00073541 -8.57879e-06 0)
(-0.00116087 8.21872e-06 0)
(-0.00170581 1.82629e-05 0)
(-0.00230136 2.14488e-05 0)
(-0.00302046 2.39994e-05 0)
(-0.00382453 3.9505e-05 0)
(-0.00472457 5.9053e-05 0)
(-0.00584629 0.000211751 0)
(-0.00706238 0.000238737 0)
(-0.00856587 0.000295782 0)
(-0.0102063 0.000333077 0)
(-0.0121143 0.000451005 0)
(-0.0145782 0.000712015 0)
(-0.0173126 0.000872383 0)
(-0.0201351 0.00121671 0)
(-0.0251912 0.00177951 0)
(-0.0274294 0.00147498 0)
(-0.0325114 0.001184 0)
(-0.0369567 0.00131059 0)
(-0.0411405 -0.000549697 0)
(-0.0469245 -9.16291e-05 0)
(-0.0532334 0.00318297 0)
(-0.0631142 0.00648265 0)
(-0.0746881 0.00710901 0)
(-0.0882548 0.00806412 0)
(-0.103404 0.00855738 0)
(-0.120302 0.00900147 0)
(-0.139462 0.0100243 0)
(-0.160844 0.0107591 0)
(-0.184685 0.0114257 0)
(-0.21142 0.0128608 0)
(-0.241727 0.0150356 0)
(-0.276393 0.0177909 0)
(-0.316027 0.0209153 0)
(-0.361411 0.0245053 0)
(-0.413433 0.0285831 0)
(-0.472603 0.0324969 0)
(-0.538625 0.0357932 0)
(-0.610914 0.0388635 0)
(-0.690008 0.041971 0)
(-0.772527 0.0451128 0)
(-0.865071 0.0493394 0)
(-0.968278 0.0495369 0)
(-1.06348 0.0447325 0)
(-1.1742 0.0449431 0)
(-1.28319 0.0490915 0)
(-1.39584 0.0500361 0)
(-1.5081 0.0481926 0)
(-1.61342 0.0444357 0)
(-1.70579 0.0381451 0)
(-1.7791 0.0291565 0)
(-6.64906e-06 5.63297e-06 0)
(-5.39743e-06 2.90749e-05 0)
(-3.06656e-05 3.94597e-05 0)
(-6.21028e-05 3.66697e-05 0)
(-8.65443e-05 4.41466e-05 0)
(-0.000113989 3.72551e-05 0)
(-0.000141562 3.91036e-05 0)
(-0.000167125 3.32806e-05 0)
(-0.000190503 2.43391e-05 0)
(-0.000210058 1.43699e-05 0)
(-0.000222657 -2.06357e-06 0)
(-0.000226541 -1.51993e-05 0)
(-0.000225493 -2.32837e-05 0)
(-0.000221278 -3.05183e-05 0)
(-0.000211613 -3.80842e-05 0)
(-0.000195866 -4.38881e-05 0)
(-0.000175857 -4.78674e-05 0)
(-0.000153761 -4.92309e-05 0)
(-0.000131096 -4.80662e-05 0)
(-0.000108774 -4.47566e-05 0)
(-8.76886e-05 -4.05747e-05 0)
(-6.82836e-05 -3.48769e-05 0)
(-5.33498e-05 -2.86381e-05 0)
(-4.30888e-05 -2.23244e-05 0)
(-3.68829e-05 -1.76222e-05 0)
(-3.4613e-05 -1.53113e-05 0)
(-3.85717e-05 -1.55086e-05 0)
(-4.7206e-05 -1.78911e-05 0)
(-5.89055e-05 -2.07463e-05 0)
(-7.36978e-05 -2.28259e-05 0)
(-9.27252e-05 -2.70319e-05 0)
(-0.000116564 -3.24901e-05 0)
(-0.000143828 -3.9561e-05 0)
(-0.000173826 -4.62092e-05 0)
(-0.000204435 -5.31287e-05 0)
(-0.000237416 -5.74572e-05 0)
(-0.000268478 -6.41711e-05 0)
(-0.000295594 -6.4766e-05 0)
(-0.000320537 -6.21058e-05 0)
(-0.000352665 -5.84293e-05 0)
(-0.000398964 -5.0489e-05 0)
(-0.000457182 -3.70862e-05 0)
(-0.000539577 -2.30936e-05 0)
(-0.000591335 -1.43138e-05 0)
(-0.000714272 -4.61287e-06 0)
(-0.000777145 2.10673e-05 0)
(-0.000977951 5.54911e-05 0)
(-0.00106267 0.000105138 0)
(-0.0013003 0.000177727 0)
(-0.00148529 0.000286043 0)
(-0.00172047 0.000404762 0)
(-0.00206674 0.000530103 0)
(-0.00233997 0.000677039 0)
(-0.0029212 0.000804995 0)
(-0.00333717 0.000965536 0)
(-0.00412137 0.00110786 0)
(-0.00479174 0.00129028 0)
(-0.00576183 0.00147206 0)
(-0.00686018 0.00168987 0)
(-0.00780378 0.0019672 0)
(-0.00960559 0.00222695 0)
(-0.0106575 0.0026515 0)
(-0.0130751 0.00303199 0)
(-0.0150574 0.00356924 0)
(-0.0172435 0.00412012 0)
(-0.0204611 0.00465575 0)
(-0.02314 0.00531445 0)
(-0.026413 0.0057219 0)
(-0.0306056 0.00661637 0)
(-0.0381349 0.00735144 0)
(-0.0439986 0.00910231 0)
(-0.0514957 0.0114159 0)
(-0.0634909 0.0105403 0)
(-0.0707394 0.0145213 0)
(-0.0799725 0.0169235 0)
(-0.0908358 0.0192837 0)
(-0.103012 0.0221529 0)
(-0.117043 0.0254833 0)
(-0.133374 0.0291025 0)
(-0.152136 0.0330233 0)
(-0.173886 0.0375335 0)
(-0.199365 0.0428161 0)
(-0.228988 0.0489639 0)
(-0.263134 0.0559924 0)
(-0.30187 0.0638784 0)
(-0.346158 0.0727213 0)
(-0.3949 0.0826849 0)
(-0.45015 0.0931353 0)
(-0.512165 0.103536 0)
(-0.582693 0.113534 0)
(-0.66038 0.122619 0)
(-0.745289 0.132818 0)
(-0.844126 0.147487 0)
(-0.950462 0.160115 0)
(-1.07148 0.166767 0)
(-1.21247 0.17461 0)
(-1.33489 0.183332 0)
(-1.48277 0.18597 0)
(-1.62478 0.179416 0)
(-1.75135 0.162738 0)
(-1.85925 0.135625 0)
(-1.94291 0.0998268 0)
(-4.14435e-06 1.78826e-05 0)
(-1.1199e-05 3.9391e-05 0)
(-2.77932e-05 5.63567e-05 0)
(-4.93079e-05 6.53638e-05 0)
(-8.06982e-05 7.1781e-05 0)
(-0.000111683 7.51685e-05 0)
(-0.000150435 7.26667e-05 0)
(-0.000174166 6.6037e-05 0)
(-0.000212145 5.26078e-05 0)
(-0.00022526 4.04741e-05 0)
(-0.000264805 2.08302e-05 0)
(-0.000300584 1.2138e-06 0)
(-0.000306139 -1.87019e-05 0)
(-0.000307632 -3.71457e-05 0)
(-0.000303504 -5.3584e-05 0)
(-0.000292422 -6.4628e-05 0)
(-0.000277407 -7.14276e-05 0)
(-0.000260733 -7.40752e-05 0)
(-0.000244707 -7.31024e-05 0)
(-0.000225643 -6.75551e-05 0)
(-0.000216614 -5.74875e-05 0)
(-0.000212021 -4.63378e-05 0)
(-0.000214264 -2.64803e-05 0)
(-0.000224497 -2.34581e-05 0)
(-0.000244242 -6.74659e-06 0)
(-0.000274173 4.35033e-06 0)
(-0.000316386 1.41165e-05 0)
(-0.000369395 6.23014e-06 0)
(-0.00043348 9.32488e-06 0)
(-0.000511759 1.50382e-05 0)
(-0.000605579 2.42742e-05 0)
(-0.000713253 3.30459e-05 0)
(-0.000832916 3.89662e-05 0)
(-0.000964619 4.58057e-05 0)
(-0.00110819 4.90349e-05 0)
(-0.00126473 5.98416e-05 0)
(-0.00143279 5.17679e-05 0)
(-0.00161623 6.06487e-05 0)
(-0.00181432 0.000107397 0)
(-0.00202212 0.000158579 0)
(-0.00224318 0.000199892 0)
(-0.00249332 0.000229663 0)
(-0.00278764 0.000256718 0)
(-0.00311805 0.000281918 0)
(-0.00348072 0.00030948 0)
(-0.00388464 0.000343821 0)
(-0.00433846 0.000391552 0)
(-0.0048504 0.000457554 0)
(-0.00543106 0.000544139 0)
(-0.0060738 0.000653311 0)
(-0.00677885 0.000802647 0)
(-0.00757115 0.000984138 0)
(-0.00847545 0.00118783 0)
(-0.00951269 0.00140534 0)
(-0.0107002 0.00164267 0)
(-0.0120627 0.00190713 0)
(-0.0136184 0.00220857 0)
(-0.0153823 0.00255747 0)
(-0.0173775 0.00295481 0)
(-0.0196237 0.0034333 0)
(-0.0221576 0.00398825 0)
(-0.0250112 0.00464968 0)
(-0.028206 0.00545168 0)
(-0.0317983 0.00633054 0)
(-0.0358107 0.00725597 0)
(-0.0403859 0.00822144 0)
(-0.0454611 0.00920195 0)
(-0.0512802 0.0104275 0)
(-0.0585061 0.0131805 0)
(-0.0660427 0.0150272 0)
(-0.0743966 0.0170437 0)
(-0.083912 0.019641 0)
(-0.0946869 0.0225201 0)
(-0.106991 0.0255975 0)
(-0.120588 0.028903 0)
(-0.13556 0.0326785 0)
(-0.152304 0.0370232 0)
(-0.171308 0.0419659 0)
(-0.192969 0.0476873 0)
(-0.217644 0.0543898 0)
(-0.245764 0.062216 0)
(-0.277721 0.0712942 0)
(-0.313711 0.0817437 0)
(-0.354132 0.0934737 0)
(-0.398825 0.106208 0)
(-0.448364 0.120366 0)
(-0.502725 0.136753 0)
(-0.565131 0.15469 0)
(-0.636478 0.173695 0)
(-0.71598 0.193073 0)
(-0.804009 0.210741 0)
(-0.904806 0.232012 0)
(-1.02072 0.259067 0)
(-1.13422 0.284346 0)
(-1.27216 0.305857 0)
(-1.41093 0.321753 0)
(-1.54612 0.330171 0)
(-1.68641 0.328658 0)
(-1.82415 0.313884 0)
(-1.95287 0.282002 0)
(-2.0655 0.231267 0)
(-2.15184 0.162821 0)
(-3.88056e-06 2.01591e-05 0)
(-9.77912e-06 5.31454e-05 0)
(-2.45908e-05 7.83024e-05 0)
(-5.18944e-05 9.25489e-05 0)
(-7.41193e-05 0.000107183 0)
(-0.000115981 0.000104661 0)
(-0.00013934 0.000109528 0)
(-0.000181782 8.23912e-05 0)
(-0.000212048 9.53941e-05 0)
(-0.000239897 6.79293e-05 0)
(-0.00026652 4.61783e-05 0)
(-0.000281961 2.55252e-05 0)
(-0.000298403 -1.41682e-06 0)
(-0.000312584 -2.79337e-05 0)
(-0.000323582 -4.96007e-05 0)
(-0.000329586 -6.61192e-05 0)
(-0.000326125 -7.58087e-05 0)
(-0.000325106 -8.09324e-05 0)
(-0.000316001 -7.7186e-05 0)
(-0.000313057 -6.91241e-05 0)
(-0.00030756 -5.5106e-05 0)
(-0.000307714 -3.71698e-05 0)
(-0.000311733 -1.41747e-05 0)
(-0.000326066 1.05934e-05 0)
(-0.000346742 3.58381e-05 0)
(-0.000393436 5.98647e-05 0)
(-0.000436565 8.31382e-05 0)
(-0.000509182 0.000104771 0)
(-0.000615835 0.000125093 0)
(-0.000721195 0.000144138 0)
(-0.000842972 0.000161761 0)
(-0.000977685 0.000180873 0)
(-0.00112285 0.000195047 0)
(-0.00128119 0.000213426 0)
(-0.00145301 0.000229604 0)
(-0.00164508 0.000249472 0)
(-0.00185268 0.000270802 0)
(-0.00209926 0.000296036 0)
(-0.00234058 0.000317476 0)
(-0.00261478 0.000365071 0)
(-0.00292633 0.000442859 0)
(-0.00328068 0.000536708 0)
(-0.00367286 0.000623107 0)
(-0.00414033 0.000649334 0)
(-0.00464749 0.000730415 0)
(-0.00525123 0.000851777 0)
(-0.00591001 0.000983156 0)
(-0.00666737 0.00116067 0)
(-0.00750817 0.00133673 0)
(-0.00841325 0.00151587 0)
(-0.00942413 0.00178784 0)
(-0.0105922 0.00214653 0)
(-0.0119247 0.00255706 0)
(-0.0134175 0.00300237 0)
(-0.0150864 0.00348577 0)
(-0.0169577 0.00401033 0)
(-0.0190646 0.00459699 0)
(-0.021422 0.00522116 0)
(-0.0240425 0.0059098 0)
(-0.0269728 0.00670645 0)
(-0.0302606 0.00760996 0)
(-0.0339386 0.00864427 0)
(-0.0380384 0.00982576 0)
(-0.042609 0.0111425 0)
(-0.0477332 0.0126343 0)
(-0.0535445 0.0143478 0)
(-0.0601818 0.0162819 0)
(-0.0677223 0.0185355 0)
(-0.0759793 0.0211635 0)
(-0.0849898 0.0240394 0)
(-0.0951971 0.0271824 0)
(-0.106676 0.0307786 0)
(-0.119323 0.0352155 0)
(-0.133597 0.0402568 0)
(-0.14974 0.0456792 0)
(-0.167745 0.0517244 0)
(-0.187864 0.0586857 0)
(-0.21034 0.0665809 0)
(-0.235569 0.075515 0)
(-0.263964 0.085736 0)
(-0.296027 0.0974053 0)
(-0.332049 0.110599 0)
(-0.372517 0.125451 0)
(-0.417553 0.141746 0)
(-0.466593 0.158532 0)
(-0.521123 0.177475 0)
(-0.582183 0.200295 0)
(-0.648077 0.225929 0)
(-0.723282 0.253268 0)
(-0.798901 0.282263 0)
(-0.891065 0.3139 0)
(-1.00569 0.347694 0)
(-1.10702 0.380252 0)
(-1.22109 0.4106 0)
(-1.34495 0.44 0)
(-1.47702 0.462798 0)
(-1.61981 0.474167 0)
(-1.7717 0.474949 0)
(-1.92658 0.458836 0)
(-2.07751 0.417619 0)
(-2.21417 0.344713 0)
(-2.32 0.238328 0)
(-3.5608e-06 2.85125e-05 0)
(-1.1204e-05 6.33438e-05 0)
(-2.32489e-05 9.88315e-05 0)
(-4.9447e-05 0.000118083 0)
(-7.29787e-05 0.000135935 0)
(-0.000106907 0.000140865 0)
(-0.00013718 0.000140717 0)
(-0.00017016 0.000131941 0)
(-0.000206751 0.00011518 0)
(-0.000230398 9.51577e-05 0)
(-0.000254334 7.03318e-05 0)
(-0.000273015 4.21358e-05 0)
(-0.00029127 1.07948e-05 0)
(-0.00030126 -1.8204e-05 0)
(-0.000309149 -4.35186e-05 0)
(-0.000313857 -6.42759e-05 0)
(-0.000315467 -7.90354e-05 0)
(-0.000315124 -8.69909e-05 0)
(-0.000313834 -8.71229e-05 0)
(-0.000312788 -7.90993e-05 0)
(-0.000313342 -6.35603e-05 0)
(-0.00031758 -4.09633e-05 0)
(-0.000327028 -1.32168e-05 0)
(-0.000343061 1.81755e-05 0)
(-0.000369459 5.39182e-05 0)
(-0.000404636 9.27113e-05 0)
(-0.000459971 0.00013269 0)
(-0.000522004 0.000176109 0)
(-0.000610612 0.000220025 0)
(-0.000706251 0.00025759 0)
(-0.000841148 0.000292948 0)
(-0.000979516 0.000326869 0)
(-0.00112252 0.00035865 0)
(-0.00136953 0.00040006 0)
(-0.0014776 0.000427939 0)
(-0.00183903 0.000486172 0)
(-0.00195111 0.000514016 0)
(-0.00236648 0.000588368 0)
(-0.00258637 0.000636547 0)
(-0.00296192 0.000724447 0)
(-0.00340401 0.000840008 0)
(-0.00364354 0.000926587 0)
(-0.00431861 0.00112785 0)
(-0.00449118 0.00120223 0)
(-0.0054005 0.00147984 0)
(-0.00572993 0.00158539 0)
(-0.00665122 0.00186674 0)
(-0.00742483 0.00211598 0)
(-0.00821073 0.00240313 0)
(-0.00952311 0.00273867 0)
(-0.0107809 0.00312597 0)
(-0.0120862 0.00355978 0)
(-0.0135156 0.00404658 0)
(-0.0150438 0.00459984 0)
(-0.0167071 0.00522367 0)
(-0.0185351 0.00593423 0)
(-0.0206153 0.00672066 0)
(-0.022968 0.00761381 0)
(-0.0255656 0.00864442 0)
(-0.0284948 0.00980608 0)
(-0.0318208 0.0111218 0)
(-0.0355814 0.0126028 0)
(-0.0398346 0.0142925 0)
(-0.0446256 0.0162154 0)
(-0.0500711 0.0183726 0)
(-0.0561013 0.0207736 0)
(-0.0627955 0.0235049 0)
(-0.0704153 0.0266935 0)
(-0.0789487 0.0304376 0)
(-0.0885343 0.0345937 0)
(-0.0994494 0.0392512 0)
(-0.111458 0.0446477 0)
(-0.124988 0.050643 0)
(-0.140806 0.0570687 0)
(-0.157838 0.063697 0)
(-0.176288 0.07119 0)
(-0.197033 0.0800895 0)
(-0.220133 0.0905644 0)
(-0.246841 0.102739 0)
(-0.276334 0.116706 0)
(-0.308968 0.132484 0)
(-0.344691 0.150243 0)
(-0.384978 0.169875 0)
(-0.427369 0.190771 0)
(-0.473786 0.213575 0)
(-0.534987 0.239237 0)
(-0.593427 0.267406 0)
(-0.658544 0.297824 0)
(-0.73089 0.331091 0)
(-0.809895 0.368331 0)
(-0.895201 0.411127 0)
(-0.988345 0.45424 0)
(-1.09384 0.493295 0)
(-1.21344 0.531999 0)
(-1.34551 0.570541 0)
(-1.48942 0.604372 0)
(-1.64652 0.629158 0)
(-1.81681 0.639279 0)
(-1.99768 0.626705 0)
(-2.18245 0.578912 0)
(-2.35815 0.481694 0)
(-2.50455 0.329746 0)
(-3.42822e-06 3.3938e-05 0)
(-1.01954e-05 7.53563e-05 0)
(-2.26225e-05 0.000116035 0)
(-4.47416e-05 0.000143565 0)
(-6.91133e-05 0.000164635 0)
(-0.000100141 0.000172597 0)
(-0.000129258 0.000173277 0)
(-0.000162153 0.00016236 0)
(-0.000192375 0.000145394 0)
(-0.000217441 0.000121865 0)
(-0.000242876 9.12205e-05 0)
(-0.000261022 5.86851e-05 0)
(-0.000277633 2.47551e-05 0)
(-0.000286138 -7.31549e-06 0)
(-0.000292557 -3.59731e-05 0)
(-0.00029574 -5.90114e-05 0)
(-0.000295924 -7.49936e-05 0)
(-0.00029419 -8.27407e-05 0)
(-0.000291895 -8.15624e-05 0)
(-0.000290444 -7.11714e-05 0)
(-0.000291283 -5.20326e-05 0)
(-0.000296114 -2.46285e-05 0)
(-0.000306634 1.03013e-05 0)
(-0.000324755 5.15443e-05 0)
(-0.000352732 9.80205e-05 0)
(-0.000392072 0.000149188 0)
(-0.000444581 0.00020351 0)
(-0.000510773 0.000260644 0)
(-0.000594373 0.000317885 0)
(-0.000689658 0.000373283 0)
(-0.000816933 0.000429932 0)
(-0.000939206 0.000484331 0)
(-0.00111333 0.000546183 0)
(-0.00129386 0.000605407 0)
(-0.00148918 0.000668922 0)
(-0.00174475 0.000739534 0)
(-0.00196756 0.000807843 0)
(-0.00229329 0.000899386 0)
(-0.00256753 0.000986154 0)
(-0.00294676 0.00111152 0)
(-0.0033057 0.00124268 0)
(-0.00371634 0.00140277 0)
(-0.00418111 0.00157635 0)
(-0.00464901 0.00176053 0)
(-0.00524753 0.00199452 0)
(-0.00582287 0.00223707 0)
(-0.0065535 0.0025592 0)
(-0.00730962 0.00290065 0)
(-0.00819075 0.00334388 0)
(-0.00911888 0.00387374 0)
(-0.0101891 0.00442275 0)
(-0.0113714 0.00496734 0)
(-0.0128328 0.00560562 0)
(-0.0143588 0.00629605 0)
(-0.0161561 0.0071107 0)
(-0.0181181 0.00797794 0)
(-0.0202515 0.00930951 0)
(-0.0229132 0.0102209 0)
(-0.0255804 0.0114889 0)
(-0.0288273 0.0131049 0)
(-0.0321836 0.0147804 0)
(-0.0362001 0.016827 0)
(-0.0405106 0.0190301 0)
(-0.0454183 0.0215705 0)
(-0.050835 0.0243703 0)
(-0.0569529 0.0275176 0)
(-0.0638509 0.0310633 0)
(-0.0715779 0.0351087 0)
(-0.0801672 0.0397291 0)
(-0.0896535 0.0449215 0)
(-0.10008 0.0507354 0)
(-0.111762 0.0574896 0)
(-0.126031 0.064687 0)
(-0.136572 0.0727847 0)
(-0.154277 0.0820573 0)
(-0.174603 0.09255 0)
(-0.196364 0.104296 0)
(-0.220296 0.117497 0)
(-0.246368 0.132266 0)
(-0.274112 0.148593 0)
(-0.30418 0.166639 0)
(-0.337513 0.186862 0)
(-0.370953 0.209352 0)
(-0.4097 0.234559 0)
(-0.455499 0.264016 0)
(-0.504628 0.296537 0)
(-0.559874 0.33044 0)
(-0.622746 0.367242 0)
(-0.693129 0.408033 0)
(-0.771274 0.452825 0)
(-0.85779 0.501425 0)
(-0.953115 0.552619 0)
(-1.05863 0.605868 0)
(-1.17685 0.661251 0)
(-1.31003 0.716646 0)
(-1.46015 0.767962 0)
(-1.6301 0.810057 0)
(-1.82158 0.835114 0)
(-2.03614 0.834702 0)
(-2.26945 0.789274 0)
(-2.51191 0.682536 0)
(-2.74464 0.491666 0)
(-3.47301e-06 3.96295e-05 0)
(-9.96976e-06 8.5818e-05 0)
(-2.09794e-05 0.00013334 0)
(-4.02695e-05 0.000166878 0)
(-6.38079e-05 0.000190764 0)
(-9.1177e-05 0.000202606 0)
(-0.000120338 0.000203529 0)
(-0.000148886 0.000194126 0)
(-0.0001792 0.000174008 0)
(-0.000203208 0.000146782 0)
(-0.000227832 0.000112312 0)
(-0.000243911 7.56238e-05 0)
(-0.000257411 3.73525e-05 0)
(-0.000267268 -2.8466e-08 0)
(-0.000273274 -3.32592e-05 0)
(-0.000275882 -6.02493e-05 0)
(-0.000275732 -7.89086e-05 0)
(-0.000273841 -8.87305e-05 0)
(-0.000271531 -8.79812e-05 0)
(-0.000270135 -7.69481e-05 0)
(-0.000271137 -5.49909e-05 0)
(-0.000275985 -2.32172e-05 0)
(-0.000286379 1.85111e-05 0)
(-0.000304175 6.81639e-05 0)
(-0.000331249 0.000125455 0)
(-0.000369031 0.000188442 0)
(-0.000418959 0.000256944 0)
(-0.000482263 0.000328723 0)
(-0.000560407 0.000403124 0)
(-0.000650763 0.000478276 0)
(-0.0007701 0.000555122 0)
(-0.000890714 0.000631912 0)
(-0.00105344 0.00071443 0)
(-0.00121299 0.000795723 0)
(-0.00141215 0.000883819 0)
(-0.00162414 0.000976607 0)
(-0.00185805 0.00107691 0)
(-0.00213175 0.00119224 0)
(-0.002406 0.00131638 0)
(-0.00274535 0.00146776 0)
(-0.00307763 0.00163292 0)
(-0.00347621 0.00182871 0)
(-0.00389149 0.00204844 0)
(-0.00435744 0.00229921 0)
(-0.00489365 0.00259914 0)
(-0.00545526 0.00292952 0)
(-0.00613778 0.00332933 0)
(-0.00684638 0.00377138 0)
(-0.0076808 0.00429138 0)
(-0.00859547 0.00487461 0)
(-0.00959741 0.00550521 0)
(-0.0107583 0.00622017 0)
(-0.0120328 0.00702526 0)
(-0.0135296 0.00795399 0)
(-0.015146 0.0089747 0)
(-0.0170862 0.0101523 0)
(-0.0191773 0.011482 0)
(-0.0214644 0.0129674 0)
(-0.0242203 0.014674 0)
(-0.0271432 0.0165041 0)
(-0.0306649 0.0186889 0)
(-0.0342935 0.0210004 0)
(-0.0385915 0.0237428 0)
(-0.0432268 0.0267348 0)
(-0.0484819 0.0301485 0)
(-0.0542714 0.0339473 0)
(-0.0608006 0.0383034 0)
(-0.0680995 0.0432433 0)
(-0.0761954 0.0487799 0)
(-0.085201 0.0549827 0)
(-0.0951101 0.0619252 0)
(-0.106204 0.0694874 0)
(-0.118822 0.0780654 0)
(-0.132925 0.0879165 0)
(-0.148322 0.0995567 0)
(-0.164946 0.112517 0)
(-0.183313 0.126489 0)
(-0.20397 0.141671 0)
(-0.227158 0.158333 0)
(-0.253012 0.176768 0)
(-0.281749 0.197367 0)
(-0.313785 0.220295 0)
(-0.349552 0.246187 0)
(-0.389044 0.276148 0)
(-0.432161 0.310172 0)
(-0.479392 0.347285 0)
(-0.531699 0.387483 0)
(-0.590017 0.431733 0)
(-0.655047 0.480561 0)
(-0.727447 0.534021 0)
(-0.808094 0.592188 0)
(-0.898231 0.654824 0)
(-1 0.721184 0)
(-1.11638 0.790719 0)
(-1.2504 0.862613 0)
(-1.40579 0.934804 0)
(-1.58795 1.00287 0)
(-1.80247 1.05813 0)
(-2.05862 1.0889 0)
(-2.35527 1.06332 0)
(-2.70118 0.961707 0)
(-3.06077 0.743216 0)
(-3.0936e-06 4.77495e-05 0)
(-9.36372e-06 9.26495e-05 0)
(-1.89834e-05 0.000147695 0)
(-3.50849e-05 0.000188506 0)
(-5.61832e-05 0.000216463 0)
(-8.23612e-05 0.000229949 0)
(-0.000108242 0.000232168 0)
(-0.00013465 0.000222258 0)
(-0.00016039 0.000200851 0)
(-0.000184005 0.000170498 0)
(-0.00020453 0.000133312 0)
(-0.000221905 9.17808e-05 0)
(-0.000235607 4.89844e-05 0)
(-0.000245184 8.04502e-06 0)
(-0.000251057 -2.85159e-05 0)
(-0.000253463 -5.76481e-05 0)
(-0.000253612 -7.84331e-05 0)
(-0.00025203 -8.84282e-05 0)
(-0.000249901 -8.74846e-05 0)
(-0.000248725 -7.41049e-05 0)
(-0.000249815 -4.9132e-05 0)
(-0.000254434 -1.17242e-05 0)
(-0.000264403 3.60541e-05 0)
(-0.000281343 9.44531e-05 0)
(-0.000306888 0.000160822 0)
(-0.000341994 0.00023567 0)
(-0.000388395 0.00031583 0)
(-0.000447716 0.000401835 0)
(-0.000518063 0.000490299 0)
(-0.000607742 0.000582571 0)
(-0.000710154 0.000675719 0)
(-0.000830549 0.000772094 0)
(-0.000969358 0.000870956 0)
(-0.00112429 0.000973375 0)
(-0.00130144 0.00108182 0)
(-0.00149406 0.00119669 0)
(-0.00171455 0.00132192 0)
(-0.00195152 0.00145949 0)
(-0.00221739 0.00161403 0)
(-0.00250841 0.00178985 0)
(-0.00282585 0.00198994 0)
(-0.0031811 0.00222002 0)
(-0.00356269 0.00248217 0)
(-0.00399731 0.00278526 0)
(-0.00447033 0.00313164 0)
(-0.0050148 0.0035308 0)
(-0.00560746 0.00398792 0)
(-0.00628173 0.00451311 0)
(-0.00703058 0.00511403 0)
(-0.00786205 0.00579642 0)
(-0.00880095 0.00656957 0)
(-0.00983678 0.00743364 0)
(-0.0110461 0.00841476 0)
(-0.0123763 0.00950321 0)
(-0.013924 0.0107399 0)
(-0.0156239 0.0121191 0)
(-0.0175721 0.0137012 0)
(-0.0197314 0.0154439 0)
(-0.0221474 0.0173855 0)
(-0.0249663 0.0196302 0)
(-0.0279276 0.0220757 0)
(-0.0314455 0.0249311 0)
(-0.0352416 0.0280745 0)
(-0.0394613 0.0315748 0)
(-0.0442854 0.0355895 0)
(-0.0496398 0.0401055 0)
(-0.0554903 0.0451058 0)
(-0.0620697 0.0507722 0)
(-0.0694293 0.0571555 0)
(-0.0775778 0.064307 0)
(-0.0867666 0.0723315 0)
(-0.0970695 0.0811698 0)
(-0.108416 0.0911088 0)
(-0.121026 0.102365 0)
(-0.134999 0.115122 0)
(-0.150376 0.129298 0)
(-0.167332 0.144916 0)
(-0.186139 0.162252 0)
(-0.207059 0.181622 0)
(-0.230367 0.203273 0)
(-0.25638 0.227431 0)
(-0.285429 0.254363 0)
(-0.317835 0.284492 0)
(-0.353831 0.318251 0)
(-0.393547 0.355811 0)
(-0.437245 0.39727 0)
(-0.485588 0.4429 0)
(-0.539489 0.493167 0)
(-0.599726 0.548581 0)
(-0.667144 0.609601 0)
(-0.742737 0.676604 0)
(-0.828099 0.749823 0)
(-0.925428 0.829439 0)
(-1.03779 0.915892 0)
(-1.16891 1.00956 0)
(-1.32502 1.11002 0)
(-1.51415 1.21572 0)
(-1.74945 1.32091 0)
(-2.05302 1.41784 0)
(-2.4255 1.46986 0)
(-2.9372 1.38736 0)
(-3.48919 1.16385 0)
(-2.76463e-06 5.04706e-05 0)
(-7.58306e-06 0.00010295 0)
(-1.79106e-05 0.000160672 0)
(-3.31483e-05 0.000204748 0)
(-5.10806e-05 0.000237381 0)
(-7.18489e-05 0.000255661 0)
(-9.48967e-05 0.000258639 0)
(-0.000118821 0.000247802 0)
(-0.000142008 0.000224751 0)
(-0.000163121 0.000191993 0)
(-0.000181803 0.000151668 0)
(-0.000197502 0.000106829 0)
(-0.000209841 6.04811e-05 0)
(-0.000218832 1.59178e-05 0)
(-0.000224016 -2.40521e-05 0)
(-0.000226705 -5.65577e-05 0)
(-0.00022714 -7.98174e-05 0)
(-0.00022601 -9.13244e-05 0)
(-0.00022446 -9.0505e-05 0)
(-0.000223704 -7.59202e-05 0)
(-0.000224754 -4.79901e-05 0)
(-0.000229258 -6.52537e-06 0)
(-0.000238543 4.71871e-05 0)
(-0.000254265 0.000112766 0)
(-0.000277376 0.000188397 0)
(-0.000309344 0.000273363 0)
(-0.000351385 0.000365315 0)
(-0.000404608 0.000463771 0)
(-0.000470013 0.00056649 0)
(-0.000547986 0.000673598 0)
(-0.000642305 0.00078331 0)
(-0.000747715 0.000896503 0)
(-0.000873263 0.00101291 0)
(-0.00101223 0.00113447 0)
(-0.00116618 0.00126142 0)
(-0.00134492 0.00139696 0)
(-0.00153419 0.00154243 0)
(-0.001753 0.00170371 0)
(-0.00198461 0.00188269 0)
(-0.0022458 0.00208552 0)
(-0.00253258 0.00231584 0)
(-0.00284348 0.00257804 0)
(-0.00319635 0.0028808 0)
(-0.00357116 0.00322443 0)
(-0.00401185 0.00362335 0)
(-0.00448128 0.00407746 0)
(-0.00502436 0.00460293 0)
(-0.00561982 0.00520288 0)
(-0.0062853 0.00588647 0)
(-0.00704314 0.00666567 0)
(-0.00786984 0.00753693 0)
(-0.00883505 0.00852553 0)
(-0.00989168 0.00962871 0)
(-0.0111201 0.0108826 0)
(-0.0124645 0.0122838 0)
(-0.0140197 0.0138736 0)
(-0.015735 0.0156546 0)
(-0.017665 0.0176455 0)
(-0.0198796 0.0199056 0)
(-0.0222579 0.0223993 0)
(-0.025076 0.0252672 0)
(-0.0280861 0.0284154 0)
(-0.0314824 0.0319516 0)
(-0.0354197 0.0360191 0)
(-0.0395315 0.0403804 0)
(-0.0443348 0.0454425 0)
(-0.0496661 0.051135 0)
(-0.0554714 0.0574318 0)
(-0.0619891 0.0645592 0)
(-0.0692761 0.0725435 0)
(-0.0774065 0.0813939 0)
(-0.0864619 0.0914046 0)
(-0.0965321 0.102643 0)
(-0.107737 0.115215 0)
(-0.120151 0.129285 0)
(-0.133841 0.144988 0)
(-0.148953 0.162451 0)
(-0.16574 0.181854 0)
(-0.184472 0.203411 0)
(-0.205391 0.227363 0)
(-0.228714 0.254005 0)
(-0.254669 0.283693 0)
(-0.283521 0.316837 0)
(-0.315517 0.353871 0)
(-0.350898 0.39519 0)
(-0.390036 0.441083 0)
(-0.433522 0.491862 0)
(-0.482077 0.548012 0)
(-0.536462 0.610185 0)
(-0.597515 0.679012 0)
(-0.666359 0.755123 0)
(-0.744508 0.839266 0)
(-0.833939 0.932461 0)
(-0.937613 1.03604 0)
(-1.05928 1.15192 0)
(-1.20606 1.2824 0)
(-1.38635 1.43154 0)
(-1.62064 1.60277 0)
(-1.94528 1.80511 0)
(-2.38296 2.02934 0)
(-3.15368 2.2446 0)
(-4.15616 2.6591 0)
(-2.34458e-06 5.48992e-05 0)
(-6.56141e-06 0.000110406 0)
(-1.52021e-05 0.000172925 0)
(-2.86594e-05 0.000220791 0)
(-4.51291e-05 0.000256227 0)
(-6.3771e-05 0.000275742 0)
(-8.37847e-05 0.000279597 0)
(-0.000104136 0.000268562 0)
(-0.000123701 0.000244857 0)
(-0.000141718 0.000210041 0)
(-0.00015751 0.000167282 0)
(-0.000170877 0.000119706 0)
(-0.000181377 6.98903e-05 0)
(-0.000188733 2.21474e-05 0)
(-0.000193375 -2.09648e-05 0)
(-0.000195733 -5.60113e-05 0)
(-0.000196268 -8.0582e-05 0)
(-0.000195459 -9.31594e-05 0)
(-0.000194213 -9.18267e-05 0)
(-0.000193673 -7.5934e-05 0)
(-0.000195094 -4.51253e-05 0)
(-0.000199427 -1.58908e-07 0)
(-0.000207972 5.92194e-05 0)
(-0.000221978 0.000131071 0)
(-0.000242639 0.000214824 0)
(-0.00027095 0.000308069 0)
(-0.000308005 0.000410439 0)
(-0.000355265 0.000519379 0)
(-0.000411669 0.00063453 0)
(-0.000480717 0.000754388 0)
(-0.000564316 0.000878193 0)
(-0.000653902 0.00100496 0)
(-0.000766901 0.00113724 0)
(-0.000881205 0.00127355 0)
(-0.0010232 0.00141769 0)
(-0.0011716 0.00157053 0)
(-0.0013404 0.00173507 0)
(-0.00152848 0.00191563 0)
(-0.00172424 0.00211573 0)
(-0.00196142 0.00234345 0)
(-0.00219532 0.00259764 0)
(-0.00248373 0.00289237 0)
(-0.0027714 0.00322489 0)
(-0.00311572 0.00361179 0)
(-0.00348981 0.00405291 0)
(-0.00389692 0.00455956 0)
(-0.00438191 0.0051433 0)
(-0.00487094 0.00580283 0)
(-0.00548952 0.00656544 0)
(-0.00610773 0.00741617 0)
(-0.00686984 0.00839119 0)
(-0.00768609 0.00948272 0)
(-0.00860757 0.010717 0)
(-0.00969478 0.0121162 0)
(-0.0108234 0.0136694 0)
(-0.0122305 0.0154473 0)
(-0.0136557 0.0174004 0)
(-0.0154134 0.0196378 0)
(-0.017252 0.0221007 0)
(-0.0194047 0.0248965 0)
(-0.021806 0.0280235 0)
(-0.0243715 0.0314783 0)
(-0.0275326 0.0354931 0)
(-0.0305987 0.0397318 0)
(-0.034543 0.0448026 0)
(-0.0385048 0.0501933 0)
(-0.0431089 0.0563952 0)
(-0.0482352 0.0634063 0)
(-0.0538166 0.0711633 0)
(-0.0601236 0.0798932 0)
(-0.0671816 0.0896673 0)
(-0.0750004 0.10058 0)
(-0.0836811 0.112758 0)
(-0.0933278 0.126383 0)
(-0.104022 0.141635 0)
(-0.115864 0.158676 0)
(-0.128999 0.177636 0)
(-0.143607 0.198711 0)
(-0.159875 0.222141 0)
(-0.177985 0.248233 0)
(-0.198138 0.277317 0)
(-0.220559 0.309745 0)
(-0.245499 0.345919 0)
(-0.273221 0.38625 0)
(-0.304006 0.431138 0)
(-0.338204 0.480993 0)
(-0.376284 0.53628 0)
(-0.418829 0.597603 0)
(-0.466522 0.665719 0)
(-0.520168 0.741449 0)
(-0.580743 0.825718 0)
(-0.649536 0.91975 0)
(-0.72823 1.02506 0)
(-0.819099 1.14381 0)
(-0.925135 1.27924 0)
(-1.05071 1.43616 0)
(-1.20271 1.62275 0)
(-1.38964 1.85339 0)
(-1.65618 2.1489 0)
(-1.95843 2.59143 0)
(-2.97719 3.12904 0)
(-3.35475 4.58345 0)
(-1.82897 0.0196596 0)
(-1.85623 0.0137928 0)
(-1.86907 0.015771 0)
(-1.88664 0.0343047 0)
(-1.93436 0.0693351 0)
(-2.04009 0.121736 0)
(-2.22776 0.186242 0)
(-2.52161 0.279932 0)
(-2.92577 0.305885 0)
(-3.38506 0.194671 0)
(-3.91394 0.38048 0)
(-4.40794 0.298173 0)
(-4.88299 0.299521 0)
(-5.25161 0.11923 0)
(-5.44573 -0.0321726 0)
(-5.43043 -0.154411 0)
(-5.20603 -0.250758 0)
(-4.79816 -0.334964 0)
(-4.24841 -0.387903 0)
(-3.61941 -0.397719 0)
(-2.98558 -0.36522 0)
(-2.41051 -0.304531 0)
(-1.94354 -0.212414 0)
(-1.61975 -0.108798 0)
(-1.44968 -0.0097823 0)
(-1.41915 0.0740961 0)
(-1.50339 0.137022 0)
(-1.67493 0.175237 0)
(-1.90098 0.18753 0)
(-2.14517 0.177396 0)
(-2.37636 0.151065 0)
(-1.99779 0.060319 0)
(-2.01573 0.0262717 0)
(-2.00293 0.0125103 0)
(-1.97202 0.0329524 0)
(-1.93805 0.0896055 0)
(-1.93463 0.185175 0)
(-1.98839 0.314335 0)
(-2.12309 0.462445 0)
(-2.34477 0.608834 0)
(-2.67784 0.73008 0)
(-3.09669 0.778502 0)
(-3.57069 0.744642 0)
(-4.00747 0.632286 0)
(-4.35084 0.442169 0)
(-4.57862 0.165083 0)
(-4.65245 -0.128308 0)
(-4.5566 -0.416097 0)
(-4.29375 -0.667291 0)
(-3.90225 -0.84001 0)
(-3.44819 -0.906436 0)
(-3.00002 -0.879853 0)
(-2.607 -0.770291 0)
(-2.30313 -0.591441 0)
(-2.11047 -0.385471 0)
(-2.02722 -0.187153 0)
(-2.03524 -0.00944274 0)
(-2.11033 0.13933 0)
(-2.22919 0.245212 0)
(-2.36589 0.300233 0)
(-2.49401 0.310028 0)
(-2.59522 0.285694 0)
(-2.19402 0.0838732 0)
(-2.19482 0.00168512 0)
(-2.12822 -0.0526893 0)
(-2.00837 -0.044708 0)
(-1.8913 0.0237155 0)
(-1.78916 0.168716 0)
(-1.75701 0.37822 0)
(-1.81246 0.63556 0)
(-2.01071 0.890481 0)
(-2.35389 1.08561 0)
(-2.77729 1.22277 0)
(-3.29075 1.20611 0)
(-3.80504 1.06175 0)
(-4.28839 0.779996 0)
(-4.65938 0.334269 0)
(-4.81152 -0.0838406 0)
(-4.78139 -0.606403 0)
(-4.55726 -0.986458 0)
(-4.17631 -1.2241 0)
(-3.72334 -1.27678 0)
(-3.278 -1.19071 0)
(-2.92555 -1.00898 0)
(-2.64991 -0.729706 0)
(-2.50622 -0.407534 0)
(-2.47282 -0.116644 0)
(-2.52093 0.113548 0)
(-2.61467 0.291599 0)
(-2.74013 0.402293 0)
(-2.86529 0.42908 0)
(-2.95786 0.388788 0)
(-3.00561 0.309743 0)
(-2.37815 0.104253 0)
(-2.35159 -0.0453725 0)
(-2.26853 -0.179844 0)
(-2.0356 -0.197056 0)
(-1.84759 -0.145733 0)
(-1.62697 0.0629868 0)
(-1.53657 0.360652 0)
(-1.5495 0.765969 0)
(-1.7465 1.17878 0)
(-2.16156 1.5118 0)
(-2.69315 1.76987 0)
(-3.36846 1.81359 0)
(-4.05205 1.64394 0)
(-4.66615 1.23423 0)
(-5.13667 0.518716 0)
(-5.33254 -0.154463 0)
(-5.32145 -0.766099 0)
(-5.01909 -1.41599 0)
(-4.45724 -1.8361 0)
(-3.83409 -1.91841 0)
(-3.14299 -1.75153 0)
(-2.91914 -1.40688 0)
(-2.56719 -0.990586 0)
(-2.40699 -0.544556 0)
(-2.35085 -0.13593 0)
(-2.47875 0.186318 0)
(-2.60258 0.406975 0)
(-2.73157 0.537599 0)
(-2.90953 0.561938 0)
(-3.06483 0.491641 0)
(-3.14664 0.360006 0)
(-2.59525 0.113428 0)
(-2.53912 -0.141158 0)
(-2.41293 -0.399552 0)
(-2.01607 -0.443922 0)
(-1.70116 -0.404291 0)
(-1.33317 -0.157091 0)
(-1.06211 0.312813 0)
(-1.05941 0.837793 0)
(-1.18337 1.5739 0)
(-1.70417 2.03451 0)
(-2.38286 2.50473 0)
(-3.2265 2.66118 0)
(-4.24134 2.39339 0)
(-4.98998 2.12097 0)
(-5.67372 1.25689 0)
(-6.11258 0.3633 0)
(-5.67137 -0.900325 0)
(-5.16638 -1.76185 0)
(-4.48407 -2.1815 0)
(-3.70032 -2.37684 0)
(-2.95982 -2.18667 0)
(-2.33952 -1.7161 0)
(-1.92043 -1.2004 0)
(-1.73399 -0.633686 0)
(-1.79636 -0.0859744 0)
(-2.02246 0.32937 0)
(-2.32206 0.600215 0)
(-2.652 0.728504 0)
(-2.97702 0.719649 0)
(-3.23868 0.591613 0)
(-3.39819 0.391152 0)
(-2.898 0.162529 0)
(-2.88186 -0.311669 0)
(-2.57439 -0.726847 0)
(-2.11175 -0.911714 0)
(-1.55801 -0.837788 0)
(-1.03656 -0.540135 0)
(-0.654897 0.125731 0)
(-0.346597 0.910789 0)
(-0.688521 1.89409 0)
(-1.36263 2.81162 0)
(-2.21111 3.27826 0)
(-3.16083 3.55539 0)
(-4.15176 3.15699 0)
(-5.04079 2.27458 0)
(-5.77617 1.16183 0)
(-6.15603 -0.230767 0)
(-5.87719 -1.87346 0)
(-5.03533 -3.0563 0)
(-3.89539 -3.5153 0)
(-2.75173 -3.47567 0)
(-1.85081 -3.02026 0)
(-1.31821 -2.31437 0)
(-1.07796 -1.48229 0)
(-1.05661 -0.617712 0)
(-1.36533 0.149366 0)
(-1.82092 0.717883 0)
(-2.28669 1.05818 0)
(-2.76827 1.17371 0)
(-3.21766 1.09658 0)
(-3.55923 0.871991 0)
(-3.7531 0.55119 0)
(-3.44643 0.269441 0)
(-3.51586 -0.590465 0)
(-3.10807 -1.18609 0)
(-2.58122 -1.56505 0)
(-1.83269 -1.69909 0)
(-1.27618 -1.29675 0)
(-0.823964 -0.266028 0)
(-0.549715 1.02838 0)
(-0.534606 2.43844 0)
(-0.829361 3.78388 0)
(-1.45889 4.80137 0)
(-2.37718 5.36603 0)
(-3.39039 5.31477 0)
(-4.289 4.47563 0)
(-4.87636 2.56291 0)
(-5.31733 0.390852 0)
(-5.22959 -1.76696 0)
(-4.43601 -3.76084 0)
(-3.16735 -4.49056 0)
(-1.85812 -4.62732 0)
(-1.00233 -3.83143 0)
(-0.561518 -2.59398 0)
(-0.610203 -2.01207 0)
(-0.610802 -0.147792 0)
(-1.16023 0.661421 0)
(-1.81983 1.03827 0)
(-2.48757 1.67442 0)
(-3.14162 1.81589 0)
(-3.72189 1.64755 0)
(-4.15494 1.22074 0)
(-4.40925 0.692249 0)
(-4.31197 0.403832 0)
(-4.19619 -1.05892 0)
(-4.0797 -1.77017 0)
(-3.79366 -2.25982 0)
(-3.59279 -2.5385 0)
(-3.15748 -2.32508 0)
(-2.7224 -1.2821 0)
(-1.9342 0.147579 0)
(-1.4286 2.02696 0)
(-0.161773 3.22988 0)
(0.758019 4.17888 0)
(1.60942 4.46382 0)
(2.07783 4.15566 0)
(1.23264 3.86107 0)
(0.519175 2.96279 0)
(0.23896 0.148582 0)
(-0.212729 -2.70434 0)
(-0.542223 -4.93109 0)
(-0.476593 -5.61221 0)
(-0.373867 -5.3158 0)
(-0.445774 -4.27299 0)
(-0.568242 -2.80284 0)
(-1.19403 -1.43613 0)
(-1.87836 0.0116743 0)
(-2.50639 1.22912 0)
(-3.18852 1.92173 0)
(-3.88908 2.31264 0)
(-4.52337 2.35011 0)
(-5.02769 2.09882 0)
(-5.42984 1.60563 0)
(-5.72714 0.959087 0)
(-5.04346 0.785594 0)
(-5.1203 -1.15693 0)
(-7.04956 -1.55141 0)
(-6.72973 -1.44282 0)
(-9.55631 -0.872633 0)
(-9.93953 -0.941429 0)
(-9.6939 -0.896959 0)
(-6.75964 -1.21022 0)
(-5.3013 -0.507451 0)
(-3.16031 1.56276 0)
(-2.57239 3.04806 0)
(-2.097 3.60569 0)
(-1.55219 3.72108 0)
(0.403427 4.45405 0)
(0.824533 3.96339 0)
(-1.7033 2.1887 0)
(-5.11773 -0.391969 0)
(-4.03153 -3.89636 0)
(-3.75535 -6.36858 0)
(-5.12682 -5.46396 0)
(-6.16292 -4.12607 0)
(-6.50204 -2.5997 0)
(-6.59895 -0.963853 0)
(-6.22367 0.642945 0)
(-5.81496 1.96354 0)
(-5.38799 2.83185 0)
(-4.85677 3.1924 0)
(-4.25619 3.14274 0)
(-3.68215 2.74393 0)
(-3.2527 2.06163 0)
(-2.99546 1.17026 0)
(-5.01749 2.93046 0)
(-6.07024 1.59081 0)
(-4.39171 1.80769 0)
(-3.97429 1.32643 0)
(-8.58728 -2.0092 0)
(-7.3524 -2.66165 0)
(-10.2955 -2.53308 0)
(-12.4978 -0.614582 0)
(-13.0149 1.64756 0)
(-12.1244 2.84274 0)
(-10.1388 3.33682 0)
(-6.84016 3.41363 0)
(-2.99268 3.20373 0)
(0.62924 2.67679 0)
(4.7901 1.9658 0)
(7.67493 0.28838 0)
(7.91185 -2.72102 0)
(4.11924 -4.47658 0)
(0.660413 -3.69089 0)
(-3.10654 -2.32486 0)
(-6.42757 -1.28848 0)
(-8.81763 -0.357215 0)
(-10.176 0.413017 0)
(-10.8514 1.0204 0)
(-9.67443 1.13392 0)
(-8.3432 1.0316 0)
(-6.57023 0.841044 0)
(-4.56787 0.593248 0)
(-2.70467 0.310898 0)
(-1.18703 0.017189 0)
(-0.19143 -0.263846 0)
)
;

boundaryField
{
    inlet
    {
        type            calculated;
        value           uniform (0 0 0);
    }
    outlet
    {
        type            calculated;
        value           nonuniform List<vector> 0();
    }
    topWall
    {
        type            calculated;
        value           nonuniform List<vector> 0();
    }
    lowerWall
    {
        type            calculated;
        value           uniform (0 0 0);
    }
    leadingEdge
    {
        type            calculated;
        value           uniform (0 0 0);
    }
    trailingEdge
    {
        type            calculated;
        value           nonuniform List<vector> 0();
    }
    upperSurface
    {
        type            calculated;
        value           nonuniform List<vector> 0();
    }
    lowerSurface
    {
        type            calculated;
        value           uniform (0 0 0);
    }
    frontAndBack
    {
        type            empty;
    }
    procBoundary0to1
    {
        type            processor;
        value           nonuniform List<vector> 10((-2.57254 0.113957 0) (-2.65997 0.237513 0) (-3.00594 0.202477 0) (-3.1501 0.199815 0) (-3.44961 0.159137 0) (-3.79537 0.191983 0) (-4.47831 0.125167 0) (-5.78156 0.235419 0) (-2.90611 0.196784 0) (0.200283 -0.488815 0));
    }
    procBoundary0to4
    {
        type            processor;
        value           nonuniform List<vector> 
103
(
(-1.19924e-07 6.08074e-05 0)
(1.47556e-08 0.000133004 0)
(1.47556e-08 0.000133004 0)
(1.91553e-06 0.000210792 0)
(2.24891e-06 0.000268172 0)
(3.72041e-06 0.000308507 0)
(5.56485e-06 0.000331805 0)
(7.6476e-06 0.000337311 0)
(9.60665e-06 0.000325641 0)
(1.16594e-05 0.000298651 0)
(1.35785e-05 0.000258816 0)
(1.56758e-05 0.000209222 0)
(1.68324e-05 0.000153863 0)
(1.79026e-05 9.60591e-05 0)
(1.87377e-05 4.0447e-05 0)
(1.92704e-05 -1.00579e-05 0)
(1.95766e-05 -5.12349e-05 0)
(1.95898e-05 -8.06712e-05 0)
(1.9346e-05 -9.50076e-05 0)
(1.91574e-05 -9.35524e-05 0)
(1.9231e-05 -7.38936e-05 0)
(1.9172e-05 -3.63874e-05 0)
(1.99062e-05 1.95244e-05 0)
(2.13054e-05 9.26114e-05 0)
(2.2921e-05 0.000182545 0)
(2.52417e-05 0.000287057 0)
(2.84389e-05 0.000405147 0)
(3.25e-05 0.000534151 0)
(3.74769e-05 0.000673216 0)
(4.43351e-05 0.000818538 0)
(4.65662e-05 0.00097414 0)
(7.09669e-05 0.00113084 0)
(3.47675e-05 0.00129714 0)
(0.000117175 0.00146796 0)
(4.34834e-05 0.00164479 0)
(0.000146922 0.00183322 0)
(8.69575e-05 0.00202765 0)
(0.000148216 0.00224541 0)
(0.00016853 0.00247342 0)
(0.000129226 0.00273477 0)
(0.000277883 0.00302109 0)
(0.000118801 0.00334683 0)
(0.000365214 0.003721 0)
(0.000175219 0.00413995 0)
(0.000393771 0.00463431 0)
(0.000328678 0.00518279 0)
(0.000348974 0.00583082 0)
(0.00056696 0.00655553 0)
(0.000294594 0.00739094 0)
(0.000808688 0.00834584 0)
(0.000343767 0.00941086 0)
(0.000943609 0.010654 0)
(0.000604293 0.0120052 0)
(0.000916586 0.0135956 0)
(0.00109671 0.0153137 0)
(0.00078749 0.0173126 0)
(0.00171279 0.0195051 0)
(0.000749753 0.0219877 0)
(0.00223744 0.0247786 0)
(0.00108589 0.0278633 0)
(0.00239689 0.0313762 0)
(0.00206532 0.0352457 0)
(0.00206979 0.0396137 0)
(0.00364096 0.0445053 0)
(0.00165378 0.0499044 0)
(0.00511295 0.0561117 0)
(0.00219141 0.0627429 0)
(0.00544159 0.0707206 0)
(0.00431578 0.07878 0)
(0.00499805 0.0900938 0)
(0.00638073 0.0984782 0)
(0.00718983 0.110027 0)
(0.00811445 0.123217 0)
(0.00913636 0.138175 0)
(0.0101493 0.154938 0)
(0.0111153 0.173551 0)
(0.0120175 0.194235 0)
(0.0129405 0.217203 0)
(0.0139623 0.242757 0)
(0.0151649 0.271199 0)
(0.0166243 0.302905 0)
(0.0183782 0.338225 0)
(0.0204589 0.377582 0)
(0.0228735 0.421411 0)
(0.025615 0.470246 0)
(0.0287189 0.524638 0)
(0.0322159 0.585278 0)
(0.0361202 0.652888 0)
(0.040493 0.728342 0)
(0.0453875 0.812602 0)
(0.050842 0.906824 0)
(0.0569676 1.01226 0)
(0.0638155 1.13044 0)
(0.0714063 1.26295 0)
(0.0797133 1.41169 0)
(0.0886105 1.57841 0)
(0.0976855 1.76471 0)
(0.106078 1.97174 0)
(0.112271 2.19847 0)
(0.114403 2.44065 0)
(0.106839 2.68787 0)
(0.0964382 2.93593 0)
(0.0692121 2.9777 0)
)
;
    }
}


// ************************************************************************* //
