/*--------------------------------*- C++ -*----------------------------------*\
| =========                 |                                                 |
| \\      /  F ield         | OpenFOAM: The Open Source CFD Toolbox           |
|  \\    /   O peration     | Version:  2206                                  |
|   \\  /    A nd           | Website:  www.openfoam.com                      |
|    \\/     M anipulation  |                                                 |
\*---------------------------------------------------------------------------*/
FoamFile
{
    version     2.0;
    format      ascii;
    arch        "LSB;label=32;scalar=64";
    class       volVectorField;
    location    "18.2001";
    object      ddtCorrDdt0(U);
}
// * * * * * * * * * * * * * * * * * * * * * * * * * * * * * * * * * * * * * //

dimensions      [0 1 -2 0 0 0 0];

internalField   nonuniform List<vector> 
3037
(
(61.6144 25.6776 0)
(66.6863 28.2077 0)
(69.7142 29.6515 0)
(70.4339 32.7703 0)
(68.8712 39.5414 0)
(65.3142 50.6354 0)
(60.1423 65.3751 0)
(53.6482 82.2679 0)
(46.0001 99.5713 0)
(37.308 115.66 0)
(27.728 129.159 0)
(17.4963 138.963 0)
(7.06481 144.066 0)
(-2.95592 143.522 0)
(-12.1169 138.957 0)
(-20.1195 130.709 0)
(-26.7016 119.336 0)
(-31.6857 105.602 0)
(-35.0317 90.403 0)
(-36.8284 74.6111 0)
(-37.2837 58.9521 0)
(-36.6644 43.9321 0)
(-35.4613 29.6284 0)
(-34.9882 15.1109 0)
(-34.5497 -1.35967 0)
(-33.5288 -18.6646 0)
(-32.926 -36.282 0)
(-32.4476 -54.2096 0)
(-32.1863 -72.3685 0)
(-32.03 -90.4755 0)
(-31.7587 -108.006 0)
(-31.1833 -124.198 0)
(-30.1402 -137.984 0)
(-28.3451 -147.753 0)
(-25.0875 -150.782 0)
(-20.4758 -147.242 0)
(-15.0726 -138.718 0)
(-8.95956 -125.817 0)
(-2.32909 -109.504 0)
(4.53022 -90.9638 0)
(11.2471 -71.4001 0)
(17.4828 -51.8544 0)
(24.4603 -32.9688 0)
(32.416 -13.9819 0)
(38.6933 2.73412 0)
(44.065 15.663 0)
(47.5671 25.69 0)
(49.1526 33.6883 0)
(48.9683 40.7464 0)
(47.3016 47.8604 0)
(44.4992 55.622 0)
(40.8089 64.1703 0)
(36.3626 73.2975 0)
(31.2198 82.5457 0)
(25.4224 91.2849 0)
(19.0468 98.7912 0)
(12.2285 104.249 0)
(5.21252 106.488 0)
(-1.61472 105.16 0)
(-7.95537 100.997 0)
(-13.6137 94.1252 0)
(-18.3872 84.8898 0)
(-22.1127 73.8306 0)
(-24.7279 61.6153 0)
(-26.2821 48.9157 0)
(-26.9157 36.2735 0)
(-27.0937 23.8468 0)
(-27.9256 10.8078 0)
(-28.0382 -3.63459 0)
(-27.8113 -18.1482 0)
(-27.3524 -32.2607 0)
(-26.6523 -45.7531 0)
(-25.941 -58.5657 0)
(-25.2403 -70.6572 0)
(-24.4936 -81.918 0)
(-23.6355 -92.1 0)
(-22.5607 -100.683 0)
(-20.9808 -106.616 0)
(-18.3025 -107.922 0)
(-14.6828 -105.165 0)
(-10.4273 -99.0433 0)
(-5.60335 -89.9559 0)
(-0.374021 -78.5452 0)
(5.00519 -65.6079 0)
(10.1992 -51.9309 0)
(14.9896 -38.211 0)
(20.1713 -24.8002 0)
(25.8091 -11.0241 0)
(30.1976 1.59114 0)
(33.8211 12.1119 0)
(35.9576 20.9948 0)
(36.5824 28.5648 0)
(35.8783 35.3004 0)
(34.1057 41.6963 0)
(31.5255 48.0713 0)
(28.3282 54.5111 0)
(24.6374 60.9113 0)
(20.5281 67.015 0)
(16.0517 72.4399 0)
(11.2673 76.6717 0)
(6.28464 78.9528 0)
(1.32445 78.6159 0)
(-3.37215 76.2378 0)
(-7.66583 71.848 0)
(-11.4121 65.622 0)
(-14.4902 57.8865 0)
(-16.8222 49.0908 0)
(-18.4058 39.7298 0)
(-19.2827 30.2285 0)
(-19.6897 20.7989 0)
(-20.4858 11.0124 0)
(-21.1082 0.0421202 0)
(-21.1973 -11.2297 0)
(-21.1121 -22.3368 0)
(-20.6429 -32.945 0)
(-20.0008 -42.8716 0)
(-19.2942 -52.0401 0)
(-18.5419 -60.3755 0)
(-17.7378 -67.742 0)
(-16.8171 -73.8301 0)
(-15.5552 -77.9528 0)
(-13.5019 -78.7528 0)
(50.6923 19.3294 0)
(56.4411 23.7675 0)
(60.1351 27.425 0)
(61.5103 32.8545 0)
(60.6353 41.7445 0)
(57.836 54.6039 0)
(53.4577 70.7994 0)
(47.7309 88.9516 0)
(40.7623 107.388 0)
(32.702 124.495 0)
(23.7025 138.78 0)
(14.0607 149.043 0)
(4.29514 154.002 0)
(-4.92357 152.765 0)
(-13.1876 147.155 0)
(-20.2095 137.573 0)
(-25.7459 124.655 0)
(-29.661 109.28 0)
(-31.9637 92.4653 0)
(-32.7524 75.2028 0)
(-32.1864 58.341 0)
(-30.4805 42.5457 0)
(-28.0245 28.1193 0)
(-26.5777 14.1018 0)
(-25.4801 -2.30914 0)
(-23.5882 -19.7807 0)
(-22.4128 -37.1419 0)
(-21.7352 -54.6317 0)
(-21.5709 -72.4655 0)
(-21.7879 -90.4493 0)
(-22.1636 -108.065 0)
(-22.4966 -124.525 0)
(-22.6122 -138.778 0)
(-22.2726 -149.388 0)
(-20.8547 -153.878 0)
(-18.1556 -151.229 0)
(-14.6336 -143.538 0)
(-10.3157 -131.317 0)
(-5.32383 -115.461 0)
(0.120815 -97.1102 0)
(5.76035 -77.524 0)
(11.1778 -57.8669 0)
(16.277 -39.0682 0)
(23.0876 -21.2138 0)
(29.2631 -3.3096 0)
(34.6787 11.1233 0)
(38.7934 22.7871 0)
(41.047 32.585 0)
(41.5711 41.2661 0)
(40.6495 49.6985 0)
(38.5702 58.5061 0)
(35.5434 67.9139 0)
(31.7035 77.7947 0)
(27.1343 87.7291 0)
(21.9085 97.0851 0)
(16.1221 105.099 0)
(9.93209 110.88 0)
(3.61562 113.101 0)
(-2.44924 111.41 0)
(-8.00668 106.665 0)
(-12.8784 99.0047 0)
(-16.8756 88.7952 0)
(-19.8399 76.6316 0)
(-21.6915 63.301 0)
(-22.4752 49.6396 0)
(-22.313 36.338 0)
(-21.5607 23.7574 0)
(-21.7563 11.0474 0)
(-21.5276 -3.6709 0)
(-20.7779 -18.7279 0)
(-19.9572 -33.0315 0)
(-19.1261 -46.4809 0)
(-18.5112 -59.1936 0)
(-18.0988 -71.217 0)
(-17.802 -82.4842 0)
(-17.5298 -92.7652 0)
(-17.1852 -101.596 0)
(-16.5548 -108.099 0)
(-15.1453 -110.508 0)
(-12.8412 -108.389 0)
(-9.93181 -102.907 0)
(-6.42443 -94.3461 0)
(-2.42292 -83.2659 0)
(1.87342 -70.412 0)
(6.21813 -56.6118 0)
(10.2596 -42.639 0)
(13.9928 -29.1499 0)
(18.7897 -16.0732 0)
(23.0186 -2.55566 0)
(26.7016 9.1059 0)
(29.3677 19.2959 0)
(30.5349 28.2482 0)
(30.3838 36.1818 0)
(29.1926 43.541 0)
(27.1759 50.6686 0)
(24.5012 57.6952 0)
(21.3028 64.5689 0)
(17.6738 71.0712 0)
(13.6838 76.8321 0)
(9.40994 81.3156 0)
(4.98159 83.6848 0)
(0.623616 83.1721 0)
(-3.45632 80.4689 0)
(-7.14654 75.6128 0)
(-10.3246 68.7878 0)
(-12.8619 60.3389 0)
(-14.6632 50.7749 0)
(-15.7143 40.6938 0)
(-16.0495 30.6466 0)
(-15.7989 21.0013 0)
(-15.9849 11.4455 0)
(-16.4624 0.427443 0)
(-16.1918 -11.3228 0)
(-15.867 -22.7776 0)
(-15.2443 -33.5453 0)
(-14.6027 -43.522 0)
(-14.0482 -52.6856 0)
(-13.5595 -61.0042 0)
(-13.1355 -68.3984 0)
(-12.7184 -74.6219 0)
(-12.1346 -79.1288 0)
(-10.9987 -80.7372 0)
(39.2225 12.429 0)
(45.5157 18.7053 0)
(49.6993 24.607 0)
(51.5899 32.3081 0)
(51.3187 43.232 0)
(49.2404 57.8044 0)
(45.6263 75.4586 0)
(40.612 94.9087 0)
(34.3314 114.55 0)
(26.9537 132.676 0)
(18.6604 147.736 0)
(9.78828 158.405 0)
(0.92548 163.072 0)
(-7.22969 161.035 0)
(-14.346 154.292 0)
(-20.1414 143.307 0)
(-24.3923 128.813 0)
(-27.039 111.841 0)
(-28.1897 93.5008 0)
(-27.9714 74.8144 0)
(-26.5054 56.7151 0)
(-23.9049 40.0635 0)
(-20.3578 25.5482 0)
(-17.8764 12.4541 0)
(-15.9917 -4.20095 0)
(-13.3005 -21.5399 0)
(-11.5547 -38.3258 0)
(-10.7428 -55.1235 0)
(-10.7564 -72.3453 0)
(-11.3682 -89.9226 0)
(-12.3691 -107.352 0)
(-13.5734 -123.826 0)
(-14.8071 -138.306 0)
(-15.8593 -149.406 0)
(-16.2068 -155.035 0)
(-15.4369 -153.317 0)
(-13.7976 -146.519 0)
(-11.2813 -135.095 0)
(-7.95443 -119.877 0)
(-3.97423 -101.953 0)
(0.462416 -82.5667 0)
(5.06923 -62.9268 0)
(9.32148 -44.0188 0)
(13.6932 -26.6534 0)
(20.0539 -9.69082 0)
(25.0311 6.25916 0)
(29.6055 19.4198 0)
(32.4372 30.9508 0)
(33.479 41.1664 0)
(33.1612 50.8589 0)
(31.7275 60.7208 0)
(29.3292 71.0219 0)
(26.0966 81.6843 0)
(22.1334 92.3102 0)
(17.5406 102.262 0)
(12.432 110.74 0)
(6.99129 116.776 0)
(1.53825 118.886 0)
(-3.57527 116.795 0)
(-8.15709 111.46 0)
(-12.0407 103.021 0)
(-15.0828 91.8737 0)
(-17.1844 78.6551 0)
(-18.2804 64.2416 0)
(-18.3601 49.5957 0)
(-17.417 35.5845 0)
(-15.6596 22.8321 0)
(-15.2179 10.6376 0)
(-14.737 -4.23951 0)
(-13.4607 -19.7273 0)
(-12.119 -34.0095 0)
(-11.1882 -47.2101 0)
(-10.7524 -59.6241 0)
(-10.6917 -71.3931 0)
(-10.8997 -82.5058 0)
(-11.2615 -92.7554 0)
(-11.6527 -101.706 0)
(-11.9231 -108.559 0)
(-11.6834 -111.777 0)
(-10.6759 -110.292 0)
(-9.08379 -105.442 0)
(-6.88764 -97.4477 0)
(-4.1338 -86.8001 0)
(-0.960256 -74.1903 0)
(2.45274 -60.4369 0)
(5.84584 -46.3668 0)
(8.78169 -32.6512 0)
(11.6508 -19.8601 0)
(15.9503 -6.95359 0)
(19.2684 5.77904 0)
(22.3455 17.2792 0)
(23.9935 27.5917 0)
(24.289 36.6438 0)
(23.6079 44.9035 0)
(22.1166 52.7625 0)
(19.9559 60.375 0)
(17.2687 67.7236 0)
(14.1612 74.6136 0)
(10.7205 80.6815 0)
(7.04121 85.3687 0)
(3.27404 87.7601 0)
(-0.358931 87.049 0)
(-3.69657 84.026 0)
(-6.64931 78.7332 0)
(-9.12762 71.3551 0)
(-11.0373 62.2398 0)
(-12.2865 51.9339 0)
(-12.8242 41.1198 0)
(-12.6417 30.4818 0)
(-11.7325 20.5761 0)
(-11.1798 11.3713 0)
(-11.6357 0.600057 0)
(-11.0359 -11.6918 0)
(-10.3163 -23.434 0)
(-9.52422 -34.2045 0)
(-8.92847 -44.0681 0)
(-8.59298 -53.0939 0)
(-8.47114 -61.2986 0)
(-8.46498 -68.6137 0)
(-8.52572 -74.8612 0)
(-8.55166 -79.5924 0)
(-8.23919 -81.781 0)
(27.2684 5.26425 0)
(34.0032 13.2246 0)
(38.593 21.4149 0)
(40.8343 31.326 0)
(41.0701 44.1143 0)
(39.6353 60.3051 0)
(36.6627 79.4073 0)
(32.2524 100.17 0)
(26.6966 121.006 0)
(20.08 140.098 0)
(12.6515 155.862 0)
(4.75283 166.828 0)
(-2.94011 171.02 0)
(-9.76011 168.082 0)
(-15.484 160.115 0)
(-19.8198 147.651 0)
(-22.5696 131.569 0)
(-23.7612 113.09 0)
(-23.6085 93.4037 0)
(-22.2961 73.4834 0)
(-19.9788 54.2751 0)
(-16.7149 36.7028 0)
(-12.5247 21.6181 0)
(-9.52065 9.12197 0)
(-6.02367 -6.34509 0)
(-2.3344 -24.4578 0)
(-0.610552 -39.479 0)
(0.16698 -55.3342 0)
(-0.0102611 -71.8813 0)
(-1.02425 -88.8918 0)
(-2.65349 -105.911 0)
(-4.68716 -122.167 0)
(-6.96691 -136.609 0)
(-9.29524 -147.928 0)
(-11.2572 -154.408 0)
(-12.3135 -153.52 0)
(-12.5286 -147.625 0)
(-11.8465 -137.115 0)
(-10.2177 -122.725 0)
(-7.72857 -105.464 0)
(-4.54108 -86.4966 0)
(-0.865005 -67.0055 0)
(2.8474 -48.0381 0)
(5.85396 -30.4897 0)
(10.2198 -15.2421 0)
(15.3496 1.0658 0)
(20.2527 15.5218 0)
(23.5243 28.7574 0)
(24.804 40.5197 0)
(24.9552 51.4443 0)
(24.1138 62.3346 0)
(22.3026 73.5289 0)
(19.6625 84.967 0)
(16.3243 96.2537 0)
(12.418 106.746 0)
(8.06996 115.614 0)
(3.48603 121.806 0)
(-0.967994 123.666 0)
(-4.97244 121.128 0)
(-8.39594 115.164 0)
(-11.0779 105.957 0)
(-12.9502 93.963 0)
(-14.0193 79.831 0)
(-14.3155 64.457 0)
(-13.8467 48.8623 0)
(-12.4287 34.1338 0)
(-9.84924 21.2421 0)
(-8.41059 9.88969 0)
(-7.46233 -4.99398 0)
(-5.748 -21.8435 0)
(-3.85133 -35.2378 0)
(-3.06407 -47.7135 0)
(-2.87047 -59.6618 0)
(-3.20402 -71.0819 0)
(-3.9247 -81.9463 0)
(-4.90757 -92.0555 0)
(-6.04489 -100.986 0)
(-7.20454 -108.011 0)
(-8.06678 -111.842 0)
(-8.30443 -110.919 0)
(-7.98998 -106.674 0)
(-7.08056 -99.2834 0)
(-5.56858 -89.1696 0)
(-3.53107 -76.9512 0)
(-1.11345 -63.3702 0)
(1.48959 -49.2112 0)
(3.92823 -35.2058 0)
(5.56341 -22.0987 0)
(8.37421 -10.7066 0)
(11.8449 2.40595 0)
(15.3315 14.795 0)
(17.1928 26.2845 0)
(17.6791 36.482 0)
(17.4168 45.6911 0)
(16.4363 54.3091 0)
(14.7985 62.5246 0)
(12.65 70.3472 0)
(10.105 77.6009 0)
(7.26377 83.9321 0)
(4.23398 88.7674 0)
(1.19573 91.1012 0)
(-1.62422 90.1476 0)
(-4.10701 86.7792 0)
(-6.17763 81.0598 0)
(-7.7915 73.1908 0)
(-8.92832 63.5096 0)
(-9.56165 52.5591 0)
(-9.64967 41.0609 0)
(-9.12268 29.8251 0)
(-7.75063 19.6215 0)
(-6.09088 10.8371 0)
(-6.59464 0.363188 0)
(-5.77964 -12.5991 0)
(-4.41618 -24.4269 0)
(-3.5312 -34.8347 0)
(-3.24381 -44.387 0)
(-3.17182 -53.1613 0)
(-3.33644 -61.1705 0)
(-3.72738 -68.3601 0)
(-4.2801 -74.5557 0)
(-4.89928 -79.3671 0)
(-5.35074 -81.9565 0)
(-12.3739 173.662 0)
(-16.4529 164.401 0)
(-19.129 150.421 0)
(-20.2713 132.779 0)
(-19.9374 112.898 0)
(-18.311 92.0143 0)
(-15.6651 71.0768 0)
(-12.3634 51.095 0)
(-8.82816 32.9472 0)
(-5.06658 17.6831 0)
(-0.58044 6.36531 0)
(4.73235 -10.662 0)
(8.15418 -27.227 0)
(10.199 -41.283 0)
(10.9228 -55.6512 0)
(10.4257 -71.0657 0)
(8.95311 -87.3044 0)
(6.74289 -103.755 0)
(3.90139 -119.581 0)
(0.619827 -133.777 0)
(-2.90499 -145.109 0)
(-6.32794 -151.998 0)
(-9.08616 -152.031 0)
(-11.014 -146.938 0)
(-12.0526 -137.371 0)
(-12.0814 -123.946 0)
(-11.1077 -107.567 0)
(-9.25972 -89.3474 0)
(-6.72198 -70.3495 0)
(-3.81574 -51.5446 0)
(-1.13388 -33.797 0)
(1.19521 -17.8411 0)
(5.56507 -5.23376 0)
(10.807 11.6693 0)
(14.5196 26.8225 0)
(15.8131 39.5266 0)
(16.2627 51.5073 0)
(15.9034 63.3714 0)
(14.6103 75.4453 0)
(12.5292 87.6324 0)
(9.82666 99.5203 0)
(6.65749 110.469 0)
(3.14838 119.629 0)
(-0.486927 125.867 0)
(-3.83521 127.322 0)
(-6.61514 124.27 0)
(-8.74442 117.593 0)
(-10.0737 107.59 0)
(-10.5894 94.8422 0)
(-10.4007 80.0397 0)
(-9.64988 63.9978 0)
(-8.45754 47.5972 0)
(-6.78975 31.8744 0)
(-4.55892 18.1093 0)
(-2.35462 7.6355 0)
(0.362128 -4.8939 0)
(2.86134 -24.16 0)
(4.17302 -36.6739 0)
(5.02931 -48.3351 0)
(5.01207 -59.4989 0)
(4.29998 -70.3443 0)
(3.0497 -80.8066 0)
(1.40946 -90.6527 0)
(-0.491815 -99.4425 0)
(-2.51869 -106.495 0)
(-4.42275 -110.739 0)
(-5.85108 -110.321 0)
(-6.75289 -106.637 0)
(-7.07916 -99.8492 0)
(-6.78134 -90.3277 0)
(-5.88751 -78.6249 0)
(-4.5139 -65.4125 0)
(-2.83584 -51.4452 0)
(-1.0863 -37.4036 0)
(0.297559 -23.9375 0)
(1.69441 -11.9208 0)
(4.53516 -3.13164 0)
(8.17781 12.7605 0)
(10.1723 25.4664 0)
(10.82 36.2859 0)
(10.8788 46.1717 0)
(10.3186 55.3994 0)
(9.16041 64.1473 0)
(7.54255 72.3998 0)
(5.57753 79.9758 0)
(3.36911 86.5243 0)
(1.03141 91.4444 0)
(-1.22151 93.6107 0)
(-3.16283 92.3615 0)
(-4.71771 88.5955 0)
(-5.81687 82.4335 0)
(-6.43479 74.1266 0)
(-6.60824 64.0214 0)
(-6.41013 52.628 0)
(-5.90314 40.5896 0)
(-5.09503 28.6759 0)
(-3.81659 17.779 0)
(-1.98448 8.88315 0)
(-1.31361 2.14498 0)
(0.41335 -14.5523 0)
(1.37426 -25.5874 0)
(2.24687 -35.4367 0)
(2.59397 -44.5706 0)
(2.45757 -52.9898 0)
(1.86903 -60.7094 0)
(0.99288 -67.6661 0)
(-0.111536 -73.7045 0)
(-1.34489 -78.4873 0)
(-2.52467 -81.3181 0)
(5.43658 0.108825 0)
(4.87129 0.397385 0)
(3.76031 0.664616 0)
(2.21186 0.835992 0)
(0.557391 0.965495 0)
(-1.04511 0.895424 0)
(-2.5309 0.697842 0)
(-3.68652 0.473634 0)
(-4.43932 0.257259 0)
(-4.79453 0.0680727 0)
(-4.8042 -0.0862752 0)
(-4.54849 -0.194067 0)
(-4.10884 -0.264998 0)
(-3.56679 -0.294978 0)
(-2.97808 -0.286168 0)
(-2.46712 -0.239994 0)
(-2.07682 -0.167053 0)
(-1.84138 -0.0749456 0)
(-1.7992 0.015027 0)
(-1.89449 0.0828686 0)
(-2.08582 0.112919 0)
(-2.29299 0.096119 0)
(-2.4412 0.0355322 0)
(-2.45259 -0.0560865 0)
(-2.26748 -0.162195 0)
(-1.85971 -0.271107 0)
(-1.23065 -0.373738 0)
(-0.407307 -0.460247 0)
(0.573126 -0.514034 0)
(1.62249 -0.529121 0)
(2.68111 -0.516119 0)
(3.55469 -0.519314 0)
(4.27636 -0.357183 0)
(4.84279 -0.206728 0)
(5.10959 -0.0617624 0)
(5.05747 0.0910606 0)
(4.69631 0.22405 0)
(4.09211 0.310307 0)
(3.27051 0.417176 0)
(2.38907 0.517606 0)
(1.55027 0.477904 0)
(0.705405 0.409851 0)
(-0.0187214 0.323621 0)
(-0.555761 0.224867 0)
(-0.897534 0.121458 0)
(-1.04593 0.0269254 0)
(-1.01915 -0.0489703 0)
(-0.855128 -0.100975 0)
(-0.602647 -0.127126 0)
(-0.315985 -0.126883 0)
(-0.0503998 -0.101578 0)
(0.144574 -0.0559935 0)
(0.232418 0.00189335 0)
(0.194243 0.0633788 0)
(0.0283331 0.120991 0)
(-0.253096 0.169114 0)
(-0.627246 0.20345 0)
(-1.06461 0.22209 0)
(-1.53274 0.225362 0)
(-1.99871 0.213687 0)
(-2.42873 0.18671 0)
(-2.7885 0.144629 0)
(-3.04633 0.0879995 0)
(-3.1733 0.0186943 0)
(-3.14723 -0.0584299 0)
(-2.95804 -0.13631 0)
(-2.60622 -0.206124 0)
(-2.12019 -0.263112 0)
(-1.52516 -0.304379 0)
(-0.853309 -0.330467 0)
(-0.145251 -0.341661 0)
(0.533301 -0.353427 0)
(1.15206 -0.296367 0)
(1.70236 -0.249675 0)
(2.15024 -0.190037 0)
(2.47147 -0.133226 0)
(2.66251 -0.0692167 0)
(2.72035 -0.00851791 0)
(2.64976 0.0419586 0)
(2.47848 0.0806078 0)
(2.23316 0.105859 0)
(1.94305 0.12027 0)
(1.63614 0.123464 0)
(1.34822 0.132023 0)
(1.10841 0.108046 0)
(0.899174 0.0885144 0)
(0.734749 0.0680346 0)
(0.617378 0.0493532 0)
(0.540029 0.0358816 0)
(0.489395 0.0297117 0)
(0.450169 0.0306589 0)
(0.406927 0.038629 0)
(0.344202 0.0533053 0)
(0.247704 0.0733781 0)
(0.106521 0.0966178 0)
(-0.0852008 0.120384 0)
(-0.327212 0.14186 0)
(-0.612868 0.158328 0)
(-0.929866 0.16765 0)
(-1.26228 0.169118 0)
(-1.59264 0.163008 0)
(-1.90426 0.148979 0)
(-2.1762 0.126413 0)
(-2.39396 0.0951121 0)
(-2.5385 0.05585 0)
(-2.59574 0.0112615 0)
(-2.55789 -0.0355888 0)
(-2.42305 -0.0821571 0)
(-2.19333 -0.126572 0)
(-1.87084 -0.167074 0)
(-1.45602 -0.207232 0)
(-1.0307 -0.288388 0)
(-0.57187 -0.27868 0)
(-0.069678 -0.263569 0)
(0.427388 -0.243305 0)
(0.887964 -0.216039 0)
(1.29169 -0.182864 0)
(1.62227 -0.145776 0)
(1.8689 -0.105973 0)
(2.02412 -0.065282 0)
(2.09269 -0.0267208 0)
(2.08225 0.00909012 0)
(4.94575 0.511823 0)
(4.15063 1.34731 0)
(2.85181 1.91787 0)
(1.37273 2.4028 0)
(-0.242584 2.5433 0)
(-1.8677 2.29816 0)
(-3.14793 1.81675 0)
(-4.04004 1.22783 0)
(-4.53799 0.64049 0)
(-4.68426 0.121618 0)
(-4.53448 -0.294582 0)
(-4.17659 -0.590874 0)
(-3.6915 -0.771452 0)
(-3.13394 -0.850157 0)
(-2.58309 -0.807736 0)
(-2.10325 -0.652848 0)
(-1.75391 -0.427049 0)
(-1.56519 -0.171981 0)
(-1.54272 0.069829 0)
(-1.66392 0.243328 0)
(-1.87134 0.311152 0)
(-2.07947 0.252402 0)
(-2.19819 0.0737199 0)
(-2.15071 -0.197407 0)
(-1.89545 -0.513179 0)
(-1.42094 -0.831703 0)
(-0.750747 -1.13082 0)
(0.0965934 -1.37858 0)
(1.07671 -1.52088 0)
(2.09867 -1.54026 0)
(3.04722 -1.4313 0)
(3.91913 -1.24266 0)
(4.53544 -0.882637 0)
(4.86401 -0.481694 0)
(4.91797 -0.0486559 0)
(4.71208 0.356124 0)
(4.20661 0.785066 0)
(3.55271 1.14533 0)
(2.83649 1.31328 0)
(1.9146 1.42531 0)
(0.942361 1.3617 0)
(0.105637 1.18516 0)
(-0.585707 0.931204 0)
(-1.08514 0.635615 0)
(-1.36588 0.327915 0)
(-1.43434 0.04169 0)
(-1.31487 -0.191947 0)
(-1.06348 -0.353622 0)
(-0.73306 -0.436341 0)
(-0.377334 -0.437099 0)
(-0.0544026 -0.359617 0)
(0.182655 -0.217817 0)
(0.296272 -0.0365097 0)
(0.270333 0.156083 0)
(0.108169 0.336367 0)
(-0.173557 0.487522 0)
(-0.545744 0.596252 0)
(-0.97559 0.657107 0)
(-1.43226 0.670307 0)
(-1.88161 0.636524 0)
(-2.29128 0.553807 0)
(-2.62668 0.423125 0)
(-2.85308 0.250343 0)
(-2.94759 0.0418651 0)
(-2.88503 -0.193291 0)
(-2.65359 -0.433955 0)
(-2.26169 -0.649687 0)
(-1.73646 -0.821222 0)
(-1.1129 -0.944451 0)
(-0.428402 -1.0174 0)
(0.268875 -1.03044 0)
(0.956928 -0.992569 0)
(1.57133 -0.876772 0)
(2.06705 -0.717821 0)
(2.44803 -0.533291 0)
(2.6902 -0.319396 0)
(2.78317 -0.147019 0)
(2.74675 0.0612056 0)
(2.5707 0.230336 0)
(2.29569 0.342884 0)
(1.96386 0.420728 0)
(1.61282 0.455034 0)
(1.28587 0.450029 0)
(0.951984 0.432312 0)
(0.653245 0.373984 0)
(0.420085 0.301661 0)
(0.246145 0.224935 0)
(0.13169 0.152778 0)
(0.0679284 0.100517 0)
(0.0374962 0.0712525 0)
(0.0231827 0.0637581 0)
(0.00897117 0.0787886 0)
(-0.0219418 0.116309 0)
(-0.0850754 0.172502 0)
(-0.192999 0.24073 0)
(-0.351733 0.312425 0)
(-0.560664 0.378092 0)
(-0.811873 0.428734 0)
(-1.09093 0.456956 0)
(-1.38055 0.460141 0)
(-1.66304 0.439923 0)
(-1.92337 0.396089 0)
(-2.14442 0.326599 0)
(-2.3062 0.231513 0)
(-2.39014 0.112896 0)
(-2.38191 -0.0210334 0)
(-2.27599 -0.158555 0)
(-2.0751 -0.291002 0)
(-1.78728 -0.41501 0)
(-1.42563 -0.530156 0)
(-1.01928 -0.644298 0)
(-0.516696 -0.758692 0)
(0.0337455 -0.771789 0)
(0.541516 -0.7508 0)
(1.01879 -0.700037 0)
(1.44401 -0.618705 0)
(1.79544 -0.511858 0)
(2.05847 -0.387034 0)
(2.2172 -0.253928 0)
(2.28514 -0.12226 0)
(2.26086 0.00214765 0)
(2.15107 0.112144 0)
(3.281 0.910464 0)
(2.79036 2.29603 0)
(2.14769 3.44246 0)
(1.192 3.99932 0)
(-0.25428 3.98728 0)
(-1.59212 3.54979 0)
(-2.65873 2.74377 0)
(-3.36098 1.77569 0)
(-3.7057 0.834641 0)
(-3.75464 0.0261185 0)
(-3.59968 -0.587788 0)
(-3.31884 -0.984212 0)
(-2.96563 -1.18757 0)
(-2.56375 -1.31824 0)
(-2.14035 -1.27932 0)
(-1.76448 -1.03717 0)
(-1.50578 -0.665396 0)
(-1.38863 -0.25335 0)
(-1.39427 0.129801 0)
(-1.49988 0.402828 0)
(-1.69189 0.514982 0)
(-1.88285 0.413998 0)
(-1.9871 0.110855 0)
(-1.92948 -0.354123 0)
(-1.68148 -0.897181 0)
(-1.24322 -1.40394 0)
(-0.661004 -1.86756 0)
(0.0779015 -2.27574 0)
(0.948807 -2.51052 0)
(1.85996 -2.52123 0)
(2.70833 -2.29944 0)
(3.43038 -1.84172 0)
(3.95978 -1.29176 0)
(4.24985 -0.661783 0)
(4.26153 0.0513546 0)
(4.06246 0.810563 0)
(3.69149 1.46309 0)
(3.03819 1.97967 0)
(2.20889 2.23368 0)
(1.37487 2.2742 0)
(0.534055 2.16636 0)
(-0.208594 1.87791 0)
(-0.792521 1.45383 0)
(-1.18156 0.951331 0)
(-1.35735 0.420398 0)
(-1.31057 -0.0744108 0)
(-1.08951 -0.458075 0)
(-0.756678 -0.705418 0)
(-0.356841 -0.832076 0)
(0.0635721 -0.820072 0)
(0.443985 -0.663089 0)
(0.72234 -0.389554 0)
(0.855787 -0.0522967 0)
(0.831516 0.2947 0)
(0.659853 0.611538 0)
(0.361635 0.871506 0)
(-0.0267755 1.04764 0)
(-0.47357 1.14082 0)
(-0.954074 1.15625 0)
(-1.43932 1.09535 0)
(-1.90168 0.950851 0)
(-2.30584 0.721852 0)
(-2.62007 0.422926 0)
(-2.81056 0.0612048 0)
(-2.84243 -0.349414 0)
(-2.69933 -0.769927 0)
(-2.38395 -1.13922 0)
(-1.92917 -1.42357 0)
(-1.36918 -1.62039 0)
(-0.737181 -1.72331 0)
(-0.0794644 -1.71719 0)
(0.561907 -1.59624 0)
(1.13756 -1.39712 0)
(1.59008 -1.12289 0)
(1.92001 -0.813161 0)
(2.132 -0.488114 0)
(2.23091 -0.151292 0)
(2.20257 0.199765 0)
(2.0388 0.478966 0)
(1.78778 0.683053 0)
(1.49272 0.797917 0)
(1.14756 0.840537 0)
(0.81873 0.8063 0)
(0.535009 0.711353 0)
(0.303015 0.594247 0)
(0.136697 0.462809 0)
(0.0403501 0.326003 0)
(0.0185493 0.19312 0)
(0.0599108 0.100025 0)
(0.138803 0.050781 0)
(0.228296 0.0404126 0)
(0.314726 0.0676841 0)
(0.37721 0.135424 0)
(0.394771 0.237902 0)
(0.351355 0.362695 0)
(0.237692 0.494693 0)
(0.0524849 0.616498 0)
(-0.197311 0.711354 0)
(-0.494569 0.764419 0)
(-0.818497 0.77098 0)
(-1.14737 0.737248 0)
(-1.46618 0.663709 0)
(-1.76189 0.543099 0)
(-2.01246 0.373821 0)
(-2.19273 0.160116 0)
(-2.28074 -0.0813839 0)
(-2.26763 -0.32797 0)
(-2.15559 -0.56148 0)
(-1.95068 -0.774199 0)
(-1.65793 -0.961865 0)
(-1.28732 -1.11669 0)
(-0.855539 -1.21577 0)
(-0.371176 -1.27141 0)
(0.139214 -1.25246 0)
(0.628541 -1.15407 0)
(1.07304 -1.00617 0)
(1.44987 -0.814819 0)
(1.74111 -0.590986 0)
(1.934 -0.352366 0)
(2.02899 -0.122208 0)
(2.03849 0.0907909 0)
(1.96646 0.277382 0)
(2.53029 0.911008 0)
(2.75058 2.89298 0)
(2.35543 4.56936 0)
(1.35898 5.43114 0)
(0.292478 5.61525 0)
(-0.718213 5.03062 0)
(-1.48485 3.8088 0)
(-1.96144 2.37709 0)
(-2.19212 1.07532 0)
(-2.27711 0.0150319 0)
(-2.3062 -0.835149 0)
(-2.36905 -1.49838 0)
(-2.51569 -1.95483 0)
(-2.63208 -2.0788 0)
(-2.5617 -1.88602 0)
(-2.37955 -1.43176 0)
(-2.22911 -0.833154 0)
(-2.15144 -0.213333 0)
(-2.10299 0.343793 0)
(-2.0685 0.747559 0)
(-2.02592 0.930038 0)
(-1.93256 0.778632 0)
(-1.76936 0.312716 0)
(-1.44337 -0.383134 0)
(-0.984922 -1.17025 0)
(-0.479423 -1.86655 0)
(0.0404642 -2.5085 0)
(0.616947 -3.1015 0)
(1.30561 -3.44058 0)
(2.02506 -3.41118 0)
(2.66034 -3.05085 0)
(3.1499 -2.41372 0)
(3.4436 -1.60983 0)
(3.52919 -0.735558 0)
(3.41365 0.137358 0)
(3.11079 1.05381 0)
(2.63411 1.85648 0)
(1.98782 2.44605 0)
(1.27769 2.86904 0)
(0.581684 3.02775 0)
(-0.0592377 2.92457 0)
(-0.554985 2.55432 0)
(-0.8689 1.97931 0)
(-0.994111 1.27582 0)
(-0.935009 0.533077 0)
(-0.696361 -0.151464 0)
(-0.343743 -0.696135 0)
(0.063778 -1.06063 0)
(0.491111 -1.23613 0)
(0.910539 -1.23982 0)
(1.25622 -1.0502 0)
(1.4524 -0.678802 0)
(1.45759 -0.205653 0)
(1.28242 0.284626 0)
(0.966692 0.737179 0)
(0.54705 1.10565 0)
(0.0725008 1.38604 0)
(-0.41946 1.56258 0)
(-0.90758 1.63534 0)
(-1.38648 1.59334 0)
(-1.84614 1.4354 0)
(-2.25406 1.16715 0)
(-2.57952 0.790713 0)
(-2.80175 0.30976 0)
(-2.86922 -0.263408 0)
(-2.72679 -0.870501 0)
(-2.39441 -1.39659 0)
(-1.94034 -1.80578 0)
(-1.40895 -2.12335 0)
(-0.813026 -2.32997 0)
(-0.184969 -2.37162 0)
(0.412578 -2.21791 0)
(0.924521 -1.91345 0)
(1.32167 -1.52976 0)
(1.61546 -1.09926 0)
(1.79184 -0.674685 0)
(1.84085 -0.22095 0)
(1.81437 0.237883 0)
(1.65117 0.633412 0)
(1.38911 0.920805 0)
(1.07087 1.07773 0)
(0.751226 1.12095 0)
(0.460065 1.0787 0)
(0.221493 0.960245 0)
(0.0484276 0.791509 0)
(-0.0551338 0.594505 0)
(-0.0766235 0.374515 0)
(-0.00309258 0.151824 0)
(0.141873 -0.00285389 0)
(0.31101 -0.0914309 0)
(0.486046 -0.115348 0)
(0.659597 -0.0733265 0)
(0.807297 0.0307229 0)
(0.898792 0.190543 0)
(0.911216 0.389036 0)
(0.830255 0.602489 0)
(0.651478 0.805874 0)
(0.383911 0.970379 0)
(0.0462164 1.07593 0)
(-0.332019 1.11315 0)
(-0.720905 1.07895 0)
(-1.11459 0.996181 0)
(-1.49994 0.865232 0)
(-1.84966 0.659167 0)
(-2.13028 0.376958 0)
(-2.3062 0.0463825 0)
(-2.36174 -0.288439 0)
(-2.31859 -0.60579 0)
(-2.18929 -0.907927 0)
(-1.9754 -1.19554 0)
(-1.68253 -1.44841 0)
(-1.30804 -1.64361 0)
(-0.871147 -1.74819 0)
(-0.414165 -1.74665 0)
(0.0500494 -1.64574 0)
(0.50445 -1.45682 0)
(0.925433 -1.19344 0)
(1.27138 -0.879145 0)
(1.52017 -0.554934 0)
(1.6809 -0.247951 0)
(1.75363 0.0540924 0)
(1.73716 0.331143 0)
(-1.12494 0.197804 0)
(-0.304505 2.35311 0)
(0.385531 4.28298 0)
(0.583561 5.69573 0)
(0.656715 6.13343 0)
(0.785567 5.40918 0)
(0.921459 4.06231 0)
(1.21027 2.53211 0)
(1.54581 1.20543 0)
(1.83757 0.228933 0)
(2.03375 -0.32361 0)
(1.98096 -0.384184 0)
(1.66893 0.0140573 0)
(1.07725 -0.652687 0)
(0.153668 -1.22975 0)
(-0.922991 -1.32136 0)
(-1.95685 -1.02146 0)
(-2.77544 -0.733895 0)
(-3.33408 -0.387219 0)
(-3.62509 -0.10504 0)
(-3.61692 0.0637762 0)
(-3.33972 -0.059643 0)
(-2.73421 -0.550013 0)
(-1.69065 -1.23626 0)
(-0.481373 -1.81486 0)
(0.519869 -2.20018 0)
(1.2572 -2.64823 0)
(1.93151 -3.31733 0)
(2.59114 -3.73484 0)
(3.11814 -3.78918 0)
(3.40918 -3.51339 0)
(3.47088 -2.85375 0)
(3.25128 -1.99258 0)
(2.78843 -0.98374 0)
(2.20668 0.124609 0)
(1.61702 1.3473 0)
(0.872258 2.4534 0)
(0.0493892 3.26511 0)
(-0.752438 3.72131 0)
(-1.45705 3.7791 0)
(-1.96219 3.46533 0)
(-2.09786 2.78669 0)
(-2.00107 1.99124 0)
(-1.63104 1.10724 0)
(-1.0287 0.1617 0)
(-0.287883 -0.718575 0)
(0.508933 -1.27996 0)
(1.2373 -1.54565 0)
(1.93743 -1.74777 0)
(2.56036 -1.65898 0)
(3.03713 -1.24987 0)
(3.27773 -0.599079 0)
(3.21702 0.146794 0)
(2.88113 0.844292 0)
(2.25783 1.42875 0)
(1.54609 1.91816 0)
(0.755697 2.11251 0)
(-0.0636043 2.19658 0)
(-0.863347 2.17573 0)
(-1.62021 2.09884 0)
(-2.30238 1.8853 0)
(-2.91734 1.47681 0)
(-3.47027 0.999457 0)
(-3.92407 0.397208 0)
(-4.18733 -0.378772 0)
(-4.11656 -1.3043 0)
(-3.69702 -2.03112 0)
(-3.15594 -2.50167 0)
(-2.54317 -2.85019 0)
(-1.82072 -3.03267 0)
(-1.00251 -2.99996 0)
(-0.187253 -2.72665 0)
(0.50271 -2.2758 0)
(1.05256 -1.80356 0)
(1.47928 -1.28676 0)
(1.78042 -0.789152 0)
(2.0144 -0.226885 0)
(2.00598 0.38223 0)
(1.85177 0.933326 0)
(1.57919 1.29927 0)
(1.26397 1.47564 0)
(0.960443 1.49708 0)
(0.716128 1.38017 0)
(0.566683 1.1526 0)
(0.497898 0.871969 0)
(0.491685 0.561338 0)
(0.571426 0.277969 0)
(0.718265 -0.068966 0)
(0.988226 -0.243213 0)
(1.25308 -0.307255 0)
(1.5021 -0.318974 0)
(1.724 -0.278243 0)
(1.91012 -0.123265 0)
(2.02107 0.115 0)
(2.02465 0.416683 0)
(1.89714 0.75214 0)
(1.62806 1.0737 0)
(1.23656 1.36229 0)
(0.710258 1.54724 0)
(0.124181 1.56023 0)
(-0.473882 1.54122 0)
(-1.05703 1.49467 0)
(-1.65522 1.31973 0)
(-2.26069 1.05346 0)
(-2.80189 0.65895 0)
(-3.20695 0.169707 0)
(-3.44783 -0.316909 0)
(-3.55462 -0.745684 0)
(-3.55822 -1.142 0)
(-3.43014 -1.51383 0)
(-3.15204 -1.81112 0)
(-2.74519 -2.03431 0)
(-2.23267 -2.16594 0)
(-1.64293 -2.18411 0)
(-1.01532 -2.09109 0)
(-0.375973 -1.90753 0)
(0.241988 -1.63143 0)
(0.780788 -1.23717 0)
(1.17921 -0.773381 0)
(1.49981 -0.33453 0)
(1.74505 0.0481845 0)
(1.87846 0.393711 0)
(-13.2182 -1.05927 0)
(-10.8916 0.943646 0)
(-8.45292 3.21736 0)
(-6.11676 5.12834 0)
(-4.10252 6.00332 0)
(-2.72646 5.59293 0)
(-2.02539 4.06373 0)
(-1.64175 2.27239 0)
(-1.4418 0.885253 0)
(-1.30549 -0.224996 0)
(-1.22714 -1.09126 0)
(-1.41539 -1.60797 0)
(-1.50724 -1.82503 0)
(-1.26396 -1.43338 0)
(-1.07574 -0.622129 0)
(-0.956417 0.272551 0)
(-1.05344 0.841763 0)
(-1.26392 1.2062 0)
(-1.37724 1.52401 0)
(-1.39486 1.43896 0)
(-1.18123 1.16455 0)
(-0.600381 0.251211 0)
(0.415951 -0.899136 0)
(1.78395 -2.09839 0)
(4.09036 -3.41466 0)
(6.25841 -3.5869 0)
(7.7592 -3.90096 0)
(8.94482 -4.94336 0)
(9.82157 -5.16981 0)
(9.9951 -4.59383 0)
(9.59311 -3.67465 0)
(8.80481 -2.24904 0)
(7.68452 -0.714787 0)
(6.39272 0.685963 0)
(5.04402 1.58006 0)
(2.86734 2.63088 0)
(0.567839 3.42872 0)
(-1.69939 3.9383 0)
(-3.76681 4.17519 0)
(-5.45782 4.02198 0)
(-6.48854 3.46674 0)
(-6.74022 2.57811 0)
(-6.47093 1.49044 0)
(-5.7158 0.330322 0)
(-4.53769 -0.762087 0)
(-3.10124 -1.58222 0)
(-1.59854 -2.10651 0)
(0.0415428 -2.4056 0)
(1.4703 -2.44377 0)
(2.51233 -2.30766 0)
(3.12937 -1.82086 0)
(3.25776 -0.916134 0)
(2.97532 0.12073 0)
(2.3895 1.12488 0)
(1.56301 1.93187 0)
(0.640216 2.41868 0)
(-0.553565 2.8887 0)
(-1.69216 3.06322 0)
(-2.71299 3.12499 0)
(-3.58598 2.99208 0)
(-4.19626 2.72281 0)
(-4.56621 2.39896 0)
(-4.7459 1.87979 0)
(-4.83035 1.10256 0)
(-4.76489 -0.017139 0)
(-4.22028 -1.29944 0)
(-3.21427 -2.20556 0)
(-2.26985 -2.69105 0)
(-1.50608 -3.2185 0)
(-0.780317 -3.74448 0)
(-0.0312426 -4.0294 0)
(0.678443 -3.88334 0)
(1.15157 -3.37714 0)
(1.4468 -2.71118 0)
(1.73072 -1.93675 0)
(1.94005 -1.19779 0)
(2.1392 -0.412868 0)
(2.13717 0.433314 0)
(1.97188 1.05587 0)
(1.60369 1.44333 0)
(1.1921 1.63962 0)
(0.851135 1.62993 0)
(0.634618 1.43273 0)
(0.554489 1.15723 0)
(0.615973 0.87382 0)
(0.856424 0.584998 0)
(1.27246 0.230305 0)
(1.7782 -0.299612 0)
(2.27799 -0.47644 0)
(2.76203 -0.570144 0)
(3.16846 -0.569244 0)
(3.45183 -0.47359 0)
(3.59098 -0.269763 0)
(3.54758 0.0809995 0)
(3.33782 0.517213 0)
(2.9406 0.997523 0)
(2.3386 1.47183 0)
(1.54161 1.85013 0)
(0.615271 2.07458 0)
(-0.341722 2.25797 0)
(-1.30055 2.25074 0)
(-2.07245 2.15516 0)
(-2.79872 2.0884 0)
(-3.52404 1.81829 0)
(-4.14587 1.35798 0)
(-4.52154 0.728484 0)
(-4.6381 0.0816886 0)
(-4.64449 -0.459131 0)
(-4.65623 -0.964769 0)
(-4.61675 -1.52372 0)
(-4.46045 -2.08381 0)
(-4.15071 -2.55974 0)
(-3.68409 -2.84537 0)
(-3.12789 -2.9841 0)
(-2.47736 -2.96521 0)
(-1.78516 -2.75816 0)
(-1.10841 -2.34623 0)
(-0.500454 -1.80651 0)
(0.132739 -1.26958 0)
(0.733555 -0.910255 0)
(1.21876 -0.355035 0)
(1.63054 0.147916 0)
(-20.3649 -4.72574 0)
(-19.6127 -2.53557 0)
(-17.8889 -0.489512 0)
(-15.1144 1.08211 0)
(-11.5909 2.34632 0)
(-7.96244 3.07831 0)
(-5.09364 2.68858 0)
(-3.30983 1.42747 0)
(-1.99494 0.22595 0)
(-1.45947 -0.217684 0)
(-2.28516 -0.00624809 0)
(-4.5571 0.422381 0)
(-7.83209 0.470068 0)
(-11.9601 -0.0670657 0)
(-16.2339 -0.920776 0)
(-20.2742 -1.04491 0)
(-23.9661 -0.232885 0)
(-26.9988 -0.223281 0)
(-28.8012 -0.606208 0)
(-28.5313 -1.13723 0)
(-24.5723 -1.52783 0)
(-19.7431 -1.5868 0)
(-13.6268 -3.11045 0)
(-7.21686 -6.32002 0)
(0.921986 -7.32954 0)
(8.53546 -5.89559 0)
(14.939 -4.93735 0)
(20.8036 -4.51338 0)
(25.6252 -3.63565 0)
(28.3672 -2.53631 0)
(28.9106 -1.6965 0)
(28.0306 -0.740666 0)
(25.969 0.102297 0)
(23.1681 1.27038 0)
(19.8495 2.77344 0)
(16.2886 5.40861 0)
(12.5124 6.95741 0)
(8.60191 7.71701 0)
(4.3569 7.72007 0)
(0.0955774 6.78202 0)
(-3.40751 5.06804 0)
(-5.87412 2.73394 0)
(-6.88445 1.1401 0)
(-7.04631 -0.792654 0)
(-6.41232 -2.48859 0)
(-4.84591 -3.79006 0)
(-2.38213 -4.6134 0)
(0.252215 -4.7327 0)
(2.57861 -4.3481 0)
(4.44518 -3.53889 0)
(5.48889 -2.15996 0)
(5.53946 -0.381332 0)
(4.58096 1.16797 0)
(2.88893 2.22369 0)
(0.888311 3.27922 0)
(-1.93057 4.21051 0)
(-5.17177 4.4392 0)
(-8.4456 4.40035 0)
(-11.7865 4.25171 0)
(-15.0789 3.74448 0)
(-17.8741 2.91496 0)
(-19.7675 1.94251 0)
(-19.7957 1.05202 0)
(-18.7287 0.437551 0)
(-16.7794 -0.527446 0)
(-13.6683 -3.24435 0)
(-9.79563 -4.52583 0)
(-6.26095 -4.40617 0)
(-2.82784 -4.58041 0)
(0.874662 -4.73281 0)
(4.17753 -4.50376 0)
(6.96399 -3.62731 0)
(9.00546 -2.42524 0)
(10.172 -2.10098 0)
(10.4724 -1.6878 0)
(10.1406 -1.1717 0)
(9.37578 -0.593219 0)
(8.39583 0.235234 0)
(7.26266 1.51275 0)
(6.00835 2.13286 0)
(4.76667 2.30891 0)
(3.60877 2.15192 0)
(2.63258 1.75798 0)
(1.91748 1.22665 0)
(1.55185 0.61145 0)
(1.6429 -0.172045 0)
(2.06855 -0.641623 0)
(2.84401 -1.08074 0)
(3.77725 -1.27419 0)
(4.72526 -1.24511 0)
(5.52309 -1.04161 0)
(6.04559 -0.70886 0)
(6.17258 -0.249547 0)
(5.92389 0.308202 0)
(5.35054 0.941365 0)
(4.41896 1.66338 0)
(3.11899 2.40125 0)
(1.52407 3.07184 0)
(-0.424487 3.68027 0)
(-2.70672 3.64083 0)
(-4.83341 3.20396 0)
(-6.75164 2.93066 0)
(-8.45145 2.78873 0)
(-9.88094 2.4835 0)
(-10.9067 1.70006 0)
(-11.2808 0.516375 0)
(-10.9358 -0.393459 0)
(-10.1933 -0.762534 0)
(-9.22914 -1.10169 0)
(-8.01608 -1.78794 0)
(-6.71744 -2.29894 0)
(-5.29508 -2.81302 0)
(-3.81534 -3.18989 0)
(-2.43312 -3.37707 0)
(-1.20286 -3.33569 0)
(-0.123672 -3.14641 0)
(0.761685 -2.8863 0)
(1.43304 -2.52447 0)
(1.96357 -2.04447 0)
(2.33749 -1.40442 0)
(2.54839 -0.896222 0)
(2.72933 -0.290279 0)
(-5.71254 -1.70765 0)
(-8.63011 -1.47333 0)
(-8.93824 -1.56535 0)
(-7.39822 -1.43364 0)
(-4.83546 -1.49887 0)
(-1.17619 -0.651235 0)
(3.15111 -0.590494 0)
(6.40031 -0.583765 0)
(6.92623 -0.156276 0)
(4.92272 0.527962 0)
(3.50262 1.72083 0)
(1.16494 3.34767 0)
(-3.01594 5.05651 0)
(-8.74635 6.38901 0)
(-17.5774 7.19272 0)
(-26.1714 7.52857 0)
(-35.0132 7.31009 0)
(-43.4105 5.96533 0)
(-50.8965 3.10295 0)
(-57.0414 -1.4036 0)
(-61.3169 -6.69668 0)
(-61.4039 -11.2387 0)
(-53.4336 -14.1201 0)
(-49.7007 -14.1075 0)
(-48.8022 -17.6265 0)
(-37.9522 -17.2312 0)
(-25.4716 -16.1004 0)
(-10.9014 -17.3905 0)
(7.10142 -15.19 0)
(23.2468 -9.249 0)
(36.6315 -4.39852 0)
(46.3598 1.01894 0)
(51.6228 4.99364 0)
(52.3653 7.87259 0)
(49.8289 9.50888 0)
(45.1878 10.5655 0)
(39.3372 11.2307 0)
(32.7435 11.9367 0)
(25.706 12.7698 0)
(19.337 11.4796 0)
(13.6353 9.09094 0)
(8.83777 5.9264 0)
(5.37956 2.33405 0)
(3.24792 0.102247 0)
(2.56381 -2.80223 0)
(3.28086 -5.91827 0)
(5.05941 -7.06451 0)
(7.20688 -7.24684 0)
(9.26183 -6.49775 0)
(10.743 -4.89049 0)
(10.7222 -2.78107 0)
(9.93082 -0.238292 0)
(10.1155 2.3395 0)
(8.0479 4.6687 0)
(4.50518 6.67436 0)
(0.741339 8.49282 0)
(-4.43288 9.44549 0)
(-10.976 9.6496 0)
(-16.5034 9.66399 0)
(-22.3921 8.90067 0)
(-27.9788 7.1449 0)
(-32.8896 4.47613 0)
(-36.831 1.19642 0)
(-39.5243 -2.22809 0)
(-37.8345 -5.42124 0)
(-35.0998 -7.87699 0)
(-37.1235 -8.65903 0)
(-32.6623 -9.04317 0)
(-25.6087 -10.6514 0)
(-18.0035 -10.3475 0)
(-9.91273 -10.1565 0)
(-1.26589 -9.80982 0)
(7.03972 -6.96937 0)
(14.2774 -4.48336 0)
(19.9212 -1.76492 0)
(23.4305 0.166899 0)
(24.6509 1.69375 0)
(23.9745 2.77784 0)
(22.3909 3.50247 0)
(20.2127 3.85423 0)
(17.6507 3.9595 0)
(15.0016 3.67664 0)
(12.5431 3.03358 0)
(10.4998 2.15446 0)
(9.02986 1.15177 0)
(8.19929 0.0815197 0)
(7.92757 -0.997847 0)
(8.20038 -1.93664 0)
(8.90034 -2.37776 0)
(9.78297 -2.34202 0)
(10.6101 -1.90002 0)
(11.1353 -1.13093 0)
(11.0733 -0.128778 0)
(10.5104 0.988388 0)
(9.24626 2.18287 0)
(7.36116 3.33245 0)
(5.32101 4.39425 0)
(3.05315 5.29503 0)
(0.553874 5.97395 0)
(-2.28105 6.35632 0)
(-6.03265 6.32183 0)
(-10.2087 5.90884 0)
(-14.035 5.16359 0)
(-17.0831 4.0518 0)
(-19.3815 2.68169 0)
(-21.3235 1.16068 0)
(-24.3734 -0.44048 0)
(-25.8241 -2.0059 0)
(-24.6666 -3.25215 0)
(-22.3322 -4.18628 0)
(-19.2015 -4.68799 0)
(-15.201 -5.50749 0)
(-11.0416 -5.71687 0)
(-7.08667 -5.58316 0)
(-3.37411 -5.453 0)
(0.285416 -5.03466 0)
(3.48436 -3.89665 0)
(6.05149 -2.87184 0)
(7.82679 -2.11348 0)
(8.77466 -1.37713 0)
(9.08523 -0.749506 0)
(9.01799 -0.258592 0)
(19.303 3.00767 0)
(14.3402 1.15535 0)
(11.3708 -0.900147 0)
(10.1312 -2.74957 0)
(10.8933 -3.89113 0)
(13.2318 -4.70873 0)
(16.2348 -4.35931 0)
(18.998 -2.63844 0)
(20.9676 -0.0930599 0)
(20.7629 2.26535 0)
(17.9246 4.53796 0)
(12.7704 7.3078 0)
(5.8164 10.7547 0)
(-2.96649 14.8357 0)
(-13.5743 16.5257 0)
(-23.9923 17.1774 0)
(-34.3425 17.074 0)
(-44.1153 15.5838 0)
(-52.9742 12.5452 0)
(-61.1088 7.84096 0)
(-68.9397 1.38359 0)
(-76.7106 -5.96922 0)
(-83.3048 -11.8623 0)
(-85.9727 -16.242 0)
(-84.1805 -21.7232 0)
(-79.1304 -27.8649 0)
(-69.4667 -32.1876 0)
(-51.6373 -37.1776 0)
(-42.4456 -33.8751 0)
(-25.7579 -29.6373 0)
(-6.35704 -26.6234 0)
(14.6167 -15.7925 0)
(34.3923 -8.02209 0)
(50.9948 1.6765 0)
(62.5996 9.799 0)
(68.5891 15.9725 0)
(67.7812 19.8325 0)
(63.2093 21.5221 0)
(56.4919 21.1695 0)
(48.731 19.1299 0)
(40.7542 15.7275 0)
(33.3804 11.3916 0)
(27.1843 6.69361 0)
(22.8227 1.91242 0)
(20.2985 -2.64182 0)
(18.903 -6.32538 0)
(18.6264 -8.50789 0)
(19.292 -8.99475 0)
(20.0132 -7.80421 0)
(20.3057 -5.32103 0)
(19.9077 -2.25723 0)
(18.4506 0.826553 0)
(15.9158 4.09498 0)
(12.5223 7.563 0)
(8.31069 10.7918 0)
(2.14921 13.708 0)
(-1.2379 15.5597 0)
(-9.66743 16.2732 0)
(-15.5693 16.1211 0)
(-21.9501 15.229 0)
(-28.3223 13.4066 0)
(-34.426 10.6126 0)
(-40.328 6.83474 0)
(-46.0852 2.17617 0)
(-51.4618 -2.35896 0)
(-55.4208 -5.90679 0)
(-56.8876 -9.83973 0)
(-55.4101 -14.6459 0)
(-51.709 -18.4987 0)
(-44.6791 -21.347 0)
(-36.5566 -21.0593 0)
(-26.9235 -19.154 0)
(-16.3557 -17.3753 0)
(-5.24269 -15.7434 0)
(7.09102 -11.2704 0)
(18.2422 -6.37958 0)
(27.3774 -1.37046 0)
(33.7198 2.55545 0)
(37.1291 5.43625 0)
(37.245 7.11035 0)
(35.4171 7.63819 0)
(32.4921 7.28199 0)
(29.0978 6.29361 0)
(25.7736 4.79051 0)
(22.896 2.95031 0)
(20.6613 1.02184 0)
(19.1086 -0.720453 0)
(18.1567 -2.07492 0)
(17.6899 -2.84216 0)
(17.5613 -2.91397 0)
(17.5517 -2.31462 0)
(17.4327 -1.16201 0)
(17.0085 0.352821 0)
(16.1577 2.05288 0)
(14.8199 3.77634 0)
(12.9304 5.34715 0)
(10.429 6.73064 0)
(7.32844 8.09523 0)
(3.54741 9.60536 0)
(-0.998125 10.6474 0)
(-5.72397 10.9204 0)
(-10.5112 10.5599 0)
(-15.431 9.69129 0)
(-20.5135 8.23283 0)
(-25.4379 6.55731 0)
(-29.7948 4.87437 0)
(-33.2729 2.66266 0)
(-35.8532 -0.523016 0)
(-37.4552 -4.09329 0)
(-37.3612 -7.13554 0)
(-35.4007 -9.34798 0)
(-31.6601 -11.0867 0)
(-27.2068 -11.099 0)
(-21.302 -11.0699 0)
(-15.051 -10.5021 0)
(-8.95574 -9.65704 0)
(-3.01531 -8.91011 0)
(3.20914 -7.20984 0)
(8.63993 -4.69803 0)
(13.0578 -2.6445 0)
(16.0766 -1.12203 0)
(17.6921 0.0414155 0)
(46.494 10.5565 0)
(39.0432 6.4084 0)
(34.1461 2.34739 0)
(31.7207 -1.44602 0)
(31.2189 -4.50875 0)
(32.5895 -6.296 0)
(34.5699 -6.52487 0)
(36.0224 -4.78992 0)
(35.2042 -0.981737 0)
(31.9825 4.09281 0)
(26.1028 9.43254 0)
(18.1323 14.8435 0)
(7.47916 21.3839 0)
(-3.01619 25.622 0)
(-14.1571 27.5919 0)
(-25.7975 28.3802 0)
(-36.0171 27.4845 0)
(-45.5264 24.7897 0)
(-53.9366 20.604 0)
(-61.4384 15.1796 0)
(-68.3775 8.75353 0)
(-74.9705 1.71178 0)
(-80.9091 -5.48825 0)
(-85.3945 -13.1472 0)
(-88.162 -22.3174 0)
(-89.3655 -32.1277 0)
(-88.2569 -40.673 0)
(-83.3765 -45.1883 0)
(-74.1649 -46.2949 0)
(-60.3019 -45.6958 0)
(-43.6349 -43.344 0)
(-27.197 -37.5725 0)
(-7.62851 -31.8151 0)
(14.7936 -19.2594 0)
(36.3068 -8.84652 0)
(55.6012 4.57255 0)
(69.7196 15.716 0)
(77.3408 23.579 0)
(78.2738 27.3652 0)
(74.5562 27.2408 0)
(68.4501 24.3214 0)
(61.0759 19.4422 0)
(53.6726 13.3809 0)
(47.1356 7.02256 0)
(41.8619 0.970628 0)
(37.7935 -4.13795 0)
(34.7381 -7.46189 0)
(32.464 -8.523 0)
(30.6516 -7.38315 0)
(28.908 -4.54265 0)
(26.8161 -0.690231 0)
(24.025 3.57354 0)
(20.4055 7.95609 0)
(16.0131 12.2807 0)
(10.9032 16.1486 0)
(4.52098 19.1097 0)
(-0.315575 21.4232 0)
(-7.35237 22.8509 0)
(-14.0188 22.7466 0)
(-20.5533 21.6352 0)
(-27.1454 19.638 0)
(-33.4993 16.7042 0)
(-39.6509 12.9005 0)
(-45.6356 8.35829 0)
(-51.309 3.35138 0)
(-56.2265 -1.95307 0)
(-59.9878 -7.85777 0)
(-62.5532 -14.4129 0)
(-63.8107 -20.8778 0)
(-62.5659 -25.772 0)
(-58.1786 -28.7287 0)
(-50.5754 -29.9567 0)
(-40.1791 -29.5221 0)
(-28.9352 -27.0384 0)
(-17.0026 -24.1041 0)
(-4.33063 -20.7969 0)
(9.91949 -13.5517 0)
(23.1388 -7.3746 0)
(34.4936 -0.282777 0)
(42.5508 5.23093 0)
(46.8068 8.82421 0)
(47.2192 10.2405 0)
(45.364 9.85168 0)
(42.4101 8.34737 0)
(38.9944 6.24561 0)
(35.6241 3.85135 0)
(32.6106 1.49458 0)
(30.0931 -0.487901 0)
(28.0913 -1.79082 0)
(26.5403 -2.23446 0)
(25.3096 -1.79552 0)
(24.205 -0.579274 0)
(22.9981 1.20841 0)
(21.4849 3.32758 0)
(19.5273 5.58387 0)
(17.0307 7.82144 0)
(13.9383 9.97485 0)
(10.2694 12.0476 0)
(6.05411 13.9583 0)
(1.32067 15.3052 0)
(-2.51487 15.9272 0)
(-9.08802 15.8867 0)
(-14.1089 15.1448 0)
(-19.5789 13.7586 0)
(-24.9794 11.8041 0)
(-29.9963 9.30558 0)
(-34.4765 6.17513 0)
(-38.4081 2.38294 0)
(-41.8053 -1.86906 0)
(-44.4285 -6.27054 0)
(-45.8053 -10.4462 0)
(-45.0925 -13.8723 0)
(-42.2779 -16.2963 0)
(-37.4891 -17.6702 0)
(-31.0942 -17.9203 0)
(-23.6227 -17.1713 0)
(-15.8463 -15.7434 0)
(-8.31605 -14.1169 0)
(-0.42129 -12.4899 0)
(7.60417 -8.89731 0)
(14.6667 -5.26235 0)
(20.2605 -2.3439 0)
(70.3523 19.9699 0)
(62.5298 13.579 0)
(56.9572 6.82994 0)
(53.8121 0.344862 0)
(52.4163 -4.88865 0)
(52.1114 -7.72858 0)
(51.1207 -7.22798 0)
(48.4419 -3.25541 0)
(43.7634 3.27619 0)
(36.9161 10.8699 0)
(28.1199 18.4823 0)
(17.6884 25.9344 0)
(3.95056 32.3233 0)
(-2.76106 36.5777 0)
(-17.4245 39.1272 0)
(-27.4424 39.1723 0)
(-36.8714 37.0015 0)
(-45.8611 33.318 0)
(-53.9544 28.3265 0)
(-61.323 22.1476 0)
(-68.0462 14.9958 0)
(-74.0509 7.19346 0)
(-79.1102 -0.926461 0)
(-82.9757 -9.39556 0)
(-85.7876 -18.6654 0)
(-87.9698 -28.849 0)
(-89.5328 -39.5056 0)
(-89.551 -49.3929 0)
(-85.381 -56.0934 0)
(-76.8924 -59.5347 0)
(-64.6792 -59.0212 0)
(-49.5644 -54.752 0)
(-32.8436 -48.5373 0)
(-15.7154 -41.1382 0)
(5.56559 -32.5709 0)
(28.0681 -17.1607 0)
(49.2076 -1.13201 0)
(66.5552 12.6864 0)
(78.4586 23.1443 0)
(84.5278 29.0492 0)
(83.9557 29.5292 0)
(80.0545 26.204 0)
(74.2558 20.523 0)
(67.7506 13.7033 0)
(61.3526 6.79273 0)
(55.4122 0.831681 0)
(50.0591 -3.25794 0)
(45.3323 -4.96582 0)
(41.1627 -4.26271 0)
(37.3533 -1.55464 0)
(33.6006 2.50501 0)
(29.5776 7.2734 0)
(25.0562 12.3154 0)
(19.9442 17.3346 0)
(14.2452 21.8414 0)
(8.00223 25.2048 0)
(1.44521 27.7737 0)
(-5.1894 29.4177 0)
(-11.9202 29.5242 0)
(-18.8337 28.3933 0)
(-25.7208 26.2571 0)
(-32.3862 23.094 0)
(-38.7592 18.9721 0)
(-44.7641 14.0507 0)
(-50.2658 8.54504 0)
(-55.0749 2.59009 0)
(-59.0917 -3.90628 0)
(-62.4078 -11.0526 0)
(-65.0941 -18.7119 0)
(-66.829 -26.3547 0)
(-66.5668 -32.8678 0)
(-62.8055 -37.1183 0)
(-56.1435 -39.2237 0)
(-46.6834 -38.9868 0)
(-35.2408 -36.5227 0)
(-23.0785 -32.6594 0)
(-10.535 -28.1912 0)
(3.86975 -22.8454 0)
(18.7294 -13.8158 0)
(32.5078 -4.88126 0)
(43.6778 2.69152 0)
(51.0929 8.2572 0)
(54.6412 11.1463 0)
(54.2157 11.2982 0)
(52.079 9.78461 0)
(48.9187 7.42715 0)
(45.3861 4.83859 0)
(41.8935 2.4727 0)
(38.6632 0.726481 0)
(35.7931 -0.121129 0)
(33.272 0.0348511 0)
(30.9986 1.14285 0)
(28.8076 3.0309 0)
(26.5007 5.45243 0)
(23.8917 8.14407 0)
(20.8422 10.8865 0)
(17.2767 13.564 0)
(13.1889 16.1209 0)
(8.62657 18.3785 0)
(3.63958 20.0427 0)
(-1.59452 21.1341 0)
(-6.90814 21.4287 0)
(-12.3827 20.6474 0)
(-17.9623 19.1662 0)
(-23.4099 17.054 0)
(-28.5672 14.286 0)
(-33.3411 10.8292 0)
(-37.7057 6.67284 0)
(-41.6548 1.91976 0)
(-45.1006 -3.2633 0)
(-47.8574 -8.71658 0)
(-49.6178 -14.1218 0)
(-49.7629 -18.8314 0)
(-47.4525 -22.2596 0)
(-43.1355 -24.3739 0)
(-36.8869 -25.0437 0)
(-29.1301 -24.3459 0)
(-20.5881 -22.5832 0)
(-12.0543 -20.2426 0)
(-3.4904 -17.7714 0)
(5.9104 -14.1627 0)
(14.6811 -9.14307 0)
(87.1039 27.8876 0)
(80.4847 19.8834 0)
(75.4314 11.1536 0)
(71.841 3.02304 0)
(68.9269 -2.87082 0)
(65.7192 -5.10547 0)
(61.3978 -3.13882 0)
(55.5573 2.47448 0)
(48.1679 10.5698 0)
(39.1982 19.8132 0)
(28.7237 29.2913 0)
(17.1025 37.6198 0)
(5.24849 43.3962 0)
(-6.21722 47.6193 0)
(-16.7562 49.821 0)
(-26.4542 48.943 0)
(-35.76 46.0306 0)
(-44.5557 41.7394 0)
(-52.7033 36.1214 0)
(-60.2117 29.2968 0)
(-67.0554 21.4529 0)
(-73.1379 12.7935 0)
(-78.2845 3.49705 0)
(-82.2921 -6.38375 0)
(-85.1074 -16.8507 0)
(-86.8949 -27.7515 0)
(-87.8538 -38.849 0)
(-87.9386 -49.7945 0)
(-86.4721 -59.7399 0)
(-81.7349 -66.9879 0)
(-73.2447 -70.4268 0)
(-61.41 -69.5763 0)
(-47.289 -65.0411 0)
(-28.9323 -58.9737 0)
(-14.5509 -50.087 0)
(4.36482 -40.319 0)
(27.2101 -23.2476 0)
(47.241 -5.04998 0)
(65.0841 9.73677 0)
(78.7508 21.353 0)
(86.8384 28.2842 0)
(88.6001 29.2879 0)
(86.0316 25.7883 0)
(81.3185 19.9432 0)
(75.3133 13.2954 0)
(68.8102 7.1549 0)
(62.3314 2.62416 0)
(56.1874 0.380793 0)
(50.5166 0.599632 0)
(45.2749 3.00538 0)
(40.2656 7.03894 0)
(35.2132 12.0778 0)
(29.8707 17.5932 0)
(24.1006 23.1026 0)
(17.9003 28.0229 0)
(11.3014 31.8237 0)
(4.44197 34.6016 0)
(-2.60268 36.2334 0)
(-9.74464 36.5023 0)
(-16.9606 35.4442 0)
(-24.114 33.1692 0)
(-31.0324 29.7452 0)
(-37.5979 25.2671 0)
(-43.7077 19.8635 0)
(-49.2391 13.7015 0)
(-54.0543 6.91961 0)
(-58.064 -0.411373 0)
(-61.2907 -8.22005 0)
(-63.8296 -16.3672 0)
(-65.7147 -24.6726 0)
(-66.7437 -32.8867 0)
(-66.2785 -40.3405 0)
(-62.7751 -45.4972 0)
(-56.4217 -48.0574 0)
(-47.3821 -47.9264 0)
(-36.2874 -45.3294 0)
(-24.1162 -40.9101 0)
(-11.5932 -35.5962 0)
(2.24886 -29.524 0)
(17.5474 -19.9475 0)
(32.0103 -9.41245 0)
(44.2723 -0.382954 0)
(53.0885 6.5021 0)
(58.1909 10.5937 0)
(59.4097 11.6765 0)
(57.8895 10.5844 0)
(55.0622 8.48595 0)
(51.5384 6.2102 0)
(47.7956 4.29867 0)
(44.1332 3.14805 0)
(40.6885 2.99615 0)
(37.4741 3.89258 0)
(34.4048 5.72447 0)
(31.3316 8.26645 0)
(28.0821 11.2485 0)
(24.4997 14.429 0)
(20.478 17.6344 0)
(15.9845 20.7027 0)
(11.0674 23.3766 0)
(5.81963 25.3496 0)
(0.361592 26.519 0)
(-5.21161 26.8404 0)
(-10.8587 26.2243 0)
(-16.5094 24.738 0)
(-22.0146 22.4118 0)
(-27.228 19.2757 0)
(-32.0533 15.3763 0)
(-36.4446 10.7842 0)
(-40.3839 5.60896 0)
(-43.8439 -0.0181799 0)
(-46.7781 -5.99692 0)
(-49.1021 -12.2122 0)
(-50.6112 -18.4457 0)
(-50.8804 -24.1991 0)
(-48.9191 -28.5145 0)
(-44.7954 -31.144 0)
(-38.7253 -32.0994 0)
(-31.0154 -31.4279 0)
(-22.2936 -29.4602 0)
(-13.3017 -26.5957 0)
(-4.31902 -23.2476 0)
(5.45318 -19.1213 0)
(97.6493 34.2004 0)
(92.4834 25.3004 0)
(87.9515 15.5627 0)
(83.7771 6.86756 0)
(79.3725 1.18145 0)
(74.175 -0.181666 0)
(67.8269 3.00199 0)
(60.1779 9.9774 0)
(51.2188 19.5268 0)
(40.9533 30.348 0)
(29.5184 40.7931 0)
(17.7232 49.183 0)
(6.26424 55.1599 0)
(-4.82472 58.6269 0)
(-15.2149 59.6746 0)
(-24.9009 58.339 0)
(-34.1062 55.0714 0)
(-42.8333 50.2239 0)
(-50.965 43.971 0)
(-58.4477 36.4835 0)
(-65.233 27.9301 0)
(-71.2503 18.4638 0)
(-76.3951 8.21328 0)
(-80.5495 -2.7269 0)
(-83.632 -14.2742 0)
(-85.6106 -26.263 0)
(-86.4893 -38.4421 0)
(-86.2804 -50.545 0)
(-84.888 -62.1875 0)
(-81.8114 -72.4865 0)
(-75.4651 -79.1693 0)
(-65.7739 -81.6103 0)
(-53.1291 -80.0186 0)
(-38.7877 -74.6211 0)
(-20.9023 -67.0977 0)
(-8.8959 -56.1836 0)
(6.94961 -44.4618 0)
(31.2143 -26.2382 0)
(49.0321 -8.11264 0)
(66.4672 7.66233 0)
(79.6858 19.8542 0)
(87.5798 26.7606 0)
(89.8077 27.784 0)
(87.6991 24.4716 0)
(83.3832 19.2413 0)
(77.5903 13.7645 0)
(71.0954 9.30336 0)
(64.4916 6.78957 0)
(58.1025 6.61172 0)
(52.0342 8.67157 0)
(46.2001 12.5469 0)
(40.399 17.6775 0)
(34.416 23.4798 0)
(28.1225 29.3303 0)
(21.4959 34.559 0)
(14.5597 38.7201 0)
(7.34144 41.7547 0)
(-0.0911893 43.5265 0)
(-7.60328 43.8813 0)
(-15.0837 42.7956 0)
(-22.4115 40.3305 0)
(-29.4594 36.5706 0)
(-36.1144 31.6448 0)
(-42.2614 25.7098 0)
(-47.7899 18.9104 0)
(-52.6087 11.3861 0)
(-56.6462 3.25879 0)
(-59.8762 -5.33881 0)
(-62.3078 -14.2476 0)
(-63.9668 -23.2961 0)
(-64.8694 -32.3272 0)
(-64.9354 -41.1228 0)
(-63.7038 -49.0172 0)
(-59.8109 -54.3435 0)
(-53.2144 -56.6842 0)
(-44.2254 -56.1756 0)
(-33.418 -53.2022 0)
(-21.0705 -48.6627 0)
(-9.36765 -42.3685 0)
(4.36574 -35.0416 0)
(19.3374 -24.4301 0)
(33.1806 -12.5507 0)
(45.238 -2.66586 0)
(54.2868 5.00288 0)
(59.8269 9.8959 0)
(61.6979 11.7356 0)
(60.5712 11.2499 0)
(58.0138 9.73812 0)
(54.5778 8.11433 0)
(50.7717 6.97436 0)
(46.902 6.68427 0)
(43.1107 7.41864 0)
(39.4144 9.16358 0)
(35.7332 11.7572 0)
(31.9297 14.9499 0)
(27.8596 18.4775 0)
(23.419 22.099 0)
(18.5791 25.5621 0)
(13.39 28.5635 0)
(7.91641 30.7964 0)
(2.24741 32.1626 0)
(-3.54551 32.5714 0)
(-9.35357 31.9609 0)
(-15.076 30.3481 0)
(-20.607 27.7799 0)
(-25.8375 24.3137 0)
(-30.6723 20.0188 0)
(-35.0503 14.9816 0)
(-38.9391 9.31066 0)
(-42.3072 3.13623 0)
(-45.1241 -3.40757 0)
(-47.3633 -10.2061 0)
(-48.9937 -17.1321 0)
(-49.9139 -23.9994 0)
(-49.8055 -30.3722 0)
(-47.819 -35.2724 0)
(-43.5737 -38.0921 0)
(-37.5221 -39.0443 0)
(-29.8955 -38.182 0)
(-21.2512 -35.8645 0)
(-12.213 -32.4839 0)
(-3.11755 -28.3472 0)
(102.862 38.5267 0)
(99.209 29.6573 0)
(95.2823 19.8968 0)
(90.901 11.5108 0)
(85.7134 6.58541 0)
(79.4606 6.30068 0)
(72.0172 10.6988 0)
(63.3464 18.955 0)
(53.4616 29.8413 0)
(42.4298 41.7036 0)
(30.6795 52.2807 0)
(19.2052 60.6966 0)
(7.89389 66.3076 0)
(-3.0794 69.2451 0)
(-13.4899 69.7049 0)
(-23.2561 67.8305 0)
(-32.4499 64.0277 0)
(-41.07 58.6229 0)
(-49.0495 51.7724 0)
(-56.3672 43.6083 0)
(-62.8888 34.2421 0)
(-68.6687 23.9539 0)
(-73.6448 12.8333 0)
(-77.7436 0.903798 0)
(-80.8836 -11.7225 0)
(-82.9797 -24.8309 0)
(-83.9452 -38.1467 0)
(-83.7312 -51.4094 0)
(-82.3226 -64.3532 0)
(-79.6021 -76.4501 0)
(-74.9666 -86.4737 0)
(-66.8261 -91.9052 0)
(-55.9169 -92.8082 0)
(-42.9528 -89.1127 0)
(-28.2366 -81.2466 0)
(-12.2992 -71.2092 0)
(-2.94399 -59.6696 0)
(18.4986 -46.2324 0)
(35.4181 -27.6134 0)
(52.9813 -8.65824 0)
(68.5325 7.34653 0)
(79.8752 19.1298 0)
(86.6035 25.4832 0)
(88.1365 26.2794 0)
(85.9777 23.4642 0)
(81.7781 19.4132 0)
(76.2173 15.6987 0)
(69.9765 13.3574 0)
(63.5619 13.0312 0)
(57.2258 14.8816 0)
(50.9955 18.6518 0)
(44.7529 23.8575 0)
(38.3425 29.8815 0)
(31.6738 36.0059 0)
(24.6943 41.4941 0)
(17.4509 45.9945 0)
(9.88692 49.2689 0)
(2.11708 51.1607 0)
(-5.67168 51.522 0)
(-13.3086 50.2752 0)
(-20.7069 47.5689 0)
(-27.776 43.4834 0)
(-34.4264 38.1044 0)
(-40.504 31.5325 0)
(-45.9531 24.0359 0)
(-50.7001 15.7815 0)
(-54.684 6.87715 0)
(-57.868 -2.53894 0)
(-60.2309 -12.2709 0)
(-61.7605 -22.1202 0)
(-62.4724 -31.9219 0)
(-62.4118 -41.5303 0)
(-61.5402 -50.6571 0)
(-59.4036 -58.5307 0)
(-54.6956 -63.423 0)
(-47.5158 -65.1661 0)
(-38.2735 -64.0037 0)
(-27.7628 -60.2581 0)
(-14.9306 -55.0029 0)
(-5.23956 -47.5358 0)
(8.1462 -38.5746 0)
(22.2937 -26.6847 0)
(34.9304 -14.364 0)
(46.4159 -3.92226 0)
(55.0128 4.33031 0)
(60.226 9.71217 0)
(62.0854 12.0967 0)
(61.0634 12.2593 0)
(58.6443 11.5377 0)
(55.2888 10.8083 0)
(51.4766 10.6432 0)
(47.4957 11.3705 0)
(43.4664 13.0959 0)
(39.3898 15.7431 0)
(35.185 19.1113 0)
(30.7405 22.9337 0)
(25.9722 26.9139 0)
(20.8639 30.7263 0)
(15.4477 34.0026 0)
(9.77727 36.4701 0)
(3.91234 37.9941 0)
(-2.03437 38.4502 0)
(-7.92189 37.774 0)
(-13.6619 36.0117 0)
(-19.1717 33.1966 0)
(-24.3581 29.3592 0)
(-29.1274 24.5824 0)
(-33.4487 19.0481 0)
(-37.263 12.8819 0)
(-40.5298 6.17822 0)
(-43.2207 -0.942287 0)
(-45.3111 -8.33994 0)
(-46.7946 -15.8715 0)
(-47.6718 -23.3901 0)
(-47.8944 -30.6858 0)
(-47.2094 -37.3395 0)
(-44.8718 -42.4024 0)
(-40.3584 -45.0777 0)
(-34.2079 -45.7262 0)
(-26.6572 -44.4334 0)
(-18.2039 -41.6009 0)
(-9.36623 -37.5621 0)
(103.775 41.0835 0)
(101.583 32.9272 0)
(98.4741 23.8931 0)
(94.3298 16.3925 0)
(88.9929 12.5399 0)
(82.3765 13.4347 0)
(74.4836 19.0487 0)
(65.3585 28.5902 0)
(55.0414 40.6797 0)
(43.6337 52.9564 0)
(32.1886 63.7872 0)
(20.7831 72.0991 0)
(9.44591 77.4878 0)
(-1.58579 80.0434 0)
(-12.0646 79.808 0)
(-21.894 77.3163 0)
(-31.0625 72.9006 0)
(-39.4818 66.8048 0)
(-47.09 59.2334 0)
(-53.9267 50.3584 0)
(-60.0793 40.3239 0)
(-65.5428 29.2419 0)
(-70.083 17.2412 0)
(-73.9126 4.48143 0)
(-76.9334 -9.06457 0)
(-79.0308 -23.2259 0)
(-80.0907 -37.7006 0)
(-80.0055 -52.1691 0)
(-78.7279 -66.335 0)
(-76.2504 -79.8255 0)
(-72.4023 -91.8594 0)
(-66.3702 -100.757 0)
(-57.1375 -104.001 0)
(-45.8746 -102.135 0)
(-32.9509 -95.4355 0)
(-18.4036 -85.6021 0)
(-3.48478 -74.6517 0)
(10.6157 -61.3463 0)
(25.7602 -44.9589 0)
(42.0054 -25.2689 0)
(57.2715 -6.63503 0)
(70.1184 8.71906 0)
(79.2479 19.5095 0)
(84.2341 24.975 0)
(84.5731 25.5484 0)
(82.1691 23.5586 0)
(78.0016 21.0783 0)
(72.6992 19.4084 0)
(66.8076 19.3367 0)
(60.658 21.2112 0)
(54.3948 25.0027 0)
(47.9968 30.3356 0)
(41.387 36.5821 0)
(34.4956 42.95 0)
(27.3023 48.7225 0)
(19.8163 53.5641 0)
(11.9794 57.1011 0)
(3.95636 59.103 0)
(-4.01421 59.2911 0)
(-11.7507 57.8304 0)
(-19.1611 54.7922 0)
(-26.1298 50.2694 0)
(-32.5759 44.3913 0)
(-38.4791 37.3027 0)
(-43.8172 29.1534 0)
(-48.3677 20.0862 0)
(-52.1589 10.3972 0)
(-55.2209 0.206537 0)
(-57.4847 -10.3533 0)
(-58.9235 -21.0524 0)
(-59.5334 -31.6782 0)
(-59.3482 -42.0631 0)
(-58.4203 -52.0262 0)
(-56.6722 -61.1864 0)
(-53.5589 -68.6482 0)
(-47.8247 -72.5626 0)
(-40.0263 -73.2894 0)
(-30.7543 -70.9776 0)
(-20.4305 -65.875 0)
(-7.9579 -59.0129 0)
(-1.83384 -49.9112 0)
(13.794 -39.8854 0)
(25.5804 -27.5376 0)
(37.2646 -14.6896 0)
(47.6112 -3.78001 0)
(55.0929 4.7021 0)
(59.5538 10.3125 0)
(60.9938 13.1092 0)
(59.8659 13.9455 0)
(57.4666 14.134 0)
(54.1716 14.4692 0)
(50.3681 15.4212 0)
(46.304 17.2583 0)
(42.0662 20.0265 0)
(37.6395 23.587 0)
(32.9626 27.6842 0)
(27.9898 31.9875 0)
(22.7021 36.0852 0)
(17.1374 39.6198 0)
(11.3222 42.3435 0)
(5.30945 43.9999 0)
(-0.728363 44.3872 0)
(-6.63768 43.5809 0)
(-12.337 41.5913 0)
(-17.7389 38.4693 0)
(-22.781 34.293 0)
(-27.4381 29.1521 0)
(-31.681 23.1372 0)
(-35.3389 16.3613 0)
(-38.452 9.0812 0)
(-41.0086 1.38312 0)
(-42.9595 -6.62639 0)
(-44.2954 -14.7724 0)
(-45.0254 -22.8914 0)
(-45.1698 -30.8201 0)
(-44.7027 -38.3235 0)
(-43.3949 -44.9486 0)
(-40.5446 -49.723 0)
(-35.7049 -51.8654 0)
(-29.4518 -51.865 0)
(-22.0532 -49.885 0)
(-13.9406 -46.3155 0)
(101.396 41.9909 0)
(100.581 35.0391 0)
(98.4278 27.1688 0)
(94.8655 20.9526 0)
(89.8428 18.4514 0)
(83.3609 20.6982 0)
(75.4834 27.6738 0)
(66.2983 38.5858 0)
(55.7642 51.5274 0)
(44.6211 64.2352 0)
(33.3929 75.2196 0)
(21.9998 83.4893 0)
(10.6219 88.7211 0)
(-0.46753 90.8131 0)
(-11.0066 89.9846 0)
(-20.887 86.8531 0)
(-29.979 81.6472 0)
(-38.1336 74.6678 0)
(-45.2951 66.2301 0)
(-51.4972 56.556 0)
(-56.8843 45.7999 0)
(-61.6653 34.0311 0)
(-65.8805 21.3026 0)
(-69.1709 7.72864 0)
(-71.8773 -6.59673 0)
(-73.8286 -21.6565 0)
(-74.8851 -37.1633 0)
(-74.9458 -52.7683 0)
(-73.9169 -68.1264 0)
(-71.7513 -82.8409 0)
(-68.407 -96.2991 0)
(-63.6053 -107.316 0)
(-56.2768 -113.401 0)
(-46.3675 -113.45 0)
(-34.6523 -108.767 0)
(-21.3751 -100.286 0)
(-7.53562 -88.9788 0)
(5.74147 -74.9699 0)
(18.7617 -58.8085 0)
(33.3806 -40.8434 0)
(47.3027 -20.589 0)
(60.1381 -2.6531 0)
(70.4307 11.4689 0)
(77.2539 20.8798 0)
(80.4585 25.4102 0)
(79.7101 26.0189 0)
(77.0615 25.1813 0)
(72.9413 24.5212 0)
(67.8948 25.0456 0)
(62.2913 27.2756 0)
(56.3072 31.306 0)
(50.0143 36.8788 0)
(43.4248 43.4131 0)
(36.445 49.9956 0)
(29.2086 56.1469 0)
(21.573 61.341 0)
(13.5733 65.1412 0)
(5.40047 67.1819 0)
(-2.68532 67.2048 0)
(-10.4852 65.4485 0)
(-17.8693 61.9723 0)
(-24.6942 56.9083 0)
(-30.8653 50.4321 0)
(-36.3622 42.7245 0)
(-41.2465 33.9421 0)
(-45.5961 24.2214 0)
(-49.1651 13.7352 0)
(-51.9426 2.76899 0)
(-54.0427 -8.56144 0)
(-55.3571 -20.0718 0)
(-55.8819 -31.5037 0)
(-55.646 -42.6544 0)
(-54.6958 -53.3576 0)
(-53.0584 -63.3877 0)
(-50.5775 -72.2468 0)
(-46.5643 -78.8078 0)
(-40.0973 -81.2001 0)
(-32.138 -80.1617 0)
(-23.1297 -75.7797 0)
(-12.8048 -68.7997 0)
(-3.95749 -60.521 0)
(6.84956 -51.0291 0)
(17.6022 -39.3733 0)
(29.0263 -26.3271 0)
(39.4093 -13.1582 0)
(48.1702 -2.2081 0)
(54.374 6.21016 0)
(57.885 11.8691 0)
(58.6987 15.0027 0)
(57.3485 16.5506 0)
(54.8802 17.7283 0)
(51.6019 19.2227 0)
(47.7956 21.3926 0)
(43.6299 24.395 0)
(39.171 28.2004 0)
(34.4246 32.5917 0)
(29.3681 37.1804 0)
(24.0121 41.5298 0)
(18.4015 45.3669 0)
(12.5049 48.3244 0)
(6.4186 50.0653 0)
(0.337899 50.384 0)
(-5.57647 49.3983 0)
(-11.2249 47.1254 0)
(-16.5024 43.6363 0)
(-21.3322 39.0371 0)
(-25.6875 33.4477 0)
(-29.6037 26.9779 0)
(-33.133 19.7325 0)
(-36.0854 11.8477 0)
(-38.4146 3.54724 0)
(-40.2233 -5.04859 0)
(-41.4289 -13.8052 0)
(-42.0339 -22.5197 0)
(-42.0707 -31.0153 0)
(-41.5705 -39.1111 0)
(-40.504 -46.5405 0)
(-38.6225 -52.8024 0)
(-35.2125 -56.8351 0)
(-30.0776 -58.0947 0)
(-23.8096 -57.1117 0)
(-16.7327 -54.1605 0)
(96.7196 41.4344 0)
(97.0352 36.0215 0)
(95.9148 29.6304 0)
(93.1369 24.9343 0)
(88.6937 23.9468 0)
(82.6506 27.6995 0)
(75.1053 36.2319 0)
(66.0197 48.4466 0)
(55.7013 62.0835 0)
(45.0437 75.2916 0)
(33.9844 86.4813 0)
(22.6613 94.8627 0)
(11.274 100.014 0)
(0.141825 101.639 0)
(-10.4159 100.238 0)
(-20.2412 96.3231 0)
(-29.132 90.1667 0)
(-36.9186 82.1328 0)
(-43.5364 72.6182 0)
(-49.0311 61.9953 0)
(-53.5421 50.47 0)
(-57.3539 38.1061 0)
(-60.8209 24.818 0)
(-63.7041 10.5761 0)
(-65.831 -4.44774 0)
(-67.4898 -20.2341 0)
(-68.4193 -36.5898 0)
(-68.5405 -53.1535 0)
(-67.7685 -69.5555 0)
(-66.0121 -85.3808 0)
(-63.2106 -100.072 0)
(-59.2302 -112.689 0)
(-53.5141 -121.489 0)
(-45.0093 -123.508 0)
(-34.7111 -120.473 0)
(-23.107 -113.029 0)
(-10.7819 -101.941 0)
(1.5937 -87.8854 0)
(13.4864 -71.5361 0)
(25.4809 -53.6412 0)
(38.7536 -34.2154 0)
(50.5797 -14.1588 0)
(61.1053 2.52186 0)
(69.0055 15.0387 0)
(73.7922 23.0012 0)
(75.3708 26.8085 0)
(74.0095 27.9389 0)
(71.1243 28.5728 0)
(67.0578 29.9583 0)
(62.173 32.778 0)
(56.6968 37.2792 0)
(50.7441 43.2887 0)
(44.2843 50.0957 0)
(37.4815 57.0649 0)
(30.2893 63.622 0)
(22.6352 69.1988 0)
(14.6074 73.2872 0)
(6.39093 75.3562 0)
(-1.7218 75.1735 0)
(-9.49629 73.0383 0)
(-16.7729 69.0197 0)
(-23.3882 63.2919 0)
(-29.2351 56.1003 0)
(-34.2824 47.7001 0)
(-38.5872 38.292 0)
(-42.3466 27.9824 0)
(-45.6966 16.8448 0)
(-48.1025 5.08726 0)
(-49.9285 -6.96186 0)
(-51.0786 -19.2132 0)
(-51.489 -31.393 0)
(-51.2135 -43.2554 0)
(-50.2973 -54.627 0)
(-48.7775 -65.3322 0)
(-46.6455 -75.0606 0)
(-43.6638 -83.0848 0)
(-38.9859 -87.7529 0)
(-32.3881 -88.0043 0)
(-24.5797 -84.7575 0)
(-15.6549 -78.4905 0)
(-6.02825 -70.3861 0)
(3.39489 -60.7252 0)
(12.3003 -49.288 0)
(21.8868 -36.8059 0)
(32.0103 -23.139 0)
(40.6941 -10.0462 0)
(47.8814 0.638777 0)
(52.7483 8.79522 0)
(55.2377 14.4173 0)
(55.4093 17.9135 0)
(53.7926 20.2494 0)
(51.2044 22.5004 0)
(47.8764 25.2144 0)
(44.0092 28.6381 0)
(39.7154 32.8092 0)
(35.0425 37.5173 0)
(30.0148 42.3407 0)
(24.7407 47.0183 0)
(19.1468 51.1425 0)
(13.2634 54.3352 0)
(7.1918 56.1652 0)
(1.13185 56.3771 0)
(-4.72936 55.1591 0)
(-10.2773 52.5347 0)
(-15.3935 48.6004 0)
(-19.9876 43.508 0)
(-24.0194 37.4291 0)
(-27.5158 30.5073 0)
(-30.6051 22.8253 0)
(-33.3801 14.4431 0)
(-35.4763 5.53192 0)
(-37.0736 -3.62979 0)
(-38.149 -12.9606 0)
(-38.6397 -22.2505 0)
(-38.5904 -31.2878 0)
(-38.0467 -39.9025 0)
(-37.026 -47.8988 0)
(-35.473 -54.9604 0)
(-33.0918 -60.4767 0)
(-29.1772 -63.2125 0)
(-23.943 -63.2399 0)
(-17.8901 -61.0629 0)
(89.9448 39.3533 0)
(91.5429 35.8439 0)
(91.4407 31.1362 0)
(89.5685 28.1257 0)
(85.8781 28.8275 0)
(80.4625 34.3081 0)
(73.3446 44.5115 0)
(64.4804 57.8035 0)
(54.8753 72.3169 0)
(44.612 86.0212 0)
(33.7972 97.5815 0)
(22.6081 106.193 0)
(11.2698 111.323 0)
(0.17391 112.457 0)
(-10.2896 110.41 0)
(-19.9168 105.594 0)
(-28.467 98.3369 0)
(-35.757 89.0851 0)
(-41.7209 78.3414 0)
(-46.4189 66.5983 0)
(-49.9918 54.1819 0)
(-52.7381 41.2237 0)
(-55.159 27.557 0)
(-57.4869 12.8735 0)
(-58.9332 -2.76334 0)
(-60.1402 -19.1174 0)
(-60.8335 -36.1142 0)
(-60.9192 -53.4213 0)
(-60.3525 -70.6706 0)
(-59.015 -87.4375 0)
(-56.8019 -103.169 0)
(-53.611 -117.038 0)
(-49.1354 -127.626 0)
(-42.4214 -132.289 0)
(-33.6399 -130.612 0)
(-23.713 -124.183 0)
(-13.003 -113.563 0)
(-1.93442 -99.5446 0)
(8.95713 -83.0365 0)
(19.3199 -64.9206 0)
(30.2287 -45.8715 0)
(41.8673 -25.6695 0)
(51.6847 -6.68907 0)
(60.064 8.2726 0)
(65.888 19.0381 0)
(68.9944 25.7599 0)
(69.4157 29.3635 0)
(67.6157 31.5071 0)
(64.5546 33.958 0)
(60.4764 37.6145 0)
(55.6244 42.819 0)
(50.0641 49.2983 0)
(44.0008 56.5473 0)
(37.4982 63.9936 0)
(30.4686 71.0027 0)
(22.947 77.0047 0)
(15.0247 81.4127 0)
(6.88664 83.5154 0)
(-1.13457 83.0918 0)
(-8.76981 80.5181 0)
(-15.8378 75.8741 0)
(-22.1575 69.3777 0)
(-27.6087 61.3469 0)
(-32.1552 52.1305 0)
(-35.8413 42.0223 0)
(-38.8624 31.173 0)
(-41.6073 19.539 0)
(-43.8245 7.13607 0)
(-45.2035 -5.62345 0)
(-46.1273 -18.5364 0)
(-46.3849 -31.3694 0)
(-46.0481 -43.8505 0)
(-45.1891 -55.8029 0)
(-43.8336 -67.0665 0)
(-41.9936 -77.4062 0)
(-39.6034 -86.3278 0)
(-36.2334 -92.7319 0)
(-31 -94.5132 0)
(-24.384 -92.5139 0)
(-16.7082 -87.3065 0)
(-8.32519 -79.478 0)
(0.17893 -69.5145 0)
(8.45459 -57.9481 0)
(16.4748 -45.4668 0)
(25.0532 -32.2925 0)
(33.6331 -18.308 0)
(40.8303 -5.65754 0)
(46.5254 4.5429 0)
(50.1182 12.343 0)
(51.6541 17.9416 0)
(51.2847 21.9132 0)
(49.3892 25.1464 0)
(46.6264 28.5665 0)
(43.1749 32.5761 0)
(39.1646 37.2113 0)
(34.6914 42.232 0)
(29.9078 47.425 0)
(24.7749 52.4154 0)
(19.3072 56.8381 0)
(13.5471 60.2785 0)
(7.58798 62.2079 0)
(1.63883 62.2968 0)
(-4.08989 60.8175 0)
(-9.47153 57.7963 0)
(-14.3732 53.3517 0)
(-18.6889 47.6796 0)
(-22.3668 41.0172 0)
(-25.4163 33.5794 0)
(-27.9523 25.4867 0)
(-30.2683 16.7372 0)
(-32.2511 7.34357 0)
(-33.541 -2.3934 0)
(-34.4565 -12.2588 0)
(-34.8266 -22.0783 0)
(-34.6902 -31.6114 0)
(-34.121 -40.685 0)
(-33.1537 -49.1415 0)
(-31.7824 -56.7491 0)
(-29.8919 -63.0891 0)
(-27.0582 -67.3852 0)
(-22.7639 -68.4354 0)
(-17.6651 -67.0665 0)
(81.4741 35.8665 0)
(84.5911 34.5182 0)
(85.4275 31.6442 0)
(84.4766 30.4344 0)
(81.6102 33.0276 0)
(76.8501 40.4492 0)
(70.0351 52.1342 0)
(62.0083 66.6814 0)
(53.0214 82.0099 0)
(43.2144 96.3617 0)
(32.7363 108.455 0)
(21.7569 117.388 0)
(10.57 122.537 0)
(-0.355884 123.151 0)
(-10.5803 120.371 0)
(-19.8554 114.526 0)
(-27.9169 106.02 0)
(-34.575 95.3989 0)
(-39.7646 83.2805 0)
(-43.5576 70.2701 0)
(-46.1431 56.8653 0)
(-47.777 43.2692 0)
(-49.0295 29.3381 0)
(-50.5417 14.4614 0)
(-51.3615 -1.63427 0)
(-51.9335 -18.4183 0)
(-52.2831 -35.844 0)
(-52.2404 -53.6401 0)
(-51.8152 -71.4839 0)
(-50.8877 -88.9684 0)
(-49.3062 -105.538 0)
(-46.956 -120.435 0)
(-43.6269 -132.433 0)
(-38.6464 -139.33 0)
(-31.5889 -139.038 0)
(-23.3775 -133.652 0)
(-14.3529 -123.645 0)
(-4.82635 -109.819 0)
(4.81474 -93.2097 0)
(14.1138 -74.8795 0)
(22.9987 -55.691 0)
(32.9455 -36.127 0)
(42.6429 -16.0379 0)
(50.7579 1.06907 0)
(57.2402 14.0905 0)
(61.3615 23.2582 0)
(63.1578 29.2594 0)
(62.8353 33.3998 0)
(60.6759 37.1416 0)
(57.395 41.8082 0)
(53.0718 47.6971 0)
(48.0973 54.7917 0)
(42.5574 62.6246 0)
(36.4293 70.6081 0)
(29.7135 78.1484 0)
(22.4621 84.625 0)
(14.7758 89.3696 0)
(6.85824 91.5236 0)
(-0.930671 90.8288 0)
(-8.2925 87.7634 0)
(-15.0305 82.4226 0)
(-20.9519 75.0725 0)
(-25.922 66.1059 0)
(-29.8991 55.9705 0)
(-32.9248 45.0701 0)
(-35.1654 33.6565 0)
(-37.1308 21.6772 0)
(-39.012 8.83072 0)
(-39.9321 -4.59354 0)
(-40.5499 -18.1008 0)
(-40.6148 -31.4799 0)
(-40.1842 -44.4533 0)
(-39.3767 -56.8537 0)
(-38.2179 -68.5476 0)
(-36.7028 -79.3392 0)
(-34.7934 -88.853 0)
(-32.2873 -96.2929 0)
(-28.4444 -99.921 0)
(-23.0873 -98.9655 0)
(-16.7993 -94.6512 0)
(-9.79651 -87.3072 0)
(-2.39765 -77.4669 0)
(5.04198 -65.801 0)
(12.216 -53.079 0)
(19.1845 -39.9024 0)
(26.8052 -26.2786 0)
(33.824 -12.3229 0)
(39.6786 -0.358871 0)
(44.0278 9.27595 0)
(46.5055 16.7534 0)
(47.216 22.4728 0)
(46.354 27.1358 0)
(44.2212 31.502 0)
(41.1841 36.1346 0)
(37.5448 41.2413 0)
(33.4544 46.7099 0)
(28.9624 52.2717 0)
(24.0872 57.6114 0)
(18.8547 62.3552 0)
(13.3241 66.052 0)
(7.58342 68.0924 0)
(1.84346 68.0469 0)
(-3.65865 66.2833 0)
(-8.78808 62.8302 0)
(-13.4012 57.826 0)
(-17.3764 51.5095 0)
(-20.6527 44.1827 0)
(-23.2253 36.1469 0)
(-25.2026 27.6258 0)
(-26.9286 18.6246 0)
(-28.6854 8.91596 0)
(-29.6588 -1.3633 0)
(-30.3693 -11.7246 0)
(-30.612 -22.0226 0)
(-30.3784 -31.9908 0)
(-29.7845 -41.4411 0)
(-28.8916 -50.2449 0)
(-27.7175 -58.2409 0)
(-26.2151 -65.138 0)
(-24.1669 -70.3537 0)
(-21.0293 -72.7235 0)
(-16.8962 -72.0138 0)
(71.9161 31.248 0)
(76.1017 31.8727 0)
(78.2497 31.1687 0)
(78.1512 31.9945 0)
(75.9482 36.617 0)
(71.6264 45.8523 0)
(65.6639 59.1459 0)
(58.4053 74.8482 0)
(50.068 91.1021 0)
(40.7953 106.26 0)
(30.7293 119.013 0)
(20.0603 128.359 0)
(9.1648 133.516 0)
(-1.41497 133.566 0)
(-11.2185 129.951 0)
(-19.9627 122.957 0)
(-27.3759 113.071 0)
(-33.2659 100.942 0)
(-37.5739 87.3274 0)
(-40.3888 72.9659 0)
(-41.9331 58.4749 0)
(-42.4395 44.1842 0)
(-42.4641 30.0436 0)
(-42.9941 15.2206 0)
(-43.2101 -1.14383 0)
(-43.0196 -18.2344 0)
(-42.9275 -35.8781 0)
(-42.6857 -53.8921 0)
(-42.3531 -72.0428 0)
(-41.8172 -89.9832 0)
(-40.8875 -107.166 0)
(-39.4071 -122.818 0)
(-37.2168 -135.853 0)
(-33.8895 -144.511 0)
(-28.7054 -145.782 0)
(-22.2577 -141.362 0)
(-15.008 -132.059 0)
(-7.14715 -118.615 0)
(1.05139 -102.057 0)
(9.21819 -83.5532 0)
(16.9167 -64.1557 0)
(24.55 -44.7008 0)
(33.7582 -25.232 0)
(41.3563 -6.30538 0)
(48.0971 8.58903 0)
(52.9899 19.7912 0)
(55.7571 27.9011 0)
(56.5091 33.9995 0)
(55.441 39.4076 0)
(52.9295 45.2277 0)
(49.3676 52.0236 0)
(45.0191 59.7987 0)
(39.9939 68.2284 0)
(34.3257 76.8164 0)
(28.0297 84.9431 0)
(21.1632 91.9278 0)
(13.8449 97.0305 0)
(6.29768 99.237 0)
(-1.09914 98.2403 0)
(-8.03502 94.6407 0)
(-14.3087 88.5511 0)
(-19.7186 80.2809 0)
(-24.1138 70.2976 0)
(-27.4438 59.1534 0)
(-29.7528 47.3779 0)
(-31.1881 35.364 0)
(-32.2856 23.1358 0)
(-33.7263 10.073 0)
(-34.1821 -3.9215 0)
(-34.4185 -17.9513 0)
(-34.247 -31.7623 0)
(-33.6927 -45.0844 0)
(-32.9311 -57.7798 0)
(-31.9886 -69.7557 0)
(-30.8393 -80.862 0)
(-29.4367 -90.7954 0)
(-27.6478 -98.9162 0)
(-25.02 -103.966 0)
(-20.9919 -104.046 0)
(-16.0596 -100.587 0)
(-10.4369 -93.8408 0)
(-4.30203 -84.3164 0)
(2.09882 -72.708 0)
(8.43773 -59.7999 0)
(14.416 -46.3237 0)
(20.3734 -32.8226 0)
(27.1071 -19.0277 0)
(32.6237 -5.55192 0)
(37.3232 5.6087 0)
(40.4987 14.7166 0)
(41.9931 22.0622 0)
(41.94 28.1738 0)
(40.5542 33.714 0)
(38.1456 39.2063 0)
(35.0051 44.9095 0)
(31.3221 50.8246 0)
(27.1937 56.785 0)
(22.6675 62.5032 0)
(17.7748 67.5885 0)
(12.5683 71.5529 0)
(7.15207 73.712 0)
(1.73769 73.5265 0)
(-3.42791 71.4646 0)
(-8.20226 67.5538 0)
(-12.4363 61.9487 0)
(-15.9905 54.9287 0)
(-18.8034 46.8779 0)
(-20.895 38.2011 0)
(-22.3242 29.213 0)
(-23.404 19.9968 0)
(-24.7299 10.1581 0)
(-25.522 -0.544883 0)
(-25.9398 -11.3711 0)
(-26.033 -22.0994 0)
(-25.6907 -32.4342 0)
(-25.0696 -42.1752 0)
(-24.2574 -51.2167 0)
(-23.2829 -59.4444 0)
(-22.1367 -66.6578 0)
(-20.7068 -72.4307 0)
(-18.6244 -75.8821 0)
(-15.5627 -75.8713 0)
)
;

boundaryField
{
    inlet
    {
        type            calculated;
        value           nonuniform List<vector> 0();
    }
    outlet
    {
        type            calculated;
        value           nonuniform List<vector> 0();
    }
    topWall
    {
        type            calculated;
        value           nonuniform List<vector> 0();
    }
    lowerWall
    {
        type            calculated;
        value           uniform (0 0 0);
    }
    leadingEdge
    {
        type            calculated;
        value           nonuniform List<vector> 0();
    }
    trailingEdge
    {
        type            calculated;
        value           nonuniform List<vector> 0();
    }
    upperSurface
    {
        type            calculated;
        value           nonuniform List<vector> 0();
    }
    lowerSurface
    {
        type            calculated;
        value           nonuniform List<vector> 0();
    }
    frontAndBack
    {
        type            empty;
    }
    procBoundary2to1
    {
        type            processor;
        value           nonuniform List<vector> 
24
(
(54.7851 19.2773 0)
(43.0984 11.4326 0)
(31.0804 3.06256 0)
(19.2486 -5.95964 0)
(5.36365 -0.227492 0)
(5.0684 -0.453302 0)
(3.25382 -0.706845 0)
(2.1098 -1.15684 0)
(-1.80989 -1.56422 0)
(-15.6767 -3.20259 0)
(-20.4851 -6.31484 0)
(-0.868978 -2.47014 0)
(26.5467 4.94296 0)
(56.1858 14.8496 0)
(79.767 25.7078 0)
(94.7616 34.4046 0)
(103.093 40.9219 0)
(106.035 44.7408 0)
(105.034 46.1729 0)
(101.052 45.4297 0)
(94.3749 42.6501 0)
(86.0237 38.3675 0)
(76.4519 32.9007 0)
(65.9449 26.4921 0)
)
;
    }
    procBoundary2to3
    {
        type            processor;
        value           nonuniform List<vector> 
25
(
(-10.7675 -76.7997 0)
(-9.21765 -79.2791 0)
(-7.3998 -80.7709 0)
(-5.40997 -81.3322 0)
(-3.42692 -80.9859 0)
(2.0004 0.0414127 0)
(1.96936 0.201951 0)
(1.82475 0.437906 0)
(1.64273 0.558053 0)
(1.90753 0.686361 0)
(1.94103 0.535055 0)
(2.9115 0.175765 0)
(8.7867 0.153854 0)
(18.1421 0.817932 0)
(23.9874 -0.101033 0)
(22.2287 -4.83289 0)
(15.069 -13.1969 0)
(6.67505 -23.4541 0)
(-0.452555 -32.5611 0)
(-5.49507 -41.4694 0)
(-9.11854 -49.7285 0)
(-10.9819 -57.1321 0)
(-12.0368 -63.4618 0)
(-12.2862 -68.8393 0)
(-11.8888 -73.3344 0)
)
;
    }
    procBoundary2to6
    {
        type            processor;
        value           nonuniform List<vector> 
122
(
(14.8829 -2.38919 0)
(21.822 7.56692 0)
(26.9513 17.7371 0)
(29.3865 29.8124 0)
(30.0021 44.427 0)
(29.0554 62.1987 0)
(26.5141 82.7482 0)
(22.7482 104.836 0)
(17.8807 126.686 0)
(12.1374 146.63 0)
(5.74409 162.978 0)
(-0.944198 174.07 0)
(-7.16757 177.558 0)
(-7.16757 177.558 0)
(-14.8994 177.481 0)
(-17.0934 166.933 0)
(-17.9398 151.521 0)
(-17.4008 132.413 0)
(-15.5867 111.174 0)
(-12.6066 89.2426 0)
(-8.73921 67.6351 0)
(-4.53804 47.506 0)
(-0.795793 29.3475 0)
(3.9152 13.0123 0)
(9.75192 -0.408483 0)
(15.6368 -15.6165 0)
(19.1464 -29.2654 0)
(20.6491 -42.3261 0)
(21.0533 -55.6554 0)
(20.3085 -69.9475 0)
(18.3966 -85.2026 0)
(15.5502 -100.885 0)
(11.9635 -116.117 0)
(7.76216 -129.883 0)
(3.14525 -141.034 0)
(-1.57463 -148.099 0)
(-5.83245 -148.899 0)
(-9.32159 -144.586 0)
(-11.9574 -136.006 0)
(-13.5568 -123.642 0)
(-14.0649 -108.269 0)
(-13.6059 -90.8532 0)
(-12.3884 -72.3579 0)
(-10.5991 -53.7375 0)
(-8.30976 -35.9893 0)
(-5.53085 -20.3351 0)
(-2.33777 -8.62318 0)
(1.12017 4.66363 0)
(4.58753 25.0483 0)
(6.2785 38.5852 0)
(7.30788 51.2885 0)
(7.29275 64.0118 0)
(6.39781 76.8929 0)
(4.83181 89.7261 0)
(2.78401 102.093 0)
(0.402352 113.372 0)
(-2.19543 122.711 0)
(-4.7762 128.866 0)
(-6.8786 129.742 0)
(-8.29562 126.082 0)
(-9.01825 118.642 0)
(-8.97497 107.83 0)
(-8.16871 94.3504 0)
(-6.6912 78.9583 0)
(-4.74589 62.5379 0)
(-2.57376 46.06 0)
(-0.544554 30.3491 0)
(1.00069 16.1709 0)
(4.37623 5.49312 0)
(8.74404 -10.5394 0)
(11.7099 -25.4966 0)
(12.6451 -37.5051 0)
(12.9095 -48.4967 0)
(12.5012 -58.9367 0)
(11.3439 -69.1334 0)
(9.57326 -79.0829 0)
(7.32168 -88.5513 0)
(4.71276 -97.1026 0)
(1.88004 -104.085 0)
(-0.972083 -108.499 0)
(-3.49095 -108.603 0)
(-5.51631 -105.419 0)
(-7.00429 -99.2376 0)
(-7.8834 -90.3473 0)
(-8.15321 -79.2068 0)
(-7.8929 -66.3846 0)
(-7.23159 -52.5506 0)
(-6.28349 -38.4653 0)
(-5.02206 -25.1029 0)
(-3.24931 -13.6194 0)
(-1.23747 -5.44275 0)
(0.501611 9.21535 0)
(2.58776 24.0224 0)
(3.47916 35.5797 0)
(4.04565 46.1734 0)
(3.92099 56.0171 0)
(3.24621 65.2812 0)
(2.16536 73.9187 0)
(0.791553 81.7566 0)
(-0.772797 88.4541 0)
(-2.39693 93.3859 0)
(-3.81715 95.2786 0)
(-4.83234 93.6665 0)
(-5.42747 89.4483 0)
(-5.53787 82.7933 0)
(-5.13488 74.0134 0)
(-4.27704 63.5209 0)
(-3.11006 51.8799 0)
(-1.7991 39.7453 0)
(-0.534258 27.7823 0)
(0.400008 16.6778 0)
(1.66798 7.37395 0)
(4.52465 -0.441761 0)
(7.17286 -16.1096 0)
(8.12917 -26.4518 0)
(8.49568 -35.9063 0)
(8.40173 -44.5308 0)
(7.79096 -52.446 0)
(6.73933 -59.7464 0)
(5.34462 -66.4042 0)
(3.69038 -72.2479 0)
(1.86927 -76.9513 0)
)
;
    }
    procBoundary2to7
    {
        type            processor;
        value           uniform (0.0157154 -79.8849 0);
    }
}


// ************************************************************************* //
