/*--------------------------------*- C++ -*----------------------------------*\
| =========                 |                                                 |
| \\      /  F ield         | OpenFOAM: The Open Source CFD Toolbox           |
|  \\    /   O peration     | Version:  2206                                  |
|   \\  /    A nd           | Website:  www.openfoam.com                      |
|    \\/     M anipulation  |                                                 |
\*---------------------------------------------------------------------------*/
FoamFile
{
    version     2.0;
    format      ascii;
    arch        "LSB;label=32;scalar=64";
    class       volScalarField;
    location    "19.8";
    object      p;
}
// * * * * * * * * * * * * * * * * * * * * * * * * * * * * * * * * * * * * * //

dimensions      [0 2 -2 0 0 0 0];

internalField   nonuniform List<scalar> 
4867
(
-0.0570126
-0.0585317
-0.0593282
-0.0594038
-0.0587574
-0.0574339
-0.0555042
-0.053062
-0.0502194
-0.0471003
-0.043833
-0.0405466
-0.0373673
-0.0344143
-0.0318008
-0.0296231
-0.0279553
-0.0268746
-0.0264979
-0.0269062
-0.0279249
-0.029476
-0.0317233
-0.0346918
-0.0383225
-0.0425601
-0.0473304
-0.0525356
-0.0580579
-0.0637605
-0.0694892
-0.075077
-0.0803496
-0.085132
-0.089256
-0.0925655
-0.0949251
-0.0962864
-0.0965686
-0.0957726
-0.0939383
-0.0911356
-0.0874659
-0.0830576
-0.0780584
-0.0726271
-0.0669263
-0.0611152
-0.0553493
-0.049766
-0.0443962
-0.0391633
-0.0344548
-0.0306702
-0.0276414
-0.0252901
-0.023654
-0.0227305
-0.022498
-0.0229267
-0.0239753
-0.0255933
-0.0277212
-0.0302894
-0.0332176
-0.0364152
-0.039782
-0.0432109
-0.0465883
-0.0497999
-0.0527398
-0.0553075
-0.0574129
-0.058981
-0.0599575
-0.0603217
-0.0600603
-0.0591874
-0.0577424
-0.0557836
-0.0533847
-0.050635
-0.0476331
-0.0444821
-0.0412865
-0.0381474
-0.0351608
-0.0324157
-0.0299856
-0.0279446
-0.0263963
-0.0254145
-0.0248547
-0.0246457
-0.0249317
-0.0257584
-0.0270858
-0.0288797
-0.0310978
-0.0336827
-0.0365662
-0.0396696
-0.0429041
-0.0461724
-0.0493711
-0.0523931
-0.0551313
-0.0574812
-0.0593446
-0.0606352
-0.0613047
-0.0613032
-0.0606068
-0.0592256
-0.0571887
-0.0545467
-0.0513705
-0.0477466
-0.0437721
-0.039551
-0.0351884
-0.0307872
-0.0264123
-0.0219952
-0.0176063
-0.0137581
-0.0104902
-0.00762137
-0.00516941
-0.00314809
-0.00153883
-0.000312897
0.000562299
0.00114729
0.00143472
0.00168386
0.00107715
0.00117472
-0.00107345
-0.0471794
-0.0486639
-0.0494863
-0.0496492
-0.0491485
-0.0480238
-0.0463406
-0.0441847
-0.0416598
-0.0388811
-0.0359693
-0.0330457
-0.0302294
-0.0276383
-0.0253785
-0.0235356
-0.0221865
-0.0214129
-0.0213213
-0.0219745
-0.023217
-0.0249941
-0.0274513
-0.0306088
-0.0344106
-0.0388003
-0.0437024
-0.0490184
-0.0546301
-0.0604002
-0.0661747
-0.071787
-0.0770643
-0.0818331
-0.0859273
-0.0891931
-0.0914958
-0.0928067
-0.0930291
-0.0921744
-0.0902847
-0.0874307
-0.0837155
-0.0792679
-0.0742346
-0.0687734
-0.0630454
-0.0572064
-0.0514056
-0.0457459
-0.0401972
-0.0348647
-0.030298
-0.026572
-0.023505
-0.0211265
-0.0194647
-0.0185103
-0.0182413
-0.018625
-0.0196181
-0.0211678
-0.0232132
-0.0256844
-0.0285018
-0.0315766
-0.0348119
-0.0381043
-0.0413468
-0.0444295
-0.0472495
-0.0497122
-0.0517329
-0.0532414
-0.0541872
-0.0545476
-0.0543162
-0.0535039
-0.0521477
-0.0503028
-0.0480399
-0.0454432
-0.0426066
-0.0396282
-0.0366071
-0.0336401
-0.03082
-0.0282324
-0.02595
-0.024047
-0.0226174
-0.021718
-0.0212242
-0.0210866
-0.0214338
-0.0223046
-0.0236634
-0.0254777
-0.027705
-0.0302889
-0.033162
-0.0362465
-0.0394544
-0.0426898
-0.0458508
-0.0488323
-0.0515288
-0.0538378
-0.0556627
-0.0569164
-0.0575762
-0.0575602
-0.056861
-0.0554903
-0.0534764
-0.0508699
-0.0477413
-0.044176
-0.0402695
-0.0361231
-0.0318407
-0.0275121
-0.0231368
-0.0186671
-0.014493
-0.0109225
-0.00779681
-0.00506929
-0.00277805
-0.000923178
0.000512965
0.0015585
0.00224511
0.0026359
0.00269397
0.00274305
0.00186762
0.00169468
-0.000974065
-0.0374269
-0.0388619
-0.0396899
-0.0399122
-0.0395256
-0.0385652
-0.0370908
-0.0351815
-0.0329335
-0.0304539
-0.0278557
-0.0252535
-0.0227625
-0.0204938
-0.0185417
-0.0169918
-0.015923
-0.0154164
-0.0155703
-0.0164299
-0.0178505
-0.0198084
-0.0224398
-0.0257485
-0.029681
-0.034181
-0.0391722
-0.0445561
-0.050214
-0.0560091
-0.0617885
-0.0673873
-0.0726349
-0.0773611
-0.0814037
-0.0846109
-0.0868548
-0.0881103
-0.0882857
-0.0873946
-0.085479
-0.0826107
-0.0788933
-0.0744542
-0.0694376
-0.0639988
-0.0582939
-0.0524754
-0.0466781
-0.0409478
-0.035278
-0.0300612
-0.0256703
-0.0219761
-0.0189236
-0.016567
-0.0149199
-0.0139714
-0.0136984
-0.0140652
-0.0150257
-0.0165255
-0.0185033
-0.0208896
-0.0236061
-0.0265658
-0.0296745
-0.0328327
-0.0359385
-0.0388885
-0.0415837
-0.0439347
-0.0458624
-0.0473017
-0.0482061
-0.0485501
-0.0483367
-0.0475726
-0.0462923
-0.0445487
-0.0424089
-0.0399528
-0.0372689
-0.0344507
-0.0315922
-0.0287859
-0.0261217
-0.0236811
-0.0215349
-0.0197574
-0.0184345
-0.0176073
-0.0171639
-0.0170827
-0.0174835
-0.0183905
-0.0197714
-0.0215953
-0.0238204
-0.0263913
-0.0292416
-0.0322944
-0.0354633
-0.0386537
-0.0417659
-0.0446968
-0.0473433
-0.0496059
-0.05139
-0.0526118
-0.0532532
-0.0532315
-0.0525419
-0.0511965
-0.0492232
-0.0466727
-0.0436145
-0.0401326
-0.0363191
-0.0322733
-0.0280943
-0.0238322
-0.0194335
-0.0150723
-0.0112228
-0.00787854
-0.00491224
-0.00236629
-0.00026548
0.00139585
0.00263358
0.00347712
0.00395693
0.00414523
0.00395588
0.00377663
0.00264771
0.00220157
-0.000860722
-0.0278962
-0.0292698
-0.0300824
-0.0303343
-0.0300303
-0.0291997
-0.0278956
-0.0261916
-0.0241777
-0.0219535
-0.0196248
-0.0173012
-0.0150929
-0.0130982
-0.0114081
-0.0101086
-0.00927802
-0.00899634
-0.00935244
-0.0103719
-0.0119265
-0.0140242
-0.0167886
-0.020206
-0.0242258
-0.0287923
-0.0338285
-0.0392357
-0.044896
-0.0506736
-0.0564174
-0.0619657
-0.0671511
-0.0718075
-0.075775
-0.078908
-0.0811046
-0.0823043
-0.0824463
-0.0815422
-0.0796319
-0.0767874
-0.0731111
-0.068728
-0.0637783
-0.0584127
-0.0527817
-0.0470308
-0.0412614
-0.0354789
-0.0298438
-0.0248668
-0.0206319
-0.0169982
-0.0140141
-0.0117234
-0.0101309
-0.00922524
-0.00898126
-0.00935944
-0.0103106
-0.0117773
-0.0137003
-0.0160118
-0.0186353
-0.021486
-0.0244723
-0.0274984
-0.0304668
-0.0332807
-0.0358463
-0.0380791
-0.0399057
-0.0412662
-0.0421176
-0.0424347
-0.0422263
-0.0414966
-0.0402779
-0.0386209
-0.0365893
-0.0342588
-0.0317128
-0.0290399
-0.0263297
-0.0236707
-0.0211489
-0.0188417
-0.0168192
-0.015154
-0.0139239
-0.0131563
-0.0127509
-0.0127143
-0.0131587
-0.0140912
-0.0154831
-0.0173054
-0.0195166
-0.0220625
-0.0248777
-0.0278866
-0.0310044
-0.0341385
-0.0371914
-0.0400626
-0.0426515
-0.0448616
-0.0466011
-0.0478008
-0.0484221
-0.0484021
-0.0477336
-0.0464277
-0.0445127
-0.0420382
-0.0390725
-0.035697
-0.0320005
-0.0280793
-0.0240128
-0.0197878
-0.0154202
-0.0113633
-0.00783691
-0.00468492
-0.00191808
0.000412653
0.00229645
0.00373905
0.00475539
0.00538051
0.00563788
0.00562686
0.00518995
0.00476224
0.00338991
0.0026778
-0.000738781
-0.0187073
-0.0200122
-0.0207868
-0.021029
-0.0207774
-0.0200479
-0.0188778
-0.0173384
-0.015516
-0.0135031
-0.0114
-0.00931146
-0.0073366
-0.00556738
-0.00409426
-0.00300102
-0.0023651
-0.00226578
-0.00278022
-0.00390541
-0.00554956
-0.00775319
-0.0106073
-0.0140893
-0.0181528
-0.0227417
-0.0277785
-0.0331651
-0.0387849
-0.0445038
-0.0501738
-0.0556369
-0.06073
-0.0652915
-0.069167
-0.0722125
-0.0743688
-0.0755221
-0.0756464
-0.0747533
-0.0728796
-0.0700966
-0.0665041
-0.0622227
-0.0573876
-0.0521426
-0.0466332
-0.0409862
-0.0352551
-0.0294879
-0.0240871
-0.0193844
-0.0152821
-0.0117637
-0.00889877
-0.00671585
-0.00521768
-0.00439225
-0.0042128
-0.00462882
-0.00558646
-0.00703059
-0.00890417
-0.0111492
-0.0136883
-0.0164353
-0.0193019
-0.0221968
-0.025027
-0.0277014
-0.0301322
-0.0322405
-0.0339582
-0.0352302
-0.0360172
-0.0362971
-0.0360804
-0.0353707
-0.0341987
-0.0326127
-0.0306733
-0.028452
-0.0260278
-0.0234843
-0.0209067
-0.01838
-0.0159858
-0.0137977
-0.0118855
-0.0103197
-0.00916862
-0.00844088
-0.00806155
-0.0080643
-0.00854089
-0.00948749
-0.0108794
-0.0126887
-0.0148746
-0.0173837
-0.0201521
-0.0231055
-0.0261611
-0.0292285
-0.0322127
-0.0350162
-0.0375418
-0.0396946
-0.0413837
-0.0425718
-0.0431773
-0.0431663
-0.0425302
-0.0412773
-0.0394377
-0.037059
-0.0342061
-0.030958
-0.0274011
-0.0236214
-0.0196481
-0.0154488
-0.0113096
-0.00763677
-0.00436377
-0.00142922
0.0010994
0.00318895
0.00483233
0.00603491
0.00681076
0.00721504
0.00723521
0.00702205
0.0063598
0.00568142
0.0040765
0.00311058
-0.000612492
-0.00994237
-0.0111966
-0.0119294
-0.0120883
-0.0118609
-0.0112215
-0.010143
-0.0087271
-0.00705557
-0.00521173
-0.00329214
-0.00139181
0.00039851
0.00198728
0.00328731
0.00421763
0.00470235
0.00466379
0.00403752
0.00285312
0.00115935
-0.00111156
-0.00401313
-0.00751721
-0.0115816
-0.01615
-0.0211448
-0.0264691
-0.0320079
-0.0376301
-0.0431912
-0.0485375
-0.0535116
-0.0579596
-0.0617322
-0.0646894
-0.0667934
-0.0679156
-0.0680429
-0.0671861
-0.0653807
-0.0626956
-0.059227
-0.0550901
-0.0504133
-0.0453332
-0.0399859
-0.0344622
-0.0287927
-0.0232009
-0.0181483
-0.0136933
-0.00975485
-0.00640626
-0.00370389
-0.00166757
-0.000299162
0.000415443
0.00050698
2.45856e-05
-0.000965732
-0.00240474
-0.00423396
-0.00640238
-0.00885395
-0.0115031
-0.0142522
-0.017015
-0.0197049
-0.0222357
-0.0245263
-0.0265035
-0.0281045
-0.029279
-0.0299911
-0.0302222
-0.0299842
-0.0292803
-0.0281401
-0.0266095
-0.0247461
-0.0226174
-0.0202984
-0.0178681
-0.0154074
-0.0129975
-0.0107156
-0.00863228
-0.00681593
-0.00533565
-0.00424903
-0.00354386
-0.00318089
-0.00321746
-0.00371519
-0.00466486
-0.00604618
-0.00783176
-0.00998127
-0.0124426
-0.0151532
-0.0180407
-0.021024
-0.0240156
-0.0269233
-0.0296524
-0.0321101
-0.0342046
-0.0358467
-0.0370162
-0.0376156
-0.0376236
-0.0370314
-0.0358458
-0.0340971
-0.0318324
-0.0291121
-0.0260108
-0.0226127
-0.0189704
-0.0150557
-0.0109932
-0.00725025
-0.00391904
-0.00088518
0.00179193
0.00405509
0.0058829
0.007268
0.0082196
0.00874314
0.00891191
0.00870411
0.00828881
0.00741948
0.00650411
0.00468717
0.00348616
-0.000486483
-0.00170631
-0.00290291
-0.00360058
-0.00353779
-0.00329022
-0.00283302
-0.00179533
-0.000453428
0.00110672
0.00282189
0.00460281
0.00636189
0.00801067
0.00946128
0.0106304
0.0114399
0.0118146
0.0116799
0.0109906
0.00979087
0.00807911
0.00577793
0.00287052
-0.000615423
-0.00464067
-0.00914834
-0.0140616
-0.0192851
-0.0247065
-0.0301978
-0.0356189
-0.0408218
-0.0456562
-0.0499734
-0.0536282
-0.0565167
-0.0585575
-0.0596618
-0.0598123
-0.0590165
-0.0573093
-0.0547561
-0.0514477
-0.0474934
-0.0430137
-0.0381377
-0.0329785
-0.0275845
-0.0220567
-0.016826
-0.0121374
-0.00790991
-0.004189
-0.00105772
0.00144332
0.00329762
0.00450572
0.00507886
0.00505833
0.00450438
0.00347591
0.00202474
0.000213307
-0.0018906
-0.00423519
-0.00676908
-0.00940153
-0.0120306
-0.0145754
-0.0169577
-0.0191023
-0.0209414
-0.022418
-0.0234863
-0.0241137
-0.0242845
-0.0240128
-0.0233013
-0.0221782
-0.0206879
-0.0188848
-0.016833
-0.0146031
-0.0122699
-0.00991059
-0.00760253
-0.00541761
-0.00342496
-0.00169166
-0.000283163
0.000756813
0.00145262
0.00180323
0.00173999
0.00123211
0.000289234
-0.0010717
-0.00282354
-0.00492667
-0.00733037
-0.00997353
-0.0127856
-0.0156881
-0.0185961
-0.0214204
-0.0240703
-0.0264554
-0.0284855
-0.0301016
-0.0312411
-0.0318409
-0.0318779
-0.0313413
-0.0302374
-0.0285948
-0.0264593
-0.0238889
-0.0209545
-0.0177201
-0.0141763
-0.0103455
-0.00664405
-0.00332087
-0.000263912
0.00249684
0.00488507
0.00686308
0.00841303
0.00952801
0.0102147
0.0104852
0.0104354
0.0100053
0.00939211
0.00833473
0.00720434
0.00520525
0.00379489
-0.000364489
0.00594215
0.00490863
0.00429994
0.00434861
0.00464629
0.00514546
0.00614025
0.00741949
0.00890132
0.0105245
0.0122069
0.0138634
0.0154092
0.0167606
0.0178376
0.0185641
0.0188662
0.0186769
0.0179769
0.0167945
0.0150864
0.0127929
0.00991824
0.00648709
0.0025377
-0.00187299
-0.00666942
-0.0117584
-0.0170305
-0.0223618
-0.0276175
-0.0326563
-0.0373353
-0.0415102
-0.0450391
-0.0478637
-0.0498499
-0.0509493
-0.0511415
-0.0504297
-0.0488479
-0.0464571
-0.0433409
-0.0396015
-0.035353
-0.0307096
-0.0257424
-0.0205044
-0.0153015
-0.0105125
-0.00613882
-0.00217567
0.00127586
0.00415064
0.00641618
0.00805916
0.00907379
0.0094839
0.00934145
0.00871252
0.0076414
0.00617929
0.00438592
0.00232806
7.49846e-05
-0.00232263
-0.00481479
-0.00730667
-0.00970211
-0.0119298
-0.013922
-0.0156163
-0.0169606
-0.017914
-0.0184479
-0.0185478
-0.0182298
-0.0174986
-0.0163797
-0.0149157
-0.0131587
-0.0111689
-0.00901313
-0.00676236
-0.00449022
-0.00226917
-0.00016763
0.00174686
0.00340934
0.00476051
0.00577364
0.006467
0.00680361
0.00672269
0.00621486
0.00528741
0.00395559
0.00224637
0.000198369
-0.00213904
-0.00470642
-0.00743533
-0.0102498
-0.0130678
-0.0158037
-0.0183712
-0.0206822
-0.0226459
-0.0242361
-0.0253525
-0.0259603
-0.0260356
-0.0255656
-0.0245565
-0.0230346
-0.0210425
-0.0186381
-0.0158818
-0.0127769
-0.00930439
-0.00577007
-0.0025305
0.000464801
0.00323161
0.00568202
0.00776175
0.00944125
0.0107032
0.0115307
0.0119537
0.0119922
0.0117358
0.0110992
0.0103033
0.00908164
0.00776473
0.00562013
0.00403134
-0.000249664
0.0129692
0.0121195
0.0116677
0.0116573
0.0119725
0.0126041
0.0135806
0.0148236
0.0162621
0.0178295
0.0194479
0.0210364
0.0225141
0.0238011
0.0248203
0.0254976
0.0257617
0.0255593
0.0248933
0.0237493
0.0220649
0.0198143
0.017006
0.0136621
0.00982077
0.00553848
0.000889052
-0.00403688
-0.00913332
-0.0142815
-0.0193523
-0.0242114
-0.0287219
-0.0327448
-0.036167
-0.0389082
-0.0408541
-0.0419646
-0.0422173
-0.0416122
-0.04018
-0.0379772
-0.035081
-0.0315848
-0.0275939
-0.023191
-0.0184142
-0.0134494
-0.00872213
-0.00434595
-0.000283797
0.00336346
0.00650567
0.00909103
0.0110911
0.0124955
0.0132951
0.0135297
0.013273
0.0125665
0.0114521
0.00998169
0.00821317
0.00621004
0.0040398
0.00176818
-0.000560365
-0.00289373
-0.00513556
-0.0072029
-0.0090356
-0.0105783
-0.0117836
-0.0126152
-0.0130475
-0.0130676
-0.0126886
-0.0119275
-0.010802
-0.00935243
-0.00762873
-0.00568781
-0.00359283
-0.00141145
0.000786535
0.00293388
0.00496389
0.00681137
0.00841399
0.00972253
0.0107294
0.0114195
0.0117366
0.0116479
0.011149
0.0102444
0.00894936
0.00729029
0.0053048
0.00304086
0.0005561
-0.0020833
-0.00480408
-0.00752756
-0.0101718
-0.012653
-0.0148859
-0.0168056
-0.0183506
-0.0194504
-0.0200741
-0.0201983
-0.0198081
-0.0189053
-0.0175161
-0.015684
-0.0134599
-0.0108518
-0.00782182
-0.00457382
-0.00151375
0.00133215
0.00401922
0.00645757
0.0085768
0.0103361
0.0117081
0.0126673
0.0132134
0.0133952
0.0132223
0.012775
0.0119569
0.010999
0.0096426
0.00817321
0.0059229
0.00419128
-0.000144487
0.0193709
0.0186722
0.0183427
0.0183965
0.0187806
0.0194788
0.0204754
0.0217181
0.023143
0.024684
0.026268
0.0278182
0.0292575
0.0305096
0.0315003
0.0321572
0.0324155
0.0322466
0.0316393
0.0305407
0.0289064
0.026729
0.0240151
0.0207858
0.0170796
0.0129517
0.00847394
0.00373382
-0.00116706
-0.00611474
-0.0109864
-0.0156553
-0.0199912
-0.0238566
-0.0271808
-0.0298385
-0.0317564
-0.0328925
-0.0332235
-0.0327466
-0.0314851
-0.0294902
-0.0268359
-0.0236076
-0.0198858
-0.0157065
-0.011166
-0.00667141
-0.00244091
0.00157352
0.00528059
0.00857032
0.0113731
0.0136442
0.0153571
0.0164896
0.0170668
0.0171454
0.0167768
0.015996
0.0148461
0.0133772
0.0116446
0.00970819
0.00763131
0.0054784
0.00330823
0.00115802
-0.000914814
-0.00281656
-0.0044833
-0.00586728
-0.00692662
-0.00762984
-0.00795367
-0.00788506
-0.00743476
-0.00663546
-0.00549475
-0.00404912
-0.00234771
-0.000444273
0.0016011
0.00372395
0.00585961
0.0079439
0.00991244
0.0117021
0.013256
0.0145439
0.0155494
0.016225
0.0165267
0.0164387
0.0159551
0.0150796
0.0138275
0.0122246
0.0103075
0.00812273
0.00572594
0.00318086
0.000557857
-0.00206789
-0.00461846
-0.00701268
-0.00916876
-0.0110463
-0.0125508
-0.0136386
-0.0142814
-0.0144632
-0.0141693
-0.0133885
-0.0121431
-0.0104797
-0.0084058
-0.00587887
-0.00301985
-0.000237432
0.00237203
0.00489001
0.00723374
0.00931924
0.0110967
0.0125306
0.0135835
0.0142438
0.0145341
0.0145062
0.014143
0.0135269
0.0125614
0.0114667
0.0100028
0.00842298
0.00610874
0.00427234
-5.06471e-05
0.0251268
0.0245831
0.0243832
0.0245321
0.0250064
0.0257734
0.0268122
0.0280772
0.0295105
0.0310484
0.0326217
0.0341579
0.0355834
0.0368249
0.0378101
0.038471
0.038763
0.0386596
0.0381122
0.0370699
0.0355121
0.0334317
0.0308346
0.0277423
0.0241927
0.0202395
0.0159519
0.0114139
0.00672313
0.00198834
-0.00267469
-0.00714567
-0.0113014
-0.0150337
-0.0182441
-0.0208306
-0.0227311
-0.023905
-0.0243333
-0.0240058
-0.0229321
-0.0211618
-0.0187683
-0.0158201
-0.0123383
-0.00837876
-0.00428317
-0.000335184
0.00348348
0.00710794
0.0104154
0.0133194
0.0157601
0.0176987
0.0190972
0.0199584
0.020329
0.0202641
0.0197927
0.0189501
0.0177791
0.0163264
0.0146438
0.0127871
0.0108159
0.00879107
0.0067722
0.00480858
0.00293106
0.00120475
-0.000290764
-0.00151083
-0.00242051
-0.00299298
-0.00320449
-0.00303101
-0.00250133
-0.00165929
-0.0004992
0.000950691
0.00263868
0.00451347
0.00651817
0.00859264
0.010676
0.012706
0.0146199
0.0163593
0.0178844
0.0191652
0.020156
0.0208107
0.0211051
0.0210237
0.0205601
0.0197186
0.0185141
0.016972
0.0151277
0.0130262
0.0107212
0.0082738
0.00575109
0.00322412
0.000768762
-0.00153576
-0.00363391
-0.00545406
-0.00692805
-0.00800983
-0.00867198
-0.00891522
-0.00874102
-0.00811472
-0.00700403
-0.00546851
-0.00348673
-0.0010935
0.00132352
0.00361326
0.00587528
0.00803847
0.0100106
0.0117345
0.013168
0.0142696
0.0150065
0.0153953
0.0154736
0.01526
0.0147352
0.0139809
0.0129021
0.0117021
0.0101599
0.00851077
0.00617633
0.00427592
3.11512e-05
0.0302488
0.0298631
0.0297996
0.0300601
0.0306313
0.0314824
0.0325805
0.0338835
0.0353422
0.0368952
0.0384768
0.0400177
0.0414469
0.0426939
0.0436933
0.0443934
0.0447502
0.0447091
0.0442207
0.0432552
0.0417935
0.0398277
0.0373647
0.0344261
0.0310489
0.0272842
0.0231992
0.0188748
0.0144041
0.0098888
0.005438
0.00116665
-0.00281356
-0.00641635
-0.00952064
-0.012049
-0.0139395
-0.0151567
-0.0156966
-0.0155431
-0.0146787
-0.0131496
-0.0110239
-0.00831115
-0.00503776
-0.001486
0.00203886
0.00552203
0.00892251
0.012113
0.0149944
0.0174945
0.019562
0.0211484
0.0222308
0.0228391
0.0230354
0.0228414
0.0222843
0.0213993
0.0202258
0.0188065
0.0171896
0.0154282
0.0135779
0.0116951
0.00983537
0.0080497
0.00637556
0.00484374
0.00352357
0.00247283
0.00172055
0.00128242
0.00117113
0.00147455
0.0020909
0.00295358
0.00414862
0.00561385
0.00729326
0.00914629
0.0111182
0.0131515
0.0151875
0.0171676
0.019035
0.0207451
0.0222551
0.0235134
0.0244778
0.0251178
0.0254099
0.0253386
0.0248986
0.0240944
0.0229408
0.0214626
0.0196941
0.0176786
0.0154678
0.0131199
0.010699
0.00827316
0.00591448
0.00368836
0.00165175
-0.000120571
-0.00157405
-0.00266477
-0.00335363
-0.00361133
-0.00354641
-0.00313504
-0.00212079
-0.000651921
0.00120745
0.00318165
0.00507907
0.00700522
0.00890441
0.0106808
0.0122734
0.0136366
0.0147284
0.0154977
0.0159478
0.0161232
0.0160184
0.0156496
0.0149978
0.0141385
0.0129804
0.0117091
0.0101225
0.00844253
0.00613005
0.00420682
0.000101175
0.0347578
0.0345328
0.0346111
0.0349923
0.0356643
0.0366035
0.0377711
0.039128
0.0406261
0.0422068
0.0438085
0.0453658
0.0468117
0.0480862
0.0491313
0.0498872
0.0502976
0.0503148
0.0499011
0.0490272
0.0476741
0.0458358
0.0435193
0.0407453
0.0375494
0.0339822
0.0301079
0.026004
0.0217574
0.0174634
0.013225
0.00915021
0.00532765
0.00186306
-0.00115056
-0.00363679
-0.00553286
-0.00680522
-0.00745784
-0.00753106
-0.00689517
-0.00554544
-0.00364255
-0.00113802
0.0017577
0.00473091
0.0077488
0.0107919
0.0137331
0.0164653
0.0189072
0.0209957
0.0226852
0.023918
0.0247044
0.0251127
0.0251579
0.0248577
0.0242399
0.0233363
0.0221815
0.0208153
0.0192832
0.017634
0.0159198
0.0141924
0.0125022
0.0108966
0.00941748
0.00809141
0.00695535
0.00607079
0.00548136
0.00517515
0.00506691
0.00565261
0.00643583
0.00715338
0.00839876
0.00990052
0.0115808
0.0134197
0.0153647
0.0173612
0.019357
0.021301
0.0231392
0.0248207
0.0262965
0.0275238
0.0284668
0.0290957
0.0293876
0.0293288
0.0289145
0.0281496
0.0270488
0.0256362
0.0239452
0.0220172
0.0199014
0.0176533
0.0153329
0.0130072
0.0107434
0.00859039
0.00661629
0.00488483
0.00344361
0.00232627
0.001632
0.00154462
0.00122874
0.00128805
0.00246598
0.00388284
0.00532111
0.00676748
0.00830028
0.00986003
0.0113621
0.012746
0.0139659
0.0149809
0.0157269
0.0161991
0.0164356
0.0164311
0.0161764
0.0156881
0.014945
0.014014
0.012811
0.0115032
0.00990761
0.00823105
0.00597882
0.00407195
0.000159812
0.0386853
0.0386215
0.0388435
0.0393495
0.0401269
0.0411527
0.0423947
0.0438134
0.0453575
0.0469747
0.0486077
0.0501959
0.0516775
0.0529924
0.054079
0.0548803
0.0553463
0.055433
0.0551031
0.0543287
0.0530921
0.0513875
0.0492224
0.0466183
0.0436095
0.0402449
0.0365859
0.0327038
0.0286801
0.0246046
0.0205748
0.0166813
0.0130198
0.00967765
0.00674098
0.00428219
0.0023672
0.00109033
0.000473291
-5.67002e-05
0.000239311
0.00162286
0.00333259
0.00544966
0.00776786
0.0102101
0.0127727
0.0153379
0.0177959
0.0200617
0.0220654
0.023753
0.0250537
0.0259625
0.0265312
0.0267731
0.0266971
0.0263226
0.025674
0.0247778
0.0236654
0.0223739
0.0209447
0.019423
0.0178572
0.0162953
0.0147827
0.0133638
0.0120769
0.0109515
0.010009
0.00930006
0.00886647
0.00865969
0.00871816
0.00938033
0.0101896
0.0110209
0.0122986
0.0138099
0.0154907
0.0173152
0.0192363
0.0212038
0.0231677
0.0250756
0.0268749
0.0285176
0.0299589
0.0311588
0.0320823
0.032701
0.0329941
0.0329488
0.0325612
0.0318366
0.0307895
0.0294432
0.0278294
0.0259883
0.0239667
0.0218176
0.0195985
0.0173703
0.0151891
0.0131153
0.0112053
0.0095133
0.00807385
0.00690638
0.0062512
0.00595951
0.00532592
0.00553871
0.0067899
0.00778691
0.0086849
0.00976523
0.0109312
0.0120892
0.0131924
0.0141983
0.0150668
0.0157281
0.0161758
0.0164367
0.0164973
0.0163477
0.015981
0.0154089
0.0146083
0.0136383
0.0124234
0.0111112
0.00953903
0.00789564
0.0057371
0.00388162
0.000209119
0.0420709
0.0421657
0.0425299
0.0431601
0.0440436
0.0451583
0.0464735
0.0479509
0.0495448
0.0512044
0.0528747
0.0544973
0.0560132
0.0573637
0.0584917
0.059344
0.059872
0.0600324
0.0597894
0.0591165
0.0579982
0.05643
0.0544192
0.0519872
0.0491679
0.0460065
0.0425601
0.0388958
0.0350893
0.031225
0.0273914
0.0236755
0.0201616
0.0169326
0.014068
0.0116136
0.00962353
0.00837042
0.00760273
0.00673184
0.00692396
0.00822081
0.00957898
0.0111308
0.0129167
0.0149012
0.0169766
0.019043
0.0210167
0.0228291
0.0244174
0.0256989
0.0266566
0.0273348
0.0277313
0.0278455
0.0276886
0.0272763
0.0266275
0.0257655
0.024719
0.0235215
0.0222114
0.0208309
0.0194234
0.0180325
0.0167008
0.015468
0.0143692
0.013434
0.012682
0.0121432
0.0118632
0.0118006
0.0120468
0.0126679
0.0134909
0.0145152
0.0158099
0.0173211
0.019001
0.0208124
0.0227109
0.0246485
0.0265765
0.0284453
0.0302059
0.0318117
0.0332197
0.0343916
0.0352946
0.0359027
0.0361966
0.0361647
0.0358036
0.0351185
0.0341237
0.0328424
0.0313052
0.02955
0.0276219
0.0255705
0.0234482
0.0213107
0.0192118
0.0172107
0.0153615
0.0136994
0.0122541
0.0110755
0.0102477
0.0097066
0.00948123
0.00976964
0.0103039
0.0107849
0.011385
0.0121127
0.0128855
0.0136546
0.0143865
0.0150423
0.0155576
0.0159316
0.0161744
0.0162645
0.0161853
0.0159296
0.0154867
0.0148622
0.0140354
0.0130551
0.0118565
0.0105672
0.0090447
0.00745965
0.0054211
0.00364546
0.000249796
0.0449585
0.0452054
0.0457063
0.0464562
0.0474426
0.0486441
0.0500312
0.0515675
0.0532096
0.0549093
0.056614
0.0582686
0.0598169
0.0612027
0.0623716
0.0632721
0.0638576
0.0640877
0.0639291
0.0633566
0.0623555
0.0609226
0.0590663
0.0568059
0.0541727
0.0512095
0.0479695
0.0445147
0.0409159
0.0372539
0.0336052
0.0300506
0.0266704
0.0235465
0.0207411
0.0182666
0.0162144
0.0148336
0.0137309
0.0130225
0.0132461
0.013948
0.014785
0.0158518
0.0171886
0.0186878
0.0202611
0.0218361
0.0233474
0.0247463
0.0259243
0.0268566
0.0275873
0.0280944
0.0283643
0.0283983
0.0282022
0.0277869
0.0271672
0.0263637
0.0254024
0.0243144
0.0231352
0.0219037
0.0206596
0.0194426
0.0182911
0.0172416
0.0163263
0.0155722
0.0149979
0.0146213
0.0144759
0.0145713
0.0149378
0.0155898
0.0164778
0.0175806
0.0189043
0.0204246
0.0221013
0.023897
0.0257699
0.027675
0.0295658
0.031395
0.0331156
0.0346825
0.0360549
0.037197
0.038079
0.0386764
0.0389709
0.0389515
0.0386156
0.0379688
0.0370255
0.0358081
0.0343459
0.0326743
0.0308364
0.0288761
0.0268466
0.0247944
0.0227747
0.0208406
0.0190304
0.017373
0.0159086
0.0147031
0.0138246
0.0133285
0.0130988
0.0130151
0.0130255
0.0131899
0.0134586
0.0138013
0.0141953
0.0146055
0.0149873
0.0152963
0.0155501
0.0157298
0.0158065
0.0157625
0.0155834
0.0152546
0.0147646
0.0141143
0.0132863
0.012318
0.0111574
0.00991257
0.0084598
0.00695301
0.00505268
0.00337801
0.000284501
0.0474012
0.0477887
0.0484157
0.0492758
0.0503558
0.0516355
0.053087
0.0546754
0.0563597
0.058094
0.0598285
0.0615105
0.0630866
0.0645032
0.0657088
0.0666544
0.0672956
0.0675939
0.0675177
0.0670439
0.0661584
0.0648578
0.0631499
0.0610535
0.0585979
0.0558228
0.0527772
0.0495198
0.0461203
0.042645
0.0391661
0.0357579
0.0324957
0.0294451
0.0266575
0.0241838
0.0221044
0.0204945
0.0193238
0.0187269
0.018589
0.0186841
0.019038
0.019671
0.0205205
0.0215174
0.0226051
0.0237255
0.024825
0.0258068
0.0266593
0.0273838
0.0279519
0.0283403
0.0285363
0.0285342
0.0283357
0.0279468
0.0273796
0.0266525
0.0257897
0.0248203
0.0237775
0.022697
0.0216151
0.0205679
0.0195903
0.0187155
0.0179725
0.0173857
0.0169729
0.0167496
0.0167401
0.0169636
0.0174309
0.0181441
0.0190854
0.0202375
0.0215887
0.0231159
0.0247858
0.0265629
0.0284081
0.0302792
0.032132
0.0339213
0.0356015
0.0371286
0.0384634
0.0395727
0.0404295
0.0410117
0.0413033
0.0412942
0.0409817
0.0403713
0.0394775
0.0383236
0.0369348
0.0353381
0.0335818
0.0317136
0.0297664
0.0277942
0.0258418
0.0239416
0.0221371
0.0204907
0.0190555
0.0179229
0.0171039
0.016472
0.0158725
0.0153978
0.0150961
0.0149167
0.0148265
0.0148155
0.0148942
0.0149734
0.0150358
0.0151254
0.0151968
0.0152203
0.0151739
0.0150349
0.014785
0.0144086
0.0138934
0.0132361
0.012423
0.0114816
0.0103727
0.00918585
0.00781605
0.00639946
0.00464785
0.00308689
0.000313416
0.0494447
0.0499592
0.0506996
0.0516597
0.0528256
0.0541765
0.0556858
0.05732
0.0590402
0.0608023
0.0625587
0.0642594
0.0658537
0.067291
0.068523
0.069504
0.0701926
0.0705519
0.0705514
0.0701685
0.0693898
0.0682124
0.0666442
0.0647026
0.0624142
0.0598147
0.0569518
0.053884
0.0506636
0.0473558
0.0440296
0.0407437
0.0375607
0.0345494
0.0317761
0.0293005
0.0271966
0.0255735
0.0243672
0.0234792
0.022794
0.0224228
0.0223471
0.0225093
0.0228725
0.0234004
0.0240657
0.0247796
0.0254777
0.0261828
0.0268496
0.0274307
0.0278935
0.0282153
0.0283802
0.0283778
0.0282036
0.027861
0.0273607
0.0267199
0.0259613
0.0251125
0.0242047
0.0232709
0.0223443
0.0214578
0.0206431
0.0199302
0.0193461
0.0189122
0.0186438
0.0185577
0.0186716
0.0190027
0.0195563
0.0203318
0.0213202
0.0225072
0.023876
0.0254036
0.0270604
0.028813
0.0306249
0.0324566
0.0342669
0.0360126
0.0376488
0.0391319
0.0404249
0.0414993
0.0423319
0.0429017
0.043193
0.0431962
0.0429076
0.0423321
0.0414834
0.0403865
0.0390536
0.0375347
0.035862
0.034067
0.0321921
0.0302736
0.0283564
0.0264963
0.0247421
0.0231898
0.0218626
0.0207422
0.0197186
0.0187001
0.0178236
0.0170923
0.0164834
0.015984
0.0156106
0.015311
0.0150539
0.014885
0.0147758
0.0147022
0.014633
0.0145404
0.0144009
0.0141906
0.0138903
0.0134823
0.0129545
0.0123009
0.0115108
0.010605
0.00955445
0.00843152
0.00715315
0.00583039
0.00423201
0.00278826
0.000340653
0.0511472
0.0517692
0.0526035
0.053644
0.0548771
0.0562828
0.0578349
0.0595018
0.0612463
0.0630268
0.0647979
0.0665121
0.0681207
0.069576
0.0708318
0.0718453
0.0725771
0.0729926
0.0730621
0.072763
0.0720814
0.0710147
0.069572
0.0677698
0.0656312
0.0631884
0.060497
0.0575962
0.0545277
0.0513585
0.0481525
0.0449533
0.0418346
0.0388775
0.0361422
0.0337426
0.0316882
0.0299518
0.0284053
0.0270483
0.0259879
0.0252087
0.0246804
0.0243881
0.0243333
0.024486
0.0247518
0.025134
0.0256275
0.0261654
0.0266959
0.0271818
0.0275888
0.0278848
0.0280464
0.0280615
0.0279242
0.0276353
0.0272049
0.0266505
0.0259936
0.0252599
0.0244787
0.0236802
0.0228952
0.0221539
0.0214851
0.0209163
0.0204721
0.0201709
0.0200279
0.0200606
0.0202821
0.0207042
0.0213293
0.0221563
0.0231804
0.0243901
0.0257673
0.027289
0.0289276
0.030652
0.0324284
0.0342206
0.035991
0.0376994
0.039299
0.0407401
0.0419847
0.0430128
0.0438101
0.0443589
0.0446439
0.0446565
0.0443897
0.0438441
0.0430223
0.0419758
0.0407225
0.0392633
0.0376538
0.0359128
0.0340799
0.0322104
0.0303566
0.0286197
0.0269875
0.0255109
0.0241353
0.0227353
0.021414
0.0202085
0.0191169
0.0181366
0.0172901
0.0165408
0.0158643
0.0153209
0.0149104
0.014598
0.014354
0.0141562
0.0139797
0.0137971
0.0135844
0.013318
0.0129781
0.0125462
0.0120108
0.0113636
0.0105982
0.00972831
0.00873637
0.00767674
0.00648967
0.00526044
0.00381475
0.00248711
0.000365733
0.0525446
0.0532597
0.0541768
0.0552879
0.0565789
0.05803
0.0596159
0.061306
0.0630648
0.0648525
0.0666257
0.0683389
0.0699457
0.071401
0.0726627
0.0736916
0.0744513
0.0749088
0.0750348
0.0748056
0.0742084
0.0732411
0.0719141
0.0702346
0.0682315
0.0659381
0.063387
0.0606268
0.0576742
0.0545983
0.0514977
0.0483836
0.0453361
0.0425299
0.0399039
0.0375266
0.035318
0.033188
0.0312788
0.0296148
0.0282005
0.027039
0.0261678
0.0255619
0.0251343
0.024926
0.0249665
0.0251843
0.025534
0.0259607
0.0264121
0.0268439
0.0272175
0.0274986
0.0276617
0.0276973
0.0275977
0.0273603
0.0269952
0.0265203
0.0259553
0.0253254
0.0246572
0.0239784
0.0233184
0.0227044
0.0221622
0.0217174
0.0213927
0.0212017
0.0211666
0.0212985
0.0216087
0.0221058
0.0227877
0.0236531
0.0247022
0.0259248
0.0273009
0.0288074
0.0304184
0.0321048
0.0338352
0.0355759
0.0372941
0.0389558
0.040513
0.0419061
0.0430982
0.0440849
0.0448603
0.0454014
0.0456915
0.0457187
0.0454581
0.0449133
0.0441436
0.0431498
0.0419343
0.0405138
0.0389501
0.0372467
0.0354801
0.0337525
0.0320125
0.0303656
0.0287723
0.0271167
0.0254823
0.0239325
0.0224714
0.0210954
0.0198257
0.01864
0.0175447
0.0166082
0.0158287
0.0151818
0.0146533
0.0142261
0.0138802
0.013591
0.0133317
0.0130765
0.0128036
0.0124903
0.0121152
0.0116608
0.0111174
0.0104758
0.00973322
0.00889725
0.00796124
0.00696094
0.00586041
0.0047188
0.00342042
0.00219963
0.000395823
0.0536892
0.0544749
0.0554496
0.0566063
0.0579318
0.0594077
0.0610096
0.0627081
0.0644692
0.0662546
0.068023
0.0697307
0.0713333
0.0727876
0.0740538
0.0750964
0.0758813
0.0763805
0.0765652
0.0764008
0.0758697
0.0749616
0.0737084
0.0721457
0.070261
0.0680561
0.0655939
0.0629387
0.0600742
0.057072
0.0541808
0.0512841
0.0482165
0.0455095
0.0428777
0.0402288
0.0377162
0.0353887
0.0332642
0.031355
0.0296932
0.028238
0.0269982
0.0260856
0.0255016
0.0251858
0.025103
0.0252083
0.0254614
0.0258041
0.0261824
0.0265599
0.0268986
0.0271653
0.0273237
0.0273778
0.027304
0.0270966
0.0267787
0.0263756
0.0258915
0.0253504
0.0247771
0.0241974
0.0236411
0.0231313
0.0226913
0.0223446
0.0221095
0.0220103
0.0220671
0.0222818
0.022665
0.0232248
0.023941
0.0248154
0.0258673
0.027091
0.0284589
0.0299451
0.0315246
0.0331696
0.0348513
0.0365402
0.0382161
0.0398675
0.0414338
0.0427967
0.0439026
0.044799
0.0455218
0.0460264
0.0462714
0.0462938
0.0461293
0.0455849
0.0448398
0.0438964
0.0426862
0.0412748
0.0398381
0.0382563
0.0365291
0.0349161
0.0332585
0.0314753
0.0296785
0.0279194
0.0262016
0.0245398
0.0229539
0.0214226
0.0199778
0.0186895
0.0175475
0.0165477
0.0156867
0.0149575
0.0143506
0.0138489
0.0134296
0.0130677
0.012737
0.0124125
0.0120818
0.011727
0.0113222
0.0108497
0.010298
0.00965817
0.00893058
0.00812089
0.00723346
0.0062839
0.00526066
0.00419598
0.003033
0.00190719
0.00042754
0.0545923
0.0554453
0.0564773
0.0576791
0.0590361
0.06053
0.0621379
0.0638327
0.0655831
0.0673533
0.0691023
0.0707857
0.0723593
0.0737806
0.0750162
0.0760433
0.0768299
0.0773489
0.0775653
0.0774202
0.0769404
0.0761089
0.0749406
0.0734529
0.0716491
0.0694996
0.0671012
0.0646434
0.0619846
0.0589325
0.056119
0.0533646
0.0505024
0.047564
0.0447075
0.0419508
0.0393049
0.036801
0.034455
0.03228
0.0303743
0.0288013
0.0275345
0.0265704
0.025897
0.0254854
0.0253035
0.0253117
0.0254914
0.0257657
0.0260703
0.0263966
0.0267072
0.0269525
0.027055
0.0271172
0.0270732
0.026903
0.0266236
0.0262625
0.0258391
0.0253711
0.0248735
0.0243699
0.0239013
0.0234766
0.0231168
0.0228474
0.0226805
0.0226449
0.022789
0.0230573
0.0234684
0.0240852
0.0248286
0.0257022
0.0267611
0.0279858
0.029333
0.0307853
0.0323214
0.033916
0.0355446
0.0371725
0.0387709
0.0403709
0.0419174
0.0432065
0.0442172
0.0450732
0.0457925
0.0463107
0.0466098
0.0467816
0.0465259
0.0458286
0.0451037
0.0442472
0.0431227
0.0416948
0.0403185
0.0388801
0.0372705
0.035493
0.0336772
0.0318399
0.0299952
0.0281731
0.0263759
0.0246131
0.0229386
0.0213835
0.0199425
0.018629
0.0174478
0.0164039
0.0154979
0.0147221
0.014063
0.0135042
0.0130249
0.012601
0.0122095
0.011838
0.0114676
0.0110681
0.0106216
0.010121
0.00955799
0.00892198
0.00820889
0.00742477
0.00657863
0.00567661
0.0047258
0.00373463
0.00269226
0.00163854
0.000471539
0.0552856
0.0561681
0.05722
0.0584338
0.0597965
0.0612896
0.0628898
0.0645695
0.0662978
0.0680417
0.0697639
0.0714239
0.0729819
0.0743925
0.0756181
0.0766433
0.0774021
0.0779056
0.0783079
0.0782059
0.077587
0.0767332
0.0755982
0.0741854
0.0725101
0.070448
0.0680268
0.0656168
0.0631136
0.0604238
0.0575107
0.0544864
0.0516562
0.0486344
0.0456517
0.0427621
0.039966
0.0373439
0.0349655
0.0328348
0.0309642
0.0293739
0.0280675
0.0270515
0.0263235
0.0258565
0.0256115
0.0255694
0.0256878
0.0258757
0.0260791
0.0263484
0.0265816
0.0267761
0.0269205
0.0269671
0.0269089
0.0267625
0.0265197
0.0261901
0.0258072
0.0253872
0.0249449
0.0245009
0.0240924
0.0237283
0.023419
0.0231983
0.0230735
0.0230836
0.0232597
0.0236011
0.0241337
0.0248632
0.0255666
0.0262646
0.0272694
0.0285252
0.0298694
0.0312977
0.0327964
0.0343366
0.0358899
0.0373893
0.0388104
0.0405687
0.0426061
0.0439407
0.0444597
0.0449462
0.0456654
0.0462551
0.0465127
0.04661
0.0463679
0.0458251
0.0450798
0.0442175
0.0432075
0.0419919
0.040526
0.0389109
0.0372768
0.0354877
0.0336512
0.0317955
0.0299124
0.0280409
0.0262292
0.0244858
0.0228247
0.0212625
0.0198113
0.0184851
0.017292
0.0162335
0.0153057
0.0145
0.0138037
0.0132018
0.0126757
0.0122004
0.0117562
0.011337
0.0109165
0.0104682
0.00998503
0.00945953
0.00888402
0.00824905
0.00755045
0.0067931
0.00598073
0.0051192
0.00421995
0.00328387
0.00234086
0.00136265
0.000504146
0.0557765
0.0567246
0.0578306
0.0590794
0.0604538
0.0619368
0.0635108
0.0651554
0.0668468
0.0685615
0.070255
0.0718675
0.0733547
0.0746446
0.0756929
0.0766217
0.077464
0.078003
0.078228
0.0781903
0.0777686
0.0769771
0.0758079
0.0743911
0.072785
0.0709194
0.0687676
0.0662754
0.0635473
0.0608839
0.0579244
0.0548928
0.0518969
0.048865
0.0458879
0.0430304
0.0403101
0.0377569
0.0354058
0.0332816
0.0314131
0.029824
0.0285229
0.0275077
0.0267671
0.0262756
0.0259941
0.0258882
0.0259207
0.0260412
0.0261936
0.0263589
0.0265224
0.0266681
0.0268271
0.0268641
0.0268112
0.0266717
0.0264472
0.0261512
0.0258021
0.025419
0.025025
0.0246311
0.0242542
0.0239344
0.0236814
0.0235072
0.0234202
0.0234603
0.0236391
0.0239731
0.0244734
0.0251337
0.0258986
0.0267604
0.0277855
0.0289659
0.030253
0.0316255
0.0330529
0.0345116
0.036019
0.0375485
0.0390389
0.0405393
0.0420037
0.0432344
0.0441685
0.0449522
0.0456558
0.04611
0.0462778
0.046321
0.0461217
0.0456894
0.0450223
0.0440692
0.0429122
0.0416913
0.0402196
0.0386276
0.0369628
0.0351927
0.0333588
0.0315076
0.0296561
0.0278245
0.0260372
0.0243111
0.0226647
0.0211153
0.0196754
0.0183542
0.0171574
0.0160867
0.0151394
0.0143052
0.0135709
0.0129257
0.0123554
0.0118342
0.0113431
0.0108734
0.010409
0.0099307
0.00942853
0.00889383
0.00831492
0.00768199
0.00699356
0.00625342
0.00546644
0.00464093
0.00379288
0.00290407
0.00207092
0.00115575
0.000509358
0.05609
0.0570183
0.0581045
0.0593378
0.0607002
0.0621718
0.0637276
0.0653392
0.0669745
0.0686067
0.0702193
0.0717817
0.0732635
0.0746106
0.0757728
0.076753
0.0775097
0.0779216
0.0780935
0.0781045
0.0776842
0.0769377
0.0758883
0.0744802
0.0727359
0.0707184
0.0685295
0.0660268
0.0633693
0.060625
0.0577397
0.0547905
0.0518405
0.0489036
0.0460151
0.0432206
0.040555
0.0380548
0.0357559
0.0336852
0.0318624
0.0303011
0.0290078
0.0279832
0.027219
0.0266896
0.0263457
0.0261594
0.0261049
0.02617
0.0263105
0.0264277
0.0265747
0.026709
0.0267969
0.0268078
0.02675
0.0266158
0.0264051
0.0261299
0.0258075
0.025458
0.0250886
0.0247167
0.0243713
0.0240797
0.0238389
0.0236727
0.023627
0.023694
0.0238931
0.0242351
0.0247244
0.0253532
0.026101
0.0269652
0.0279668
0.0291065
0.0303556
0.0316954
0.0331081
0.0345636
0.03604
0.0375143
0.0389719
0.0404195
0.0417957
0.0429787
0.0439544
0.0447555
0.0453545
0.0457621
0.0459703
0.0459457
0.0456698
0.0451746
0.0444708
0.0435536
0.0424617
0.041222
0.0398099
0.0382646
0.0366169
0.0348837
0.0330934
0.0312753
0.0294515
0.0276444
0.0258777
0.0241712
0.0225415
0.0210033
0.0195683
0.0182454
0.0170404
0.0159553
0.0149859
0.0141208
0.013347
0.0126561
0.0120395
0.0114832
0.0109692
0.0104756
0.00998458
0.00948223
0.00895952
0.00840711
0.00781559
0.00717963
0.00649823
0.00577286
0.00501122
0.00421826
0.00341679
0.00257952
0.001828
0.00099662
0.000460538
0.0563402
0.0572774
0.0583669
0.0595974
0.060949
0.0624118
0.0639596
0.0655576
0.0671633
0.0687385
0.0702702
0.0717563
0.0731584
0.0744453
0.0755792
0.0765088
0.0771852
0.0775821
0.0777337
0.077586
0.0771159
0.076338
0.0752563
0.0738644
0.0721849
0.0702511
0.0680913
0.0656996
0.0631319
0.0604344
0.0576248
0.0547432
0.0518423
0.0489591
0.0461306
0.0433972
0.0407944
0.038354
0.0361051
0.0340722
0.0322749
0.0307265
0.0294333
0.0283943
0.027597
0.0270133
0.0266239
0.026415
0.026334
0.0263439
0.0264157
0.0265104
0.0266135
0.0267031
0.026757
0.0267564
0.0266919
0.0265575
0.0263557
0.0260962
0.0257925
0.0254642
0.0251253
0.0247871
0.0244704
0.0241981
0.0239888
0.0238596
0.0238311
0.0239144
0.0241231
0.024468
0.0249526
0.025573
0.0263217
0.0271921
0.0281835
0.0292894
0.0304955
0.0317849
0.033138
0.0345334
0.035952
0.0373737
0.0387792
0.0401549
0.0414629
0.0426083
0.043564
0.044342
0.0449163
0.0452947
0.0454755
0.0454442
0.0451943
0.0447281
0.0440485
0.0431621
0.0420895
0.0408525
0.0394636
0.0379453
0.0363247
0.034623
0.0328636
0.031074
0.0292788
0.0275
0.0257583
0.0240726
0.0224591
0.0209319
0.0195025
0.0181788
0.0169656
0.0158638
0.0148695
0.0139759
0.0131768
0.0124651
0.0118247
0.0112374
0.0106875
0.0101592
0.0096385
0.00911274
0.00857168
0.00800622
0.00740909
0.00677574
0.00610507
0.00539882
0.00466333
0.0039028
0.00314013
0.00235387
0.00165129
0.000894589
0.000402274
0.0558325
0.0566171
0.0575432
0.0586082
0.0598034
0.0611132
0.0625181
0.0639972
0.065527
0.0670803
0.0686254
0.0701379
0.071596
0.0729497
0.0741686
0.0752253
0.0760833
0.0767061
0.0770888
0.0771981
0.077043
0.0766072
0.0758742
0.0748378
0.0734871
0.071821
0.0698986
0.0677506
0.0653958
0.0628717
0.0602191
0.0574699
0.0546585
0.0518268
0.0490143
0.0462564
0.043589
0.0410461
0.038659
0.0364557
0.0344595
0.0326881
0.0311526
0.0298575
0.0288
0.0279712
0.0273571
0.0269374
0.0266772
0.0265426
0.026488
0.0265024
0.026554
0.0266172
0.0266742
0.0267092
0.0266986
0.0266237
0.026487
0.0262947
0.0260533
0.0257724
0.0254636
0.0251499
0.0248428
0.0245492
0.0242942
0.0241117
0.024008
0.0239979
0.0240977
0.0243172
0.0246649
0.0251451
0.0257557
0.0264925
0.0273509
0.0283269
0.0294114
0.0305942
0.031859
0.0331844
0.0345498
0.0359344
0.0373165
0.0386752
0.0399869
0.0412156
0.042313
0.0432439
0.0439933
0.0445506
0.044912
0.0450739
0.0450279
0.0447659
0.0442946
0.0436192
0.0427495
0.0417011
0.0404908
0.0391351
0.0376538
0.0360698
0.0344061
0.0326852
0.030931
0.0291682
0.0274187
0.0257029
0.0240389
0.0224427
0.0209278
0.0195048
0.0181813
0.0169616
0.0158463
0.0148332
0.0139191
0.0130983
0.0123593
0.0116883
0.0110708
0.0104922
0.00993767
0.00939339
0.00884752
0.00829025
0.00771358
0.00711132
0.00647971
0.00581785
0.0051275
0.00441398
0.00368127
0.00294923
0.00219977
0.00153162
0.000819436
0.000370654
0.0560315
0.0568307
0.0577658
0.0588339
0.0600257
0.0613259
0.0627034
0.0641428
0.0656258
0.0671308
0.0686309
0.0700936
0.0714828
0.0727715
0.0739327
0.0749324
0.0757379
0.0763206
0.0766622
0.0767431
0.0765573
0.0760847
0.0753247
0.0742752
0.0729371
0.0713207
0.0694539
0.0673622
0.0650715
0.0626143
0.0600267
0.0573435
0.0545997
0.0518333
0.0490835
0.0463866
0.0437773
0.0412882
0.038949
0.0367859
0.0348208
0.0330703
0.0315448
0.0302485
0.0291788
0.0283266
0.0276769
0.0272097
0.0268982
0.026712
0.0266178
0.0265904
0.026604
0.0266337
0.0266571
0.0266596
0.0266252
0.026542
0.0264076
0.0262238
0.0259964
0.0257352
0.0254528
0.0251645
0.0248839
0.0246259
0.0244093
0.0242547
0.0241776
0.0241915
0.0243086
0.0245398
0.0248934
0.0253736
0.0259809
0.0267107
0.027558
0.0285168
0.029578
0.0307301
0.0319577
0.0332427
0.0345654
0.0359051
0.0372408
0.0385495
0.0398042
0.0409729
0.0420196
0.0429146
0.0436384
0.0441778
0.0445237
0.0446702
0.0446146
0.0443588
0.0438992
0.0432386
0.0423896
0.0413652
0.0401812
0.0388552
0.0374068
0.0358576
0.0342299
0.0325454
0.0308271
0.0290986
0.0273811
0.025694
0.0240548
0.0224792
0.0209799
0.0195675
0.0182499
0.0170304
0.0159084
0.0148842
0.013955
0.0131158
0.0123556
0.0116611
0.0110192
0.0104162
0.0098387
0.00927424
0.0087118
0.00814204
0.00755739
0.00695223
0.00632323
0.0056696
0.00499286
0.00429744
0.00358658
0.00287737
0.00215408
0.00150202
0.000810095
0.000363037
0.0562395
0.0570416
0.0579703
0.0590226
0.0601895
0.0614567
0.0628036
0.0642109
0.0656575
0.0671203
0.0685727
0.0699859
0.0713291
0.0725729
0.073688
0.0746441
0.07541
0.0759578
0.0762708
0.0763343
0.0761514
0.0756615
0.074897
0.0738526
0.0725301
0.0709408
0.0691062
0.0670518
0.064805
0.0623971
0.0598618
0.0572335
0.0545474
0.0518393
0.049146
0.0465034
0.0439449
0.0415021
0.0392035
0.0370743
0.0351352
0.0334017
0.0318838
0.0305855
0.0295043
0.0286316
0.0279532
0.0274496
0.0270963
0.0268662
0.0267309
0.0266644
0.0266413
0.0266387
0.0266365
0.0266184
0.0265686
0.0264788
0.0263447
0.0261673
0.0259519
0.0257071
0.0254442
0.0251766
0.0249186
0.0246854
0.0244942
0.0243614
0.0242966
0.0243344
0.0244692
0.0247137
0.0250762
0.0255597
0.0261647
0.0268887
0.0277269
0.0286726
0.0297167
0.0308472
0.0320493
0.0333053
0.0345961
0.0359011
0.0371988
0.0384655
0.0396743
0.0407964
0.0418017
0.0426636
0.0433627
0.0438843
0.0442177
0.0443542
0.0442923
0.044034
0.0435875
0.0429324
0.0420976
0.0410937
0.0399346
0.0386369
0.0372196
0.035703
0.0341088
0.032458
0.0307728
0.0290755
0.0273868
0.0257255
0.0241089
0.022552
0.0210671
0.0196639
0.0183509
0.0171319
0.0160017
0.0149745
0.014038
0.0131853
0.0124077
0.0116939
0.011032
0.0104093
0.00981329
0.00923237
0.00865607
0.00807553
0.00748359
0.00687504
0.00624682
0.00559817
0.00493043
0.0042474
0.0035525
0.00285874
0.00215626
0.00150375
0.00082689
0.000334951
0.0563843
0.0571896
0.0581167
0.0591622
0.0603171
0.0615676
0.0628957
0.0642817
0.0657043
0.0671401
0.0685629
0.0699447
0.0712559
0.072467
0.0735491
0.0744728
0.0752098
0.0757334
0.0760202
0.0760502
0.0757953
0.0753149
0.074561
0.0735278
0.0722207
0.0706526
0.0688432
0.0668169
0.0646011
0.0622262
0.0597252
0.0571323
0.0544823
0.0518107
0.0491533
0.0465451
0.0440193
0.0416065
0.0393348
0.0372284
0.0353072
0.0335863
0.0320754
0.0307779
0.0296915
0.028808
0.0281138
0.0275898
0.0272134
0.0269588
0.0267998
0.0267097
0.0266646
0.026642
0.0266235
0.0265909
0.026533
0.0264401
0.0263068
0.0261336
0.025926
0.025692
0.0254423
0.0251894
0.0249476
0.0247324
0.0245605
0.0244509
0.0244225
0.024466
0.0246072
0.0248565
0.0252211
0.0257043
0.0263066
0.0270257
0.0278568
0.028793
0.029825
0.0309407
0.0321256
0.0333625
0.0346324
0.0359147
0.0371875
0.0384269
0.0396069
0.0406999
0.0416785
0.0425182
0.0431993
0.0437069
0.04403
0.044161
0.0440946
0.0438274
0.0433562
0.0427183
0.0419022
0.0409161
0.0397749
0.0384962
0.0370988
0.0356031
0.03403
0.032401
0.0307377
0.0290614
0.0273925
0.0257496
0.0241494
0.0226068
0.0211339
0.0197403
0.0184334
0.0172202
0.0161078
0.0150754
0.0141308
0.0132695
0.0124825
0.011759
0.0110871
0.0104546
0.00984957
0.0092608
0.00867815
0.008093
0.00749841
0.00688936
0.00626287
0.00561814
0.00495644
0.00428106
0.00359641
0.00291065
0.00222551
0.00156424
0.000906421
0.000327747
-0.101079
-0.102517
-0.102901
-0.102196
-0.100444
-0.0977261
-0.0941566
-0.0898729
-0.0850346
-0.0798131
-0.0743846
-0.0689167
-0.0635662
-0.058481
-0.0537786
-0.049575
-0.0459564
-0.0429737
-0.0407031
-0.0392167
-0.0387108
-0.038782
-0.0396296
-0.0412777
-0.0436847
-0.0467813
-0.0504583
-0.0546206
-0.0591785
-0.0640175
-0.0689933
-0.0739488
-0.0787202
-0.0831421
-0.0870537
-0.0903074
-0.0927739
-0.0943503
-0.0950127
-0.0947117
-0.0934717
-0.0913501
-0.0884282
-0.0848161
-0.0806462
-0.0760625
-0.0712166
-0.0662579
-0.0613371
-0.0565883
-0.0521287
-0.0480661
-0.0444982
-0.0414609
-0.0387627
-0.0368923
-0.0362
-0.03579
-0.0360805
-0.0370682
-0.0386764
-0.0408964
-0.043667
-0.0469008
-0.050504
-0.0543716
-0.0583963
-0.0624671
-0.066456
-0.0702305
-0.0736609
-0.0766248
-0.0790117
-0.0807271
-0.0817039
-0.0819295
-0.0813817
-0.0800842
-0.0780889
-0.0754693
-0.0723202
-0.0687505
-0.0648798
-0.0608352
-0.0567416
-0.052716
-0.0488684
-0.0452947
-0.0420889
-0.0393155
-0.0370626
-0.0353981
-0.0341792
-0.0336481
-0.0335977
-0.0341216
-0.035213
-0.036823
-0.0389009
-0.0413744
-0.0441706
-0.0472091
-0.0504003
-0.0536504
-0.0568587
-0.0599161
-0.0627126
-0.065142
-0.0671054
-0.0685136
-0.069295
-0.069422
-0.0688555
-0.0676003
-0.0656833
-0.0631522
-0.0600723
-0.0565255
-0.0526074
-0.048419
-0.0440631
-0.0396473
-0.0352693
-0.0310137
-0.0269663
-0.0231931
-0.0194723
-0.0159612
-0.0133785
-0.0110434
-0.00893351
-0.00721621
-0.0058041
-0.0046176
-0.00364259
-0.00272736
-0.002171
-0.0936149
-0.0951011
-0.0956051
-0.0950918
-0.0935949
-0.0911885
-0.0879762
-0.0840903
-0.0796783
-0.0748985
-0.069921
-0.064909
-0.0600083
-0.0553608
-0.0510909
-0.0473159
-0.0441145
-0.0415476
-0.0397903
-0.038888
-0.0384213
-0.0387739
-0.0399224
-0.0419017
-0.0446155
-0.0479486
-0.051854
-0.0562629
-0.0610659
-0.0661313
-0.0713124
-0.0764498
-0.0813758
-0.0859206
-0.0899199
-0.0932224
-0.0956961
-0.0972372
-0.0978258
-0.0974133
-0.0960284
-0.0937313
-0.0906079
-0.086775
-0.0823693
-0.0775393
-0.072443
-0.0672337
-0.0620655
-0.0570753
-0.0523853
-0.048118
-0.0443565
-0.040956
-0.0379463
-0.0360646
-0.0350154
-0.034479
-0.0346538
-0.0355036
-0.0369721
-0.0390387
-0.0416532
-0.0447384
-0.048204
-0.0519481
-0.0558536
-0.0598044
-0.0636832
-0.0673619
-0.0707135
-0.0736187
-0.07597
-0.0776762
-0.0786721
-0.0789406
-0.0784622
-0.0772585
-0.0753781
-0.0728904
-0.0698885
-0.0664775
-0.0627715
-0.0588904
-0.0549614
-0.0510972
-0.0474055
-0.0439896
-0.0409406
-0.0383184
-0.036253
-0.034931
-0.0336724
-0.0331319
-0.0331657
-0.0337273
-0.0348845
-0.0365719
-0.0386885
-0.0411844
-0.0440004
-0.0470606
-0.0502781
-0.0535547
-0.0567844
-0.0598573
-0.0626634
-0.0650953
-0.0670536
-0.0684484
-0.0692062
-0.0693067
-0.0687031
-0.0674037
-0.0654359
-0.0628477
-0.0597066
-0.0560969
-0.0521163
-0.0478683
-0.0434553
-0.03899
-0.0345667
-0.0302723
-0.0262064
-0.0223347
-0.018422
-0.0149937
-0.0123348
-0.0099936
-0.00796964
-0.00630174
-0.00493672
-0.00381099
-0.00290861
-0.00205968
-0.00167857
-0.000770821
-0.00123766
-0.0852667
-0.0867852
-0.0873935
-0.0870576
-0.0858054
-0.0837023
-0.0808416
-0.0773476
-0.0733593
-0.0690242
-0.0644981
-0.0599384
-0.0554915
-0.0512911
-0.047458
-0.0440996
-0.0412957
-0.0391142
-0.037708
-0.037188
-0.0372171
-0.0379045
-0.0393891
-0.041617
-0.0445278
-0.0480968
-0.0522558
-0.0569064
-0.0619328
-0.0672029
-0.0725675
-0.0778639
-0.0829211
-0.0875663
-0.0916328
-0.094967
-0.0974337
-0.0989303
-0.0994412
-0.0989205
-0.0973992
-0.0949411
-0.0916374
-0.0876085
-0.082995
-0.0779512
-0.0726379
-0.0672138
-0.0618322
-0.0566339
-0.0517489
-0.0472906
-0.0432148
-0.039376
-0.0363873
-0.0343978
-0.0331049
-0.0324652
-0.0325166
-0.033233
-0.0345738
-0.0365044
-0.0389747
-0.041914
-0.0452359
-0.0488417
-0.0526202
-0.0564487
-0.0602089
-0.0637812
-0.0670427
-0.0698777
-0.0721825
-0.0738698
-0.0748755
-0.0751817
-0.0747686
-0.0736566
-0.0718923
-0.0695411
-0.0666907
-0.0634444
-0.0599111
-0.0562073
-0.052453
-0.0487634
-0.0452465
-0.0419979
-0.0390944
-0.0365958
-0.0346353
-0.0333765
-0.0324834
-0.0319953
-0.0320977
-0.0327696
-0.0339595
-0.0356384
-0.0377666
-0.0402881
-0.0431331
-0.0462209
-0.0494608
-0.0527535
-0.0559933
-0.0590708
-0.0618758
-0.0643011
-0.0662464
-0.0676218
-0.0683545
-0.0684268
-0.0677901
-0.0664527
-0.0644447
-0.0618153
-0.0586335
-0.0549844
-0.0509662
-0.0466838
-0.0422437
-0.0377517
-0.033308
-0.02901
-0.0248918
-0.0207696
-0.0168728
-0.0136768
-0.0110033
-0.00868491
-0.00672707
-0.00512263
-0.0038335
-0.00279906
-0.00200491
-0.00126217
-0.00109185
-0.000332175
-0.00124833
-0.076246
-0.0777807
-0.0784745
-0.0782973
-0.0772713
-0.0754542
-0.07293
-0.0698121
-0.0662309
-0.0623264
-0.0582429
-0.0541278
-0.0501236
-0.0463601
-0.0429518
-0.0399977
-0.0375823
-0.0357832
-0.0347364
-0.0345611
-0.0350109
-0.0359955
-0.0377369
-0.0402286
-0.0434134
-0.0472414
-0.051637
-0.0565044
-0.0617295
-0.0671781
-0.0726985
-0.0781258
-0.0832868
-0.0880066
-0.0921168
-0.0954633
-0.0979104
-0.0993563
-0.0997879
-0.0991645
-0.0975199
-0.0949207
-0.0914621
-0.0872674
-0.0824809
-0.0772604
-0.0717705
-0.0661714
-0.0606174
-0.0552523
-0.0502066
-0.0455231
-0.0410462
-0.0371024
-0.0341604
-0.0320176
-0.0305594
-0.0297979
-0.0297289
-0.0303267
-0.031552
-0.0333618
-0.0357023
-0.038505
-0.0416867
-0.0451518
-0.0487934
-0.0524937
-0.0561305
-0.059588
-0.0627499
-0.0655046
-0.0677526
-0.0694105
-0.0704165
-0.0707524
-0.0703987
-0.0693737
-0.0677225
-0.0655073
-0.0628106
-0.0597316
-0.0563762
-0.0528573
-0.0492889
-0.0457831
-0.0424446
-0.0393631
-0.036615
-0.0342692
-0.0324534
-0.0312986
-0.0305624
-0.0301617
-0.0303136
-0.0310324
-0.0322687
-0.0339948
-0.036166
-0.0387215
-0.0415917
-0.0446968
-0.0479469
-0.0512437
-0.0544819
-0.0575525
-0.0603455
-0.0627545
-0.06468
-0.0660314
-0.0667372
-0.0667821
-0.066118
-0.0647546
-0.0627217
-0.060069
-0.0568667
-0.0532012
-0.049171
-0.0448811
-0.0404391
-0.0359505
-0.0315182
-0.0272172
-0.0229689
-0.0187272
-0.0150433
-0.0119876
-0.00933537
-0.00707594
-0.00520668
-0.00369991
-0.00252043
-0.00160865
-0.000955049
-0.000353307
-0.000423151
0.000148278
-0.00122032
-0.0667621
-0.0682977
-0.0690528
-0.0690139
-0.0681914
-0.0666359
-0.0644244
-0.0616595
-0.0584628
-0.0549661
-0.0513058
-0.0476194
-0.0440416
-0.040697
-0.037696
-0.0351409
-0.0331157
-0.0316927
-0.0309956
-0.031128
-0.0318817
-0.0331606
-0.0351658
-0.0379139
-0.0413403
-0.0453896
-0.0499894
-0.0550435
-0.0604358
-0.0660301
-0.0716733
-0.0771988
-0.0824323
-0.0871985
-0.0913279
-0.0946652
-0.0970764
-0.0984785
-0.0988327
-0.0981175
-0.0963679
-0.0936512
-0.0900671
-0.0857433
-0.0808267
-0.0754761
-0.0698548
-0.0641261
-0.0584442
-0.0529516
-0.0477504
-0.042779
-0.0380616
-0.0341881
-0.0312229
-0.0289502
-0.0273806
-0.0265232
-0.026359
-0.0268601
-0.0279871
-0.0296923
-0.0319187
-0.0345975
-0.0376473
-0.0409753
-0.0444782
-0.0480442
-0.0515534
-0.0548903
-0.0579445
-0.0606097
-0.0627911
-0.0644092
-0.0654057
-0.0657612
-0.0654588
-0.0645143
-0.0629702
-0.060887
-0.0583423
-0.0554304
-0.0522541
-0.0489215
-0.0455421
-0.0422222
-0.0390615
-0.0361506
-0.0335653
-0.0313765
-0.0297003
-0.0286308
-0.0279883
-0.0276881
-0.0279053
-0.0286804
-0.0299686
-0.0317349
-0.0339349
-0.0365101
-0.0393924
-0.0425024
-0.0457508
-0.0490396
-0.0522641
-0.0553161
-0.0580866
-0.0604701
-0.0623684
-0.063693
-0.0643743
-0.0643945
-0.0637107
-0.0623322
-0.0602893
-0.057632
-0.0544314
-0.050774
-0.0467583
-0.0424889
-0.0380732
-0.0336144
-0.0292104
-0.0248711
-0.0204798
-0.0163693
-0.012918
-0.00994966
-0.00737597
-0.00521917
-0.00346542
-0.00208453
-0.00104321
-0.000281624
0.000203577
0.000636964
0.000305512
0.00065457
-0.00115677
)
;

boundaryField
{
    inlet
    {
        type            zeroGradient;
    }
    outlet
    {
        type            fixedValue;
        value           uniform 0;
    }
    topWall
    {
        type            zeroGradient;
    }
    lowerWall
    {
        type            zeroGradient;
    }
    leadingEdge
    {
        type            zeroGradient;
    }
    trailingEdge
    {
        type            zeroGradient;
    }
    upperSurface
    {
        type            zeroGradient;
    }
    lowerSurface
    {
        type            zeroGradient;
    }
    frontAndBack
    {
        type            empty;
    }
    procBoundary7to2
    {
        type            processor;
        value           uniform -0.0985988;
    }
    procBoundary7to3
    {
        type            processor;
        value           nonuniform List<scalar> 
140
(
-0.107451
-0.108827
-0.109079
-0.108174
-0.106163
-0.103134
-0.099211
-0.0945372
-0.0892852
-0.0836382
-0.0777753
-0.0718692
-0.0660884
-0.0605845
-0.0554878
-0.0509028
-0.0469307
-0.0435417
-0.0406084
-0.0387443
-0.0380837
-0.0378627
-0.0384389
-0.0397868
-0.0418727
-0.0446674
-0.0480846
-0.0520149
-0.0563388
-0.0609392
-0.0656933
-0.0704502
-0.0750492
-0.0793298
-0.0831362
-0.086325
-0.0887701
-0.0903721
-0.0910994
-0.0909086
-0.0898176
-0.0878781
-0.0851697
-0.0817958
-0.0778792
-0.0735626
-0.0689905
-0.0643088
-0.0596588
-0.055171
-0.0509681
-0.0471499
-0.0437945
-0.0409912
-0.0388051
-0.0372725
-0.0365179
-0.0363035
-0.0367398
-0.0378661
-0.0396493
-0.0420424
-0.0449655
-0.0483287
-0.0520464
-0.0560297
-0.060174
-0.0643552
-0.0684416
-0.0722991
-0.0757953
-0.078805
-0.081216
-0.0829314
-0.0838822
-0.0840604
-0.0834416
-0.0820532
-0.0799485
-0.0772058
-0.07392
-0.0702037
-0.0661855
-0.0619925
-0.0577481
-0.0535788
-0.0495985
-0.0459039
-0.042579
-0.0396706
-0.0371019
-0.0350632
-0.0341837
-0.0335137
-0.0333825
-0.0338865
-0.0349228
-0.0364664
-0.0384872
-0.0409148
-0.0436717
-0.0466763
-0.0498385
-0.0530592
-0.0562369
-0.0592683
-0.0620452
-0.0644625
-0.0664226
-0.0678388
-0.068641
-0.0687896
-0.0682647
-0.0670607
-0.0652048
-0.0627429
-0.0597393
-0.0562723
-0.0524364
-0.0483314
-0.0440636
-0.0397212
-0.0354086
-0.0312165
-0.0272056
-0.0234319
-0.0199188
-0.0167036
-0.0140024
-0.0117237
-0.009597
-0.0078473
-0.00641433
-0.0052019
-0.00419203
-0.00325053
-0.00255542
-0.00116223
-0.00116223
-0.00120066
)
;
    }
    procBoundary7to6
    {
        type            processor;
        value           nonuniform List<scalar> 
35
(
-0.054821
-0.0450809
-0.0354307
-0.0260103
-0.0169391
-0.00831158
-0.000219118
0.00729032
0.0141678
0.0204078
0.0259946
0.0309434
0.0352767
0.0390288
0.0422424
0.0449641
0.0472523
0.0491556
0.0507376
0.0520321
0.0530933
0.0539209
0.0545735
0.0549965
0.0553217
0.0555581
0.0555581
0.0551835
0.0553647
0.0555616
0.0556993
-0.0911648
-0.0828622
-0.0739011
-0.0644883
)
;
    }
}


// ************************************************************************* //
