/*--------------------------------*- C++ -*----------------------------------*\
| =========                 |                                                 |
| \\      /  F ield         | OpenFOAM: The Open Source CFD Toolbox           |
|  \\    /   O peration     | Version:  2206                                  |
|   \\  /    A nd           | Website:  www.openfoam.com                      |
|    \\/     M anipulation  |                                                 |
\*---------------------------------------------------------------------------*/
FoamFile
{
    version     2.0;
    format      ascii;
    arch        "LSB;label=32;scalar=64";
    class       volVectorField;
    location    "19.2999";
    object      U;
}
// * * * * * * * * * * * * * * * * * * * * * * * * * * * * * * * * * * * * * //

dimensions      [0 1 -1 0 0 0 0];

internalField   nonuniform List<vector> 
1826
(
(2.08313 0.182179 0)
(2.0211 0.181128 0)
(1.96968 0.180371 0)
(1.92803 0.176555 0)
(1.89485 0.16642 0)
(1.86932 0.147206 0)
(1.85146 0.118409 0)
(1.84051 0.0805832 0)
(1.83642 0.0354244 0)
(1.83928 -0.0145664 0)
(1.84886 -0.0661053 0)
(1.86447 -0.11552 0)
(1.88525 -0.160183 0)
(1.91029 -0.198093 0)
(1.93867 -0.22782 0)
(1.96968 -0.248437 0)
(2.00293 -0.259387 0)
(2.03765 -0.260442 0)
(2.07311 -0.251782 0)
(2.10872 -0.233835 0)
(2.1439 -0.207467 0)
(2.17844 -0.173717 0)
(2.21233 -0.133613 0)
(2.24525 -0.0884366 0)
(2.27561 -0.0407489 0)
(2.30137 0.00663004 0)
(2.32062 0.0512492 0)
(2.33186 0.0910373 0)
(2.33419 0.124655 0)
(2.32592 0.151525 0)
(2.30553 0.169477 0)
(2.27373 0.17771 0)
(2.23279 0.178181 0)
(2.18654 0.173531 0)
(2.13978 0.166498 0)
(2.0956 0.158859 0)
(2.0556 0.150979 0)
(2.02063 0.142343 0)
(1.99094 0.132097 0)
(1.96639 0.119162 0)
(1.94682 0.102511 0)
(1.93228 0.0817646 0)
(1.92255 0.0570482 0)
(1.91735 0.0287647 0)
(1.91652 -0.00215189 0)
(1.91982 -0.0341868 0)
(1.92681 -0.0653351 0)
(1.93702 -0.0940132 0)
(1.94995 -0.118966 0)
(1.96499 -0.139262 0)
(1.98163 -0.154321 0)
(1.99953 -0.16379 0)
(2.01848 -0.167441 0)
(2.03802 -0.165212 0)
(2.05784 -0.157202 0)
(2.07754 -0.143653 0)
(2.09672 -0.12506 0)
(2.11511 -0.102055 0)
(2.13242 -0.0753541 0)
(2.14803 -0.0460363 0)
(2.16087 -0.0158008 0)
(2.17002 0.0139085 0)
(2.17477 0.0418116 0)
(2.17472 0.0668262 0)
(2.16957 0.0881828 0)
(2.15913 0.105243 0)
(2.14374 0.117358 0)
(2.12448 0.124602 0)
(2.10261 0.127744 0)
(2.07962 0.127519 0)
(2.05692 0.124468 0)
(2.03541 0.118842 0)
(2.01575 0.11064 0)
(1.99843 0.0997895 0)
(1.98381 0.0861967 0)
(1.97214 0.0699466 0)
(1.96352 0.051236 0)
(1.95798 0.0304066 0)
(1.95555 0.00804276 0)
(1.95613 -0.0149222 0)
(1.95948 -0.0372553 0)
(1.96524 -0.0579605 0)
(1.97301 -0.0761538 0)
(1.98232 -0.0911625 0)
(1.99267 -0.102568 0)
(2.00369 -0.110179 0)
(2.01522 -0.113936 0)
(2.02704 -0.113839 0)
(2.03889 -0.10998 0)
(2.05056 -0.102463 0)
(2.06174 -0.0915983 0)
(2.07215 -0.0778346 0)
(2.08158 -0.0616463 0)
(2.08979 -0.0435453 0)
(2.09644 -0.0242225 0)
(2.1011 -0.00461806 0)
(2.10355 0.0145039 0)
(2.10364 0.0324414 0)
(2.10135 0.0485775 0)
(2.09672 0.06241 0)
(2.08989 0.0735648 0)
(2.08105 0.0817794 0)
(2.07057 0.086925 0)
(2.05903 0.0891217 0)
(2.04694 0.0886688 0)
(2.03477 0.0857618 0)
(2.02306 0.080481 0)
(2.01227 0.0729525 0)
(2.0028 0.0633237 0)
(1.99489 0.051757 0)
(1.98874 0.0384696 0)
(1.98451 0.0237454 0)
(1.98232 0.00797286 0)
(1.98225 -0.00824716 0)
(1.9842 -0.0240992 0)
(1.98799 -0.0388926 0)
(1.9933 -0.0519882 0)
(1.99977 -0.0628802 0)
(2.00699 -0.0712357 0)
(2.0146 -0.0769089 0)
(2.02245 -0.0798889 0)
(2.19921 0.251119 0)
(2.13963 0.239856 0)
(2.0895 0.228648 0)
(2.04892 0.215005 0)
(2.01731 0.19571 0)
(1.99444 0.168224 0)
(1.97953 0.131833 0)
(1.97158 0.0868846 0)
(1.97018 0.0348582 0)
(1.975 -0.0217411 0)
(1.98543 -0.0792493 0)
(2.00068 -0.133839 0)
(2.01996 -0.18279 0)
(2.04235 -0.22402 0)
(2.06686 -0.256199 0)
(2.09258 -0.278657 0)
(2.11936 -0.291084 0)
(2.14722 -0.293156 0)
(2.17536 -0.284865 0)
(2.20334 -0.26656 0)
(2.23059 -0.239342 0)
(2.25696 -0.204563 0)
(2.28253 -0.16349 0)
(2.30735 -0.117402 0)
(2.33113 -0.0676331 0)
(2.35275 -0.0164394 0)
(2.37091 0.0336302 0)
(2.38454 0.0803389 0)
(2.39261 0.122066 0)
(2.39397 0.157803 0)
(2.38717 0.186737 0)
(2.37057 0.207364 0)
(2.34454 0.217639 0)
(2.31086 0.218521 0)
(2.27218 0.212797 0)
(2.23165 0.203156 0)
(2.19256 0.19107 0)
(2.15699 0.1771 0)
(2.12617 0.161193 0)
(2.10059 0.142563 0)
(2.08038 0.120287 0)
(2.06554 0.0941933 0)
(2.05566 0.0644891 0)
(2.05037 0.031596 0)
(2.04933 -0.00356993 0)
(2.0521 -0.0393915 0)
(2.05813 -0.0738348 0)
(2.06695 -0.105302 0)
(2.07804 -0.132456 0)
(2.09078 -0.154356 0)
(2.10451 -0.170529 0)
(2.11885 -0.180866 0)
(2.13391 -0.185256 0)
(2.14947 -0.183498 0)
(2.16526 -0.175536 0)
(2.18094 -0.16153 0)
(2.196 -0.142074 0)
(2.21009 -0.117972 0)
(2.22306 -0.0900704 0)
(2.23482 -0.0592262 0)
(2.24505 -0.0265019 0)
(2.25309 0.00649143 0)
(2.25834 0.0383145 0)
(2.26033 0.0677092 0)
(2.25874 0.0936033 0)
(2.25346 0.11515 0)
(2.24439 0.131815 0)
(2.23147 0.143179 0)
(2.21538 0.14892 0)
(2.19711 0.14967 0)
(2.17766 0.146443 0)
(2.15822 0.139667 0)
(2.14 0.129399 0)
(2.12393 0.115931 0)
(2.11049 0.0994717 0)
(2.09986 0.0801855 0)
(2.09213 0.0583587 0)
(2.08728 0.0343984 0)
(2.08528 0.00894438 0)
(2.08591 -0.0168542 0)
(2.08886 -0.0417117 0)
(2.09377 -0.0645352 0)
(2.10025 -0.0843623 0)
(2.10784 -0.100487 0)
(2.11604 -0.11254 0)
(2.1244 -0.120504 0)
(2.13286 -0.124512 0)
(2.14156 -0.124555 0)
(2.15033 -0.12069 0)
(2.15911 -0.112846 0)
(2.16753 -0.101343 0)
(2.17531 -0.0866998 0)
(2.18227 -0.0694365 0)
(2.18821 -0.050095 0)
(2.19297 -0.0292817 0)
(2.19629 -0.00784893 0)
(2.19798 0.0132264 0)
(2.19796 0.033198 0)
(2.19621 0.0513881 0)
(2.1928 0.0671998 0)
(2.18786 0.0801621 0)
(2.18161 0.0899879 0)
(2.1742 0.096544 0)
(2.16574 0.0997647 0)
(2.15663 0.0998141 0)
(2.14716 0.0969968 0)
(2.13778 0.0912463 0)
(2.12904 0.0827393 0)
(2.12135 0.0717724 0)
(2.115 0.0586147 0)
(2.11021 0.0435502 0)
(2.10714 0.026905 0)
(2.10593 0.00909974 0)
(2.10658 -0.00917897 0)
(2.10895 -0.0269353 0)
(2.11276 -0.04336 0)
(2.11768 -0.057708 0)
(2.12332 -0.0694228 0)
(2.12924 -0.0781902 0)
(2.13506 -0.0839924 0)
(2.14067 -0.0870164 0)
(2.28886 0.312199 0)
(2.23856 0.293291 0)
(2.19545 0.273345 0)
(2.16035 0.250478 0)
(2.13362 0.221968 0)
(2.11523 0.186176 0)
(2.10406 0.142292 0)
(2.09928 0.0906183 0)
(2.10029 0.0324561 0)
(2.10649 -0.0297573 0)
(2.11698 -0.0919789 0)
(2.13093 -0.150559 0)
(2.14761 -0.202592 0)
(2.16625 -0.245967 0)
(2.18587 -0.279292 0)
(2.20535 -0.302283 0)
(2.22435 -0.31531 0)
(2.24369 -0.317891 0)
(2.26292 -0.309298 0)
(2.28175 -0.290319 0)
(2.2998 -0.262394 0)
(2.31713 -0.226917 0)
(2.33415 -0.185112 0)
(2.35097 -0.138117 0)
(2.36752 -0.087157 0)
(2.38324 -0.0340471 0)
(2.39721 0.0185309 0)
(2.40894 0.0688068 0)
(2.41627 0.115691 0)
(2.41896 0.157616 0)
(2.41854 0.192817 0)
(2.41393 0.21985 0)
(2.40428 0.238607 0)
(2.38727 0.247843 0)
(2.36258 0.247717 0)
(2.33379 0.240531 0)
(2.3027 0.227704 0)
(2.27226 0.210402 0)
(2.24476 0.189869 0)
(2.2211 0.165988 0)
(2.20203 0.138452 0)
(2.18774 0.107354 0)
(2.17797 0.0729417 0)
(2.17242 0.0356743 0)
(2.17067 -0.00352734 0)
(2.17215 -0.0427942 0)
(2.1763 -0.0802272 0)
(2.18271 -0.114157 0)
(2.19094 -0.143186 0)
(2.20046 -0.166294 0)
(2.21058 -0.183082 0)
(2.22072 -0.193784 0)
(2.23114 -0.198658 0)
(2.24209 -0.197307 0)
(2.25344 -0.189473 0)
(2.26483 -0.175123 0)
(2.27567 -0.154916 0)
(2.2857 -0.129781 0)
(2.29478 -0.100724 0)
(2.30282 -0.0687149 0)
(2.30984 -0.0346725 0)
(2.31568 0.000122789 0)
(2.32004 0.0341923 0)
(2.32262 0.0663146 0)
(2.32312 0.0952762 0)
(2.32129 0.12 0)
(2.31714 0.139715 0)
(2.3108 0.154078 0)
(2.30219 0.163101 0)
(2.29135 0.16656 0)
(2.27885 0.16448 0)
(2.26496 0.157345 0)
(2.25091 0.145552 0)
(2.23806 0.129806 0)
(2.22697 0.110691 0)
(2.21792 0.0886338 0)
(2.21111 0.0640621 0)
(2.2066 0.0374524 0)
(2.20432 0.00951106 0)
(2.20403 -0.0184577 0)
(2.20534 -0.0451816 0)
(2.20796 -0.0695163 0)
(2.2116 -0.0904503 0)
(2.21602 -0.107236 0)
(2.22087 -0.119508 0)
(2.22569 -0.127398 0)
(2.23021 -0.131459 0)
(2.23497 -0.131785 0)
(2.24011 -0.12802 0)
(2.24578 -0.120052 0)
(2.2514 -0.108172 0)
(2.25669 -0.0929146 0)
(2.26148 -0.0748422 0)
(2.26558 -0.0545234 0)
(2.26882 -0.0325659 0)
(2.27102 -0.00977937 0)
(2.27203 0.0127512 0)
(2.27183 0.0342036 0)
(2.27045 0.0538215 0)
(2.26791 0.0709521 0)
(2.26434 0.085051 0)
(2.26 0.0957775 0)
(2.25525 0.103064 0)
(2.25023 0.107071 0)
(2.24472 0.107771 0)
(2.23878 0.105057 0)
(2.23255 0.0989602 0)
(2.22673 0.0897144 0)
(2.22175 0.0776605 0)
(2.21782 0.0631441 0)
(2.21514 0.046514 0)
(2.21387 0.0281457 0)
(2.21403 0.00855727 0)
(2.21546 -0.0113174 0)
(2.21782 -0.0303983 0)
(2.22085 -0.0478027 0)
(2.22427 -0.0627438 0)
(2.22785 -0.0746587 0)
(2.23133 -0.0832637 0)
(2.23444 -0.0886558 0)
(2.2371 -0.0912661 0)
(2.3456 0.359381 0)
(2.30869 0.335497 0)
(2.27652 0.308747 0)
(2.25065 0.277962 0)
(2.23194 0.24174 0)
(2.22 0.198753 0)
(2.21408 0.148439 0)
(2.21352 0.0911124 0)
(2.21766 0.0279145 0)
(2.22556 -0.0384281 0)
(2.23602 -0.103836 0)
(2.24808 -0.164866 0)
(2.26105 -0.218587 0)
(2.27446 -0.262882 0)
(2.28761 -0.296019 0)
(2.2998 -0.317989 0)
(2.31033 -0.330049 0)
(2.32028 -0.332546 0)
(2.32961 -0.32448 0)
(2.3376 -0.304074 0)
(2.34502 -0.275166 0)
(2.35227 -0.239444 0)
(2.36053 -0.19803 0)
(2.36983 -0.151616 0)
(2.38005 -0.100828 0)
(2.39078 -0.0469085 0)
(2.40096 0.00785521 0)
(2.40925 0.0612736 0)
(2.41443 0.111255 0)
(2.41753 0.155548 0)
(2.41867 0.193051 0)
(2.41826 0.22311 0)
(2.41492 0.245579 0)
(2.40934 0.260336 0)
(2.39956 0.266681 0)
(2.38573 0.264306 0)
(2.36924 0.253617 0)
(2.34906 0.236302 0)
(2.32933 0.213771 0)
(2.31144 0.186456 0)
(2.29644 0.154535 0)
(2.28496 0.118825 0)
(2.27699 0.0801273 0)
(2.27228 0.0390384 0)
(2.27041 -0.00334618 0)
(2.27072 -0.0451101 0)
(2.27266 -0.084604 0)
(2.27598 -0.120196 0)
(2.28053 -0.15051 0)
(2.28602 -0.174355 0)
(2.29205 -0.191351 0)
(2.29796 -0.201974 0)
(2.30349 -0.207109 0)
(2.30952 -0.206712 0)
(2.31615 -0.19905 0)
(2.32292 -0.184374 0)
(2.32906 -0.163571 0)
(2.33469 -0.137647 0)
(2.33987 -0.107664 0)
(2.34437 -0.0747315 0)
(2.34815 -0.0398157 0)
(2.35108 -0.0039751 0)
(2.35312 0.0311466 0)
(2.35439 0.0644317 0)
(2.35498 0.0948013 0)
(2.35493 0.121132 0)
(2.35422 0.14244 0)
(2.35284 0.158275 0)
(2.35102 0.168271 0)
(2.34883 0.172712 0)
(2.34558 0.173225 0)
(2.34072 0.168702 0)
(2.33423 0.157232 0)
(2.32715 0.141026 0)
(2.32036 0.120723 0)
(2.31419 0.096989 0)
(2.30893 0.0704546 0)
(2.30471 0.0417523 0)
(2.30146 0.0118598 0)
(2.29911 -0.0176351 0)
(2.29741 -0.0455389 0)
(2.29625 -0.0707947 0)
(2.29562 -0.0925144 0)
(2.29557 -0.109928 0)
(2.2961 -0.122471 0)
(2.29704 -0.130182 0)
(2.29806 -0.133777 0)
(2.29936 -0.134406 0)
(2.30125 -0.132164 0)
(2.304 -0.12442 0)
(2.30706 -0.112605 0)
(2.3101 -0.0971811 0)
(2.31295 -0.0787022 0)
(2.31542 -0.0577543 0)
(2.31735 -0.0349808 0)
(2.31862 -0.0112372 0)
(2.31914 0.0122802 0)
(2.31895 0.034683 0)
(2.31813 0.0552685 0)
(2.31674 0.073329 0)
(2.31491 0.0881699 0)
(2.31285 0.099296 0)
(2.31089 0.106596 0)
(2.30929 0.110379 0)
(2.30761 0.11119 0)
(2.30579 0.109827 0)
(2.30374 0.103597 0)
(2.30188 0.0938565 0)
(2.30042 0.0810327 0)
(2.29945 0.0655214 0)
(2.29901 0.0477665 0)
(2.29909 0.0282604 0)
(2.29957 0.00768085 0)
(2.30018 -0.012802 0)
(2.30065 -0.0322318 0)
(2.30093 -0.0497959 0)
(2.30102 -0.0647617 0)
(2.30098 -0.0766054 0)
(2.30089 -0.0849723 0)
(2.30079 -0.0899361 0)
(2.30068 -0.0920543 0)
(2.38861 0.409799 0)
(2.36743 0.390451 0)
(2.3468 0.364372 0)
(2.32875 0.332923 0)
(2.31495 0.296252 0)
(2.30606 0.253791 0)
(2.30204 0.204921 0)
(2.30256 0.14935 0)
(2.30715 0.0874235 0)
(2.31508 0.0205848 0)
(2.32511 -0.0482153 0)
(2.33567 -0.114671 0)
(2.34564 -0.175957 0)
(2.35431 -0.229521 0)
(2.36125 -0.273176 0)
(2.36645 -0.305559 0)
(2.36998 -0.325912 0)
(2.37151 -0.334915 0)
(2.37078 -0.336229 0)
(2.36755 -0.326827 0)
(2.36515 -0.306339 0)
(2.3629 -0.278175 0)
(2.36217 -0.243352 0)
(2.36247 -0.202964 0)
(2.36387 -0.157747 0)
(2.36721 -0.108337 0)
(2.37257 -0.0554706 0)
(2.37909 -0.000303635 0)
(2.38593 0.054539 0)
(2.39234 0.106238 0)
(2.3976 0.15271 0)
(2.4009 0.192229 0)
(2.40188 0.224283 0)
(2.40102 0.248356 0)
(2.3989 0.263923 0)
(2.39703 0.271269 0)
(2.39448 0.272338 0)
(2.38847 0.266041 0)
(2.3805 0.250404 0)
(2.37198 0.227951 0)
(2.36508 0.19945 0)
(2.35822 0.165777 0)
(2.35193 0.127859 0)
(2.34708 0.0866022 0)
(2.34387 0.0430004 0)
(2.34197 -0.00136269 0)
(2.34089 -0.0446067 0)
(2.34029 -0.0852856 0)
(2.34012 -0.122057 0)
(2.34054 -0.153438 0)
(2.3417 -0.178064 0)
(2.34337 -0.195277 0)
(2.34513 -0.205323 0)
(2.34648 -0.209307 0)
(2.34759 -0.209587 0)
(2.34871 -0.202915 0)
(2.34998 -0.187636 0)
(2.35127 -0.166522 0)
(2.35272 -0.140506 0)
(2.3545 -0.11041 0)
(2.35628 -0.0770249 0)
(2.35739 -0.0413158 0)
(2.35788 -0.0047542 0)
(2.35794 0.0309323 0)
(2.35769 0.0645483 0)
(2.35732 0.0949333 0)
(2.35706 0.121089 0)
(2.35706 0.14231 0)
(2.35742 0.157859 0)
(2.35817 0.167557 0)
(2.35926 0.172132 0)
(2.36001 0.172906 0)
(2.36067 0.169283 0)
(2.36102 0.158924 0)
(2.36093 0.143527 0)
(2.36035 0.123681 0)
(2.35934 0.100182 0)
(2.35788 0.0738315 0)
(2.35593 0.0453864 0)
(2.35339 0.0156552 0)
(2.35029 -0.0139088 0)
(2.34681 -0.0419416 0)
(2.34311 -0.0674912 0)
(2.33943 -0.0896149 0)
(2.3361 -0.10757 0)
(2.33339 -0.120881 0)
(2.33156 -0.12941 0)
(2.33057 -0.13356 0)
(2.33006 -0.13448 0)
(2.32998 -0.133004 0)
(2.33044 -0.125714 0)
(2.33131 -0.114088 0)
(2.33235 -0.0986838 0)
(2.33341 -0.0800635 0)
(2.33437 -0.0588618 0)
(2.33513 -0.0357469 0)
(2.33554 -0.0115776 0)
(2.33554 0.0124033 0)
(2.3351 0.03521 0)
(2.3343 0.0560717 0)
(2.33338 0.0742407 0)
(2.33264 0.0889679 0)
(2.3322 0.0998434 0)
(2.3321 0.106814 0)
(2.33235 0.110249 0)
(2.33282 0.111001 0)
(2.33362 0.109325 0)
(2.33472 0.103008 0)
(2.33588 0.0932141 0)
(2.33696 0.08036 0)
(2.33789 0.0648576 0)
(2.33858 0.0471623 0)
(2.33893 0.0278442 0)
(2.33878 0.00767547 0)
(2.33803 -0.0121876 0)
(2.33674 -0.0310073 0)
(2.33503 -0.04807 0)
(2.33302 -0.0627154 0)
(2.33089 -0.0744317 0)
(2.3288 -0.0829736 0)
(2.32693 -0.0883732 0)
(2.32549 -0.0910049 0)
(2.33556 -0.0725016 0)
(2.33332 -0.0811488 0)
(2.33117 -0.0867299 0)
(2.32936 -0.0895495 0)
(-0.0348411 0.00143654 0)
(-0.0372756 0.00204543 0)
(-0.0407267 0.00241344 0)
(-0.0446134 0.002477 0)
(-0.0483362 0.0022284 0)
(-0.0512379 0.00169455 0)
(-0.052806 0.000930125 0)
(-0.052787 -0.000115688 0)
(-0.0510399 -0.00120702 0)
(-0.0473613 -0.00224847 0)
(-0.0417671 -0.00319401 0)
(-0.0344311 -0.00401082 0)
(-0.0256014 -0.00466278 0)
(-0.0156236 -0.00513628 0)
(-0.00487354 -0.00540563 0)
(0.00622159 -0.00547747 0)
(0.0172595 -0.00535467 0)
(0.0278841 -0.00504611 0)
(0.0377224 -0.00456682 0)
(0.0464661 -0.00393788 0)
(0.0538657 -0.0031923 0)
(0.0597156 -0.00237274 0)
(0.0638666 -0.00151169 0)
(0.0662522 -0.000625614 0)
(0.0669577 0.00027765 0)
(0.0661095 0.00115719 0)
(0.0637889 0.00194236 0)
(0.0601032 0.00262184 0)
(0.0552313 0.00318332 0)
(0.049389 0.00362036 0)
(0.0428196 0.00393408 0)
(0.0357733 0.0041149 0)
(0.0284949 0.00416013 0)
(0.0212791 0.00408917 0)
(0.0143686 0.00387733 0)
(0.00797135 0.00355324 0)
(0.00233388 0.00312489 0)
(-0.00234866 0.00260425 0)
(-0.00596176 0.00201301 0)
(-0.00830673 0.0014102 0)
(-0.00926331 0.000710443 0)
(-0.00900999 -0.000116566 0)
(-0.0075834 -0.00091394 0)
(-0.00480865 -0.00161685 0)
(-0.00055468 -0.00228048 0)
(0.0049666 -0.00293967 0)
(0.0116207 -0.00352985 0)
(0.0193582 -0.00403295 0)
(0.0280064 -0.00443144 0)
(0.0373447 -0.00470964 0)
(0.0471183 -0.00485688 0)
(0.0570423 -0.00486431 0)
(0.0668247 -0.00472699 0)
(0.0761677 -0.0044449 0)
(0.0847939 -0.00403026 0)
(0.0924364 -0.00349875 0)
(0.0988849 -0.0028714 0)
(0.103969 -0.00216712 0)
(0.107543 -0.00141125 0)
(0.109525 -0.000625874 0)
(0.109971 0.000232734 0)
(0.108946 0.00106441 0)
(0.106512 0.00180249 0)
(0.102768 0.00244411 0)
(0.0978833 0.00298173 0)
(0.092059 0.003411 0)
(0.085506 0.00372911 0)
(0.0784418 0.00393326 0)
(0.0710998 0.00401923 0)
(0.0637164 0.00398965 0)
(0.0565307 0.00384635 0)
(0.0497714 0.00359 0)
(0.043659 0.00322683 0)
(0.0384018 0.00276369 0)
(0.0341806 0.00221787 0)
(0.0311687 0.00160457 0)
(0.029497 0.000935321 0)
(0.0291745 0.000169532 0)
(0.0301346 -0.000595907 0)
(0.0324075 -0.00130199 0)
(0.0359775 -0.00194516 0)
(0.040749 -0.00251392 0)
(0.0465861 -0.0029991 0)
(0.0533209 -0.00339211 0)
(0.06076 -0.00368536 0)
(0.0686895 -0.00387252 0)
(0.0768829 -0.00395067 0)
(0.0851065 -0.00391971 0)
(0.0931293 -0.00377866 0)
(0.100732 -0.00353397 0)
(0.107701 -0.00319733 0)
(0.113865 -0.0027777 0)
(0.11907 -0.00229144 0)
(0.123186 -0.001749 0)
(0.126119 -0.00116805 0)
(0.127786 -0.000563229 0)
(0.128217 0.000104311 0)
(0.127452 0.000773002 0)
(0.125532 0.00137601 0)
(0.122518 0.00191249 0)
(0.118532 0.00236999 0)
(0.113729 0.00273792 0)
(0.108286 0.00301327 0)
(0.102397 0.00319523 0)
(0.0962527 0.00328347 0)
(0.0900535 0.00326832 0)
(0.0840108 0.00314931 0)
(0.0783259 0.00293444 0)
(0.0731898 0.00263458 0)
(0.0687698 0.00225703 0)
(0.065219 0.00181472 0)
(0.0626625 0.00131935 0)
(0.0612098 0.000794827 0)
(0.0608599 0.000202256 0)
(0.0615546 -0.000388254 0)
(0.0632824 -0.000920019 0)
(0.0660043 -0.00139763 0)
(0.0696217 -0.00181071 0)
(0.0740105 -0.00215448 0)
(0.0790307 -0.00242555 0)
(0.0845317 -0.00262197 0)
(0.0903588 -0.00274363 0)
(0.0879112 0.0022618 0)
(0.0874077 0.00406126 0)
(0.085913 0.00511046 0)
(0.0839981 0.00524817 0)
(0.082272 0.00445264 0)
(0.081345 0.00280771 0)
(0.0815781 0.000467416 0)
(0.0833134 -0.00237875 0)
(0.0868799 -0.00535918 0)
(0.0922724 -0.00825733 0)
(0.0994099 -0.0109207 0)
(0.10812 -0.0132244 0)
(0.118131 -0.0150565 0)
(0.129118 -0.0163356 0)
(0.140708 -0.0170061 0)
(0.152501 -0.0170716 0)
(0.164093 -0.0165557 0)
(0.175115 -0.0155016 0)
(0.185212 -0.0139715 0)
(0.194098 -0.0120371 0)
(0.20154 -0.00979021 0)
(0.207396 -0.00733415 0)
(0.211581 -0.00477844 0)
(0.214062 -0.00220011 0)
(0.21489 0.000396379 0)
(0.214104 0.00283759 0)
(0.211866 0.00499286 0)
(0.208408 0.00682727 0)
(0.203986 0.00830598 0)
(0.19887 0.00939762 0)
(0.193329 0.010089 0)
(0.18766 0.0103986 0)
(0.182086 0.0103237 0)
(0.176856 0.00989194 0)
(0.172163 0.00912573 0)
(0.168183 0.00805953 0)
(0.165023 0.00672508 0)
(0.162806 0.00519209 0)
(0.161608 0.00346199 0)
(0.161472 0.00161903 0)
(0.162374 -0.000317021 0)
(0.164412 -0.0023989 0)
(0.167716 -0.00448626 0)
(0.172218 -0.00647577 0)
(0.177953 -0.00835993 0)
(0.184863 -0.0101841 0)
(0.192827 -0.0118339 0)
(0.201721 -0.013228 0)
(0.211378 -0.0143024 0)
(0.221563 -0.0150047 0)
(0.232033 -0.0152913 0)
(0.242469 -0.0151452 0)
(0.252608 -0.0145558 0)
(0.262124 -0.013544 0)
(0.270772 -0.0121423 0)
(0.278297 -0.0104052 0)
(0.2845 -0.0084056 0)
(0.28924 -0.00620962 0)
(0.292401 -0.00389904 0)
(0.294003 -0.00151973 0)
(0.294016 0.000888202 0)
(0.292447 0.00317188 0)
(0.289471 0.00523818 0)
(0.285276 0.00703132 0)
(0.28007 0.00850947 0)
(0.274087 0.00964397 0)
(0.26759 0.0104196 0)
(0.260846 0.0108354 0)
(0.254133 0.0109002 0)
(0.247663 0.0106101 0)
(0.241674 0.00998307 0)
(0.236356 0.00904513 0)
(0.231869 0.0078156 0)
(0.228382 0.00634539 0)
(0.225979 0.00464722 0)
(0.224774 0.00278611 0)
(0.224778 0.000775112 0)
(0.226052 -0.0013389 0)
(0.228702 -0.00345896 0)
(0.232671 -0.00548018 0)
(0.237864 -0.00734414 0)
(0.244176 -0.00899997 0)
(0.251463 -0.0104027 0)
(0.259541 -0.0115138 0)
(0.2682 -0.0123024 0)
(0.277209 -0.0127471 0)
(0.286328 -0.0128379 0)
(0.295313 -0.0125753 0)
(0.30392 -0.0119763 0)
(0.311938 -0.011062 0)
(0.319159 -0.00986704 0)
(0.325396 -0.00843988 0)
(0.330521 -0.00682131 0)
(0.334406 -0.00506934 0)
(0.336999 -0.00322041 0)
(0.338286 -0.00131876 0)
(0.338245 0.000631679 0)
(0.336869 0.00250797 0)
(0.334292 0.00423554 0)
(0.33066 0.00576582 0)
(0.326132 0.00705742 0)
(0.320892 0.00807562 0)
(0.315146 0.0087959 0)
(0.309117 0.00920821 0)
(0.303043 0.00930705 0)
(0.297167 0.00909738 0)
(0.291679 0.00858208 0)
(0.286776 0.00778629 0)
(0.282616 0.00673712 0)
(0.279349 0.00547856 0)
(0.277074 0.00403922 0)
(0.275879 0.0024712 0)
(0.275785 0.000792143 0)
(0.27682 -0.000936688 0)
(0.279024 -0.00263754 0)
(0.282327 -0.00422402 0)
(0.286613 -0.00565113 0)
(0.291767 -0.00688506 0)
(0.297649 -0.00789973 0)
(0.304101 -0.00867855 0)
(0.310951 -0.00921375 0)
(0.318028 -0.00950345 0)
(0.368496 0.00126421 0)
(0.368571 0.00424005 0)
(0.367381 0.0059999 0)
(0.365448 0.00625274 0)
(0.36339 0.00498355 0)
(0.361782 0.00236524 0)
(0.361155 -0.00129749 0)
(0.361938 -0.0055425 0)
(0.364279 -0.0100728 0)
(0.368217 -0.0145911 0)
(0.373739 -0.0188207 0)
(0.380736 -0.0225197 0)
(0.388992 -0.025492 0)
(0.398214 -0.0275954 0)
(0.408056 -0.0287384 0)
(0.418137 -0.02889 0)
(0.428068 -0.0280672 0)
(0.437503 -0.0263244 0)
(0.446138 -0.0237589 0)
(0.453742 -0.0204999 0)
(0.460135 -0.0167076 0)
(0.465198 -0.0125613 0)
(0.468871 -0.00824625 0)
(0.4712 -0.00394465 0)
(0.472232 0.000204884 0)
(0.472016 0.00403552 0)
(0.470737 0.00742502 0)
(0.468582 0.0102724 0)
(0.465739 0.0125112 0)
(0.462388 0.0141083 0)
(0.45871 0.015054 0)
(0.454869 0.0153563 0)
(0.451034 0.0150494 0)
(0.447362 0.0141906 0)
(0.443961 0.0128313 0)
(0.440979 0.0110427 0)
(0.438501 0.00887055 0)
(0.436629 0.00639865 0)
(0.435432 0.00369811 0)
(0.434968 0.000812857 0)
(0.435279 -0.00223614 0)
(0.436423 -0.00529113 0)
(0.438487 -0.00839166 0)
(0.441506 -0.0115048 0)
(0.445529 -0.0145582 0)
(0.450571 -0.0174798 0)
(0.456587 -0.0201491 0)
(0.46349 -0.0224371 0)
(0.471155 -0.0242227 0)
(0.479398 -0.0254007 0)
(0.487993 -0.0258914 0)
(0.496691 -0.0256443 0)
(0.505211 -0.0246523 0)
(0.513296 -0.0229361 0)
(0.520706 -0.0205471 0)
(0.527184 -0.0175938 0)
(0.532576 -0.0141651 0)
(0.536721 -0.0104099 0)
(0.539533 -0.00645887 0)
(0.54101 -0.00241281 0)
(0.541151 0.00154812 0)
(0.540024 0.00525929 0)
(0.537736 0.0086084 0)
(0.534441 0.0115043 0)
(0.530324 0.013866 0)
(0.525577 0.0156416 0)
(0.5204 0.0168053 0)
(0.514988 0.0173482 0)
(0.509534 0.0172816 0)
(0.504217 0.0166393 0)
(0.499204 0.0154573 0)
(0.494642 0.0137733 0)
(0.490702 0.0116471 0)
(0.487493 0.00911702 0)
(0.485163 0.00626351 0)
(0.483805 0.00312945 0)
(0.483488 -0.000201866 0)
(0.484291 -0.00357785 0)
(0.486253 -0.00692407 0)
(0.489363 -0.010175 0)
(0.493567 -0.0132182 0)
(0.498786 -0.0159444 0)
(0.504901 -0.018262 0)
(0.511763 -0.0200957 0)
(0.519191 -0.0213879 0)
(0.526984 -0.0220995 0)
(0.534936 -0.0222102 0)
(0.542812 -0.0217231 0)
(0.550417 -0.0206547 0)
(0.557533 -0.0190495 0)
(0.563993 -0.0169545 0)
(0.569616 -0.0144522 0)
(0.574286 -0.0116122 0)
(0.577888 -0.00852678 0)
(0.580347 -0.00528518 0)
(0.581633 -0.0019576 0)
(0.581756 0.00133358 0)
(0.580748 0.00445035 0)
(0.578685 0.00730671 0)
(0.575684 0.00982688 0)
(0.571894 0.0119349 0)
(0.56748 0.0135702 0)
(0.562616 0.0146866 0)
(0.55749 0.0152584 0)
(0.552286 0.0152792 0)
(0.547191 0.0147635 0)
(0.542382 0.0137456 0)
(0.538015 0.0122596 0)
(0.53426 0.0103683 0)
(0.53124 0.00812176 0)
(0.529093 0.00559685 0)
(0.527895 0.00284746 0)
(0.527698 -4.05479e-05 0)
(0.528544 -0.00291235 0)
(0.530431 -0.00568604 0)
(0.533304 -0.008298 0)
(0.537079 -0.0106635 0)
(0.541648 -0.0127126 0)
(0.546883 -0.0143943 0)
(0.552641 -0.0156758 0)
(0.558768 -0.01654 0)
(0.565104 -0.01698 0)
(0.755404 0.000342149 0)
(0.755951 0.00541452 0)
(0.755002 0.00876914 0)
(0.752836 0.0100548 0)
(0.749995 0.00892108 0)
(0.747093 0.00566772 0)
(0.744653 0.000838008 0)
(0.743139 -0.00503193 0)
(0.742793 -0.0114249 0)
(0.743842 -0.0178627 0)
(0.746424 -0.0239154 0)
(0.750576 -0.0291936 0)
(0.756198 -0.0333963 0)
(0.763056 -0.0363054 0)
(0.770794 -0.0377881 0)
(0.778961 -0.0378237 0)
(0.787032 -0.0365091 0)
(0.794535 -0.0340217 0)
(0.801074 -0.0305479 0)
(0.806351 -0.0262798 0)
(0.810189 -0.0214302 0)
(0.812542 -0.0162329 0)
(0.813482 -0.0108984 0)
(0.813204 -0.00561818 0)
(0.81194 -0.000573024 0)
(0.809923 0.00409466 0)
(0.807444 0.00825907 0)
(0.804729 0.0118005 0)
(0.801925 0.0146315 0)
(0.799121 0.016699 0)
(0.796367 0.0179898 0)
(0.793686 0.018521 0)
(0.7911 0.0183131 0)
(0.788644 0.0174078 0)
(0.786314 0.0158752 0)
(0.784101 0.0138005 0)
(0.782036 0.0112744 0)
(0.780153 0.00837203 0)
(0.778484 0.00516968 0)
(0.777009 0.00172582 0)
(0.775916 -0.00192695 0)
(0.775359 -0.00574355 0)
(0.775384 -0.00968871 0)
(0.776124 -0.0137152 0)
(0.777727 -0.0177419 0)
(0.780298 -0.0216497 0)
(0.783869 -0.0252647 0)
(0.788385 -0.0283959 0)
(0.793726 -0.0308669 0)
(0.799714 -0.032521 0)
(0.806111 -0.0332414 0)
(0.812651 -0.0329632 0)
(0.819037 -0.031684 0)
(0.825007 -0.0294459 0)
(0.830309 -0.0263354 0)
(0.834749 -0.0224751 0)
(0.838178 -0.0180255 0)
(0.840495 -0.0131657 0)
(0.841686 -0.00806839 0)
(0.841799 -0.00291134 0)
(0.840831 0.00212379 0)
(0.838866 0.00685044 0)
(0.836088 0.0111078 0)
(0.832641 0.0147688 0)
(0.82867 0.0177413 0)
(0.824318 0.0199695 0)
(0.819729 0.0214274 0)
(0.815032 0.0221154 0)
(0.810345 0.0220507 0)
(0.805793 0.0212691 0)
(0.801488 0.0198134 0)
(0.797534 0.0177282 0)
(0.794042 0.015076 0)
(0.791093 0.0119127 0)
(0.78878 0.00830562 0)
(0.787163 0.00432813 0)
(0.786348 7.82346e-05 0)
(0.786439 -0.00431516 0)
(0.787449 -0.00871889 0)
(0.789371 -0.0130104 0)
(0.792193 -0.0170504 0)
(0.795864 -0.0206946 0)
(0.800289 -0.0238148 0)
(0.805345 -0.0263014 0)
(0.810881 -0.0280666 0)
(0.816727 -0.0290486 0)
(0.8227 -0.0292164 0)
(0.828603 -0.0285758 0)
(0.834254 -0.0271607 0)
(0.839469 -0.0250305 0)
(0.84409 -0.0222623 0)
(0.847983 -0.0189509 0)
(0.851041 -0.0152091 0)
(0.853195 -0.0111529 0)
(0.854409 -0.00690972 0)
(0.854702 -0.0025906 0)
(0.854071 0.00167436 0)
(0.852559 0.00573773 0)
(0.85027 0.00947185 0)
(0.847309 0.0127609 0)
(0.843796 0.0155082 0)
(0.83986 0.0176408 0)
(0.835636 0.0191091 0)
(0.831255 0.0198847 0)
(0.826847 0.0199587 0)
(0.822545 0.0193406 0)
(0.818494 0.0180619 0)
(0.814824 0.0161627 0)
(0.811671 0.0137091 0)
(0.809147 0.0107705 0)
(0.807352 0.0074377 0)
(0.80634 0.00380759 0)
(0.806171 4.80981e-06 0)
(0.80687 -0.00382898 0)
(0.808402 -0.00755912 0)
(0.810705 -0.0110665 0)
(0.813703 -0.0142413 0)
(0.817297 -0.0169924 0)
(0.821375 -0.0192497 0)
(0.825813 -0.0209636 0)
(0.830482 -0.0221039 0)
(0.835249 -0.0226596 0)
(1.15638 -0.00156007 0)
(1.15362 0.0050434 0)
(1.14878 0.00973989 0)
(1.14235 0.0117825 0)
(1.13498 0.0112627 0)
(1.12727 0.00818546 0)
(1.11984 0.00316041 0)
(1.11355 -0.00322248 0)
(1.109 -0.0104429 0)
(1.10647 -0.018038 0)
(1.10628 -0.0255629 0)
(1.1086 -0.0325469 0)
(1.11329 -0.0385003 0)
(1.12003 -0.0430139 0)
(1.12835 -0.0457503 0)
(1.13767 -0.0465022 0)
(1.1474 -0.0451967 0)
(1.15697 -0.0419341 0)
(1.16576 -0.0370123 0)
(1.17327 -0.0308511 0)
(1.17911 -0.0238586 0)
(1.18299 -0.0165055 0)
(1.18479 -0.00922351 0)
(1.18453 -0.00239644 0)
(1.18237 0.00364885 0)
(1.17865 0.00874042 0)
(1.17393 0.0128049 0)
(1.16868 0.0159154 0)
(1.1633 0.0182175 0)
(1.15801 0.0197922 0)
(1.15293 0.0206786 0)
(1.14807 0.0209057 0)
(1.14336 0.0204833 0)
(1.13869 0.0194893 0)
(1.13393 0.0180244 0)
(1.12897 0.0161023 0)
(1.12376 0.0136144 0)
(1.11832 0.010736 0)
(1.11276 0.00751992 0)
(1.1072 0.00399224 0)
(1.10188 0.000203931 0)
(1.09712 -0.00390415 0)
(1.09322 -0.0083773 0)
(1.09042 -0.0131818 0)
(1.08903 -0.0182081 0)
(1.08928 -0.0232535 0)
(1.09128 -0.0280216 0)
(1.09495 -0.0322559 0)
(1.10008 -0.0357003 0)
(1.10635 -0.0381204 0)
(1.11341 -0.0393383 0)
(1.12083 -0.039252 0)
(1.12823 -0.0378319 0)
(1.13523 -0.0351226 0)
(1.14152 -0.0312524 0)
(1.14685 -0.0264005 0)
(1.15101 -0.020808 0)
(1.15389 -0.0147225 0)
(1.15543 -0.00840291 0)
(1.15566 -0.00211883 0)
(1.15461 0.00392136 0)
(1.15241 0.0095314 0)
(1.14922 0.0145253 0)
(1.14521 0.0187719 0)
(1.14058 0.0221872 0)
(1.13547 0.0247285 0)
(1.13002 0.0263829 0)
(1.12435 0.0271556 0)
(1.11855 0.0270705 0)
(1.11273 0.0261621 0)
(1.10696 0.0244714 0)
(1.10135 0.022049 0)
(1.096 0.0189406 0)
(1.09106 0.0152177 0)
(1.08667 0.0109485 0)
(1.08297 0.00624007 0)
(1.0801 0.001217 0)
(1.07823 -0.00400136 0)
(1.07744 -0.00928622 0)
(1.0778 -0.0144774 0)
(1.07933 -0.0193957 0)
(1.08195 -0.0238517 0)
(1.08554 -0.027684 0)
(1.08989 -0.0307558 0)
(1.09478 -0.0329594 0)
(1.09996 -0.0342247 0)
(1.1052 -0.03451 0)
(1.11031 -0.0338013 0)
(1.11508 -0.0321233 0)
(1.11936 -0.0295407 0)
(1.12301 -0.0261572 0)
(1.12594 -0.0221037 0)
(1.12809 -0.0175141 0)
(1.12942 -0.0125318 0)
(1.12993 -0.00731764 0)
(1.12963 -0.00205505 0)
(1.12852 0.0030835 0)
(1.12663 0.0079479 0)
(1.12403 0.012382 0)
(1.1208 0.0162501 0)
(1.11704 0.0194471 0)
(1.11288 0.0218986 0)
(1.10842 0.0235568 0)
(1.1038 0.024395 0)
(1.09915 0.0244034 0)
(1.0946 0.0235894 0)
(1.09029 0.0219783 0)
(1.08635 0.0196178 0)
(1.08293 0.0165768 0)
(1.08015 0.0129519 0)
(1.07811 0.00885753 0)
(1.07688 0.00443114 0)
(1.07652 -0.000162805 0)
(1.07702 -0.00476276 0)
(1.07835 -0.00921907 0)
(1.08044 -0.0133825 0)
(1.08318 -0.0171173 0)
(1.08642 -0.0203228 0)
(1.09002 -0.0229221 0)
(1.09381 -0.0248635 0)
(1.09763 -0.02612 0)
(1.10135 -0.0266857 0)
(1.46748 0.00250676 0)
(1.45999 0.0122341 0)
(1.44854 0.0198846 0)
(1.43388 0.0243866 0)
(1.41706 0.0251958 0)
(1.39936 0.0223154 0)
(1.38226 0.0162386 0)
(1.36723 0.00777971 0)
(1.35564 -0.00225434 0)
(1.34865 -0.0132237 0)
(1.34713 -0.0245446 0)
(1.35139 -0.0351501 0)
(1.361 -0.0441649 0)
(1.37505 -0.051009 0)
(1.39223 -0.0552658 0)
(1.41094 -0.0568025 0)
(1.42945 -0.0557876 0)
(1.44649 -0.05251 0)
(1.46115 -0.0472076 0)
(1.47297 -0.0401559 0)
(1.48178 -0.031811 0)
(1.4877 -0.0226566 0)
(1.49093 -0.0132756 0)
(1.49173 -0.00415182 0)
(1.49043 0.0043192 0)
(1.48743 0.0117537 0)
(1.48303 0.0178173 0)
(1.47756 0.0224022 0)
(1.47124 0.0255567 0)
(1.46422 0.0274501 0)
(1.45659 0.0283601 0)
(1.44842 0.0285465 0)
(1.43968 0.0281721 0)
(1.43026 0.0273253 0)
(1.42003 0.0260678 0)
(1.40894 0.0244155 0)
(1.39699 0.0223341 0)
(1.38429 0.0197715 0)
(1.37109 0.0166617 0)
(1.3578 0.0129377 0)
(1.34501 0.00852538 0)
(1.33326 0.00337234 0)
(1.32321 -0.0025285 0)
(1.31552 -0.00911026 0)
(1.31068 -0.0162464 0)
(1.30913 -0.0236939 0)
(1.31116 -0.0308888 0)
(1.31662 -0.0372864 0)
(1.32512 -0.0425018 0)
(1.33605 -0.0461909 0)
(1.34866 -0.0481194 0)
(1.36208 -0.0481987 0)
(1.37543 -0.0464928 0)
(1.38801 -0.0431431 0)
(1.39925 -0.0383236 0)
(1.40876 -0.0322788 0)
(1.41629 -0.0253007 0)
(1.42174 -0.0177147 0)
(1.42509 -0.00985166 0)
(1.4264 -0.00203114 0)
(1.42581 0.00546721 0)
(1.4235 0.0123902 0)
(1.41968 0.0185138 0)
(1.41459 0.0236685 0)
(1.40843 0.0277818 0)
(1.40139 0.0308407 0)
(1.39364 0.0328655 0)
(1.38532 0.0338963 0)
(1.37657 0.0339807 0)
(1.36749 0.0331617 0)
(1.35822 0.0314721 0)
(1.3489 0.0289415 0)
(1.3397 0.0255939 0)
(1.33085 0.0214686 0)
(1.32258 0.0166093 0)
(1.31519 0.0110918 0)
(1.30895 0.00502929 0)
(1.30419 -0.00142113 0)
(1.30119 -0.00808648 0)
(1.30019 -0.0147594 0)
(1.30131 -0.0211566 0)
(1.3045 -0.0269384 0)
(1.30955 -0.0318573 0)
(1.31613 -0.0357076 0)
(1.32381 -0.0383431 0)
(1.33208 -0.0396934 0)
(1.34041 -0.0397689 0)
(1.34837 -0.0386372 0)
(1.35557 -0.0363783 0)
(1.36172 -0.0330963 0)
(1.36662 -0.0289297 0)
(1.37015 -0.0240482 0)
(1.37227 -0.0186419 0)
(1.37302 -0.0129225 0)
(1.37251 -0.0070457 0)
(1.37089 -0.00112153 0)
(1.36833 0.00471274 0)
(1.36497 0.0102757 0)
(1.36094 0.0153607 0)
(1.35635 0.0198113 0)
(1.35128 0.0235108 0)
(1.34583 0.0263666 0)
(1.34009 0.0283131 0)
(1.33417 0.0293102 0)
(1.3282 0.0293399 0)
(1.32231 0.0284022 0)
(1.31667 0.0265165 0)
(1.31142 0.0237285 0)
(1.30676 0.0201141 0)
(1.30285 0.0157817 0)
(1.29985 0.0108673 0)
(1.29791 0.00553826 0)
(1.29712 -8.87106e-06 0)
(1.29756 -0.00556628 0)
(1.29926 -0.0109238 0)
(1.30214 -0.0158816 0)
(1.30606 -0.0202601 0)
(1.31082 -0.0239142 0)
(1.31612 -0.0267365 0)
(1.32166 -0.0286872 0)
(1.32715 -0.0297724 0)
(1.3323 -0.0300195 0)
(1.6104 0.0101745 0)
(1.59625 0.0251485 0)
(1.57727 0.0370171 0)
(1.5546 0.0443611 0)
(1.52975 0.0465372 0)
(1.50453 0.0434631 0)
(1.48099 0.0355285 0)
(1.4611 0.0234594 0)
(1.44663 0.00807389 0)
(1.43914 -0.00973533 0)
(1.43978 -0.0285682 0)
(1.44888 -0.046661 0)
(1.46621 -0.0624902 0)
(1.49109 -0.0746943 0)
(1.52229 -0.0822441 0)
(1.55813 -0.0845522 0)
(1.59644 -0.0816389 0)
(1.63417 -0.0743088 0)
(1.66838 -0.0637272 0)
(1.69681 -0.051505 0)
(1.71779 -0.0383194 0)
(1.73095 -0.0251782 0)
(1.73657 -0.0123484 0)
(1.73531 -0.000495111 0)
(1.72849 0.00936848 0)
(1.71787 0.0172156 0)
(1.70516 0.0233938 0)
(1.69182 0.0279789 0)
(1.67875 0.0316887 0)
(1.66614 0.0345953 0)
(1.65383 0.0365848 0)
(1.64157 0.0378986 0)
(1.62905 0.0387574 0)
(1.61578 0.0393065 0)
(1.60131 0.0395763 0)
(1.58534 0.0394578 0)
(1.56782 0.0387342 0)
(1.54894 0.0371761 0)
(1.52914 0.0345561 0)
(1.50915 0.0306502 0)
(1.48991 0.025278 0)
(1.47229 0.0182838 0)
(1.45722 0.00968795 0)
(1.44559 -0.00034084 0)
(1.43816 -0.0115711 0)
(1.43553 -0.0235836 0)
(1.43803 -0.0354594 0)
(1.44556 -0.0462536 0)
(1.45777 -0.055254 0)
(1.47403 -0.0618569 0)
(1.49349 -0.0656318 0)
(1.51512 -0.0663762 0)
(1.53774 -0.0641508 0)
(1.55988 -0.0593025 0)
(1.58034 -0.0523377 0)
(1.59814 -0.0437676 0)
(1.61264 -0.0340826 0)
(1.62349 -0.0237756 0)
(1.63064 -0.0132772 0)
(1.63426 -0.00298524 0)
(1.63463 0.00675445 0)
(1.63213 0.0156437 0)
(1.62722 0.0234667 0)
(1.62036 0.0301335 0)
(1.61191 0.0355755 0)
(1.60214 0.039777 0)
(1.59121 0.0427709 0)
(1.57928 0.0446067 0)
(1.56649 0.0453336 0)
(1.55298 0.0449855 0)
(1.53896 0.0435743 0)
(1.52466 0.0410894 0)
(1.51038 0.0375095 0)
(1.49652 0.0328276 0)
(1.48347 0.0270562 0)
(1.47168 0.0202463 0)
(1.46162 0.0124862 0)
(1.45374 0.00393635 0)
(1.44846 -0.00517502 0)
(1.44611 -0.0145494 0)
(1.4469 -0.0237498 0)
(1.45083 -0.0322089 0)
(1.4577 -0.0394868 0)
(1.46716 -0.0452332 0)
(1.47871 -0.0491803 0)
(1.49176 -0.0511719 0)
(1.50564 -0.0511847 0)
(1.51956 -0.0493312 0)
(1.5328 -0.0458292 0)
(1.54475 -0.0409295 0)
(1.55493 -0.0349015 0)
(1.56297 -0.0280358 0)
(1.56866 -0.0206235 0)
(1.57189 -0.0129292 0)
(1.57265 -0.0052252 0)
(1.57109 0.00219399 0)
(1.56752 0.00913243 0)
(1.5623 0.0155157 0)
(1.55581 0.0212417 0)
(1.54838 0.0261959 0)
(1.54026 0.0302805 0)
(1.53167 0.0334167 0)
(1.52278 0.0355422 0)
(1.51376 0.0366106 0)
(1.50474 0.0365836 0)
(1.49589 0.0354372 0)
(1.48738 0.0331669 0)
(1.47939 0.0297955 0)
(1.47217 0.0253918 0)
(1.46594 0.0200646 0)
(1.46094 0.0139641 0)
(1.45739 0.00727465 0)
(1.45551 0.000219131 0)
(1.45545 -0.00693897 0)
(1.4573 -0.0138847 0)
(1.46103 -0.0203229 0)
(1.4665 -0.0259747 0)
(1.47348 -0.0305994 0)
(1.48162 -0.0340247 0)
(1.49053 -0.0361631 0)
(1.49973 -0.037013 0)
(1.69833 0.025759 0)
(1.67418 0.0455013 0)
(1.64781 0.0616635 0)
(1.61935 0.0720446 0)
(1.58989 0.075399 0)
(1.56116 0.0713096 0)
(1.5352 0.060037 0)
(1.51412 0.0422657 0)
(1.49987 0.0191536 0)
(1.49384 -0.00751733 0)
(1.49656 -0.0357249 0)
(1.50807 -0.0633323 0)
(1.52803 -0.0883486 0)
(1.55578 -0.10909 0)
(1.59046 -0.124171 0)
(1.63111 -0.132488 0)
(1.67668 -0.133205 0)
(1.72576 -0.126017 0)
(1.77655 -0.111375 0)
(1.82565 -0.0909154 0)
(1.86953 -0.0670397 0)
(1.90505 -0.0421543 0)
(1.93001 -0.0183281 0)
(1.94368 0.00318519 0)
(1.94614 0.0218301 0)
(1.93756 0.0362492 0)
(1.92004 0.0451533 0)
(1.8962 0.0499346 0)
(1.86904 0.0522754 0)
(1.84151 0.0532802 0)
(1.81516 0.0537343 0)
(1.79046 0.05414 0)
(1.76731 0.0547874 0)
(1.74523 0.0558185 0)
(1.72361 0.0571524 0)
(1.70194 0.0584591 0)
(1.67981 0.0592325 0)
(1.65708 0.0588838 0)
(1.63401 0.0568256 0)
(1.61127 0.0525559 0)
(1.58973 0.0457724 0)
(1.57032 0.0363534 0)
(1.55405 0.0243208 0)
(1.54185 0.00984493 0)
(1.53454 -0.00662937 0)
(1.53259 -0.0242369 0)
(1.53613 -0.0417661 0)
(1.54501 -0.0580737 0)
(1.55889 -0.0721434 0)
(1.57723 -0.0831359 0)
(1.59935 -0.0904085 0)
(1.62449 -0.0935168 0)
(1.65175 -0.0922405 0)
(1.68016 -0.086677 0)
(1.70844 -0.0773257 0)
(1.73489 -0.0651046 0)
(1.75815 -0.050979 0)
(1.77705 -0.035876 0)
(1.79088 -0.0206032 0)
(1.79936 -0.00583368 0)
(1.80261 0.00796101 0)
(1.80093 0.0203743 0)
(1.79489 0.0309361 0)
(1.78538 0.0395908 0)
(1.77325 0.0466039 0)
(1.75929 0.0521225 0)
(1.74404 0.056262 0)
(1.72784 0.0591198 0)
(1.71092 0.0607433 0)
(1.69346 0.0611169 0)
(1.67566 0.0601791 0)
(1.65777 0.0578399 0)
(1.64018 0.0540033 0)
(1.62327 0.0485974 0)
(1.60752 0.0415975 0)
(1.59342 0.0330318 0)
(1.58149 0.0230056 0)
(1.57224 0.0116728 0)
(1.56611 -0.000670706 0)
(1.56341 -0.0135527 0)
(1.56425 -0.0263465 0)
(1.56856 -0.0383367 0)
(1.57613 -0.0488638 0)
(1.58663 -0.057417 0)
(1.59962 -0.0636163 0)
(1.61456 -0.0672174 0)
(1.63089 -0.0681045 0)
(1.648 -0.0663046 0)
(1.66524 -0.0619997 0)
(1.6818 -0.0555356 0)
(1.69692 -0.0473442 0)
(1.70996 -0.0378737 0)
(1.72038 -0.0275636 0)
(1.72784 -0.0168562 0)
(1.73214 -0.00614868 0)
(1.73324 0.00419073 0)
(1.73121 0.0137941 0)
(1.72635 0.0223039 0)
(1.7191 0.0296086 0)
(1.70996 0.0357068 0)
(1.69945 0.0405778 0)
(1.68803 0.0441998 0)
(1.67608 0.0465656 0)
(1.66393 0.0476702 0)
(1.65184 0.0474997 0)
(1.64003 0.0460269 0)
(1.62873 0.043228 0)
(1.61815 0.0390983 0)
(1.60855 0.0336779 0)
(1.6002 0.0270588 0)
(1.59334 0.0193897 0)
(1.58826 0.0108703 0)
(1.58518 0.00175675 0)
(1.58429 -0.00761502 0)
(1.58568 -0.0168408 0)
(1.5893 -0.0254808 0)
(1.59502 -0.0331394 0)
(1.60262 -0.0394685 0)
(1.61181 -0.0442067 0)
(1.62222 -0.0471958 0)
(1.63344 -0.0483844 0)
(1.81329 0.0589787 0)
(1.7725 0.0773833 0)
(1.73568 0.0933659 0)
(1.70175 0.103564 0)
(1.67045 0.105827 0)
(1.64242 0.099029 0)
(1.61905 0.0831192 0)
(1.6017 0.059048 0)
(1.59127 0.0284254 0)
(1.58847 -0.00650431 0)
(1.59362 -0.0431568 0)
(1.60658 -0.0789132 0)
(1.62683 -0.111459 0)
(1.65365 -0.138911 0)
(1.68624 -0.159877 0)
(1.72379 -0.173487 0)
(1.76556 -0.179238 0)
(1.81086 -0.176788 0)
(1.85903 -0.16587 0)
(1.90918 -0.146444 0)
(1.95975 -0.119275 0)
(2.00775 -0.0865491 0)
(2.04963 -0.0513495 0)
(2.08241 -0.016607 0)
(2.10408 0.0151989 0)
(2.11378 0.0427483 0)
(2.1105 0.0652669 0)
(2.0939 0.0804639 0)
(2.06629 0.0879101 0)
(2.03103 0.0898375 0)
(1.99208 0.0886905 0)
(1.95305 0.086477 0)
(1.91581 0.0845694 0)
(1.88112 0.0835748 0)
(1.84907 0.0834986 0)
(1.81933 0.0839906 0)
(1.79146 0.0843755 0)
(1.76517 0.0837324 0)
(1.74039 0.0810934 0)
(1.71736 0.0756566 0)
(1.69656 0.0669009 0)
(1.67866 0.0545601 0)
(1.66439 0.038611 0)
(1.65448 0.0194465 0)
(1.64937 -0.00220196 0)
(1.64928 -0.0251939 0)
(1.65415 -0.0481081 0)
(1.66369 -0.0695026 0)
(1.67745 -0.0882209 0)
(1.69495 -0.103319 0)
(1.71562 -0.114072 0)
(1.73895 -0.120108 0)
(1.76446 -0.121232 0)
(1.79163 -0.117313 0)
(1.81984 -0.108355 0)
(1.84817 -0.0946896 0)
(1.87534 -0.0771708 0)
(1.89964 -0.0572036 0)
(1.91976 -0.0360901 0)
(1.93461 -0.0150262 0)
(1.94357 0.00498076 0)
(1.94647 0.0232525 0)
(1.94334 0.0392253 0)
(1.93455 0.0522469 0)
(1.9211 0.0621767 0)
(1.90417 0.0695521 0)
(1.88501 0.0748322 0)
(1.86464 0.0783569 0)
(1.84381 0.0803563 0)
(1.823 0.080898 0)
(1.80251 0.0799023 0)
(1.78261 0.0772099 0)
(1.76361 0.072652 0)
(1.74584 0.0660995 0)
(1.7297 0.0574867 0)
(1.71561 0.046812 0)
(1.70402 0.0341345 0)
(1.69534 0.0196494 0)
(1.68992 0.0038221 0)
(1.68795 -0.0126568 0)
(1.6894 -0.0289757 0)
(1.69406 -0.0443247 0)
(1.70166 -0.0579767 0)
(1.71188 -0.0693177 0)
(1.72431 -0.0778588 0)
(1.73851 -0.0832833 0)
(1.75405 -0.085514 0)
(1.77052 -0.0845623 0)
(1.7875 -0.0804761 0)
(1.80445 -0.0734213 0)
(1.82076 -0.0637428 0)
(1.83571 -0.0520176 0)
(1.84861 -0.0388747 0)
(1.85891 -0.0249112 0)
(1.86618 -0.0107241 0)
(1.87018 0.00312505 0)
(1.87081 0.0161409 0)
(1.8681 0.0279083 0)
(1.86222 0.0380484 0)
(1.85362 0.0462906 0)
(1.84284 0.0526686 0)
(1.83048 0.0572593 0)
(1.81718 0.0601273 0)
(1.80347 0.0613378 0)
(1.78978 0.0609518 0)
(1.77646 0.0589951 0)
(1.76378 0.0554591 0)
(1.75201 0.0503432 0)
(1.74142 0.0436837 0)
(1.73225 0.0355665 0)
(1.72474 0.0261278 0)
(1.71913 0.0155762 0)
(1.71564 0.00423478 0)
(1.71442 -0.00746475 0)
(1.71548 -0.0190173 0)
(1.71875 -0.0299115 0)
(1.72406 -0.0396694 0)
(1.73119 -0.0478742 0)
(1.73986 -0.0541907 0)
(1.74973 -0.0583891 0)
(1.76048 -0.0604012 0)
(1.94944 0.114126 0)
(1.89386 0.12423 0)
(1.84733 0.133618 0)
(1.80835 0.138496 0)
(1.77567 0.135941 0)
(1.7488 0.123907 0)
(1.72835 0.102022 0)
(1.71447 0.0711894 0)
(1.7075 0.0332018 0)
(1.70784 -0.00945046 0)
(1.71562 -0.0539036 0)
(1.73043 -0.0970218 0)
(1.75156 -0.136226 0)
(1.77818 -0.169602 0)
(1.80948 -0.195664 0)
(1.84463 -0.213348 0)
(1.88268 -0.222047 0)
(1.92273 -0.221644 0)
(1.96419 -0.212273 0)
(2.00653 -0.194264 0)
(2.04941 -0.168104 0)
(2.09245 -0.13451 0)
(2.13447 -0.0949555 0)
(2.17274 -0.0524197 0)
(2.2045 -0.00989005 0)
(2.22746 0.0298765 0)
(2.24019 0.0647956 0)
(2.24166 0.0939063 0)
(2.22992 0.116167 0)
(2.20505 0.129026 0)
(2.16902 0.133626 0)
(2.12547 0.132578 0)
(2.07892 0.128618 0)
(2.03345 0.124078 0)
(1.99085 0.120223 0)
(1.95205 0.117234 0)
(1.91733 0.114498 0)
(1.88662 0.111013 0)
(1.85972 0.105661 0)
(1.8365 0.0973906 0)
(1.81701 0.0853844 0)
(1.80155 0.0692467 0)
(1.79042 0.0491008 0)
(1.78373 0.0253444 0)
(1.78159 -0.00112762 0)
(1.78398 -0.0289565 0)
(1.79064 -0.0563585 0)
(1.80107 -0.0817483 0)
(1.81478 -0.103948 0)
(1.83125 -0.122031 0)
(1.85002 -0.135334 0)
(1.87071 -0.143425 0)
(1.89277 -0.146093 0)
(1.9158 -0.14333 0)
(1.93947 -0.135183 0)
(1.9634 -0.121829 0)
(1.98715 -0.103655 0)
(2.01005 -0.0813768 0)
(2.0309 -0.0562926 0)
(2.04827 -0.0300493 0)
(2.06108 -0.00398418 0)
(2.06852 0.0206826 0)
(2.0702 0.0429899 0)
(2.0659 0.0622551 0)
(2.05561 0.0777787 0)
(2.04013 0.0890691 0)
(2.02061 0.0966382 0)
(1.99851 0.10118 0)
(1.97528 0.103249 0)
(1.9521 0.103252 0)
(1.92967 0.101377 0)
(1.90847 0.0975431 0)
(1.88888 0.0915572 0)
(1.87123 0.0832517 0)
(1.85586 0.0725067 0)
(1.84308 0.0592783 0)
(1.8332 0.0437107 0)
(1.8264 0.0260931 0)
(1.8228 0.00693115 0)
(1.82243 -0.0129658 0)
(1.82515 -0.0325209 0)
(1.83066 -0.0507968 0)
(1.83859 -0.0669872 0)
(1.8485 -0.0804497 0)
(1.85999 -0.0907284 0)
(1.8727 -0.0975446 0)
(1.88633 -0.100777 0)
(1.90048 -0.100444 0)
(1.91488 -0.0966395 0)
(1.92922 -0.0894922 0)
(1.94317 -0.0792667 0)
(1.95635 -0.0663609 0)
(1.96833 -0.0512881 0)
(1.97854 -0.0347823 0)
(1.98646 -0.0176153 0)
(1.99169 -0.000492816 0)
(1.99401 0.0159059 0)
(1.9933 0.0310043 0)
(1.98957 0.0443349 0)
(1.98293 0.0555193 0)
(1.97368 0.0642496 0)
(1.9624 0.0704019 0)
(1.9497 0.0741284 0)
(1.93621 0.0756305 0)
(1.92251 0.0750759 0)
(1.9091 0.0725869 0)
(1.89635 0.0682132 0)
(1.88461 0.0619708 0)
(1.87419 0.053903 0)
(1.86537 0.0441288 0)
(1.85836 0.0328218 0)
(1.85333 0.0202126 0)
(1.85042 0.00663533 0)
(1.84974 -0.00740133 0)
(1.85124 -0.0212095 0)
(1.85477 -0.0341851 0)
(1.86008 -0.0457727 0)
(1.86685 -0.0555128 0)
(1.87476 -0.0630668 0)
(1.88353 -0.0682258 0)
(1.89291 -0.0709079 0)
)
;

boundaryField
{
    inlet
    {
        type            fixedValue;
        value           nonuniform List<vector> 0();
    }
    outlet
    {
        type            zeroGradient;
    }
    topWall
    {
        type            noSlip;
    }
    lowerWall
    {
        type            noSlip;
    }
    leadingEdge
    {
        type            noSlip;
    }
    trailingEdge
    {
        type            noSlip;
    }
    upperSurface
    {
        type            noSlip;
    }
    lowerSurface
    {
        type            noSlip;
    }
    frontAndBack
    {
        type            empty;
    }
    procBoundary2to1
    {
        type            processor;
        value           nonuniform List<vector> 
16
(
(2.15563 0.186674 0)
(2.26687 0.26413 0)
(2.34434 0.330472 0)
(2.385 0.379897 0)
(2.385 0.379897 0)
(2.40795 0.420856 0)
(-0.0338008 0.000702342 0)
(0.0870572 -2.70123e-06 0)
(0.366757 -0.00246823 0)
(0.753012 -0.00577576 0)
(1.15703 -0.00921843 0)
(1.47071 -0.00778728 0)
(1.6194 -0.00563042 0)
(1.72111 0.00589396 0)
(1.85982 0.0426495 0)
(2.01519 0.107636 0)
)
;
    }
    procBoundary2to3
    {
        type            processor;
        value           nonuniform List<vector> 
16
(
(2.03043 -0.080215 0)
(2.14626 -0.087308 0)
(2.23964 -0.0915775 0)
(2.30061 -0.0923862 0)
(2.32422 -0.0914973 0)
(0.0963547 -0.00279201 0)
(0.325154 -0.00954967 0)
(0.571483 -0.0169969 0)
(0.839986 -0.0226411 0)
(1.10486 -0.0265721 0)
(1.33689 -0.0294734 0)
(1.50874 -0.0366588 0)
(1.50874 -0.0366588 0)
(1.64503 -0.0478228 0)
(1.77179 -0.0602549 0)
(1.90262 -0.0711316 0)
)
;
    }
    procBoundary2to6
    {
        type            processor;
        value           nonuniform List<vector> 
123
(
(2.35862 0.422174 0)
(2.35364 0.401922 0)
(2.35024 0.374555 0)
(2.34787 0.340913 0)
(2.3475 0.301116 0)
(2.34945 0.255041 0)
(2.35486 0.202501 0)
(2.36306 0.143523 0)
(2.37387 0.0787809 0)
(2.38652 0.00992633 0)
(2.39924 -0.0590801 0)
(2.41025 -0.124536 0)
(2.41818 -0.183868 0)
(2.42225 -0.23464 0)
(2.42236 -0.275297 0)
(2.41908 -0.304638 0)
(2.41313 -0.322658 0)
(2.40527 -0.331284 0)
(2.39364 -0.330096 0)
(2.37944 -0.31875 0)
(2.36339 -0.298584 0)
(2.34822 -0.271345 0)
(2.33542 -0.238225 0)
(2.32601 -0.199852 0)
(2.32039 -0.156854 0)
(2.31833 -0.109814 0)
(2.31949 -0.0591354 0)
(2.32348 -0.00573339 0)
(2.32949 0.0480783 0)
(2.33659 0.0996946 0)
(2.34395 0.147019 0)
(2.35088 0.188229 0)
(2.35708 0.222159 0)
(2.36252 0.24741 0)
(2.36734 0.263447 0)
(2.37074 0.271117 0)
(2.37244 0.272832 0)
(2.37292 0.268633 0)
(2.3725 0.253338 0)
(2.37216 0.230515 0)
(2.37196 0.201522 0)
(2.37186 0.167695 0)
(2.37192 0.12971 0)
(2.372 0.0881508 0)
(2.37193 0.0441084 0)
(2.37155 -0.000343974 0)
(2.3708 -0.0433946 0)
(2.36964 -0.0837886 0)
(2.368 -0.120268 0)
(2.36593 -0.151898 0)
(2.3639 -0.177042 0)
(2.36251 -0.194974 0)
(2.36161 -0.205476 0)
(2.36101 -0.209495 0)
(2.35942 -0.209655 0)
(2.35687 -0.202738 0)
(2.35421 -0.188068 0)
(2.35152 -0.167355 0)
(2.34894 -0.141493 0)
(2.34638 -0.111377 0)
(2.34413 -0.0777725 0)
(2.34245 -0.0416741 0)
(2.34131 -0.00468621 0)
(2.34061 0.0313313 0)
(2.3403 0.0650501 0)
(2.34045 0.0953848 0)
(2.34109 0.121267 0)
(2.34232 0.141911 0)
(2.34417 0.156893 0)
(2.34639 0.166356 0)
(2.34837 0.17109 0)
(2.35058 0.171749 0)
(2.35301 0.167515 0)
(2.35555 0.157354 0)
(2.3577 0.142164 0)
(2.35933 0.122649 0)
(2.36051 0.0995808 0)
(2.36114 0.073726 0)
(2.36123 0.0458604 0)
(2.36084 0.0170168 0)
(2.35908 -0.0114525 0)
(2.35636 -0.0385529 0)
(2.353 -0.0635181 0)
(2.34925 -0.0855335 0)
(2.3455 -0.103872 0)
(2.34213 -0.117979 0)
(2.33946 -0.127466 0)
(2.33776 -0.132484 0)
(2.33693 -0.134031 0)
(2.33628 -0.132763 0)
(2.33574 -0.126091 0)
(2.33536 -0.114813 0)
(2.33509 -0.0995535 0)
(2.33484 -0.080902 0)
(2.33454 -0.0595216 0)
(2.33408 -0.0360801 0)
(2.3333 -0.0114541 0)
(2.33211 0.013042 0)
(2.33064 0.0362493 0)
(2.32909 0.0572409 0)
(2.32773 0.0752186 0)
(2.3268 0.089582 0)
(2.32642 0.100013 0)
(2.32658 0.106541 0)
(2.32707 0.109682 0)
(2.32788 0.110298 0)
(2.3293 0.107621 0)
(2.3313 0.101213 0)
(2.33345 0.0914325 0)
(2.3356 0.0787011 0)
(2.33765 0.0634898 0)
(2.33936 0.0462952 0)
(2.34055 0.0276236 0)
(2.34112 0.00812829 0)
(2.34108 -0.011192 0)
(2.34048 -0.0295887 0)
(2.33931 -0.0463525 0)
(2.33763 -0.0608114 0)
(2.33763 -0.0608114 0)
(2.31678 -0.0699084 0)
(2.31319 -0.0783676 0)
(2.30953 -0.0841203 0)
(2.30599 -0.0873889 0)
)
;
    }
    procBoundary2to7
    {
        type            processor;
        value           uniform (2.32776 -0.0902685 0);
    }
}


// ************************************************************************* //
