/*--------------------------------*- C++ -*----------------------------------*\
| =========                 |                                                 |
| \\      /  F ield         | OpenFOAM: The Open Source CFD Toolbox           |
|  \\    /   O peration     | Version:  2206                                  |
|   \\  /    A nd           | Website:  www.openfoam.com                      |
|    \\/     M anipulation  |                                                 |
\*---------------------------------------------------------------------------*/
FoamFile
{
    version     2.0;
    format      ascii;
    arch        "LSB;label=32;scalar=64";
    class       surfaceScalarField;
    location    "18.6";
    object      phi;
}
// * * * * * * * * * * * * * * * * * * * * * * * * * * * * * * * * * * * * * //

dimensions      [0 3 -1 0 0 0 0];

oriented        oriented;

internalField   nonuniform List<scalar> 
3515
(
6.48041e-06
-2.24386e-07
4.83341e-07
6.23582e-06
-1.88296e-07
4.32881e-07
6.01537e-06
-1.79946e-07
4.00399e-07
5.82399e-06
-1.97668e-07
3.8905e-07
5.66156e-06
-2.32602e-07
3.95029e-07
5.52503e-06
-2.73516e-07
4.10048e-07
5.4101e-06
-3.09257e-07
4.24184e-07
5.3129e-06
-3.30691e-07
4.27894e-07
5.23131e-06
-3.31434e-07
4.13026e-07
5.16564e-06
-3.07825e-07
3.73495e-07
5.11727e-06
-2.5951e-07
3.0788e-07
5.08771e-06
-1.88442e-07
2.17999e-07
5.0783e-06
-9.83934e-08
1.07799e-07
5.08987e-06
4.8545e-09
-1.64175e-08
5.12249e-06
1.14472e-07
-1.47094e-07
5.17482e-06
2.23084e-07
-2.75414e-07
5.24475e-06
3.23877e-07
-3.93808e-07
5.3299e-06
4.11526e-07
-4.96681e-07
5.42768e-06
4.8195e-07
-5.79724e-07
5.53534e-06
5.32249e-07
-6.39909e-07
5.65021e-06
5.60634e-07
-6.75504e-07
5.77012e-06
5.66003e-07
-6.85913e-07
5.89341e-06
5.47902e-07
-6.71193e-07
6.01856e-06
5.06685e-07
-6.31835e-07
6.14365e-06
4.44076e-07
-5.69171e-07
6.26478e-06
3.64441e-07
-4.85571e-07
6.37581e-06
2.73432e-07
-3.84454e-07
6.46962e-06
1.77362e-07
-2.71175e-07
6.54018e-06
8.19229e-08
-1.52485e-07
6.58323e-06
-7.98392e-09
-3.50617e-08
6.59537e-06
-8.77545e-08
7.56109e-08
6.57207e-06
-1.51634e-07
1.74929e-07
6.51155e-06
-1.97292e-07
2.57816e-07
6.41689e-06
-2.24927e-07
3.19586e-07
6.29669e-06
-2.38827e-07
3.59025e-07
6.16303e-06
-2.45041e-07
3.787e-07
6.02804e-06
-2.49358e-07
3.84354e-07
5.90022e-06
-2.55106e-07
3.82921e-07
5.78392e-06
-2.63075e-07
3.79378e-07
5.68097e-06
-2.7215e-07
3.751e-07
5.5916e-06
-2.79734e-07
3.69106e-07
5.51513e-06
-2.8269e-07
3.59162e-07
5.45065e-06
-2.78091e-07
3.42563e-07
5.39781e-06
-2.63569e-07
3.16413e-07
5.3571e-06
-2.3747e-07
2.78181e-07
5.32899e-06
-1.99282e-07
2.2739e-07
5.31378e-06
-1.49508e-07
1.64717e-07
5.31162e-06
-8.96859e-08
9.18514e-08
5.32247e-06
-2.26064e-08
1.17499e-08
5.3461e-06
4.81337e-08
-7.17581e-08
5.38142e-06
1.18615e-07
-1.53934e-07
5.42689e-06
1.84903e-07
-2.30378e-07
5.48089e-06
2.43814e-07
-2.97814e-07
5.54173e-06
2.92904e-07
-3.53746e-07
5.60776e-06
3.30408e-07
-3.96437e-07
5.67744e-06
3.55215e-07
-4.24889e-07
5.74938e-06
3.66709e-07
-4.38654e-07
5.82244e-06
3.64557e-07
-4.37618e-07
5.89556e-06
3.48763e-07
-4.21876e-07
5.9672e-06
3.20191e-07
-3.91833e-07
6.03491e-06
2.81002e-07
-3.48718e-07
6.09546e-06
2.34228e-07
-2.94776e-07
6.14555e-06
1.82706e-07
-2.32796e-07
6.18252e-06
1.28373e-07
-1.65336e-07
6.20455e-06
7.29893e-08
-9.50193e-08
6.21038e-06
1.8723e-08
-2.45617e-08
6.19891e-06
-3.17088e-08
4.31829e-08
6.16969e-06
-7.60734e-08
1.05292e-07
6.12385e-06
-1.13345e-07
1.59188e-07
6.06406e-06
-1.43766e-07
2.03552e-07
5.99435e-06
-1.68188e-07
2.37899e-07
5.91926e-06
-1.8759e-07
2.62686e-07
5.843e-06
-2.02625e-07
2.78884e-07
5.76888e-06
-2.13417e-07
2.87534e-07
5.69914e-06
-2.19587e-07
2.89328e-07
5.63526e-06
-2.2042e-07
2.84301e-07
5.57829e-06
-2.1506e-07
2.72024e-07
5.52908e-06
-2.02778e-07
2.51996e-07
5.48841e-06
-1.83133e-07
2.23796e-07
5.45717e-06
-1.55989e-07
1.87234e-07
5.43598e-06
-1.21598e-07
1.42791e-07
5.42504e-06
-8.07193e-08
9.16574e-08
5.42447e-06
-3.52507e-08
3.58134e-08
5.43399e-06
1.24829e-08
-2.19977e-08
5.45285e-06
5.96365e-08
-7.84946e-08
5.48003e-06
1.03575e-07
-1.30759e-07
5.51438e-06
1.42212e-07
-1.76558e-07
5.55463e-06
1.73933e-07
-2.1419e-07
5.59948e-06
1.97662e-07
-2.42511e-07
5.64758e-06
2.12833e-07
-2.60933e-07
5.69771e-06
2.19254e-07
-2.69386e-07
5.74885e-06
2.16984e-07
-2.6812e-07
5.80009e-06
2.06252e-07
-2.5749e-07
5.85046e-06
1.87593e-07
-2.37963e-07
5.89853e-06
1.62231e-07
-2.10306e-07
5.9424e-06
1.32002e-07
-1.75866e-07
5.98004e-06
9.9023e-08
-1.36664e-07
6.00974e-06
6.52526e-08
-9.49569e-08
6.03023e-06
3.19374e-08
-5.24223e-08
6.04088e-06
-4.12932e-10
-1.02345e-08
6.04162e-06
-3.13038e-08
3.05552e-08
6.03241e-06
-5.95118e-08
6.87212e-08
6.01332e-06
-8.37998e-08
1.02891e-07
5.98506e-06
-1.03617e-07
1.31882e-07
5.94892e-06
-1.19004e-07
1.55145e-07
5.90671e-06
-1.30189e-07
1.72395e-07
5.86046e-06
-1.37427e-07
1.83674e-07
5.81219e-06
-1.40859e-07
1.89129e-07
5.76383e-06
-1.40543e-07
1.88908e-07
5.71705e-06
-1.3646e-07
1.83235e-07
5.67322e-06
-1.28478e-07
1.7231e-07
5.63344e-06
-1.16454e-07
1.56234e-07
5.59865e-06
-1.0035e-07
1.35141e-07
5.56969e-06
-8.02891e-08
1.09246e-07
5.54733e-06
-5.65239e-08
7.88916e-08
5.53216e-06
-2.94277e-08
4.45988e-08
5.52453e-06
2.61989e-10
7.35927e-09
5.52434e-06
3.13544e-08
-3.11567e-08
5.5311e-06
6.21345e-08
-6.88965e-08
5.54419e-06
9.08475e-08
-1.0394e-07
5.56287e-06
1.15923e-07
-1.34598e-07
1.36146e-07
-1.59535e-07
5.81122e-06
-3.29231e-08
5.64462e-06
-2.16939e-08
5.50129e-06
-3.66237e-08
5.38e-06
-7.63717e-08
5.27463e-06
-1.27239e-07
5.17925e-06
-1.78128e-07
5.08949e-06
-2.19506e-07
5.0038e-06
-2.44995e-07
4.92346e-06
-2.51095e-07
4.85203e-06
-2.36399e-07
4.79403e-06
-2.0151e-07
4.75352e-06
-1.47927e-07
4.73346e-06
-7.83394e-08
4.73565e-06
2.66512e-09
4.76077e-06
8.93585e-08
4.80835e-06
1.755e-07
4.87685e-06
2.55374e-07
4.96417e-06
3.24215e-07
5.06788e-06
3.78231e-07
5.18554e-06
4.14594e-07
5.31475e-06
4.31425e-07
5.45307e-06
4.27681e-07
5.59743e-06
4.0354e-07
5.74283e-06
3.61288e-07
5.88163e-06
3.05279e-07
6.00482e-06
2.41246e-07
6.10421e-06
1.74041e-07
6.1741e-06
1.07475e-07
6.21132e-06
4.47023e-08
6.21287e-06
-9.53761e-09
6.17738e-06
-5.22575e-08
6.10774e-06
-8.19987e-08
6.01119e-06
-1.00743e-07
5.89831e-06
-1.1205e-07
5.77991e-06
-1.20423e-07
5.66434e-06
-1.29468e-07
5.5562e-06
-1.41217e-07
5.45733e-06
-1.56242e-07
5.36784e-06
-1.73586e-07
5.28679e-06
-1.91091e-07
5.213e-06
-2.05947e-07
5.14566e-06
-2.15348e-07
5.08462e-06
-2.17054e-07
5.0306e-06
-2.09553e-07
4.98518e-06
-1.92045e-07
4.95022e-06
-1.64328e-07
4.92739e-06
-1.26671e-07
4.9178e-06
-8.00994e-08
4.92222e-06
-2.70296e-08
4.94099e-06
2.93663e-08
4.97365e-06
8.59588e-08
5.01906e-06
1.39492e-07
5.07568e-06
1.87189e-07
5.14181e-06
2.2678e-07
5.21567e-06
2.56544e-07
5.29557e-06
2.75321e-07
5.37978e-06
2.82493e-07
5.46625e-06
2.78085e-07
5.55201e-06
2.63008e-07
5.63322e-06
2.38978e-07
5.70589e-06
2.08337e-07
5.76636e-06
1.7375e-07
5.8118e-06
1.37266e-07
5.84048e-06
9.96953e-08
5.8517e-06
6.17716e-08
5.84468e-06
2.57458e-08
5.81949e-06
-6.52848e-09
5.77786e-06
-3.44379e-08
5.72288e-06
-5.83654e-08
5.65833e-06
-7.92122e-08
5.58801e-06
-9.7868e-08
5.51535e-06
-1.14932e-07
5.44302e-06
-1.30291e-07
5.37284e-06
-1.43245e-07
5.30614e-06
-1.52879e-07
5.24389e-06
-1.58171e-07
5.187e-06
-1.58173e-07
5.13639e-06
-1.52172e-07
5.09308e-06
-1.39815e-07
5.0582e-06
-1.21114e-07
5.03294e-06
-9.63331e-08
5.01819e-06
-6.59711e-08
5.01424e-06
-3.13017e-08
5.02116e-06
5.55737e-09
5.03862e-06
4.21773e-08
5.06583e-06
7.6365e-08
5.10174e-06
1.06302e-07
5.14511e-06
1.30567e-07
5.19459e-06
1.48178e-07
5.24886e-06
1.58567e-07
5.3066e-06
1.6151e-07
5.36649e-06
1.57095e-07
5.42684e-06
1.45901e-07
5.48537e-06
1.29065e-07
5.53955e-06
1.08052e-07
5.58709e-06
8.4459e-08
5.6261e-06
6.00171e-08
5.65505e-06
3.63028e-08
5.67319e-06
1.37956e-08
5.68041e-06
-7.63364e-09
5.67677e-06
-2.76666e-08
5.66219e-06
-4.49298e-08
5.63732e-06
-5.8929e-08
5.60357e-06
-6.9864e-08
5.5627e-06
-7.8135e-08
5.51664e-06
-8.41332e-08
5.46733e-06
-8.81116e-08
5.41662e-06
-9.01541e-08
5.36625e-06
-9.0168e-08
5.31767e-06
-8.7881e-08
5.27211e-06
-8.29145e-08
5.2306e-06
-7.49488e-08
5.19407e-06
-6.38145e-08
5.16332e-06
-4.95433e-08
5.13914e-06
-3.23402e-08
5.12214e-06
-1.24297e-08
5.11288e-06
9.52415e-09
5.1113e-06
3.29326e-08
5.11722e-06
5.62088e-08
5.1303e-06
7.77734e-08
5.14989e-06
9.63268e-08
1.10852e-07
5.18443e-06
4.96258e-08
5.12078e-06
4.19572e-08
5.07002e-06
1.41377e-08
5.02391e-06
-3.02599e-08
4.97452e-06
-7.78516e-08
4.91686e-06
-1.20473e-07
4.84978e-06
-1.52418e-07
4.77533e-06
-1.70546e-07
4.69799e-06
-1.73753e-07
4.62372e-06
-1.6213e-07
4.55889e-06
-1.36686e-07
4.50976e-06
-9.8795e-08
4.48151e-06
-5.00848e-08
4.47676e-06
7.40994e-09
4.49683e-06
6.92925e-08
4.54171e-06
1.30619e-07
4.61019e-06
1.8689e-07
4.70018e-06
2.34233e-07
4.80886e-06
2.69543e-07
4.93291e-06
2.90553e-07
5.06825e-06
2.96084e-07
5.20913e-06
2.868e-07
5.34745e-06
2.65221e-07
5.47397e-06
2.34765e-07
5.58012e-06
1.99127e-07
5.65952e-06
1.6185e-07
5.70872e-06
1.24841e-07
5.72694e-06
8.92535e-08
5.71398e-06
5.76587e-08
5.67233e-06
3.21143e-08
5.60766e-06
1.24159e-08
5.52835e-06
-2.68903e-09
5.44273e-06
-1.51224e-08
5.35739e-06
-2.67163e-08
5.27606e-06
-3.90918e-08
5.20009e-06
-5.34916e-08
5.12929e-06
-7.04188e-08
5.06263e-06
-8.9587e-08
4.99877e-06
-1.09723e-07
4.93652e-06
-1.28843e-07
4.8753e-06
-1.44726e-07
4.81536e-06
-1.55407e-07
4.75782e-06
-1.59513e-07
4.70447e-06
-1.56203e-07
4.65755e-06
-1.45125e-07
4.61954e-06
-1.26319e-07
4.59287e-06
-9.99952e-08
4.57945e-06
-6.66859e-08
4.58077e-06
-2.83479e-08
4.59743e-06
1.2707e-08
4.62934e-06
5.40465e-08
4.67557e-06
9.32696e-08
4.73455e-06
1.28202e-07
4.8043e-06
1.57029e-07
4.88247e-06
1.78374e-07
4.96643e-06
1.91364e-07
5.05301e-06
1.95912e-07
5.13838e-06
1.92719e-07
5.21849e-06
1.829e-07
5.28953e-06
1.6793e-07
5.3483e-06
1.4957e-07
5.3925e-06
1.29555e-07
5.42095e-06
1.08812e-07
5.43357e-06
8.70798e-08
5.43029e-06
6.50451e-08
5.41145e-06
4.45844e-08
5.37878e-06
2.61462e-08
5.33498e-06
9.35689e-09
5.28276e-06
-6.13917e-09
5.22478e-06
-2.12374e-08
5.16325e-06
-3.6338e-08
5.09992e-06
-5.16e-08
5.03626e-06
-6.66308e-08
4.97347e-06
-8.04566e-08
4.91257e-06
-9.19753e-08
4.85457e-06
-1.00169e-07
4.80054e-06
-1.04146e-07
4.75163e-06
-1.0326e-07
4.70902e-06
-9.72065e-08
4.67397e-06
-8.60684e-08
4.64784e-06
-7.01972e-08
4.63191e-06
-5.00464e-08
4.62691e-06
-2.63002e-08
4.63325e-06
-7.78605e-10
4.65089e-06
2.45359e-08
4.67925e-06
4.80018e-08
4.71734e-06
6.82142e-08
4.76382e-06
8.40831e-08
4.81715e-06
9.48486e-08
4.87563e-06
1.00087e-07
4.93739e-06
9.97579e-08
5.00008e-06
9.43988e-08
5.061e-06
8.49791e-08
5.11752e-06
7.255e-08
5.16733e-06
5.82458e-08
5.20856e-06
4.32204e-08
5.23999e-06
2.85935e-08
5.26102e-06
1.52734e-08
5.27157e-06
3.24234e-09
5.27204e-06
-8.10543e-09
5.26218e-06
-1.78047e-08
5.24244e-06
-2.51859e-08
5.21404e-06
-3.05338e-08
5.17849e-06
-3.43172e-08
5.13742e-06
-3.70634e-08
5.09245e-06
-3.91644e-08
5.04515e-06
-4.08058e-08
4.99701e-06
-4.20135e-08
4.94942e-06
-4.25793e-08
4.9036e-06
-4.20623e-08
4.86063e-06
-3.99457e-08
4.82147e-06
-3.57911e-08
4.78703e-06
-2.93752e-08
4.75809e-06
-2.06035e-08
4.73537e-06
-9.61724e-09
4.71963e-06
3.3143e-09
4.71122e-06
1.79295e-08
4.71045e-06
3.37018e-08
4.71742e-06
4.92391e-08
4.73192e-06
6.32785e-08
4.75333e-06
7.49123e-08
8.33817e-08
4.74511e-06
5.6909e-08
4.74622e-06
4.08451e-08
4.74887e-06
1.14931e-08
4.74243e-06
-2.38212e-08
4.72251e-06
-5.79343e-08
4.688e-06
-8.59644e-08
4.64017e-06
-1.04585e-07
4.58188e-06
-1.12259e-07
4.51734e-06
-1.09211e-07
4.45207e-06
-9.68568e-08
4.39229e-06
-7.69129e-08
4.34403e-06
-5.05268e-08
4.31308e-06
-1.91436e-08
4.30232e-06
1.81783e-08
4.31455e-06
5.70627e-08
4.3501e-06
9.50617e-08
4.40758e-06
1.29417e-07
4.48401e-06
1.57795e-07
4.57506e-06
1.78493e-07
4.67494e-06
1.90674e-07
4.77654e-06
1.94482e-07
4.87248e-06
1.90859e-07
4.95643e-06
1.81278e-07
5.0237e-06
1.67495e-07
5.07166e-06
1.51168e-07
5.09973e-06
1.33777e-07
5.1084e-06
1.1617e-07
5.09931e-06
9.83436e-08
5.07487e-06
8.20945e-08
5.03914e-06
6.78522e-08
4.99657e-06
5.4983e-08
4.95108e-06
4.27986e-08
4.90516e-06
3.07944e-08
4.86011e-06
1.83399e-08
4.8161e-06
4.91589e-09
4.77288e-06
-1.02759e-08
4.72946e-06
-2.69937e-08
4.68474e-06
-4.48705e-08
4.63792e-06
-6.29032e-08
4.58885e-06
-7.97692e-08
4.53816e-06
-9.40406e-08
4.48714e-06
-1.04382e-07
4.43746e-06
-1.09838e-07
4.39111e-06
-1.09848e-07
4.35019e-06
-1.04203e-07
4.31686e-06
-9.29918e-08
4.29328e-06
-7.64174e-08
4.28141e-06
-5.48199e-08
4.2826e-06
-2.95384e-08
4.29756e-06
-2.24948e-09
4.32626e-06
2.53498e-08
4.36779e-06
5.17364e-08
4.42051e-06
7.54849e-08
4.4821e-06
9.5433e-08
4.54969e-06
1.1079e-07
4.61981e-06
1.21248e-07
4.68879e-06
1.26923e-07
4.75328e-06
1.28237e-07
4.81035e-06
1.25826e-07
4.85777e-06
1.20508e-07
4.89412e-06
1.13224e-07
4.91875e-06
1.04923e-07
4.93162e-06
9.5943e-08
4.93293e-06
8.57708e-08
4.92254e-06
7.54348e-08
4.90157e-06
6.55517e-08
4.87188e-06
5.58407e-08
4.83531e-06
4.59228e-08
4.79373e-06
3.5446e-08
4.74847e-06
2.40194e-08
4.70067e-06
1.14641e-08
4.65114e-06
-2.07702e-09
4.60075e-06
-1.62358e-08
4.55038e-06
-3.0091e-08
4.50091e-06
-4.25027e-08
4.45323e-06
-5.24896e-08
4.40837e-06
-5.92867e-08
4.36748e-06
-6.23695e-08
4.33178e-06
-6.15061e-08
4.30248e-06
-5.67716e-08
4.2808e-06
-4.85101e-08
4.26797e-06
-3.72157e-08
4.26499e-06
-2.33278e-08
4.27237e-06
-8.15336e-09
4.29007e-06
6.83194e-09
4.31751e-06
2.05648e-08
4.35364e-06
3.20885e-08
4.39699e-06
4.07295e-08
4.44579e-06
4.60494e-08
4.49793e-06
4.79494e-08
4.55095e-06
4.67374e-08
4.60235e-06
4.3e-08
4.64995e-06
3.73754e-08
4.69196e-06
3.05401e-08
4.72693e-06
2.32764e-08
4.75397e-06
1.61758e-08
4.77275e-06
9.81191e-09
4.78341e-06
4.62053e-09
4.78603e-06
6.20268e-10
4.78063e-06
-2.70924e-09
4.76723e-06
-4.40205e-09
4.74675e-06
-4.70829e-09
4.72031e-06
-4.08738e-09
4.68907e-06
-3.077e-09
4.65432e-06
-2.31794e-09
4.6172e-06
-2.04458e-09
4.57875e-06
-2.3585e-09
4.53999e-06
-3.25394e-09
4.50186e-06
-4.44802e-09
4.46523e-06
-5.42498e-09
4.43092e-06
-5.63948e-09
4.39977e-06
-4.64447e-09
4.37254e-06
-2.14205e-09
4.34994e-06
1.99411e-09
4.33263e-06
7.69666e-09
4.32117e-06
1.4769e-08
4.31608e-06
2.30203e-08
4.31775e-06
3.20334e-08
4.32633e-06
4.06647e-08
4.34144e-06
4.81629e-08
4.36241e-06
5.39446e-08
5.75124e-08
4.2001e-06
4.76573e-08
4.21191e-06
2.90382e-08
4.21893e-06
4.47591e-09
4.21623e-06
-2.11308e-08
4.2021e-06
-4.37994e-08
4.17705e-06
-6.09111e-08
4.14291e-06
-7.04498e-08
4.1023e-06
-7.1643e-08
4.05845e-06
-6.53694e-08
4.01496e-06
-5.33623e-08
3.97534e-06
-3.72901e-08
3.94299e-06
-1.81763e-08
3.92055e-06
3.28861e-09
3.91185e-06
2.68839e-08
3.91779e-06
5.11218e-08
3.93849e-06
7.43657e-08
3.97255e-06
9.53531e-08
4.01745e-06
1.12891e-07
4.06978e-06
1.26163e-07
4.12556e-06
1.34903e-07
4.18082e-06
1.39218e-07
4.23216e-06
1.39518e-07
4.27692e-06
1.36514e-07
4.31336e-06
1.31061e-07
4.34053e-06
1.24001e-07
4.3582e-06
1.16104e-07
4.36637e-06
1.08002e-07
4.36493e-06
9.97803e-08
4.35535e-06
9.16804e-08
4.33968e-06
8.35189e-08
4.31948e-06
7.51837e-08
4.29603e-06
6.62461e-08
4.27069e-06
5.61364e-08
4.24457e-06
4.44582e-08
4.2183e-06
3.11848e-08
4.19152e-06
1.65032e-08
4.1637e-06
8.25175e-10
4.13428e-06
-1.54425e-08
4.10294e-06
-3.15689e-08
4.06979e-06
-4.66192e-08
4.03537e-06
-5.96242e-08
4.00062e-06
-6.96236e-08
3.96672e-06
-7.5942e-08
3.93511e-06
-7.8239e-08
3.90732e-06
-7.64067e-08
3.88486e-06
-7.05372e-08
3.86932e-06
-6.08812e-08
3.86224e-06
-4.77362e-08
3.86452e-06
-3.18215e-08
3.87656e-06
-1.42864e-08
3.89804e-06
3.87319e-09
3.92807e-06
2.16996e-08
3.9652e-06
3.83609e-08
4.00742e-06
5.32086e-08
4.05236e-06
6.58559e-08
4.09751e-06
7.60964e-08
4.14059e-06
8.38458e-08
4.17956e-06
8.92617e-08
4.21277e-06
9.26202e-08
4.23908e-06
9.41962e-08
4.25793e-06
9.43736e-08
4.26919e-06
9.36628e-08
4.27323e-06
9.19057e-08
4.26989e-06
8.911e-08
4.25935e-06
8.5971e-08
4.24309e-06
8.18086e-08
4.22249e-06
7.64482e-08
4.1987e-06
6.97078e-08
4.17277e-06
6.13755e-08
4.14544e-06
5.13476e-08
4.11717e-06
3.97364e-08
4.08816e-06
2.69314e-08
4.05835e-06
1.35747e-08
4.02784e-06
4.23325e-10
3.997e-06
-1.16692e-08
3.96648e-06
-2.19606e-08
3.93704e-06
-2.98471e-08
3.90966e-06
-3.49905e-08
3.88542e-06
-3.72649e-08
3.86536e-06
-3.67149e-08
3.85047e-06
-3.36167e-08
3.84167e-06
-2.84224e-08
3.83996e-06
-2.16148e-08
3.8457e-06
-1.38936e-08
3.85866e-06
-6.13213e-09
3.87825e-06
9.82601e-10
3.90358e-06
6.7559e-09
3.93328e-06
1.10292e-08
3.96582e-06
1.3505e-08
3.99952e-06
1.425e-08
4.03271e-06
1.35464e-08
4.06399e-06
1.17277e-08
4.09216e-06
9.19945e-09
4.11624e-06
6.46081e-09
4.1355e-06
4.01582e-09
4.14955e-06
2.12492e-09
4.15833e-06
1.03116e-09
4.16204e-06
9.17494e-10
4.16077e-06
1.88898e-09
4.15419e-06
3.86918e-09
4.14278e-06
7.00815e-09
4.12743e-06
1.06359e-08
4.10888e-06
1.44715e-08
4.08769e-06
1.81072e-08
4.06506e-06
2.03091e-08
4.04167e-06
2.13481e-08
4.01799e-06
2.13189e-08
3.99441e-06
2.03264e-08
3.97128e-06
1.86828e-08
3.94903e-06
1.68298e-08
3.92814e-06
1.52511e-08
3.90912e-06
1.43749e-08
3.89249e-06
1.44822e-08
3.87879e-06
1.56985e-08
3.86849e-06
1.79959e-08
3.86202e-06
2.12401e-08
3.85979e-06
2.52485e-08
3.86215e-06
2.96731e-08
3.86905e-06
3.37657e-08
3.88009e-06
3.7125e-08
3.89467e-06
3.93643e-08
4.01431e-08
3.197e-06
4.5396e-08
3.19987e-06
2.61669e-08
3.20022e-06
4.12721e-09
3.19594e-06
-1.68439e-08
3.18655e-06
-3.44165e-08
3.17243e-06
-4.67827e-08
3.15474e-06
-5.27676e-08
3.13517e-06
-5.20684e-08
3.11543e-06
-4.56272e-08
3.09697e-06
-3.49027e-08
3.08105e-06
-2.13698e-08
3.06888e-06
-6.01332e-09
3.06208e-06
1.00909e-08
3.06195e-06
2.70178e-08
3.06942e-06
4.36524e-08
3.08474e-06
5.9044e-08
3.10756e-06
7.25291e-08
3.13685e-06
8.36014e-08
3.17099e-06
9.20209e-08
3.20803e-06
9.78689e-08
3.24581e-06
1.01437e-07
3.28227e-06
1.03052e-07
3.31569e-06
1.03102e-07
3.3447e-06
1.02047e-07
3.36842e-06
1.00282e-07
3.38635e-06
9.81719e-08
3.39859e-06
9.57622e-08
3.40564e-06
9.27317e-08
3.4084e-06
8.89161e-08
3.40765e-06
8.42733e-08
3.4041e-06
7.8729e-08
3.3985e-06
7.1851e-08
3.3914e-06
6.32382e-08
3.38311e-06
5.27441e-08
3.37368e-06
4.06208e-08
3.36285e-06
2.73332e-08
3.35018e-06
1.3494e-08
3.33519e-06
-4.59183e-10
3.31756e-06
-1.39377e-08
3.29741e-06
-2.64686e-08
3.27524e-06
-3.74498e-08
3.25189e-06
-4.62728e-08
3.2284e-06
-5.24583e-08
3.20595e-06
-5.5785e-08
3.18571e-06
-5.61636e-08
3.16882e-06
-5.36481e-08
3.15633e-06
-4.83989e-08
3.1493e-06
-4.07071e-08
3.14834e-06
-3.08609e-08
3.15368e-06
-1.96204e-08
3.16506e-06
-7.50958e-09
3.18188e-06
4.87818e-09
3.20323e-06
1.70109e-08
3.22795e-06
2.84889e-08
3.25476e-06
3.90507e-08
3.28229e-06
4.85639e-08
3.30927e-06
5.68677e-08
3.33461e-06
6.39217e-08
3.35738e-06
6.98528e-08
3.37689e-06
7.46834e-08
3.39285e-06
7.84106e-08
3.40506e-06
8.14552e-08
3.41351e-06
8.34529e-08
3.41848e-06
8.41408e-08
3.42076e-06
8.36908e-08
3.42083e-06
8.17421e-08
3.41895e-06
7.83239e-08
3.41538e-06
7.32777e-08
3.41021e-06
6.65432e-08
3.40338e-06
5.8183e-08
3.39473e-06
4.83879e-08
3.38409e-06
3.75685e-08
3.37135e-06
2.63156e-08
3.35651e-06
1.52609e-08
3.3398e-06
5.04611e-09
3.32173e-06
-3.89383e-09
3.30308e-06
-1.11928e-08
3.28465e-06
-1.65682e-08
3.2674e-06
-2.00145e-08
3.2522e-06
-2.15083e-08
3.23983e-06
-2.12459e-08
3.23097e-06
-1.95639e-08
3.22617e-06
-1.68213e-08
3.22574e-06
-1.34637e-08
3.22977e-06
-1.01628e-08
3.23777e-06
-7.01453e-09
3.24926e-06
-4.7349e-09
3.26346e-06
-3.16888e-09
3.27948e-06
-2.5118e-09
3.29638e-06
-2.65175e-09
3.31328e-06
-3.3512e-09
3.32943e-06
-4.42623e-09
3.34401e-06
-5.37587e-09
3.35632e-06
-5.85146e-09
3.3661e-06
-5.76634e-09
3.3733e-06
-5.0724e-09
3.3778e-06
-3.47552e-09
3.37961e-06
-8.92031e-10
3.37877e-06
2.73115e-09
3.37531e-06
7.33243e-09
3.36998e-06
1.23384e-08
3.36336e-06
1.72533e-08
3.35595e-06
2.18835e-08
3.34805e-06
2.60025e-08
3.33985e-06
2.85117e-08
3.3314e-06
2.97937e-08
3.32271e-06
3.00097e-08
3.31372e-06
2.93187e-08
3.30442e-06
2.79846e-08
3.29497e-06
2.62841e-08
3.28564e-06
2.45807e-08
3.27676e-06
2.32482e-08
3.26874e-06
2.25063e-08
3.26199e-06
2.24438e-08
3.25694e-06
2.30512e-08
3.25392e-06
2.42558e-08
3.25331e-06
2.58581e-08
3.25536e-06
2.76299e-08
3.26e-06
2.91173e-08
3.26709e-06
3.00436e-08
3.27631e-06
3.01431e-08
2.91915e-08
1.99248e-06
3.3841e-08
2.00026e-06
1.83932e-08
2.00272e-06
1.66985e-09
1.99994e-06
-1.40699e-08
1.99268e-06
-2.71516e-08
1.98195e-06
-3.60535e-08
1.96924e-06
-4.00607e-08
1.95633e-06
-3.91572e-08
1.94478e-06
-3.40829e-08
1.93585e-06
-2.59662e-08
1.93044e-06
-1.59628e-08
1.92898e-06
-4.55025e-09
1.93294e-06
6.13314e-09
1.94229e-06
1.76597e-08
1.95729e-06
2.86533e-08
1.97768e-06
3.86612e-08
2.00283e-06
4.73719e-08
2.03184e-06
5.45973e-08
2.06356e-06
6.02985e-08
2.09681e-06
6.46229e-08
2.1304e-06
6.78454e-08
2.16326e-06
7.01921e-08
2.19451e-06
7.1851e-08
2.22352e-06
7.30313e-08
2.24993e-06
7.38764e-08
2.27361e-06
7.4486e-08
2.29462e-06
7.47582e-08
2.31299e-06
7.43562e-08
2.32888e-06
7.30303e-08
2.34244e-06
7.07134e-08
2.35383e-06
6.73431e-08
2.36296e-06
6.27185e-08
2.36955e-06
5.66517e-08
2.37316e-06
4.91257e-08
2.37346e-06
4.03268e-08
2.37023e-06
3.05638e-08
2.36355e-06
2.01688e-08
2.35366e-06
9.43564e-09
2.34052e-06
-7.96914e-10
2.32464e-06
-1.05922e-08
2.30677e-06
-1.95819e-08
2.2878e-06
-2.73017e-08
2.26873e-06
-3.33851e-08
2.25052e-06
-3.75752e-08
2.23408e-06
-3.97264e-08
2.22029e-06
-3.98594e-08
2.20992e-06
-3.80241e-08
2.20361e-06
-3.44025e-08
2.20189e-06
-2.91371e-08
2.20494e-06
-2.26732e-08
2.21261e-06
-1.51754e-08
2.22448e-06
-6.99358e-09
2.24005e-06
1.43903e-09
2.25867e-06
9.87454e-09
2.27966e-06
1.80531e-08
2.3023e-06
2.59303e-08
2.32575e-06
3.34105e-08
2.34931e-06
4.03656e-08
2.37241e-06
4.67511e-08
2.39463e-06
5.24704e-08
2.41563e-06
5.74069e-08
2.43543e-06
6.16526e-08
2.45381e-06
6.50711e-08
2.47057e-06
6.73795e-08
2.48585e-06
6.84134e-08
2.49956e-06
6.8033e-08
2.51165e-06
6.62365e-08
2.52193e-06
6.29933e-08
2.53012e-06
5.83585e-08
2.53581e-06
5.24949e-08
2.53863e-06
4.55589e-08
2.53839e-06
3.78177e-08
2.535e-06
2.96988e-08
2.52862e-06
2.16393e-08
2.51965e-06
1.40191e-08
2.50862e-06
7.13795e-09
2.49617e-06
1.25325e-09
2.48301e-06
-3.4098e-09
2.46986e-06
-6.85901e-09
2.45748e-06
-9.12499e-09
2.44656e-06
-1.0335e-08
2.43765e-06
-1.06474e-08
2.43125e-06
-1.04188e-08
2.42762e-06
-9.83837e-09
2.42675e-06
-9.29447e-09
2.4286e-06
-8.85918e-09
2.43268e-06
-8.81829e-09
2.43864e-06
-9.12402e-09
2.44588e-06
-9.75298e-09
2.45382e-06
-1.0599e-08
2.46195e-06
-1.14808e-08
2.46975e-06
-1.22239e-08
2.47671e-06
-1.23309e-08
2.48272e-06
-1.18604e-08
2.48779e-06
-1.08377e-08
2.49188e-06
-9.16454e-09
2.49494e-06
-6.53208e-09
2.49708e-06
-3.03725e-09
2.49847e-06
1.34584e-09
2.49981e-06
5.98933e-09
2.50117e-06
1.09737e-08
2.50271e-06
1.57159e-08
2.50454e-06
2.00585e-08
2.50685e-06
2.36875e-08
2.50909e-06
2.62714e-08
2.51105e-06
2.78327e-08
2.51263e-06
2.84365e-08
2.51371e-06
2.82317e-08
2.51425e-06
2.74429e-08
2.51425e-06
2.62883e-08
2.51381e-06
2.50187e-08
2.51318e-06
2.38804e-08
2.51266e-06
2.30309e-08
2.51256e-06
2.25398e-08
2.51321e-06
2.2403e-08
2.51488e-06
2.25798e-08
2.51782e-06
2.29256e-08
2.52213e-06
2.33156e-08
2.52779e-06
2.34577e-08
2.53467e-06
2.31604e-08
2.54256e-06
2.22588e-08
2.06244e-08
9.22017e-07
2.05781e-08
9.30248e-07
1.01613e-08
9.3267e-07
-7.51417e-10
9.30118e-07
-1.15185e-08
9.23458e-07
-2.04912e-08
9.14092e-07
-2.66872e-08
9.03649e-07
-2.96176e-08
8.93807e-07
-2.93153e-08
8.85984e-07
-2.62604e-08
8.81232e-07
-2.12142e-08
8.80188e-07
-1.49184e-08
8.83435e-07
-7.79729e-09
8.90326e-07
-7.58306e-10
9.01583e-07
6.40348e-09
9.17018e-07
1.32183e-08
9.36243e-07
1.94357e-08
9.58722e-07
2.48932e-08
9.83796e-07
2.95227e-08
1.01073e-06
3.33666e-08
1.0388e-06
3.65541e-08
1.0674e-06
3.92448e-08
1.09603e-06
4.1558e-08
1.12432e-06
4.35582e-08
1.15201e-06
4.53441e-08
1.17892e-06
4.69718e-08
1.20497e-06
4.8437e-08
1.23008e-06
4.96465e-08
1.25409e-06
5.03444e-08
1.27679e-06
5.03249e-08
1.29797e-06
4.95326e-08
1.31742e-06
4.78972e-08
1.33487e-06
4.5266e-08
1.35e-06
4.1526e-08
1.36243e-06
3.66917e-08
1.37189e-06
3.08685e-08
1.3782e-06
2.42597e-08
1.38123e-06
1.71343e-08
1.38095e-06
9.71489e-09
1.37782e-06
2.33223e-09
1.37184e-06
-4.61302e-09
1.36352e-06
-1.12589e-08
1.35337e-06
-1.71562e-08
1.34206e-06
-2.20684e-08
1.33029e-06
-2.58053e-08
1.31882e-06
-2.82575e-08
1.30833e-06
-2.93755e-08
1.29949e-06
-2.91846e-08
1.29287e-06
-2.77805e-08
1.28902e-06
-2.52878e-08
1.28821e-06
-2.18572e-08
1.29062e-06
-1.75847e-08
1.29623e-06
-1.26078e-08
1.30476e-06
-7.08838e-09
1.3161e-06
-1.46836e-09
1.32992e-06
4.22941e-09
1.34583e-06
1.0022e-08
1.36341e-06
1.58303e-08
1.38233e-06
2.14531e-08
1.40238e-06
2.67008e-08
1.42337e-06
3.14784e-08
1.44505e-06
3.57233e-08
1.46725e-06
3.94518e-08
1.48971e-06
4.26113e-08
1.51209e-06
4.50035e-08
1.53403e-06
4.64756e-08
1.55513e-06
4.69299e-08
1.57504e-06
4.63266e-08
1.59338e-06
4.46541e-08
1.60976e-06
4.19776e-08
1.62382e-06
3.84351e-08
1.63525e-06
3.41315e-08
1.64385e-06
2.92093e-08
1.64962e-06
2.39365e-08
1.65266e-06
1.86004e-08
1.65323e-06
1.34501e-08
1.65168e-06
8.68217e-09
1.64848e-06
4.45654e-09
1.64416e-06
9.06898e-10
1.63923e-06
-1.92668e-09
1.63418e-06
-4.07834e-09
1.62945e-06
-5.59912e-09
1.62536e-06
-6.55648e-09
1.62213e-06
-7.19675e-09
1.61986e-06
-7.56143e-09
1.61843e-06
-7.86333e-09
1.61782e-06
-8.25127e-09
1.61781e-06
-8.81234e-09
1.61821e-06
-9.52425e-09
1.61879e-06
-1.03342e-08
1.61937e-06
-1.11769e-08
1.61984e-06
-1.19453e-08
1.62006e-06
-1.24508e-08
1.62009e-06
-1.23599e-08
1.62008e-06
-1.18485e-08
1.62006e-06
-1.08233e-08
1.62007e-06
-9.16562e-09
1.62044e-06
-6.90755e-09
1.6215e-06
-4.09544e-09
1.62355e-06
-7.02343e-10
1.62665e-06
2.88266e-09
1.63105e-06
6.57447e-09
1.63672e-06
1.00536e-08
1.64354e-06
1.32312e-08
1.65137e-06
1.58613e-08
1.65981e-06
1.78262e-08
1.66856e-06
1.90892e-08
1.67729e-06
1.97047e-08
1.68576e-06
1.97585e-08
1.69382e-06
1.93821e-08
1.70138e-06
1.8731e-08
1.70843e-06
1.79653e-08
1.71508e-06
1.72323e-08
1.72148e-06
1.66341e-08
1.7278e-06
1.62213e-08
1.7342e-06
1.5999e-08
1.74085e-06
1.59309e-08
1.74784e-06
1.5938e-08
1.75523e-06
1.59259e-08
1.76294e-06
1.57491e-08
1.77081e-06
1.52869e-08
1.77862e-06
1.44506e-08
1.31637e-08
2.03516e-07
8.66004e-09
2.10257e-07
3.41992e-09
2.11323e-07
-1.81737e-09
2.0707e-07
-7.26547e-09
1.98542e-07
-1.19637e-08
1.87161e-07
-1.53056e-08
1.74549e-07
-1.70057e-08
1.62345e-07
-1.71113e-08
1.51935e-07
-1.58501e-08
1.44337e-07
-1.3616e-08
1.40035e-07
-1.06169e-08
1.39406e-07
-7.16809e-09
1.42445e-07
-3.79697e-09
1.49288e-07
-4.40342e-10
1.597e-07
2.80693e-09
1.73403e-07
5.73211e-09
1.9005e-07
8.24648e-09
2.09174e-07
1.03988e-08
2.30343e-07
1.21972e-08
2.53073e-07
1.38243e-08
2.76995e-07
1.53226e-08
3.01886e-07
1.66671e-08
3.27574e-07
1.78704e-08
3.53921e-07
1.89971e-08
3.80798e-07
2.00953e-08
4.08166e-07
2.10685e-08
4.35877e-07
2.19354e-08
4.6366e-07
2.25618e-08
4.91099e-07
2.28856e-08
5.17817e-07
2.28149e-08
5.43457e-07
2.22568e-08
5.67524e-07
2.11995e-08
5.8947e-07
1.95802e-08
6.08753e-07
1.74081e-08
6.24891e-07
1.47303e-08
6.37528e-07
1.16231e-08
6.46482e-07
8.18033e-09
6.51602e-07
4.59511e-09
6.53075e-07
8.58758e-10
6.50767e-07
-2.30437e-09
6.45055e-07
-5.54691e-09
6.36378e-07
-8.47967e-09
6.25298e-07
-1.09877e-08
6.12447e-07
-1.29551e-08
5.98584e-07
-1.43937e-08
5.84444e-07
-1.52362e-08
5.70749e-07
-1.54895e-08
5.58175e-07
-1.52064e-08
5.47292e-07
-1.44051e-08
5.38627e-07
-1.31915e-08
5.32685e-07
-1.16428e-08
5.29823e-07
-9.74618e-09
5.30268e-07
-7.53342e-09
5.33918e-07
-5.11797e-09
5.4049e-07
-2.34248e-09
5.49995e-07
5.16466e-10
5.62332e-07
3.49351e-09
5.77243e-07
6.5415e-09
5.9459e-07
9.35455e-09
6.14196e-07
1.18719e-08
6.35776e-07
1.41438e-08
6.59044e-07
1.61832e-08
6.83711e-07
1.79446e-08
7.09375e-07
1.93392e-08
7.35552e-07
2.02991e-08
7.61699e-07
2.07824e-08
7.87272e-07
2.07544e-08
8.11729e-07
2.01964e-08
8.34569e-07
1.91378e-08
8.55363e-07
1.76417e-08
8.73723e-07
1.57713e-08
8.89331e-07
1.36015e-08
9.02016e-07
1.12507e-08
9.11761e-07
8.85582e-09
9.18677e-07
6.53378e-09
9.22986e-07
4.37388e-09
9.24979e-07
2.46349e-09
9.25026e-07
8.59745e-10
9.23603e-07
-5.03881e-10
9.20925e-07
-1.40006e-09
9.17395e-07
-2.06929e-09
9.13367e-07
-2.52841e-09
9.08993e-07
-2.82271e-09
9.04511e-07
-3.07978e-09
8.99966e-07
-3.3181e-09
8.95344e-07
-3.62976e-09
8.90576e-07
-4.04361e-09
8.8561e-07
-4.55896e-09
8.80425e-07
-5.14878e-09
8.75028e-07
-5.78011e-09
8.69503e-07
-6.42053e-09
8.64055e-07
-7.00245e-09
8.59079e-07
-7.38357e-09
8.54732e-07
-7.50204e-09
8.51216e-07
-7.30727e-09
8.48807e-07
-6.75634e-09
8.47739e-07
-5.83932e-09
8.48203e-07
-4.55951e-09
8.5043e-07
-2.92935e-09
8.54358e-07
-1.0459e-09
8.60098e-07
8.34741e-10
8.67625e-07
2.52661e-09
8.7675e-07
4.10619e-09
8.8715e-07
5.46176e-09
8.98445e-07
6.53092e-09
9.10255e-07
7.27922e-09
9.22234e-07
7.72531e-09
9.34077e-07
7.91551e-09
9.45547e-07
7.91224e-09
9.56492e-07
7.78557e-09
9.66846e-07
7.61127e-09
9.76622e-07
7.45665e-09
9.85887e-07
7.36897e-09
9.94737e-07
7.37177e-09
1.00327e-06
7.4621e-09
1.01159e-06
7.61717e-09
1.01973e-06
7.79752e-09
1.02771e-06
7.94775e-09
1.03545e-06
8.00484e-09
1.04283e-06
7.91081e-09
1.04966e-06
7.61211e-09
7.07603e-09
-5.90396e-08
-5.56197e-08
-5.7437e-08
-6.47025e-08
-7.66662e-08
-9.19718e-08
-1.08978e-07
-1.26089e-07
-1.41939e-07
-1.55555e-07
-1.66172e-07
-1.7334e-07
-1.77137e-07
-1.77577e-07
-1.7477e-07
-1.69038e-07
-1.60792e-07
-1.50393e-07
-1.38196e-07
-1.24372e-07
-1.09049e-07
-9.23818e-08
-7.45114e-08
-5.55143e-08
-3.5419e-08
-1.43505e-08
7.58488e-09
3.01466e-08
5.30322e-08
7.58472e-08
9.8104e-08
1.19303e-07
1.38884e-07
1.56292e-07
1.71022e-07
1.82645e-07
1.90826e-07
1.95421e-07
1.96279e-07
1.93975e-07
1.88428e-07
1.79948e-07
1.68961e-07
1.56006e-07
1.41612e-07
1.26376e-07
1.10886e-07
9.568e-08
8.12749e-08
6.80834e-08
5.64406e-08
4.66944e-08
3.9161e-08
3.40431e-08
3.17006e-08
3.2217e-08
3.57106e-08
4.22521e-08
5.16066e-08
6.34785e-08
7.76223e-08
9.38055e-08
1.1175e-07
1.31089e-07
1.51388e-07
1.72171e-07
1.92925e-07
2.13122e-07
2.32259e-07
2.49901e-07
2.65672e-07
2.79274e-07
2.90525e-07
2.9938e-07
3.05914e-07
3.10288e-07
3.12751e-07
3.13611e-07
3.13107e-07
3.11707e-07
3.09638e-07
3.0711e-07
3.04287e-07
3.01207e-07
2.97889e-07
2.94259e-07
2.90216e-07
2.85657e-07
2.80508e-07
2.74728e-07
2.68307e-07
2.61305e-07
2.53921e-07
2.46419e-07
2.39112e-07
2.32356e-07
2.26516e-07
2.21957e-07
2.19027e-07
2.17982e-07
2.18816e-07
2.21343e-07
2.25449e-07
2.30911e-07
2.37442e-07
2.44721e-07
2.52446e-07
2.60362e-07
2.68274e-07
2.7606e-07
2.83671e-07
2.91128e-07
2.98496e-07
3.05868e-07
3.1333e-07
3.20948e-07
3.28745e-07
3.36693e-07
3.44698e-07
3.52608e-07
3.60221e-07
7.30386e-06
-1.10617e-06
7.2643e-06
-1.13987e-06
7.21047e-06
-1.13776e-06
7.14482e-06
-1.10737e-06
7.07694e-06
-1.05269e-06
7.01259e-06
-9.8189e-07
6.9582e-06
-8.99546e-07
6.918e-06
-8.04606e-07
6.89331e-06
-6.94288e-07
6.88354e-06
-5.66661e-07
6.88735e-06
-4.20726e-07
6.90301e-06
-2.56994e-07
6.92827e-06
-7.80778e-08
6.959e-06
1.09207e-07
6.99148e-06
2.94058e-07
7.02262e-06
4.67167e-07
7.05035e-06
6.20878e-07
7.07393e-06
7.49343e-07
7.09296e-06
8.47706e-07
7.10696e-06
9.14386e-07
7.1144e-06
9.51846e-07
7.11496e-06
9.64453e-07
7.11057e-06
9.50431e-07
7.10536e-06
9.00536e-07
7.10193e-06
8.25026e-07
7.1007e-06
7.29359e-07
7.10166e-06
6.1731e-07
7.10455e-06
4.91108e-07
7.1101e-06
3.52107e-07
7.11902e-06
2.01985e-07
7.1301e-06
4.5518e-08
7.14082e-06
-1.08638e-07
7.14917e-06
-2.53471e-07
7.15333e-06
-3.84138e-07
7.15283e-06
-4.97587e-07
7.14851e-06
-5.91733e-07
7.14242e-06
-6.64299e-07
7.13704e-06
-7.12685e-07
7.13033e-06
-7.34802e-07
7.11853e-06
-7.34557e-07
7.09938e-06
-7.14226e-07
7.07917e-06
-6.6995e-07
7.06031e-06
-6.06955e-07
7.04293e-06
-5.27003e-07
7.02789e-06
-4.32841e-07
7.01759e-06
-3.27763e-07
7.01297e-06
-2.13935e-07
7.01341e-06
-9.34949e-08
7.01748e-06
2.97047e-08
7.02402e-06
1.49931e-07
7.03228e-06
2.62708e-07
7.04186e-06
3.63866e-07
7.05248e-06
4.49525e-07
7.06367e-06
5.16762e-07
7.07422e-06
5.64376e-07
7.08265e-06
5.93086e-07
7.08831e-06
6.05915e-07
7.09409e-06
6.05296e-07
7.09896e-06
5.85516e-07
7.10231e-06
5.45904e-07
7.10449e-06
4.89647e-07
7.10559e-06
4.19093e-07
7.10566e-06
3.3695e-07
7.10431e-06
2.46049e-07
7.10067e-06
1.49211e-07
7.09429e-06
4.94473e-08
7.0856e-06
-4.91634e-08
7.07529e-06
-1.43328e-07
7.06427e-06
-2.30249e-07
7.05352e-06
-3.07218e-07
7.04391e-06
-3.71338e-07
7.03643e-06
-4.20645e-07
7.03167e-06
-4.53726e-07
7.0292e-06
-4.70733e-07
7.02765e-06
-4.74829e-07
7.02593e-06
-4.67958e-07
7.02444e-06
-4.40905e-07
7.02292e-06
-3.98529e-07
7.02131e-06
-3.4281e-07
7.01954e-06
-2.76012e-07
7.01738e-06
-2.00275e-07
7.01448e-06
-1.17831e-07
7.01061e-06
-3.19344e-08
7.00605e-06
5.24356e-08
7.00155e-06
1.31584e-07
6.99793e-06
2.02441e-07
6.99588e-06
2.62516e-07
6.9959e-06
3.10179e-07
6.99796e-06
3.44803e-07
7.00164e-06
3.67047e-07
7.00625e-06
3.78458e-07
7.01213e-06
3.8002e-07
7.02004e-06
3.69894e-07
7.0282e-06
3.47638e-07
7.03606e-06
3.14133e-07
7.04315e-06
2.70785e-07
7.04888e-06
2.19254e-07
7.05269e-06
1.61245e-07
7.05442e-06
9.8449e-08
7.0541e-06
3.32118e-08
7.05182e-06
-3.11783e-08
7.04728e-06
-9.21235e-08
7.04028e-06
-1.47509e-07
7.03148e-06
-1.95704e-07
7.02204e-06
-2.35475e-07
7.01309e-06
-2.6575e-07
7.00564e-06
-2.86473e-07
7.00012e-06
-2.98278e-07
6.99567e-06
-3.02007e-07
6.99152e-06
-2.96357e-07
6.9881e-06
-2.80086e-07
6.98526e-06
-2.54113e-07
6.98284e-06
-2.19447e-07
6.98065e-06
-1.77246e-07
6.97841e-06
-1.28717e-07
6.9758e-06
-7.52411e-08
6.97245e-06
-1.86734e-08
3.77633e-08
7.40743e-06
-1.03596e-06
7.31547e-06
-1.04791e-06
7.2067e-06
-1.02898e-06
7.08764e-06
-9.88315e-07
6.96967e-06
-9.34724e-07
6.86213e-06
-8.74351e-07
6.77103e-06
-8.08448e-07
6.70016e-06
-7.3373e-07
6.65036e-06
-6.44491e-07
6.62025e-06
-5.36557e-07
6.6078e-06
-4.08268e-07
6.61085e-06
-2.60051e-07
6.62743e-06
-9.46589e-08
6.65467e-06
8.19679e-08
6.68929e-06
2.59442e-07
6.72888e-06
4.2758e-07
6.77117e-06
5.78585e-07
6.81444e-06
7.06076e-07
6.85638e-06
8.05763e-07
6.89472e-06
8.76041e-07
6.92851e-06
9.18065e-07
6.95971e-06
9.33254e-07
6.99092e-06
9.19211e-07
7.01777e-06
8.73694e-07
7.04108e-06
8.01718e-07
7.06266e-06
7.07773e-07
7.08452e-06
5.95451e-07
7.10776e-06
4.67872e-07
7.13147e-06
3.28388e-07
7.1537e-06
1.79759e-07
7.17181e-06
2.74059e-08
7.18393e-06
-1.20753e-07
7.1904e-06
-2.59946e-07
7.19222e-06
-3.85951e-07
7.18907e-06
-4.94439e-07
7.17973e-06
-5.82396e-07
7.16351e-06
-6.48081e-07
7.13866e-06
-6.87834e-07
7.10511e-06
-7.01246e-07
7.0622e-06
-6.9165e-07
7.00927e-06
-6.61296e-07
6.95435e-06
-6.15028e-07
6.90356e-06
-5.56169e-07
6.86117e-06
-4.84608e-07
6.82911e-06
-4.00783e-07
6.80768e-06
-3.06336e-07
6.79658e-06
-2.02831e-07
6.79505e-06
-9.19727e-08
6.80149e-06
2.3265e-08
6.81402e-06
1.37404e-07
6.83131e-06
2.45414e-07
6.85223e-06
3.42947e-07
6.87557e-06
4.26192e-07
6.8999e-06
4.92426e-07
6.92368e-06
5.406e-07
6.94552e-06
5.7124e-07
6.96557e-06
5.85872e-07
6.98648e-06
5.84384e-07
7.00713e-06
5.64868e-07
7.02565e-06
5.27377e-07
7.04143e-06
4.73869e-07
7.05389e-06
4.06633e-07
7.0627e-06
3.28142e-07
7.06778e-06
2.40966e-07
7.06928e-06
1.47709e-07
7.06737e-06
5.13617e-08
7.0626e-06
-4.43899e-08
7.05562e-06
-1.36347e-07
7.04696e-06
-2.21592e-07
7.03694e-06
-2.97197e-07
7.02576e-06
-3.60159e-07
7.01382e-06
-4.08706e-07
7.00164e-06
-4.41542e-07
6.9889e-06
-4.57996e-07
6.97378e-06
-4.59712e-07
6.95395e-06
-4.48125e-07
6.93272e-06
-4.19672e-07
6.9122e-06
-3.78012e-07
6.89427e-06
-3.24876e-07
6.87989e-06
-2.61635e-07
6.86947e-06
-1.8986e-07
6.86306e-06
-1.11412e-07
6.86024e-06
-2.91175e-08
6.86031e-06
5.23605e-08
6.86281e-06
1.29088e-07
6.86744e-06
1.97812e-07
6.87397e-06
2.55986e-07
6.88214e-06
3.02008e-07
6.89146e-06
3.35485e-07
6.90143e-06
3.57077e-07
6.91209e-06
3.67795e-07
6.92453e-06
3.67585e-07
6.9385e-06
3.55922e-07
6.95299e-06
3.33144e-07
6.96709e-06
3.0003e-07
6.98003e-06
2.5785e-07
6.99115e-06
2.08136e-07
6.99985e-06
1.52545e-07
7.00548e-06
9.28148e-08
7.00745e-06
3.12378e-08
7.00571e-06
-2.94339e-08
7.00058e-06
-8.69895e-08
6.99258e-06
-1.39517e-07
6.98235e-06
-1.85472e-07
6.97053e-06
-2.23654e-07
6.95803e-06
-2.53249e-07
6.94557e-06
-2.74009e-07
6.9333e-06
-2.86012e-07
6.92055e-06
-2.89261e-07
6.90734e-06
-2.83145e-07
6.89477e-06
-2.67516e-07
6.88354e-06
-2.42884e-07
6.87418e-06
-2.10086e-07
6.86698e-06
-1.70043e-07
6.862e-06
-1.23732e-07
6.85904e-06
-7.22827e-08
6.85766e-06
-1.72969e-08
6.85726e-06
3.81594e-08
6.85755e-06
9.10412e-08
6.8585e-06
1.38813e-07
6.86023e-06
1.79201e-07
2.10594e-07
7.40641e-06
-9.13041e-07
7.25506e-06
-8.96561e-07
7.08699e-06
-8.60908e-07
6.91671e-06
-8.18037e-07
6.75702e-06
-7.75037e-07
6.61575e-06
-7.3308e-07
6.49712e-06
-6.89813e-07
6.40332e-06
-6.39935e-07
6.33457e-06
-5.75739e-07
6.28887e-06
-4.90853e-07
6.26384e-06
-3.83244e-07
6.25725e-06
-2.53456e-07
6.26732e-06
-1.04727e-07
6.29224e-06
5.70433e-08
6.32923e-06
2.22449e-07
6.37601e-06
3.80805e-07
6.43015e-06
5.24446e-07
6.48901e-06
6.47211e-07
6.54984e-06
7.44937e-07
6.6103e-06
8.15577e-07
6.66969e-06
8.58678e-07
6.7291e-06
8.73848e-07
6.78834e-06
8.59968e-07
6.8446e-06
8.17435e-07
6.89731e-06
7.49003e-07
6.94674e-06
6.5834e-07
6.99349e-06
5.48709e-07
7.03837e-06
4.22989e-07
7.0813e-06
2.85453e-07
7.11849e-06
1.42572e-07
7.14608e-06
-1.82187e-10
7.16411e-06
-1.38789e-07
7.173e-06
-2.68828e-07
7.1722e-06
-3.85153e-07
7.16048e-06
-4.82722e-07
7.13471e-06
-5.56624e-07
7.0901e-06
-6.03469e-07
7.02632e-06
-6.24056e-07
6.94822e-06
-6.23144e-07
6.86211e-06
-6.05541e-07
6.77605e-06
-5.75238e-07
6.69661e-06
-5.35592e-07
6.62796e-06
-4.8752e-07
6.57282e-06
-4.29463e-07
6.53203e-06
-3.59991e-07
6.50522e-06
-2.79523e-07
6.49146e-06
-1.89075e-07
6.48974e-06
-9.02489e-08
6.49875e-06
1.42498e-08
6.51657e-06
1.19586e-07
6.54167e-06
2.20313e-07
6.57245e-06
3.12171e-07
6.60709e-06
3.9155e-07
6.64368e-06
4.55836e-07
6.68055e-06
5.03732e-07
6.71672e-06
5.35069e-07
6.75239e-06
5.50199e-07
6.78804e-06
5.48734e-07
6.82266e-06
5.30245e-07
6.85494e-06
4.95097e-07
6.884e-06
4.44814e-07
6.9091e-06
3.81528e-07
6.9297e-06
3.07547e-07
6.94546e-06
2.25207e-07
6.95624e-06
1.3693e-07
6.96174e-06
4.58591e-08
6.96171e-06
-4.43586e-08
6.95587e-06
-1.3051e-07
6.94391e-06
-2.09635e-07
6.92566e-06
-2.78946e-07
6.90141e-06
-3.35905e-07
6.87136e-06
-3.78657e-07
6.83596e-06
-4.06149e-07
6.79662e-06
-4.18647e-07
6.75458e-06
-4.17673e-07
6.71102e-06
-4.04572e-07
6.6707e-06
-3.79351e-07
6.63577e-06
-3.43086e-07
6.60758e-06
-2.96679e-07
6.58687e-06
-2.40927e-07
6.57393e-06
-1.76921e-07
6.56873e-06
-1.06209e-07
6.57076e-06
-3.11541e-08
6.57881e-06
4.43107e-08
6.59176e-06
1.1614e-07
6.60845e-06
1.8112e-07
6.62773e-06
2.36708e-07
6.64847e-06
2.81274e-07
6.66975e-06
3.14198e-07
6.69119e-06
3.35635e-07
6.71306e-06
3.45926e-07
6.73567e-06
3.44978e-07
6.75857e-06
3.3302e-07
6.78108e-06
3.10638e-07
6.80238e-06
2.78723e-07
6.82173e-06
2.38505e-07
6.83843e-06
1.91435e-07
6.85179e-06
1.39186e-07
6.86095e-06
8.36557e-08
6.86509e-06
2.70936e-08
6.86404e-06
-2.83795e-08
6.858e-06
-8.09499e-08
6.8475e-06
-1.29013e-07
6.83323e-06
-1.71208e-07
6.81601e-06
-2.0643e-07
6.7966e-06
-2.3384e-07
6.7755e-06
-2.5291e-07
6.75293e-06
-2.63446e-07
6.72916e-06
-2.65489e-07
6.70512e-06
-2.591e-07
6.68202e-06
-2.44419e-07
6.66103e-06
-2.21891e-07
6.6431e-06
-1.92157e-07
6.62896e-06
-1.559e-07
6.61909e-06
-1.13866e-07
6.61375e-06
-6.69401e-08
6.6129e-06
-1.64506e-08
6.61598e-06
3.5083e-08
6.62234e-06
8.46751e-08
6.63133e-06
1.29828e-07
6.64216e-06
1.6837e-07
1.9883e-07
7.27547e-06
-7.27928e-07
7.06482e-06
-6.85912e-07
6.84744e-06
-6.43528e-07
6.63954e-06
-6.10129e-07
6.45171e-06
-5.87216e-07
6.28995e-06
-5.71311e-07
6.15622e-06
-5.5609e-07
6.0501e-06
-5.33815e-07
5.97029e-06
-4.95922e-07
5.91448e-06
-4.35044e-07
5.8805e-06
-3.49271e-07
5.86657e-06
-2.39522e-07
5.8714e-06
-1.09556e-07
5.89395e-06
3.44891e-08
5.93226e-06
1.84147e-07
5.98388e-06
3.2918e-07
6.04644e-06
4.61886e-07
6.1172e-06
5.76448e-07
6.19351e-06
6.68628e-07
6.27332e-06
7.35767e-07
6.35557e-06
7.76427e-07
6.43956e-06
7.89861e-07
6.52358e-06
7.75945e-07
6.60551e-06
7.35509e-07
6.684e-06
6.70507e-07
6.75857e-06
5.83773e-07
6.82899e-06
4.78295e-07
6.89462e-06
3.57352e-07
6.95389e-06
2.2619e-07
7.00459e-06
9.1866e-08
7.04397e-06
-3.95638e-08
7.06844e-06
-1.63258e-07
7.07429e-06
-2.74676e-07
7.05835e-06
-3.6921e-07
7.01724e-06
-4.41614e-07
6.95001e-06
-4.89398e-07
6.85976e-06
-5.13211e-07
6.75313e-06
-5.17429e-07
6.63881e-06
-5.08829e-07
6.52617e-06
-4.92896e-07
6.42276e-06
-4.71828e-07
6.33283e-06
-4.45663e-07
6.25839e-06
-4.13083e-07
6.20033e-06
-3.71397e-07
6.15836e-06
-3.18025e-07
6.13163e-06
-2.52792e-07
6.119e-06
-1.76442e-07
6.11938e-06
-9.0634e-08
6.13179e-06
1.84358e-09
6.15456e-06
9.68124e-08
6.186e-06
1.88876e-07
6.22448e-06
2.73688e-07
6.26817e-06
3.47858e-07
6.3152e-06
4.08806e-07
6.36399e-06
4.54945e-07
6.41352e-06
4.85541e-07
6.46335e-06
5.00363e-07
6.51286e-06
4.99225e-07
6.56091e-06
4.82196e-07
6.60623e-06
4.49781e-07
6.64777e-06
4.03272e-07
6.68471e-06
3.44593e-07
6.71628e-06
2.75969e-07
6.74174e-06
1.9975e-07
6.75998e-06
1.1869e-07
6.76986e-06
3.59795e-08
6.7706e-06
-4.50998e-08
6.7616e-06
-1.2151e-07
6.7424e-06
-1.90429e-07
6.71268e-06
-2.49227e-07
6.67261e-06
-2.9584e-07
6.62344e-06
-3.2948e-07
6.56754e-06
-3.50249e-07
6.50801e-06
-3.59118e-07
6.44812e-06
-3.57789e-07
6.39094e-06
-3.47384e-07
6.33956e-06
-3.27978e-07
6.29602e-06
-2.99542e-07
6.2614e-06
-2.62057e-07
6.23613e-06
-2.1566e-07
6.22036e-06
-1.61147e-07
6.21403e-06
-9.98818e-08
6.21687e-06
-3.39983e-08
6.22793e-06
3.32583e-08
6.24599e-06
9.80751e-08
6.26969e-06
1.57417e-07
6.29752e-06
2.08885e-07
6.32799e-06
2.50804e-07
6.35998e-06
2.82207e-07
6.39288e-06
3.02734e-07
6.42643e-06
3.12373e-07
6.46013e-06
3.1128e-07
6.49324e-06
2.99912e-07
6.52501e-06
2.78871e-07
6.55471e-06
2.49018e-07
6.5817e-06
2.11517e-07
6.60524e-06
1.67889e-07
6.62426e-06
1.20167e-07
6.63759e-06
7.03331e-08
6.64452e-06
2.01636e-08
6.64494e-06
-2.8802e-08
6.63904e-06
-7.50468e-08
6.62719e-06
-1.17172e-07
6.60991e-06
-1.53921e-07
6.58769e-06
-1.8421e-07
6.5611e-06
-2.07258e-07
6.53101e-06
-2.22813e-07
6.49846e-06
-2.30899e-07
6.46461e-06
-2.3164e-07
6.43074e-06
-2.2523e-07
6.3983e-06
-2.11979e-07
6.36868e-06
-1.92273e-07
6.34302e-06
-1.6649e-07
6.32213e-06
-1.35012e-07
6.30664e-06
-9.83784e-08
6.29702e-06
-5.73229e-08
6.29358e-06
-1.30093e-08
6.29616e-06
3.2502e-08
6.30415e-06
7.66842e-08
6.31665e-06
1.17338e-07
6.33247e-06
1.52545e-07
1.80923e-07
6.98349e-06
6.73046e-06
6.48733e-06
6.26626e-06
6.07407e-06
5.91281e-06
5.7809e-06
5.67498e-06
5.59208e-06
5.53053e-06
5.48914e-06
5.46762e-06
5.46586e-06
5.48393e-06
5.52099e-06
5.57475e-06
5.64283e-06
5.7226e-06
5.8115e-06
5.90736e-06
6.00828e-06
6.11223e-06
6.21698e-06
6.32066e-06
6.422e-06
6.5202e-06
6.61404e-06
6.70022e-06
6.77392e-06
6.83072e-06
6.86677e-06
6.87844e-06
6.86158e-06
6.81196e-06
6.72937e-06
6.61867e-06
6.48981e-06
6.35531e-06
6.22586e-06
6.10806e-06
6.00534e-06
5.91884e-06
5.84832e-06
5.79333e-06
5.75349e-06
5.72809e-06
5.71636e-06
5.71758e-06
5.73117e-06
5.75623e-06
5.79117e-06
5.83448e-06
5.88452e-06
5.93958e-06
5.99809e-06
6.05874e-06
6.12045e-06
6.18206e-06
6.24238e-06
6.30033e-06
6.35488e-06
6.4047e-06
6.44787e-06
6.48228e-06
6.50595e-06
6.51737e-06
6.51546e-06
6.49924e-06
6.468e-06
6.42232e-06
6.36438e-06
6.29759e-06
6.22622e-06
6.15464e-06
6.08617e-06
6.02309e-06
5.96714e-06
5.91959e-06
5.88133e-06
5.8529e-06
5.83455e-06
5.82632e-06
5.82814e-06
5.8394e-06
5.85898e-06
5.88564e-06
5.91797e-06
5.95458e-06
5.99428e-06
6.03608e-06
6.07906e-06
6.12222e-06
6.16465e-06
6.20555e-06
6.24427e-06
6.27992e-06
6.31114e-06
6.33635e-06
6.35426e-06
6.36419e-06
6.36594e-06
6.35962e-06
6.34534e-06
6.3233e-06
6.29423e-06
6.25937e-06
6.22023e-06
6.17846e-06
6.13573e-06
6.09373e-06
6.05407e-06
6.01803e-06
5.98668e-06
5.96091e-06
5.94142e-06
5.9287e-06
5.92305e-06
5.92439e-06
5.93218e-06
5.94558e-06
5.96353e-06
)
;

boundaryField
{
    inlet
    {
        type            calculated;
        value           nonuniform List<scalar> 0();
    }
    outlet
    {
        type            calculated;
        value           nonuniform List<scalar> 0();
    }
    topWall
    {
        type            calculated;
        value           uniform 0;
    }
    lowerWall
    {
        type            calculated;
        value           nonuniform List<scalar> 0();
    }
    leadingEdge
    {
        type            calculated;
        value           nonuniform List<scalar> 0();
    }
    trailingEdge
    {
        type            calculated;
        value           nonuniform List<scalar> 0();
    }
    upperSurface
    {
        type            calculated;
        value           nonuniform List<scalar> 0();
    }
    lowerSurface
    {
        type            calculated;
        value           nonuniform List<scalar> 0();
    }
    frontAndBack
    {
        type            empty;
        value           nonuniform List<scalar> 0();
    }
    procBoundary6to2
    {
        type            processor;
        value           nonuniform List<scalar> 
123
(
1.13004e-06
1.17943e-06
1.19158e-06
1.17303e-06
1.12057e-06
1.04624e-06
9.5394e-07
8.44807e-07
7.18977e-07
5.76429e-07
4.16913e-07
2.41344e-07
5.28178e-08
-1.39943e-07
-3.26536e-07
-4.98308e-07
-6.48609e-07
-7.72923e-07
-8.66738e-07
-9.28384e-07
-9.59287e-07
-9.65012e-07
-9.46045e-07
-8.95321e-07
-8.21601e-07
-7.28129e-07
-6.18264e-07
-4.93997e-07
-3.57658e-07
-2.10907e-07
-5.65925e-08
9.79132e-08
2.45117e-07
3.79983e-07
4.98088e-07
5.9605e-07
6.70387e-07
7.18074e-07
7.41507e-07
7.46355e-07
7.33381e-07
6.90161e-07
6.25808e-07
5.44388e-07
4.47883e-07
3.38066e-07
2.18552e-07
9.30574e-08
-3.37758e-08
-1.56473e-07
-2.70967e-07
-3.73445e-07
-4.6015e-07
-5.27945e-07
-5.74925e-07
-6.01521e-07
-6.11576e-07
-6.11069e-07
-5.90394e-07
-5.49249e-07
-4.91832e-07
-4.20187e-07
-3.37025e-07
-2.447e-07
-1.45564e-07
-4.30738e-08
5.78548e-08
1.53641e-07
2.41272e-07
3.17966e-07
3.80947e-07
4.28125e-07
4.58485e-07
4.73201e-07
4.76381e-07
4.69678e-07
4.42399e-07
4.00048e-07
3.4442e-07
2.77776e-07
2.02441e-07
1.20731e-07
3.5799e-08
-4.78754e-08
-1.27088e-07
-1.9882e-07
-2.6046e-07
-3.10201e-07
-3.46858e-07
-3.70729e-07
-3.83066e-07
-3.85901e-07
-3.7781e-07
-3.55798e-07
-3.21986e-07
-2.77879e-07
-2.2498e-07
-1.65061e-07
-1.00173e-07
-3.28991e-08
3.3466e-08
9.6665e-08
1.54507e-07
2.04506e-07
2.44908e-07
2.74697e-07
2.93925e-07
3.03805e-07
3.06452e-07
3.00508e-07
2.83506e-07
2.56951e-07
2.2187e-07
1.79437e-07
1.30953e-07
7.78512e-08
2.20278e-08
-3.36076e-08
6.96829e-06
-9.13284e-08
-1.39761e-07
-1.80929e-07
-2.13097e-07
)
;
    }
    procBoundary6to5
    {
        type            processor;
        value           nonuniform List<scalar> 
15
(
-6.73936e-06
-6.00268e-06
-5.26698e-06
-4.75239e-06
-4.19085e-06
-3.19474e-06
-1.98093e-06
-9.08754e-07
-1.91598e-07
6.76996e-08
-7.32772e-06
-7.47764e-06
-7.52934e-06
-7.46059e-06
-7.22808e-06
)
;
    }
    procBoundary6to7
    {
        type            processor;
        value           nonuniform List<scalar> 
14
(
5.58625e-06
5.17519e-06
4.7808e-06
4.38828e-06
3.91204e-06
3.28726e-06
2.55112e-06
1.78608e-06
1.05575e-06
3.67297e-07
6.86273e-06
6.65392e-06
6.35038e-06
5.98491e-06
)
;
    }
}


// ************************************************************************* //
