/*--------------------------------*- C++ -*----------------------------------*\
| =========                 |                                                 |
| \\      /  F ield         | OpenFOAM: The Open Source CFD Toolbox           |
|  \\    /   O peration     | Version:  2206                                  |
|   \\  /    A nd           | Website:  www.openfoam.com                      |
|    \\/     M anipulation  |                                                 |
\*---------------------------------------------------------------------------*/
FoamFile
{
    version     2.0;
    format      ascii;
    arch        "LSB;label=32;scalar=64";
    class       volVectorField;
    location    "19.5";
    object      U;
}
// * * * * * * * * * * * * * * * * * * * * * * * * * * * * * * * * * * * * * //

dimensions      [0 1 -1 0 0 0 0];

internalField   nonuniform List<vector> 
1839
(
(2.29692 -0.168706 0)
(2.23399 -0.158524 0)
(2.16329 -0.143851 0)
(2.09251 -0.130249 0)
(2.02609 -0.121131 0)
(1.96637 -0.117472 0)
(1.91425 -0.118258 0)
(1.86966 -0.121321 0)
(1.83183 -0.123989 0)
(1.79982 -0.12367 0)
(1.77285 -0.118269 0)
(1.75069 -0.106322 0)
(1.73382 -0.0874349 0)
(1.72245 -0.0619209 0)
(1.71678 -0.0307383 0)
(1.71706 0.00446433 0)
(1.72337 0.0415797 0)
(1.73541 0.0781926 0)
(1.7525 0.111979 0)
(1.77395 0.14134 0)
(1.79903 0.165018 0)
(1.82707 0.182106 0)
(1.85746 0.192043 0)
(1.88943 0.194586 0)
(1.92246 0.189727 0)
(1.9561 0.177561 0)
(1.98991 0.158361 0)
(2.02334 0.132728 0)
(2.05535 0.101846 0)
(2.08394 0.0678722 0)
(2.10712 0.032964 0)
(2.12325 -0.000903701 0)
(2.13128 -0.0320791 0)
(2.13044 -0.0594422 0)
(2.11986 -0.0818238 0)
(2.09987 -0.097741 0)
(2.07209 -0.107696 0)
(2.03902 -0.113227 0)
(2.00361 -0.11591 0)
(1.96851 -0.116993 0)
(1.93512 -0.117076 0)
(1.90425 -0.116081 0)
(1.87633 -0.11354 0)
(1.85155 -0.108841 0)
(1.83002 -0.101385 0)
(1.81186 -0.0906247 0)
(1.79735 -0.0762337 0)
(1.78678 -0.0583095 0)
(1.78018 -0.0371559 0)
(1.77758 -0.0134619 0)
(1.77899 0.0116873 0)
(1.78428 0.036915 0)
(1.79302 0.0607209 0)
(1.80476 0.0820382 0)
(1.81901 0.100006 0)
(1.83528 0.113993 0)
(1.85314 0.123594 0)
(1.87221 0.128605 0)
(1.89199 0.128995 0)
(1.9121 0.124843 0)
(1.93224 0.116276 0)
(1.95201 0.103564 0)
(1.97097 0.0871902 0)
(1.98843 0.0679342 0)
(2.00338 0.0469325 0)
(2.01502 0.0251919 0)
(2.02269 0.00361434 0)
(2.02602 -0.0169625 0)
(2.02485 -0.0358274 0)
(2.01908 -0.0523908 0)
(2.00883 -0.0660912 0)
(1.99474 -0.0766139 0)
(1.97764 -0.0841882 0)
(1.95857 -0.0891113 0)
(1.93859 -0.0916129 0)
(1.91864 -0.0918679 0)
(1.89931 -0.0899667 0)
(1.88111 -0.0858579 0)
(1.86447 -0.0794485 0)
(1.84976 -0.0706615 0)
(1.83732 -0.059451 0)
(1.82748 -0.0459431 0)
(1.82044 -0.0304041 0)
(1.81634 -0.0132574 0)
(1.81527 0.00483116 0)
(1.81719 0.022906 0)
(1.82189 0.0400481 0)
(1.82904 0.0554893 0)
(1.83825 0.0685888 0)
(1.84911 0.078866 0)
(1.86123 0.086018 0)
(1.87426 0.0899139 0)
(1.88781 0.0905684 0)
(1.90154 0.0880794 0)
(1.91519 0.0825699 0)
(1.92843 0.074264 0)
(1.94094 0.063521 0)
(1.95233 0.0508172 0)
(1.96211 0.0368013 0)
(1.96984 0.0220807 0)
(1.97522 0.00720426 0)
(1.97806 -0.00728161 0)
(1.97829 -0.0208873 0)
(1.97593 -0.0331949 0)
(1.971 -0.0438547 0)
(1.96366 -0.0525501 0)
(1.95426 -0.0590421 0)
(1.94326 -0.0633363 0)
(1.93118 -0.065552 0)
(1.91851 -0.0658014 0)
(1.90574 -0.0641817 0)
(1.89333 -0.0607935 0)
(1.88167 -0.0557277 0)
(1.8711 -0.0490711 0)
(1.8619 -0.0409151 0)
(1.85432 -0.0313863 0)
(1.84857 -0.0206811 0)
(1.8448 -0.00909411 0)
(1.84311 0.00292625 0)
(1.8435 0.0148622 0)
(1.84586 0.0261852 0)
(1.84998 0.0364015 0)
(2.07929 -0.100091 0)
(2.01544 -0.0851748 0)
(1.95563 -0.072759 0)
(1.90182 -0.0654288 0)
(1.85453 -0.0640418 0)
(1.81324 -0.0680171 0)
(1.77679 -0.0756487 0)
(1.74393 -0.0844536 0)
(1.7136 -0.091759 0)
(1.68528 -0.095312 0)
(1.65907 -0.0936042 0)
(1.63562 -0.0858579 0)
(1.616 -0.0718273 0)
(1.60137 -0.0518349 0)
(1.59244 -0.0266623 0)
(1.58973 0.00226533 0)
(1.59352 0.0330392 0)
(1.60377 0.0636085 0)
(1.62006 0.0920737 0)
(1.64177 0.116816 0)
(1.66819 0.13657 0)
(1.69863 0.150466 0)
(1.73244 0.157982 0)
(1.769 0.158794 0)
(1.80771 0.152661 0)
(1.84769 0.139582 0)
(1.88765 0.120111 0)
(1.92529 0.0958559 0)
(1.95819 0.0689019 0)
(1.98423 0.0412184 0)
(2.00187 0.014468 0)
(2.01044 -0.0101211 0)
(2.00953 -0.0316849 0)
(1.99889 -0.0489133 0)
(1.97983 -0.0609947 0)
(1.95441 -0.0690528 0)
(1.92515 -0.0744383 0)
(1.89436 -0.0782959 0)
(1.86371 -0.081445 0)
(1.83399 -0.0842358 0)
(1.80559 -0.0865344 0)
(1.77869 -0.0879264 0)
(1.75336 -0.0878472 0)
(1.72974 -0.0856983 0)
(1.70808 -0.0809721 0)
(1.68876 -0.0732936 0)
(1.67227 -0.0624292 0)
(1.65916 -0.0483193 0)
(1.64996 -0.0312624 0)
(1.64493 -0.01184 0)
(1.64425 0.00908991 0)
(1.64794 0.0302975 0)
(1.65574 0.05054 0)
(1.66724 0.0687385 0)
(1.682 0.0840737 0)
(1.69953 0.0958959 0)
(1.7193 0.103765 0)
(1.74084 0.107504 0)
(1.7637 0.107052 0)
(1.7874 0.102408 0)
(1.81133 0.0937373 0)
(1.83466 0.0815139 0)
(1.85622 0.0666255 0)
(1.87494 0.0500509 0)
(1.88994 0.0326891 0)
(1.90055 0.015303 0)
(1.90641 -0.00146206 0)
(1.90744 -0.0170703 0)
(1.90359 -0.0310303 0)
(1.89515 -0.0427523 0)
(1.88273 -0.0521601 0)
(1.86717 -0.0595057 0)
(1.8494 -0.0650116 0)
(1.83029 -0.0688461 0)
(1.81058 -0.0710971 0)
(1.7909 -0.0717413 0)
(1.77169 -0.0706871 0)
(1.75335 -0.0678116 0)
(1.73627 -0.0630004 0)
(1.72083 -0.0561871 0)
(1.70741 -0.0473558 0)
(1.69639 -0.036548 0)
(1.68812 -0.0239237 0)
(1.68286 -0.00985876 0)
(1.68078 0.00504362 0)
(1.68188 0.0200238 0)
(1.68604 0.0343225 0)
(1.69301 0.0472567 0)
(1.70249 0.0582364 0)
(1.7141 0.0667841 0)
(1.72739 0.0725817 0)
(1.74196 0.0755253 0)
(1.75741 0.0756161 0)
(1.77338 0.0728916 0)
(1.78942 0.067476 0)
(1.80502 0.0596589 0)
(1.81951 0.0499503 0)
(1.8323 0.0389053 0)
(1.84288 0.0270432 0)
(1.85084 0.0148459 0)
(1.85594 0.00276234 0)
(1.85807 -0.00880077 0)
(1.85719 -0.0194912 0)
(1.8533 -0.0289553 0)
(1.84662 -0.036826 0)
(1.83751 -0.0430214 0)
(1.82646 -0.047593 0)
(1.81402 -0.0505943 0)
(1.80075 -0.0520732 0)
(1.78714 -0.0520843 0)
(1.77366 -0.0506917 0)
(1.76069 -0.0479363 0)
(1.74854 -0.0438437 0)
(1.73753 -0.0384563 0)
(1.72791 -0.0318488 0)
(1.71993 -0.0241271 0)
(1.71382 -0.0154293 0)
(1.70974 -0.00598566 0)
(1.7078 0.00385937 0)
(1.70801 0.0136668 0)
(1.71033 0.0229922 0)
(1.71463 0.0314115 0)
(1.8316 -0.0390616 0)
(1.79239 -0.0316059 0)
(1.75964 -0.027281 0)
(1.73219 -0.0269932 0)
(1.70835 -0.0310052 0)
(1.68645 -0.0385534 0)
(1.6648 -0.0478836 0)
(1.64186 -0.0570468 0)
(1.61718 -0.0642399 0)
(1.59125 -0.0680291 0)
(1.56525 -0.0674871 0)
(1.54059 -0.0622447 0)
(1.51876 -0.0522304 0)
(1.50123 -0.0374724 0)
(1.48937 -0.0184312 0)
(1.48418 0.00372054 0)
(1.48604 0.0275005 0)
(1.49509 0.0512421 0)
(1.51109 0.0733256 0)
(1.53352 0.0923271 0)
(1.56166 0.107054 0)
(1.59464 0.116569 0)
(1.63149 0.120209 0)
(1.67103 0.117668 0)
(1.71181 0.10919 0)
(1.75157 0.0957682 0)
(1.78788 0.0789346 0)
(1.81852 0.0603222 0)
(1.84175 0.0413762 0)
(1.85673 0.0231628 0)
(1.86336 0.00630565 0)
(1.86176 -0.00867343 0)
(1.8526 -0.0205965 0)
(1.83748 -0.0295177 0)
(1.81823 -0.0363318 0)
(1.79666 -0.0417301 0)
(1.77407 -0.0462571 0)
(1.75117 -0.0503339 0)
(1.72828 -0.0541618 0)
(1.70542 -0.0577044 0)
(1.68255 -0.0607352 0)
(1.65971 -0.0628815 0)
(1.63705 -0.0636819 0)
(1.61487 -0.062693 0)
(1.59363 -0.0595582 0)
(1.57392 -0.0540324 0)
(1.55639 -0.0459886 0)
(1.54174 -0.0354288 0)
(1.53067 -0.02246 0)
(1.52382 -0.00745946 0)
(1.52156 0.00881428 0)
(1.52399 0.0253469 0)
(1.53107 0.0411542 0)
(1.54251 0.0553375 0)
(1.55786 0.0671338 0)
(1.57655 0.0759584 0)
(1.59796 0.0814065 0)
(1.62138 0.0832438 0)
(1.64605 0.0814257 0)
(1.6711 0.0761722 0)
(1.69537 0.0680313 0)
(1.71772 0.0577208 0)
(1.73714 0.0459704 0)
(1.7528 0.0334722 0)
(1.76421 0.020814 0)
(1.77115 0.00843593 0)
(1.77364 -0.00332697 0)
(1.77172 -0.0140998 0)
(1.76568 -0.0233698 0)
(1.7561 -0.0311029 0)
(1.74363 -0.0374662 0)
(1.72899 -0.0425892 0)
(1.71277 -0.0465902 0)
(1.69549 -0.0495448 0)
(1.67759 -0.0514489 0)
(1.65947 -0.0522023 0)
(1.64154 -0.0516647 0)
(1.62417 -0.0497075 0)
(1.60774 -0.0462216 0)
(1.59266 -0.0411322 0)
(1.57934 -0.0344291 0)
(1.56819 -0.0261704 0)
(1.55962 -0.0165001 0)
(1.55399 -0.00564542 0)
(1.55155 0.00595098 0)
(1.55239 0.0176567 0)
(1.55649 0.0287911 0)
(1.56368 0.0387862 0)
(1.57366 0.0471536 0)
(1.58604 0.0535122 0)
(1.60036 0.0575997 0)
(1.61609 0.0592695 0)
(1.63271 0.0584941 0)
(1.64966 0.0553968 0)
(1.66623 0.0502753 0)
(1.68169 0.043538 0)
(1.69541 0.0356126 0)
(1.70686 0.0269178 0)
(1.71564 0.0178493 0)
(1.72153 0.00873409 0)
(1.72445 -0.000154534 0)
(1.72437 -0.00854746 0)
(1.72132 -0.0160836 0)
(1.71555 -0.0224811 0)
(1.70745 -0.0277553 0)
(1.69749 -0.0319377 0)
(1.68615 -0.0350491 0)
(1.6739 -0.037113 0)
(1.66116 -0.0381503 0)
(1.6483 -0.0381714 0)
(1.63567 -0.0371732 0)
(1.62355 -0.0351386 0)
(1.61222 -0.0320607 0)
(1.60196 -0.0279628 0)
(1.593 -0.0228947 0)
(1.58561 -0.0169398 0)
(1.57999 -0.0102183 0)
(1.57635 -0.00290261 0)
(1.57483 0.00474649 0)
(1.57549 0.0123565 0)
(1.57833 0.019508 0)
(1.58325 0.0258583 0)
(1.63491 -0.012618 0)
(1.62168 -0.0113367 0)
(1.6116 -0.0111319 0)
(1.60304 -0.0127861 0)
(1.59451 -0.0172433 0)
(1.58405 -0.0234412 0)
(1.57034 -0.0299543 0)
(1.55297 -0.0358497 0)
(1.53236 -0.0402938 0)
(1.50954 -0.0425934 0)
(1.48598 -0.0421863 0)
(1.46333 -0.0387198 0)
(1.44303 -0.032082 0)
(1.42642 -0.0222898 0)
(1.41471 -0.00953798 0)
(1.40895 0.00559979 0)
(1.40984 0.0218934 0)
(1.41759 0.038024 0)
(1.43202 0.0527653 0)
(1.45253 0.0650058 0)
(1.4782 0.073862 0)
(1.50776 0.0787653 0)
(1.53971 0.0795494 0)
(1.57203 0.0765032 0)
(1.6026 0.0703105 0)
(1.62968 0.0617945 0)
(1.6519 0.0517892 0)
(1.6685 0.0410459 0)
(1.67931 0.0301353 0)
(1.6846 0.0194471 0)
(1.68475 0.00934357 0)
(1.68043 0.000435033 0)
(1.67261 -0.00721304 0)
(1.66225 -0.0137985 0)
(1.65019 -0.0193889 0)
(1.63693 -0.024119 0)
(1.62272 -0.0281866 0)
(1.60764 -0.0317659 0)
(1.59165 -0.0349479 0)
(1.57471 -0.0377292 0)
(1.55684 -0.0400047 0)
(1.5382 -0.0415694 0)
(1.51905 -0.0421487 0)
(1.49989 -0.0414587 0)
(1.48125 -0.0392531 0)
(1.46374 -0.0353578 0)
(1.448 -0.0296726 0)
(1.43469 -0.0222084 0)
(1.42446 -0.0130839 0)
(1.41789 -0.00252608 0)
(1.41547 0.00896862 0)
(1.41748 0.0206196 0)
(1.42389 0.0316558 0)
(1.43447 0.0414072 0)
(1.44875 0.0492976 0)
(1.46609 0.0548872 0)
(1.48573 0.0579045 0)
(1.50677 0.0582806 0)
(1.52821 0.0561711 0)
(1.54885 0.0519309 0)
(1.5678 0.0459794 0)
(1.58424 0.0387656 0)
(1.5976 0.0307551 0)
(1.60756 0.0223747 0)
(1.61401 0.0139424 0)
(1.61701 0.00569451 0)
(1.61662 -0.00211767 0)
(1.61303 -0.0090798 0)
(1.60666 -0.0150927 0)
(1.59799 -0.0202187 0)
(1.58748 -0.0245102 0)
(1.57553 -0.0280359 0)
(1.56249 -0.0308536 0)
(1.54864 -0.0329836 0)
(1.53424 -0.0343989 0)
(1.51955 -0.0350154 0)
(1.50488 -0.0347115 0)
(1.49054 -0.0333693 0)
(1.47687 -0.0309001 0)
(1.46425 -0.0272475 0)
(1.45307 -0.0224044 0)
(1.44372 -0.0164308 0)
(1.43657 -0.0094455 0)
(1.43198 -0.00164142 0)
(1.43021 0.00667376 0)
(1.43147 0.0149931 0)
(1.43574 0.0228078 0)
(1.44284 0.0297162 0)
(1.45247 0.035358 0)
(1.46421 0.0394488 0)
(1.47753 0.0418067 0)
(1.49185 0.0423733 0)
(1.50651 0.0412262 0)
(1.52074 0.0385729 0)
(1.53393 0.0346708 0)
(1.54554 0.029794 0)
(1.55517 0.0242325 0)
(1.56253 0.0182619 0)
(1.56749 0.0120994 0)
(1.57003 0.00591598 0)
(1.57014 -0.000100108 0)
(1.56791 -0.00562418 0)
(1.56358 -0.0105102 0)
(1.55748 -0.014763 0)
(1.54995 -0.0183629 0)
(1.54133 -0.0212926 0)
(1.53192 -0.0235439 0)
(1.52199 -0.0251069 0)
(1.51178 -0.0259642 0)
(1.50155 -0.0260896 0)
(1.49151 -0.0254541 0)
(1.48187 -0.0240374 0)
(1.47288 -0.0218345 0)
(1.46476 -0.0188706 0)
(1.45775 -0.0151906 0)
(1.45206 -0.0108675 0)
(1.44789 -0.00600036 0)
(1.44544 -0.000723796 0)
(1.44484 0.00474899 0)
(1.44619 0.0100978 0)
(1.44947 0.0150444 0)
(1.45454 0.0193623 0)
(1.45681 -0.00748068 0)
(1.45312 -0.00777273 0)
(1.45051 -0.00799592 0)
(1.44834 -0.00859924 0)
(1.4457 -0.00982465 0)
(1.44127 -0.0116809 0)
(1.43402 -0.0139351 0)
(1.42367 -0.0162941 0)
(1.41049 -0.0184764 0)
(1.39513 -0.0201867 0)
(1.3784 -0.0210751 0)
(1.36138 -0.0207448 0)
(1.34506 -0.0187869 0)
(1.33039 -0.0149115 0)
(1.31831 -0.00908275 0)
(1.3096 -0.00141759 0)
(1.3051 0.00777369 0)
(1.30548 0.0177609 0)
(1.31082 0.0276638 0)
(1.32082 0.0367731 0)
(1.33481 0.0444165 0)
(1.35183 0.0500701 0)
(1.3707 0.0534275 0)
(1.39008 0.0544329 0)
(1.40875 0.0532374 0)
(1.42579 0.0500605 0)
(1.44047 0.0452005 0)
(1.45238 0.0390489 0)
(1.46131 0.0320649 0)
(1.46728 0.0247205 0)
(1.47039 0.0174154 0)
(1.47077 0.0104429 0)
(1.46866 0.00407691 0)
(1.46443 -0.00144122 0)
(1.45845 -0.00610741 0)
(1.45104 -0.010004 0)
(1.44245 -0.0132623 0)
(1.43289 -0.0160138 0)
(1.4225 -0.0183722 0)
(1.41137 -0.0204159 0)
(1.39955 -0.0221658 0)
(1.38713 -0.0235763 0)
(1.37422 -0.0245384 0)
(1.36102 -0.0248957 0)
(1.34784 -0.0244506 0)
(1.33501 -0.0230133 0)
(1.32295 -0.0204354 0)
(1.31211 -0.0166502 0)
(1.30298 -0.0116726 0)
(1.29604 -0.00560996 0)
(1.29173 0.00133051 0)
(1.29048 0.0088177 0)
(1.29253 0.0163047 0)
(1.29782 0.0233321 0)
(1.30607 0.0294902 0)
(1.31684 0.0344132 0)
(1.32951 0.0378341 0)
(1.34335 0.039613 0)
(1.35755 0.0397549 0)
(1.37132 0.0383992 0)
(1.38405 0.035736 0)
(1.39522 0.0319865 0)
(1.40443 0.027416 0)
(1.41148 0.0222987 0)
(1.41628 0.0168769 0)
(1.41884 0.0113498 0)
(1.41921 0.00591934 0)
(1.41752 0.00084508 0)
(1.414 -0.00375412 0)
(1.40896 -0.00785583 0)
(1.40268 -0.0114382 0)
(1.39541 -0.01451 0)
(1.38735 -0.01709 0)
(1.37865 -0.0191873 0)
(1.36946 -0.0207935 0)
(1.35991 -0.0218766 0)
(1.35014 -0.0223776 0)
(1.34034 -0.0222129 0)
(1.33072 -0.0213009 0)
(1.32152 -0.0195841 0)
(1.31303 -0.0170338 0)
(1.30554 -0.0136593 0)
(1.29935 -0.00951263 0)
(1.29475 -0.00469439 0)
(1.29199 0.000638261 0)
(1.29133 0.00624997 0)
(1.29288 0.011779 0)
(1.29658 0.0169325 0)
(1.30224 0.0214581 0)
(1.30956 0.0251285 0)
(1.31814 0.0277741 0)
(1.3275 0.0292999 0)
(1.33715 0.0296977 0)
(1.34656 0.0290442 0)
(1.35534 0.0274471 0)
(1.36314 0.0250287 0)
(1.36972 0.021942 0)
(1.37488 0.0183502 0)
(1.37855 0.0144104 0)
(1.38071 0.0102589 0)
(1.38134 0.00604818 0)
(1.38051 0.00196099 0)
(1.37835 -0.0018782 0)
(1.37502 -0.00541075 0)
(1.37071 -0.00856498 0)
(1.36558 -0.0112895 0)
(1.35981 -0.0135522 0)
(1.35352 -0.0153283 0)
(1.34689 -0.0165975 0)
(1.34004 -0.0173414 0)
(1.33313 -0.0175366 0)
(1.32632 -0.0171626 0)
(1.31977 -0.0162106 0)
(1.31366 -0.0146867 0)
(1.30816 -0.0126096 0)
(1.30345 -0.0100191 0)
(1.2997 -0.00697639 0)
(1.29705 -0.00356418 0)
(1.29563 0.000106292 0)
(1.29556 0.00386944 0)
(1.29686 0.00750767 0)
(1.29947 0.0108619 0)
(1.30324 0.0137854 0)
(1.16208 -0.00457732 0)
(1.15988 -0.00555615 0)
(1.15787 -0.00592882 0)
(1.15578 -0.00584071 0)
(1.15322 -0.00556678 0)
(1.14979 -0.00545126 0)
(1.14526 -0.00565579 0)
(1.13963 -0.00618378 0)
(1.13304 -0.00695146 0)
(1.12572 -0.00776893 0)
(1.11796 -0.00833645 0)
(1.11012 -0.0082592 0)
(1.10263 -0.00718256 0)
(1.09591 -0.00480263 0)
(1.09054 -0.00106465 0)
(1.08706 0.00387571 0)
(1.08589 0.00971926 0)
(1.08728 0.0160174 0)
(1.09121 0.0223627 0)
(1.0975 0.0283041 0)
(1.10577 0.0334076 0)
(1.11549 0.0373289 0)
(1.12604 0.0398439 0)
(1.13676 0.040841 0)
(1.14712 0.0403168 0)
(1.15666 0.0383726 0)
(1.165 0.0352196 0)
(1.17189 0.0311416 0)
(1.17717 0.026455 0)
(1.1808 0.0214615 0)
(1.18283 0.016431 0)
(1.18336 0.0115897 0)
(1.18254 0.0071201 0)
(1.18058 0.0031329 0)
(1.17771 -0.000336517 0)
(1.17407 -0.00332085 0)
(1.16979 -0.00588756 0)
(1.16495 -0.00809347 0)
(1.15962 -0.0100347 0)
(1.15384 -0.0116909 0)
(1.14763 -0.0130779 0)
(1.14104 -0.0141716 0)
(1.13413 -0.0149027 0)
(1.12701 -0.0151692 0)
(1.11982 -0.0148435 0)
(1.11278 -0.013803 0)
(1.10615 -0.0119607 0)
(1.10023 -0.00929234 0)
(1.09531 -0.0058195 0)
(1.0917 -0.00163717 0)
(1.0897 0.00309352 0)
(1.08952 0.00811489 0)
(1.09122 0.0131229 0)
(1.09472 0.0178591 0)
(1.09983 0.0220589 0)
(1.10626 0.0254898 0)
(1.11363 0.0279816 0)
(1.12153 0.0294375 0)
(1.12953 0.0298301 0)
(1.13726 0.0291926 0)
(1.14439 0.0276093 0)
(1.15069 0.0252083 0)
(1.15596 0.0221567 0)
(1.16007 0.018629 0)
(1.16298 0.0148044 0)
(1.16468 0.0108503 0)
(1.16519 0.00691307 0)
(1.16457 0.00312098 0)
(1.16295 -0.000401369 0)
(1.16044 -0.00358682 0)
(1.15717 -0.00640503 0)
(1.15325 -0.00884027 0)
(1.14877 -0.0108867 0)
(1.14381 -0.0125398 0)
(1.13848 -0.0137879 0)
(1.13285 -0.0146086 0)
(1.12703 -0.014967 0)
(1.12114 -0.0148155 0)
(1.11533 -0.0141078 0)
(1.10977 -0.0128117 0)
(1.10465 -0.0109148 0)
(1.10017 -0.00843259 0)
(1.09653 -0.00541898 0)
(1.09391 -0.00196403 0)
(1.09249 0.00181813 0)
(1.09238 0.00575243 0)
(1.09361 0.009624 0)
(1.09611 0.0132606 0)
(1.09976 0.0164913 0)
(1.10434 0.0191641 0)
(1.10964 0.0211624 0)
(1.11537 0.0224139 0)
(1.12125 0.0228886 0)
(1.12704 0.0225974 0)
(1.1325 0.0215875 0)
(1.13746 0.0199396 0)
(1.14174 0.0177589 0)
(1.14524 0.0151639 0)
(1.14789 0.0122765 0)
(1.14962 0.00921774 0)
(1.15044 0.00609129 0)
(1.15035 0.00299798 0)
(1.1494 5.638e-05 0)
(1.14768 -0.00264573 0)
(1.14526 -0.00506724 0)
(1.14223 -0.0071693 0)
(1.1387 -0.00892123 0)
(1.13477 -0.0103007 0)
(1.13053 -0.0112912 0)
(1.12609 -0.011879 0)
(1.12156 -0.0120492 0)
(1.11706 -0.0117883 0)
(1.11272 -0.0110935 0)
(1.10865 -0.0099715 0)
(1.10499 -0.00844445 0)
(1.10185 -0.00654712 0)
(1.09936 -0.00432666 0)
(1.09761 -0.00184894 0)
(1.09668 0.000794887 0)
(1.09664 0.00349357 0)
(1.09747 0.00610935 0)
(1.09912 0.00853412 0)
(1.1015 0.0106664 0)
(0.780726 -0.00334596 0)
(0.780078 -0.00427878 0)
(0.779289 -0.00458345 0)
(0.778406 -0.0044126 0)
(0.777444 -0.00400315 0)
(0.776351 -0.00362126 0)
(0.775055 -0.00344723 0)
(0.773508 -0.00356137 0)
(0.771666 -0.00392467 0)
(0.769543 -0.00438806 0)
(0.767173 -0.00470753 0)
(0.764685 -0.00459254 0)
(0.762265 -0.00375329 0)
(0.760175 -0.0020279 0)
(0.758789 0.000684938 0)
(0.75844 0.00427301 0)
(0.759318 0.00855629 0)
(0.761578 0.0132665 0)
(0.765271 0.018071 0)
(0.770342 0.0226295 0)
(0.776638 0.0266267 0)
(0.783916 0.0298042 0)
(0.791876 0.0319615 0)
(0.800193 0.0329644 0)
(0.808535 0.0327653 0)
(0.816591 0.0314212 0)
(0.824079 0.0290771 0)
(0.830762 0.0259391 0)
(0.836466 0.0222505 0)
(0.841085 0.0182655 0)
(0.844579 0.0142202 0)
(0.846967 0.0103163 0)
(0.848323 0.00670275 0)
(0.848738 0.0034828 0)
(0.848343 0.000684743 0)
(0.847246 -0.00171147 0)
(0.84557 -0.00371966 0)
(0.843428 -0.00539836 0)
(0.840878 -0.006813 0)
(0.837968 -0.00800294 0)
(0.834746 -0.00897705 0)
(0.831252 -0.00971173 0)
(0.827541 -0.0101557 0)
(0.823673 -0.0102345 0)
(0.819751 -0.0098656 0)
(0.815936 -0.00897222 0)
(0.812387 -0.00749666 0)
(0.80928 -0.00541877 0)
(0.806839 -0.0027664 0)
(0.805284 0.000386157 0)
(0.804785 0.00389041 0)
(0.805434 0.00758403 0)
(0.807267 0.0112759 0)
(0.810252 0.0147649 0)
(0.814293 0.0178606 0)
(0.819232 0.0203972 0)
(0.824865 0.0222486 0)
(0.830953 0.0233355 0)
(0.837249 0.0236229 0)
(0.843494 0.0231267 0)
(0.849469 0.0219112 0)
(0.854969 0.0200767 0)
(0.859828 0.0177443 0)
(0.863923 0.0150492 0)
(0.867176 0.0121299 0)
(0.86955 0.00911277 0)
(0.871045 0.00610823 0)
(0.871679 0.00322036 0)
(0.871502 0.000526029 0)
(0.870594 -0.00191995 0)
(0.869056 -0.00407411 0)
(0.866973 -0.00592898 0)
(0.864422 -0.00748087 0)
(0.861482 -0.00872309 0)
(0.858229 -0.00964401 0)
(0.854743 -0.0102252 0)
(0.851109 -0.0104426 0)
(0.847423 -0.0102685 0)
(0.84381 -0.00967699 0)
(0.840394 -0.00864708 0)
(0.837319 -0.00718033 0)
(0.834714 -0.00529485 0)
(0.83271 -0.00302296 0)
(0.831458 -0.000424825 0)
(0.831082 0.0023821 0)
(0.831624 0.00526878 0)
(0.833092 0.00811235 0)
(0.835452 0.0107799 0)
(0.838627 0.0131458 0)
(0.8425 0.0151009 0)
(0.846921 0.016561 0)
(0.851717 0.0174729 0)
(0.856704 0.0178127 0)
(0.861692 0.0175859 0)
(0.866507 0.0168296 0)
(0.870993 0.0156038 0)
(0.875014 0.0139839 0)
(0.878464 0.0120563 0)
(0.881266 0.0099088 0)
(0.883366 0.00763367 0)
(0.884742 0.00530622 0)
(0.885395 0.00300445 0)
(0.88536 0.000799343 0)
(0.884676 -0.00124135 0)
(0.883403 -0.00306927 0)
(0.881624 -0.00465777 0)
(0.879413 -0.00598307 0)
(0.876851 -0.00702617 0)
(0.874024 -0.0077726 0)
(0.871017 -0.00821118 0)
(0.867922 -0.00833331 0)
(0.864839 -0.00813151 0)
(0.861867 -0.00760547 0)
(0.859103 -0.00676451 0)
(0.856644 -0.00562497 0)
(0.854589 -0.00421517 0)
(0.853025 -0.00257153 0)
(0.85202 -0.00074366 0)
(0.851642 0.00119941 0)
(0.851921 0.00316353 0)
(0.852851 0.00506502 0)
(0.854394 0.00682692 0)
(0.856491 0.00837384 0)
(0.4142 -0.00284936 0)
(0.413755 -0.00349131 0)
(0.413248 -0.00361883 0)
(0.41279 -0.00341664 0)
(0.412474 -0.00307346 0)
(0.412301 -0.00277468 0)
(0.412189 -0.00266714 0)
(0.41205 -0.00274932 0)
(0.411789 -0.00297619 0)
(0.411337 -0.00324373 0)
(0.410678 -0.00336653 0)
(0.409905 -0.00314379 0)
(0.409178 -0.00239204 0)
(0.408741 -0.000996003 0)
(0.408882 0.00110962 0)
(0.409868 0.00376594 0)
(0.411976 0.00686786 0)
(0.415361 0.0102229 0)
(0.420089 0.0135992 0)
(0.426136 0.0167602 0)
(0.433398 0.0194807 0)
(0.441676 0.0216108 0)
(0.450692 0.0230032 0)
(0.460137 0.0235774 0)
(0.46967 0.0233238 0)
(0.478948 0.0222996 0)
(0.487665 0.0206163 0)
(0.495576 0.0184142 0)
(0.502498 0.0158589 0)
(0.508331 0.0131168 0)
(0.513029 0.0103449 0)
(0.516606 0.00767131 0)
(0.519158 0.00517775 0)
(0.520786 0.00292974 0)
(0.521582 0.000954577 0)
(0.521675 -0.000788268 0)
(0.521195 -0.00228717 0)
(0.520228 -0.00355497 0)
(0.518844 -0.00462836 0)
(0.517095 -0.00552109 0)
(0.515035 -0.00622814 0)
(0.512721 -0.00673174 0)
(0.510225 -0.00700387 0)
(0.507615 -0.00699158 0)
(0.505015 -0.00664361 0)
(0.502562 -0.00592341 0)
(0.500413 -0.00480871 0)
(0.498727 -0.0032685 0)
(0.497694 -0.00132988 0)
(0.497464 0.000932167 0)
(0.498172 0.00339444 0)
(0.499919 0.00597705 0)
(0.502725 0.00854213 0)
(0.506559 0.0109496 0)
(0.511341 0.0130705 0)
(0.516936 0.0147944 0)
(0.523165 0.0160386 0)
(0.52982 0.016752 0)
(0.536672 0.0169167 0)
(0.543482 0.0165463 0)
(0.550045 0.0156794 0)
(0.55617 0.0143798 0)
(0.561692 0.0127339 0)
(0.566488 0.0108341 0)
(0.570475 0.00877472 0)
(0.573603 0.00664593 0)
(0.575883 0.00451398 0)
(0.577333 0.00245011 0)
(0.577989 0.000517653 0)
(0.577914 -0.00125566 0)
(0.5772 -0.00282505 0)
(0.575935 -0.00416941 0)
(0.574202 -0.00528626 0)
(0.572084 -0.0061713 0)
(0.569665 -0.00681694 0)
(0.567035 -0.00720791 0)
(0.564291 -0.00732582 0)
(0.561537 -0.00715688 0)
(0.558884 -0.00669113 0)
(0.556448 -0.00592316 0)
(0.554355 -0.00485775 0)
(0.552731 -0.00349885 0)
(0.551705 -0.00186814 0)
(0.551367 -2.08551e-05 0)
(0.551793 0.00193876 0)
(0.553047 0.0039478 0)
(0.555132 0.00592354 0)
(0.558012 0.00777138 0)
(0.561618 0.00940507 0)
(0.565846 0.0107518 0)
(0.570565 0.0117555 0)
(0.575622 0.0123806 0)
(0.580852 0.0126118 0)
(0.586081 0.012453 0)
(0.591154 0.0119285 0)
(0.595925 0.0110779 0)
(0.600273 0.00994975 0)
(0.604093 0.00860309 0)
(0.607309 0.00710139 0)
(0.609873 0.00550648 0)
(0.611762 0.00388292 0)
(0.612979 0.00228377 0)
(0.613552 0.000748776 0)
(0.613504 -0.000697158 0)
(0.612891 -0.00199075 0)
(0.611796 -0.00310773 0)
(0.61029 -0.00403686 0)
(0.60845 -0.00476613 0)
(0.606359 -0.00528419 0)
(0.604103 -0.00558191 0)
(0.601772 -0.00565426 0)
(0.599455 -0.00549921 0)
(0.597246 -0.00512159 0)
(0.595236 -0.0045263 0)
(0.593512 -0.00372034 0)
(0.592161 -0.00272914 0)
(0.59125 -0.00158216 0)
(0.590841 -0.000312746 0)
(0.590984 0.00102007 0)
(0.591704 0.00236386 0)
(0.592992 0.00366798 0)
(0.594815 0.00487464 0)
(0.597121 0.0059312 0)
(0.145481 -0.00285006 0)
(0.144658 -0.00336065 0)
(0.143701 -0.00353392 0)
(0.142787 -0.00350286 0)
(0.142008 -0.00335168 0)
(0.141373 -0.00318378 0)
(0.140842 -0.00306898 0)
(0.140329 -0.00305427 0)
(0.139774 -0.00312648 0)
(0.139121 -0.00320648 0)
(0.138402 -0.00321399 0)
(0.137689 -0.00301554 0)
(0.137172 -0.00252683 0)
(0.137068 -0.00164916 0)
(0.137571 -0.000385592 0)
(0.138963 0.00128972 0)
(0.141534 0.00318083 0)
(0.145396 0.00520699 0)
(0.150579 0.0072376 0)
(0.15705 0.00913237 0)
(0.164734 0.0107096 0)
(0.173409 0.012019 0)
(0.182764 0.0128883 0)
(0.192503 0.0132721 0)
(0.2023 0.0131659 0)
(0.211826 0.0126036 0)
(0.220794 0.0116486 0)
(0.228962 0.01038 0)
(0.236152 0.00888493 0)
(0.242265 0.00725495 0)
(0.24725 0.00559047 0)
(0.251123 0.0039759 0)
(0.253941 0.00247288 0)
(0.255814 0.00109901 0)
(0.256828 -0.000132115 0)
(0.2571 -0.00119142 0)
(0.256741 -0.00209886 0)
(0.255851 -0.00286789 0)
(0.254518 -0.0035142 0)
(0.252811 -0.00404315 0)
(0.250801 -0.00446361 0)
(0.248566 -0.00476963 0)
(0.246202 -0.00493147 0)
(0.243793 -0.00491464 0)
(0.241468 -0.00470126 0)
(0.239365 -0.00426814 0)
(0.237646 -0.00359107 0)
(0.23645 -0.00266508 0)
(0.23593 -0.00151085 0)
(0.236194 -0.000156537 0)
(0.237395 0.00137521 0)
(0.239638 0.00294884 0)
(0.242894 0.00448655 0)
(0.247129 0.00591707 0)
(0.252259 0.00717175 0)
(0.258148 0.00819313 0)
(0.264616 0.00893783 0)
(0.271461 0.00937753 0)
(0.278463 0.00949983 0)
(0.285398 0.00930641 0)
(0.292058 0.00881889 0)
(0.298265 0.00807759 0)
(0.303864 0.00713439 0)
(0.308738 0.00604169 0)
(0.312806 0.00484846 0)
(0.316014 0.0036034 0)
(0.318351 0.00235495 0)
(0.319862 0.0011372 0)
(0.320582 -2.82881e-05 0)
(0.320552 -0.00110186 0)
(0.31986 -0.00204541 0)
(0.318598 -0.0028599 0)
(0.316857 -0.00354281 0)
(0.314735 -0.00408722 0)
(0.312326 -0.00448354 0)
(0.309728 -0.00472691 0)
(0.307047 -0.00481369 0)
(0.304397 -0.00473423 0)
(0.301891 -0.00447608 0)
(0.299654 -0.00403457 0)
(0.297805 -0.00340469 0)
(0.296449 -0.00259716 0)
(0.295685 -0.00163836 0)
(0.295593 -0.000554831 0)
(0.296255 0.000632532 0)
(0.297735 0.00185068 0)
(0.300012 0.00303236 0)
(0.303042 0.00412968 0)
(0.306756 0.00509648 0)
(0.311056 0.00589335 0)
(0.315813 0.00649204 0)
(0.320881 0.00687513 0)
(0.326104 0.00703396 0)
(0.33132 0.00696887 0)
(0.336376 0.00668881 0)
(0.341135 0.00621511 0)
(0.345481 0.00557866 0)
(0.349315 0.00481625 0)
(0.352564 0.00396261 0)
(0.355182 0.00305123 0)
(0.357146 0.00211412 0)
(0.358453 0.00118437 0)
(0.359124 0.000283507 0)
(0.359191 -0.000584453 0)
(0.358713 -0.00135564 0)
(0.357758 -0.00202172 0)
(0.356401 -0.00257768 0)
(0.35472 -0.00301395 0)
(0.352796 -0.00332536 0)
(0.350717 -0.00351061 0)
(0.348575 -0.00356705 0)
(0.346463 -0.0034908 0)
(0.344475 -0.0032804 0)
(0.342694 -0.00293617 0)
(0.341203 -0.0024714 0)
(0.340076 -0.00189983 0)
(0.339378 -0.00123479 0)
(0.339157 -0.000489081 0)
(0.339461 0.000311868 0)
(0.340314 0.0011203 0)
(0.341696 0.00189398 0)
(0.343575 0.00260516 0)
(0.3459 0.00322815 0)
(0.0164081 -0.00146655 0)
(0.0141789 -0.00167864 0)
(0.0116499 -0.00178357 0)
(0.00903295 -0.00180943 0)
(0.00643001 -0.00178117 0)
(0.00389262 -0.00174395 0)
(0.00141227 -0.00172211 0)
(-0.00104638 -0.00173883 0)
(-0.00352801 -0.0017671 0)
(-0.00607669 -0.00179772 0)
(-0.00867068 -0.0017897 0)
(-0.0112132 -0.00171707 0)
(-0.0135263 -0.00153802 0)
(-0.015389 -0.00123742 0)
(-0.0165242 -0.000805064 0)
(-0.0167784 -0.000182427 0)
(-0.0159183 0.000466885 0)
(-0.0137441 0.00117303 0)
(-0.0102608 0.00185766 0)
(-0.00549459 0.00249392 0)
(0.000591693 0.00299107 0)
(0.00775168 0.00344252 0)
(0.0155855 0.00374363 0)
(0.0238944 0.00388712 0)
(0.0323536 0.00387526 0)
(0.0406463 0.0037108 0)
(0.048496 0.00341301 0)
(0.055656 0.00300431 0)
(0.06193 0.00252371 0)
(0.067184 0.00200501 0)
(0.071357 0.00147712 0)
(0.0744488 0.000959965 0)
(0.0764993 0.00046829 0)
(0.0775824 1.26725e-05 0)
(0.0778248 -0.000421694 0)
(0.0773305 -0.00079103 0)
(0.0761713 -0.00110222 0)
(0.0744312 -0.00136446 0)
(0.0721924 -0.00158582 0)
(0.0695289 -0.00177206 0)
(0.0665152 -0.00192161 0)
(0.0632275 -0.00202842 0)
(0.059756 -0.00208588 0)
(0.0562038 -0.00208807 0)
(0.0526985 -0.00202291 0)
(0.0493868 -0.00187825 0)
(0.0464372 -0.00164989 0)
(0.0440159 -0.00134423 0)
(0.0422883 -0.000962079 0)
(0.0414166 -0.0005061 0)
(0.0414495 5.08468e-05 0)
(0.0424289 0.000589105 0)
(0.0444426 0.00110206 0)
(0.047463 0.00157681 0)
(0.0514072 0.00199355 0)
(0.0561444 0.00233438 0)
(0.0615092 0.00258506 0)
(0.0673086 0.00273733 0)
(0.0733382 0.00278695 0)
(0.0793869 0.00273738 0)
(0.0852492 0.00259598 0)
(0.0907405 0.00237278 0)
(0.0957016 0.00208097 0)
(0.100007 0.00173719 0)
(0.10357 0.00135796 0)
(0.106335 0.000957185 0)
(0.108273 0.000556692 0)
(0.109382 0.000164699 0)
(0.109721 -0.000234906 0)
(0.109349 -0.000599083 0)
(0.108315 -0.000913314 0)
(0.106683 -0.0011833 0)
(0.104534 -0.00141019 0)
(0.101953 -0.0015944 0)
(0.0990298 -0.00173531 0)
(0.0958612 -0.00182821 0)
(0.092551 -0.0018678 0)
(0.0892089 -0.00185025 0)
(0.0859528 -0.00177299 0)
(0.0829087 -0.00163363 0)
(0.0802052 -0.00143447 0)
(0.0779692 -0.00118018 0)
(0.0763153 -0.00087175 0)
(0.0753493 -0.000519949 0)
(0.0751064 -0.000103906 0)
(0.0756055 0.000311555 0)
(0.076883 0.00070015 0)
(0.0789253 0.00105872 0)
(0.0816707 0.00137469 0)
(0.0850251 0.00163696 0)
(0.0888701 0.00183636 0)
(0.0930701 0.00196717 0)
(0.0974807 0.00202661 0)
(0.101954 0.00201488 0)
(0.106343 0.00193621 0)
(0.110509 0.00179767 0)
(0.114332 0.00160822 0)
(0.117714 0.00137767 0)
(0.120577 0.00111568 0)
(0.122865 0.000833312 0)
(0.124549 0.000538905 0)
(0.125616 0.000243144 0)
(0.12607 -4.74052e-05 0)
(0.125962 -0.000333541 0)
(0.125339 -0.000581628 0)
(0.124236 -0.000794903 0)
(0.122718 -0.000972492 0)
(0.120855 -0.00111411 0)
(0.118729 -0.00121826 0)
(0.116419 -0.00128155 0)
(0.114011 -0.00130295 0)
(0.11159 -0.00128174 0)
(0.109248 -0.00121697 0)
(0.107074 -0.00111225 0)
(0.105156 -0.000968826 0)
(0.103572 -0.000786617 0)
(0.102397 -0.000574009 0)
(0.101696 -0.000335809 0)
(0.101488 -6.30373e-05 0)
(0.101779 0.00021102 0)
(0.102582 0.000464405 0)
(0.103883 0.000695036 0)
(0.105637 0.000895496 0)
(2.32479 -0.23448 0)
(2.33413 -0.284653 0)
(2.34158 -0.322847 0)
(2.40109 -0.242185 0)
(2.4039 -0.289424 0)
(2.40272 -0.324532 0)
(2.39824 -0.346743 0)
(2.39124 -0.357705 0)
(2.38065 -0.358578 0)
(2.36668 -0.348912 0)
(2.35057 -0.329413 0)
(2.33422 -0.302063 0)
(2.3203 -0.268324 0)
(2.3093 -0.229008 0)
(2.3022 -0.18471 0)
(2.29878 -0.135948 0)
(2.29872 -0.0830795 0)
(2.30163 -0.0267688 0)
(2.30684 0.0311225 0)
(2.31333 0.0874298 0)
(2.32016 0.13978 0)
(2.32664 0.186293 0)
(2.33242 0.225201 0)
(2.33756 0.255 0)
(2.34222 0.274767 0)
(2.34568 0.28487 0)
(2.34744 0.287667 0)
(2.34774 0.285091 0)
(2.34725 0.270327 0)
(2.34714 0.247024 0)
(2.34723 0.216912 0)
(2.34793 0.18137 0)
(2.34888 0.141169 0)
(2.35003 0.0971914 0)
(2.35122 0.0504447 0)
(2.35243 0.00233798 0)
(2.35359 -0.0447153 0)
(2.35447 -0.089013 0)
(2.35479 -0.129074 0)
(2.35439 -0.163648 0)
(2.35337 -0.191615 0)
(2.35231 -0.211878 0)
(2.35177 -0.223878 0)
(2.35147 -0.228821 0)
(2.35071 -0.229427 0)
(2.34811 -0.223738 0)
(2.34502 -0.209154 0)
(2.34175 -0.187994 0)
(2.33834 -0.161124 0)
(2.33484 -0.129567 0)
(2.33152 -0.0942375 0)
(2.32868 -0.0561083 0)
(2.32634 -0.0164947 0)
(2.32437 0.0226716 0)
(2.32271 0.0599652 0)
(2.3214 0.0940741 0)
(2.32058 0.123809 0)
(2.3204 0.148066 0)
(2.32101 0.166106 0)
(2.32229 0.177727 0)
(2.32366 0.183585 0)
(2.32496 0.185202 0)
(2.32668 0.182658 0)
(2.32887 0.172836 0)
(2.33098 0.157139 0)
(2.33274 0.136412 0)
(2.33426 0.111526 0)
(2.33543 0.0833393 0)
(2.3361 0.0527254 0)
(2.33626 0.0207754 0)
(2.33574 -0.0110215 0)
(2.33413 -0.0414898 0)
(2.33205 -0.0696671 0)
(2.3297 -0.0946484 0)
(2.32741 -0.115634 0)
(2.32553 -0.131798 0)
(2.32429 -0.142674 0)
(2.32385 -0.148516 0)
(2.32382 -0.150404 0)
(2.32395 -0.14988 0)
(2.32416 -0.143099 0)
(2.32435 -0.131068 0)
(2.32446 -0.114643 0)
(2.32446 -0.0944685 0)
(2.32428 -0.0712441 0)
(2.32385 -0.0456807 0)
(2.32301 -0.0186452 0)
(2.32159 0.00849841 0)
(2.31966 0.0345852 0)
(2.31743 0.0586375 0)
(2.31516 0.0797071 0)
(2.31308 0.0969811 0)
(2.31142 0.109899 0)
(2.31035 0.118318 0)
(2.30982 0.122608 0)
(2.30963 0.123836 0)
(2.30988 0.123032 0)
(2.31072 0.117368 0)
(2.31192 0.107671 0)
(2.31321 0.0945164 0)
(2.31449 0.0783885 0)
(2.31568 0.0598342 0)
(2.31659 0.0393981 0)
(2.31712 0.0177265 0)
(2.3172 -0.00416914 0)
(2.31683 -0.0253212 0)
(2.31598 -0.0449334 0)
(2.3147 -0.0622813 0)
(2.31313 -0.0767364 0)
(2.31153 -0.0877329 0)
(2.31012 -0.0950478 0)
(2.30907 -0.0989565 0)
(2.30846 -0.100254 0)
(2.30804 -0.0998769 0)
(2.30766 -0.0955881 0)
(2.30745 -0.0878597 0)
(2.3074 -0.0772451 0)
(2.30744 -0.0641315 0)
(2.3075 -0.0489414 0)
(2.30748 -0.0320884 0)
(2.30729 -0.0141132 0)
(2.30679 0.0040773 0)
(2.30598 0.0215822 0)
(2.30495 0.0377239 0)
(2.30378 0.0518594 0)
(2.44987 -0.244018 0)
(2.44611 -0.285611 0)
(2.43748 -0.316333 0)
(2.42306 -0.336024 0)
(2.4027 -0.34359 0)
(2.37696 -0.339235 0)
(2.34685 -0.325554 0)
(2.31536 -0.304771 0)
(2.28587 -0.278973 0)
(2.26079 -0.249006 0)
(2.24133 -0.214634 0)
(2.22764 -0.175483 0)
(2.21932 -0.131461 0)
(2.21582 -0.0827524 0)
(2.21661 -0.0299596 0)
(2.22101 0.0253347 0)
(2.22806 0.0801409 0)
(2.23689 0.131728 0)
(2.24692 0.177835 0)
(2.25772 0.216528 0)
(2.26884 0.246395 0)
(2.27963 0.267086 0)
(2.28914 0.279455 0)
(2.2979 0.284446 0)
(2.30686 0.280958 0)
(2.31571 0.266962 0)
(2.32328 0.244005 0)
(2.32985 0.213965 0)
(2.3359 0.178317 0)
(2.34138 0.138049 0)
(2.34661 0.0940865 0)
(2.35184 0.0475271 0)
(2.35648 6.38804e-05 0)
(2.35978 -0.0461929 0)
(2.36143 -0.0894826 0)
(2.36194 -0.128862 0)
(2.36146 -0.162632 0)
(2.3594 -0.190161 0)
(2.35584 -0.210542 0)
(2.35161 -0.222921 0)
(2.3462 -0.227482 0)
(2.33859 -0.226253 0)
(2.32737 -0.217215 0)
(2.31311 -0.201182 0)
(2.29911 -0.179568 0)
(2.2865 -0.153017 0)
(2.276 -0.122297 0)
(2.2681 -0.0882361 0)
(2.26289 -0.0516168 0)
(2.2602 -0.0134504 0)
(2.25959 0.0245294 0)
(2.26049 0.0608009 0)
(2.26262 0.093981 0)
(2.26581 0.122804 0)
(2.26992 0.146215 0)
(2.27469 0.163596 0)
(2.27966 0.175019 0)
(2.28429 0.181257 0)
(2.28914 0.182851 0)
(2.29451 0.179005 0)
(2.30042 0.169289 0)
(2.30622 0.154011 0)
(2.31142 0.133838 0)
(2.31591 0.109565 0)
(2.31955 0.0820617 0)
(2.32218 0.0521897 0)
(2.32369 0.0209693 0)
(2.32415 -0.0101222 0)
(2.32371 -0.0400222 0)
(2.3225 -0.0678636 0)
(2.3206 -0.0927818 0)
(2.31808 -0.113794 0)
(2.31505 -0.130213 0)
(2.31177 -0.141711 0)
(2.30866 -0.148246 0)
(2.30525 -0.150066 0)
(2.30114 -0.149089 0)
(2.29597 -0.141932 0)
(2.29072 -0.129741 0)
(2.28598 -0.113326 0)
(2.28204 -0.0932476 0)
(2.27906 -0.0701001 0)
(2.2771 -0.0444843 0)
(2.27606 -0.0171982 0)
(2.2757 0.0103187 0)
(2.2757 0.0366638 0)
(2.27594 0.0607536 0)
(2.27645 0.0816507 0)
(2.27726 0.0985365 0)
(2.27839 0.110896 0)
(2.27972 0.118747 0)
(2.28097 0.122692 0)
(2.28236 0.123638 0)
(2.28416 0.122077 0)
(2.28675 0.115909 0)
(2.2897 0.105998 0)
(2.29264 0.0928024 0)
(2.29542 0.0767901 0)
(2.2979 0.058467 0)
(2.2999 0.0383672 0)
(2.30127 0.017115 0)
(2.30184 -0.00426374 0)
(2.30154 -0.0248445 0)
(2.30036 -0.0438841 0)
(2.29838 -0.0607011 0)
(2.29574 -0.0747538 0)
(2.29263 -0.0856408 0)
(2.28942 -0.0931979 0)
(2.28655 -0.0976352 0)
(2.28378 -0.0993587 0)
(2.28091 -0.0986887 0)
(2.27784 -0.0944543 0)
(2.27494 -0.0869543 0)
(2.27252 -0.0766035 0)
(2.27069 -0.0637596 0)
(2.2695 -0.0487902 0)
(2.26898 -0.0320636 0)
(2.26908 -0.0140496 0)
(2.26964 0.00437357 0)
(2.2704 0.022181 0)
(2.27121 0.0386054 0)
(2.27204 0.0529108 0)
(2.47076 -0.241132 0)
(2.46182 -0.276983 0)
(2.44335 -0.301207 0)
(2.41475 -0.311973 0)
(2.37704 -0.310894 0)
(2.33304 -0.301182 0)
(2.28693 -0.285753 0)
(2.2431 -0.267031 0)
(2.20407 -0.246064 0)
(2.17135 -0.222431 0)
(2.14563 -0.194646 0)
(2.12712 -0.161776 0)
(2.11517 -0.123516 0)
(2.109 -0.0799526 0)
(2.10804 -0.0317235 0)
(2.11172 0.0197036 0)
(2.11928 0.0715198 0)
(2.12992 0.12075 0)
(2.14306 0.165129 0)
(2.15802 0.20276 0)
(2.17404 0.232406 0)
(2.19022 0.25363 0)
(2.20596 0.26667 0)
(2.22188 0.271503 0)
(2.23806 0.267439 0)
(2.25406 0.254213 0)
(2.26924 0.232581 0)
(2.28331 0.203794 0)
(2.29634 0.169135 0)
(2.30836 0.129685 0)
(2.31937 0.0864708 0)
(2.32914 0.0408162 0)
(2.33715 -0.00522567 0)
(2.34304 -0.0498529 0)
(2.34653 -0.0916251 0)
(2.34722 -0.129067 0)
(2.34481 -0.160684 0)
(2.33893 -0.18547 0)
(2.32855 -0.203116 0)
(2.31321 -0.213073 0)
(2.29404 -0.214844 0)
(2.27206 -0.209406 0)
(2.24885 -0.197956 0)
(2.22666 -0.181709 0)
(2.20706 -0.161642 0)
(2.19073 -0.137966 0)
(2.17798 -0.110795 0)
(2.16892 -0.0804749 0)
(2.16349 -0.0474619 0)
(2.16145 -0.0124619 0)
(2.16238 0.023097 0)
(2.16574 0.0574312 0)
(2.17113 0.0890677 0)
(2.17816 0.116685 0)
(2.18639 0.139285 0)
(2.1953 0.156335 0)
(2.20432 0.167855 0)
(2.21328 0.174216 0)
(2.22257 0.1754 0)
(2.23201 0.171166 0)
(2.24158 0.161409 0)
(2.25084 0.146455 0)
(2.25941 0.126938 0)
(2.26702 0.10359 0)
(2.27346 0.0772045 0)
(2.27859 0.0486036 0)
(2.28225 0.0187639 0)
(2.28428 -0.0110046 0)
(2.28458 -0.0396597 0)
(2.28309 -0.066229 0)
(2.27974 -0.0897838 0)
(2.27458 -0.109549 0)
(2.26786 -0.124944 0)
(2.25987 -0.135713 0)
(2.25078 -0.141816 0)
(2.24077 -0.143213 0)
(2.23008 -0.140121 0)
(2.21898 -0.132643 0)
(2.20854 -0.121055 0)
(2.19952 -0.105796 0)
(2.19225 -0.0872916 0)
(2.18698 -0.0659682 0)
(2.18383 -0.0422879 0)
(2.18283 -0.0168499 0)
(2.18381 0.00932296 0)
(2.18635 0.0347056 0)
(2.19006 0.0581221 0)
(2.19465 0.0785253 0)
(2.19981 0.0951152 0)
(2.2052 0.107456 0)
(2.21043 0.115616 0)
(2.21525 0.120065 0)
(2.22003 0.121068 0)
(2.22499 0.118382 0)
(2.2303 0.111928 0)
(2.23559 0.101935 0)
(2.24059 0.0888585 0)
(2.24514 0.0731761 0)
(2.24905 0.0553817 0)
(2.25215 0.0360117 0)
(2.25421 0.0157387 0)
(2.25502 -0.00448132 0)
(2.2545 -0.0238787 0)
(2.25269 -0.0417874 0)
(2.2497 -0.0576228 0)
(2.2457 -0.0709172 0)
(2.24098 -0.0813419 0)
(2.23585 -0.0887691 0)
(2.23056 -0.0932721 0)
(2.22501 -0.0949399 0)
(2.21919 -0.0937206 0)
(2.21322 -0.0895299 0)
(2.20749 -0.0824594 0)
(2.20237 -0.0727957 0)
(2.19811 -0.0608512 0)
(2.19486 -0.0469336 0)
(2.1928 -0.0313525 0)
(2.19202 -0.0144734 0)
(2.19252 0.00307096 0)
(2.19413 0.020262 0)
(2.19662 0.0362616 0)
(2.19978 0.0503092 0)
(2.46858 -0.233637 0)
(2.44785 -0.258132 0)
(2.41165 -0.268596 0)
(2.36371 -0.267917 0)
(2.30714 -0.259592 0)
(2.2474 -0.247169 0)
(2.19011 -0.233599 0)
(2.13815 -0.219846 0)
(2.09344 -0.205546 0)
(2.05672 -0.189485 0)
(2.02789 -0.169669 0)
(2.00665 -0.144196 0)
(1.99259 -0.112694 0)
(1.98476 -0.0751651 0)
(1.98261 -0.0323829 0)
(1.98578 0.0141127 0)
(1.99372 0.0618361 0)
(2.0057 0.107632 0)
(2.02106 0.149301 0)
(2.03909 0.185034 0)
(2.05893 0.213595 0)
(2.07982 0.234358 0)
(2.1014 0.247083 0)
(2.12378 0.25152 0)
(2.14649 0.247423 0)
(2.16906 0.234784 0)
(2.19092 0.214133 0)
(2.21158 0.186483 0)
(2.23088 0.153004 0)
(2.24883 0.114796 0)
(2.26528 0.0730012 0)
(2.27963 0.0292781 0)
(2.29093 -0.0141891 0)
(2.29833 -0.0556963 0)
(2.301 -0.0936572 0)
(2.29825 -0.126663 0)
(2.28949 -0.153499 0)
(2.27393 -0.173214 0)
(2.25197 -0.184751 0)
(2.22497 -0.188651 0)
(2.19483 -0.186605 0)
(2.16401 -0.180275 0)
(2.13496 -0.1706 0)
(2.10907 -0.157899 0)
(2.08714 -0.142033 0)
(2.06951 -0.122578 0)
(2.05632 -0.0995421 0)
(2.04734 -0.0731534 0)
(2.04235 -0.0438394 0)
(2.04114 -0.0123157 0)
(2.04338 0.0201797 0)
(2.04861 0.0518607 0)
(2.05638 0.0812798 0)
(2.06623 0.107197 0)
(2.07762 0.128676 0)
(2.08997 0.145169 0)
(2.10277 0.156505 0)
(2.11589 0.162703 0)
(2.12938 0.163669 0)
(2.14286 0.159359 0)
(2.15619 0.149888 0)
(2.16897 0.135607 0)
(2.18082 0.117095 0)
(2.19146 0.0950119 0)
(2.20068 0.0700767 0)
(2.20823 0.0430761 0)
(2.21374 0.0150883 0)
(2.21686 -0.0125939 0)
(2.21738 -0.0389915 0)
(2.21517 -0.0631939 0)
(2.21022 -0.0844085 0)
(2.20263 -0.101977 0)
(2.19253 -0.115434 0)
(2.18016 -0.124471 0)
(2.16603 -0.128993 0)
(2.15093 -0.129404 0)
(2.13549 -0.126295 0)
(2.12046 -0.119638 0)
(2.1067 -0.109541 0)
(2.09479 -0.0962577 0)
(2.08509 -0.0800155 0)
(2.07779 -0.0610972 0)
(2.07305 -0.0398834 0)
(2.07093 -0.0168873 0)
(2.07143 0.00703203 0)
(2.07432 0.0305293 0)
(2.07928 0.0524501 0)
(2.08587 0.0718063 0)
(2.09362 0.0878238 0)
(2.10199 0.100055 0)
(2.1105 0.108411 0)
(2.11898 0.113023 0)
(2.12757 0.113967 0)
(2.13611 0.1113 0)
(2.14454 0.105029 0)
(2.1526 0.0954164 0)
(2.16006 0.0829172 0)
(2.1667 0.0680062 0)
(2.17236 0.0511783 0)
(2.17684 0.0329706 0)
(2.17987 0.014079 0)
(2.18126 -0.0046384 0)
(2.18098 -0.0225416 0)
(2.17906 -0.0390446 0)
(2.17562 -0.0536402 0)
(2.17085 -0.0659212 0)
(2.16498 -0.0755985 0)
(2.15822 -0.0825121 0)
(2.15069 -0.0865902 0)
(2.14257 -0.0878542 0)
(2.13414 -0.0864527 0)
(2.12564 -0.0824093 0)
(2.11749 -0.0758257 0)
(2.11006 -0.066944 0)
(2.10364 -0.056021 0)
(2.09845 -0.0433128 0)
(2.09467 -0.0290952 0)
(2.09246 -0.0137089 0)
(2.09193 0.00229117 0)
(2.09307 0.0180625 0)
(2.09574 0.0328721 0)
(2.09968 0.0460394 0)
(2.4207 -0.213604 0)
(2.37934 -0.220225 0)
(2.32327 -0.21576 0)
(2.25723 -0.205048 0)
(2.18769 -0.192595 0)
(2.12097 -0.181906 0)
(2.06031 -0.174071 0)
(2.00766 -0.168281 0)
(1.96363 -0.162761 0)
(1.92779 -0.155303 0)
(1.89924 -0.143553 0)
(1.87741 -0.125559 0)
(1.86219 -0.1008 0)
(1.85298 -0.0694492 0)
(1.84951 -0.0324076 0)
(1.85168 0.00867496 0)
(1.85928 0.0514838 0)
(1.87172 0.0930859 0)
(1.88834 0.131222 0)
(1.90843 0.164208 0)
(1.93125 0.190786 0)
(1.95611 0.210145 0)
(1.98261 0.221794 0)
(2.01035 0.225442 0)
(2.03861 0.221039 0)
(2.06691 0.20876 0)
(2.09469 0.189096 0)
(2.12153 0.162856 0)
(2.14723 0.130912 0)
(2.17141 0.0942944 0)
(2.19301 0.0546793 0)
(2.21043 0.0144076 0)
(2.22243 -0.0245226 0)
(2.228 -0.0602975 0)
(2.22634 -0.0915846 0)
(2.21648 -0.117387 0)
(2.19782 -0.136321 0)
(2.17141 -0.14783 0)
(2.13915 -0.153214 0)
(2.10381 -0.154154 0)
(2.0686 -0.152079 0)
(2.03548 -0.147845 0)
(2.00559 -0.141561 0)
(1.97954 -0.132914 0)
(1.95757 -0.121439 0)
(1.93979 -0.106572 0)
(1.92632 -0.0880551 0)
(1.91709 -0.0660277 0)
(1.91189 -0.040838 0)
(1.91061 -0.0131952 0)
(1.91308 0.0157793 0)
(1.91896 0.044445 0)
(1.92781 0.0712929 0)
(1.93916 0.0951655 0)
(1.9525 0.115163 0)
(1.96726 0.130686 0)
(1.98302 0.141403 0)
(1.99954 0.147154 0)
(2.01653 0.147877 0)
(2.03355 0.143658 0)
(2.05033 0.134674 0)
(2.06649 0.121264 0)
(2.0817 0.103938 0)
(2.0957 0.0832752 0)
(2.10809 0.0599904 0)
(2.11826 0.0351076 0)
(2.12552 0.00983349 0)
(2.12945 -0.0148468 0)
(2.12978 -0.038024 0)
(2.12638 -0.0589077 0)
(2.11919 -0.0768547 0)
(2.10829 -0.0913442 0)
(2.09411 -0.101975 0)
(2.07751 -0.108689 0)
(2.05943 -0.111849 0)
(2.04083 -0.111858 0)
(2.02257 -0.109011 0)
(2.00528 -0.103386 0)
(1.98956 -0.0949923 0)
(1.97587 -0.0838465 0)
(1.9646 -0.0700558 0)
(1.95592 -0.0537815 0)
(1.94995 -0.0353309 0)
(1.94683 -0.0152015 0)
(1.9466 0.00585437 0)
(1.94916 0.0267183 0)
(1.95423 0.0463663 0)
(1.96143 0.0639305 0)
(1.9703 0.0787063 0)
(1.98032 0.0902145 0)
(1.99107 0.0982189 0)
(2.00229 0.10265 0)
(2.0138 0.103528 0)
(2.02528 0.100947 0)
(2.03652 0.0950373 0)
(2.04726 0.086065 0)
(2.05722 0.0744345 0)
(2.06619 0.0605889 0)
(2.07395 0.0450037 0)
(2.08016 0.0282823 0)
(2.08451 0.0111873 0)
(2.08681 -0.00565942 0)
(2.08701 -0.0216847 0)
(2.08512 -0.0363692 0)
(2.08125 -0.0492688 0)
(2.07552 -0.0600352 0)
(2.0681 -0.068407 0)
(2.05921 -0.0742015 0)
(2.04922 -0.0773706 0)
(2.03857 -0.078054 0)
(2.02762 -0.0764148 0)
(2.01679 -0.0725412 0)
(2.00649 -0.0665608 0)
(1.99714 -0.0586489 0)
(1.98905 -0.0489831 0)
(1.98244 -0.0377514 0)
(1.97748 -0.0251845 0)
(1.97432 -0.0116004 0)
(1.97309 0.00249882 0)
(1.97381 0.0164243 0)
(1.97634 0.0295717 0)
(1.98046 0.0413724 0)
)
;

boundaryField
{
    inlet
    {
        type            fixedValue;
        value           nonuniform List<vector> 0();
    }
    outlet
    {
        type            zeroGradient;
    }
    topWall
    {
        type            noSlip;
    }
    lowerWall
    {
        type            noSlip;
    }
    leadingEdge
    {
        type            noSlip;
    }
    trailingEdge
    {
        type            noSlip;
    }
    upperSurface
    {
        type            noSlip;
    }
    lowerSurface
    {
        type            noSlip;
    }
    frontAndBack
    {
        type            empty;
    }
    procBoundary6to1
    {
        type            processor;
        value           uniform (2.31376 -0.174099 0);
    }
    procBoundary6to2
    {
        type            processor;
        value           nonuniform List<vector> 
123
(
(2.22493 -0.221427 0)
(2.24032 -0.27209 0)
(2.25568 -0.311257 0)
(2.34701 -0.347888 0)
(2.34701 -0.347888 0)
(2.35021 -0.360606 0)
(2.35101 -0.363704 0)
(2.34858 -0.357273 0)
(2.3454 -0.337527 0)
(2.34324 -0.309479 0)
(2.34176 -0.274202 0)
(2.34167 -0.232926 0)
(2.3425 -0.186426 0)
(2.3451 -0.135315 0)
(2.3498 -0.080204 0)
(2.35593 -0.0218887 0)
(2.36264 0.0370723 0)
(2.36904 0.0937024 0)
(2.37431 0.145304 0)
(2.37765 0.190127 0)
(2.37853 0.227241 0)
(2.3775 0.255654 0)
(2.375 0.274836 0)
(2.37271 0.284842 0)
(2.36985 0.287221 0)
(2.36349 0.282496 0)
(2.35469 0.267081 0)
(2.34508 0.244121 0)
(2.33746 0.214651 0)
(2.32978 0.179565 0)
(2.32347 0.139873 0)
(2.31949 0.0965426 0)
(2.31751 0.0504508 0)
(2.31731 0.00293359 0)
(2.31834 -0.0438429 0)
(2.32007 -0.088198 0)
(2.32218 -0.128659 0)
(2.3246 -0.163566 0)
(2.32745 -0.191491 0)
(2.33068 -0.211389 0)
(2.33364 -0.223189 0)
(2.33582 -0.228308 0)
(2.3373 -0.229124 0)
(2.33858 -0.223933 0)
(2.3398 -0.209082 0)
(2.34084 -0.187657 0)
(2.34182 -0.160781 0)
(2.34279 -0.129401 0)
(2.34362 -0.0943672 0)
(2.34381 -0.0566107 0)
(2.34356 -0.0174312 0)
(2.34266 0.0212391 0)
(2.34124 0.0581289 0)
(2.33955 0.092088 0)
(2.33782 0.122005 0)
(2.3363 0.146818 0)
(2.33524 0.165617 0)
(2.33479 0.17795 0)
(2.33485 0.184071 0)
(2.33509 0.185625 0)
(2.3352 0.183987 0)
(2.33515 0.174369 0)
(2.3348 0.158723 0)
(2.33414 0.137895 0)
(2.33323 0.112752 0)
(2.33207 0.0841807 0)
(2.33065 0.0530267 0)
(2.3289 0.0202348 0)
(2.32668 -0.0125036 0)
(2.32416 -0.043774 0)
(2.32157 -0.0723977 0)
(2.31918 -0.0973993 0)
(2.31729 -0.117877 0)
(2.31613 -0.133246 0)
(2.31577 -0.143374 0)
(2.31591 -0.148631 0)
(2.31633 -0.150197 0)
(2.31726 -0.148862 0)
(2.31891 -0.14174 0)
(2.32077 -0.129637 0)
(2.32251 -0.113271 0)
(2.32407 -0.0932965 0)
(2.32538 -0.0704124 0)
(2.32628 -0.0453452 0)
(2.32668 -0.018924 0)
(2.32654 0.00756529 0)
(2.32581 0.0330258 0)
(2.32433 0.05658 0)
(2.32218 0.0774441 0)
(2.31991 0.0948959 0)
(2.31776 0.108287 0)
(2.31622 0.117319 0)
(2.31531 0.122191 0)
(2.31489 0.123798 0)
(2.31472 0.123479 0)
(2.31464 0.118284 0)
(2.31469 0.10873 0)
(2.31485 0.095598 0)
(2.31503 0.079355 0)
(2.31515 0.0605342 0)
(2.31511 0.0396886 0)
(2.31478 0.0175107 0)
(2.314 -0.00488294 0)
(2.31279 -0.0264425 0)
(2.31125 -0.0463525 0)
(2.30954 -0.0638259 0)
(2.30786 -0.0781826 0)
(2.3064 -0.08893 0)
(2.30531 -0.0959288 0)
(2.30463 -0.0994486 0)
(2.30424 -0.100447 0)
(2.30416 -0.0998327 0)
(2.30443 -0.095139 0)
(2.30504 -0.087203 0)
(2.30584 -0.0765087 0)
(2.30672 -0.0634373 0)
(2.3076 -0.0484212 0)
(2.30835 -0.0318817 0)
(2.30886 -0.0143104 0)
(2.30904 0.00351508 0)
(2.3089 0.0207645 0)
(2.30843 0.0367611 0)
(2.30767 0.050846 0)
)
;
    }
    procBoundary6to5
    {
        type            processor;
        value           nonuniform List<vector> 
16
(
(2.34525 -0.168574 0)
(2.14268 -0.113297 0)
(1.87717 -0.0483313 0)
(1.65249 -0.0142835 0)
(1.65249 -0.0142835 0)
(1.46197 -0.00656895 0)
(1.16472 -0.00282466 0)
(0.78125 -0.00146976 0)
(0.414443 -0.00156831 0)
(0.145926 -0.00188798 0)
(0.0180935 -0.00111707 0)
(2.39414 -0.184361 0)
(2.44743 -0.192116 0)
(2.47075 -0.195986 0)
(2.4732 -0.197757 0)
(2.44466 -0.191994 0)
)
;
    }
    procBoundary6to7
    {
        type            processor;
        value           nonuniform List<vector> 
15
(
(1.85564 0.045091 0)
(1.72073 0.0385335 0)
(1.59007 0.0311209 0)
(1.4612 0.0228436 0)
(1.30798 0.0161485 0)
(1.10448 0.0124141 0)
(0.859061 0.00963979 0)
(0.599837 0.00679327 0)
(0.3486 0.00373895 0)
(0.107782 0.00106047 0)
(2.30259 0.0634326 0)
(2.27289 0.0644881 0)
(2.20337 0.0617931 0)
(2.10455 0.0570099 0)
(1.98585 0.0513502 0)
)
;
    }
}


// ************************************************************************* //
