/*--------------------------------*- C++ -*----------------------------------*\
| =========                 |                                                 |
| \\      /  F ield         | OpenFOAM: The Open Source CFD Toolbox           |
|  \\    /   O peration     | Version:  2206                                  |
|   \\  /    A nd           | Website:  www.openfoam.com                      |
|    \\/     M anipulation  |                                                 |
\*---------------------------------------------------------------------------*/
FoamFile
{
    version     2.0;
    format      ascii;
    arch        "LSB;label=32;scalar=64";
    class       surfaceScalarField;
    location    "19.5999";
    object      phi;
}
// * * * * * * * * * * * * * * * * * * * * * * * * * * * * * * * * * * * * * //

dimensions      [0 3 -1 0 0 0 0];

oriented        oriented;

internalField   nonuniform List<scalar> 
3480
(
4.43322e-06
1.40788e-09
-1.82385e-09
4.43447e-06
4.23139e-09
-5.48305e-09
4.43651e-06
6.95773e-09
-9.00009e-09
4.43926e-06
9.51333e-09
-1.22683e-08
4.44264e-06
1.18524e-08
-1.52283e-08
4.44655e-06
1.39595e-08
-1.78696e-08
4.45092e-06
1.58388e-08
-2.02076e-08
4.45568e-06
1.7502e-08
-2.22639e-08
4.46078e-06
1.89644e-08
-2.40614e-08
4.46616e-06
2.02435e-08
-2.56258e-08
4.47179e-06
2.13593e-08
-2.69851e-08
4.47762e-06
2.23316e-08
-2.81666e-08
4.48364e-06
2.31794e-08
-2.9195e-08
4.48981e-06
2.39191e-08
-3.00921e-08
4.49612e-06
2.45654e-08
-3.0876e-08
4.50255e-06
2.51303e-08
-3.15618e-08
4.50909e-06
2.56242e-08
-3.21619e-08
4.51572e-06
2.60553e-08
-3.26866e-08
4.52243e-06
2.64309e-08
-3.31443e-08
4.52922e-06
2.67564e-08
-3.35416e-08
4.53607e-06
2.70364e-08
-3.38839e-08
4.54297e-06
2.72742e-08
-3.41752e-08
4.54991e-06
2.74727e-08
-3.44185e-08
4.5569e-06
2.76335e-08
-3.4616e-08
4.56391e-06
2.77581e-08
-3.4769e-08
4.57094e-06
2.78472e-08
-3.48784e-08
4.57798e-06
2.79011e-08
-3.49443e-08
4.58503e-06
2.792e-08
-3.49667e-08
4.59207e-06
2.79037e-08
-3.49454e-08
4.5991e-06
2.78518e-08
-3.48799e-08
4.6061e-06
2.77641e-08
-3.47695e-08
4.61308e-06
2.76398e-08
-3.46132e-08
4.62001e-06
2.74786e-08
-3.44101e-08
4.62689e-06
2.72803e-08
-3.41599e-08
4.63371e-06
2.70449e-08
-3.38627e-08
4.64045e-06
2.6773e-08
-3.35191e-08
4.64712e-06
2.64653e-08
-3.313e-08
4.65369e-06
2.61228e-08
-3.26968e-08
4.66017e-06
2.57469e-08
-3.22211e-08
4.66653e-06
2.5339e-08
-3.17047e-08
4.67278e-06
2.4901e-08
-3.115e-08
4.6789e-06
2.44348e-08
-3.05596e-08
4.6849e-06
2.39429e-08
-2.99362e-08
4.69075e-06
2.34271e-08
-2.92829e-08
4.69647e-06
2.28902e-08
-2.86026e-08
4.70203e-06
2.2334e-08
-2.78979e-08
4.70744e-06
2.17614e-08
-2.7172e-08
4.71269e-06
2.11741e-08
-2.64278e-08
4.71779e-06
2.05749e-08
-2.56684e-08
4.72272e-06
1.99654e-08
-2.48965e-08
4.72749e-06
1.93478e-08
-2.41146e-08
4.73209e-06
1.87227e-08
-2.33242e-08
4.73652e-06
1.80909e-08
-2.25257e-08
4.74079e-06
1.74515e-08
-2.17185e-08
4.74489e-06
1.68042e-08
-2.09016e-08
4.74881e-06
1.61467e-08
-2.00729e-08
4.75256e-06
1.54776e-08
-1.92298e-08
4.75614e-06
1.47924e-08
-1.83681e-08
4.75953e-06
1.40883e-08
-1.74827e-08
4.76274e-06
1.3358e-08
-1.65671e-08
4.76576e-06
1.25971e-08
-1.56128e-08
4.76858e-06
1.17945e-08
-1.46102e-08
4.77118e-06
1.09437e-08
-1.35465e-08
4.77356e-06
1.00287e-08
-1.24081e-08
4.7757e-06
9.03987e-09
-1.11774e-08
4.77758e-06
7.95546e-09
-9.83583e-09
4.77917e-06
6.764e-09
-8.36002e-09
4.78046e-06
5.43608e-09
-6.72855e-09
4.78141e-06
3.96491e-09
-4.90901e-09
4.78197e-06
2.30367e-09
-2.86136e-09
4.78209e-06
4.20284e-10
-5.46563e-10
4.78173e-06
-1.72887e-09
2.09129e-09
4.78081e-06
-4.19167e-09
5.1065e-09
4.77927e-06
-7.02711e-09
8.56942e-09
4.77701e-06
-1.03039e-08
1.25616e-08
4.77394e-06
-1.41044e-08
1.71806e-08
4.76992e-06
-1.85285e-08
2.25441e-08
4.76483e-06
-2.36965e-08
2.8793e-08
4.75848e-06
-2.97542e-08
3.60976e-08
4.7507e-06
-3.68789e-08
4.46637e-08
4.74124e-06
-4.52876e-08
5.47419e-08
4.72985e-06
-5.5247e-08
6.66388e-08
4.71621e-06
-6.70869e-08
8.07317e-08
4.69994e-06
-8.12174e-08
9.7487e-08
4.68061e-06
-9.8151e-08
1.17484e-07
4.65769e-06
-1.18532e-07
1.41445e-07
4.63059e-06
-1.43175e-07
1.7028e-07
4.59857e-06
-1.73118e-07
2.05137e-07
4.56078e-06
-2.09692e-07
2.47479e-07
4.51621e-06
-2.54617e-07
2.99183e-07
4.46366e-06
-3.10127e-07
3.62678e-07
4.40168e-06
-3.79158e-07
4.4114e-07
4.32852e-06
-4.65584e-07
5.38744e-07
4.24198e-06
-5.74585e-07
6.61124e-07
4.13926e-06
-7.13097e-07
8.15817e-07
4.01608e-06
-8.90763e-07
1.01395e-06
3.86644e-06
-1.12022e-06
1.26986e-06
3.67505e-06
-1.42111e-06
1.6125e-06
3.42038e-06
-1.81356e-06
2.06823e-06
2.9801e-06
-2.3471e-06
2.78738e-06
2.21503e-06
-2.99248e-06
3.75755e-06
-4.2623e-06
6.47733e-06
4.43318e-06
1.02849e-09
4.43432e-06
3.09053e-09
4.43619e-06
5.0878e-09
4.43873e-06
6.97081e-09
4.44188e-06
8.70677e-09
4.44556e-06
1.02816e-08
4.4497e-06
1.16944e-08
4.45425e-06
1.2951e-08
4.45916e-06
1.40606e-08
4.46436e-06
1.5035e-08
4.46984e-06
1.58875e-08
4.47554e-06
1.66322e-08
4.48143e-06
1.72822e-08
4.4875e-06
1.78499e-08
4.49372e-06
1.83458e-08
4.50007e-06
1.87791e-08
4.50654e-06
1.91578e-08
4.51311e-06
1.94881e-08
4.51976e-06
1.97756e-08
4.52649e-06
2.00246e-08
4.53329e-06
2.02386e-08
4.54014e-06
2.04204e-08
4.54705e-06
2.05719e-08
4.55398e-06
2.06949e-08
4.56095e-06
2.07902e-08
4.56794e-06
2.08586e-08
4.57494e-06
2.09005e-08
4.58194e-06
2.09161e-08
4.58894e-06
2.09049e-08
4.59593e-06
2.08672e-08
4.60289e-06
2.08027e-08
4.60982e-06
2.0711e-08
4.61671e-06
2.05919e-08
4.62354e-06
2.04453e-08
4.63031e-06
2.02713e-08
4.63702e-06
2.00703e-08
4.64364e-06
1.98428e-08
4.65017e-06
1.95897e-08
4.65661e-06
1.93119e-08
4.66294e-06
1.90107e-08
4.66915e-06
1.86872e-08
4.67524e-06
1.83431e-08
4.6812e-06
1.79799e-08
4.68703e-06
1.75994e-08
4.69272e-06
1.72033e-08
4.69826e-06
1.67932e-08
4.70365e-06
1.63711e-08
4.70889e-06
1.59385e-08
4.71396e-06
1.54972e-08
4.71888e-06
1.50485e-08
4.72363e-06
1.45937e-08
4.72822e-06
1.41335e-08
4.73265e-06
1.36683e-08
4.7369e-06
1.31977e-08
4.74098e-06
1.27213e-08
4.74489e-06
1.22377e-08
4.74862e-06
1.17453e-08
4.75217e-06
1.12414e-08
4.75554e-06
1.07232e-08
4.75871e-06
1.01859e-08
4.76168e-06
9.62549e-09
4.76444e-06
9.03434e-09
4.76698e-06
8.40696e-09
4.76928e-06
7.73139e-09
4.77132e-06
7.00071e-09
4.77308e-06
6.19637e-09
4.77453e-06
5.31045e-09
4.77565e-06
4.3168e-09
4.7764e-06
3.21636e-09
4.77672e-06
1.98317e-09
4.77656e-06
5.73921e-10
4.77587e-06
-1.0358e-09
4.77456e-06
-2.88519e-09
4.77256e-06
-5.02076e-09
4.76975e-06
-7.49528e-09
4.76602e-06
-1.03727e-08
4.76122e-06
-1.3731e-08
4.75519e-06
-1.76648e-08
4.74772e-06
-2.22892e-08
4.73859e-06
-2.77442e-08
4.7275e-06
-3.42022e-08
4.71413e-06
-4.1876e-08
4.69808e-06
-5.10297e-08
4.67885e-06
-6.19934e-08
4.65588e-06
-7.51813e-08
4.62847e-06
-9.11169e-08
4.59576e-06
-1.10466e-07
4.55672e-06
-1.34079e-07
4.51008e-06
-1.63053e-07
4.45427e-06
-1.98809e-07
4.38734e-06
-2.43197e-07
4.30683e-06
-2.98642e-07
4.20957e-06
-3.68329e-07
4.09143e-06
-4.56448e-07
3.94683e-06
-5.68497e-07
3.76772e-06
-7.11651e-07
3.54245e-06
-8.94946e-07
3.25119e-06
-1.12986e-06
2.86671e-06
-1.42908e-06
2.3252e-06
-1.80559e-06
1.60445e-06
-2.27173e-06
-2.65785e-06
4.43315e-06
6.73501e-10
4.43422e-06
2.02356e-09
4.43598e-06
3.33378e-09
4.43837e-06
4.57359e-09
4.44136e-06
5.722e-09
4.44487e-06
6.76882e-09
4.44885e-06
7.7118e-09
4.45325e-06
8.55341e-09
4.45801e-06
9.29893e-09
4.46309e-06
9.95539e-09
4.46845e-06
1.05311e-08
4.47405e-06
1.10347e-08
4.47985e-06
1.14749e-08
4.48584e-06
1.18596e-08
4.49199e-06
1.21958e-08
4.49828e-06
1.24896e-08
4.50469e-06
1.27463e-08
4.51121e-06
1.29703e-08
4.51782e-06
1.31653e-08
4.52451e-06
1.33341e-08
4.53127e-06
1.34794e-08
4.53809e-06
1.36028e-08
4.54496e-06
1.37059e-08
4.55186e-06
1.37897e-08
4.5588e-06
1.38551e-08
4.56575e-06
1.39024e-08
4.57272e-06
1.3932e-08
4.57969e-06
1.39443e-08
4.58666e-06
1.39383e-08
4.59361e-06
1.39151e-08
4.60054e-06
1.3874e-08
4.60744e-06
1.3815e-08
4.61429e-06
1.37379e-08
4.62109e-06
1.36429e-08
4.62783e-06
1.35297e-08
4.63451e-06
1.33991e-08
4.6411e-06
1.32509e-08
4.6476e-06
1.30862e-08
4.65401e-06
1.29052e-08
4.66031e-06
1.27092e-08
4.6665e-06
1.24986e-08
4.67257e-06
1.22749e-08
4.67851e-06
1.20386e-08
4.68431e-06
1.17916e-08
4.68998e-06
1.15344e-08
4.69551e-06
1.12687e-08
4.70088e-06
1.09952e-08
4.70611e-06
1.07157e-08
4.71117e-06
1.04305e-08
4.71608e-06
1.01414e-08
4.72083e-06
9.84829e-09
4.72541e-06
9.55286e-09
4.72982e-06
9.25405e-09
4.73407e-06
8.95333e-09
4.73814e-06
8.64853e-09
4.74204e-06
8.34096e-09
4.74575e-06
8.02721e-09
4.74929e-06
7.70824e-09
4.75263e-06
7.37939e-09
4.75578e-06
7.04058e-09
4.75871e-06
6.68629e-09
4.76143e-06
6.31438e-09
4.76392e-06
5.91857e-09
4.76616e-06
5.49418e-09
4.76813e-06
5.03304e-09
4.7698e-06
4.52773e-09
4.77114e-06
3.9651e-09
4.77212e-06
3.33464e-09
4.77272e-06
2.61569e-09
4.77287e-06
1.8417e-09
4.7725e-06
9.40633e-10
4.77155e-06
-8.95799e-11
4.76995e-06
-1.27868e-09
4.76758e-06
-2.65826e-09
4.76435e-06
-4.26277e-09
4.76011e-06
-6.13513e-09
4.75471e-06
-8.32842e-09
4.74795e-06
-1.09074e-08
4.73962e-06
-1.39505e-08
4.72943e-06
-1.75541e-08
4.71706e-06
-2.18369e-08
4.70213e-06
-2.69459e-08
4.68416e-06
-3.30645e-08
4.66259e-06
-4.04226e-08
4.63672e-06
-4.93098e-08
4.6057e-06
-6.00938e-08
4.56848e-06
-7.32433e-08
4.52376e-06
-8.93603e-08
4.46993e-06
-1.09221e-07
4.40495e-06
-1.33835e-07
4.32627e-06
-1.64514e-07
4.2306e-06
-2.02973e-07
4.11372e-06
-2.51446e-07
3.9701e-06
-3.12829e-07
3.79242e-06
-3.90823e-07
3.5708e-06
-4.90027e-07
3.2917e-06
-6.15849e-07
2.93579e-06
-7.73947e-07
2.4751e-06
-9.68388e-07
1.86559e-06
-1.19608e-06
1.03747e-06
-1.4436e-06
-1.62039e-06
4.43314e-06
4.43416e-06
4.43584e-06
4.43815e-06
4.44103e-06
2.839e-09
4.44444e-06
3.36172e-09
4.44832e-06
3.83374e-09
4.45262e-06
4.2559e-09
4.45728e-06
4.63057e-09
4.46228e-06
4.96105e-09
4.46756e-06
5.2513e-09
4.47309e-06
5.50556e-09
4.47883e-06
5.72802e-09
4.48477e-06
5.9226e-09
4.49087e-06
6.0928e-09
4.49712e-06
6.24169e-09
4.5035e-06
6.37194e-09
4.50998e-06
6.48575e-09
4.51656e-06
6.585e-09
4.52322e-06
6.67121e-09
4.52996e-06
6.74561e-09
4.53675e-06
6.80917e-09
4.5436e-06
6.86263e-09
4.55048e-06
6.90655e-09
4.55739e-06
6.94132e-09
4.56433e-06
6.96725e-09
4.57128e-06
6.98439e-09
4.57823e-06
6.99314e-09
4.58517e-06
6.99265e-09
4.5921e-06
6.98408e-09
4.59901e-06
6.96624e-09
4.60589e-06
6.94026e-09
4.61272e-06
6.90522e-09
4.6195e-06
6.86159e-09
4.62622e-06
6.80902e-09
4.63287e-06
6.74826e-09
4.63944e-06
6.67887e-09
4.64593e-06
6.60191e-09
4.65232e-06
6.51687e-09
4.6586e-06
6.42524e-09
4.66477e-06
6.32632e-09
4.67082e-06
6.22197e-09
4.67675e-06
6.11141e-09
4.68255e-06
5.9967e-09
4.6882e-06
5.87701e-09
4.69372e-06
5.75451e-09
4.69909e-06
5.62833e-09
4.7043e-06
5.50066e-09
4.70936e-06
5.37052e-09
4.71426e-06
5.24018e-09
4.719e-06
5.10824e-09
4.72358e-06
4.9772e-09
4.72799e-06
4.84486e-09
4.73223e-06
4.71414e-09
4.73629e-06
4.5817e-09
4.74018e-06
4.45104e-09
4.74389e-06
4.31766e-09
4.74741e-06
4.18536e-09
4.75075e-06
4.0487e-09
4.75387e-06
3.91133e-09
4.75679e-06
3.76711e-09
4.75949e-06
3.61887e-09
4.76195e-06
3.46039e-09
4.76415e-06
3.29272e-09
4.76607e-06
3.10942e-09
4.76769e-06
2.91107e-09
4.76897e-06
2.68602e-09
4.76986e-06
2.44198e-09
4.77035e-06
2.13174e-09
4.77037e-06
1.81427e-09
4.76987e-06
1.44712e-09
4.76875e-06
1.02336e-09
4.76695e-06
5.25804e-10
4.76435e-06
-5.94713e-11
4.76083e-06
-7.47835e-10
4.75626e-06
-1.55956e-09
4.75045e-06
-2.52037e-09
4.74321e-06
-3.66182e-09
4.73428e-06
-5.02232e-09
4.72337e-06
-6.64925e-09
4.71014e-06
-8.60127e-09
4.69414e-06
-1.09515e-08
4.67487e-06
-1.37916e-08
4.65168e-06
-1.72369e-08
4.62381e-06
-2.14336e-08
4.59028e-06
-2.65681e-08
4.54992e-06
-3.28789e-08
4.50123e-06
-4.06731e-08
4.44236e-06
-5.03487e-08
4.37095e-06
-6.24229e-08
4.284e-06
-7.757e-08
4.1777e-06
-9.66681e-08
4.04711e-06
-1.20857e-07
3.88588e-06
-1.516e-07
3.68579e-06
-1.90735e-07
3.43624e-06
-2.4048e-07
3.12371e-06
-3.03317e-07
2.73132e-06
-3.81555e-07
2.23917e-06
-4.76241e-07
1.62756e-06
-5.84463e-07
8.80369e-07
-6.96414e-07
-7.40017e-07
4.44088e-06
4.44423e-06
4.44806e-06
4.45231e-06
4.45693e-06
4.46188e-06
4.46712e-06
4.47262e-06
4.47834e-06
4.48425e-06
4.49033e-06
4.49655e-06
4.50291e-06
4.50938e-06
4.51594e-06
4.52259e-06
4.52931e-06
4.53609e-06
4.54292e-06
4.5498e-06
4.5567e-06
4.56362e-06
4.57056e-06
4.5775e-06
4.58444e-06
4.59136e-06
4.59826e-06
4.60512e-06
4.61194e-06
4.61871e-06
4.62542e-06
4.63207e-06
4.63863e-06
4.6451e-06
4.65148e-06
4.65776e-06
4.66392e-06
4.66997e-06
4.67589e-06
4.68168e-06
4.68733e-06
4.69284e-06
4.69821e-06
4.70342e-06
4.70848e-06
4.71338e-06
4.71811e-06
4.72269e-06
4.7271e-06
4.73134e-06
4.7354e-06
4.73929e-06
4.743e-06
4.74652e-06
4.74984e-06
4.75297e-06
4.75588e-06
4.75857e-06
4.76101e-06
4.7632e-06
4.76511e-06
4.76671e-06
4.76796e-06
4.76885e-06
4.76928e-06
4.76923e-06
4.76864e-06
4.76745e-06
4.76556e-06
4.76285e-06
4.75921e-06
4.75448e-06
4.74848e-06
4.741e-06
4.7318e-06
4.72055e-06
4.70689e-06
4.69038e-06
4.67047e-06
4.64649e-06
4.61762e-06
4.58285e-06
4.54092e-06
4.49024e-06
4.42882e-06
4.35415e-06
4.26303e-06
4.15133e-06
4.01382e-06
3.84375e-06
3.63254e-06
3.36937e-06
3.04095e-06
2.6317e-06
2.12507e-06
1.5076e-06
7.75836e-07
4.38961e-06
4.31913e-08
4.32861e-06
6.09963e-08
4.26319e-06
6.54192e-08
4.19521e-06
6.79822e-08
4.12497e-06
7.02437e-08
4.05284e-06
7.21232e-08
3.97982e-06
7.30197e-08
3.90614e-06
7.36845e-08
3.83213e-06
7.40089e-08
3.75797e-06
7.41564e-08
3.68379e-06
7.41857e-08
3.60969e-06
7.4096e-08
3.53583e-06
7.38639e-08
3.46229e-06
7.35387e-08
3.38912e-06
7.31705e-08
3.31636e-06
7.2762e-08
3.24405e-06
7.2307e-08
3.17225e-06
7.18011e-08
3.10101e-06
7.12437e-08
3.03037e-06
7.06351e-08
2.96039e-06
6.998e-08
2.89111e-06
6.92824e-08
2.82257e-06
6.85395e-08
2.75481e-06
6.77627e-08
2.68787e-06
6.69348e-08
2.62179e-06
6.60791e-08
2.55657e-06
6.52265e-08
2.49214e-06
6.44227e-08
2.42865e-06
6.34948e-08
2.36631e-06
6.23409e-08
2.30525e-06
6.10548e-08
2.24558e-06
5.96765e-08
2.18736e-06
5.82117e-08
2.1307e-06
5.66653e-08
2.07566e-06
5.50435e-08
2.0223e-06
5.33519e-08
1.97071e-06
5.15955e-08
1.92093e-06
4.97773e-08
1.87303e-06
4.79042e-08
1.82704e-06
4.59858e-08
1.78301e-06
4.40333e-08
1.74095e-06
4.20549e-08
1.7009e-06
4.00577e-08
1.66288e-06
3.80153e-08
1.62691e-06
3.59705e-08
1.59293e-06
3.39785e-08
1.56091e-06
3.20181e-08
1.53082e-06
3.0088e-08
1.50263e-06
2.81983e-08
1.47628e-06
2.63439e-08
1.45175e-06
2.45366e-08
1.42897e-06
2.27806e-08
1.40788e-06
2.10857e-08
1.38842e-06
1.94548e-08
1.37053e-06
1.78933e-08
1.35413e-06
1.63969e-08
1.33917e-06
1.49682e-08
1.32557e-06
1.35974e-08
1.31328e-06
1.22924e-08
1.30224e-06
1.10379e-08
1.29241e-06
9.82861e-09
1.28376e-06
8.65038e-09
1.27626e-06
7.49961e-09
1.2699e-06
6.35873e-09
1.26468e-06
5.22416e-09
1.26061e-06
4.06387e-09
1.25773e-06
2.88842e-09
1.25612e-06
1.60447e-09
1.25588e-06
2.41193e-10
1.25712e-06
-1.23557e-09
1.26002e-06
-2.90914e-09
1.26476e-06
-4.73538e-09
1.27141e-06
-6.65515e-09
1.28022e-06
-8.80367e-09
1.2913e-06
-1.10809e-08
1.30507e-06
-1.37712e-08
1.32178e-06
-1.67119e-08
1.3418e-06
-2.0018e-08
1.36556e-06
-2.37584e-08
1.39357e-06
-2.80085e-08
1.42644e-06
-3.28682e-08
1.46483e-06
-3.83922e-08
1.5095e-06
-4.46761e-08
1.56133e-06
-5.18222e-08
1.62127e-06
-5.99407e-08
1.6904e-06
-6.91373e-08
1.76992e-06
-7.95204e-08
1.86117e-06
-9.12502e-08
1.96572e-06
-1.04549e-07
2.08536e-06
-1.19635e-07
2.22196e-06
-1.36602e-07
2.37736e-06
-1.55399e-07
2.55367e-06
-1.7631e-07
2.75319e-06
-1.9952e-07
2.97825e-06
-2.25059e-07
3.22876e-06
-2.50511e-07
3.50233e-06
-2.73567e-07
3.79708e-06
-2.94749e-07
4.1103e-06
-3.13219e-07
4.43692e-06
-3.26627e-07
4.7696e-06
-3.32678e-07
-3.29516e-07
5.09912e-06
4.45657e-06
1.94197e-08
4.47444e-06
4.31272e-08
4.48639e-06
5.34719e-08
4.49368e-06
6.06924e-08
4.49803e-06
6.58922e-08
4.50003e-06
7.01263e-08
4.49995e-06
7.31008e-08
4.49803e-06
7.5603e-08
4.49449e-06
7.75485e-08
4.48945e-06
7.9192e-08
4.48297e-06
8.06712e-08
4.47516e-06
8.1903e-08
4.46624e-06
8.27803e-08
4.45622e-06
8.3557e-08
4.44511e-06
8.42803e-08
4.43295e-06
8.49255e-08
4.41977e-06
8.54917e-08
4.4056e-06
8.59645e-08
4.3905e-06
8.63438e-08
4.37451e-06
8.66322e-08
4.35764e-06
8.68428e-08
4.33994e-06
8.6987e-08
4.32144e-06
8.70377e-08
4.30214e-06
8.70584e-08
4.28211e-06
8.6964e-08
4.26139e-06
8.68044e-08
4.24002e-06
8.6597e-08
4.21812e-06
8.6324e-08
4.19572e-06
8.5897e-08
4.17276e-06
8.53012e-08
4.14931e-06
8.45036e-08
4.12542e-06
8.35596e-08
4.10115e-06
8.24813e-08
4.07655e-06
8.12686e-08
4.05167e-06
7.99259e-08
4.02656e-06
7.8459e-08
4.00128e-06
7.68752e-08
3.97589e-06
7.51721e-08
3.95043e-06
7.33596e-08
3.92497e-06
7.14484e-08
3.89955e-06
6.94525e-08
3.87422e-06
6.73878e-08
3.849e-06
6.52695e-08
3.82391e-06
6.31121e-08
3.79897e-06
6.09045e-08
3.7743e-06
5.86487e-08
3.74995e-06
5.63757e-08
3.72594e-06
5.40978e-08
3.70231e-06
5.18277e-08
3.67909e-06
4.9559e-08
3.65632e-06
4.7305e-08
3.63403e-06
4.50703e-08
3.61225e-06
4.28729e-08
3.59098e-06
4.0718e-08
3.57026e-06
3.86143e-08
3.5501e-06
3.65573e-08
3.53052e-06
3.45508e-08
3.51153e-06
3.25857e-08
3.49316e-06
3.06677e-08
3.47542e-06
2.87778e-08
3.45833e-06
2.69103e-08
3.44194e-06
2.50429e-08
3.42627e-06
2.31693e-08
3.41136e-06
2.12663e-08
3.39726e-06
1.93274e-08
3.38402e-06
1.7305e-08
3.37171e-06
1.51975e-08
3.36037e-06
1.29416e-08
3.35007e-06
1.05419e-08
3.34091e-06
7.92326e-09
3.33298e-06
5.02262e-09
3.3264e-06
1.84298e-09
3.32147e-06
-1.7166e-09
3.31846e-06
-5.79924e-09
3.31757e-06
-1.01875e-08
3.31897e-06
-1.5169e-08
3.32303e-06
-2.0779e-08
3.33013e-06
-2.71162e-08
3.34066e-06
-3.42928e-08
3.35509e-06
-4.24339e-08
3.3739e-06
-5.16802e-08
3.39769e-06
-6.21788e-08
3.42711e-06
-7.41004e-08
3.46292e-06
-8.76316e-08
3.50596e-06
-1.0298e-07
3.5572e-06
-1.20375e-07
3.61775e-06
-1.4007e-07
3.68888e-06
-1.6238e-07
3.7721e-06
-1.87772e-07
3.86909e-06
-2.1662e-07
3.98129e-06
-2.48806e-07
4.10986e-06
-2.83971e-07
4.25569e-06
-3.22137e-07
4.41986e-06
-3.63692e-07
4.6038e-06
-4.09003e-07
4.80765e-06
-4.54354e-07
5.03213e-06
-4.98051e-07
5.27847e-06
-5.41088e-07
5.5455e-06
-5.80247e-07
5.83022e-06
-6.11348e-07
6.12747e-06
-6.29929e-07
-6.32045e-07
6.43e-06
4.4409e-06
1.13199e-08
4.45342e-06
3.06057e-08
4.46495e-06
4.19458e-08
4.47611e-06
4.953e-08
4.48659e-06
5.54131e-08
4.49642e-06
6.02922e-08
4.50541e-06
6.41153e-08
4.51374e-06
6.72728e-08
4.52145e-06
6.98399e-08
4.52865e-06
7.19888e-08
4.53568e-06
7.3643e-08
4.5425e-06
7.50858e-08
4.54871e-06
7.65682e-08
4.55436e-06
7.79031e-08
4.55958e-06
7.90619e-08
4.56442e-06
8.00822e-08
4.56892e-06
8.09991e-08
4.57306e-06
8.18219e-08
4.57684e-06
8.25622e-08
4.58024e-06
8.32298e-08
4.58328e-06
8.38065e-08
4.58597e-06
8.42917e-08
4.58833e-06
8.46848e-08
4.59033e-06
8.50527e-08
4.59199e-06
8.53114e-08
4.5933e-06
8.54937e-08
4.59424e-06
8.56568e-08
4.59481e-06
8.57554e-08
4.59506e-06
8.56435e-08
4.59498e-06
8.53831e-08
4.59452e-06
8.49601e-08
4.59368e-06
8.44022e-08
4.59245e-06
8.37123e-08
4.59083e-06
8.28901e-08
4.58881e-06
8.19371e-08
4.58642e-06
8.08571e-08
4.58364e-06
7.96536e-08
4.58049e-06
7.83195e-08
4.57698e-06
7.68654e-08
4.57312e-06
7.53104e-08
4.56892e-06
7.36556e-08
4.56439e-06
7.19162e-08
4.55954e-06
7.01197e-08
4.55439e-06
6.82638e-08
4.54896e-06
6.63294e-08
4.54327e-06
6.43465e-08
4.53732e-06
6.23217e-08
4.53114e-06
6.02754e-08
4.52476e-06
5.82153e-08
4.51818e-06
5.61377e-08
4.51144e-06
5.40414e-08
4.50457e-06
5.19408e-08
4.49759e-06
4.98539e-08
4.49052e-06
4.77887e-08
4.48338e-06
4.57489e-08
4.47621e-06
4.37342e-08
4.46901e-06
4.17441e-08
4.46183e-06
3.97729e-08
4.45467e-06
3.78199e-08
4.44758e-06
3.5871e-08
4.44058e-06
3.39136e-08
4.43369e-06
3.19307e-08
4.42695e-06
2.99039e-08
4.4204e-06
2.78184e-08
4.41408e-06
2.56501e-08
4.40802e-06
2.33671e-08
4.40227e-06
2.09423e-08
4.39686e-06
1.83524e-08
4.39188e-06
1.55239e-08
4.38741e-06
1.23961e-08
4.38351e-06
8.91824e-09
4.38027e-06
5.08532e-09
4.37771e-06
8.47185e-10
4.37595e-06
-4.04581e-09
4.37525e-06
-9.48359e-09
4.37572e-06
-1.564e-08
4.37756e-06
-2.26232e-08
4.381e-06
-3.0555e-08
4.38629e-06
-3.95826e-08
4.39373e-06
-4.98712e-08
4.40366e-06
-6.16084e-08
4.41649e-06
-7.50061e-08
4.43269e-06
-9.03048e-08
4.45282e-06
-1.07759e-07
4.47751e-06
-1.27677e-07
4.5075e-06
-1.50359e-07
4.54351e-06
-1.76087e-07
4.58642e-06
-2.05286e-07
4.63726e-06
-2.38611e-07
4.69705e-06
-2.76409e-07
4.76675e-06
-3.18513e-07
4.84775e-06
-3.64968e-07
4.94214e-06
-4.16522e-07
5.05214e-06
-4.73696e-07
5.17767e-06
-5.34528e-07
5.32403e-06
-6.00719e-07
5.49778e-06
-6.71796e-07
5.69872e-06
-7.42035e-07
5.92594e-06
-8.07463e-07
6.17818e-06
-8.63591e-07
6.45153e-06
-9.0328e-07
-9.19626e-07
6.73911e-06
4.43657e-06
7.55344e-09
4.44509e-06
2.20861e-08
4.45425e-06
3.27815e-08
4.46325e-06
4.05337e-08
4.47206e-06
4.66043e-08
4.48072e-06
5.16287e-08
4.48912e-06
5.57101e-08
4.49734e-06
5.90534e-08
4.50537e-06
6.18123e-08
4.51324e-06
6.41222e-08
4.52086e-06
6.60223e-08
4.52829e-06
6.76555e-08
4.53572e-06
6.91418e-08
4.54311e-06
7.05117e-08
4.55043e-06
7.17352e-08
4.55769e-06
7.283e-08
4.56487e-06
7.38128e-08
4.57199e-06
7.46997e-08
4.57906e-06
7.54917e-08
4.58609e-06
7.62013e-08
4.59307e-06
7.6827e-08
4.59999e-06
7.73736e-08
4.60684e-06
7.78323e-08
4.61368e-06
7.82204e-08
4.62047e-06
7.85172e-08
4.62723e-06
7.87378e-08
4.63405e-06
7.88327e-08
4.64099e-06
7.88196e-08
4.64784e-06
7.87931e-08
4.65451e-06
7.87121e-08
4.66097e-06
7.84963e-08
4.66723e-06
7.81445e-08
4.67328e-06
7.76602e-08
4.67911e-06
7.70564e-08
4.68472e-06
7.63277e-08
4.6901e-06
7.54846e-08
4.69523e-06
7.45213e-08
4.70009e-06
7.34601e-08
4.70466e-06
7.22928e-08
4.70895e-06
7.10194e-08
4.71299e-06
6.96134e-08
4.71678e-06
6.81317e-08
4.72031e-06
6.65852e-08
4.72358e-06
6.49954e-08
4.7266e-06
6.33095e-08
4.72935e-06
6.15943e-08
4.73186e-06
5.98168e-08
4.73409e-06
5.80452e-08
4.73603e-06
5.627e-08
4.73774e-06
5.44337e-08
4.73923e-06
5.25469e-08
4.74052e-06
5.06553e-08
4.7416e-06
4.87749e-08
4.74248e-06
4.69069e-08
4.74318e-06
4.50513e-08
4.7437e-06
4.32076e-08
4.74407e-06
4.13739e-08
4.7443e-06
3.95432e-08
4.74441e-06
3.77112e-08
4.74442e-06
3.58666e-08
4.74433e-06
3.3996e-08
4.74418e-06
3.20834e-08
4.74397e-06
3.01102e-08
4.74374e-06
2.80566e-08
4.74349e-06
2.58949e-08
4.74326e-06
2.35984e-08
4.74307e-06
2.11367e-08
4.74295e-06
1.84677e-08
4.74294e-06
1.55372e-08
4.74304e-06
1.22904e-08
4.74329e-06
8.67534e-09
4.74373e-06
4.64188e-09
4.74445e-06
1.21193e-10
4.74543e-06
-5.0214e-09
4.74677e-06
-1.08246e-08
4.74854e-06
-1.7411e-08
4.75084e-06
-2.49164e-08
4.75377e-06
-3.34891e-08
4.75748e-06
-4.32933e-08
4.76212e-06
-5.45135e-08
4.76789e-06
-6.7372e-08
4.77501e-06
-8.2128e-08
4.78378e-06
-9.90762e-08
4.79455e-06
-1.18534e-07
4.80784e-06
-1.40965e-07
4.8241e-06
-1.66615e-07
4.84391e-06
-1.95893e-07
4.86821e-06
-2.29586e-07
4.89755e-06
-2.67953e-07
4.93271e-06
-3.11566e-07
4.97587e-06
-3.61673e-07
5.03041e-06
-4.19509e-07
5.09914e-06
-4.85252e-07
5.18419e-06
-5.58747e-07
5.28979e-06
-6.40127e-07
5.41847e-06
-7.29401e-07
5.57248e-06
-8.25804e-07
5.75678e-06
-9.26337e-07
5.97396e-06
-1.02464e-06
6.22525e-06
-1.11489e-06
6.50586e-06
-1.18388e-06
-1.22349e-06
6.80972e-06
4.43481e-06
5.53997e-09
4.44013e-06
1.67663e-08
4.44679e-06
2.61285e-08
4.45385e-06
3.34715e-08
4.46113e-06
3.932e-08
4.46859e-06
4.41729e-08
4.47608e-06
4.82226e-08
4.48354e-06
5.15876e-08
4.49097e-06
5.4387e-08
4.49836e-06
5.67319e-08
4.50567e-06
5.87087e-08
4.51292e-06
6.04071e-08
4.52016e-06
6.19048e-08
4.52742e-06
6.32521e-08
4.5347e-06
6.44535e-08
4.54201e-06
6.55184e-08
4.54936e-06
6.64658e-08
4.55674e-06
6.73124e-08
4.56417e-06
6.80661e-08
4.57164e-06
6.87349e-08
4.57914e-06
6.93232e-08
4.58668e-06
6.98337e-08
4.59425e-06
7.02656e-08
4.60183e-06
7.06357e-08
4.60942e-06
7.09308e-08
4.61701e-06
7.11461e-08
4.62456e-06
7.12775e-08
4.63206e-06
7.13201e-08
4.63957e-06
7.12898e-08
4.64709e-06
7.11912e-08
4.65458e-06
7.10039e-08
4.66202e-06
7.07086e-08
4.66937e-06
7.03038e-08
4.67664e-06
6.97935e-08
4.68379e-06
6.91727e-08
4.69082e-06
6.84522e-08
4.69772e-06
6.76251e-08
4.70447e-06
6.67071e-08
4.71108e-06
6.56872e-08
4.71751e-06
6.45828e-08
4.72375e-06
6.33743e-08
4.72979e-06
6.20984e-08
4.73563e-06
6.07409e-08
4.74129e-06
5.93356e-08
4.74675e-06
5.7852e-08
4.752e-06
5.63386e-08
4.75706e-06
5.47575e-08
4.76196e-06
5.3145e-08
4.76676e-06
5.14697e-08
4.77138e-06
4.98158e-08
4.77574e-06
4.81907e-08
4.77983e-06
4.6561e-08
4.78369e-06
4.49192e-08
4.78732e-06
4.32701e-08
4.79076e-06
4.16179e-08
4.794e-06
3.99626e-08
4.79707e-06
3.83058e-08
4.79998e-06
3.66336e-08
4.80274e-06
3.49495e-08
4.80537e-06
3.32415e-08
4.80787e-06
3.14957e-08
4.81025e-06
2.96979e-08
4.81253e-06
2.78291e-08
4.81472e-06
2.58701e-08
4.81682e-06
2.3799e-08
4.81883e-06
2.15804e-08
4.8208e-06
1.91759e-08
4.82271e-06
1.65498e-08
4.82459e-06
1.3657e-08
4.82644e-06
1.04437e-08
4.82826e-06
6.85272e-09
4.83008e-06
2.82633e-09
4.8319e-06
-1.70403e-09
4.83372e-06
-6.84214e-09
4.83559e-06
-1.26905e-08
4.83754e-06
-1.93604e-08
4.83961e-06
-2.69861e-08
4.84184e-06
-3.57213e-08
4.8443e-06
-4.57509e-08
4.84708e-06
-5.72959e-08
4.85033e-06
-7.06222e-08
4.8542e-06
-8.59995e-08
4.85885e-06
-1.03721e-07
4.86451e-06
-1.24194e-07
4.87133e-06
-1.47788e-07
4.87997e-06
-1.75258e-07
4.89141e-06
-2.07326e-07
4.90625e-06
-2.44425e-07
4.92566e-06
-2.87363e-07
4.95115e-06
-3.37055e-07
4.98419e-06
-3.94715e-07
5.02637e-06
-4.61692e-07
5.0803e-06
-5.39178e-07
5.14964e-06
-6.28092e-07
5.23872e-06
-7.29206e-07
5.3524e-06
-8.43079e-07
5.49596e-06
-9.69361e-07
5.67576e-06
-1.10614e-06
5.89696e-06
-1.24584e-06
6.16655e-06
-1.38448e-06
6.47478e-06
-1.49211e-06
-1.57169e-06
6.82298e-06
4.43399e-06
4.35113e-09
4.43757e-06
1.31885e-08
4.44263e-06
2.10617e-08
4.44847e-06
2.76359e-08
4.45474e-06
3.30479e-08
4.46132e-06
3.75987e-08
4.46807e-06
4.1463e-08
4.47494e-06
4.47263e-08
4.48185e-06
4.74703e-08
4.48879e-06
4.9791e-08
4.49574e-06
5.17665e-08
4.50268e-06
5.34661e-08
4.50963e-06
5.49474e-08
4.51663e-06
5.62549e-08
4.52367e-06
5.74119e-08
4.53076e-06
5.8434e-08
4.53789e-06
5.93384e-08
4.54506e-06
6.01406e-08
4.55227e-06
6.08509e-08
4.55953e-06
6.14768e-08
4.56683e-06
6.20238e-08
4.57417e-06
6.24957e-08
4.58154e-06
6.28955e-08
4.58894e-06
6.32287e-08
4.59638e-06
6.34922e-08
4.60385e-06
6.36824e-08
4.61133e-06
6.37979e-08
4.61881e-06
6.38356e-08
4.6263e-06
6.37998e-08
4.6338e-06
6.36956e-08
4.64128e-06
6.35157e-08
4.64875e-06
6.32449e-08
4.65617e-06
6.28792e-08
4.66355e-06
6.24212e-08
4.67085e-06
6.18688e-08
4.67807e-06
6.12272e-08
4.6852e-06
6.04946e-08
4.69223e-06
5.9679e-08
4.69914e-06
5.87782e-08
4.70592e-06
5.78014e-08
4.71255e-06
5.67432e-08
4.71903e-06
5.56176e-08
4.72535e-06
5.44288e-08
4.73149e-06
5.31928e-08
4.73744e-06
5.18993e-08
4.74322e-06
5.05637e-08
4.74879e-06
4.91809e-08
4.75417e-06
4.7767e-08
4.75932e-06
4.63186e-08
4.76428e-06
4.48568e-08
4.76907e-06
4.33989e-08
4.77369e-06
4.19406e-08
4.77814e-06
4.04755e-08
4.7824e-06
3.90034e-08
4.7865e-06
3.75248e-08
4.79042e-06
3.60377e-08
4.79418e-06
3.45447e-08
4.79779e-06
3.30293e-08
4.80124e-06
3.14939e-08
4.80456e-06
2.99272e-08
4.80774e-06
2.83169e-08
4.81079e-06
2.66487e-08
4.81371e-06
2.49048e-08
4.81652e-06
2.30654e-08
4.81921e-06
2.11065e-08
4.82179e-06
1.89992e-08
4.82426e-06
1.67081e-08
4.82661e-06
1.41944e-08
4.82886e-06
1.14143e-08
4.83098e-06
8.3159e-09
4.833e-06
4.84063e-09
4.8349e-06
9.21462e-10
4.83671e-06
-3.51664e-09
4.83842e-06
-8.55119e-09
4.84001e-06
-1.42823e-08
4.84149e-06
-2.08347e-08
4.84286e-06
-2.83552e-08
4.84415e-06
-3.70126e-08
4.8454e-06
-4.69989e-08
4.84664e-06
-5.85415e-08
4.84791e-06
-7.18908e-08
4.84928e-06
-8.73722e-08
4.85094e-06
-1.0538e-07
4.85311e-06
-1.26361e-07
4.85616e-06
-1.50836e-07
4.86033e-06
-1.79435e-07
4.86596e-06
-2.12947e-07
4.87376e-06
-2.52232e-07
4.88467e-06
-2.98276e-07
4.89992e-06
-3.523e-07
4.92105e-06
-4.15848e-07
4.95009e-06
-4.90729e-07
4.98979e-06
-5.78881e-07
5.04395e-06
-6.82246e-07
5.11757e-06
-8.02826e-07
5.21686e-06
-9.42377e-07
5.34947e-06
-1.10196e-06
5.52431e-06
-1.28099e-06
5.75141e-06
-1.47293e-06
6.04735e-06
-1.68042e-06
6.39715e-06
-1.84191e-06
-2.02044e-06
6.8459e-06
4.43364e-06
3.50629e-09
4.43626e-06
1.05723e-08
4.44021e-06
1.71088e-08
4.44503e-06
2.28229e-08
4.45039e-06
2.76888e-08
4.45614e-06
3.18415e-08
4.46219e-06
3.54117e-08
4.46846e-06
3.84632e-08
4.47487e-06
4.10591e-08
4.48139e-06
4.32724e-08
4.48799e-06
4.5167e-08
4.49465e-06
4.67989e-08
4.50139e-06
4.82165e-08
4.50818e-06
4.94586e-08
4.51504e-06
5.05516e-08
4.52196e-06
5.15142e-08
4.52894e-06
5.23627e-08
4.53597e-06
5.31111e-08
4.54305e-06
5.37702e-08
4.55018e-06
5.43479e-08
4.55735e-06
5.48501e-08
4.56456e-06
5.52816e-08
4.57181e-06
5.56456e-08
4.5791e-06
5.59446e-08
4.58641e-06
5.61792e-08
4.59375e-06
5.63479e-08
4.60109e-06
5.64496e-08
4.60845e-06
5.64835e-08
4.61579e-06
5.6451e-08
4.62314e-06
5.63526e-08
4.63047e-06
5.61838e-08
4.63778e-06
5.59379e-08
4.64504e-06
5.56112e-08
4.65226e-06
5.52043e-08
4.65941e-06
5.47173e-08
4.66649e-06
5.41519e-08
4.67347e-06
5.35091e-08
4.68036e-06
5.27921e-08
4.68714e-06
5.20026e-08
4.69379e-06
5.11445e-08
4.70032e-06
5.02196e-08
4.7067e-06
4.92347e-08
4.71293e-06
4.81958e-08
4.71902e-06
4.71101e-08
4.72494e-06
4.59784e-08
4.73069e-06
4.48064e-08
4.73628e-06
4.35978e-08
4.74168e-06
4.23595e-08
4.74691e-06
4.10953e-08
4.75195e-06
3.98146e-08
4.75682e-06
3.8529e-08
4.76152e-06
3.72399e-08
4.76605e-06
3.59434e-08
4.77042e-06
3.46381e-08
4.77462e-06
3.33235e-08
4.77866e-06
3.19983e-08
4.78254e-06
3.06594e-08
4.78627e-06
2.93006e-08
4.78985e-06
2.79161e-08
4.79328e-06
2.64975e-08
4.79656e-06
2.50325e-08
4.7997e-06
2.35082e-08
4.8027e-06
2.1907e-08
4.80556e-06
2.02105e-08
4.80827e-06
1.83951e-08
4.81083e-06
1.64348e-08
4.81324e-06
1.42968e-08
4.8155e-06
1.19436e-08
4.81758e-06
9.33323e-09
4.81948e-06
6.4164e-09
4.82118e-06
3.13664e-09
4.82267e-06
-5.70585e-10
4.82394e-06
-4.78017e-09
4.82496e-06
-9.57541e-09
4.82573e-06
-1.50575e-08
4.82625e-06
-2.13468e-08
4.82648e-06
-2.85874e-08
4.82642e-06
-3.6949e-08
4.82605e-06
-4.66294e-08
4.82537e-06
-5.78638e-08
4.82441e-06
-7.09305e-08
4.8232e-06
-8.61632e-08
4.82179e-06
-1.03969e-07
4.82026e-06
-1.24833e-07
4.81876e-06
-1.49338e-07
4.81751e-06
-1.78184e-07
4.81681e-06
-2.12246e-07
4.81713e-06
-2.5255e-07
4.81917e-06
-3.00317e-07
4.82394e-06
-3.57075e-07
4.83283e-06
-4.24731e-07
4.84769e-06
-5.05592e-07
4.87119e-06
-6.02388e-07
4.90722e-06
-7.18266e-07
4.96129e-06
-8.569e-07
5.04095e-06
-1.02203e-06
5.1566e-06
-1.21761e-06
5.32053e-06
-1.44492e-06
5.54946e-06
-1.70186e-06
5.8643e-06
-1.99526e-06
6.25825e-06
-2.23586e-06
-2.67383e-06
6.91164e-06
4.43346e-06
2.84246e-09
4.43549e-06
8.54996e-09
4.43866e-06
1.39387e-08
4.44269e-06
1.87886e-08
4.44735e-06
2.30327e-08
4.45248e-06
2.67127e-08
4.45798e-06
2.99094e-08
4.46377e-06
3.26734e-08
4.46978e-06
3.50504e-08
4.47596e-06
3.70921e-08
4.48227e-06
3.88496e-08
4.4887e-06
4.03684e-08
4.49523e-06
4.16875e-08
4.50185e-06
4.28395e-08
4.50855e-06
4.38497e-08
4.51533e-06
4.47367e-08
4.52218e-06
4.5516e-08
4.52909e-06
4.62006e-08
4.53606e-06
4.68008e-08
4.54308e-06
4.73249e-08
4.55015e-06
4.77788e-08
4.55727e-06
4.81672e-08
4.56442e-06
4.84934e-08
4.5716e-06
4.87597e-08
4.57882e-06
4.89675e-08
4.58605e-06
4.91165e-08
4.59329e-06
4.92063e-08
4.60054e-06
4.92364e-08
4.60778e-06
4.92069e-08
4.61502e-06
4.9117e-08
4.62224e-06
4.89646e-08
4.62943e-06
4.87466e-08
4.63658e-06
4.84604e-08
4.64368e-06
4.81059e-08
4.65071e-06
4.76831e-08
4.65767e-06
4.7193e-08
4.66454e-06
4.66368e-08
4.67132e-06
4.60165e-08
4.67799e-06
4.53344e-08
4.68454e-06
4.45932e-08
4.69096e-06
4.3796e-08
4.69725e-06
4.29471e-08
4.70339e-06
4.20512e-08
4.70939e-06
4.11129e-08
4.71523e-06
4.01358e-08
4.72092e-06
3.91236e-08
4.72643e-06
3.80807e-08
4.73178e-06
3.70116e-08
4.73696e-06
3.59213e-08
4.74195e-06
3.48155e-08
4.74678e-06
3.37006e-08
4.75144e-06
3.25784e-08
4.75594e-06
3.14475e-08
4.76027e-06
3.03071e-08
4.76444e-06
2.91563e-08
4.76844e-06
2.79933e-08
4.77229e-06
2.68149e-08
4.77597e-06
2.56158e-08
4.7795e-06
2.43899e-08
4.78287e-06
2.31285e-08
4.78608e-06
2.18215e-08
4.78913e-06
2.04556e-08
4.79202e-06
1.90158e-08
4.79475e-06
1.74836e-08
4.79731e-06
1.58383e-08
4.79969e-06
1.40543e-08
4.80188e-06
1.21043e-08
4.80387e-06
9.95289e-09
4.80564e-06
7.56004e-09
4.80718e-06
4.88036e-09
4.80846e-06
1.86055e-09
4.80945e-06
-1.5616e-09
4.81012e-06
-5.45702e-09
4.81046e-06
-9.90806e-09
4.81041e-06
-1.50126e-08
4.80995e-06
-2.08869e-08
4.80903e-06
-2.76704e-08
4.80761e-06
-3.5529e-08
4.80564e-06
-4.46594e-08
4.80308e-06
-5.52961e-08
4.79987e-06
-6.77204e-08
4.79597e-06
-8.22714e-08
4.79137e-06
-9.93634e-08
4.78604e-06
-1.195e-07
4.77999e-06
-1.43295e-07
4.77331e-06
-1.71496e-07
4.76609e-06
-2.0503e-07
4.75857e-06
-2.45032e-07
4.75116e-06
-2.92904e-07
4.74449e-06
-3.50404e-07
4.73951e-06
-4.19752e-07
4.73765e-06
-5.03736e-07
4.74113e-06
-6.05859e-07
4.75337e-06
-7.30508e-07
4.77974e-06
-8.8327e-07
4.82868e-06
-1.07098e-06
4.91339e-06
-1.30233e-06
5.05404e-06
-1.58557e-06
5.27912e-06
-1.92695e-06
5.62061e-06
-2.33675e-06
6.08014e-06
-2.69539e-06
-3.54571e-06
6.95203e-06
4.43335e-06
2.29354e-09
4.435e-06
6.89674e-09
4.43765e-06
1.12912e-08
4.44112e-06
1.53224e-08
4.44523e-06
1.89195e-08
4.44985e-06
2.20895e-08
4.45489e-06
2.48708e-08
4.46027e-06
2.72983e-08
4.46591e-06
2.94048e-08
4.47178e-06
3.12269e-08
4.47782e-06
3.28032e-08
4.48402e-06
3.41695e-08
4.49035e-06
3.53571e-08
4.4968e-06
3.6393e-08
4.50335e-06
3.72992e-08
4.50999e-06
3.80931e-08
4.51672e-06
3.87889e-08
4.52352e-06
3.93983e-08
4.53039e-06
3.9931e-08
4.53732e-06
4.03946e-08
4.54431e-06
4.07949e-08
4.55134e-06
4.11363e-08
4.55841e-06
4.14221e-08
4.56551e-06
4.16546e-08
4.57265e-06
4.18352e-08
4.5798e-06
4.19644e-08
4.58696e-06
4.2042e-08
4.59413e-06
4.20681e-08
4.6013e-06
4.20421e-08
4.60845e-06
4.19636e-08
4.61558e-06
4.18313e-08
4.62269e-06
4.16436e-08
4.62975e-06
4.13988e-08
4.63676e-06
4.10966e-08
4.6437e-06
4.0737e-08
4.65057e-06
4.03208e-08
4.65736e-06
3.98489e-08
4.66406e-06
3.93232e-08
4.67064e-06
3.87455e-08
4.67712e-06
3.81183e-08
4.68347e-06
3.74441e-08
4.68969e-06
3.67264e-08
4.69577e-06
3.59686e-08
4.70171e-06
3.51747e-08
4.7075e-06
3.43478e-08
4.71313e-06
3.34914e-08
4.7186e-06
3.26091e-08
4.72391e-06
3.17047e-08
4.72905e-06
3.07821e-08
4.73402e-06
2.98452e-08
4.73882e-06
2.88977e-08
4.74346e-06
2.79414e-08
4.74793e-06
2.69764e-08
4.75224e-06
2.60021e-08
4.75638e-06
2.50172e-08
4.76035e-06
2.402e-08
4.76416e-06
2.30069e-08
4.7678e-06
2.19738e-08
4.77128e-06
2.09142e-08
4.77458e-06
1.9821e-08
4.77772e-06
1.86844e-08
4.78068e-06
1.74928e-08
4.78347e-06
1.62328e-08
4.78606e-06
1.4887e-08
4.78846e-06
1.34373e-08
4.79066e-06
1.18606e-08
4.79263e-06
1.01316e-08
4.79436e-06
8.22331e-09
4.79582e-06
6.09484e-09
4.797e-06
3.70631e-09
4.79785e-06
1.00938e-09
4.79834e-06
-2.05476e-09
4.79844e-06
-5.55043e-09
4.79808e-06
-9.55513e-09
4.79723e-06
-1.41604e-08
4.79582e-06
-1.94752e-08
4.79378e-06
-2.56301e-08
4.79103e-06
-3.27817e-08
4.78749e-06
-4.1117e-08
4.78305e-06
-5.0861e-08
4.77762e-06
-6.22859e-08
4.77107e-06
-7.57225e-08
4.76328e-06
-9.15764e-08
4.75413e-06
-1.10345e-07
4.74347e-06
-1.32641e-07
4.7312e-06
-1.59221e-07
4.7172e-06
-1.91029e-07
4.70141e-06
-2.29245e-07
4.68386e-06
-2.75355e-07
4.6647e-06
-3.31244e-07
4.64428e-06
-3.99327e-07
4.62326e-06
-4.82719e-07
4.60286e-06
-5.85457e-07
4.58523e-06
-7.12879e-07
4.57403e-06
-8.72072e-07
4.57614e-06
-1.07308e-06
4.6032e-06
-1.32939e-06
4.68137e-06
-1.66374e-06
4.85214e-06
-2.09772e-06
5.20656e-06
-2.69116e-06
5.82337e-06
-3.31221e-06
-4.51371e-06
6.79137e-06
4.43327e-06
4.43468e-06
4.43697e-06
4.44003e-06
4.44372e-06
4.44794e-06
4.4526e-06
4.45764e-06
4.46298e-06
4.46858e-06
4.4744e-06
4.4804e-06
4.48656e-06
4.49287e-06
4.49929e-06
4.50582e-06
4.51245e-06
4.51916e-06
4.52595e-06
4.5328e-06
4.53971e-06
4.54667e-06
4.55367e-06
4.56071e-06
4.56778e-06
4.57486e-06
4.58196e-06
4.58906e-06
4.59616e-06
4.60324e-06
4.61031e-06
4.61734e-06
4.62433e-06
4.63126e-06
4.63814e-06
4.64494e-06
4.65166e-06
4.65828e-06
4.66481e-06
4.67122e-06
4.67752e-06
4.68368e-06
4.68971e-06
4.69561e-06
4.70135e-06
4.70695e-06
4.71238e-06
4.71766e-06
4.72277e-06
4.72772e-06
4.7325e-06
4.73712e-06
4.74157e-06
4.74586e-06
4.74997e-06
4.75392e-06
4.7577e-06
4.7613e-06
4.76473e-06
4.76799e-06
4.77106e-06
4.77394e-06
4.77663e-06
4.77911e-06
4.78137e-06
4.78339e-06
4.78516e-06
4.78666e-06
4.78784e-06
4.78869e-06
4.78915e-06
4.78919e-06
4.78874e-06
4.78776e-06
4.78616e-06
4.78386e-06
4.78078e-06
4.77679e-06
4.77177e-06
4.76557e-06
4.75803e-06
4.74895e-06
4.7381e-06
4.72524e-06
4.71009e-06
4.69231e-06
4.67156e-06
4.64745e-06
4.61958e-06
4.58752e-06
4.55087e-06
4.50929e-06
4.46258e-06
4.41082e-06
4.35457e-06
4.29543e-06
4.2359e-06
4.18466e-06
4.15517e-06
4.25139e-06
4.69673e-06
6.66035e-06
5.41373e-06
-3.14609e-07
5.70468e-06
-2.9095e-07
5.96364e-06
-2.58964e-07
6.1865e-06
-2.22864e-07
6.37209e-06
-1.85582e-07
6.52052e-06
-1.48434e-07
6.63319e-06
-1.12672e-07
6.71221e-06
-7.90216e-08
6.76097e-06
-4.87565e-08
6.78427e-06
-2.32979e-08
6.7846e-06
-3.28704e-10
6.76621e-06
1.83894e-08
6.73135e-06
3.48534e-08
6.68308e-06
4.82711e-08
6.62348e-06
5.95996e-08
6.55498e-06
6.84988e-08
6.47855e-06
7.64378e-08
6.39516e-06
8.33835e-08
6.30564e-06
8.95218e-08
6.2105e-06
9.5141e-08
6.11024e-06
1.00256e-07
6.00538e-06
1.04865e-07
5.89643e-06
1.08954e-07
5.78399e-06
1.12432e-07
5.6688e-06
1.15192e-07
5.55164e-06
1.17159e-07
5.43333e-06
1.18316e-07
5.31463e-06
1.18699e-07
1.1839e-07
6.72722e-06
-6.11827e-07
7.01053e-06
-5.7426e-07
7.2722e-06
-5.20641e-07
7.50798e-06
-4.58643e-07
7.71478e-06
-3.92381e-07
7.89141e-06
-3.2506e-07
8.03873e-06
-2.5999e-07
8.15926e-06
-1.99555e-07
8.25528e-06
-1.44771e-07
8.32862e-06
-9.66387e-08
8.38266e-06
-5.4377e-08
8.41961e-06
-1.85541e-08
8.44268e-06
1.17814e-08
8.45391e-06
3.70434e-08
8.4552e-06
5.83039e-08
8.44815e-06
7.55489e-08
8.43385e-06
9.07449e-08
8.41336e-06
1.03871e-07
8.38721e-06
1.15671e-07
8.3559e-06
1.2645e-07
8.31987e-06
1.36285e-07
8.27955e-06
1.4519e-07
8.23541e-06
1.53096e-07
8.188e-06
1.59837e-07
8.13796e-06
1.6523e-07
8.08594e-06
1.69182e-07
8.03257e-06
1.71688e-07
7.97843e-06
1.72838e-07
1.72809e-07
7.02869e-06
-9.01402e-07
7.30624e-06
-8.5181e-07
7.56021e-06
-7.74616e-07
7.78777e-06
-6.86202e-07
7.98682e-06
-5.91427e-07
8.1567e-06
-4.94941e-07
8.29884e-06
-4.02135e-07
8.41538e-06
-3.16095e-07
8.50848e-06
-2.37863e-07
8.58109e-06
-1.69254e-07
8.63669e-06
-1.09974e-07
8.67798e-06
-5.98452e-08
8.70715e-06
-1.73895e-08
8.72645e-06
1.77416e-08
8.73787e-06
4.68871e-08
8.74237e-06
7.10433e-08
8.74153e-06
9.15929e-08
8.73617e-06
1.09232e-07
8.7268e-06
1.25037e-07
8.71378e-06
1.39469e-07
8.69742e-06
1.52641e-07
8.67805e-06
1.64563e-07
8.65605e-06
1.75097e-07
8.63197e-06
1.83917e-07
8.60646e-06
1.90739e-07
8.58012e-06
1.95528e-07
8.55352e-06
1.98281e-07
8.52718e-06
1.99182e-07
1.98541e-07
7.11994e-06
-1.21163e-06
7.41229e-06
-1.14416e-06
7.67486e-06
-1.03718e-06
7.90781e-06
-9.19155e-07
8.10649e-06
-7.90111e-07
8.27223e-06
-6.60673e-07
8.40799e-06
-5.37895e-07
8.51691e-06
-4.25018e-07
8.60138e-06
-3.22338e-07
8.66563e-06
-2.335e-07
8.71276e-06
-1.57102e-07
8.74611e-06
-9.31935e-08
8.76884e-06
-4.01204e-08
8.78354e-06
3.03977e-09
8.79238e-06
3.80441e-08
8.79609e-06
6.7335e-08
8.79587e-06
9.1809e-08
8.79199e-06
1.13118e-07
8.78479e-06
1.32236e-07
8.77426e-06
1.50002e-07
8.76065e-06
1.66243e-07
8.74444e-06
1.8078e-07
8.72613e-06
1.93404e-07
8.70615e-06
2.03892e-07
8.68503e-06
2.11861e-07
8.66324e-06
2.17315e-07
8.64142e-06
2.20109e-07
8.6201e-06
2.20497e-07
2.18832e-07
7.18149e-06
-1.57014e-06
7.50694e-06
-1.46961e-06
7.79663e-06
-1.32688e-06
8.05017e-06
-1.17269e-06
8.25632e-06
-9.96263e-07
8.42179e-06
-8.26136e-07
8.54748e-06
-6.63587e-07
8.64131e-06
-5.18848e-07
8.70942e-06
-3.90446e-07
8.7574e-06
-2.81483e-07
8.78915e-06
-1.88857e-07
8.80852e-06
-1.1256e-07
8.81913e-06
-5.07326e-08
8.82579e-06
-3.61566e-09
8.82646e-06
3.73682e-08
8.82414e-06
6.96571e-08
8.81943e-06
9.65205e-08
8.81251e-06
1.2004e-07
8.80319e-06
1.41554e-07
8.79142e-06
1.61767e-07
8.77722e-06
1.80447e-07
8.76049e-06
1.97509e-07
8.74136e-06
2.12534e-07
8.72038e-06
2.24873e-07
8.69794e-06
2.34301e-07
8.67503e-06
2.40227e-07
8.65253e-06
2.42611e-07
8.63098e-06
2.42044e-07
2.38885e-07
7.29845e-06
-2.02268e-06
7.67295e-06
-1.84412e-06
7.99217e-06
-1.6461e-06
8.23563e-06
-1.41615e-06
8.4129e-06
-1.17354e-06
8.54013e-06
-9.53361e-07
8.62928e-06
-7.52739e-07
8.68984e-06
-5.79405e-07
8.72585e-06
-4.26461e-07
8.74189e-06
-2.97522e-07
8.74705e-06
-1.94014e-07
8.74646e-06
-1.11969e-07
8.74323e-06
-4.75044e-08
8.73491e-06
4.70314e-09
8.72818e-06
4.40997e-08
8.72072e-06
7.7114e-08
8.71304e-06
1.04203e-07
8.70457e-06
1.28513e-07
8.69439e-06
1.51732e-07
8.6818e-06
1.74358e-07
8.6669e-06
1.95343e-07
8.64927e-06
2.15144e-07
8.62893e-06
2.32874e-07
8.6073e-06
2.46507e-07
8.58413e-06
2.5747e-07
8.56098e-06
2.63375e-07
8.53935e-06
2.64239e-07
8.51928e-06
2.6211e-07
2.56919e-07
7.48372e-06
-2.59476e-06
7.85778e-06
-2.21818e-06
8.10554e-06
-1.89386e-06
8.25734e-06
-1.56795e-06
8.33309e-06
-1.24929e-06
8.35313e-06
-9.73405e-07
8.34575e-06
-7.45356e-07
8.32143e-06
-5.55086e-07
8.2892e-06
-3.94231e-07
8.25408e-06
-2.62397e-07
8.21873e-06
-1.58664e-07
8.18668e-06
-7.9923e-08
8.16265e-06
-2.34711e-08
8.14574e-06
2.16141e-08
8.13159e-06
5.82499e-08
8.12366e-06
8.50435e-08
8.11963e-06
1.08227e-07
8.11781e-06
1.30332e-07
8.11696e-06
1.52586e-07
8.1158e-06
1.75513e-07
8.11334e-06
1.97806e-07
8.10868e-06
2.19805e-07
8.10166e-06
2.39897e-07
8.09276e-06
2.55406e-07
8.08239e-06
2.67841e-07
8.07168e-06
2.74079e-07
8.06204e-06
2.73881e-07
8.05412e-06
2.70029e-07
7.49866e-06
-3.14139e-06
7.7486e-06
-2.46812e-06
7.74891e-06
-1.89417e-06
7.60423e-06
-1.42327e-06
7.40621e-06
-1.05127e-06
7.19981e-06
-7.67013e-07
6.99739e-06
-5.42927e-07
6.81217e-06
-3.69874e-07
6.65336e-06
-2.35416e-07
6.52799e-06
-1.37026e-07
6.43219e-06
-6.28685e-08
6.35724e-06
-4.97118e-09
6.30463e-06
2.91429e-08
6.27016e-06
5.60828e-08
6.2527e-06
7.57126e-08
6.24904e-06
8.8701e-08
6.2559e-06
1.01366e-07
6.27047e-06
1.15762e-07
6.29107e-06
1.31985e-07
6.31658e-06
1.50001e-07
6.34545e-06
1.68939e-07
6.37655e-06
1.88702e-07
6.40837e-06
2.08083e-07
6.4392e-06
2.24569e-07
6.47032e-06
2.36726e-07
6.50172e-06
2.42672e-07
6.53314e-06
2.4247e-07
2.37955e-07
6.56208e-06
-2.9121e-06
6.07688e-06
-1.98291e-06
5.34951e-06
-1.1668e-06
4.52302e-06
-5.96772e-07
3.82601e-06
-3.54258e-07
3.24698e-06
-1.87988e-07
2.80644e-06
-1.0239e-07
2.48729e-06
-5.07186e-08
2.24926e-06
2.61625e-09
2.07905e-06
3.31809e-08
1.96634e-06
4.9835e-08
1.9097e-06
5.1678e-08
1.89728e-06
4.15543e-08
1.92288e-06
3.04842e-08
1.97739e-06
2.121e-08
2.05225e-06
1.38317e-08
2.14414e-06
9.4799e-09
2.24663e-06
1.32706e-08
2.35606e-06
2.25572e-08
2.47045e-06
3.56056e-08
2.58935e-06
5.00448e-08
2.71222e-06
6.58323e-08
2.83798e-06
8.23228e-08
2.96403e-06
9.85144e-08
3.08931e-06
1.11448e-07
3.21268e-06
1.19303e-07
3.33295e-06
1.22203e-07
1.21395e-07
3.74825e-06
1.76534e-06
5.98533e-07
1.76126e-09
-3.52497e-07
-5.40484e-07
-6.42874e-07
-6.93592e-07
-6.90976e-07
-6.57795e-07
-6.0796e-07
-5.56282e-07
-5.14728e-07
-4.84244e-07
-4.63034e-07
-4.49202e-07
-4.39722e-07
-4.26452e-07
-4.03894e-07
-3.68289e-07
-3.18244e-07
-2.52412e-07
-1.70089e-07
-7.15744e-08
3.98739e-08
1.59176e-07
2.81379e-07
)
;

boundaryField
{
    inlet
    {
        type            calculated;
        value           nonuniform List<scalar> 
14
(
-4.4328e-06
-4.4328e-06
-4.4328e-06
-4.4328e-06
-4.4328e-06
-4.4328e-06
-4.4328e-06
-4.4328e-06
-4.4328e-06
-4.4328e-06
-4.4328e-06
-4.4328e-06
-4.4328e-06
-4.4328e-06
)
;
    }
    outlet
    {
        type            calculated;
        value           nonuniform List<scalar> 0();
    }
    topWall
    {
        type            calculated;
        value           nonuniform List<scalar> 0();
    }
    lowerWall
    {
        type            calculated;
        value           uniform 0;
    }
    leadingEdge
    {
        type            calculated;
        value           uniform 0;
    }
    trailingEdge
    {
        type            calculated;
        value           nonuniform List<scalar> 0();
    }
    upperSurface
    {
        type            calculated;
        value           nonuniform List<scalar> 0();
    }
    lowerSurface
    {
        type            calculated;
        value           uniform 0;
    }
    frontAndBack
    {
        type            empty;
        value           nonuniform List<scalar> 0();
    }
    procBoundary0to1
    {
        type            processor;
        value           nonuniform List<scalar> 
11
(
5.19624e-06
7.92401e-06
8.50145e-06
8.59981e-06
8.61093e-06
8.50125e-06
8.04825e-06
2.62797e-07
6.56521e-06
3.44951e-06
4.02774e-07
)
;
    }
    procBoundary0to4
    {
        type            processor;
        value           nonuniform List<scalar> 
103
(
3.33525e-10
1.00196e-09
1.65137e-09
2.26713e-09
-4.43804e-06
5.26632e-12
6.15934e-12
6.96759e-12
7.71153e-12
8.4135e-12
9.09706e-12
9.78864e-12
1.05254e-11
1.13429e-11
1.22773e-11
1.33564e-11
1.4619e-11
1.6096e-11
1.78188e-11
1.98056e-11
2.20844e-11
2.46713e-11
2.75798e-11
3.08098e-11
3.43737e-11
3.8279e-11
4.2528e-11
4.71358e-11
5.20522e-11
5.74269e-11
6.30895e-11
6.94191e-11
7.59033e-11
8.28838e-11
9.03853e-11
9.84773e-11
1.07065e-10
1.16485e-10
1.26409e-10
1.37421e-10
1.49007e-10
1.61893e-10
1.75632e-10
1.90703e-10
2.07063e-10
2.24768e-10
2.44258e-10
2.65188e-10
2.88238e-10
3.13183e-10
3.40247e-10
3.70113e-10
4.01809e-10
4.37497e-10
4.74779e-10
5.17131e-10
5.61425e-10
6.11217e-10
6.64343e-10
7.22704e-10
7.86543e-10
8.55363e-10
9.31579e-10
1.01393e-09
1.10362e-09
1.20423e-09
1.30806e-09
1.43266e-09
1.5524e-09
1.71069e-09
1.86336e-09
2.0302e-09
2.21364e-09
2.41867e-09
2.64589e-09
2.89641e-09
3.17255e-09
3.47741e-09
3.81415e-09
4.18648e-09
4.59838e-09
5.05453e-09
5.56001e-09
6.12067e-09
6.74286e-09
7.4339e-09
8.20184e-09
9.05602e-09
1.00066e-08
1.10653e-08
1.22448e-08
1.35593e-08
1.5024e-08
1.66551e-08
1.8468e-08
2.04767e-08
2.26907e-08
2.51068e-08
2.76956e-08
3.03829e-08
3.30142e-08
3.5347e-08
3.58192e-08
)
;
    }
}


// ************************************************************************* //
