/*--------------------------------*- C++ -*----------------------------------*\
| =========                 |                                                 |
| \\      /  F ield         | OpenFOAM: The Open Source CFD Toolbox           |
|  \\    /   O peration     | Version:  2206                                  |
|   \\  /    A nd           | Website:  www.openfoam.com                      |
|    \\/     M anipulation  |                                                 |
\*---------------------------------------------------------------------------*/
FoamFile
{
    version     2.0;
    format      ascii;
    arch        "LSB;label=32;scalar=64";
    class       volVectorField;
    location    "19.1001";
    object      U_0;
}
// * * * * * * * * * * * * * * * * * * * * * * * * * * * * * * * * * * * * * //

dimensions      [0 1 -1 0 0 0 0];

internalField   nonuniform List<vector> 
1839
(
(0.2488 -0.012432 0)
(0.28466 -0.0116784 0)
(0.317963 -0.0110204 0)
(0.348824 -0.0105248 0)
(0.377514 -0.0102114 0)
(0.404403 -0.0100637 0)
(0.429917 -0.0100524 0)
(0.454476 -0.0101326 0)
(0.478432 -0.0102709 0)
(0.502166 -0.0104623 0)
(0.525989 -0.0106387 0)
(0.549755 -0.0107054 0)
(0.573629 -0.0106577 0)
(0.597556 -0.0105292 0)
(0.621439 -0.0103594 0)
(0.645232 -0.0101952 0)
(0.668929 -0.0100715 0)
(0.692531 -0.0100289 0)
(0.71618 -0.0101198 0)
(0.740024 -0.0103878 0)
(0.764283 -0.0108639 0)
(0.789267 -0.0115796 0)
(0.815362 -0.0125731 0)
(0.843024 -0.0138899 0)
(0.872797 -0.0155928 0)
(0.905395 -0.017779 0)
(0.941592 -0.0206269 0)
(0.983165 -0.024544 0)
(1.02982 -0.0301473 0)
(1.09324 -0.0412223 0)
(1.14748 -0.050716 0)
(1.25881 -0.0636081 0)
(1.29129 -0.059016 0)
(1.32194 -0.0545483 0)
(1.35086 -0.0504531 0)
(1.37825 -0.0469081 0)
(1.40429 -0.0440283 0)
(1.4292 -0.0418599 0)
(1.45314 -0.0403721 0)
(1.47631 -0.0394701 0)
(1.49889 -0.0390328 0)
(1.52096 -0.0389218 0)
(1.54264 -0.0389776 0)
(1.5641 -0.0390773 0)
(1.58541 -0.0391478 0)
(1.6067 -0.0391729 0)
(1.62804 -0.0391706 0)
(1.6495 -0.0391837 0)
(1.67121 -0.0392803 0)
(1.69327 -0.0395486 0)
(1.71584 -0.0400863 0)
(1.73908 -0.040994 0)
(1.76322 -0.0423769 0)
(1.78851 -0.0443488 0)
(1.81526 -0.0470372 0)
(1.84381 -0.0506007 0)
(1.87458 -0.0552546 0)
(1.90807 -0.0613539 0)
(1.94484 -0.0694381 0)
(1.98517 -0.0807967 0)
(2.02921 -0.0970805 0)
(2.07152 -0.121839 0)
(2.22308 -0.0827104 0)
(2.23388 -0.0782585 0)
(2.24483 -0.0737155 0)
(2.25587 -0.0695256 0)
(2.26692 -0.0658529 0)
(2.27795 -0.0627473 0)
(2.28891 -0.0602475 0)
(2.29971 -0.0583468 0)
(2.31035 -0.0569795 0)
(2.32079 -0.0560507 0)
(2.33102 -0.055444 0)
(2.3411 -0.0550404 0)
(2.35107 -0.054764 0)
(2.36105 -0.0545791 0)
(2.3711 -0.0544731 0)
(2.3813 -0.0544722 0)
(2.39175 -0.0546322 0)
(2.40255 -0.0550354 0)
(2.41379 -0.0557813 0)
(2.42558 -0.0569796 0)
(2.43803 -0.0587444 0)
(2.45125 -0.0611971 0)
(2.46539 -0.0644701 0)
(2.48058 -0.0687137 0)
(2.49698 -0.0741158 0)
(2.51474 -0.080918 0)
(2.53396 -0.0894536 0)
(2.55458 -0.100227 0)
(2.57621 -0.113994 0)
(2.59789 -0.131688 0)
(2.61716 -0.153331 0)
(2.68106 -0.0864515 0)
(2.68089 -0.0822207 0)
(2.68152 -0.0779838 0)
(2.68286 -0.0740076 0)
(2.68476 -0.0704634 0)
(2.68706 -0.0674678 0)
(2.68968 -0.0650168 0)
(2.69249 -0.0631237 0)
(2.69541 -0.0617449 0)
(2.69838 -0.0607014 0)
(2.70136 -0.0600962 0)
(2.70435 -0.0597656 0)
(2.70738 -0.0596267 0)
(2.71049 -0.0596496 0)
(2.71374 -0.0598327 0)
(2.71721 -0.0602022 0)
(2.72096 -0.0608078 0)
(2.72505 -0.0617186 0)
(2.72956 -0.0630285 0)
(2.73453 -0.0648635 0)
(2.74001 -0.0673268 0)
(2.74605 -0.0705376 0)
(2.75269 -0.0746269 0)
(2.75994 -0.0797402 0)
(2.76783 -0.0860551 0)
(2.77627 -0.0937646 0)
(2.78511 -0.103091 0)
(2.79406 -0.114318 0)
(2.8026 -0.127763 0)
(2.80987 -0.143572 0)
(2.81478 -0.161285 0)
(2.82325 -0.0804383 0)
(2.81933 -0.077534 0)
(2.8163 -0.0745545 0)
(2.81407 -0.0716576 0)
(2.81255 -0.0690177 0)
(2.81163 -0.0667471 0)
(2.81115 -0.0648891 0)
(2.81101 -0.0634164 0)
(2.81109 -0.0623539 0)
(2.81133 -0.0615866 0)
(2.81168 -0.0611315 0)
(2.81213 -0.0608702 0)
(2.81265 -0.0607967 0)
(2.81329 -0.0609168 0)
(2.81408 -0.0612449 0)
(2.81505 -0.0618077 0)
(2.81624 -0.0626624 0)
(2.81769 -0.0638849 0)
(2.81942 -0.065565 0)
(2.82148 -0.0678008 0)
(2.82387 -0.0707013 0)
(2.8266 -0.0743812 0)
(2.82968 -0.0789558 0)
(2.83307 -0.0845498 0)
(2.83675 -0.091282 0)
(2.84046 -0.0992765 0)
(2.84425 -0.108652 0)
(2.84785 -0.11954 0)
(2.85082 -0.131986 0)
(2.85263 -0.145908 0)
(2.85258 -0.160875 0)
(2.85748 -0.0771951 0)
(2.8525 -0.0749622 0)
(2.84831 -0.0726014 0)
(2.84488 -0.0702913 0)
(2.84214 -0.0681614 0)
(2.84001 -0.0662865 0)
(2.83837 -0.064701 0)
(2.83709 -0.0634201 0)
(2.83608 -0.0624404 0)
(2.83528 -0.0617439 0)
(2.83463 -0.0613091 0)
(2.8341 -0.0610888 0)
(2.83367 -0.0611492 0)
(2.83336 -0.0613845 0)
(2.83318 -0.0618712 0)
(2.83308 -0.0626379 0)
(2.83315 -0.0637286 0)
(2.8334 -0.0652132 0)
(2.83383 -0.0671772 0)
(2.83445 -0.0697031 0)
(2.83527 -0.07289 0)
(2.83629 -0.0768419 0)
(2.8375 -0.0816486 0)
(2.83886 -0.0874194 0)
(2.84035 -0.0942366 0)
(2.84187 -0.102166 0)
(2.84323 -0.111292 0)
(2.84409 -0.121617 0)
(2.84425 -0.133108 0)
(2.84333 -0.145608 0)
(2.84097 -0.158826 0)
(2.85242 -0.0695751 0)
(2.84709 -0.0682212 0)
(2.84257 -0.0667597 0)
(2.83863 -0.0652978 0)
(2.83524 -0.0639172 0)
(2.83232 -0.0626766 0)
(2.82979 -0.0616165 0)
(2.82754 -0.0607629 0)
(2.82551 -0.0601296 0)
(2.82364 -0.0597127 0)
(2.82188 -0.0595057 0)
(2.82019 -0.0594976 0)
(2.81854 -0.0596793 0)
(2.81692 -0.0600587 0)
(2.81531 -0.060658 0)
(2.8137 -0.0615177 0)
(2.81208 -0.0626994 0)
(2.81043 -0.0642789 0)
(2.80878 -0.0663455 0)
(2.8071 -0.068998 0)
(2.80536 -0.072331 0)
(2.80356 -0.0764346 0)
(2.80165 -0.0813923 0)
(2.79954 -0.0872681 0)
(2.7972 -0.0941026 0)
(2.79454 -0.101909 0)
(2.79136 -0.11067 0)
(2.78741 -0.12033 0)
(2.78237 -0.130784 0)
(2.77586 -0.141887 0)
(2.76749 -0.153406 0)
(2.82306 -0.0662117 0)
(2.81476 -0.0655457 0)
(2.80684 -0.0646865 0)
(2.7993 -0.0637195 0)
(2.79215 -0.0627077 0)
(2.78538 -0.0617053 0)
(2.77894 -0.0607558 0)
(2.77276 -0.0599081 0)
(2.76675 -0.0592008 0)
(2.76086 -0.0586527 0)
(2.75502 -0.0582666 0)
(2.74918 -0.0580406 0)
(2.7433 -0.0579711 0)
(2.73734 -0.0580667 0)
(2.73124 -0.0583398 0)
(2.72498 -0.0588191 0)
(2.71852 -0.0595506 0)
(2.7118 -0.060593 0)
(2.7048 -0.0620334 0)
(2.69745 -0.0639787 0)
(2.6897 -0.0663342 0)
(2.68149 -0.0693586 0)
(2.67273 -0.0730915 0)
(2.66333 -0.0774612 0)
(2.65316 -0.0828764 0)
(2.64209 -0.0891682 0)
(2.62992 -0.0962377 0)
(2.61639 -0.10399 0)
(2.60114 -0.112301 0)
(2.58371 -0.121329 0)
(2.56357 -0.130325 0)
(2.54014 -0.139318 0)
(2.61893 -0.0528118 0)
(2.6005 -0.0524962 0)
(2.58222 -0.0520238 0)
(2.56413 -0.0514405 0)
(2.54629 -0.0508145 0)
(2.5287 -0.050179 0)
(2.51135 -0.0495219 0)
(2.49414 -0.0488807 0)
(2.47701 -0.0483026 0)
(2.45991 -0.0478138 0)
(2.44279 -0.0474261 0)
(2.42558 -0.0471434 0)
(2.40824 -0.0469671 0)
(2.3907 -0.0469028 0)
(2.37292 -0.046958 0)
(2.35481 -0.0471501 0)
(2.3363 -0.0475109 0)
(2.31731 -0.0480833 0)
(2.2977 -0.0489233 0)
(2.27737 -0.0501004 0)
(2.25601 -0.0516948 0)
(2.23356 -0.0537877 0)
(2.20982 -0.0564528 0)
(2.18456 -0.059748 0)
(2.15754 -0.0636967 0)
(2.12847 -0.06827 0)
(2.09697 -0.0733582 0)
(2.06268 -0.0786945 0)
(2.02408 -0.0839411 0)
(1.98042 -0.0889338 0)
(1.93103 -0.0936269 0)
(1.8755 -0.0978218 0)
(1.68342 -0.0283298 0)
(1.64428 -0.0278547 0)
(1.6056 -0.0272963 0)
(1.56742 -0.026685 0)
(1.53002 -0.0260888 0)
(1.49276 -0.0255144 0)
(1.45639 -0.0249243 0)
(1.42066 -0.0243355 0)
(1.38546 -0.0237791 0)
(1.35077 -0.0232698 0)
(1.31655 -0.0228101 0)
(1.2827 -0.0223975 0)
(1.24917 -0.0220283 0)
(1.21587 -0.0217047 0)
(1.18271 -0.0214305 0)
(1.14964 -0.0212215 0)
(1.11651 -0.0211072 0)
(1.08321 -0.0211237 0)
(1.04955 -0.0213185 0)
(1.01532 -0.0217256 0)
(0.980252 -0.0223582 0)
(0.944024 -0.0232744 0)
(0.906237 -0.0245067 0)
(0.866452 -0.0260561 0)
(0.824175 -0.0279595 0)
(0.778918 -0.0301574 0)
(0.730236 -0.0324379 0)
(0.677692 -0.0341564 0)
(0.623253 -0.034618 0)
(0.567504 -0.0336401 0)
(0.510424 -0.0313733 0)
(0.452683 -0.0281493 0)
(1.24495 -0.132808 0)
(1.2529 -0.165868 0)
(1.25402 -0.184006 0)
(1.25854 -0.181598 0)
(1.27297 -0.159595 0)
(1.30936 -0.121541 0)
(1.37836 -0.074896 0)
(1.49021 -0.0297059 0)
(1.64951 0.00237908 0)
(1.8483 0.00299911 0)
(2.0721 -0.0337699 0)
(2.3106 -0.115252 0)
(2.5589 -0.255705 0)
(2.78043 -0.435876 0)
(2.93544 -0.606702 0)
(3.01991 -0.738175 0)
(3.04905 -0.827169 0)
(3.03625 -0.885269 0)
(2.98825 -0.911986 0)
(2.91204 -0.900463 0)
(2.81166 -0.858228 0)
(2.69409 -0.794783 0)
(2.56638 -0.716239 0)
(2.43271 -0.627099 0)
(2.29942 -0.535962 0)
(2.17278 -0.44964 0)
(2.05922 -0.367396 0)
(1.96265 -0.288422 0)
(1.87243 -0.222698 0)
(1.76619 -0.191534 0)
(1.62948 -0.203717 0)
(1.46974 -0.239163 0)
(1.31851 -0.264508 0)
(1.20416 -0.256348 0)
(1.14068 -0.208442 0)
(1.13069 -0.1294 0)
(1.161 -0.0295587 0)
(1.23638 0.0791288 0)
(1.32853 0.182188 0)
(1.43046 0.274115 0)
(1.53524 0.353478 0)
(1.63927 0.417098 0)
(1.74304 0.463073 0)
(1.84837 0.48977 0)
(1.95712 0.495035 0)
(2.07196 0.476102 0)
(2.19505 0.429895 0)
(2.328 0.352187 0)
(2.47002 0.241633 0)
(2.61777 0.10166 0)
(2.75294 -0.0456471 0)
(2.8613 -0.183593 0)
(2.93347 -0.293923 0)
(2.97016 -0.373941 0)
(2.97902 -0.421346 0)
(2.96286 -0.440436 0)
(2.90156 -0.428296 0)
(2.8115 -0.385206 0)
(2.69794 -0.322423 0)
(2.57125 -0.250634 0)
(2.44338 -0.180769 0)
(2.32022 -0.121714 0)
(2.20365 -0.0812291 0)
(2.09425 -0.0656825 0)
(1.99329 -0.0765386 0)
(1.90274 -0.107058 0)
(1.82281 -0.145092 0)
(1.75273 -0.179069 0)
(1.69222 -0.201019 0)
(1.64141 -0.206013 0)
(1.60086 -0.190027 0)
(1.57301 -0.152855 0)
(1.55749 -0.0986462 0)
(1.55417 -0.0334999 0)
(1.56307 0.0362559 0)
(1.58344 0.104821 0)
(1.61384 0.167642 0)
(1.65283 0.221534 0)
(1.69898 0.264301 0)
(1.75101 0.294595 0)
(1.80763 0.311817 0)
(1.86744 0.316179 0)
(1.9295 0.308526 0)
(1.99303 0.289817 0)
(2.05792 0.260605 0)
(2.12449 0.221121 0)
(2.19312 0.171337 0)
(2.26249 0.112835 0)
(2.32709 0.0513192 0)
(2.38289 -0.00974025 0)
(2.42409 -0.065242 0)
(2.44978 -0.112456 0)
(2.46 -0.150568 0)
(2.44979 -0.177333 0)
(2.41556 -0.189207 0)
(2.36042 -0.184695 0)
(2.28931 -0.168444 0)
(2.20926 -0.148321 0)
(2.12857 -0.130768 0)
(2.05254 -0.119434 0)
(1.98422 -0.115403 0)
(1.9249 -0.117498 0)
(2.11242 -0.168333 0)
(2.12657 -0.192531 0)
(2.13553 -0.199292 0)
(2.15225 -0.191433 0)
(2.17921 -0.17086 0)
(2.22177 -0.143431 0)
(2.28444 -0.116641 0)
(2.37069 -0.100604 0)
(2.48189 -0.106381 0)
(2.61256 -0.138678 0)
(2.75612 -0.19927 0)
(2.90584 -0.290227 0)
(3.03531 -0.409439 0)
(3.13006 -0.54664 0)
(3.18119 -0.667142 0)
(3.19694 -0.753676 0)
(3.18491 -0.809877 0)
(3.15207 -0.839595 0)
(3.08433 -0.833552 0)
(2.99089 -0.796427 0)
(2.87488 -0.735891 0)
(2.74235 -0.65994 0)
(2.59933 -0.574445 0)
(2.45181 -0.484423 0)
(2.31051 -0.399045 0)
(2.17733 -0.321492 0)
(2.05544 -0.25251 0)
(1.95247 -0.193373 0)
(1.87425 -0.146936 0)
(1.81497 -0.116633 0)
(1.75944 -0.106589 0)
(1.69619 -0.113767 0)
(1.62367 -0.126425 0)
(1.53403 -0.135553 0)
(1.45301 -0.130929 0)
(1.39116 -0.106174 0)
(1.35977 -0.0582981 0)
(1.36816 0.00905903 0)
(1.41377 0.0883145 0)
(1.47645 0.168926 0)
(1.5643 0.242609 0)
(1.66591 0.303524 0)
(1.77523 0.347188 0)
(1.89318 0.370173 0)
(2.02073 0.369266 0)
(2.1584 0.341762 0)
(2.30575 0.284649 0)
(2.45813 0.196773 0)
(2.60917 0.0801401 0)
(2.74276 -0.0467254 0)
(2.84937 -0.166003 0)
(2.92531 -0.265294 0)
(2.95913 -0.34037 0)
(2.9629 -0.386475 0)
(2.93513 -0.401579 0)
(2.86621 -0.381691 0)
(2.75863 -0.330407 0)
(2.63411 -0.261957 0)
(2.50128 -0.186968 0)
(2.37025 -0.114377 0)
(2.24734 -0.0505015 0)
(2.13617 -0.00086441 0)
(2.03734 0.0292694 0)
(1.94851 0.0349279 0)
(1.86817 0.0139569 0)
(1.79664 -0.0265271 0)
(1.73277 -0.0732732 0)
(1.67431 -0.115169 0)
(1.62071 -0.145149 0)
(1.57267 -0.159097 0)
(1.53113 -0.153823 0)
(1.49909 -0.128624 0)
(1.47853 -0.0871122 0)
(1.47009 -0.0348468 0)
(1.4743 0.0221715 0)
(1.49073 0.0792969 0)
(1.51802 0.132141 0)
(1.55509 0.177243 0)
(1.60097 0.212532 0)
(1.65415 0.236667 0)
(1.71349 0.249165 0)
(1.77818 0.250125 0)
(1.84762 0.239955 0)
(1.92133 0.218851 0)
(1.9986 0.186823 0)
(2.0783 0.144239 0)
(2.15656 0.0940426 0)
(2.22649 0.0410161 0)
(2.28268 -0.0108181 0)
(2.32164 -0.0565607 0)
(2.34184 -0.0942892 0)
(2.34097 -0.123947 0)
(2.31582 -0.137541 0)
(2.26876 -0.138805 0)
(2.20476 -0.126663 0)
(2.13098 -0.106361 0)
(2.05662 -0.0844509 0)
(1.98729 -0.0664397 0)
(1.92516 -0.0556518 0)
(1.87095 -0.0533023 0)
(1.82424 -0.0585338 0)
(1.78389 -0.0690485 0)
(2.63214 -0.181664 0)
(2.63675 -0.200077 0)
(2.63752 -0.206835 0)
(2.64287 -0.206758 0)
(2.65677 -0.201987 0)
(2.68247 -0.196145 0)
(2.72242 -0.193725 0)
(2.78012 -0.199959 0)
(2.84799 -0.220262 0)
(2.91893 -0.259984 0)
(3.0024 -0.322099 0)
(3.08143 -0.403246 0)
(3.15025 -0.498789 0)
(3.20234 -0.597383 0)
(3.2263 -0.683896 0)
(3.22847 -0.744203 0)
(3.21341 -0.778078 0)
(3.16697 -0.779667 0)
(3.09522 -0.745423 0)
(2.995 -0.683725 0)
(2.86902 -0.603672 0)
(2.72385 -0.513927 0)
(2.56615 -0.420841 0)
(2.4079 -0.33304 0)
(2.25777 -0.255788 0)
(2.12048 -0.19034 0)
(2.00065 -0.137876 0)
(1.90222 -0.100074 0)
(1.8276 -0.0776924 0)
(1.77592 -0.069995 0)
(1.74109 -0.0747755 0)
(1.71664 -0.0860932 0)
(1.69858 -0.0938834 0)
(1.6856 -0.092404 0)
(1.679 -0.078726 0)
(1.67592 -0.0534129 0)
(1.6787 -0.0204053 0)
(1.69203 0.017396 0)
(1.71898 0.0625034 0)
(1.76395 0.112435 0)
(1.82724 0.160354 0)
(1.90723 0.200586 0)
(2.00315 0.226918 0)
(2.11382 0.233287 0)
(2.23584 0.216688 0)
(2.36582 0.177071 0)
(2.49598 0.118803 0)
(2.61899 0.0427472 0)
(2.72256 -0.0457828 0)
(2.79431 -0.141669 0)
(2.82688 -0.231057 0)
(2.83358 -0.296348 0)
(2.79762 -0.330464 0)
(2.71481 -0.33608 0)
(2.60815 -0.312088 0)
(2.4927 -0.261727 0)
(2.3767 -0.195456 0)
(2.26295 -0.123935 0)
(2.15362 -0.0544916 0)
(2.05296 0.00717204 0)
(1.96475 0.0569096 0)
(1.88992 0.0918685 0)
(1.8272 0.109635 0)
(1.77294 0.105658 0)
(1.72724 0.0769439 0)
(1.68891 0.0299065 0)
(1.65464 -0.0214109 0)
(1.62022 -0.0658197 0)
(1.58359 -0.0978483 0)
(1.54494 -0.115062 0)
(1.50578 -0.115375 0)
(1.46959 -0.0986978 0)
(1.44051 -0.0683787 0)
(1.42333 -0.0285479 0)
(1.41945 0.0159767 0)
(1.42669 0.0605793 0)
(1.45054 0.101886 0)
(1.48511 0.136778 0)
(1.53024 0.163221 0)
(1.58482 0.179928 0)
(1.64785 0.185577 0)
(1.71902 0.179347 0)
(1.79751 0.162064 0)
(1.88058 0.135092 0)
(1.96252 0.100009 0)
(2.03584 0.0601949 0)
(2.09385 0.0187219 0)
(2.13428 -0.0165626 0)
(2.15415 -0.0459419 0)
(2.15184 -0.070292 0)
(2.12658 -0.0821848 0)
(2.08288 -0.0852951 0)
(2.02658 -0.0783543 0)
(1.96447 -0.0649168 0)
(1.90356 -0.0489131 0)
(1.84868 -0.0334889 0)
(1.80242 -0.0211183 0)
(1.76503 -0.013686 0)
(1.73498 -0.0122006 0)
(1.71031 -0.0167586 0)
(1.68908 -0.0270519 0)
(1.66887 -0.0404543 0)
(2.81552 -0.180921 0)
(2.81161 -0.196991 0)
(2.80686 -0.20627 0)
(2.80543 -0.211144 0)
(2.81097 -0.21416 0)
(2.823 -0.217194 0)
(2.84215 -0.224533 0)
(2.87469 -0.240406 0)
(2.91644 -0.26834 0)
(2.96523 -0.312494 0)
(3.01721 -0.373733 0)
(3.06741 -0.448882 0)
(3.11069 -0.535871 0)
(3.14542 -0.625043 0)
(3.16665 -0.696079 0)
(3.17112 -0.736629 0)
(3.15373 -0.749405 0)
(3.11007 -0.722788 0)
(3.03487 -0.657897 0)
(2.92269 -0.565613 0)
(2.78213 -0.460405 0)
(2.61991 -0.353272 0)
(2.44832 -0.254398 0)
(2.28203 -0.172271 0)
(2.12842 -0.108201 0)
(1.99245 -0.0611798 0)
(1.8787 -0.0308861 0)
(1.7899 -0.0168464 0)
(1.7255 -0.0169547 0)
(1.68235 -0.0279207 0)
(1.65641 -0.0467701 0)
(1.64383 -0.0689337 0)
(1.64221 -0.0895828 0)
(1.65269 -0.104518 0)
(1.67562 -0.107304 0)
(1.71054 -0.0957959 0)
(1.75607 -0.0710659 0)
(1.81087 -0.0356088 0)
(1.87305 0.00663769 0)
(1.94189 0.0498349 0)
(2.01701 0.0884214 0)
(2.09848 0.118362 0)
(2.18436 0.13547 0)
(2.27134 0.137446 0)
(2.35529 0.123149 0)
(2.4231 0.0898337 0)
(2.47471 0.0374328 0)
(2.51258 -0.0275371 0)
(2.52443 -0.0948273 0)
(2.4961 -0.153187 0)
(2.42639 -0.196025 0)
(2.32539 -0.220161 0)
(2.22033 -0.22097 0)
(2.12614 -0.206471 0)
(2.04391 -0.183443 0)
(1.97145 -0.144959 0)
(1.90637 -0.0912314 0)
(1.84316 -0.0292771 0)
(1.78145 0.0303061 0)
(1.72429 0.0807203 0)
(1.67594 0.118474 0)
(1.64002 0.141636 0)
(1.61449 0.148207 0)
(1.59615 0.13578 0)
(1.58637 0.0993474 0)
(1.5831 0.0490669 0)
(1.58151 -0.000732347 0)
(1.57617 -0.0401711 0)
(1.56412 -0.0666678 0)
(1.54351 -0.0789833 0)
(1.51639 -0.075993 0)
(1.48802 -0.061398 0)
(1.46084 -0.0392141 0)
(1.43949 -0.0122595 0)
(1.4283 0.017362 0)
(1.43039 0.0471389 0)
(1.4465 0.0739689 0)
(1.47601 0.0959113 0)
(1.51788 0.11046 0)
(1.57022 0.115496 0)
(1.63023 0.110198 0)
(1.69393 0.0952599 0)
(1.75428 0.0733701 0)
(1.80809 0.0488726 0)
(1.8527 0.0271002 0)
(1.88062 0.00872831 0)
(1.8919 -0.00659603 0)
(1.88598 -0.0191863 0)
(1.865 -0.0266483 0)
(1.833 -0.0289437 0)
(1.79422 -0.0272172 0)
(1.75313 -0.0231628 0)
(1.71375 -0.0178998 0)
(1.67874 -0.0122694 0)
(1.64999 -0.00664817 0)
(1.62839 -0.00176501 0)
(1.61343 0.00152689 0)
(1.60392 0.00279214 0)
(1.59776 0.00101214 0)
(1.593 -0.0061779 0)
(1.58723 -0.0157461 0)
(1.57792 -0.0257521 0)
(2.8502 -0.176609 0)
(2.8457 -0.190744 0)
(2.84032 -0.201741 0)
(2.83647 -0.210684 0)
(2.83631 -0.219108 0)
(2.84178 -0.22876 0)
(2.85311 -0.244037 0)
(2.87076 -0.268894 0)
(2.8926 -0.30521 0)
(2.91724 -0.354949 0)
(2.94375 -0.418463 0)
(2.96875 -0.493054 0)
(2.99111 -0.576414 0)
(3.00571 -0.655538 0)
(3.01093 -0.710428 0)
(3.00421 -0.732598 0)
(2.97544 -0.719485 0)
(2.91805 -0.658803 0)
(2.82607 -0.556655 0)
(2.69942 -0.430297 0)
(2.5433 -0.298958 0)
(2.36897 -0.177496 0)
(2.19445 -0.0789265 0)
(2.02943 -0.00662968 0)
(1.8829 0.0406504 0)
(1.76144 0.065142 0)
(1.66691 0.0692029 0)
(1.59664 0.0567253 0)
(1.54728 0.0330892 0)
(1.51621 0.00288317 0)
(1.50252 -0.0328248 0)
(1.50431 -0.0702245 0)
(1.51679 -0.105273 0)
(1.5364 -0.132262 0)
(1.56092 -0.143226 0)
(1.58753 -0.139766 0)
(1.61908 -0.126566 0)
(1.6577 -0.102954 0)
(1.70288 -0.0699901 0)
(1.75443 -0.0341438 0)
(1.81107 -0.000626889 0)
(1.87028 0.0273603 0)
(1.92583 0.045988 0)
(1.96971 0.0531898 0)
(1.99562 0.0522567 0)
(2.00298 0.040703 0)
(1.9808 0.0204913 0)
(1.92458 -0.00123011 0)
(1.8367 -0.0235011 0)
(1.74084 -0.0465012 0)
(1.65934 -0.071535 0)
(1.5996 -0.10329 0)
(1.5645 -0.135026 0)
(1.5441 -0.151949 0)
(1.52851 -0.148435 0)
(1.51736 -0.117005 0)
(1.50205 -0.0623551 0)
(1.47567 0.00509553 0)
(1.44343 0.0683751 0)
(1.41434 0.116285 0)
(1.39355 0.145395 0)
(1.38289 0.156253 0)
(1.38097 0.156239 0)
(1.38954 0.137485 0)
(1.41059 0.0914453 0)
(1.437 0.0341619 0)
(1.45884 -0.0153084 0)
(1.47271 -0.0493091 0)
(1.47788 -0.0666048 0)
(1.47561 -0.0715614 0)
(1.46601 -0.0646364 0)
(1.45127 -0.0465243 0)
(1.43391 -0.0222727 0)
(1.41657 0.00209049 0)
(1.40348 0.0230469 0)
(1.39823 0.0398218 0)
(1.40274 0.0529533 0)
(1.41707 0.0612562 0)
(1.43925 0.0642443 0)
(1.46591 0.0641058 0)
(1.4917 0.0605702 0)
(1.51287 0.0540518 0)
(1.52805 0.0459427 0)
(1.5366 0.0372146 0)
(1.53939 0.0287098 0)
(1.53775 0.0209576 0)
(1.53284 0.0139642 0)
(1.52499 0.00816479 0)
(1.51466 0.00404673 0)
(1.50265 0.00104593 0)
(1.48958 -0.00090318 0)
(1.47631 -0.00171521 0)
(1.46406 -0.000892829 0)
(1.4539 0.000777126 0)
(1.44656 0.00234682 0)
(1.44234 0.00327048 0)
(1.44076 0.00341425 0)
(1.44129 0.00201506 0)
(1.44316 -0.00155254 0)
(1.44427 -0.00647429 0)
(1.44253 -0.0119771 0)
(2.83674 -0.1724 0)
(2.83065 -0.185386 0)
(2.82359 -0.196954 0)
(2.81681 -0.207643 0)
(2.81098 -0.218997 0)
(2.80637 -0.233103 0)
(2.80312 -0.252857 0)
(2.80093 -0.280872 0)
(2.79932 -0.318792 0)
(2.7972 -0.368074 0)
(2.79191 -0.429102 0)
(2.78136 -0.500327 0)
(2.76357 -0.576089 0)
(2.73178 -0.651263 0)
(2.68535 -0.701571 0)
(2.62219 -0.708119 0)
(2.54471 -0.671077 0)
(2.44956 -0.578961 0)
(2.33391 -0.443361 0)
(2.19593 -0.28648 0)
(2.04059 -0.133444 0)
(1.8772 -0.00578887 0)
(1.72171 0.0853709 0)
(1.59038 0.13974 0)
(1.48612 0.162755 0)
(1.40566 0.160708 0)
(1.34814 0.142053 0)
(1.30928 0.111182 0)
(1.28634 0.0680465 0)
(1.27464 0.0140133 0)
(1.268 -0.0391592 0)
(1.26006 -0.0810552 0)
(1.2422 -0.116798 0)
(1.21688 -0.141717 0)
(1.18879 -0.147309 0)
(1.16666 -0.145548 0)
(1.1506 -0.135949 0)
(1.14315 -0.115556 0)
(1.14471 -0.0887473 0)
(1.15307 -0.0582414 0)
(1.16358 -0.0265014 0)
(1.17189 0.00449811 0)
(1.1759 0.0358314 0)
(1.1726 0.0667557 0)
(1.16051 0.0914304 0)
(1.13916 0.102215 0)
(1.1127 0.103975 0)
(1.08426 0.0980785 0)
(1.05904 0.0689196 0)
(1.04509 0.012013 0)
(1.04291 -0.0560138 0)
(1.04796 -0.116244 0)
(1.05442 -0.154067 0)
(1.06006 -0.166362 0)
(1.06493 -0.160639 0)
(1.06711 -0.118875 0)
(1.06264 -0.0478913 0)
(1.05289 0.0273251 0)
(1.04528 0.0877232 0)
(1.04407 0.127952 0)
(1.04939 0.148919 0)
(1.06218 0.153596 0)
(1.08151 0.141503 0)
(1.10841 0.10385 0)
(1.13728 0.0515373 0)
(1.15664 0.00367123 0)
(1.16327 -0.0319837 0)
(1.15987 -0.0549395 0)
(1.15072 -0.064588 0)
(1.13954 -0.0622698 0)
(1.12869 -0.0483899 0)
(1.11855 -0.0272695 0)
(1.11034 -0.00454396 0)
(1.10572 0.0158811 0)
(1.1038 0.0327239 0)
(1.10306 0.0453753 0)
(1.10335 0.0543024 0)
(1.10486 0.060187 0)
(1.10777 0.0633282 0)
(1.11241 0.0639987 0)
(1.11939 0.0625724 0)
(1.12864 0.0563703 0)
(1.13962 0.0462484 0)
(1.15128 0.0342895 0)
(1.16228 0.0228369 0)
(1.17166 0.0131531 0)
(1.17838 0.00587895 0)
(1.18179 0.00142318 0)
(1.18218 -0.000453167 0)
(1.17943 -0.000485947 0)
(1.17413 0.00141376 0)
(1.16761 0.00385429 0)
(1.16132 0.00542335 0)
(1.15606 0.006093 0)
(1.15212 0.00606168 0)
(1.14952 0.00542919 0)
(1.14837 0.00371565 0)
(1.14863 0.00121175 0)
(1.14914 -0.00176588 0)
(1.14872 -0.00497594 0)
(1.14678 -0.00784882 0)
(2.75686 -0.165078 0)
(2.74376 -0.176394 0)
(2.72827 -0.186896 0)
(2.71062 -0.196889 0)
(2.69072 -0.207435 0)
(2.66804 -0.220361 0)
(2.64165 -0.238345 0)
(2.61033 -0.263997 0)
(2.57218 -0.298804 0)
(2.52412 -0.342918 0)
(2.46144 -0.394411 0)
(2.37883 -0.458768 0)
(2.26531 -0.517518 0)
(2.11169 -0.558855 0)
(1.93383 -0.585046 0)
(1.76622 -0.583485 0)
(1.62091 -0.542788 0)
(1.50018 -0.448519 0)
(1.39632 -0.304043 0)
(1.28896 -0.13131 0)
(1.1797 0.0254977 0)
(1.09014 0.143524 0)
(1.02539 0.212707 0)
(0.984212 0.23115 0)
(0.9622 0.228551 0)
(0.949156 0.204106 0)
(0.9441 0.162584 0)
(0.937338 0.115701 0)
(0.919279 0.069334 0)
(0.886192 0.02852 0)
(0.841297 -0.00465375 0)
(0.791604 -0.0347871 0)
(0.743616 -0.0619885 0)
(0.701607 -0.0845493 0)
(0.666545 -0.10036 0)
(0.637113 -0.107288 0)
(0.61147 -0.104696 0)
(0.589334 -0.0928686 0)
(0.57136 -0.0723884 0)
(0.557403 -0.0444568 0)
(0.545241 -0.0116889 0)
(0.536678 0.0215731 0)
(0.533974 0.051698 0)
(0.535297 0.0758623 0)
(0.539642 0.0915424 0)
(0.546941 0.0983694 0)
(0.556473 0.093444 0)
(0.568661 0.0726347 0)
(0.583428 0.0343645 0)
(0.595013 -0.0160916 0)
(0.597682 -0.0712837 0)
(0.592784 -0.120769 0)
(0.583651 -0.155097 0)
(0.572026 -0.166459 0)
(0.561282 -0.154475 0)
(0.554172 -0.108304 0)
(0.552242 -0.0422687 0)
(0.558192 0.0250037 0)
(0.572704 0.0784098 0)
(0.59172 0.113407 0)
(0.612758 0.130363 0)
(0.635488 0.129422 0)
(0.657442 0.110986 0)
(0.676613 0.0777609 0)
(0.689375 0.0382631 0)
(0.694224 0.00297011 0)
(0.692354 -0.0247122 0)
(0.685699 -0.0430953 0)
(0.676332 -0.0518619 0)
(0.665078 -0.050694 0)
(0.654293 -0.0398908 0)
(0.645585 -0.0225517 0)
(0.640484 -0.00275904 0)
(0.639684 0.0164538 0)
(0.642301 0.0327467 0)
(0.64767 0.0450788 0)
(0.655554 0.052973 0)
(0.665789 0.0561784 0)
(0.677798 0.0556017 0)
(0.691276 0.051209 0)
(0.705743 0.0439773 0)
(0.720094 0.0350926 0)
(0.732778 0.0259223 0)
(0.742953 0.017633 0)
(0.750236 0.0111516 0)
(0.754878 0.00679745 0)
(0.757262 0.0046596 0)
(0.757964 0.00431618 0)
(0.757298 0.00567841 0)
(0.756225 0.00772538 0)
(0.75549 0.00935078 0)
(0.755205 0.0101494 0)
(0.755396 0.00988513 0)
(0.756101 0.00933402 0)
(0.757212 0.0079561 0)
(0.758741 0.00558633 0)
(0.760519 0.00279113 0)
(0.762055 -2.37158e-05 0)
(0.763061 -0.00276731 0)
(0.763371 -0.00512319 0)
(0.762773 -0.00693561 0)
(2.51286 -0.148191 0)
(2.48131 -0.156607 0)
(2.44527 -0.164133 0)
(2.40406 -0.170612 0)
(2.35642 -0.176227 0)
(2.30007 -0.182272 0)
(2.23301 -0.192004 0)
(2.15295 -0.208167 0)
(2.05296 -0.229678 0)
(1.92445 -0.253297 0)
(1.75944 -0.272459 0)
(1.54167 -0.278396 0)
(1.27774 -0.279853 0)
(1.00769 -0.302755 0)
(0.793081 -0.350247 0)
(0.632401 -0.389564 0)
(0.500838 -0.386805 0)
(0.404072 -0.316714 0)
(0.347629 -0.187316 0)
(0.30842 -0.039649 0)
(0.289217 0.0847144 0)
(0.294885 0.16431 0)
(0.314141 0.202211 0)
(0.339532 0.215004 0)
(0.361864 0.20954 0)
(0.378186 0.187773 0)
(0.387434 0.161684 0)
(0.389425 0.135622 0)
(0.386916 0.107662 0)
(0.381724 0.0746289 0)
(0.373411 0.0360756 0)
(0.361077 -0.00265813 0)
(0.341782 -0.0356024 0)
(0.314911 -0.0601187 0)
(0.282749 -0.0745775 0)
(0.248752 -0.0801094 0)
(0.215826 -0.0774134 0)
(0.185932 -0.0668466 0)
(0.16126 -0.0497345 0)
(0.143312 -0.0278454 0)
(0.133035 -0.00340808 0)
(0.13142 0.0216258 0)
(0.137412 0.04439 0)
(0.150409 0.0630551 0)
(0.16988 0.0751224 0)
(0.193657 0.0783506 0)
(0.219076 0.0714238 0)
(0.242952 0.0532268 0)
(0.260467 0.0224991 0)
(0.26686 -0.0188862 0)
(0.258879 -0.0625298 0)
(0.235932 -0.100532 0)
(0.20048 -0.125138 0)
(0.159098 -0.132429 0)
(0.120318 -0.118995 0)
(0.0921017 -0.0841241 0)
(0.0793747 -0.0350305 0)
(0.0834242 0.0160572 0)
(0.102659 0.0572524 0)
(0.131685 0.0843179 0)
(0.166194 0.0964048 0)
(0.202697 0.0944501 0)
(0.237308 0.0798925 0)
(0.264985 0.0551033 0)
(0.282313 0.0258782 0)
(0.288739 -0.000864626 0)
(0.285842 -0.0209343 0)
(0.276499 -0.0329367 0)
(0.263701 -0.0366972 0)
(0.250408 -0.0336318 0)
(0.239292 -0.0249591 0)
(0.232182 -0.0126786 0)
(0.229974 0.00089449 0)
(0.232966 0.0137562 0)
(0.240402 0.024482 0)
(0.251282 0.0322534 0)
(0.264722 0.0367819 0)
(0.279702 0.0384415 0)
(0.295138 0.0376667 0)
(0.310235 0.0348808 0)
(0.324178 0.0304983 0)
(0.336358 0.0248615 0)
(0.34632 0.0186818 0)
(0.353968 0.0127954 0)
(0.359411 0.00793359 0)
(0.363157 0.00446917 0)
(0.365691 0.00255794 0)
(0.367667 0.00189462 0)
(0.369527 0.0024769 0)
(0.371573 0.00370905 0)
(0.373967 0.004902 0)
(0.376711 0.00560786 0)
(0.379604 0.00562508 0)
(0.3825 0.00501532 0)
(0.385253 0.00391887 0)
(0.387627 0.00246984 0)
(0.38945 0.000769759 0)
(0.390541 -0.00107931 0)
(0.390926 -0.00277771 0)
(0.390731 -0.00419201 0)
(0.389981 -0.00516 0)
(1.81307 -0.10133 0)
(1.74345 -0.10392 0)
(1.66714 -0.105221 0)
(1.58415 -0.105326 0)
(1.49435 -0.103773 0)
(1.39602 -0.0998212 0)
(1.28067 -0.0923684 0)
(1.14026 -0.0792923 0)
(0.979126 -0.0611497 0)
(0.801613 -0.0404885 0)
(0.62542 -0.0248395 0)
(0.49332 -0.0283229 0)
(0.391704 -0.0601666 0)
(0.293969 -0.133883 0)
(0.166284 -0.21495 0)
(0.00516939 -0.253309 0)
(-0.167541 -0.247358 0)
(-0.316917 -0.200066 0)
(-0.41945 -0.121328 0)
(-0.46242 -0.0285238 0)
(-0.452562 0.0590301 0)
(-0.407203 0.11928 0)
(-0.337422 0.15307 0)
(-0.25629 0.165159 0)
(-0.173601 0.162288 0)
(-0.0949985 0.148685 0)
(-0.024725 0.128128 0)
(0.0346392 0.103626 0)
(0.0817191 0.0772244 0)
(0.114921 0.0511464 0)
(0.132777 0.0265815 0)
(0.136246 0.00572328 0)
(0.126454 -0.0127924 0)
(0.105365 -0.0276325 0)
(0.0763508 -0.037748 0)
(0.0431416 -0.0425744 0)
(0.00937443 -0.0427021 0)
(-0.0217173 -0.0379416 0)
(-0.0467169 -0.0286164 0)
(-0.063381 -0.0156987 0)
(-0.0698228 -0.000680737 0)
(-0.066094 0.0147449 0)
(-0.0536546 0.0288596 0)
(-0.0324869 0.0403253 0)
(-0.0041857 0.0475813 0)
(0.0274699 0.0490511 0)
(0.0586324 0.0443649 0)
(0.084976 0.0323074 0)
(0.101208 0.0131222 0)
(0.103012 -0.0117268 0)
(0.0868151 -0.0379393 0)
(0.0525149 -0.0610987 0)
(0.00399859 -0.0773174 0)
(-0.0511805 -0.0834552 0)
(-0.104458 -0.0771697 0)
(-0.147769 -0.057758 0)
(-0.172059 -0.0292327 0)
(-0.174897 0.00185837 0)
(-0.159463 0.028703 0)
(-0.130443 0.0469562 0)
(-0.0932458 0.0556536 0)
(-0.0538887 0.0551124 0)
(-0.0179349 0.046625 0)
(0.00964203 0.0322931 0)
(0.0261262 0.0155002 0)
(0.0315414 -0.000305768 0)
(0.027348 -0.0128438 0)
(0.0165241 -0.02091 0)
(0.00191468 -0.0243142 0)
(-0.0130081 -0.0232816 0)
(-0.0250817 -0.0184871 0)
(-0.0327752 -0.0111698 0)
(-0.035013 -0.00276073 0)
(-0.0319259 0.0055897 0)
(-0.0239454 0.0124823 0)
(-0.0121476 0.0175225 0)
(0.00230443 0.0206027 0)
(0.0181454 0.0218236 0)
(0.0340453 0.0214159 0)
(0.0492796 0.0195917 0)
(0.0629105 0.0167194 0)
(0.0743609 0.0131839 0)
(0.0833032 0.00949233 0)
(0.089819 0.00612625 0)
(0.0942081 0.00346854 0)
(0.0970653 0.00167025 0)
(0.0989837 0.000775448 0)
(0.10052 0.000662988 0)
(0.102129 0.00109613 0)
(0.104097 0.00178781 0)
(0.106552 0.00241586 0)
(0.109333 0.00276184 0)
(0.112194 0.00272696 0)
(0.114909 0.00234889 0)
(0.117278 0.00162111 0)
(0.119116 0.000586893 0)
(0.120236 -0.000670779 0)
(0.120626 -0.00198103 0)
(0.12034 -0.00313542 0)
(0.119432 -0.00406549 0)
(0.118047 -0.00468474 0)
(0.394744 -0.0241688 0)
(0.33745 -0.0192903 0)
(0.281885 -0.0128503 0)
(0.229429 -0.00317029 0)
(0.183533 0.0132941 0)
(0.148877 0.0383481 0)
(0.130099 0.06623 0)
(0.129634 0.0842094 0)
(0.146403 0.0856886 0)
(0.170851 0.0718552 0)
(0.19192 0.0404928 0)
(0.198389 -0.00321511 0)
(0.177982 -0.0469792 0)
(0.111093 -0.0820273 0)
(-0.0173171 -0.106677 0)
(-0.196693 -0.116866 0)
(-0.38096 -0.104228 0)
(-0.539323 -0.0798807 0)
(-0.655188 -0.0480072 0)
(-0.712387 -0.012953 0)
(-0.709493 0.0204119 0)
(-0.660747 0.046066 0)
(-0.57922 0.0603565 0)
(-0.478966 0.0649232 0)
(-0.37214 0.0623014 0)
(-0.270572 0.0549385 0)
(-0.17834 0.0457333 0)
(-0.0998995 0.0362292 0)
(-0.0370155 0.0271464 0)
(0.00804035 0.0187493 0)
(0.035481 0.0101503 0)
(0.0477854 0.00272272 0)
(0.046974 -0.0041903 0)
(0.0354176 -0.00942662 0)
(0.015258 -0.0131524 0)
(-0.0114741 -0.0149624 0)
(-0.0410029 -0.0155076 0)
(-0.0681233 -0.0136728 0)
(-0.0905303 -0.0105916 0)
(-0.105853 -0.0064615 0)
(-0.111956 -0.0014835 0)
(-0.108389 0.00386445 0)
(-0.0956789 0.00882062 0)
(-0.0739479 0.0129711 0)
(-0.0457221 0.0155451 0)
(-0.0133972 0.0157731 0)
(0.0183131 0.0140633 0)
(0.0443604 0.00973804 0)
(0.0596018 0.00311843 0)
(0.0609138 -0.0059774 0)
(0.0457836 -0.0155652 0)
(0.0121664 -0.0243365 0)
(-0.036694 -0.0311824 0)
(-0.0928084 -0.0322765 0)
(-0.146772 -0.0287581 0)
(-0.19158 -0.0214951 0)
(-0.220544 -0.0117304 0)
(-0.230477 -0.0012661 0)
(-0.222011 0.00846348 0)
(-0.198312 0.0153458 0)
(-0.164433 0.0187758 0)
(-0.127236 0.0188107 0)
(-0.0928315 0.0160185 0)
(-0.0659156 0.0111372 0)
(-0.0496418 0.00535199 0)
(-0.044321 -0.000105159 0)
(-0.0483123 -0.0045188 0)
(-0.0591991 -0.00731818 0)
(-0.0740947 -0.00853387 0)
(-0.0899477 -0.00806969 0)
(-0.103884 -0.0064908 0)
(-0.113897 -0.00411337 0)
(-0.118647 -0.00133262 0)
(-0.118094 0.00159079 0)
(-0.11272 0.00404785 0)
(-0.103103 0.00580818 0)
(-0.0904488 0.00690188 0)
(-0.0762384 0.00722337 0)
(-0.0617733 0.00699983 0)
(-0.0480287 0.0063108 0)
(-0.0358981 0.00528246 0)
(-0.0259753 0.00403199 0)
(-0.0185302 0.0027352 0)
(-0.0134551 0.00153691 0)
(-0.0105217 0.000544626 0)
(-0.0091695 -0.000150542 0)
(-0.00879567 -0.00052128 0)
(-0.00883481 -0.000607944 0)
(-0.00873545 -0.000449127 0)
(-0.00820547 -9.30341e-05 0)
(-0.00721745 0.000202871 0)
(-0.00581631 0.000367562 0)
(-0.0042301 0.000392655 0)
(-0.00272794 0.000284323 0)
(-0.00158302 5.61289e-05 0)
(-0.00104799 -0.000285367 0)
(-0.00124274 -0.000750524 0)
(-0.00226729 -0.00119117 0)
(-0.00413712 -0.00161237 0)
(-0.00676766 -0.00196588 0)
(-0.00998659 -0.00221077 0)
(-0.0493125 -0.446959 0)
(-0.165117 -0.438118 0)
(-0.0537605 -0.32707 0)
(-0.189453 -0.312698 0)
(-0.319413 -0.265689 0)
(-0.434418 -0.182133 0)
(-0.522862 -0.0502668 0)
(-0.576223 0.138408 0)
(-0.597199 0.37831 0)
(-0.597951 0.632631 0)
(-0.577769 0.866588 0)
(-0.533422 1.0489 0)
(-0.464032 1.14637 0)
(-0.345947 1.13313 0)
(-0.165584 1.00206 0)
(0.0618 0.768884 0)
(0.313925 0.467735 0)
(0.565698 0.14011 0)
(0.800166 -0.171122 0)
(1.01018 -0.440102 0)
(1.19234 -0.656195 0)
(1.34236 -0.815248 0)
(1.45886 -0.92099 0)
(1.54199 -0.981574 0)
(1.59461 -1.0019 0)
(1.61594 -0.994914 0)
(1.59494 -0.978679 0)
(1.53315 -0.972948 0)
(1.45289 -0.97507 0)
(1.37715 -0.967506 0)
(1.31804 -0.931283 0)
(1.28972 -0.854432 0)
(1.30289 -0.719859 0)
(1.35789 -0.533146 0)
(1.44416 -0.316408 0)
(1.54963 -0.0922299 0)
(1.66178 0.11927 0)
(1.77257 0.306324 0)
(1.87549 0.460455 0)
(1.96516 0.577861 0)
(2.03753 0.658879 0)
(2.091 0.707153 0)
(2.12485 0.728595 0)
(2.13956 0.732425 0)
(2.13484 0.725757 0)
(2.1103 0.71582 0)
(2.07497 0.708704 0)
(2.03677 0.7049 0)
(2.00155 0.699843 0)
(1.97657 0.683256 0)
(1.96953 0.63964 0)
(1.98264 0.560996 0)
(2.01484 0.444081 0)
(2.06391 0.293152 0)
(2.12575 0.120025 0)
(2.19304 -0.0567139 0)
(2.25751 -0.218816 0)
(2.31464 -0.357256 0)
(2.36004 -0.464219 0)
(2.39237 -0.539049 0)
(2.41107 -0.582973 0)
(2.41716 -0.600521 0)
(2.40797 -0.599762 0)
(2.38172 -0.577772 0)
(2.34272 -0.548908 0)
(2.29826 -0.522796 0)
(2.25379 -0.50292 0)
(2.21289 -0.487924 0)
(2.17813 -0.473381 0)
(2.15149 -0.451998 0)
(2.13563 -0.416694 0)
(2.13045 -0.361912 0)
(2.13525 -0.285946 0)
(2.1492 -0.19046 0)
(2.17088 -0.0806048 0)
(2.19791 0.0360393 0)
(2.22658 0.148618 0)
(2.2546 0.251151 0)
(2.27977 0.337807 0)
(2.30083 0.405702 0)
(2.317 0.453267 0)
(2.32775 0.481332 0)
(2.33277 0.493152 0)
(2.33191 0.493637 0)
(2.32522 0.478134 0)
(2.31591 0.4536 0)
(2.30768 0.42408 0)
(2.30208 0.389412 0)
(2.29987 0.348923 0)
(2.30166 0.301158 0)
(2.30821 0.244762 0)
(2.31919 0.179115 0)
(2.33419 0.104572 0)
(2.35219 0.0233811 0)
(2.37088 -0.0596784 0)
(2.38765 -0.13935 0)
(2.40073 -0.211775 0)
(2.40901 -0.274432 0)
(2.41222 -0.324522 0)
(2.41065 -0.360613 0)
(2.40525 -0.38259 0)
(2.39504 -0.391532 0)
(2.38077 -0.389519 0)
(2.36308 -0.37681 0)
(-0.0436041 -0.2087 0)
(-0.162243 -0.183714 0)
(-0.26964 -0.148622 0)
(-0.364845 -0.0816032 0)
(-0.442006 0.0263456 0)
(-0.493232 0.18507 0)
(-0.510241 0.389871 0)
(-0.486448 0.608785 0)
(-0.420508 0.804855 0)
(-0.309707 0.942406 0)
(-0.14514 0.991493 0)
(0.0743068 0.933294 0)
(0.325146 0.770524 0)
(0.589908 0.521954 0)
(0.849106 0.217107 0)
(1.08736 -0.0976163 0)
(1.29774 -0.385109 0)
(1.47596 -0.623865 0)
(1.6182 -0.805701 0)
(1.7221 -0.929127 0)
(1.79189 -0.999161 0)
(1.83218 -1.02751 0)
(1.84677 -1.02897 0)
(1.83995 -0.986128 0)
(1.80227 -0.922846 0)
(1.72303 -0.876678 0)
(1.60384 -0.864131 0)
(1.47215 -0.86758 0)
(1.35547 -0.858103 0)
(1.26687 -0.811923 0)
(1.21735 -0.720985 0)
(1.21759 -0.579076 0)
(1.26109 -0.395517 0)
(1.3366 -0.191924 0)
(1.43173 0.0101947 0)
(1.53637 0.195897 0)
(1.64241 0.355774 0)
(1.74341 0.485167 0)
(1.83321 0.582302 0)
(1.9082 0.649667 0)
(1.96572 0.69205 0)
(2.00537 0.713579 0)
(2.02809 0.722763 0)
(2.03608 0.725789 0)
(2.03504 0.725805 0)
(2.02897 0.724376 0)
(2.02673 0.715588 0)
(2.03592 0.682965 0)
(2.06164 0.620942 0)
(2.10463 0.523838 0)
(2.16367 0.390546 0)
(2.23605 0.226794 0)
(2.31569 0.0472166 0)
(2.39252 -0.126816 0)
(2.45865 -0.280222 0)
(2.50953 -0.405755 0)
(2.54239 -0.497371 0)
(2.55796 -0.55753 0)
(2.55802 -0.585674 0)
(2.53929 -0.588344 0)
(2.50168 -0.565593 0)
(2.44742 -0.52992 0)
(2.383 -0.493445 0)
(2.31501 -0.465195 0)
(2.24822 -0.447848 0)
(2.18692 -0.438702 0)
(2.13392 -0.432133 0)
(2.09033 -0.421011 0)
(2.0571 -0.396681 0)
(2.03593 -0.352985 0)
(2.02589 -0.287414 0)
(2.0264 -0.201463 0)
(2.03675 -0.0997761 0)
(2.0557 0.0108893 0)
(2.08062 0.120568 0)
(2.10924 0.222267 0)
(2.13934 0.310138 0)
(2.16914 0.38072 0)
(2.19698 0.43251 0)
(2.2212 0.465803 0)
(2.24087 0.483147 0)
(2.25713 0.486568 0)
(2.27004 0.476663 0)
(2.27983 0.453915 0)
(2.28839 0.423032 0)
(2.29799 0.3859 0)
(2.31045 0.342014 0)
(2.32609 0.290331 0)
(2.34499 0.230051 0)
(2.36708 0.160846 0)
(2.39196 0.0835339 0)
(2.41775 0.0014796 0)
(2.441 -0.0793523 0)
(2.45885 -0.154604 0)
(2.46932 -0.221094 0)
(2.4718 -0.276782 0)
(2.46679 -0.319932 0)
(2.45493 -0.350212 0)
(2.43571 -0.368071 0)
(2.41009 -0.372608 0)
(2.37898 -0.365385 0)
(2.34388 -0.349138 0)
(-0.0337833 -0.132353 0)
(-0.106726 -0.100192 0)
(-0.150585 -0.0733108 0)
(-0.185607 -0.0197681 0)
(-0.207487 0.0674934 0)
(-0.210042 0.195326 0)
(-0.180026 0.357968 0)
(-0.106949 0.532169 0)
(0.0171135 0.681755 0)
(0.197136 0.768647 0)
(0.429373 0.768826 0)
(0.692287 0.67991 0)
(0.960941 0.510009 0)
(1.2164 0.271327 0)
(1.45263 -0.0152129 0)
(1.65893 -0.305535 0)
(1.83168 -0.561616 0)
(1.96446 -0.76321 0)
(2.05577 -0.905749 0)
(2.11013 -0.991107 0)
(2.13212 -1.03163 0)
(2.12911 -1.03769 0)
(2.09609 -1.01186 0)
(2.04165 -0.947547 0)
(1.97669 -0.859947 0)
(1.89478 -0.771806 0)
(1.77566 -0.718313 0)
(1.61555 -0.712294 0)
(1.44842 -0.723775 0)
(1.30582 -0.716364 0)
(1.20159 -0.666787 0)
(1.14605 -0.571138 0)
(1.14061 -0.434471 0)
(1.18355 -0.265916 0)
(1.25829 -0.0842671 0)
(1.35127 0.0913625 0)
(1.45338 0.248944 0)
(1.55733 0.382726 0)
(1.65679 0.490192 0)
(1.74671 0.571645 0)
(1.82394 0.629992 0)
(1.88668 0.669304 0)
(1.93476 0.694052 0)
(1.97057 0.708234 0)
(1.9987 0.714673 0)
(2.02542 0.713241 0)
(2.05826 0.693461 0)
(2.10285 0.647505 0)
(2.16099 0.57017 0)
(2.23314 0.457772 0)
(2.318 0.311756 0)
(2.41232 0.139484 0)
(2.50597 -0.0386166 0)
(2.58761 -0.201217 0)
(2.65035 -0.338462 0)
(2.68927 -0.442051 0)
(2.70604 -0.513907 0)
(2.70284 -0.553476 0)
(2.67651 -0.564123 0)
(2.62902 -0.544089 0)
(2.56277 -0.504348 0)
(2.48297 -0.456649 0)
(2.39588 -0.413817 0)
(2.30705 -0.384971 0)
(2.22128 -0.372053 0)
(2.14291 -0.371018 0)
(2.07468 -0.374329 0)
(2.01746 -0.373834 0)
(1.97068 -0.361279 0)
(1.9359 -0.329458 0)
(1.91365 -0.27551 0)
(1.903 -0.200648 0)
(1.9036 -0.10941 0)
(1.91497 -0.00809673 0)
(1.93556 0.0947157 0)
(1.96336 0.191503 0)
(1.99625 0.276863 0)
(2.03188 0.347035 0)
(2.0681 0.400303 0)
(2.10299 0.43662 0)
(2.13563 0.457452 0)
(2.16673 0.463735 0)
(2.19603 0.455506 0)
(2.22317 0.43518 0)
(2.24905 0.405172 0)
(2.27496 0.366839 0)
(2.30198 0.320643 0)
(2.33083 0.266369 0)
(2.36204 0.203356 0)
(2.39562 0.131476 0)
(2.43006 0.0528638 0)
(2.46158 -0.0264832 0)
(2.4869 -0.101291 0)
(2.50343 -0.167565 0)
(2.50915 -0.224162 0)
(2.50586 -0.271012 0)
(2.49242 -0.307023 0)
(2.46811 -0.329666 0)
(2.43304 -0.337586 0)
(2.38847 -0.333632 0)
(2.33788 -0.321461 0)
(2.28612 -0.304428 0)
(-0.0254296 -0.0043865 0)
(-0.0529467 -0.0487068 0)
(-0.0108364 -0.0504354 0)
(0.0392847 -0.0155307 0)
(0.103031 0.0506214 0)
(0.181461 0.147234 0)
(0.284221 0.264577 0)
(0.423024 0.385071 0)
(0.606195 0.480305 0)
(0.831812 0.520919 0)
(1.08372 0.493113 0)
(1.33705 0.402301 0)
(1.57341 0.255749 0)
(1.79599 0.0458896 0)
(2.00968 -0.220506 0)
(2.19101 -0.482399 0)
(2.32597 -0.696929 0)
(2.41172 -0.853252 0)
(2.45257 -0.956094 0)
(2.45894 -1.00903 0)
(2.43572 -1.01851 0)
(2.38485 -0.99406 0)
(2.30979 -0.940314 0)
(2.21801 -0.866232 0)
(2.12092 -0.775058 0)
(2.02487 -0.673095 0)
(1.91888 -0.582019 0)
(1.77783 -0.534426 0)
(1.59449 -0.539659 0)
(1.40655 -0.561793 0)
(1.25147 -0.561256 0)
(1.1438 -0.518392 0)
(1.09369 -0.429712 0)
(1.08871 -0.307254 0)
(1.13443 -0.159825 0)
(1.21283 -0.00331036 0)
(1.30695 0.145643 0)
(1.40883 0.277852 0)
(1.51199 0.38969 0)
(1.61088 0.480035 0)
(1.70172 0.550189 0)
(1.78216 0.602356 0)
(1.8519 0.639306 0)
(1.91307 0.663145 0)
(1.97044 0.673252 0)
(2.02949 0.665643 0)
(2.09599 0.636163 0)
(2.17282 0.578688 0)
(2.2609 0.488642 0)
(2.36038 0.36471 0)
(2.47 0.20949 0)
(2.58252 0.0360744 0)
(2.68365 -0.130847 0)
(2.7632 -0.274274 0)
(2.81452 -0.384606 0)
(2.83768 -0.463429 0)
(2.83485 -0.509503 0)
(2.80513 -0.526657 0)
(2.75069 -0.511424 0)
(2.67448 -0.471786 0)
(2.58218 -0.417118 0)
(2.48001 -0.360074 0)
(2.37457 -0.314122 0)
(2.26993 -0.287147 0)
(2.17054 -0.280604 0)
(2.08026 -0.289333 0)
(2.00125 -0.30392 0)
(1.93405 -0.314712 0)
(1.87807 -0.313877 0)
(1.8334 -0.294545 0)
(1.80203 -0.253115 0)
(1.78316 -0.1905 0)
(1.77635 -0.111108 0)
(1.78148 -0.0211967 0)
(1.79775 0.0719305 0)
(1.82348 0.16082 0)
(1.85684 0.24061 0)
(1.89563 0.307663 0)
(1.93754 0.359914 0)
(1.9806 0.396707 0)
(2.0239 0.418351 0)
(2.06743 0.425407 0)
(2.1104 0.41871 0)
(2.15231 0.399851 0)
(2.19339 0.370536 0)
(2.23418 0.332018 0)
(2.27542 0.284834 0)
(2.31792 0.228778 0)
(2.36202 0.163957 0)
(2.40684 0.0914682 0)
(2.44834 0.0163404 0)
(2.48261 -0.0561697 0)
(2.50693 -0.121927 0)
(2.51918 -0.178005 0)
(2.52119 -0.22385 0)
(2.51262 -0.259621 0)
(2.48523 -0.282419 0)
(2.44337 -0.290163 0)
(2.3879 -0.286288 0)
(2.32357 -0.275093 0)
(2.2568 -0.260848 0)
(2.19317 -0.246586 0)
(0.161486 -0.12432 0)
(0.11983 -0.156624 0)
(0.206412 -0.169983 0)
(0.29394 -0.145653 0)
(0.38828 -0.0832963 0)
(0.512998 0.00473288 0)
(0.668919 0.104397 0)
(0.854142 0.198287 0)
(1.06782 0.265305 0)
(1.30356 0.287226 0)
(1.54798 0.258927 0)
(1.78807 0.181323 0)
(2.02606 0.039376 0)
(2.27332 -0.179568 0)
(2.49394 -0.426051 0)
(2.65118 -0.636478 0)
(2.74247 -0.791602 0)
(2.77846 -0.893884 0)
(2.7753 -0.952561 0)
(2.73503 -0.975282 0)
(2.6658 -0.958049 0)
(2.5751 -0.910064 0)
(2.46927 -0.840865 0)
(2.35342 -0.756847 0)
(2.23305 -0.664552 0)
(2.1186 -0.568773 0)
(2.01413 -0.471672 0)
(1.90506 -0.388399 0)
(1.76448 -0.348464 0)
(1.58072 -0.361863 0)
(1.38785 -0.396671 0)
(1.22855 -0.410672 0)
(1.12227 -0.382704 0)
(1.07806 -0.311216 0)
(1.07562 -0.20869 0)
(1.12451 -0.0847441 0)
(1.2037 0.0475454 0)
(1.29772 0.172845 0)
(1.39899 0.283179 0)
(1.50199 0.377247 0)
(1.60198 0.454851 0)
(1.69626 0.515818 0)
(1.78459 0.560248 0)
(1.86933 0.587808 0)
(1.95442 0.596787 0)
(2.04305 0.584527 0)
(2.13898 0.547036 0)
(2.24436 0.479443 0)
(2.3601 0.378739 0)
(2.48632 0.244469 0)
(2.61742 0.0845649 0)
(2.73774 -0.0783193 0)
(2.83424 -0.222504 0)
(2.89854 -0.333284 0)
(2.93001 -0.409431 0)
(2.93077 -0.457944 0)
(2.90635 -0.480687 0)
(2.84842 -0.469593 0)
(2.76553 -0.430587 0)
(2.66242 -0.372541 0)
(2.54739 -0.306134 0)
(2.42938 -0.244778 0)
(2.31271 -0.199494 0)
(2.20007 -0.177233 0)
(2.09454 -0.179064 0)
(1.99913 -0.198707 0)
(1.9153 -0.225231 0)
(1.84324 -0.24792 0)
(1.78257 -0.258851 0)
(1.73282 -0.25218 0)
(1.69536 -0.223546 0)
(1.67112 -0.173704 0)
(1.65915 -0.106943 0)
(1.65946 -0.0294244 0)
(1.67173 0.0521928 0)
(1.69477 0.131293 0)
(1.72699 0.203192 0)
(1.76657 0.264559 0)
(1.81162 0.313225 0)
(1.86048 0.348027 0)
(1.91203 0.368574 0)
(1.96532 0.375118 0)
(2.01924 0.368588 0)
(2.07325 0.350282 0)
(2.1271 0.321453 0)
(2.18104 0.283002 0)
(2.23584 0.235153 0)
(2.2921 0.177982 0)
(2.34896 0.11249 0)
(2.40251 0.0428418 0)
(2.44813 -0.0248855 0)
(2.48312 -0.0863677 0)
(2.50372 -0.139502 0)
(2.51001 -0.183016 0)
(2.50408 -0.215787 0)
(2.47845 -0.234507 0)
(2.42984 -0.23737 0)
(2.36545 -0.229233 0)
(2.29039 -0.215084 0)
(2.21205 -0.200183 0)
(2.13707 -0.188387 0)
(2.06904 -0.180715 0)
)
;

boundaryField
{
    inlet
    {
        type            fixedValue;
        value           nonuniform List<vector> 0();
    }
    outlet
    {
        type            zeroGradient;
    }
    topWall
    {
        type            noSlip;
    }
    lowerWall
    {
        type            noSlip;
    }
    leadingEdge
    {
        type            noSlip;
    }
    trailingEdge
    {
        type            noSlip;
    }
    upperSurface
    {
        type            noSlip;
    }
    lowerSurface
    {
        type            noSlip;
    }
    frontAndBack
    {
        type            empty;
    }
    procBoundary5to1
    {
        type            processor;
        value           nonuniform List<vector> 
103
(
(-0.019018 -0.539409 0)
(-0.0749299 -0.531477 0)
(-0.278183 -0.384997 0)
(-0.278183 -0.384997 0)
(-0.380721 -0.287542 0)
(-0.46852 -0.129164 0)
(-0.531513 0.0974216 0)
(-0.564056 0.364616 0)
(-0.571802 0.641337 0)
(-0.56077 0.893484 0)
(-0.539177 1.0894 0)
(-0.507705 1.21205 0)
(-0.466668 1.25534 0)
(-0.389526 1.17697 0)
(-0.259613 0.983465 0)
(-0.0632805 0.70706 0)
(0.165723 0.386021 0)
(0.400499 0.062465 0)
(0.620455 -0.226902 0)
(0.820892 -0.468622 0)
(0.997208 -0.659245 0)
(1.14273 -0.798675 0)
(1.25568 -0.892783 0)
(1.33485 -0.951682 0)
(1.37808 -0.985344 0)
(1.38933 -1.00755 0)
(1.37568 -1.02229 0)
(1.35524 -1.0238 0)
(1.34115 -1.00379 0)
(1.3361 -0.946539 0)
(1.37928 -0.831134 0)
(1.4583 -0.655423 0)
(1.56688 -0.438271 0)
(1.6931 -0.202676 0)
(1.8216 0.0274711 0)
(1.94244 0.236145 0)
(2.04925 0.413017 0)
(2.13722 0.551584 0)
(2.20428 0.649791 0)
(2.25065 0.709254 0)
(2.27699 0.7364 0)
(2.28537 0.741937 0)
(2.27342 0.722811 0)
(2.23814 0.691569 0)
(2.18437 0.664734 0)
(2.11886 0.650675 0)
(2.04996 0.649235 0)
(1.98542 0.652767 0)
(1.93116 0.650147 0)
(1.89221 0.626431 0)
(1.87532 0.568871 0)
(1.88043 0.471684 0)
(1.90551 0.337702 0)
(1.94758 0.177144 0)
(2.00164 0.00583019 0)
(2.06046 -0.157299 0)
(2.11932 -0.301395 0)
(2.17321 -0.418047 0)
(2.21913 -0.504725 0)
(2.25442 -0.560867 0)
(2.27857 -0.590912 0)
(2.29077 -0.601276 0)
(2.29222 -0.597412 0)
(2.2807 -0.578235 0)
(2.26134 -0.555972 0)
(2.24029 -0.535762 0)
(2.22141 -0.516552 0)
(2.20715 -0.494581 0)
(2.20091 -0.464131 0)
(2.20408 -0.418616 0)
(2.21669 -0.353881 0)
(2.2379 -0.26908 0)
(2.26651 -0.16604 0)
(2.30008 -0.0511163 0)
(2.33483 0.0669359 0)
(2.36631 0.177749 0)
(2.39215 0.276155 0)
(2.41047 0.357478 0)
(2.42058 0.418873 0)
(2.4228 0.460794 0)
(2.41784 0.482105 0)
(2.40377 0.487166 0)
(2.38185 0.478458 0)
(2.35454 0.460344 0)
(2.3263 0.436208 0)
(2.29956 0.408255 0)
(2.27648 0.37717 0)
(2.25907 0.341523 0)
(2.24812 0.299078 0)
(2.24353 0.247974 0)
(2.24484 0.18723 0)
(2.25148 0.116958 0)
(2.26267 0.038914 0)
(2.27699 -0.043333 0)
(2.29236 -0.124145 0)
(2.30722 -0.199132 0)
(2.3206 -0.265151 0)
(2.33175 -0.318878 0)
(2.34032 -0.358751 0)
(2.34629 -0.384207 0)
(2.34928 -0.395893 0)
(2.34917 -0.397997 0)
(2.34525 -0.387543 0)
)
;
    }
    procBoundary5to4
    {
        type            processor;
        value           nonuniform List<vector> 
11
(
(0.210467 -0.0132149 0)
(1.22444 -0.067987 0)
(2.2125 -0.0867988 0)
(2.68206 -0.0904157 0)
(2.82809 -0.083035 0)
(2.86326 -0.0791257 0)
(2.85839 -0.0706865 0)
(2.85839 -0.0706865 0)
(2.83169 -0.0665832 0)
(2.63743 -0.0529201 0)
(1.72288 -0.0286903 0)
)
;
    }
    procBoundary5to6
    {
        type            processor;
        value           nonuniform List<vector> 
16
(
(1.87447 -0.123042 0)
(1.7482 -0.0816106 0)
(1.64723 -0.0536836 0)
(1.56393 -0.0345516 0)
(1.43688 -0.0170318 0)
(1.43688 -0.0170318 0)
(1.1431 -0.0098175 0)
(0.761246 -0.00796509 0)
(0.388821 -0.00555366 0)
(0.11641 -0.00495159 0)
(-0.0135668 -0.00233315 0)
(2.34372 -0.354689 0)
(2.30831 -0.326586 0)
(2.23761 -0.285013 0)
(2.13579 -0.233086 0)
(2.01013 -0.176128 0)
)
;
    }
}


// ************************************************************************* //
