/*--------------------------------*- C++ -*----------------------------------*\
| =========                 |                                                 |
| \\      /  F ield         | OpenFOAM: The Open Source CFD Toolbox           |
|  \\    /   O peration     | Version:  2206                                  |
|   \\  /    A nd           | Website:  www.openfoam.com                      |
|    \\/     M anipulation  |                                                 |
\*---------------------------------------------------------------------------*/
FoamFile
{
    version     2.0;
    format      ascii;
    arch        "LSB;label=32;scalar=64";
    class       surfaceScalarField;
    location    "18.3999";
    object      ddtCorrDdt0(phi);
}
// * * * * * * * * * * * * * * * * * * * * * * * * * * * * * * * * * * * * * //

dimensions      [0 3 -2 0 0 0 0];

oriented        oriented;

internalField   nonuniform List<scalar> 
6019
(
-2.34577e-10
1.34067e-08
-1.31696e-08
-9.56025e-10
4.12348e-08
-4.05101e-08
-2.17952e-09
6.98478e-08
-6.86201e-08
-3.92215e-09
9.89424e-08
-9.71955e-08
-6.19328e-09
1.28283e-07
-1.26008e-07
-8.99719e-09
1.57606e-07
-1.54798e-07
-1.23313e-08
1.86646e-07
-1.83308e-07
-1.61905e-08
2.15131e-07
-2.11268e-07
-2.05646e-08
2.42782e-07
-2.38406e-07
-2.54357e-08
2.69347e-07
-2.64473e-07
-3.07864e-08
2.9462e-07
-2.89268e-07
-3.65904e-08
3.18459e-07
-3.12652e-07
-4.28261e-08
3.40769e-07
-3.34533e-07
-4.94638e-08
3.61504e-07
-3.54862e-07
-5.64801e-08
3.8065e-07
-3.7363e-07
-6.38476e-08
3.98235e-07
-3.90859e-07
-7.15494e-08
4.14316e-07
-4.06611e-07
-7.95577e-08
4.28992e-07
-4.20976e-07
-8.78575e-08
4.42383e-07
-4.34081e-07
-9.64206e-08
4.54644e-07
-4.46073e-07
-1.05235e-07
4.65948e-07
-4.57132e-07
-1.14278e-07
4.76498e-07
-4.67448e-07
-1.23545e-07
4.86509e-07
-4.77242e-07
-1.33019e-07
4.96225e-07
-4.86746e-07
-1.42704e-07
5.05901e-07
-4.96217e-07
-1.52593e-07
5.15822e-07
-5.05928e-07
-1.62698e-07
5.26273e-07
-5.1617e-07
-1.73042e-07
5.37616e-07
-5.27269e-07
-1.8361e-07
5.50056e-07
-5.39492e-07
-1.94425e-07
5.64111e-07
-5.53294e-07
-2.05539e-07
5.80084e-07
-5.68977e-07
-2.16997e-07
5.98458e-07
-5.86998e-07
-2.2882e-07
6.19435e-07
-6.07618e-07
-2.41089e-07
6.43674e-07
-6.31399e-07
-2.53835e-07
6.71365e-07
-6.58624e-07
-2.67157e-07
7.03124e-07
-6.89797e-07
-2.81125e-07
7.3931e-07
-7.25346e-07
-2.95785e-07
7.80181e-07
-7.65517e-07
-3.11361e-07
8.26635e-07
-8.11066e-07
-3.27724e-07
8.78145e-07
-8.61781e-07
-3.45323e-07
9.3648e-07
-9.18883e-07
-3.63886e-07
1.0002e-06
-9.81628e-07
-3.83951e-07
1.07179e-06
-1.05173e-06
-4.05311e-07
1.14928e-06
-1.12792e-06
-4.2842e-07
1.23544e-06
-1.21234e-06
-4.53037e-07
1.32812e-06
-1.3035e-06
-4.79991e-07
1.43021e-06
-1.40327e-06
-5.086e-07
1.53967e-06
-1.51106e-06
-5.39786e-07
1.65856e-06
-1.62737e-06
-5.73695e-07
1.7867e-06
-1.75279e-06
-6.09958e-07
1.9238e-06
-1.88755e-06
-6.49313e-07
2.07104e-06
-2.03168e-06
-6.92297e-07
2.22862e-06
-2.18564e-06
-7.37885e-07
2.39613e-06
-2.35054e-06
-7.87589e-07
2.57546e-06
-2.52576e-06
-8.38993e-07
2.76404e-06
-2.71264e-06
-8.94221e-07
2.97007e-06
-2.91484e-06
-9.5501e-07
3.1884e-06
-3.12761e-06
-1.02014e-06
3.41923e-06
-3.35411e-06
-1.09011e-06
3.66456e-06
-3.59459e-06
-1.16537e-06
3.92477e-06
-3.84952e-06
-1.24621e-06
4.20063e-06
-4.11979e-06
-1.33308e-06
4.49326e-06
-4.4064e-06
-1.42642e-06
4.80373e-06
-4.71038e-06
-1.52678e-06
5.13316e-06
-5.03281e-06
-1.63463e-06
5.48271e-06
-5.37485e-06
-1.75059e-06
5.85374e-06
-5.73779e-06
-1.87527e-06
6.24772e-06
-6.12304e-06
-2.00947e-06
6.66637e-06
-6.53217e-06
-2.15406e-06
7.11153e-06
-6.96693e-06
-2.31006e-06
7.58525e-06
-7.42926e-06
-2.47855e-06
8.08979e-06
-7.9213e-06
-2.66081e-06
8.62767e-06
-8.44542e-06
-2.85824e-06
9.20163e-06
-9.0042e-06
-3.07257e-06
9.81486e-06
-9.60054e-06
-3.3057e-06
1.04707e-05
-1.02376e-05
-3.56002e-06
1.11733e-05
-1.09189e-05
-3.83817e-06
1.19267e-05
-1.16485e-05
-4.14337e-06
1.2736e-05
-1.24308e-05
-4.47924e-06
1.36066e-05
-1.32708e-05
-4.8502e-06
1.45449e-05
-1.41739e-05
-5.26128e-06
1.55579e-05
-1.51468e-05
-5.71889e-06
1.66538e-05
-1.61962e-05
-6.23014e-06
1.78422e-05
-1.73309e-05
-6.80381e-06
1.91341e-05
-1.85604e-05
-7.45007e-06
2.0542e-05
-1.98958e-05
-8.18126e-06
2.20816e-05
-2.13504e-05
-9.01157e-06
2.37706e-05
-2.29403e-05
-9.9576e-06
2.56313e-05
-2.46853e-05
-1.10379e-05
2.76906e-05
-2.66104e-05
-1.22729e-05
2.99834e-05
-2.87484e-05
-1.36828e-05
3.2554e-05
-3.11442e-05
-1.52853e-05
3.54628e-05
-3.38604e-05
-1.70848e-05
3.87964e-05
-3.6997e-05
-1.90473e-05
4.26562e-05
-4.06937e-05
-2.10594e-05
4.72441e-05
-4.52321e-05
-2.30148e-05
5.28876e-05
-5.09323e-05
-2.32244e-05
6.01557e-05
-5.99461e-05
-2.01531e-05
6.92042e-05
-7.22756e-05
8.64286e-05
-0.000106582
-1.82209e-10
1.35907e-08
-7.48366e-10
4.18043e-08
-1.70857e-09
7.08103e-08
-3.07263e-09
1.00311e-07
-4.85063e-09
1.30064e-07
-7.04062e-09
1.59801e-07
-9.64714e-09
1.89255e-07
-1.2663e-08
2.18149e-07
-1.60833e-08
2.46203e-07
-1.98916e-08
2.73156e-07
-2.40755e-08
2.98805e-07
-2.86135e-08
3.22999e-07
-3.34894e-08
3.45646e-07
-3.86822e-08
3.66696e-07
-4.4169e-08
3.86142e-07
-4.99363e-08
4.04004e-07
-5.59599e-08
4.20348e-07
-6.22293e-08
4.35265e-07
-6.87195e-08
4.48883e-07
-7.54216e-08
4.61349e-07
-8.23117e-08
4.72849e-07
-8.93866e-08
4.83576e-07
-9.66267e-08
4.9376e-07
-1.04035e-07
5.03636e-07
-1.11598e-07
5.13475e-07
-1.19326e-07
5.23553e-07
-1.27214e-07
5.34172e-07
-1.35265e-07
5.45668e-07
-1.43532e-07
5.58334e-07
-1.52024e-07
5.72603e-07
-1.60723e-07
5.88794e-07
-1.69659e-07
6.07394e-07
-1.78898e-07
6.28689e-07
-1.88462e-07
6.53242e-07
-1.98418e-07
6.81336e-07
-2.08829e-07
7.13539e-07
-2.1971e-07
7.50206e-07
-2.3122e-07
7.91694e-07
-2.43313e-07
8.3874e-07
-2.56174e-07
8.91009e-07
-2.69872e-07
9.50193e-07
-2.84376e-07
1.01469e-06
-3.00096e-07
1.08751e-06
-3.16708e-07
1.16588e-06
-3.34726e-07
1.25347e-06
-3.54028e-07
1.34742e-06
-3.74925e-07
1.45112e-06
-3.97162e-07
1.56191e-06
-4.21855e-07
1.68326e-06
-4.47875e-07
1.81271e-06
-4.76374e-07
1.9523e-06
-5.07699e-07
2.10236e-06
-5.41257e-07
2.26218e-06
-5.77544e-07
2.43242e-06
-6.16446e-07
2.61437e-06
-6.59072e-07
2.80667e-06
-7.01082e-07
3.01209e-06
-7.48176e-07
3.23549e-06
-7.98751e-07
3.46981e-06
-8.53479e-07
3.71928e-06
-9.12582e-07
3.98388e-06
-9.76091e-07
4.26414e-06
-1.04422e-06
4.5614e-06
-1.11741e-06
4.87692e-06
-1.19603e-06
5.21179e-06
-1.28055e-06
5.56723e-06
-1.37147e-06
5.94467e-06
-1.46937e-06
6.34563e-06
-1.57485e-06
6.77187e-06
-1.6886e-06
7.22528e-06
-1.81134e-06
7.708e-06
-1.94396e-06
8.2224e-06
-2.08742e-06
8.77114e-06
-2.24297e-06
9.35718e-06
-2.41196e-06
9.98386e-06
-2.59608e-06
1.06549e-05
-2.79714e-06
1.13743e-05
-3.01734e-06
1.21469e-05
-3.25911e-06
1.29778e-05
-3.52542e-06
1.38729e-05
-3.81968e-06
1.48392e-05
-4.14612e-06
1.58843e-05
-4.5098e-06
1.70175e-05
-4.91674e-06
1.82491e-05
-5.37379e-06
1.95911e-05
-5.88896e-06
2.10572e-05
-6.47147e-06
2.26641e-05
-7.13158e-06
2.44307e-05
-7.88028e-06
2.638e-05
-8.72885e-06
2.85392e-05
-9.68691e-06
3.09414e-05
-1.07591e-05
3.36261e-05
-1.19408e-05
3.66444e-05
-1.31919e-05
4.00476e-05
-1.4449e-05
4.39133e-05
-1.55609e-05
4.83559e-05
-1.61685e-05
5.34952e-05
-1.53775e-05
5.93647e-05
-1.22704e-05
6.60971e-05
7.41582e-05
-1.28827e-10
1.37217e-08
-5.37869e-10
4.22164e-08
-1.22728e-09
7.15023e-08
-2.20449e-09
1.01292e-07
-3.47781e-09
1.3134e-07
-5.04685e-09
1.61374e-07
-6.9154e-09
1.91125e-07
-9.07753e-09
2.20314e-07
-1.15307e-08
2.48655e-07
-1.42618e-08
2.75889e-07
-1.72619e-08
3.01806e-07
-2.05167e-08
3.26256e-07
-2.40158e-08
3.49146e-07
-2.77414e-08
3.70425e-07
-3.16823e-08
3.90084e-07
-3.5822e-08
4.0815e-07
-4.01499e-08
4.2468e-07
-4.4649e-08
4.39773e-07
-4.93108e-08
4.53549e-07
-5.41168e-08
4.66165e-07
-5.90617e-08
4.77798e-07
-6.41303e-08
4.88656e-07
-6.93227e-08
4.98957e-07
-7.46263e-08
5.08953e-07
-8.0047e-08
5.18901e-07
-8.5575e-08
5.29094e-07
-9.1228e-08
5.39829e-07
-9.69749e-08
5.51428e-07
-1.02907e-07
5.6427e-07
-1.08972e-07
5.78682e-07
-1.15229e-07
5.95055e-07
-1.2162e-07
6.13801e-07
-1.28262e-07
6.35337e-07
-1.35094e-07
6.60092e-07
-1.42241e-07
6.88492e-07
-1.49681e-07
7.20997e-07
-1.57474e-07
7.58007e-07
-1.65737e-07
7.99973e-07
-1.74338e-07
8.47346e-07
-1.83653e-07
9.00342e-07
-1.93312e-07
9.59852e-07
-2.03858e-07
1.02525e-06
-2.1498e-07
1.09862e-06
-2.26895e-07
1.1778e-06
-2.39827e-07
1.2664e-06
-2.53551e-07
1.36115e-06
-2.6838e-07
1.46595e-06
-2.84469e-07
1.57802e-06
-3.01824e-07
1.70062e-06
-3.20212e-07
1.83111e-06
-3.41068e-07
1.97315e-06
-3.63142e-07
2.12443e-06
-3.87211e-07
2.28625e-06
-4.14378e-07
2.45959e-06
-4.42904e-07
2.6429e-06
-4.74825e-07
2.83861e-06
-5.04811e-07
3.04208e-06
-5.38448e-07
3.26914e-06
-5.7459e-07
3.50594e-06
-6.13669e-07
3.75837e-06
-6.56107e-07
4.02632e-06
-7.01699e-07
4.30974e-06
-7.50543e-07
4.61024e-06
-8.03005e-07
4.92939e-06
-8.59447e-07
5.26824e-06
-9.20238e-07
5.62803e-06
-9.85709e-07
6.01014e-06
-1.05623e-06
6.41617e-06
-1.13222e-06
6.84785e-06
-1.21411e-06
7.30718e-06
-1.30248e-06
7.79636e-06
-1.398e-06
8.31792e-06
-1.50147e-06
8.87461e-06
-1.61384e-06
9.46956e-06
-1.73609e-06
1.01061e-05
-1.86934e-06
1.07881e-05
-2.01477e-06
1.15198e-05
-2.17389e-06
1.2306e-05
-2.34848e-06
1.31524e-05
-2.54088e-06
1.40653e-05
-2.7538e-06
1.50521e-05
-2.99061e-06
1.61211e-05
-3.2551e-06
1.7282e-05
-3.55193e-06
1.85459e-05
-3.88565e-06
1.99248e-05
-4.26193e-06
2.14335e-05
-4.68666e-06
2.30888e-05
-5.16639e-06
2.49104e-05
-5.70764e-06
2.69212e-05
-6.31634e-06
2.91479e-05
-6.99559e-06
3.16207e-05
-7.74289e-06
3.43735e-05
-8.54027e-06
3.74418e-05
-9.35413e-06
4.08615e-05
-1.01177e-05
4.46769e-05
-1.06661e-05
4.89044e-05
-1.06885e-05
5.35176e-05
-9.70613e-06
5.83823e-05
-6.60054e-06
6.29915e-05
6.75577e-05
-7.48548e-11
-3.25899e-10
-7.39948e-10
-1.3272e-09
-2.08898e-09
-3.0315e-09
-4.15064e-09
-5.44982e-09
-6.92085e-09
2.50129e-07
-8.56132e-09
2.77531e-07
-1.0364e-08
3.03612e-07
-1.23246e-08
3.28219e-07
-1.44343e-08
3.51259e-07
-1.66869e-08
3.72679e-07
-1.90712e-08
3.92472e-07
-2.15771e-08
4.10659e-07
-2.41933e-08
4.27302e-07
-2.69125e-08
4.42494e-07
-2.9722e-08
4.56363e-07
-3.26165e-08
4.69062e-07
-3.55869e-08
4.80775e-07
-3.86325e-08
4.91703e-07
-4.17458e-08
5.02077e-07
-4.49288e-08
5.12138e-07
-4.81764e-08
5.22157e-07
-5.14924e-08
5.32412e-07
-5.48784e-08
5.43222e-07
-5.83277e-08
5.54878e-07
-6.18794e-08
5.67829e-07
-6.55182e-08
5.82322e-07
-6.92562e-08
5.98801e-07
-7.30973e-08
6.17645e-07
-7.70735e-08
6.39324e-07
-8.11788e-08
6.64202e-07
-8.54741e-08
6.92799e-07
-8.99227e-08
7.25449e-07
-9.46339e-08
7.62727e-07
-9.95512e-08
8.04891e-07
-1.04756e-07
8.5256e-07
-1.10329e-07
9.05916e-07
-1.1608e-07
9.65613e-07
-1.2253e-07
1.03169e-06
-1.2899e-07
1.10508e-06
-1.36357e-07
1.18517e-06
-1.43916e-07
1.27396e-06
-1.52134e-07
1.36937e-06
-1.61067e-07
1.47489e-06
-1.70548e-07
1.5875e-06
-1.80663e-07
1.71074e-06
-1.91814e-07
1.84225e-06
-2.0393e-07
1.98526e-06
-2.16558e-07
2.13706e-06
-2.3143e-07
2.30113e-06
-2.48082e-07
2.47624e-06
-2.66443e-07
2.66126e-06
-2.87197e-07
2.85936e-06
-3.07407e-07
3.0623e-06
-3.26833e-07
3.28856e-06
-3.48296e-07
3.52741e-06
-3.71495e-07
3.78156e-06
-3.96866e-07
4.05169e-06
-4.24074e-07
4.33694e-06
-4.5329e-07
4.63946e-06
-4.84771e-07
4.96087e-06
-5.18767e-07
5.30224e-06
-5.55501e-07
5.66477e-06
-5.95121e-07
6.04977e-06
-6.37738e-07
6.45878e-06
-6.83522e-07
6.89364e-06
-7.32828e-07
7.35648e-06
-7.86127e-07
7.84966e-06
-8.43915e-07
8.37571e-06
-9.06668e-07
8.93737e-06
-9.74748e-07
9.53763e-06
-1.04855e-06
1.01799e-05
-1.12857e-06
1.08681e-05
-1.21566e-06
1.16069e-05
-1.31097e-06
1.24013e-05
-1.41607e-06
1.32575e-05
-1.53268e-06
1.41819e-05
-1.6626e-06
1.5182e-05
-1.80776e-06
1.62663e-05
-1.97021e-06
1.74445e-05
-2.15315e-06
1.87289e-05
-2.35892e-06
2.01306e-05
-2.58978e-06
2.16644e-05
-2.84914e-06
2.33482e-05
-3.14068e-06
2.5202e-05
-3.46794e-06
2.72485e-05
-3.83348e-06
2.95135e-05
-4.2379e-06
3.20251e-05
-4.67774e-06
3.48133e-05
-5.14141e-06
3.79056e-05
-5.60918e-06
4.13293e-05
-6.02427e-06
4.50921e-05
-6.2877e-06
4.91679e-05
-6.24317e-06
5.34732e-05
-5.67885e-06
5.78181e-05
-4.7119e-06
6.20246e-05
6.28458e-05
-2.26934e-09
-2.81373e-09
-3.4145e-09
-4.07103e-09
-4.78271e-09
-5.54574e-09
-6.35557e-09
-7.20691e-09
-8.09487e-09
-9.01243e-09
-9.95712e-09
-1.0924e-08
-1.19137e-08
-1.29232e-08
-1.39549e-08
-1.50047e-08
-1.60777e-08
-1.71702e-08
-1.82876e-08
-1.94206e-08
-2.05945e-08
-2.17911e-08
-2.30223e-08
-2.42787e-08
-2.55901e-08
-2.69421e-08
-2.83615e-08
-2.98346e-08
-3.13878e-08
-3.30177e-08
-3.47365e-08
-3.65686e-08
-3.84826e-08
-4.0603e-08
-4.26942e-08
-4.52131e-08
-4.75284e-08
-5.0343e-08
-5.31629e-08
-5.6036e-08
-5.93929e-08
-6.27147e-08
-6.61437e-08
-6.98202e-08
-7.4347e-08
-7.88365e-08
-8.63654e-08
-9.64685e-08
-1.10039e-07
-1.13879e-07
-1.18996e-07
-1.27453e-07
-1.36641e-07
-1.45461e-07
-1.54643e-07
-1.64828e-07
-1.76112e-07
-1.88298e-07
-2.01262e-07
-2.15143e-07
-2.30308e-07
-2.47038e-07
-2.65346e-07
-2.85008e-07
-3.05742e-07
-3.27503e-07
-3.50688e-07
-3.75977e-07
-4.04286e-07
-4.3645e-07
-4.73232e-07
-5.15081e-07
-5.62159e-07
-6.14371e-07
-6.70347e-07
-7.35577e-07
-8.08488e-07
-8.88597e-07
-9.77948e-07
-1.07766e-06
-1.18901e-06
-1.31275e-06
-1.4489e-06
-1.59639e-06
-1.75379e-06
-1.91348e-06
-2.06339e-06
-2.18348e-06
-2.23774e-06
-2.08855e-06
-1.44347e-06
-1.63682e-09
1.63806e-09
-4.87519e-09
3.2399e-09
-1.16749e-08
6.80066e-09
-1.85899e-08
6.91657e-09
-2.85801e-08
9.99125e-09
-3.99273e-08
1.13493e-08
-5.43685e-08
1.44419e-08
-7.06075e-08
1.62413e-08
-8.88193e-08
1.82134e-08
-1.08717e-07
1.99009e-08
-1.29895e-07
2.11804e-08
-1.52087e-07
2.21955e-08
-1.75447e-07
2.33623e-08
-1.99922e-07
2.44786e-08
-2.25126e-07
2.52057e-08
-2.50652e-07
2.55304e-08
-2.76165e-07
2.55126e-08
-3.01795e-07
2.56331e-08
-3.26832e-07
2.50363e-08
-3.50586e-07
2.37569e-08
-3.72718e-07
2.21291e-08
-3.93358e-07
2.06423e-08
-4.11305e-07
1.79439e-08
-4.27718e-07
1.64155e-08
-4.42396e-07
1.46747e-08
-4.56177e-07
1.37837e-08
-4.66828e-07
1.06502e-08
-4.75749e-07
8.92568e-09
-4.84719e-07
8.97114e-09
-4.94536e-07
9.82183e-09
-5.06054e-07
1.15168e-08
-5.20351e-07
1.42999e-08
-5.3855e-07
1.81947e-08
-5.61628e-07
2.30796e-08
-5.90443e-07
2.88088e-08
-6.25759e-07
3.53147e-08
-6.67992e-07
4.22259e-08
-7.16883e-07
4.88886e-08
-7.72177e-07
5.52853e-08
-8.33577e-07
6.13979e-08
-9.01393e-07
6.78072e-08
-9.74296e-07
7.28998e-08
-1.05139e-06
7.70861e-08
-1.13173e-06
8.03399e-08
-1.21552e-06
8.37793e-08
-1.30303e-06
8.7507e-08
-1.3936e-06
9.05575e-08
-1.48868e-06
9.50814e-08
-1.58914e-06
1.00452e-07
-1.69598e-06
1.06833e-07
-1.81065e-06
1.14664e-07
-1.93374e-06
1.23091e-07
-2.06496e-06
1.31209e-07
-2.20735e-06
1.4239e-07
-2.36019e-06
1.52833e-07
-2.53169e-06
1.715e-07
-2.71332e-06
1.81623e-07
-2.90934e-06
1.96017e-07
-3.11826e-06
2.08921e-07
-3.33819e-06
2.19927e-07
-3.57408e-06
2.35879e-07
-3.83212e-06
2.58039e-07
-4.0842e-06
2.52071e-07
-4.34299e-06
2.58786e-07
-4.61614e-06
2.7315e-07
-4.91498e-06
2.98837e-07
-5.24294e-06
3.27951e-07
-5.59378e-06
3.50839e-07
-5.96571e-06
3.71917e-07
-6.3642e-06
3.98489e-07
-6.79094e-06
4.26739e-07
-7.2463e-06
4.55354e-07
-7.73214e-06
4.85835e-07
-8.24581e-06
5.13673e-07
-8.78632e-06
5.40507e-07
-9.35262e-06
5.66299e-07
-9.94372e-06
5.91093e-07
-1.05588e-05
6.15049e-07
-1.11972e-05
6.38375e-07
-1.18584e-05
6.61231e-07
-1.25439e-05
6.85488e-07
-1.32576e-05
7.13769e-07
-1.39995e-05
7.41861e-07
-1.47633e-05
7.63828e-07
-1.55443e-05
7.8092e-07
-1.63401e-05
7.95814e-07
-1.7147e-05
8.06885e-07
-1.79588e-05
8.11842e-07
-1.87655e-05
8.06681e-07
-1.95535e-05
7.88035e-07
-2.03123e-05
7.58807e-07
-2.10343e-05
7.21983e-07
-2.1737e-05
7.0271e-07
-2.23947e-05
6.5764e-07
-2.29534e-05
5.58699e-07
-2.34128e-05
4.59448e-07
-2.37817e-05
3.68857e-07
-2.40585e-05
2.76826e-07
-2.42326e-05
1.74127e-07
8.14025e-08
-2.4314e-05
-6.2474e-10
2.26416e-09
-3.76905e-09
6.38559e-09
-9.99511e-09
1.30279e-08
-1.83331e-08
1.52561e-08
-2.8046e-08
1.97055e-08
-3.91535e-08
2.24583e-08
-5.20706e-08
2.73604e-08
-6.67437e-08
3.09163e-08
-8.34705e-08
3.49423e-08
-1.0164e-07
3.80736e-08
-1.20868e-07
4.04108e-08
-1.40985e-07
4.23156e-08
-1.62927e-07
4.53064e-08
-1.86297e-07
4.78522e-08
-2.10695e-07
4.96058e-08
-2.35755e-07
5.05935e-08
-2.61183e-07
5.09423e-08
-2.88288e-07
5.27394e-08
-3.15631e-07
5.23798e-08
-3.42836e-07
5.0962e-08
-3.69466e-07
4.8759e-08
-3.97166e-07
4.8343e-08
-4.22047e-07
4.28242e-08
-4.47942e-07
4.231e-08
-4.72468e-07
3.92002e-08
-4.98459e-07
3.97761e-08
-5.21181e-07
3.33728e-08
-5.44588e-07
3.23368e-08
-5.68132e-07
3.25169e-08
-5.91924e-07
3.36164e-08
-6.16172e-07
3.57652e-08
-6.41222e-07
3.93512e-08
-6.67372e-07
4.43425e-08
-6.94939e-07
5.06456e-08
-7.24343e-07
5.82093e-08
-7.56637e-07
6.76067e-08
-7.91844e-07
7.74278e-08
-8.29895e-07
8.69365e-08
-8.71346e-07
9.67325e-08
-9.16757e-07
1.06805e-07
-9.65433e-07
1.16478e-07
-1.0191e-06
1.2656e-07
-1.07824e-06
1.36223e-07
-1.14293e-06
1.45026e-07
-1.21349e-06
1.54336e-07
-1.28934e-06
1.6336e-07
-1.3711e-06
1.72305e-07
-1.45884e-06
1.82824e-07
-1.55371e-06
1.95316e-07
-1.65645e-06
2.09572e-07
-1.76654e-06
2.24743e-07
-1.88565e-06
2.42208e-07
-2.01397e-06
2.59517e-07
-2.15135e-06
2.79769e-07
-2.29464e-06
2.96125e-07
-2.45677e-06
3.33627e-07
-2.63294e-06
3.57786e-07
-2.81633e-06
3.79406e-07
-3.01107e-06
4.0366e-07
-3.2175e-06
4.26357e-07
-3.43355e-06
4.51921e-07
-3.65177e-06
4.7626e-07
-3.89508e-06
4.95373e-07
-4.18892e-06
5.5262e-07
-4.49071e-06
5.74938e-07
-4.80619e-06
6.14321e-07
-5.13e-06
6.51754e-07
-5.4832e-06
7.04039e-07
-5.8606e-06
7.49315e-07
-6.25973e-06
7.97617e-07
-6.68107e-06
8.48074e-07
-7.12684e-06
9.01121e-07
-7.59715e-06
9.5614e-07
-8.09447e-06
1.01099e-06
-8.61902e-06
1.06505e-06
-9.1714e-06
1.11867e-06
-9.75208e-06
1.17178e-06
-1.03615e-05
1.22444e-06
-1.09998e-05
1.27666e-06
-1.16649e-05
1.32642e-06
-1.23586e-05
1.37917e-06
-1.30829e-05
1.438e-06
-1.38332e-05
1.49222e-06
-1.46068e-05
1.53744e-06
-1.54039e-05
1.57796e-06
-1.62227e-05
1.61465e-06
-1.70596e-05
1.64372e-06
-1.79124e-05
1.66469e-06
-1.87703e-05
1.66458e-06
-1.96171e-05
1.63484e-06
-2.04359e-05
1.57755e-06
-2.12193e-05
1.50542e-06
-2.19555e-05
1.43887e-06
-2.26537e-05
1.35591e-06
-2.33233e-05
1.22827e-06
-2.39327e-05
1.06888e-06
-2.44554e-05
8.91539e-07
-2.4875e-05
6.96387e-07
-2.52018e-05
5.00965e-07
3.03973e-07
-2.54244e-05
-5.01836e-10
2.76738e-09
-3.60027e-09
9.48543e-09
-6.81554e-09
1.62446e-08
-1.29797e-08
2.14217e-08
-2.09e-08
2.76271e-08
-3.18259e-08
3.33855e-08
-4.42038e-08
3.97398e-08
-5.83449e-08
4.50593e-08
-7.47302e-08
5.133e-08
-9.08276e-08
5.41738e-08
-1.09572e-07
5.91576e-08
-1.31651e-07
6.4398e-08
-1.5456e-07
6.8218e-08
-1.77824e-07
7.11198e-08
-2.01983e-07
7.37669e-08
-2.26541e-07
7.51539e-08
-2.51061e-07
7.54642e-08
-2.78121e-07
7.98004e-08
-3.051e-07
7.93599e-08
-3.32332e-07
7.81938e-08
-3.60247e-07
7.66746e-08
-3.88565e-07
7.66608e-08
-4.17894e-07
7.21526e-08
-4.49278e-07
7.36949e-08
-4.81296e-07
7.12181e-08
-5.11282e-07
6.97629e-08
-5.4268e-07
6.47731e-08
-5.7573e-07
6.53901e-08
-6.09783e-07
6.65714e-08
-6.44847e-07
6.86828e-08
-6.80344e-07
7.12633e-08
-7.16598e-07
7.56049e-08
-7.53602e-07
8.13451e-08
-7.912e-07
8.82422e-08
-8.2881e-07
9.5817e-08
-8.69506e-07
1.08301e-07
-9.12847e-07
1.20766e-07
-9.56765e-07
1.30853e-07
-1.00333e-06
1.43292e-07
-1.05256e-06
1.56037e-07
-1.10568e-06
1.69597e-07
-1.16257e-06
1.83446e-07
-1.22406e-06
1.97708e-07
-1.29187e-06
2.12827e-07
-1.36539e-06
2.27855e-07
-1.44412e-06
2.42094e-07
-1.52883e-06
2.5701e-07
-1.62083e-06
2.74817e-07
-1.72059e-06
2.95076e-07
-1.82832e-06
3.17303e-07
-1.94499e-06
3.41411e-07
-2.07029e-06
3.67505e-07
-2.20608e-06
3.95304e-07
-2.35136e-06
4.25045e-07
-2.5082e-06
4.52962e-07
-2.67638e-06
5.01807e-07
-2.85667e-06
5.38077e-07
-3.04991e-06
5.72639e-07
-3.25543e-06
6.09181e-07
-3.4757e-06
6.46626e-07
-3.71181e-06
6.88027e-07
-3.96958e-06
7.34036e-07
-4.24166e-06
7.67444e-07
-4.5005e-06
8.11462e-07
-4.80589e-06
8.80324e-07
-5.13411e-06
9.42546e-07
-5.48912e-06
1.00676e-06
-5.85966e-06
1.07458e-06
-6.25379e-06
1.14345e-06
-6.67144e-06
1.21526e-06
-7.11385e-06
1.29049e-06
-7.58169e-06
1.36896e-06
-8.07544e-06
1.44989e-06
-8.59692e-06
1.53247e-06
-9.14757e-06
1.61571e-06
-9.72978e-06
1.70088e-06
-1.03433e-05
1.78533e-06
-1.09895e-05
1.87058e-06
-1.16641e-05
1.9513e-06
-1.23623e-05
2.02456e-06
-1.30932e-05
2.11014e-06
-1.38607e-05
2.2055e-06
-1.46639e-05
2.29542e-06
-1.55042e-05
2.37771e-06
-1.6378e-05
2.45181e-06
-1.72796e-05
2.51624e-06
-1.82034e-05
2.56755e-06
-1.91483e-05
2.60957e-06
-2.00934e-05
2.6097e-06
-2.10292e-05
2.57059e-06
-2.19477e-05
2.49602e-06
-2.28633e-05
2.42104e-06
-2.37797e-05
2.35528e-06
-2.46535e-05
2.22974e-06
-2.54677e-05
2.04243e-06
-2.62054e-05
1.80654e-06
-2.68467e-05
1.53288e-06
-2.73775e-05
1.22722e-06
-2.77797e-05
9.03135e-07
5.71596e-07
-2.80473e-05
-8.52743e-10
3.6215e-09
-3.15964e-09
1.17938e-08
-7.03893e-09
2.01254e-08
-1.33294e-08
2.77135e-08
-2.12418e-08
3.55407e-08
-3.10154e-08
4.31605e-08
-4.22836e-08
5.10094e-08
-5.54945e-08
5.82723e-08
-7.01637e-08
6.60016e-08
-8.6899e-08
7.09115e-08
-1.0523e-07
7.74911e-08
-1.24483e-07
8.36548e-08
-1.45171e-07
8.89087e-08
-1.6729e-07
9.32426e-08
-1.9081e-07
9.72889e-08
-2.15624e-07
9.99703e-08
-2.41591e-07
1.01432e-07
-2.6809e-07
1.063e-07
-2.95807e-07
1.07077e-07
-3.24508e-07
1.06895e-07
-3.5436e-07
1.06528e-07
-3.83669e-07
1.0597e-07
-4.17046e-07
1.05529e-07
-4.46486e-07
1.03136e-07
-4.78594e-07
1.03327e-07
-5.15421e-07
1.06592e-07
-5.56827e-07
1.06181e-07
-5.97252e-07
1.05817e-07
-6.37327e-07
1.06648e-07
-6.77533e-07
1.08891e-07
-7.17987e-07
1.11719e-07
-7.58614e-07
1.16231e-07
-7.99879e-07
1.22609e-07
-8.41368e-07
1.2973e-07
-8.84375e-07
1.38822e-07
-9.26952e-07
1.50876e-07
-9.71761e-07
1.65574e-07
-1.01672e-06
1.75807e-07
-1.06546e-06
1.92037e-07
-1.11649e-06
2.07066e-07
-1.17101e-06
2.24108e-07
-1.22958e-06
2.42024e-07
-1.29264e-06
2.60759e-07
-1.36537e-06
2.85562e-07
-1.44238e-06
3.04856e-07
-1.52063e-06
3.20345e-07
-1.6062e-06
3.42587e-07
-1.70081e-06
3.69418e-07
-1.80412e-06
3.98386e-07
-1.91605e-06
4.29231e-07
-2.03711e-06
4.62476e-07
-2.16752e-06
4.97909e-07
-2.30853e-06
5.36313e-07
-2.46053e-06
5.77048e-07
-2.62897e-06
6.21403e-07
-2.80104e-06
6.73881e-07
-2.98589e-06
7.22925e-07
-3.18437e-06
7.71115e-07
-3.39735e-06
8.22163e-07
-3.62474e-06
8.74019e-07
-3.87028e-06
9.33566e-07
-4.12926e-06
9.93018e-07
-4.40482e-06
1.043e-06
-4.70595e-06
1.11259e-06
-5.01778e-06
1.19216e-06
-5.35206e-06
1.27683e-06
-5.70617e-06
1.36086e-06
-6.08094e-06
1.44935e-06
-6.47973e-06
1.54224e-06
-6.90339e-06
1.63893e-06
-7.35258e-06
1.73968e-06
-7.8282e-06
1.84458e-06
-8.33185e-06
1.95354e-06
-8.86557e-06
2.06619e-06
-9.43082e-06
2.18096e-06
-1.00314e-05
2.30147e-06
-1.06634e-05
2.41729e-06
-1.13377e-05
2.54488e-06
-1.20287e-05
2.64236e-06
-1.27466e-05
2.74245e-06
-1.35328e-05
2.89633e-06
-1.43646e-05
3.03728e-06
-1.5229e-05
3.15982e-06
-1.61227e-05
3.27143e-06
-1.7044e-05
3.37311e-06
-1.79879e-05
3.46013e-06
-1.89465e-05
3.52615e-06
-1.9892e-05
3.55509e-06
-2.08564e-05
3.57412e-06
-2.18671e-05
3.58125e-06
-2.29433e-05
3.57225e-06
-2.40258e-05
3.50353e-06
-2.50139e-05
3.34338e-06
-2.59259e-05
3.14176e-06
-2.67729e-05
2.88936e-06
-2.75419e-05
2.57558e-06
-2.82115e-05
2.20242e-06
-2.87628e-05
1.77851e-06
-2.91762e-05
1.31663e-06
8.31348e-07
-2.9436e-05
-8.42071e-10
4.46512e-09
-3.12458e-09
1.40779e-08
-7.26852e-09
2.42708e-08
-1.32906e-08
3.37371e-08
-2.11658e-08
4.34172e-08
-3.07774e-08
5.27734e-08
-4.20833e-08
6.2317e-08
-5.51254e-08
7.13165e-08
-6.91667e-08
8.00452e-08
-8.60412e-08
8.77885e-08
-1.03961e-07
9.54141e-08
-1.2313e-07
1.02828e-07
-1.43643e-07
1.09425e-07
-1.65477e-07
1.1508e-07
-1.8828e-07
1.20095e-07
-2.1263e-07
1.24322e-07
-2.38897e-07
1.27701e-07
-2.63915e-07
1.31319e-07
-2.9056e-07
1.33723e-07
-3.1893e-07
1.35265e-07
-3.48663e-07
1.36261e-07
-3.79803e-07
1.37111e-07
-4.11797e-07
1.37523e-07
-4.46337e-07
1.37676e-07
-4.81206e-07
1.38197e-07
-5.14469e-07
1.39857e-07
-5.50032e-07
1.41746e-07
-5.87427e-07
1.43214e-07
-6.26135e-07
1.45358e-07
-6.6584e-07
1.48597e-07
-7.06939e-07
1.52818e-07
-7.49283e-07
1.58575e-07
-7.9224e-07
1.65565e-07
-8.36771e-07
1.7426e-07
-8.82941e-07
1.84992e-07
-9.29119e-07
1.97053e-07
-9.75722e-07
2.12176e-07
-1.02452e-06
2.24604e-07
-1.07691e-06
2.44426e-07
-1.12978e-06
2.59936e-07
-1.18746e-06
2.81787e-07
-1.24777e-06
3.02334e-07
-1.31309e-06
3.26076e-07
-1.3752e-06
3.47679e-07
-1.44418e-06
3.73839e-07
-1.53177e-06
4.07933e-07
-1.63088e-06
4.41699e-07
-1.73493e-06
4.73463e-07
-1.84471e-06
5.08165e-07
-1.961e-06
5.45524e-07
-2.08517e-06
5.86652e-07
-2.21702e-06
6.29756e-07
-2.35818e-06
6.77474e-07
-2.50785e-06
7.2672e-07
-2.6717e-06
7.85255e-07
-2.84604e-06
8.48217e-07
-3.02667e-06
9.03558e-07
-3.22277e-06
9.67214e-07
-3.4329e-06
1.0323e-06
-3.65592e-06
1.09703e-06
-3.90525e-06
1.18291e-06
-4.15848e-06
1.24625e-06
-4.41469e-06
1.29921e-06
-4.70268e-06
1.40057e-06
-5.01999e-06
1.50947e-06
-5.35373e-06
1.61057e-06
-5.70722e-06
1.71436e-06
-6.08282e-06
1.82494e-06
-6.48173e-06
1.94115e-06
-6.90509e-06
2.06229e-06
-7.35405e-06
2.18864e-06
-7.82988e-06
2.3204e-06
-8.33358e-06
2.45724e-06
-8.86597e-06
2.59859e-06
-9.4303e-06
2.74529e-06
-1.00219e-05
2.89307e-06
-1.06569e-05
3.05228e-06
-1.13175e-05
3.20554e-06
-1.20701e-05
3.39487e-06
-1.29153e-05
3.58773e-06
-1.37469e-05
3.72785e-06
-1.45831e-05
3.87349e-06
-1.54481e-05
4.02483e-06
-1.63477e-05
4.17109e-06
-1.728e-05
4.30543e-06
-1.82425e-05
4.42256e-06
-1.9234e-05
4.5177e-06
-2.02636e-05
4.58465e-06
-2.13141e-05
4.62463e-06
-2.23691e-05
4.63624e-06
-2.34065e-05
4.60965e-06
-2.44289e-05
4.52595e-06
-2.5449e-05
4.36351e-06
-2.64301e-05
4.12286e-06
-2.73486e-05
3.80782e-06
-2.8186e-05
3.41304e-06
-2.89209e-05
2.93733e-06
-2.95293e-05
2.38683e-06
-2.99861e-05
1.77347e-06
1.11379e-06
-3.02686e-05
-7.90128e-10
5.25684e-09
-3.19224e-09
1.64816e-08
-7.19016e-09
2.82702e-08
-1.30718e-08
3.96202e-08
-2.06998e-08
5.10466e-08
-3.01614e-08
6.22365e-08
-4.12316e-08
7.33889e-08
-5.40035e-08
8.40905e-08
-6.83343e-08
9.43784e-08
-8.45914e-08
1.04048e-07
-1.02306e-07
1.13131e-07
-1.21157e-07
1.21682e-07
-1.41316e-07
1.29588e-07
-1.62756e-07
1.36523e-07
-1.85455e-07
1.42797e-07
-2.09439e-07
1.48308e-07
-2.34696e-07
1.52959e-07
-2.60532e-07
1.57155e-07
-2.87548e-07
1.60739e-07
-3.15716e-07
1.63433e-07
-3.45003e-07
1.65549e-07
-3.75207e-07
1.67316e-07
-4.06489e-07
1.68805e-07
-4.39001e-07
1.70189e-07
-4.72545e-07
1.71742e-07
-5.06641e-07
1.73954e-07
-5.41522e-07
1.76628e-07
-5.7765e-07
1.79344e-07
-6.14904e-07
1.82613e-07
-6.53244e-07
1.86939e-07
-6.92873e-07
1.92448e-07
-7.33684e-07
1.99386e-07
-7.75795e-07
2.07675e-07
-8.19342e-07
2.17807e-07
-8.63855e-07
2.29505e-07
-9.09906e-07
2.43104e-07
-9.56725e-07
2.58996e-07
-1.00745e-06
2.75327e-07
-1.0587e-06
2.95677e-07
-1.11403e-06
3.15267e-07
-1.17184e-06
3.39598e-07
-1.23309e-06
3.63588e-07
-1.29852e-06
3.91505e-07
-1.37031e-06
4.19471e-07
-1.44826e-06
4.51793e-07
-1.52717e-06
4.86847e-07
-1.61282e-06
5.27342e-07
-1.70609e-06
5.66739e-07
-1.80758e-06
6.09655e-07
-1.91791e-06
6.55857e-07
-2.03669e-06
7.05432e-07
-2.16417e-06
7.57237e-07
-2.30179e-06
8.15095e-07
-2.45246e-06
8.77393e-07
-2.60449e-06
9.37293e-07
-2.75689e-06
1.00061e-06
-2.93227e-06
1.07894e-06
-3.1202e-06
1.15515e-06
-3.32477e-06
1.23687e-06
-3.55426e-06
1.32653e-06
-3.77416e-06
1.40281e-06
-4.03895e-06
1.51104e-06
-4.37767e-06
1.63792e-06
-4.7083e-06
1.7312e-06
-5.02339e-06
1.82457e-06
-5.35203e-06
1.93921e-06
-5.70256e-06
2.06489e-06
-6.07498e-06
2.19736e-06
-6.4706e-06
2.33677e-06
-6.89157e-06
2.48327e-06
-7.33967e-06
2.63674e-06
-7.81628e-06
2.79701e-06
-8.32292e-06
2.96388e-06
-8.86129e-06
3.13697e-06
-9.43255e-06
3.31655e-06
-1.00411e-05
3.50165e-06
-1.06831e-05
3.69425e-06
-1.13702e-05
3.89267e-06
-1.20744e-05
4.09903e-06
-1.27995e-05
4.31283e-06
-1.35876e-05
4.51595e-06
-1.44222e-05
4.70809e-06
-1.5296e-05
4.89867e-06
-1.62093e-05
5.08437e-06
-1.71619e-05
5.2581e-06
-1.81532e-05
5.41382e-06
-1.91815e-05
5.54602e-06
-2.02455e-05
5.64862e-06
-2.13375e-05
5.71661e-06
-2.24454e-05
5.74412e-06
-2.35557e-05
5.71994e-06
-2.46576e-05
5.62793e-06
-2.57444e-05
5.45029e-06
-2.67994e-05
5.17785e-06
-2.7799e-05
4.80744e-06
-2.87188e-05
4.33278e-06
-2.95311e-05
3.74964e-06
-3.0205e-05
3.06072e-06
-3.07082e-05
2.27674e-06
1.41617e-06
-3.10106e-05
-7.78604e-10
6.03712e-09
-3.12781e-09
1.88325e-08
-7.04978e-09
3.21938e-08
-1.27698e-08
4.53417e-08
-2.0196e-08
5.84742e-08
-2.94078e-08
7.14499e-08
-4.02332e-08
8.42162e-08
-5.27545e-08
9.66138e-08
-6.68765e-08
1.08503e-07
-8.25903e-08
1.19765e-07
-9.98213e-08
1.30366e-07
-1.18379e-07
1.40244e-07
-1.38223e-07
1.49435e-07
-1.59427e-07
1.5773e-07
-1.81793e-07
1.65165e-07
-2.0534e-07
1.71857e-07
-2.30037e-07
1.77656e-07
-2.55633e-07
1.82751e-07
-2.82133e-07
1.8724e-07
-3.09665e-07
1.90966e-07
-3.38236e-07
1.9412e-07
-3.67762e-07
1.96843e-07
-3.98277e-07
1.9932e-07
-4.29806e-07
2.01719e-07
-4.62319e-07
2.04255e-07
-4.95542e-07
2.07178e-07
-5.29444e-07
2.10532e-07
-5.64378e-07
2.14279e-07
-6.00438e-07
2.18675e-07
-6.37569e-07
2.24071e-07
-6.75809e-07
2.30689e-07
-7.15114e-07
2.38691e-07
-7.55638e-07
2.48198e-07
-7.9743e-07
2.596e-07
-8.40598e-07
2.72674e-07
-8.85415e-07
2.87922e-07
-9.31593e-07
3.05176e-07
-9.80619e-07
3.24354e-07
-1.03104e-06
3.46101e-07
-1.08521e-06
3.69436e-07
-1.14173e-06
3.96124e-07
-1.20248e-06
4.24334e-07
-1.2669e-06
4.55927e-07
-1.33683e-06
4.89407e-07
-1.41183e-06
5.26793e-07
-1.49208e-06
5.67101e-07
-1.5769e-06
6.12162e-07
-1.66878e-06
6.58617e-07
-1.76769e-06
7.08575e-07
-1.87484e-06
7.63005e-07
-1.98919e-06
8.19781e-07
-2.11349e-06
8.81547e-07
-2.2472e-06
9.48805e-07
-2.38926e-06
1.01945e-06
-2.54547e-06
1.09351e-06
-2.71549e-06
1.17063e-06
-2.89217e-06
1.25563e-06
-3.08383e-06
1.3468e-06
-3.28921e-06
1.44226e-06
-3.50779e-06
1.5451e-06
-3.75382e-06
1.64885e-06
-4.00496e-06
1.76219e-06
-4.25823e-06
1.8912e-06
-4.54477e-06
2.01774e-06
-4.86068e-06
2.14049e-06
-5.19543e-06
2.27396e-06
-5.54986e-06
2.41932e-06
-5.92579e-06
2.57329e-06
-6.32458e-06
2.73556e-06
-6.74773e-06
2.90642e-06
-7.19678e-06
3.08579e-06
-7.67326e-06
3.2735e-06
-8.17883e-06
3.46946e-06
-8.71535e-06
3.67349e-06
-9.28436e-06
3.88556e-06
-9.88806e-06
4.10535e-06
-1.05269e-05
4.33306e-06
-1.12023e-05
4.56814e-06
-1.19131e-05
4.80984e-06
-1.2658e-05
5.05773e-06
-1.34455e-05
5.30344e-06
-1.42794e-05
5.542e-06
-1.51576e-05
5.77684e-06
-1.60797e-05
6.00649e-06
-1.70465e-05
6.22486e-06
-1.80581e-05
6.42542e-06
-1.91137e-05
6.60163e-06
-2.02111e-05
6.74604e-06
-2.13447e-05
6.85023e-06
-2.25049e-05
6.90433e-06
-2.36803e-05
6.89534e-06
-2.48597e-05
6.8073e-06
-2.60326e-05
6.62314e-06
-2.71828e-05
6.32811e-06
-2.82856e-05
5.9102e-06
-2.93108e-05
5.35796e-06
-3.0224e-05
4.66286e-06
-3.09867e-05
3.82343e-06
-3.15584e-05
2.84842e-06
1.75674e-06
-3.18989e-05
-7.35905e-10
6.77467e-09
-3.03844e-09
2.11367e-08
-6.87222e-09
3.60292e-08
-1.24054e-08
5.08765e-08
-1.96172e-08
6.56874e-08
-2.85296e-08
8.0364e-08
-3.90815e-08
9.47699e-08
-5.1248e-08
1.08782e-07
-6.50029e-08
1.2226e-07
-8.02936e-08
1.35059e-07
-9.70572e-08
1.47133e-07
-1.15207e-07
1.58398e-07
-1.34637e-07
1.68868e-07
-1.55316e-07
1.78412e-07
-1.77186e-07
1.87038e-07
-2.00147e-07
1.9482e-07
-2.24206e-07
2.01716e-07
-2.49207e-07
2.07753e-07
-2.75155e-07
2.13187e-07
-3.02112e-07
2.17924e-07
-3.29967e-07
2.21975e-07
-3.58709e-07
2.25585e-07
-3.88342e-07
2.28954e-07
-4.18857e-07
2.32234e-07
-4.50202e-07
2.35602e-07
-4.82282e-07
2.39258e-07
-5.15111e-07
2.43362e-07
-5.48851e-07
2.4802e-07
-5.83592e-07
2.53417e-07
-6.19327e-07
2.59807e-07
-6.56109e-07
2.67473e-07
-6.93897e-07
2.76479e-07
-7.32826e-07
2.87127e-07
-7.73013e-07
2.99788e-07
-8.14649e-07
3.14311e-07
-8.57841e-07
3.31115e-07
-9.02732e-07
3.50067e-07
-9.49855e-07
3.7148e-07
-9.99139e-07
3.95387e-07
-1.05155e-06
4.21852e-07
-1.10676e-06
4.51329e-07
-1.16585e-06
4.83434e-07
-1.22877e-06
5.18848e-07
-1.29656e-06
5.57197e-07
-1.36923e-06
5.99467e-07
-1.44712e-06
6.44995e-07
-1.53017e-06
6.95206e-07
-1.61959e-06
7.48046e-07
-1.71624e-06
8.05218e-07
-1.82034e-06
8.67111e-07
-1.93208e-06
9.31526e-07
-2.05359e-06
1.00305e-06
-2.184e-06
1.07922e-06
-2.32412e-06
1.15957e-06
-2.47527e-06
1.24466e-06
-2.639e-06
1.33436e-06
-2.81411e-06
1.43075e-06
-3.00147e-06
1.53416e-06
-3.20256e-06
1.64336e-06
-3.41673e-06
1.75927e-06
-3.64777e-06
1.87989e-06
-3.89528e-06
2.0097e-06
-4.15403e-06
2.14995e-06
-4.43064e-06
2.29435e-06
-4.73072e-06
2.44057e-06
-5.05259e-06
2.59583e-06
-5.39581e-06
2.76255e-06
-5.76157e-06
2.93905e-06
-6.15086e-06
3.12485e-06
-6.56477e-06
3.32033e-06
-7.00464e-06
3.52566e-06
-7.47196e-06
3.74082e-06
-7.96835e-06
3.96585e-06
-8.4956e-06
4.20073e-06
-9.05546e-06
4.44542e-06
-9.64987e-06
4.69976e-06
-1.02803e-05
4.96351e-06
-1.09483e-05
5.23613e-06
-1.1655e-05
5.51652e-06
-1.24003e-05
5.80301e-06
-1.31884e-05
6.09159e-06
-1.4025e-05
6.37857e-06
-1.4911e-05
6.66289e-06
-1.58467e-05
6.94214e-06
-1.68328e-05
7.21098e-06
-1.787e-05
7.46261e-06
-1.8958e-05
7.6896e-06
-2.00953e-05
7.88337e-06
-2.12787e-05
8.03366e-06
-2.25024e-05
8.128e-06
-2.37581e-05
8.15103e-06
-2.50354e-05
8.08457e-06
-2.63207e-05
7.90851e-06
-2.7595e-05
7.60236e-06
-2.88313e-05
7.14653e-06
-2.99961e-05
6.52274e-06
-3.1049e-05
5.71581e-06
-3.19427e-05
4.71713e-06
-3.26245e-05
3.53018e-06
2.17068e-06
-3.30384e-05
-7.07737e-10
7.48415e-09
-2.9337e-09
2.33644e-08
-6.66266e-09
3.97598e-08
-1.19853e-08
5.62007e-08
-1.89487e-08
7.26525e-08
-2.75428e-08
8.89599e-08
-3.77395e-08
1.04968e-07
-4.95009e-08
1.20546e-07
-6.28224e-08
1.35584e-07
-7.76274e-08
1.49867e-07
-9.38727e-08
1.63382e-07
-1.11443e-07
1.75972e-07
-1.3034e-07
1.87768e-07
-1.50402e-07
1.98477e-07
-1.71649e-07
2.08287e-07
-1.93978e-07
2.1715e-07
-2.17326e-07
2.25065e-07
-2.41771e-07
2.32198e-07
-2.67026e-07
2.38442e-07
-2.93062e-07
2.43961e-07
-3.1998e-07
2.48894e-07
-3.47768e-07
2.53374e-07
-3.76384e-07
2.57571e-07
-4.05802e-07
2.61653e-07
-4.35995e-07
2.65796e-07
-4.66931e-07
2.70196e-07
-4.98608e-07
2.7504e-07
-5.31085e-07
2.805e-07
-5.64432e-07
2.86766e-07
-5.98699e-07
2.94076e-07
-6.33904e-07
3.02679e-07
-6.70158e-07
3.12734e-07
-7.07599e-07
3.24568e-07
-7.46207e-07
3.38397e-07
-7.86235e-07
3.5434e-07
-8.27784e-07
3.72666e-07
-8.71125e-07
3.93409e-07
-9.16555e-07
4.16912e-07
-9.64301e-07
4.43135e-07
-1.01487e-06
4.72425e-07
-1.06838e-06
5.04842e-07
-1.1255e-06
5.40553e-07
-1.18644e-06
5.79785e-07
-1.25189e-06
6.22651e-07
-1.32195e-06
6.69531e-07
-1.39725e-06
7.20292e-07
-1.47785e-06
7.75805e-07
-1.56464e-06
8.34842e-07
-1.65839e-06
8.98972e-07
-1.75913e-06
9.67852e-07
-1.86779e-06
1.04019e-06
-1.9853e-06
1.12056e-06
-2.11142e-06
1.20535e-06
-2.24722e-06
1.29537e-06
-2.39346e-06
1.3909e-06
-2.55135e-06
1.49225e-06
-2.72092e-06
1.60032e-06
-2.90237e-06
1.71561e-06
-3.09687e-06
1.83785e-06
-3.305e-06
1.9674e-06
-3.52892e-06
2.10381e-06
-3.76792e-06
2.2487e-06
-4.02056e-06
2.4026e-06
-4.2901e-06
2.56388e-06
-4.58114e-06
2.73162e-06
-4.89369e-06
2.90838e-06
-5.22716e-06
3.09602e-06
-5.58246e-06
3.29435e-06
-5.96085e-06
3.50325e-06
-6.36363e-06
3.72311e-06
-6.79224e-06
3.95427e-06
-7.24829e-06
4.19688e-06
-7.73352e-06
4.45108e-06
-8.24975e-06
4.71696e-06
-8.79887e-06
4.99454e-06
-9.38284e-06
5.28373e-06
-1.00036e-05
5.58424e-06
-1.06629e-05
5.89551e-06
-1.13629e-05
6.21649e-06
-1.21055e-05
6.54556e-06
-1.28941e-05
6.8802e-06
-1.37329e-05
7.21738e-06
-1.46244e-05
7.55444e-06
-1.55704e-05
7.88814e-06
-1.65729e-05
8.21348e-06
-1.76341e-05
8.52382e-06
-1.87556e-05
8.81108e-06
-1.99378e-05
9.06551e-06
-2.11792e-05
9.27509e-06
-2.24764e-05
9.42517e-06
-2.38233e-05
9.49795e-06
-2.5211e-05
9.47227e-06
-2.66264e-05
9.32388e-06
-2.80502e-05
9.02617e-06
-2.94549e-05
8.55122e-06
-3.0803e-05
7.87086e-06
-3.20463e-05
6.95916e-06
-3.31256e-05
5.7964e-06
-3.39715e-05
4.37603e-06
2.70937e-06
-3.45102e-05
-6.82451e-10
8.16835e-09
-2.81878e-09
2.55024e-08
-6.41003e-09
4.33528e-08
-1.152e-08
6.13122e-08
-1.82097e-08
7.93439e-08
-2.64487e-08
9.72006e-08
-3.62362e-08
1.14758e-07
-4.75348e-08
1.31846e-07
-6.03552e-08
1.48407e-07
-7.463e-08
1.64144e-07
-9.02463e-08
1.79001e-07
-1.07193e-07
1.92922e-07
-1.25423e-07
2.06001e-07
-1.44797e-07
2.17854e-07
-1.65289e-07
2.28782e-07
-1.86956e-07
2.38818e-07
-2.09606e-07
2.47716e-07
-2.33053e-07
2.55646e-07
-2.57351e-07
2.62741e-07
-2.82487e-07
2.69099e-07
-3.08426e-07
2.74834e-07
-3.35145e-07
2.80094e-07
-3.62618e-07
2.85046e-07
-3.90828e-07
2.89865e-07
-4.19764e-07
2.94734e-07
-4.49414e-07
2.99848e-07
-4.79779e-07
3.05407e-07
-5.10891e-07
3.11614e-07
-5.42801e-07
3.18678e-07
-5.75588e-07
3.26864e-07
-6.09233e-07
3.36325e-07
-6.43851e-07
3.47353e-07
-6.79605e-07
3.60323e-07
-7.16547e-07
3.7534e-07
-7.54864e-07
3.92659e-07
-7.9469e-07
4.12492e-07
-8.36304e-07
4.35025e-07
-8.79924e-07
4.60533e-07
-9.25857e-07
4.89069e-07
-9.74456e-07
5.21025e-07
-1.02599e-06
5.56381e-07
-1.08095e-06
5.95507e-07
-1.13964e-06
6.38482e-07
-1.20255e-06
6.85561e-07
-1.26997e-06
7.36951e-07
-1.34246e-06
7.92783e-07
-1.42019e-06
8.53532e-07
-1.50395e-06
9.18605e-07
-1.59418e-06
9.89203e-07
-1.69131e-06
1.06498e-06
-1.79611e-06
1.14499e-06
-1.90905e-06
1.2335e-06
-2.0306e-06
1.3269e-06
-2.16143e-06
1.4262e-06
-2.30234e-06
1.53181e-06
-2.45414e-06
1.64405e-06
-2.61725e-06
1.76344e-06
-2.79206e-06
1.89042e-06
-2.97928e-06
2.02507e-06
-3.18052e-06
2.16864e-06
-3.39554e-06
2.31882e-06
-3.62556e-06
2.47873e-06
-3.87079e-06
2.64782e-06
-4.13288e-06
2.82598e-06
-4.41418e-06
3.01292e-06
-4.71554e-06
3.20974e-06
-5.03735e-06
3.41782e-06
-5.38065e-06
3.63765e-06
-5.74681e-06
3.86941e-06
-6.13718e-06
4.11348e-06
-6.55321e-06
4.37029e-06
-6.9965e-06
4.64018e-06
-7.46883e-06
4.92341e-06
-7.9721e-06
5.22023e-06
-8.50834e-06
5.53079e-06
-9.07973e-06
5.85512e-06
-9.68856e-06
6.19306e-06
-1.03372e-05
6.54415e-06
-1.10283e-05
6.90757e-06
-1.17647e-05
7.28196e-06
-1.25499e-05
7.66541e-06
-1.33879e-05
8.05535e-06
-1.42823e-05
8.44891e-06
-1.52368e-05
8.84259e-06
-1.62548e-05
9.23148e-06
-1.73399e-05
9.6089e-06
-1.84952e-05
9.96645e-06
-1.97234e-05
1.02937e-05
-2.10257e-05
1.05775e-05
-2.24021e-05
1.08015e-05
-2.38498e-05
1.09457e-05
-2.53629e-05
1.09853e-05
-2.69303e-05
1.08913e-05
-2.85339e-05
1.06298e-05
-3.01459e-05
1.01632e-05
-3.17257e-05
9.45061e-06
-3.32177e-05
8.4512e-06
-3.45502e-05
7.12889e-06
-3.56331e-05
5.45896e-06
3.44342e-06
-3.63672e-05
-6.55618e-10
8.82569e-09
-2.70105e-09
2.75497e-08
-6.10432e-09
4.67577e-08
-1.09766e-08
6.61863e-08
-1.74042e-08
8.5773e-08
-2.52269e-08
1.05025e-07
-3.45485e-08
1.24081e-07
-4.53195e-08
1.42619e-07
-5.75711e-08
1.6066e-07
-7.13002e-08
1.77876e-07
-8.6202e-08
1.93906e-07
-1.0245e-07
2.09173e-07
-1.19977e-07
2.23531e-07
-1.38768e-07
2.36648e-07
-1.58535e-07
2.48552e-07
-1.79125e-07
2.5941e-07
-2.00655e-07
2.69247e-07
-2.231e-07
2.78092e-07
-2.4638e-07
2.86023e-07
-2.70446e-07
2.93166e-07
-2.95271e-07
2.99662e-07
-3.20831e-07
3.05656e-07
-3.47098e-07
3.11315e-07
-3.74048e-07
3.16817e-07
-4.01669e-07
3.22357e-07
-4.29953e-07
3.28135e-07
-4.5891e-07
3.34367e-07
-4.88562e-07
3.41269e-07
-5.18957e-07
3.49075e-07
-5.50118e-07
3.58028e-07
-5.82151e-07
3.6836e-07
-6.1517e-07
3.80374e-07
-6.49199e-07
3.94353e-07
-6.84379e-07
4.1052e-07
-7.20879e-07
4.29159e-07
-7.58855e-07
4.5047e-07
-7.98572e-07
4.74742e-07
-8.40216e-07
5.02178e-07
-8.84135e-07
5.32988e-07
-9.30579e-07
5.6747e-07
-9.79903e-07
6.05706e-07
-1.03246e-06
6.48069e-07
-1.08863e-06
6.94652e-07
-1.14878e-06
7.45704e-07
-1.21331e-06
8.01485e-07
-1.28267e-06
8.62145e-07
-1.35711e-06
9.27971e-07
-1.4374e-06
9.98894e-07
-1.52376e-06
1.07556e-06
-1.61691e-06
1.15813e-06
-1.71742e-06
1.2455e-06
-1.82524e-06
1.34132e-06
-1.94165e-06
1.4433e-06
-2.06696e-06
1.55152e-06
-2.20189e-06
1.66674e-06
-2.34711e-06
1.78927e-06
-2.50319e-06
1.91951e-06
-2.67068e-06
2.05792e-06
-2.85053e-06
2.20492e-06
-3.04253e-06
2.36065e-06
-3.24891e-06
2.5252e-06
-3.46968e-06
2.6995e-06
-3.70565e-06
2.88379e-06
-3.95791e-06
3.07824e-06
-4.22807e-06
3.28308e-06
-4.51737e-06
3.49904e-06
-4.82667e-06
3.72712e-06
-5.15702e-06
3.968e-06
-5.50969e-06
4.22208e-06
-5.88608e-06
4.48986e-06
-6.28769e-06
4.7719e-06
-6.71622e-06
5.0687e-06
-7.17352e-06
5.38071e-06
-7.66163e-06
5.70834e-06
-8.18274e-06
6.0519e-06
-8.73923e-06
6.41161e-06
-9.33368e-06
6.78751e-06
-9.9689e-06
7.17938e-06
-1.0648e-05
7.58668e-06
-1.13745e-05
8.00845e-06
-1.21523e-05
8.44322e-06
-1.29859e-05
8.88898e-06
-1.38801e-05
9.34307e-06
-1.48396e-05
9.80209e-06
-1.58695e-05
1.02613e-05
-1.6975e-05
1.07145e-05
-1.81618e-05
1.11532e-05
-1.94351e-05
1.15669e-05
-2.07996e-05
1.19419e-05
-2.22589e-05
1.22608e-05
-2.38145e-05
1.25014e-05
-2.54652e-05
1.26359e-05
-2.72042e-05
1.26303e-05
-2.90174e-05
1.24431e-05
-3.08792e-05
1.2025e-05
-3.27489e-05
1.13203e-05
-3.45645e-05
1.02668e-05
-3.62411e-05
8.80543e-06
-3.76635e-05
6.88134e-06
4.47478e-06
-3.86948e-05
-6.63959e-10
9.49128e-09
-2.62421e-09
2.95118e-08
-5.81721e-09
4.99522e-08
-1.03914e-08
7.07626e-08
-1.65273e-08
9.19103e-08
-2.39942e-08
1.12494e-07
-3.2705e-08
1.32793e-07
-4.29552e-08
1.52872e-07
-5.45423e-08
1.72249e-07
-6.76478e-08
1.90985e-07
-8.21513e-08
2.08411e-07
-9.77524e-08
2.24778e-07
-1.14288e-07
2.40069e-07
-1.31868e-07
2.54231e-07
-1.50531e-07
2.67215e-07
-1.7016e-07
2.79043e-07
-1.90678e-07
2.89765e-07
-2.12029e-07
2.99448e-07
-2.34176e-07
3.0817e-07
-2.57071e-07
3.16065e-07
-2.80678e-07
3.2327e-07
-3.04965e-07
3.29947e-07
-3.2991e-07
3.3626e-07
-3.5549e-07
3.42403e-07
-3.81698e-07
3.48565e-07
-4.08524e-07
3.54967e-07
-4.3598e-07
3.61823e-07
-4.64083e-07
3.69379e-07
-4.92884e-07
3.77876e-07
-5.22405e-07
3.87554e-07
-5.52726e-07
3.98679e-07
-5.83962e-07
4.11615e-07
-6.16186e-07
4.26575e-07
-6.49523e-07
4.43861e-07
-6.84118e-07
4.63751e-07
-7.20151e-07
4.86506e-07
-7.57839e-07
5.12427e-07
-7.9738e-07
5.41724e-07
-8.39103e-07
5.74706e-07
-8.83213e-07
6.11583e-07
-9.30104e-07
6.52592e-07
-9.80059e-07
6.98027e-07
-1.03345e-06
7.48042e-07
-1.09062e-06
8.02878e-07
-1.15203e-06
8.62882e-07
-1.21796e-06
9.28078e-07
-1.2888e-06
9.98811e-07
-1.36528e-06
1.07537e-06
-1.44745e-06
1.15773e-06
-1.53605e-06
1.24674e-06
-1.6318e-06
1.34124e-06
-1.73421e-06
1.44374e-06
-1.84507e-06
1.55416e-06
-1.96428e-06
1.67073e-06
-2.0926e-06
1.79506e-06
-2.23068e-06
1.92735e-06
-2.3791e-06
2.06793e-06
-2.53833e-06
2.21715e-06
-2.7097e-06
2.37628e-06
-2.89286e-06
2.54381e-06
-3.08942e-06
2.72177e-06
-3.2999e-06
2.90998e-06
-3.52511e-06
3.10899e-06
-3.76608e-06
3.31921e-06
-4.0241e-06
3.54109e-06
-4.30036e-06
3.7753e-06
-4.59589e-06
4.02265e-06
-4.91178e-06
4.28389e-06
-5.24934e-06
4.55963e-06
-5.61001e-06
4.85053e-06
-5.99538e-06
5.15726e-06
-6.40717e-06
5.4805e-06
-6.84733e-06
5.82087e-06
-7.31797e-06
6.17897e-06
-7.82143e-06
6.55535e-06
-8.36028e-06
6.95047e-06
-8.93739e-06
7.36461e-06
-9.55593e-06
7.79791e-06
-1.02195e-05
8.2502e-06
-1.0932e-05
8.72098e-06
-1.1698e-05
9.20928e-06
-1.25227e-05
9.71366e-06
-1.34117e-05
1.0232e-05
-1.4371e-05
1.07614e-05
-1.54074e-05
1.12978e-05
-1.65283e-05
1.18353e-05
-1.77416e-05
1.23665e-05
-1.90557e-05
1.2881e-05
-2.04792e-05
1.33654e-05
-2.20204e-05
1.38021e-05
-2.36868e-05
1.41677e-05
-2.54834e-05
1.44325e-05
-2.74107e-05
1.45576e-05
-2.9462e-05
1.44944e-05
-3.16183e-05
1.41812e-05
-3.38429e-05
1.35449e-05
-3.60713e-05
1.24952e-05
-3.82089e-05
1.09431e-05
-4.01098e-05
8.78217e-06
5.9517e-06
-4.15867e-05
-6.51585e-10
1.01452e-08
-2.5229e-09
3.13845e-08
-5.60442e-09
5.30365e-08
-9.90767e-09
7.50667e-08
-1.55025e-08
9.75084e-08
-2.27197e-08
1.19711e-07
-3.12357e-08
1.41312e-07
-4.09494e-08
1.62585e-07
-5.1926e-08
1.8323e-07
-6.39829e-08
2.03041e-07
-7.73377e-08
2.21771e-07
-9.19134e-08
2.39353e-07
-1.07574e-07
2.55736e-07
-1.24253e-07
2.70908e-07
-1.41885e-07
2.84854e-07
-1.60425e-07
2.9758e-07
-1.79802e-07
3.0915e-07
-1.9998e-07
3.19623e-07
-2.20902e-07
3.291e-07
-2.42536e-07
3.37697e-07
-2.64825e-07
3.45569e-07
-2.87752e-07
3.5287e-07
-3.11271e-07
3.59789e-07
-3.3538e-07
3.66509e-07
-3.60053e-07
3.73249e-07
-3.85309e-07
3.80218e-07
-4.1114e-07
3.87665e-07
-4.37587e-07
3.95821e-07
-4.64675e-07
4.04977e-07
-4.92465e-07
4.15337e-07
-5.21004e-07
4.27229e-07
-5.50398e-07
4.41e-07
-5.80724e-07
4.56912e-07
-6.12134e-07
4.75261e-07
-6.44723e-07
4.96349e-07
-6.78706e-07
5.2048e-07
-7.14225e-07
5.47956e-07
-7.51545e-07
5.79032e-07
-7.90894e-07
6.14064e-07
-8.32532e-07
6.5321e-07
-8.76799e-07
6.96868e-07
-9.23962e-07
7.45179e-07
-9.74352e-07
7.98439e-07
-1.02839e-06
8.56902e-07
-1.08633e-06
9.20833e-07
-1.14858e-06
9.90314e-07
-1.21561e-06
1.06585e-06
-1.28779e-06
1.14754e-06
-1.36544e-06
1.23539e-06
-1.4491e-06
1.33038e-06
-1.53967e-06
1.43182e-06
-1.63646e-06
1.54052e-06
-1.74101e-06
1.65872e-06
-1.85363e-06
1.78334e-06
-1.97476e-06
1.9162e-06
-2.1052e-06
2.05777e-06
-2.24552e-06
2.20826e-06
-2.39622e-06
2.36784e-06
-2.55769e-06
2.53775e-06
-2.73123e-06
2.71734e-06
-2.91719e-06
2.90774e-06
-3.11644e-06
3.10922e-06
-3.32981e-06
3.32236e-06
-3.5583e-06
3.54769e-06
-3.80299e-06
3.78579e-06
-4.065e-06
4.03731e-06
-4.34543e-06
4.30308e-06
-4.64545e-06
4.5839e-06
-4.96636e-06
4.88055e-06
-5.30965e-06
5.19381e-06
-5.6769e-06
5.52453e-06
-6.06992e-06
5.87351e-06
-6.49066e-06
6.24162e-06
-6.94135e-06
6.62965e-06
-7.42444e-06
7.03845e-06
-7.94269e-06
7.4687e-06
-8.49916e-06
7.92109e-06
-9.09735e-06
8.39609e-06
-9.74115e-06
8.89401e-06
-1.04351e-05
9.41486e-06
-1.11841e-05
9.95836e-06
-1.19942e-05
1.05237e-05
-1.28718e-05
1.11096e-05
-1.38243e-05
1.17139e-05
-1.486e-05
1.23335e-05
-1.59883e-05
1.29637e-05
-1.72199e-05
1.35981e-05
-1.85666e-05
1.42277e-05
-2.00414e-05
1.48402e-05
-2.16582e-05
1.54189e-05
-2.34316e-05
1.59411e-05
-2.53752e-05
1.63761e-05
-2.75006e-05
1.6683e-05
-2.9813e-05
1.68067e-05
-3.23065e-05
1.66747e-05
-3.49558e-05
1.61942e-05
-3.77004e-05
1.52398e-05
-4.04508e-05
1.36935e-05
-4.30069e-05
1.13382e-05
8.10616e-06
-4.51614e-05
-5.73567e-10
1.07203e-08
-2.30782e-09
3.31215e-08
-5.28726e-09
5.60174e-08
-9.51407e-09
7.92968e-08
-1.47805e-08
1.02775e-07
-2.12074e-08
1.26142e-07
-2.90441e-08
1.49149e-07
-3.81397e-08
1.71685e-07
-4.84232e-08
1.93513e-07
-5.98277e-08
2.1445e-07
-7.23746e-08
2.34318e-07
-8.60037e-08
2.52987e-07
-1.00667e-07
2.70398e-07
-1.16293e-07
2.8654e-07
-1.32835e-07
3.01395e-07
-1.50227e-07
3.14979e-07
-1.68416e-07
3.27337e-07
-1.87335e-07
3.38549e-07
-2.06947e-07
3.48711e-07
-2.27198e-07
3.57956e-07
-2.48061e-07
3.6643e-07
-2.69492e-07
3.74309e-07
-2.9148e-07
3.81774e-07
-3.13994e-07
3.89033e-07
-3.37042e-07
3.96294e-07
-3.60609e-07
4.03795e-07
-3.8472e-07
4.11774e-07
-4.09384e-07
4.20495e-07
-4.34641e-07
4.3023e-07
-4.6055e-07
4.41255e-07
-4.87209e-07
4.53883e-07
-5.14632e-07
4.68433e-07
-5.42951e-07
4.85223e-07
-5.7226e-07
5.04579e-07
-6.02716e-07
5.26797e-07
-6.34468e-07
5.5224e-07
-6.67693e-07
5.81171e-07
-7.02624e-07
6.13969e-07
-7.39452e-07
6.50882e-07
-7.78462e-07
6.92227e-07
-8.19927e-07
7.38323e-07
-8.64084e-07
7.89342e-07
-9.11332e-07
8.45678e-07
-9.6194e-07
9.07517e-07
-1.01619e-06
9.75074e-07
-1.07461e-06
1.04874e-06
-1.13743e-06
1.12867e-06
-1.20497e-06
1.21507e-06
-1.27796e-06
1.30838e-06
-1.35632e-06
1.40875e-06
-1.44115e-06
1.51664e-06
-1.53229e-06
1.63167e-06
-1.62971e-06
1.75613e-06
-1.73527e-06
1.8889e-06
-1.84891e-06
2.02983e-06
-1.97113e-06
2.18e-06
-2.10244e-06
2.33957e-06
-2.24402e-06
2.50942e-06
-2.39551e-06
2.68923e-06
-2.55826e-06
2.8801e-06
-2.73282e-06
3.08229e-06
-2.91997e-06
3.29637e-06
-3.12053e-06
3.52291e-06
-3.33538e-06
3.76255e-06
-3.56555e-06
4.01594e-06
-3.81209e-06
4.28386e-06
-4.07614e-06
4.56712e-06
-4.35886e-06
4.86662e-06
-4.66157e-06
5.18326e-06
-4.98574e-06
5.51798e-06
-5.33297e-06
5.87175e-06
-5.70507e-06
6.24561e-06
-6.10407e-06
6.64061e-06
-6.53222e-06
7.05781e-06
-6.99208e-06
7.49829e-06
-7.4865e-06
7.96313e-06
-8.01874e-06
8.45333e-06
-8.5925e-06
8.96985e-06
-9.21201e-06
9.51351e-06
-9.8821e-06
1.0085e-05
-1.06084e-05
1.06846e-05
-1.13972e-05
1.13126e-05
-1.2256e-05
1.19684e-05
-1.31932e-05
1.26512e-05
-1.42188e-05
1.3359e-05
-1.53441e-05
1.40889e-05
-1.65822e-05
1.48363e-05
-1.79487e-05
1.55941e-05
-1.94611e-05
1.63526e-05
-2.11398e-05
1.70975e-05
-2.30074e-05
1.78087e-05
-2.50888e-05
1.84575e-05
-2.74098e-05
1.9004e-05
-2.99933e-05
1.93903e-05
-3.28566e-05
1.9538e-05
-3.59955e-05
1.93331e-05
-3.93737e-05
1.8618e-05
-4.29206e-05
1.72404e-05
-4.63385e-05
1.47561e-05
1.13231e-05
-4.95554e-05
-5.20783e-10
1.12432e-08
-2.13093e-09
3.47339e-08
-4.85336e-09
5.87425e-08
-8.6882e-09
8.31336e-08
-1.36214e-08
1.07711e-07
-1.97062e-08
1.32228e-07
-2.69758e-08
1.56421e-07
-3.53737e-08
1.80085e-07
-4.48812e-08
2.03023e-07
-5.54694e-08
2.25039e-07
-6.71072e-08
2.45958e-07
-7.97644e-08
2.65645e-07
-9.33948e-08
2.84031e-07
-1.07933e-07
3.0108e-07
-1.23315e-07
3.1678e-07
-1.3948e-07
3.31147e-07
-1.5637e-07
3.44231e-07
-1.73933e-07
3.56115e-07
-1.92124e-07
3.66907e-07
-2.10904e-07
3.76739e-07
-2.3024e-07
3.8577e-07
-2.50102e-07
3.94174e-07
-2.70467e-07
4.02145e-07
-2.91321e-07
4.09889e-07
-3.12654e-07
4.17632e-07
-3.34468e-07
4.25612e-07
-3.56773e-07
4.34084e-07
-3.79593e-07
4.43317e-07
-4.02957e-07
4.53599e-07
-4.26919e-07
4.65218e-07
-4.51549e-07
4.78517e-07
-4.76913e-07
4.93797e-07
-5.03103e-07
5.11415e-07
-5.30216e-07
5.31691e-07
-5.58403e-07
5.54986e-07
-5.87794e-07
5.8163e-07
-6.18583e-07
6.1196e-07
-6.50958e-07
6.46341e-07
-6.85102e-07
6.85026e-07
-7.21314e-07
7.28437e-07
-7.59744e-07
7.76752e-07
-8.00762e-07
8.30357e-07
-8.44611e-07
8.89527e-07
-8.91541e-07
9.54443e-07
-9.41996e-07
1.02553e-06
-9.96216e-07
1.10295e-06
-1.0545e-06
1.18695e-06
-1.11737e-06
1.27794e-06
-1.1851e-06
1.37611e-06
-1.25796e-06
1.4816e-06
-1.33655e-06
1.59522e-06
-1.4215e-06
1.71662e-06
-1.51189e-06
1.84652e-06
-1.60998e-06
1.98698e-06
-1.71543e-06
2.13528e-06
-1.82886e-06
2.29343e-06
-1.95102e-06
2.46174e-06
-2.08224e-06
2.64063e-06
-2.22327e-06
2.83027e-06
-2.37464e-06
3.03146e-06
-2.53703e-06
3.24468e-06
-2.71118e-06
3.47053e-06
-2.89791e-06
3.70964e-06
-3.09807e-06
3.9627e-06
-3.31259e-06
4.23047e-06
-3.5425e-06
4.51376e-06
-3.78887e-06
4.81349e-06
-4.05287e-06
5.13063e-06
-4.3358e-06
5.46619e-06
-4.63911e-06
5.82128e-06
-4.96439e-06
6.19703e-06
-5.31345e-06
6.59467e-06
-5.68831e-06
7.01546e-06
-6.09125e-06
7.46075e-06
-6.52486e-06
7.9319e-06
-6.99207e-06
8.43034e-06
-7.49625e-06
8.95751e-06
-8.04125e-06
9.51484e-06
-8.63148e-06
1.01037e-05
-9.27208e-06
1.07256e-05
-9.96898e-06
1.13815e-05
-1.07291e-05
1.20727e-05
-1.15605e-05
1.27998e-05
-1.24726e-05
1.35633e-05
-1.34765e-05
1.43629e-05
-1.45853e-05
1.51978e-05
-1.58147e-05
1.60657e-05
-1.71833e-05
1.69627e-05
-1.87134e-05
1.78827e-05
-2.04316e-05
1.88158e-05
-2.23698e-05
1.97469e-05
-2.45653e-05
2.0653e-05
-2.70615e-05
2.15002e-05
-2.99043e-05
2.22331e-05
-3.31466e-05
2.27803e-05
-3.68157e-05
2.30022e-05
-4.09573e-05
2.27596e-05
-4.54738e-05
2.17568e-05
-5.0089e-05
1.93713e-05
1.6312e-05
-5.50779e-05
-4.76817e-10
1.17223e-08
-1.94116e-09
3.62006e-08
-4.41832e-09
6.12219e-08
-7.92786e-09
8.66453e-08
-1.24706e-08
1.12256e-07
-1.8046e-08
1.37805e-07
-2.46749e-08
1.63052e-07
-3.23668e-08
1.87778e-07
-4.11093e-08
2.11767e-07
-5.08709e-08
2.34802e-07
-6.16092e-08
2.56697e-07
-7.32794e-08
2.77317e-07
-8.58257e-08
2.9658e-07
-9.91885e-08
3.14446e-07
-1.13311e-07
3.30907e-07
-1.28144e-07
3.45983e-07
-1.43639e-07
3.5973e-07
-1.5975e-07
3.7223e-07
-1.76437e-07
3.83598e-07
-1.93663e-07
3.9397e-07
-2.11395e-07
4.03507e-07
-2.29607e-07
4.1239e-07
-2.48276e-07
4.20818e-07
-2.67389e-07
4.29005e-07
-2.86936e-07
4.37184e-07
-3.06922e-07
4.456e-07
-3.27352e-07
4.54518e-07
-3.48251e-07
4.64218e-07
-3.69643e-07
4.74995e-07
-3.91585e-07
4.87162e-07
-4.14128e-07
5.01062e-07
-4.37345e-07
5.17015e-07
-4.61315e-07
5.35386e-07
-4.86142e-07
5.56518e-07
-5.11955e-07
5.808e-07
-5.3888e-07
6.08553e-07
-5.67107e-07
6.40186e-07
-5.96767e-07
6.75999e-07
-6.28106e-07
7.16363e-07
-6.61302e-07
7.61632e-07
-6.96573e-07
8.12022e-07
-7.34255e-07
8.68037e-07
-7.7445e-07
9.2972e-07
-8.17617e-07
9.97607e-07
-8.63948e-07
1.07186e-06
-9.13695e-07
1.1527e-06
-9.67369e-07
1.24062e-06
-1.02512e-06
1.33569e-06
-1.08728e-06
1.43827e-06
-1.15449e-06
1.5488e-06
-1.22661e-06
1.66735e-06
-1.30465e-06
1.79465e-06
-1.38841e-06
1.93027e-06
-1.47772e-06
2.07629e-06
-1.57466e-06
2.23222e-06
-1.679e-06
2.39776e-06
-1.79136e-06
2.57409e-06
-1.91196e-06
2.76123e-06
-2.04163e-06
2.95993e-06
-2.18089e-06
3.17071e-06
-2.33037e-06
3.39416e-06
-2.49076e-06
3.63091e-06
-2.66278e-06
3.88166e-06
-2.84725e-06
4.14717e-06
-3.04505e-06
4.42827e-06
-3.25715e-06
4.72586e-06
-3.48458e-06
5.04092e-06
-3.72847e-06
5.37452e-06
-3.99009e-06
5.7278e-06
-4.27081e-06
6.10201e-06
-4.57223e-06
6.49845e-06
-4.89609e-06
6.91853e-06
-5.2444e-06
7.36377e-06
-5.61941e-06
7.83576e-06
-6.02371e-06
8.33619e-06
-6.46024e-06
8.86687e-06
-6.93239e-06
9.42966e-06
-7.44406e-06
1.00265e-05
-7.99979e-06
1.06595e-05
-8.60484e-06
1.13306e-05
-9.26536e-06
1.2042e-05
-9.98858e-06
1.27959e-05
-1.0783e-05
1.35942e-05
-1.16587e-05
1.44389e-05
-1.26276e-05
1.53319e-05
-1.37043e-05
1.62744e-05
-1.49061e-05
1.72675e-05
-1.62543e-05
1.83109e-05
-1.77752e-05
1.94036e-05
-1.95012e-05
2.05418e-05
-2.14731e-05
2.17188e-05
-2.37415e-05
2.29214e-05
-2.63701e-05
2.41287e-05
-2.94343e-05
2.52974e-05
-3.30315e-05
2.63775e-05
-3.72412e-05
2.72119e-05
-4.22528e-05
2.77712e-05
-4.78462e-05
2.73502e-05
-5.42643e-05
2.57893e-05
2.4389e-05
-6.23413e-05
-4.32636e-10
1.21569e-08
-1.74591e-09
3.7516e-08
-3.97392e-09
6.34521e-08
-7.12758e-09
8.98009e-08
-1.12158e-08
1.16346e-07
-1.626e-08
1.42852e-07
-2.22873e-08
1.69081e-07
-2.93014e-08
1.94794e-07
-3.7273e-08
2.1974e-07
-4.61606e-08
2.43691e-07
-5.59181e-08
2.66456e-07
-6.65025e-08
2.87903e-07
-7.78682e-08
3.07948e-07
-8.99702e-08
3.26551e-07
-1.02762e-07
3.43702e-07
-1.16199e-07
3.59424e-07
-1.30238e-07
3.73772e-07
-1.44835e-07
3.86832e-07
-1.59952e-07
3.98719e-07
-1.75555e-07
4.09577e-07
-1.91615e-07
4.1957e-07
-2.08106e-07
4.28885e-07
-2.25008e-07
4.37724e-07
-2.4231e-07
4.46311e-07
-2.60004e-07
4.54881e-07
-2.7809e-07
4.6369e-07
-2.96577e-07
4.73009e-07
-3.15485e-07
4.83129e-07
-3.34836e-07
4.94349e-07
-3.54685e-07
5.07013e-07
-3.75071e-07
5.21449e-07
-3.9607e-07
5.38014e-07
-4.17744e-07
5.57062e-07
-4.40206e-07
5.7898e-07
-4.63551e-07
6.04146e-07
-4.87918e-07
6.32919e-07
-5.13458e-07
6.65725e-07
-5.40298e-07
7.02838e-07
-5.68693e-07
7.44757e-07
-5.98714e-07
7.91652e-07
-6.30728e-07
8.44034e-07
-6.64806e-07
9.02113e-07
-7.01276e-07
9.66189e-07
-7.40431e-07
1.03676e-06
-7.82357e-07
1.11378e-06
-8.27602e-07
1.19794e-06
-8.76225e-07
1.28924e-06
-9.28621e-07
1.38808e-06
-9.85181e-07
1.49483e-06
-1.04606e-06
1.60968e-06
-1.1117e-06
1.73299e-06
-1.18229e-06
1.86523e-06
-1.25871e-06
2.0067e-06
-1.33974e-06
2.15731e-06
-1.42765e-06
2.32013e-06
-1.52236e-06
2.49248e-06
-1.62406e-06
2.67579e-06
-1.7336e-06
2.87077e-06
-1.85141e-06
3.07775e-06
-1.97794e-06
3.29724e-06
-2.11377e-06
3.52999e-06
-2.25956e-06
3.7767e-06
-2.41601e-06
4.03811e-06
-2.58387e-06
4.31502e-06
-2.76393e-06
4.60833e-06
-2.9571e-06
4.91902e-06
-3.16436e-06
5.24817e-06
-3.38678e-06
5.59694e-06
-3.62556e-06
5.96658e-06
-3.88204e-06
6.35848e-06
-4.1577e-06
6.77412e-06
-4.45426e-06
7.21509e-06
-4.77365e-06
7.68315e-06
-5.11804e-06
8.18015e-06
-5.48997e-06
8.70812e-06
-5.89232e-06
9.26921e-06
-6.32841e-06
9.86575e-06
-6.80212e-06
1.05002e-05
-7.31795e-06
1.11753e-05
-7.88117e-06
1.18938e-05
-8.49802e-06
1.26589e-05
-9.17571e-06
1.34736e-05
-9.92289e-06
1.43414e-05
-1.07499e-05
1.5266e-05
-1.16693e-05
1.62512e-05
-1.2696e-05
1.73012e-05
-1.38485e-05
1.842e-05
-1.51497e-05
1.96121e-05
-1.66281e-05
2.0882e-05
-1.83203e-05
2.2234e-05
-2.02739e-05
2.36723e-05
-2.25517e-05
2.51992e-05
-2.52374e-05
2.68144e-05
-2.84451e-05
2.85051e-05
-3.23232e-05
3.02556e-05
-3.70662e-05
3.19548e-05
-4.29261e-05
3.36311e-05
-5.00421e-05
3.44663e-05
-5.9141e-05
3.48881e-05
3.53347e-05
-7.00867e-05
-3.89278e-10
1.25484e-08
-1.52544e-09
3.86541e-08
-3.48586e-09
6.54149e-08
-6.28824e-09
9.2605e-08
-9.95188e-09
1.20012e-07
-1.44935e-08
1.47394e-07
-1.99148e-08
1.74505e-07
-2.62032e-08
2.01083e-07
-3.33288e-08
2.26868e-07
-4.12607e-08
2.51623e-07
-4.99627e-08
2.75161e-07
-5.94025e-08
2.97344e-07
-6.95397e-08
3.18089e-07
-8.03378e-08
3.37351e-07
-9.17516e-08
3.55119e-07
-1.03741e-07
3.71417e-07
-1.16265e-07
3.863e-07
-1.29286e-07
3.99857e-07
-1.4277e-07
4.12207e-07
-1.56687e-07
4.23498e-07
-1.7101e-07
4.33897e-07
-1.85717e-07
4.43595e-07
-2.0079e-07
4.52801e-07
-2.16217e-07
4.61741e-07
-2.31991e-07
4.70657e-07
-2.48112e-07
4.79814e-07
-2.64588e-07
4.89487e-07
-2.81437e-07
4.9998e-07
-2.98677e-07
5.11591e-07
-3.16359e-07
5.24696e-07
-3.34517e-07
5.39609e-07
-3.53224e-07
5.56722e-07
-3.72531e-07
5.7637e-07
-3.92547e-07
5.98997e-07
-4.13345e-07
6.24945e-07
-4.35067e-07
6.5464e-07
-4.57821e-07
6.88478e-07
-4.81757e-07
7.26774e-07
-5.07061e-07
7.70061e-07
-5.33829e-07
8.18418e-07
-5.62404e-07
8.72607e-07
-5.92741e-07
9.32447e-07
-6.25378e-07
9.98824e-07
-6.60202e-07
1.07158e-06
-6.97725e-07
1.1513e-06
-7.3808e-07
1.2383e-06
-7.81492e-07
1.33265e-06
-8.28382e-07
1.43497e-06
-8.78867e-07
1.54531e-06
-9.33346e-07
1.66416e-06
-9.92135e-07
1.79178e-06
-1.05526e-06
1.92836e-06
-1.1235e-06
2.07494e-06
-1.19694e-06
2.23074e-06
-1.27443e-06
2.39762e-06
-1.35898e-06
2.57703e-06
-1.44996e-06
2.76677e-06
-1.54794e-06
2.96875e-06
-1.65331e-06
3.18312e-06
-1.76651e-06
3.41044e-06
-1.88806e-06
3.65154e-06
-2.01855e-06
3.90719e-06
-2.15861e-06
4.17817e-06
-2.30894e-06
4.46535e-06
-2.47029e-06
4.76968e-06
-2.64348e-06
5.09222e-06
-2.82942e-06
5.43411e-06
-3.0291e-06
5.79661e-06
-3.24362e-06
6.1811e-06
-3.47424e-06
6.5891e-06
-3.72237e-06
7.02224e-06
-3.9896e-06
7.48233e-06
-4.27776e-06
7.9713e-06
-4.58892e-06
8.49131e-06
-4.92548e-06
9.04467e-06
-5.2902e-06
9.63392e-06
-5.68626e-06
1.02618e-05
-6.11742e-06
1.09314e-05
-6.58799e-06
1.16459e-05
-7.10311e-06
1.24089e-05
-7.66874e-06
1.32245e-05
-8.29196e-06
1.40968e-05
-8.98144e-06
1.50309e-05
-9.74736e-06
1.60319e-05
-1.06019e-05
1.71058e-05
-1.156e-05
1.82592e-05
-1.264e-05
1.94999e-05
-1.38646e-05
2.08367e-05
-1.52627e-05
2.22801e-05
-1.68717e-05
2.3843e-05
-1.87408e-05
2.55414e-05
-2.09381e-05
2.73965e-05
-2.35582e-05
2.94345e-05
-2.6747e-05
3.16939e-05
-3.07008e-05
3.42094e-05
-3.57917e-05
3.70457e-05
-4.23177e-05
4.01571e-05
-5.13663e-05
4.35149e-05
-6.40466e-05
4.75684e-05
4.66055e-05
-7.53174e-05
-3.36568e-10
1.28867e-08
-1.32199e-09
3.96421e-08
-3.03888e-09
6.71336e-08
-5.50837e-09
9.50776e-08
-8.74437e-09
1.2325e-07
-1.27424e-08
1.51396e-07
-1.74962e-08
1.7926e-07
-2.29927e-08
2.06582e-07
-2.922e-08
2.33095e-07
-3.61522e-08
2.58558e-07
-4.37648e-08
2.82774e-07
-5.20225e-08
3.05605e-07
-6.08953e-08
3.26962e-07
-7.03433e-08
3.46801e-07
-8.03298e-08
3.65109e-07
-9.08184e-08
3.8191e-07
-1.01775e-07
3.9726e-07
-1.13168e-07
4.11253e-07
-1.24966e-07
4.2401e-07
-1.37145e-07
4.3568e-07
-1.49679e-07
4.46434e-07
-1.62549e-07
4.56467e-07
-1.75737e-07
4.65991e-07
-1.89232e-07
4.75237e-07
-2.03026e-07
4.84454e-07
-2.17123e-07
4.93912e-07
-2.31526e-07
5.03892e-07
-2.46255e-07
5.14709e-07
-2.61319e-07
5.26656e-07
-2.76767e-07
5.40144e-07
-2.92628e-07
5.55469e-07
-3.08977e-07
5.73069e-07
-3.25849e-07
5.93242e-07
-3.43344e-07
6.16491e-07
-3.61525e-07
6.43126e-07
-3.80511e-07
6.73624e-07
-4.00406e-07
7.08374e-07
-4.21332e-07
7.47698e-07
-4.43457e-07
7.92184e-07
-4.66876e-07
8.41833e-07
-4.91854e-07
8.97583e-07
-5.18393e-07
9.58984e-07
-5.46964e-07
1.02739e-06
-5.77378e-07
1.10199e-06
-6.10301e-07
1.18422e-06
-6.45544e-07
1.27354e-06
-6.83622e-07
1.37073e-06
-7.24644e-07
1.47599e-06
-7.68983e-07
1.58965e-06
-8.16729e-07
1.7119e-06
-8.68213e-07
1.84326e-06
-9.23998e-07
1.98414e-06
-9.83544e-07
2.13448e-06
-1.04817e-06
2.29537e-06
-1.11649e-06
2.46594e-06
-1.19008e-06
2.65062e-06
-1.27018e-06
2.84686e-06
-1.35596e-06
3.05453e-06
-1.44815e-06
3.27531e-06
-1.54734e-06
3.50962e-06
-1.65396e-06
3.75816e-06
-1.76851e-06
4.02174e-06
-1.89153e-06
4.30118e-06
-2.02361e-06
4.59742e-06
-2.16539e-06
4.91147e-06
-2.31764e-06
5.24446e-06
-2.48115e-06
5.59762e-06
-2.65686e-06
5.97232e-06
-2.84578e-06
6.37002e-06
-3.04905e-06
6.79237e-06
-3.26796e-06
7.24115e-06
-3.50395e-06
7.71832e-06
-3.75871e-06
8.22606e-06
-4.03417e-06
8.76676e-06
-4.33251e-06
9.34302e-06
-4.65634e-06
9.95774e-06
-5.00859e-06
1.06141e-05
-5.39275e-06
1.13155e-05
-5.81287e-06
1.2066e-05
-6.27374e-06
1.28698e-05
-6.78099e-06
1.37317e-05
-7.34147e-06
1.46572e-05
-7.96307e-06
1.56524e-05
-8.65532e-06
1.67241e-05
-9.42975e-06
1.78802e-05
-1.03004e-05
1.91299e-05
-1.12843e-05
2.04838e-05
-1.24027e-05
2.1955e-05
-1.36819e-05
2.35593e-05
-1.51559e-05
2.53169e-05
-1.68686e-05
2.72541e-05
-1.88805e-05
2.94083e-05
-2.12757e-05
3.18296e-05
-2.41887e-05
3.4607e-05
-2.78123e-05
3.7833e-05
-3.25882e-05
4.18215e-05
-3.87994e-05
4.63682e-05
-4.83037e-05
5.30191e-05
-5.77629e-05
5.70276e-05
6.66872e-05
-7.78446e-05
-2.8169e-10
-1.14868e-09
-2.63362e-09
-4.75052e-09
-7.50663e-09
-1.09084e-08
-1.49551e-08
-1.96411e-08
-2.4951e-08
-3.08649e-08
-3.73585e-08
-4.44047e-08
-5.19739e-08
-6.00333e-08
-6.8553e-08
-7.75005e-08
-8.68492e-08
-9.65695e-08
-1.06639e-07
-1.17032e-07
-1.27728e-07
-1.38707e-07
-1.49958e-07
-1.61465e-07
-1.73228e-07
-1.85244e-07
-1.97522e-07
-2.10082e-07
-2.22919e-07
-2.36069e-07
-2.49578e-07
-2.63507e-07
-2.77884e-07
-2.92792e-07
-3.08292e-07
-3.24466e-07
-3.4144e-07
-3.5926e-07
-3.78144e-07
-3.98094e-07
-4.19394e-07
-4.42038e-07
-4.66376e-07
-4.92305e-07
-5.20424e-07
-5.50387e-07
-5.82928e-07
-6.18005e-07
-6.55728e-07
-6.96611e-07
-7.40901e-07
-7.88447e-07
-8.39606e-07
-8.94775e-07
-9.54596e-07
-1.01662e-06
-1.08459e-06
-1.15767e-06
-1.23647e-06
-1.32144e-06
-1.41281e-06
-1.51086e-06
-1.61609e-06
-1.72905e-06
-1.8504e-06
-1.98079e-06
-2.12096e-06
-2.27168e-06
-2.43383e-06
-2.60839e-06
-2.79651e-06
-2.99949e-06
-3.21885e-06
-3.45629e-06
-3.71382e-06
-3.99368e-06
-4.29858e-06
-4.63159e-06
-4.99644e-06
-5.39739e-06
-5.8396e-06
-6.32915e-06
-6.87295e-06
-7.47974e-06
-8.15995e-06
-8.9259e-06
-9.7925e-06
-1.07778e-05
-1.19038e-05
-1.31973e-05
-1.46915e-05
-1.64274e-05
-1.84582e-05
-2.08482e-05
-2.3709e-05
-2.71196e-05
-3.16837e-05
-3.86107e-05
-5.38587e-05
-9.37532e-05
-2.43183e-05
4.2537e-09
-2.42582e-05
-6.00376e-08
-2.41685e-05
-8.9794e-08
-2.40894e-05
-7.90669e-08
-2.40612e-05
-2.8194e-08
-2.41274e-05
6.61676e-08
-2.43474e-05
2.19986e-07
-2.47293e-05
3.81975e-07
-2.52422e-05
5.12877e-07
-2.61858e-05
9.4362e-07
-2.7164e-05
9.78205e-07
-2.8288e-05
1.12397e-06
-2.95281e-05
1.2401e-06
-3.09567e-05
1.42856e-06
-3.2337e-05
1.38038e-06
-3.349e-05
1.15296e-06
-3.42885e-05
7.98476e-07
-3.45031e-05
2.14656e-07
-3.3913e-05
-5.90083e-07
-3.22702e-05
-1.64279e-06
-2.9309e-05
-2.96123e-06
-2.47207e-05
-4.58836e-06
-1.81865e-05
-6.53416e-06
-9.48676e-06
-8.69973e-06
1.53491e-06
-1.10217e-05
1.49179e-05
-1.3383e-05
3.05336e-05
-1.56157e-05
4.81198e-05
-1.75861e-05
6.7017e-05
-1.88972e-05
-1.87987e-05
-2.55304e-05
1.1031e-07
-2.55417e-05
-4.88093e-08
-2.54737e-05
-1.5776e-07
-2.53345e-05
-2.18251e-07
-2.51505e-05
-2.12188e-07
-2.49489e-05
-1.35425e-07
-2.47449e-05
1.59236e-08
-2.46068e-05
2.43841e-07
-2.46288e-05
5.34877e-07
-2.46113e-05
9.2613e-07
-2.49267e-05
1.29362e-06
-2.55108e-05
1.70812e-06
-2.58357e-05
1.56498e-06
-2.66116e-05
2.20445e-06
-2.73378e-05
2.10656e-06
-2.79938e-05
1.80896e-06
-2.85057e-05
1.3104e-06
-2.86749e-05
3.83804e-07
-2.83449e-05
-9.20023e-07
-2.73312e-05
-2.65657e-06
-2.54419e-05
-4.85044e-06
-2.25332e-05
-7.49715e-06
-1.84906e-05
-1.05767e-05
-1.31759e-05
-1.40144e-05
-6.50694e-06
-1.76906e-05
1.57544e-06
-2.14654e-05
1.11078e-05
-2.5148e-05
2.18223e-05
-2.83007e-05
3.32821e-05
-3.0357e-05
-3.09345e-05
-2.81721e-05
2.35092e-07
-2.81515e-05
-6.94235e-08
-2.79986e-05
-3.10668e-07
-2.77187e-05
-4.98123e-07
-2.73447e-05
-5.86174e-07
-2.68856e-05
-5.94586e-07
-2.63938e-05
-4.75881e-07
-2.59167e-05
-2.33201e-07
-2.54746e-05
9.27209e-08
-2.5125e-05
5.76531e-07
-2.4879e-05
1.04761e-06
-2.46991e-05
1.52826e-06
-2.50122e-05
1.87807e-06
-2.51038e-05
2.29601e-06
-2.54693e-05
2.47206e-06
-2.5858e-05
2.19775e-06
-2.62087e-05
1.66107e-06
-2.64773e-05
6.52416e-07
-2.64527e-05
-9.44628e-07
-2.60448e-05
-3.06449e-06
-2.51479e-05
-5.74737e-06
-2.36669e-05
-8.97808e-06
-2.15322e-05
-1.27115e-05
-1.86846e-05
-1.68621e-05
-1.50802e-05
-2.1295e-05
-1.07166e-05
-2.5829e-05
-5.63141e-06
-3.02332e-05
2.40161e-07
-3.41723e-05
7.04159e-06
-3.71584e-05
-3.92834e-05
-2.95438e-05
3.42869e-07
-2.94739e-05
-1.39297e-07
-2.92391e-05
-5.45437e-07
-2.88437e-05
-8.93531e-07
-2.83095e-05
-1.1204e-06
-2.76993e-05
-1.20485e-06
-2.70225e-05
-1.15267e-06
-2.63483e-05
-9.07392e-07
-2.57416e-05
-5.13948e-07
-2.52323e-05
6.72034e-08
-2.48425e-05
6.57798e-07
-2.46611e-05
1.3469e-06
-2.47638e-05
1.9808e-06
-2.49245e-05
2.45665e-06
-2.53412e-05
2.88876e-06
-2.59154e-05
2.77198e-06
-2.64471e-05
2.19275e-06
-2.70475e-05
1.25286e-06
-2.75471e-05
-4.45002e-07
-2.77273e-05
-2.88433e-06
-2.75462e-05
-5.92852e-06
-2.69131e-05
-9.61117e-06
-2.57648e-05
-1.38597e-05
-2.40581e-05
-1.85688e-05
-2.17633e-05
-2.35897e-05
-1.88701e-05
-2.87222e-05
-1.53727e-05
-3.37306e-05
-1.12145e-05
-3.83304e-05
-6.27255e-06
-4.21004e-05
-4.51292e-05
-3.03609e-05
4.35203e-07
-3.0252e-05
-2.482e-07
-2.99295e-05
-8.67905e-07
-2.94329e-05
-1.39015e-06
-2.87707e-05
-1.78263e-06
-2.79908e-05
-1.98478e-06
-2.71674e-05
-1.97607e-06
-2.63378e-05
-1.73699e-06
-2.55757e-05
-1.27601e-06
-2.4941e-05
-5.6747e-07
-2.45372e-05
2.53968e-07
-2.43756e-05
1.18529e-06
-2.45361e-05
2.14126e-06
-2.49515e-05
2.8721e-06
-2.55873e-05
3.52459e-06
-2.65613e-05
3.74593e-06
-2.75965e-05
3.228e-06
-2.86578e-05
2.31415e-06
-2.98036e-05
7.00754e-07
-3.06636e-05
-2.02433e-06
-3.11377e-05
-5.45434e-06
-3.11295e-05
-9.61945e-06
-3.05626e-05
-1.44266e-05
-2.93777e-05
-1.97537e-05
-2.75324e-05
-2.5435e-05
-2.50046e-05
-3.12501e-05
-2.17876e-05
-3.69476e-05
-1.78569e-05
-4.22611e-05
-1.31363e-05
-4.6821e-05
-5.05839e-05
-3.1088e-05
5.12592e-07
-3.09258e-05
-4.10386e-07
-3.0512e-05
-1.28173e-06
-2.98689e-05
-2.03325e-06
-2.90378e-05
-2.61374e-06
-2.80558e-05
-2.96678e-06
-2.69982e-05
-3.0337e-06
-2.59543e-05
-2.78083e-06
-2.50047e-05
-2.22561e-06
-2.42267e-05
-1.34549e-06
-2.37317e-05
-2.41039e-07
-2.35975e-05
1.05107e-06
-2.38714e-05
2.4152e-06
-2.45394e-05
3.54011e-06
-2.55789e-05
4.5641e-06
-2.70483e-05
5.21532e-06
-2.87454e-05
4.92507e-06
-3.04728e-05
4.04151e-06
-3.23399e-05
2.56788e-06
-3.40561e-05
-3.08063e-07
-3.52711e-05
-4.23943e-06
-3.59277e-05
-8.9628e-06
-3.59066e-05
-1.44477e-05
-3.51113e-05
-2.0549e-05
-3.34721e-05
-2.70742e-05
-3.09454e-05
-3.37768e-05
-2.75133e-05
-4.03797e-05
-2.31617e-05
-4.66127e-05
-1.78427e-05
-5.214e-05
-5.67348e-05
-3.19772e-05
5.90806e-07
-3.17631e-05
-6.24409e-07
-3.12336e-05
-1.81123e-06
-3.04206e-05
-2.84627e-06
-2.93611e-05
-3.67328e-06
-2.81096e-05
-4.2183e-06
-2.67523e-05
-4.39095e-06
-2.53974e-05
-4.13572e-06
-2.41693e-05
-3.45379e-06
-2.31759e-05
-2.33883e-06
-2.25332e-05
-8.83772e-07
-2.23704e-05
8.88227e-07
-2.27716e-05
2.81646e-06
-2.37267e-05
4.49517e-06
-2.52164e-05
6.05381e-06
-2.72907e-05
7.28962e-06
-2.97575e-05
7.39187e-06
-3.23217e-05
6.60575e-06
-3.50598e-05
5.30599e-06
-3.77869e-05
2.41901e-06
-3.99033e-05
-2.12302e-06
-4.13415e-05
-7.52458e-06
-4.19388e-05
-1.38505e-05
-4.15542e-05
-2.09336e-05
-4.00877e-05
-2.85407e-05
-3.74769e-05
-3.63875e-05
-3.36962e-05
-4.41605e-05
-2.87512e-05
-5.15577e-05
-2.26331e-05
-5.82581e-05
-6.3936e-05
-3.31327e-05
6.85108e-07
-3.28836e-05
-8.73595e-07
-3.22418e-05
-2.45303e-06
-3.12226e-05
-3.86545e-06
-2.9877e-05
-5.0189e-06
-2.82736e-05
-5.82172e-06
-2.65203e-05
-6.14422e-06
-2.47444e-05
-5.91166e-06
-2.3118e-05
-5.08016e-06
-2.17983e-05
-3.65854e-06
-2.09149e-05
-1.76712e-06
-2.06492e-05
6.22441e-07
-2.11491e-05
3.3164e-06
-2.24169e-05
5.76301e-06
-2.44221e-05
8.05898e-06
-2.72235e-05
1.0091e-05
-3.0619e-05
1.07874e-05
-3.42055e-05
1.01922e-05
-3.80207e-05
9.12122e-06
-4.19333e-05
6.33166e-06
-4.51674e-05
1.11101e-06
-4.75671e-05
-5.12483e-06
-4.89128e-05
-1.25048e-05
-4.90187e-05
-2.08277e-05
-4.77557e-05
-2.98038e-05
-4.50457e-05
-3.90975e-05
-4.08594e-05
-4.83468e-05
-3.52223e-05
-5.71948e-05
-2.81847e-05
-6.52957e-05
-7.22847e-05
-3.46615e-05
8.36427e-07
-3.43793e-05
-1.1558e-06
-3.36141e-05
-3.21818e-06
-3.23552e-05
-5.12435e-06
-3.06528e-05
-6.72136e-06
-2.85893e-05
-7.8852e-06
-2.63179e-05
-8.41559e-06
-2.39735e-05
-8.25613e-06
-2.17795e-05
-7.27417e-06
-1.99835e-05
-5.45449e-06
-1.87355e-05
-3.01515e-06
-1.82471e-05
1.34096e-07
-1.87827e-05
3.85192e-06
-2.03964e-05
7.37674e-06
-2.30184e-05
1.0681e-05
-2.67003e-05
1.37729e-05
-3.12468e-05
1.53339e-05
-3.61031e-05
1.50484e-05
-4.12102e-05
1.42283e-05
-4.6571e-05
1.16925e-05
-5.11668e-05
5.70673e-06
-5.47748e-05
-1.51677e-06
-5.70681e-05
-1.02116e-05
-5.78104e-05
-2.00854e-05
-5.68479e-05
-3.07663e-05
-5.40824e-05
-4.1863e-05
-4.94749e-05
-5.29543e-05
-4.30636e-05
-6.36061e-05
-3.4972e-05
-7.33873e-05
-8.18967e-05
-3.66402e-05
1.10941e-06
-3.63568e-05
-1.43916e-06
-3.54562e-05
-4.11874e-06
-3.3916e-05
-6.66459e-06
-3.17779e-05
-8.85945e-06
-2.91176e-05
-1.05455e-05
-2.61759e-05
-1.13573e-05
-2.30817e-05
-1.13504e-05
-2.0112e-05
-1.02438e-05
-1.76301e-05
-7.93644e-06
-1.58323e-05
-4.81289e-06
-1.4976e-05
-7.22285e-07
-1.54387e-05
4.31462e-06
-1.73892e-05
9.32723e-06
-2.07562e-05
1.4048e-05
-2.55256e-05
1.85424e-05
-3.15254e-05
2.13337e-05
-3.80571e-05
2.15801e-05
-4.47069e-05
2.08781e-05
-5.17882e-05
1.87738e-05
-5.80991e-05
1.20177e-05
-6.32788e-05
3.66287e-06
-6.67889e-05
-6.7014e-06
-6.83026e-05
-1.85717e-05
-6.76935e-05
-3.13754e-05
-6.48703e-05
-4.46862e-05
-5.97972e-05
-5.80274e-05
-5.25372e-05
-7.08661e-05
-4.33164e-05
-8.26081e-05
-9.27961e-05
-3.91793e-05
1.59385e-06
-3.89629e-05
-1.65558e-06
-3.79407e-05
-5.14092e-06
-3.60754e-05
-8.52987e-06
-3.34362e-05
-1.14987e-05
-3.00042e-05
-1.39775e-05
-2.61794e-05
-1.51821e-05
-2.20775e-05
-1.54523e-05
-1.80426e-05
-1.42787e-05
-1.45827e-05
-1.13963e-05
-1.19265e-05
-7.46914e-06
-1.04402e-05
-2.2085e-06
-1.07e-05
4.57437e-06
-1.2994e-05
1.16212e-05
-1.7288e-05
1.83421e-05
-2.34341e-05
2.46884e-05
-3.13078e-05
2.92074e-05
-4.01799e-05
3.04522e-05
-4.88036e-05
2.95018e-05
-5.7677e-05
2.76471e-05
-6.61736e-05
2.05143e-05
-7.33552e-05
1.08444e-05
-7.84895e-05
-1.56705e-06
-8.10952e-05
-1.5966e-05
-8.10105e-05
-3.14601e-05
-7.81299e-05
-4.75669e-05
-7.23835e-05
-6.37738e-05
-6.38694e-05
-7.93802e-05
-5.31399e-05
-9.33376e-05
-0.000105232
-4.24356e-05
2.44278e-06
-4.23934e-05
-1.69779e-06
-4.12742e-05
-6.26014e-06
-3.90437e-05
-1.07604e-05
-3.58073e-05
-1.4735e-05
-3.13565e-05
-1.84283e-05
-2.63243e-05
-2.02144e-05
-2.07548e-05
-2.10218e-05
-1.5301e-05
-1.97324e-05
-1.03951e-05
-1.63022e-05
-6.43486e-06
-1.14294e-05
-3.92745e-06
-4.71592e-06
-3.65785e-06
4.30477e-06
-6.16343e-06
1.41268e-05
-1.16254e-05
2.38041e-05
-1.96717e-05
3.27347e-05
-3.02168e-05
3.97525e-05
-4.27363e-05
4.29717e-05
-5.48185e-05
4.15841e-05
-6.5029e-05
3.78576e-05
-7.58676e-05
3.1353e-05
-8.54806e-05
2.04573e-05
-9.25197e-05
5.47202e-06
-9.65164e-05
-1.19693e-05
-9.72282e-05
-3.07483e-05
-9.45414e-05
-5.02537e-05
-8.83946e-05
-6.99205e-05
-7.8593e-05
-8.91818e-05
-6.61293e-05
-0.000105801
-0.000119491
-4.66188e-05
3.90019e-06
-4.69176e-05
-1.39894e-06
-4.57354e-05
-7.4424e-06
-4.30623e-05
-1.34335e-05
-3.87553e-05
-1.9042e-05
-3.28668e-05
-2.43168e-05
-2.60737e-05
-2.70074e-05
-1.83678e-05
-2.87277e-05
-1.11154e-05
-2.69848e-05
-4.01899e-06
-2.33986e-05
2.24142e-06
-1.76898e-05
5.91018e-06
-8.38468e-06
6.60574e-06
3.6092e-06
4.0676e-06
1.66649e-05
-2.42012e-06
3.02918e-05
-1.23313e-05
4.26459e-05
-2.59827e-05
5.34039e-05
-4.2607e-05
5.9596e-05
-6.00767e-05
5.90537e-05
-7.4946e-05
5.27269e-05
-8.83876e-05
4.47946e-05
-0.000100128
3.21974e-05
-0.000108855
1.41992e-05
-0.000114225
-6.59913e-06
-0.000115425
-2.95486e-05
-0.000112133
-5.35452e-05
-0.00010416
-7.78935e-05
-9.17515e-05
-0.000101591
-7.79488e-05
-0.000119604
-0.00013449
-5.19503e-05
6.29508e-06
-5.27479e-05
-6.01307e-07
-5.13774e-05
-8.81289e-06
-4.81596e-05
-1.66513e-05
-4.23906e-05
-2.48111e-05
-3.54321e-05
-3.12753e-05
-2.69657e-05
-3.54738e-05
-1.83148e-05
-3.73786e-05
-8.90576e-06
-3.63939e-05
1.41876e-07
-3.24463e-05
7.31604e-06
-2.4864e-05
1.1696e-05
-1.27646e-05
1.33188e-05
1.98643e-06
1.32962e-05
1.66875e-05
6.41051e-06
3.71775e-05
-5.3102e-06
5.43666e-05
-2.13961e-05
6.94898e-05
-4.00616e-05
7.82616e-05
-6.11214e-05
8.01134e-05
-8.25708e-05
7.41764e-05
-9.8731e-05
6.09548e-05
-0.000111146
4.46119e-05
-0.000123082
2.61355e-05
-0.000132063
2.38176e-06
-0.000135579
-2.60322e-05
-0.000132615
-5.65088e-05
-0.000124811
-8.56978e-05
-0.000114279
-0.000112123
-9.66478e-05
-0.000137235
-0.000158148
-5.85648e-05
9.78201e-06
-5.9714e-05
5.47875e-07
-5.86209e-05
-9.90598e-06
-5.61762e-05
-1.9096e-05
-5.13571e-05
-2.96302e-05
-4.48209e-05
-3.78115e-05
-3.58752e-05
-4.44195e-05
-2.54006e-05
-4.78532e-05
-1.4171e-05
-4.76235e-05
-4.44645e-06
-4.21709e-05
4.06106e-06
-3.33715e-05
1.12683e-05
-1.99719e-05
1.67266e-05
-3.47188e-06
1.54214e-05
1.79927e-05
1.00898e-05
4.2509e-05
-2.03104e-06
6.64874e-05
-1.85933e-05
8.6052e-05
-4.08976e-05
0.000100566
-6.60204e-05
0.000105236
-8.84539e-05
9.661e-05
-0.00010968
8.21808e-05
-0.000127918
6.28496e-05
-0.000141092
3.93096e-05
-0.000148816
1.01064e-05
-0.000150643
-2.42056e-05
-0.000144862
-6.229e-05
-0.000132772
-9.77877e-05
-0.000116471
-0.000128423
-9.80661e-05
-0.00015564
-6.75136e-05
1.49543e-05
-6.98057e-05
2.84001e-06
-7.12083e-05
-8.50336e-06
-6.97425e-05
-2.05619e-05
-6.60885e-05
-3.32842e-05
-6.09275e-05
-4.29725e-05
-5.57727e-05
-4.95744e-05
-5.02723e-05
-5.33535e-05
-4.43136e-05
-5.35822e-05
-3.62177e-05
-5.02669e-05
-2.6425e-05
-4.31641e-05
-1.49088e-05
-3.14881e-05
-2.11512e-06
-1.62656e-05
3.45957e-06
1.2418e-05
5.34476e-06
4.06239e-05
-5.84692e-07
7.24169e-05
-1.31785e-05
9.86459e-05
-3.19455e-05
0.000119333
-5.51779e-05
0.000128469
-7.45429e-05
0.000115975
-9.37484e-05
0.000101386
-0.000112424
8.15251e-05
-0.000130089
5.69749e-05
-0.000141174
2.11913e-05
-0.000147452
-1.79273e-05
-0.000145733
-6.40092e-05
-0.000138738
-0.000104783
-0.000124438
-0.000142724
-0.000167501
-7.73277e-05
2.21953e-05
-8.12638e-05
6.77607e-06
-8.39319e-05
-5.83528e-06
-8.69413e-05
-1.75525e-05
-9.2957e-05
-2.72685e-05
-0.000100817
-3.51121e-05
-0.000110249
-4.01424e-05
-0.000119066
-4.45369e-05
-0.000125294
-4.73541e-05
-0.000122754
-5.28071e-05
-0.0001151
-5.08182e-05
-9.86925e-05
-4.78955e-05
-7.78348e-05
-3.71233e-05
-5.26019e-05
-1.28149e-05
-3.06732e-05
1.86952e-05
-2.03391e-05
6.20828e-05
-1.95388e-05
9.78455e-05
-2.47201e-05
0.000124514
-3.49546e-05
0.000138703
-3.83391e-05
0.00011936
-3.4351e-05
9.73982e-05
-3.03145e-05
7.74886e-05
-2.9439e-05
5.60994e-05
-4.16652e-05
3.34174e-05
-5.77246e-05
-1.86788e-06
-7.41773e-05
-4.75565e-05
-8.96416e-05
-8.93184e-05
-9.33607e-05
-0.000139005
-0.00014686
-8.15182e-05
2.83961e-05
-9.34506e-05
1.87084e-05
-0.000107199
7.91308e-06
-0.00012603
1.27857e-06
-0.000162449
9.15048e-06
-0.00019342
-4.14153e-06
-0.000230688
-2.8744e-06
-0.00026028
-1.4944e-05
-0.000280117
-2.7517e-05
-0.000289657
-4.32672e-05
-0.000283833
-5.66424e-05
-0.000242919
-8.88093e-05
-0.000209793
-7.025e-05
-0.000155557
-6.70508e-05
-8.83655e-05
-4.8496e-05
-7.55727e-06
-1.87254e-05
7.42372e-05
1.60511e-05
0.000141493
5.7258e-05
0.000172091
0.000108105
0.000166794
0.000124657
0.000129592
0.0001346
6.51191e-05
0.000141962
-1.12079e-05
0.000132426
-7.33669e-05
9.55764e-05
-0.000112903
3.76685e-05
-0.000145063
-1.53966e-05
-0.000160117
-7.42646e-05
-0.000166343
-0.000132779
-0.000116843
-8.75411e-05
3.80925e-05
-8.81362e-05
1.93036e-05
-0.00010801
2.77864e-05
-0.000132269
2.55384e-05
-0.000133062
9.94281e-06
-0.000131218
-5.9849e-06
-0.000100394
-3.3699e-05
-8.82673e-05
-2.70705e-05
-9.20755e-05
-2.37088e-05
-0.000111342
-2.40003e-05
-0.000132557
-3.54282e-05
-0.000162356
-5.901e-05
-0.000185371
-4.72348e-05
-0.000200057
-5.23647e-05
-0.000204567
-4.39866e-05
-0.00020228
-2.10119e-05
-0.000190527
4.29811e-06
-0.000171322
3.8053e-05
-0.000132507
6.92895e-05
-9.4648e-05
8.6798e-05
-6.35431e-05
0.000103495
-9.34042e-06
8.77588e-05
3.78515e-05
8.52345e-05
5.87965e-05
7.46314e-05
5.48094e-05
4.16556e-05
2.90499e-05
1.03629e-05
-1.54042e-05
-2.98104e-05
-9.3742e-05
-5.44408e-05
-5.37512e-05
-5.56607e-05
-3.63571e-05
-8.5707e-06
1.69677e-05
2.69105e-05
2.09256e-05
-1.27734e-05
-3.98439e-05
-6.35527e-05
-8.75529e-05
-0.000122981
-0.000181991
-0.000229226
-0.000281591
-0.000325577
-0.000346589
-0.000342291
-0.000304238
-0.000234948
-0.00014815
-4.46552e-05
4.31036e-05
0.000128338
0.00020297
0.000244625
0.000254988
0.000225178
0.000170737
)
;

boundaryField
{
    inlet
    {
        type            calculated;
        value           uniform 0;
    }
    outlet
    {
        type            calculated;
        value           nonuniform List<scalar> 0();
    }
    topWall
    {
        type            calculated;
        value           nonuniform List<scalar> 0();
    }
    lowerWall
    {
        type            calculated;
        value           uniform 0;
    }
    leadingEdge
    {
        type            calculated;
        value           uniform 0;
    }
    trailingEdge
    {
        type            calculated;
        value           nonuniform List<scalar> 0();
    }
    upperSurface
    {
        type            calculated;
        value           nonuniform List<scalar> 0();
    }
    lowerSurface
    {
        type            calculated;
        value           uniform 0;
    }
    frontAndBack
    {
        type            empty;
        value           nonuniform List<scalar> 0();
    }
    procBoundary0to1
    {
        type            processor;
        value           nonuniform List<scalar> 
21
(
8.58157e-05
4.54178e-05
1.53905e-05
-4.26783e-07
-7.68149e-06
-1.16918e-05
-1.54319e-05
-1.9836e-05
-2.536e-05
-3.2417e-05
-4.07043e-05
-5.18698e-05
-6.29497e-05
-7.29902e-05
-0.000176805
-7.94095e-05
-0.000112577
-0.000114001
-0.00019636
-0.000156834
0.000116985
)
;
    }
    procBoundary0to4
    {
        type            processor;
        value           nonuniform List<scalar> 
101
(
1.38004e-08
4.24699e-08
7.19208e-08
1.01882e-07
1.32107e-07
1.62319e-07
1.92249e-07
2.21614e-07
1.78329e-09
2.50618e-07
2.78079e-07
3.04216e-07
3.2888e-07
3.51974e-07
3.73447e-07
3.93285e-07
4.11513e-07
4.28191e-07
4.43413e-07
4.57307e-07
4.70031e-07
4.81764e-07
4.92716e-07
5.03108e-07
5.13192e-07
5.23229e-07
5.33506e-07
5.44337e-07
5.56013e-07
5.69001e-07
5.83521e-07
6.0003e-07
6.18905e-07
6.40636e-07
6.6556e-07
6.94218e-07
7.26925e-07
7.64277e-07
8.06522e-07
8.54275e-07
9.07753e-07
9.67522e-07
1.03382e-06
1.10717e-06
1.18768e-06
1.27627e-06
1.37218e-06
1.47771e-06
1.59037e-06
1.71409e-06
1.84558e-06
1.98869e-06
2.14073e-06
2.30565e-06
2.48073e-06
2.66879e-06
2.86947e-06
3.07586e-06
3.2924e-06
3.53252e-06
3.79002e-06
4.06088e-06
4.34576e-06
4.64864e-06
4.97105e-06
5.31352e-06
5.67695e-06
6.06272e-06
6.47266e-06
6.9088e-06
7.37321e-06
7.86796e-06
8.39537e-06
8.95809e-06
9.55939e-06
1.02031e-05
1.08934e-05
1.16352e-05
1.24335e-05
1.32943e-05
1.42238e-05
1.52291e-05
1.63185e-05
1.75004e-05
1.87941e-05
2.02035e-05
2.17445e-05
2.34375e-05
2.53017e-05
2.73599e-05
2.96373e-05
3.21613e-05
3.49609e-05
3.8063e-05
4.1489e-05
4.5242e-05
4.9288e-05
5.35275e-05
5.76689e-05
6.13796e-05
6.14023e-05
)
;
    }
}


// ************************************************************************* //
