/*--------------------------------*- C++ -*----------------------------------*\
| =========                 |                                                 |
| \\      /  F ield         | OpenFOAM: The Open Source CFD Toolbox           |
|  \\    /   O peration     | Version:  2206                                  |
|   \\  /    A nd           | Website:  www.openfoam.com                      |
|    \\/     M anipulation  |                                                 |
\*---------------------------------------------------------------------------*/
FoamFile
{
    version     2.0;
    format      ascii;
    arch        "LSB;label=32;scalar=64";
    class       surfaceScalarField;
    location    "18.6999";
    object      phi_0;
}
// * * * * * * * * * * * * * * * * * * * * * * * * * * * * * * * * * * * * * //

dimensions      [0 3 -1 0 0 0 0];

oriented        oriented;

internalField   nonuniform List<scalar> 
3613
(
6.51536e-06
5.52733e-07
-5.01761e-07
6.4293e-06
6.39096e-07
-5.53036e-07
6.31366e-06
6.92654e-07
-5.77014e-07
6.18021e-06
7.14709e-07
-5.81266e-07
6.0435e-06
7.1147e-07
-5.74758e-07
5.91467e-06
6.92601e-07
-5.63766e-07
5.7994e-06
6.65567e-07
-5.50301e-07
5.70037e-06
6.3269e-07
-5.33666e-07
5.61828e-06
5.93715e-07
-5.11617e-07
5.55287e-06
5.46391e-07
-4.80986e-07
5.50383e-06
4.87193e-07
-4.38155e-07
5.47024e-06
4.14746e-07
-3.81151e-07
5.45079e-06
3.28891e-07
-3.09436e-07
5.44414e-06
2.30121e-07
-2.23473e-07
5.44936e-06
1.19929e-07
-1.25151e-07
5.4659e-06
1.04452e-09
-1.75907e-08
5.49312e-06
-1.21833e-07
9.46145e-08
5.52985e-06
-2.4155e-07
2.04822e-07
5.57492e-06
-3.52373e-07
3.07302e-07
5.62674e-06
-4.49615e-07
3.97794e-07
5.68345e-06
-5.29722e-07
4.73014e-07
5.74326e-06
-5.90681e-07
5.30869e-07
5.8049e-06
-6.31956e-07
5.70321e-07
5.86765e-06
-6.53651e-07
5.90899e-07
5.93064e-06
-6.55261e-07
5.92272e-07
5.99245e-06
-6.36403e-07
5.74595e-07
6.05141e-06
-5.97501e-07
5.38535e-07
6.10596e-06
-5.40027e-07
4.85481e-07
6.15495e-06
-4.66514e-07
4.17522e-07
6.1977e-06
-3.79799e-07
3.37047e-07
6.23358e-06
-2.82579e-07
2.46703e-07
6.2612e-06
-1.77636e-07
1.50015e-07
6.2787e-06
-6.87331e-08
5.12364e-08
6.28474e-06
3.94426e-08
-4.54845e-08
6.27838e-06
1.43062e-07
-1.36705e-07
6.25907e-06
2.38745e-07
-2.19438e-07
6.22671e-06
3.23535e-07
-2.91171e-07
6.18176e-06
3.94935e-07
-3.49981e-07
6.12582e-06
4.51008e-07
-3.95068e-07
6.06206e-06
4.9074e-07
-4.26979e-07
5.99442e-06
5.14398e-07
-4.4676e-07
5.92661e-06
5.23578e-07
-4.55773e-07
5.8614e-06
5.20386e-07
-4.55174e-07
5.8008e-06
5.05778e-07
-4.45174e-07
5.74658e-06
4.79342e-07
-4.25125e-07
5.70003e-06
4.40678e-07
-3.94126e-07
5.66177e-06
3.89941e-07
-3.51687e-07
5.63207e-06
3.27584e-07
-2.97881e-07
5.61104e-06
2.5448e-07
-2.33445e-07
5.59885e-06
1.7192e-07
-1.59731e-07
5.59586e-06
8.16839e-08
-7.87022e-08
5.60251e-06
-1.35203e-08
6.86989e-09
5.61871e-06
-1.09057e-07
9.28613e-08
5.64372e-06
-1.99912e-07
1.74902e-07
5.67622e-06
-2.82039e-07
2.49536e-07
5.71444e-06
-3.52016e-07
3.13801e-07
5.75646e-06
-4.07549e-07
3.65533e-07
5.80064e-06
-4.47659e-07
4.03476e-07
5.84598e-06
-4.72479e-07
4.27136e-07
5.89196e-06
-4.82377e-07
4.36404e-07
5.93782e-06
-4.77276e-07
4.31413e-07
5.98257e-06
-4.57415e-07
4.12666e-07
6.02506e-06
-4.2344e-07
3.80952e-07
6.06422e-06
-3.76829e-07
3.37667e-07
6.09916e-06
-3.1954e-07
2.84597e-07
6.12908e-06
-2.53622e-07
2.23705e-07
6.15305e-06
-1.81136e-07
1.57165e-07
6.16988e-06
-1.04431e-07
8.76061e-08
6.17877e-06
-2.65911e-08
1.77009e-08
6.17949e-06
4.95677e-08
-5.0296e-08
6.17215e-06
1.21701e-07
-1.14358e-07
6.15714e-06
1.8771e-07
-1.72697e-07
6.13512e-06
2.45794e-07
-2.23771e-07
6.10692e-06
2.94495e-07
-2.66302e-07
6.07352e-06
3.32769e-07
-2.99367e-07
6.03601e-06
3.60022e-07
-3.22513e-07
5.9957e-06
3.76145e-07
-3.35836e-07
5.95408e-06
3.81411e-07
-3.39786e-07
5.91262e-06
3.76255e-07
-3.34796e-07
5.87277e-06
3.61003e-07
-3.21154e-07
5.83587e-06
3.36031e-07
-2.99134e-07
5.80296e-06
3.0209e-07
-2.69177e-07
5.77473e-06
2.60127e-07
-2.31893e-07
5.75162e-06
2.11161e-07
-1.88056e-07
5.73397e-06
1.5626e-07
-1.38608e-07
5.72211e-06
9.65063e-08
-8.46422e-08
5.71646e-06
3.31699e-08
-2.752e-08
5.71753e-06
-3.17789e-08
3.07025e-08
5.72533e-06
-9.54499e-08
8.76524e-08
5.73949e-06
-1.55352e-07
1.41191e-07
5.75923e-06
-2.09002e-07
1.89266e-07
5.78338e-06
-2.54257e-07
2.30106e-07
5.81065e-06
-2.89665e-07
2.62391e-07
5.83996e-06
-3.1462e-07
2.85309e-07
5.87065e-06
-3.29155e-07
2.98468e-07
5.90221e-06
-3.33334e-07
3.01777e-07
5.93394e-06
-3.27129e-07
2.95391e-07
5.96506e-06
-3.10703e-07
2.79591e-07
5.99472e-06
-2.84622e-07
2.54959e-07
6.02225e-06
-2.5004e-07
2.22512e-07
6.04704e-06
-2.08267e-07
1.83469e-07
6.06853e-06
-1.60678e-07
1.39188e-07
6.08598e-06
-1.08763e-07
9.13144e-08
6.09858e-06
-5.43717e-08
4.17731e-08
6.1059e-06
2.25244e-10
-7.54182e-09
6.1078e-06
5.31004e-08
-5.5006e-08
6.10438e-06
1.0257e-07
-9.91437e-08
6.09593e-06
1.47126e-07
-1.38674e-07
6.08295e-06
1.85519e-07
-1.72538e-07
6.06601e-06
2.16831e-07
-1.99892e-07
6.04562e-06
2.40493e-07
-2.2011e-07
6.0223e-06
2.56204e-07
-2.32882e-07
5.99675e-06
2.63894e-07
-2.38337e-07
5.96981e-06
2.63725e-07
-2.36787e-07
5.94234e-06
2.56055e-07
-2.28591e-07
5.91536e-06
2.41113e-07
-2.14131e-07
5.88986e-06
2.19419e-07
-1.9392e-07
5.86667e-06
1.91807e-07
-1.68614e-07
5.84642e-06
1.59158e-07
-1.38904e-07
5.82957e-06
1.22361e-07
-1.05518e-07
5.81655e-06
8.23204e-08
-6.92975e-08
5.80777e-06
4.00776e-08
-3.13017e-08
5.80351e-06
-2.89784e-09
7.1607e-09
5.80375e-06
-4.50566e-08
4.48218e-08
-8.5005e-08
8.0433e-08
6.74199e-06
5.68023e-07
6.6995e-06
6.81586e-07
6.62781e-06
7.64337e-07
6.53027e-06
8.12252e-07
6.41558e-06
8.26165e-07
6.29516e-06
8.13014e-07
6.17997e-06
7.8076e-07
6.07811e-06
7.34551e-07
5.99292e-06
6.78909e-07
5.92558e-06
6.13727e-07
5.87603e-06
5.36744e-07
5.84321e-06
4.47565e-07
5.82542e-06
3.46687e-07
5.82076e-06
2.34779e-07
5.82769e-06
1.12994e-07
5.84504e-06
-1.62996e-08
5.87137e-06
-1.48167e-07
5.90542e-06
-2.75604e-07
5.94607e-06
-3.93024e-07
5.99184e-06
-4.9538e-07
6.04093e-06
-5.7881e-07
6.09156e-06
-6.41312e-07
6.14253e-06
-6.82922e-07
6.19362e-06
-7.04745e-07
6.24479e-06
-7.06426e-07
6.29511e-06
-6.86727e-07
6.34302e-06
-6.45414e-07
6.38691e-06
-5.83915e-07
6.42561e-06
-5.05209e-07
6.45838e-06
-4.12573e-07
6.48475e-06
-3.08948e-07
6.50418e-06
-1.97064e-07
6.51566e-06
-8.0219e-08
6.5184e-06
3.67049e-08
6.51184e-06
1.49627e-07
6.49557e-06
2.5501e-07
6.46957e-06
3.49542e-07
6.43417e-06
4.30328e-07
6.39013e-06
4.95045e-07
6.3388e-06
5.42076e-07
6.28241e-06
5.70791e-07
6.22396e-06
5.82026e-07
6.1662e-06
5.78143e-07
6.11172e-06
5.60257e-07
6.06301e-06
5.28058e-07
6.02147e-06
4.82215e-07
5.9879e-06
4.23513e-07
5.96272e-06
3.52762e-07
5.94615e-06
2.71051e-07
5.93837e-06
1.79699e-07
5.93962e-06
8.04325e-08
5.94995e-06
-2.38458e-08
5.96857e-06
-1.27686e-07
5.99429e-06
-2.2563e-07
6.02543e-06
-3.13177e-07
6.06007e-06
-3.86656e-07
6.0963e-06
-4.4378e-07
6.13258e-06
-4.83939e-07
6.16824e-06
-5.08142e-07
6.20364e-06
-5.1777e-07
6.23907e-06
-5.12713e-07
6.27394e-06
-4.92283e-07
6.30732e-06
-4.56818e-07
6.33829e-06
-4.07805e-07
6.36608e-06
-3.47322e-07
6.38998e-06
-2.77527e-07
6.4093e-06
-2.00459e-07
6.4231e-06
-1.1823e-07
6.43033e-06
-3.38187e-08
6.43062e-06
4.92818e-08
6.42398e-06
1.28337e-07
6.41081e-06
2.00883e-07
6.39183e-06
2.64777e-07
6.36804e-06
3.18278e-07
6.34059e-06
3.60223e-07
6.31044e-06
3.90169e-07
6.27831e-06
4.08277e-07
6.24489e-06
4.14828e-07
6.21117e-06
4.09977e-07
6.17838e-06
3.9379e-07
6.14777e-06
3.66648e-07
6.12027e-06
3.2959e-07
6.09654e-06
2.83851e-07
6.07706e-06
2.30642e-07
6.0622e-06
1.71122e-07
6.05236e-06
1.06344e-07
6.04809e-06
3.74421e-08
6.04994e-06
-3.36333e-08
6.05798e-06
-1.03485e-07
6.0717e-06
-1.69073e-07
6.09011e-06
-2.27412e-07
6.11181e-06
-2.75959e-07
6.13527e-06
-3.13119e-07
6.15922e-06
-3.38577e-07
6.18319e-06
-3.53124e-07
6.20737e-06
-3.5751e-07
6.23173e-06
-3.5149e-07
6.25555e-06
-3.34521e-07
6.27821e-06
-3.07283e-07
6.29924e-06
-2.71073e-07
6.31822e-06
-2.27243e-07
6.33474e-06
-1.77205e-07
6.3484e-06
-1.22421e-07
6.35855e-06
-6.45248e-08
6.36459e-06
-5.80611e-09
6.36626e-06
5.14244e-08
6.36354e-06
1.05291e-07
6.35664e-06
1.54029e-07
6.34604e-06
1.96115e-07
6.33245e-06
2.30421e-07
6.3166e-06
2.56345e-07
6.299e-06
2.73807e-07
6.27985e-06
2.83041e-07
6.25942e-06
2.84155e-07
6.23823e-06
2.77241e-07
6.21716e-06
2.62182e-07
6.19705e-06
2.39536e-07
6.17856e-06
2.1029e-07
6.16225e-06
1.75473e-07
6.1485e-06
1.36116e-07
6.13761e-06
9.32101e-08
6.12991e-06
4.77719e-08
6.12591e-06
1.1082e-09
6.12573e-06
-4.48836e-08
-8.86485e-08
6.84848e-06
5.65035e-07
6.84033e-06
6.89742e-07
6.81732e-06
7.87346e-07
6.77304e-06
8.56528e-07
6.7057e-06
8.93509e-07
6.62127e-06
8.97445e-07
6.52758e-06
8.74451e-07
6.43691e-06
8.25215e-07
6.35635e-06
7.59476e-07
6.28974e-06
6.80334e-07
6.23889e-06
5.8759e-07
6.20394e-06
4.82518e-07
6.18365e-06
3.66978e-07
6.1762e-06
2.42221e-07
6.17988e-06
1.09317e-07
6.19301e-06
-2.9432e-08
6.21351e-06
-1.68667e-07
6.24009e-06
-3.02183e-07
6.27169e-06
-4.24621e-07
6.3071e-06
-5.30796e-07
6.34482e-06
-6.16529e-07
6.38315e-06
-6.79639e-07
6.42083e-06
-7.20599e-07
6.45789e-06
-7.41811e-07
6.4953e-06
-7.43831e-07
6.53267e-06
-7.24096e-07
6.56826e-06
-6.81007e-07
6.60064e-06
-6.16298e-07
6.62894e-06
-5.33502e-07
6.65254e-06
-4.36181e-07
6.67095e-06
-3.27358e-07
6.68382e-06
-2.09932e-07
6.69084e-06
-8.72341e-08
6.69175e-06
3.57904e-08
6.68626e-06
1.55114e-07
6.67395e-06
2.67327e-07
6.65449e-06
3.68997e-07
6.62796e-06
4.56855e-07
6.59496e-06
5.28051e-07
6.55647e-06
5.80568e-07
6.51379e-06
6.1347e-07
6.46894e-06
6.26869e-07
6.42258e-06
6.24506e-07
6.37675e-06
6.06085e-07
6.33551e-06
5.69298e-07
6.30073e-06
5.16994e-07
6.27365e-06
4.50601e-07
6.25494e-06
3.7147e-07
6.24495e-06
2.81041e-07
6.2438e-06
1.80847e-07
6.2512e-06
7.30317e-08
6.26569e-06
-3.83336e-08
6.28522e-06
-1.47213e-07
6.30814e-06
-2.48557e-07
6.33307e-06
-3.38105e-07
6.35885e-06
-4.12436e-07
6.38442e-06
-4.69352e-07
6.40876e-06
-5.08281e-07
6.43132e-06
-5.30699e-07
6.45287e-06
-5.39324e-07
6.47579e-06
-5.35625e-07
6.49936e-06
-5.15861e-07
6.52267e-06
-4.80127e-07
6.54495e-06
-4.30081e-07
6.56549e-06
-3.67862e-07
6.58365e-06
-2.95691e-07
6.59879e-06
-2.15594e-07
6.61015e-06
-1.29597e-07
6.61672e-06
-4.0383e-08
6.61774e-06
4.82579e-08
6.61301e-06
1.33075e-07
6.60271e-06
2.11178e-07
6.58743e-06
2.80058e-07
6.5681e-06
3.37602e-07
6.54596e-06
3.82366e-07
6.52215e-06
4.13977e-07
6.49737e-06
4.3306e-07
6.47174e-06
4.40457e-07
6.4453e-06
4.36416e-07
6.41936e-06
4.19729e-07
6.39514e-06
3.90867e-07
6.37348e-06
3.51257e-07
6.35503e-06
3.02295e-07
6.34039e-06
2.45283e-07
6.33012e-06
1.81397e-07
6.32478e-06
1.11681e-07
6.32481e-06
3.74146e-08
6.33002e-06
-3.88433e-08
6.33973e-06
-1.13203e-07
6.35307e-06
-1.82403e-07
6.36899e-06
-2.43342e-07
6.38637e-06
-2.93336e-07
6.40393e-06
-3.30681e-07
6.42055e-06
-3.55194e-07
6.43578e-06
-3.6835e-07
6.45041e-06
-3.72147e-07
6.46615e-06
-3.67229e-07
6.48173e-06
-3.50095e-07
6.49671e-06
-3.2227e-07
6.51085e-06
-2.85205e-07
6.52383e-06
-2.40223e-07
6.53539e-06
-1.88773e-07
6.5453e-06
-1.32329e-07
6.55316e-06
-7.23809e-08
6.5583e-06
-1.0951e-08
6.56033e-06
4.93946e-08
6.55899e-06
1.06631e-07
6.55427e-06
1.58748e-07
6.54648e-06
2.03905e-07
6.53625e-06
2.40658e-07
6.5244e-06
2.68191e-07
6.51173e-06
2.86481e-07
6.4985e-06
2.9627e-07
6.48432e-06
2.98332e-07
6.4689e-06
2.92658e-07
6.45345e-06
2.7764e-07
6.43859e-06
2.54392e-07
6.42487e-06
2.24013e-07
6.41273e-06
1.87612e-07
6.40254e-06
1.46307e-07
6.39463e-06
1.01115e-07
6.38939e-06
5.30086e-08
6.38715e-06
3.3508e-09
6.38796e-06
-4.56904e-08
-9.23316e-08
6.86085e-06
5.57664e-07
6.86311e-06
6.87478e-07
6.85937e-06
7.9109e-07
6.84956e-06
8.66333e-07
6.8323e-06
9.10772e-07
6.8041e-06
9.25646e-07
6.75901e-06
9.19535e-07
6.70092e-06
8.83307e-07
6.64072e-06
8.19678e-07
6.58606e-06
7.34994e-07
6.54156e-06
6.32091e-07
6.50898e-06
5.15096e-07
6.48811e-06
3.87847e-07
6.47804e-06
2.5229e-07
6.47758e-06
1.09785e-07
6.48464e-06
-3.64918e-08
6.49669e-06
-1.80719e-07
6.51245e-06
-3.17945e-07
6.53124e-06
-4.43413e-07
6.55265e-06
-5.52207e-07
6.57601e-06
-6.39886e-07
6.60002e-06
-7.03651e-07
6.62312e-06
-7.43699e-07
6.6449e-06
-7.63587e-07
6.66726e-06
-7.66197e-07
6.69094e-06
-7.47773e-07
6.7129e-06
-7.02968e-07
6.73248e-06
-6.35876e-07
6.74905e-06
-5.50076e-07
6.76212e-06
-4.49248e-07
6.77137e-06
-3.3661e-07
6.77653e-06
-2.15091e-07
6.77764e-06
-8.83384e-08
6.77525e-06
3.81752e-08
6.77005e-06
1.6031e-07
6.76249e-06
2.74888e-07
6.75273e-06
3.78765e-07
6.74071e-06
4.68876e-07
6.72632e-06
5.42438e-07
6.70968e-06
5.9721e-07
6.69064e-06
6.32503e-07
6.66878e-06
6.48732e-07
6.6429e-06
6.50383e-07
6.61352e-06
6.35464e-07
6.58558e-06
5.97243e-07
6.56127e-06
5.41307e-07
6.54247e-06
4.69396e-07
6.53035e-06
3.83595e-07
6.5253e-06
2.86085e-07
6.52702e-06
1.7913e-07
6.53421e-06
6.58356e-08
6.54424e-06
-4.83625e-08
6.55501e-06
-1.57981e-07
6.5655e-06
-2.59049e-07
6.57545e-06
-3.48048e-07
6.58513e-06
-4.22113e-07
6.5948e-06
-4.79027e-07
6.60436e-06
-5.1784e-07
6.61332e-06
-5.39663e-07
6.62167e-06
-5.47666e-07
6.63218e-06
-5.46138e-07
6.64485e-06
-5.28532e-07
6.6582e-06
-4.9348e-07
6.672e-06
-4.43875e-07
6.68568e-06
-3.8154e-07
6.69839e-06
-3.08407e-07
6.70924e-06
-2.26439e-07
6.71758e-06
-1.37944e-07
6.72277e-06
-4.55666e-08
6.72424e-06
4.67882e-08
6.72207e-06
1.35245e-07
6.71671e-06
2.16535e-07
6.70846e-06
2.88307e-07
6.69757e-06
3.48496e-07
6.68462e-06
3.95315e-07
6.67044e-06
4.28153e-07
6.6558e-06
4.47704e-07
6.6407e-06
4.55551e-07
6.62351e-06
4.53605e-07
6.6057e-06
4.37541e-07
6.58908e-06
4.07493e-07
6.5745e-06
3.65836e-07
6.56267e-06
3.14125e-07
6.55412e-06
2.53835e-07
6.54932e-06
1.86193e-07
6.5486e-06
1.12397e-07
6.55178e-06
3.4241e-08
6.55763e-06
-4.47004e-08
6.56489e-06
-1.20461e-07
6.57273e-06
-1.90246e-07
6.58078e-06
-2.5139e-07
6.58883e-06
-3.01388e-07
6.59659e-06
-3.38439e-07
6.60361e-06
-3.62209e-07
6.60956e-06
-3.74304e-07
6.61499e-06
-3.77574e-07
6.62215e-06
-3.74394e-07
6.62976e-06
-3.57698e-07
6.63741e-06
-3.2992e-07
6.64491e-06
-2.92712e-07
6.65215e-06
-2.47458e-07
6.65903e-06
-1.95651e-07
6.66541e-06
-1.38713e-07
6.67103e-06
-7.80058e-08
6.67536e-06
-1.52747e-08
6.67796e-06
4.67884e-08
6.67862e-06
1.05974e-07
6.67721e-06
1.60155e-07
6.67379e-06
2.07329e-07
6.6686e-06
2.45851e-07
6.66219e-06
2.746e-07
6.65541e-06
2.93258e-07
6.64887e-06
3.02814e-07
6.64194e-06
3.05261e-07
6.63302e-06
3.01571e-07
6.6237e-06
2.86964e-07
6.61455e-06
2.63547e-07
6.60601e-06
2.32547e-07
6.5985e-06
1.9512e-07
6.59235e-06
1.52462e-07
6.58785e-06
1.05614e-07
6.58525e-06
5.56139e-08
6.58454e-06
4.05984e-09
6.58537e-06
-4.65269e-08
-9.43483e-08
6.82164e-06
6.82991e-06
6.83343e-06
6.8346e-06
6.83537e-06
6.83402e-06
6.8262e-06
6.80897e-06
6.78825e-06
6.76686e-06
6.7457e-06
6.72636e-06
6.71135e-06
6.70198e-06
6.69792e-06
6.69749e-06
6.69895e-06
6.70161e-06
6.70565e-06
6.71159e-06
6.71952e-06
6.72878e-06
6.73798e-06
6.7456e-06
6.75304e-06
6.76243e-06
6.77096e-06
6.7794e-06
6.78721e-06
6.793e-06
6.79603e-06
6.79647e-06
6.7943e-06
6.78942e-06
6.78225e-06
6.77352e-06
6.76394e-06
6.75436e-06
6.74604e-06
6.74014e-06
6.73733e-06
6.73637e-06
6.7355e-06
6.73409e-06
6.73209e-06
6.72976e-06
6.72795e-06
6.72732e-06
6.72801e-06
6.72947e-06
6.73027e-06
6.72892e-06
6.72556e-06
6.72059e-06
6.71456e-06
6.70852e-06
6.70369e-06
6.70088e-06
6.69985e-06
6.6998e-06
6.70121e-06
6.70511e-06
6.71036e-06
6.7174e-06
6.72575e-06
6.73444e-06
6.74255e-06
6.74883e-06
6.75232e-06
6.75294e-06
6.75106e-06
6.74645e-06
6.73967e-06
6.7318e-06
6.72382e-06
6.71691e-06
6.71222e-06
6.70958e-06
6.7064e-06
6.70352e-06
6.70125e-06
6.69954e-06
6.69839e-06
6.69788e-06
6.69811e-06
6.69894e-06
6.69993e-06
6.70037e-06
6.69996e-06
6.69867e-06
6.69674e-06
6.6946e-06
6.69278e-06
6.69161e-06
6.69092e-06
6.6906e-06
6.69116e-06
6.69248e-06
6.69444e-06
6.69697e-06
6.70004e-06
6.70354e-06
6.70714e-06
6.71036e-06
6.71269e-06
6.71395e-06
6.71424e-06
6.71363e-06
6.71218e-06
6.7101e-06
6.70782e-06
6.70581e-06
6.70455e-06
6.70381e-06
6.70237e-06
6.70101e-06
6.69977e-06
6.69864e-06
6.69763e-06
6.69671e-06
6.69577e-06
6.6947e-06
6.69333e-06
6.69173e-06
-4.49208e-08
-9.26339e-08
6.70447e-06
4.74145e-07
9.5204e-09
4.62835e-07
1.13104e-08
4.49819e-07
1.30164e-08
4.3516e-07
1.46585e-08
4.18956e-07
1.62042e-08
4.01371e-07
1.75852e-08
3.82667e-07
1.87035e-08
3.63224e-07
1.94431e-08
3.43569e-07
1.9655e-08
3.24364e-07
1.92047e-08
3.0639e-07
1.79741e-08
2.9049e-07
1.59005e-08
2.77515e-07
1.29743e-08
2.68288e-07
9.22772e-09
2.63583e-07
4.70465e-09
2.63425e-07
1.58113e-10
2.6801e-07
-4.58536e-09
2.77549e-07
-9.53855e-09
2.91752e-07
-1.42032e-08
3.10081e-07
-1.8329e-08
3.318e-07
-2.1719e-08
3.56027e-07
-2.42275e-08
3.81795e-07
-2.57678e-08
4.0811e-07
-2.63147e-08
4.33999e-07
-2.58895e-08
4.58575e-07
-2.4576e-08
4.81084e-07
-2.25083e-08
5.00919e-07
-1.98353e-08
5.17632e-07
-1.67128e-08
5.3094e-07
-1.33087e-08
5.40694e-07
-9.75321e-09
5.4685e-07
-6.15644e-09
5.49418e-07
-2.56775e-09
5.48898e-07
5.19497e-10
5.45385e-07
3.51363e-09
5.39067e-07
6.31719e-09
5.30206e-07
8.86131e-09
5.19066e-07
1.11404e-08
5.05913e-07
1.31529e-08
4.91029e-07
1.48834e-08
4.7473e-07
1.6299e-08
4.5738e-07
1.73507e-08
4.39397e-07
1.79825e-08
4.21261e-07
1.8136e-08
4.03506e-07
1.77547e-08
3.86728e-07
1.67788e-08
3.71566e-07
1.51617e-08
3.58655e-07
1.29113e-08
3.48597e-07
1.0057e-08
3.41937e-07
6.66088e-09
3.39168e-07
2.76822e-09
3.40013e-07
-8.44202e-10
3.44739e-07
-4.72611e-09
3.53259e-07
-8.52025e-09
3.65237e-07
-1.19783e-08
3.80179e-07
-1.49421e-08
3.97473e-07
-1.72931e-08
4.16425e-07
-1.89524e-08
4.36305e-07
-1.98802e-08
4.56378e-07
-2.00729e-08
4.75941e-07
-1.95627e-08
4.94359e-07
-1.84184e-08
5.11088e-07
-1.6729e-08
5.25684e-07
-1.45962e-08
5.37811e-07
-1.21269e-08
5.47236e-07
-9.42479e-09
5.5382e-07
-6.5838e-09
5.57504e-07
-3.68385e-09
5.58275e-07
-7.70996e-10
5.56615e-07
1.66029e-09
5.52428e-07
4.18637e-09
5.45932e-07
6.49593e-09
5.37377e-07
8.55471e-09
5.2704e-07
1.03373e-08
5.1522e-07
1.18199e-08
5.02243e-07
1.2977e-08
4.8846e-07
1.3783e-08
4.74246e-07
1.42143e-08
4.60003e-07
1.42433e-08
4.46155e-07
1.3848e-08
4.3313e-07
1.30243e-08
4.21349e-07
1.17811e-08
4.11217e-07
1.01324e-08
4.0311e-07
8.10686e-09
3.97359e-07
5.75077e-09
3.94242e-07
3.11777e-09
3.938e-07
4.41453e-10
3.95895e-07
-2.09459e-09
4.00628e-07
-4.73358e-09
4.07802e-07
-7.17423e-09
4.17119e-07
-9.31644e-09
4.28202e-07
-1.10836e-08
4.40621e-07
-1.24184e-08
4.53905e-07
-1.32846e-08
4.67575e-07
-1.36693e-08
4.8115e-07
-1.35754e-08
4.94176e-07
-1.30262e-08
5.06244e-07
-1.20676e-08
5.17e-07
-1.07558e-08
5.26155e-07
-9.15493e-09
5.33488e-07
-7.33335e-09
5.38846e-07
-5.35765e-09
5.42131e-07
-3.28526e-09
5.4326e-07
-1.12944e-09
5.42565e-07
6.95311e-10
5.39973e-07
2.5918e-09
5.35626e-07
4.34745e-09
5.29715e-07
5.91099e-09
5.22463e-07
7.25221e-09
5.14114e-07
8.3488e-09
5.04932e-07
9.18213e-09
4.95193e-07
9.73834e-09
4.85185e-07
1.0008e-08
4.75202e-07
9.98291e-09
4.65543e-07
9.65938e-09
4.56498e-07
9.0451e-09
4.48343e-07
8.15522e-09
4.41329e-07
7.01331e-09
4.35679e-07
5.65065e-09
4.31575e-07
4.10382e-09
4.29164e-07
2.4109e-09
4.28569e-07
5.94906e-10
4.29557e-07
-9.87906e-10
4.32252e-07
-2.69532e-09
-4.28569e-09
1.25767e-06
1.86739e-08
1.24689e-06
2.209e-08
1.23458e-06
2.53309e-08
1.22079e-06
2.84453e-08
1.20563e-06
3.137e-08
1.18926e-06
3.39558e-08
1.17199e-06
3.59738e-08
1.15428e-06
3.71523e-08
1.13671e-06
3.72263e-08
1.11996e-06
3.59542e-08
1.10476e-06
3.31664e-08
1.09192e-06
2.87441e-08
1.08216e-06
2.27303e-08
1.07617e-06
1.52228e-08
1.07447e-06
6.40061e-09
1.07772e-06
-3.08528e-09
1.08619e-06
-1.30558e-08
1.09963e-06
-2.29781e-08
1.11771e-06
-3.22854e-08
1.13985e-06
-4.04746e-08
1.16526e-06
-4.7126e-08
1.19297e-06
-5.19321e-08
1.22192e-06
-5.47176e-08
1.25104e-06
-5.54346e-08
1.2793e-06
-5.41547e-08
1.30579e-06
-5.10633e-08
1.32971e-06
-4.64294e-08
1.35045e-06
-4.05785e-08
1.3676e-06
-3.386e-08
1.3809e-06
-2.66096e-08
1.39029e-06
-1.9148e-08
1.39585e-06
-1.17106e-08
1.39777e-06
-4.49074e-09
1.39613e-06
2.15699e-09
1.39134e-06
8.30443e-09
1.3838e-06
1.38655e-08
1.37381e-06
1.88454e-08
1.3617e-06
2.3254e-08
1.34776e-06
2.70934e-08
1.3323e-06
3.03394e-08
1.31567e-06
3.2934e-08
1.29823e-06
3.47857e-08
1.28044e-06
3.57769e-08
1.26279e-06
3.57819e-08
1.24587e-06
3.46775e-08
1.23028e-06
3.2365e-08
1.21664e-06
2.88004e-08
1.20555e-06
2.4008e-08
1.19752e-06
1.80823e-08
1.19301e-06
1.1168e-08
1.19235e-06
3.43143e-09
1.19592e-06
-4.41333e-09
1.2036e-06
-1.2403e-08
1.21511e-06
-2.0035e-08
1.23008e-06
-2.69449e-08
1.24795e-06
-3.28124e-08
1.26804e-06
-3.73864e-08
1.28959e-06
-4.0503e-08
1.3118e-06
-4.20864e-08
1.33386e-06
-4.21387e-08
1.35504e-06
-4.07392e-08
1.37466e-06
-3.80362e-08
1.39216e-06
-3.42259e-08
1.40709e-06
-2.95346e-08
1.41916e-06
-2.41966e-08
1.42818e-06
-1.84409e-08
1.43407e-06
-1.24711e-08
1.43684e-06
-6.45309e-09
1.43667e-06
-6.04701e-10
1.43347e-06
4.86197e-09
1.42772e-06
9.93007e-09
1.4197e-06
1.45157e-08
1.4097e-06
1.85577e-08
1.39803e-06
2.20073e-08
1.38503e-06
2.48198e-08
1.37106e-06
2.69505e-08
1.35649e-06
2.83538e-08
1.34172e-06
2.89845e-08
1.32716e-06
2.87967e-08
1.31326e-06
2.77521e-08
1.30045e-06
2.58352e-08
1.28917e-06
2.30638e-08
1.27981e-06
1.94897e-08
1.27271e-06
1.52018e-08
1.26815e-06
1.03185e-08
1.26629e-06
4.96892e-09
1.26733e-06
-5.90858e-10
1.27134e-06
-6.10751e-09
1.27803e-06
-1.14242e-08
1.28717e-06
-1.63122e-08
1.29842e-06
-2.05711e-08
1.31138e-06
-2.40367e-08
1.32555e-06
-2.65881e-08
1.34042e-06
-2.81538e-08
1.35545e-06
-2.87086e-08
1.37015e-06
-2.82674e-08
1.38401e-06
-2.68905e-08
1.39662e-06
-2.4679e-08
1.40763e-06
-2.17594e-08
1.41674e-06
-1.82732e-08
1.42378e-06
-1.43698e-08
1.42862e-06
-1.01971e-08
1.43122e-06
-5.88517e-09
1.43164e-06
-1.54557e-09
1.42977e-06
2.55928e-09
1.42595e-06
6.41664e-09
1.42037e-06
9.929e-09
1.41325e-06
1.30231e-08
1.40487e-06
1.56406e-08
1.39548e-06
1.7737e-08
1.38538e-06
1.92791e-08
1.37487e-06
2.02435e-08
1.36427e-06
2.06143e-08
1.35387e-06
2.03815e-08
1.34398e-06
1.95446e-08
1.33491e-06
1.81216e-08
1.32691e-06
1.61506e-08
1.32024e-06
1.36824e-08
1.3151e-06
1.07913e-08
1.31165e-06
7.55528e-09
1.31e-06
4.06092e-09
1.31017e-06
4.27105e-10
1.31232e-06
-3.14238e-09
1.31621e-06
-6.58191e-09
-9.76023e-09
2.13412e-06
2.88571e-08
2.1227e-06
3.35109e-08
2.11004e-06
3.79843e-08
2.0961e-06
4.23937e-08
2.0808e-06
4.66682e-08
2.06418e-06
5.05723e-08
2.04641e-06
5.37439e-08
2.02781e-06
5.57554e-08
2.00887e-06
5.61625e-08
1.99027e-06
5.45534e-08
1.97282e-06
5.06188e-08
1.95738e-06
4.41831e-08
1.94491e-06
3.52062e-08
1.93629e-06
2.38367e-08
1.93229e-06
1.04026e-08
1.93363e-06
-4.42638e-09
1.94052e-06
-1.99425e-08
1.95283e-06
-3.5296e-08
1.97025e-06
-4.96977e-08
1.99214e-06
-6.23648e-08
2.01764e-06
-7.26279e-08
2.04571e-06
-7.99996e-08
2.0752e-06
-8.42105e-08
2.10495e-06
-8.51828e-08
2.13383e-06
-8.30365e-08
2.16084e-06
-7.80773e-08
2.18515e-06
-7.07349e-08
2.2061e-06
-6.15288e-08
2.22326e-06
-5.10195e-08
2.2364e-06
-3.9752e-08
2.24545e-06
-2.81972e-08
2.25044e-06
-1.67034e-08
2.25154e-06
-5.5829e-09
2.24915e-06
4.54775e-09
2.24356e-06
1.38897e-08
2.23516e-06
2.22604e-08
2.22429e-06
2.9718e-08
2.21124e-06
3.63057e-08
2.19628e-06
4.20497e-08
2.17969e-06
4.6931e-08
2.16176e-06
5.08695e-08
2.14282e-06
5.37233e-08
2.1233e-06
5.53011e-08
2.10369e-06
5.53907e-08
2.08458e-06
5.3783e-08
2.06664e-06
5.03044e-08
2.05058e-06
4.48633e-08
2.03711e-06
3.74811e-08
2.0269e-06
2.82889e-08
2.02055e-06
1.75134e-08
2.01849e-06
5.49403e-09
2.02112e-06
-7.04103e-09
2.0283e-06
-1.95884e-08
2.03979e-06
-3.15185e-08
2.05513e-06
-4.22906e-08
2.07372e-06
-5.14039e-08
2.0948e-06
-5.84636e-08
2.11751e-06
-6.32127e-08
2.14097e-06
-6.55398e-08
2.16428e-06
-6.54537e-08
2.18663e-06
-6.3092e-08
2.2073e-06
-5.87001e-08
2.22566e-06
-5.25931e-08
2.24126e-06
-4.51323e-08
2.25376e-06
-3.66962e-08
2.26297e-06
-2.76463e-08
2.26879e-06
-1.82901e-08
2.27119e-06
-8.8527e-09
2.2704e-06
1.78997e-10
2.26654e-06
8.72385e-09
2.25993e-06
1.65436e-08
2.25087e-06
2.35746e-08
2.23968e-06
2.9742e-08
2.22671e-06
3.49838e-08
2.21228e-06
3.92421e-08
2.19678e-06
4.24551e-08
2.18058e-06
4.45541e-08
2.1641e-06
4.54653e-08
2.14778e-06
4.51141e-08
2.13209e-06
4.3439e-08
2.11752e-06
4.04124e-08
2.10452e-06
3.60582e-08
2.09356e-06
3.04528e-08
2.08503e-06
2.37273e-08
2.07929e-06
1.60593e-08
2.0766e-06
7.66586e-09
2.07712e-06
-1.11417e-09
2.08087e-06
-9.86223e-09
2.08766e-06
-1.82111e-08
2.09721e-06
-2.58604e-08
2.10914e-06
-3.25048e-08
2.12299e-06
-3.78838e-08
2.13821e-06
-4.18057e-08
2.15421e-06
-4.41588e-08
2.17041e-06
-4.49062e-08
2.18622e-06
-4.408e-08
2.20112e-06
-4.17872e-08
2.21463e-06
-3.81939e-08
2.22638e-06
-3.35045e-08
2.23606e-06
-2.79492e-08
2.24345e-06
-2.17651e-08
2.24843e-06
-1.51782e-08
2.25093e-06
-8.3869e-09
2.25099e-06
-1.60492e-09
2.24867e-06
4.87886e-09
2.24419e-06
1.08958e-08
2.23778e-06
1.63402e-08
2.2297e-06
2.11105e-08
2.22021e-06
2.51231e-08
2.20964e-06
2.83138e-08
2.19828e-06
3.06349e-08
2.18647e-06
3.20534e-08
2.17454e-06
3.2547e-08
2.16282e-06
3.2102e-08
2.15164e-06
3.07233e-08
2.14132e-06
2.84404e-08
2.13216e-06
2.53066e-08
2.12444e-06
2.14034e-08
2.1184e-06
1.68322e-08
2.11423e-06
1.17295e-08
2.11207e-06
6.224e-09
2.11198e-06
5.17606e-10
2.114e-06
-5.16516e-09
2.11799e-06
-1.05767e-08
-1.55545e-08
3.05065e-06
4.64448e-08
3.03187e-06
5.229e-08
3.01206e-06
5.77911e-08
2.99119e-06
6.3267e-08
2.96911e-06
6.87457e-08
2.94572e-06
7.39705e-08
2.921e-06
7.84555e-08
2.8952e-06
8.15587e-08
2.86878e-06
8.25786e-08
2.84249e-06
8.08439e-08
2.81731e-06
7.5804e-08
2.79439e-06
6.70991e-08
2.77498e-06
5.46205e-08
2.76029e-06
3.85273e-08
2.75143e-06
1.92644e-08
2.74945e-06
-2.44723e-09
2.75482e-06
-2.53137e-08
2.76744e-06
-4.79178e-08
2.78683e-06
-6.90891e-08
2.81208e-06
-8.76138e-08
2.8419e-06
-1.02451e-07
2.87477e-06
-1.12864e-07
2.90904e-06
-1.18487e-07
2.94318e-06
-1.19317e-07
2.97579e-06
-1.15648e-07
3.0057e-06
-1.07988e-07
3.03197e-06
-9.70081e-08
3.05393e-06
-8.34884e-08
3.07117e-06
-6.82541e-08
3.0835e-06
-5.20845e-08
3.09093e-06
-3.56265e-08
3.0936e-06
-1.93714e-08
3.09182e-06
-3.80193e-09
3.08588e-06
1.04817e-08
3.0764e-06
2.33682e-08
3.06381e-06
3.48557e-08
3.04849e-06
4.50357e-08
3.03077e-06
5.40225e-08
3.01092e-06
6.18988e-08
2.98918e-06
6.86724e-08
2.96581e-06
7.42468e-08
2.94112e-06
7.84137e-08
2.91554e-06
8.08739e-08
2.88965e-06
8.12792e-08
2.86416e-06
7.92777e-08
2.83989e-06
7.45766e-08
2.81775e-06
6.70036e-08
2.79868e-06
5.65489e-08
2.78359e-06
4.3375e-08
2.77334e-06
2.77687e-08
2.76856e-06
1.02706e-08
2.76984e-06
-8.32463e-09
2.77711e-06
-2.68509e-08
2.78999e-06
-4.4399e-08
2.80786e-06
-6.01606e-08
2.82983e-06
-7.33808e-08
2.85484e-06
-8.34699e-08
2.88169e-06
-9.00622e-08
2.90919e-06
-9.30369e-08
2.93622e-06
-9.24879e-08
2.96182e-06
-8.86863e-08
2.98514e-06
-8.202e-08
3.00551e-06
-7.29671e-08
3.02244e-06
-6.20644e-08
3.03561e-06
-4.98621e-08
3.04483e-06
-3.68667e-08
3.05004e-06
-2.34966e-08
3.05129e-06
-1.01122e-08
3.0487e-06
2.77664e-09
3.0426e-06
1.48195e-08
3.03334e-06
2.58066e-08
3.02128e-06
3.56368e-08
3.00678e-06
4.42345e-08
2.99023e-06
5.15361e-08
2.972e-06
5.74758e-08
2.95248e-06
6.19742e-08
2.9321e-06
6.49328e-08
2.91133e-06
6.62359e-08
2.89069e-06
6.57554e-08
2.87074e-06
6.33867e-08
2.85207e-06
5.90811e-08
2.83527e-06
5.28578e-08
2.82091e-06
4.48105e-08
2.80953e-06
3.51134e-08
2.80157e-06
2.4013e-08
2.79741e-06
1.18282e-08
2.79729e-06
-9.9574e-10
2.80122e-06
-1.37921e-08
2.80898e-06
-2.59642e-08
2.82018e-06
-3.70673e-08
2.83434e-06
-4.66565e-08
2.8508e-06
-5.43501e-08
2.86887e-06
-5.98735e-08
2.88779e-06
-6.30822e-08
2.90683e-06
-6.39446e-08
2.92529e-06
-6.25392e-08
2.94255e-06
-5.90425e-08
2.95805e-06
-5.3703e-08
2.97137e-06
-4.68222e-08
2.98216e-06
-3.87338e-08
2.99017e-06
-2.97831e-08
2.99528e-06
-2.02817e-08
2.9974e-06
-1.05088e-08
2.99658e-06
-7.82231e-10
2.99296e-06
8.4921e-09
2.9868e-06
1.7061e-08
2.97836e-06
2.47763e-08
2.96797e-06
3.15057e-08
2.95595e-06
3.7143e-08
2.94266e-06
4.16059e-08
2.92846e-06
4.48324e-08
2.91373e-06
4.67793e-08
2.89887e-06
4.74144e-08
2.88425e-06
4.67159e-08
2.87029e-06
4.46893e-08
2.85735e-06
4.13739e-08
2.84581e-06
3.68439e-08
2.83601e-06
3.12104e-08
2.82822e-06
2.46178e-08
2.82271e-06
1.72412e-08
2.81966e-06
9.2756e-09
2.8192e-06
9.76111e-10
2.82132e-06
-7.28765e-09
2.82588e-06
-1.51364e-08
-2.233e-08
3.86555e-06
7.59951e-08
3.83334e-06
8.44965e-08
3.79888e-06
9.22555e-08
3.76235e-06
9.97996e-08
3.7238e-06
1.0729e-07
3.68328e-06
1.14489e-07
3.64092e-06
1.20813e-07
3.59708e-06
1.25405e-07
3.55241e-06
1.27246e-07
3.50799e-06
1.25265e-07
3.46525e-06
1.18546e-07
3.42585e-06
1.06495e-07
3.39167e-06
8.88033e-08
3.36462e-06
6.55762e-08
3.34658e-06
3.73077e-08
3.33923e-06
4.90186e-09
3.34378e-06
-2.98613e-08
3.36045e-06
-6.45948e-08
3.38864e-06
-9.72802e-08
3.42695e-06
-1.25923e-07
3.47332e-06
-1.48815e-07
3.52516e-06
-1.64705e-07
3.57957e-06
-1.72897e-07
3.63362e-06
-1.73371e-07
3.68475e-06
-1.66774e-07
3.73085e-06
-1.54091e-07
3.77034e-06
-1.36496e-07
3.80219e-06
-1.15341e-07
3.82594e-06
-9.2001e-08
3.84155e-06
-6.76954e-08
3.84927e-06
-4.33516e-08
3.84955e-06
-1.96485e-08
3.84301e-06
2.74003e-09
3.83052e-06
2.2975e-08
3.81309e-06
4.07939e-08
3.79156e-06
5.63826e-08
3.76659e-06
7.0012e-08
3.73864e-06
8.19687e-08
3.70806e-06
9.24774e-08
3.67511e-06
1.01628e-07
3.64003e-06
1.09322e-07
3.60318e-06
1.15264e-07
3.56507e-06
1.18986e-07
3.52644e-06
1.19913e-07
3.48826e-06
1.17449e-07
3.45172e-06
1.11124e-07
3.41808e-06
1.00642e-07
3.38871e-06
8.59136e-08
3.365e-06
6.7093e-08
3.34817e-06
4.45901e-08
3.33935e-06
1.90995e-08
3.33933e-06
-8.30572e-09
3.34843e-06
-3.59514e-08
3.36627e-06
-6.22394e-08
3.39197e-06
-8.58603e-08
3.42421e-06
-1.05622e-07
3.46132e-06
-1.20581e-07
3.50137e-06
-1.30118e-07
3.54233e-06
-1.33994e-07
3.58227e-06
-1.32429e-07
3.61957e-06
-1.25982e-07
3.65289e-06
-1.15338e-07
3.68124e-06
-1.01322e-07
3.704e-06
-8.48277e-08
3.72087e-06
-6.67318e-08
3.73179e-06
-4.77854e-08
3.73684e-06
-2.8542e-08
3.73621e-06
-9.48294e-09
3.7304e-06
8.58773e-09
3.7199e-06
2.53155e-08
3.70533e-06
4.03745e-08
3.68725e-06
5.37237e-08
3.66615e-06
6.53317e-08
3.64252e-06
7.51657e-08
3.61682e-06
8.31711e-08
3.58954e-06
8.92554e-08
3.56119e-06
9.32807e-08
3.53237e-06
9.50629e-08
3.50374e-06
9.4385e-08
3.47605e-06
9.10751e-08
3.45008e-06
8.50497e-08
3.42663e-06
7.6311e-08
3.40647e-06
6.49639e-08
3.39036e-06
5.12255e-08
3.37896e-06
3.54162e-08
3.37282e-06
1.79626e-08
3.37236e-06
-5.28031e-10
3.3777e-06
-1.91399e-08
3.38864e-06
-3.68973e-08
3.40465e-06
-5.30802e-08
3.425e-06
-6.70008e-08
3.44871e-06
-7.80659e-08
3.47468e-06
-8.58451e-08
3.5017e-06
-9.01043e-08
3.5286e-06
-9.08429e-08
3.55433e-06
-8.82685e-08
3.578e-06
-8.27065e-08
3.59887e-06
-7.45729e-08
3.61639e-06
-6.43476e-08
3.6302e-06
-5.25415e-08
3.64006e-06
-3.96473e-08
3.64588e-06
-2.60939e-08
3.64762e-06
-1.22563e-08
3.64542e-06
1.42213e-09
3.63953e-06
1.43773e-08
3.63035e-06
2.62462e-08
3.61827e-06
3.68505e-08
3.60374e-06
4.60434e-08
3.58718e-06
5.37012e-08
3.56906e-06
5.97272e-08
3.54984e-06
6.40465e-08
3.53002e-06
6.66042e-08
3.51008e-06
6.73556e-08
3.49052e-06
6.62707e-08
3.47186e-06
6.33538e-08
3.45458e-06
5.86526e-08
3.43916e-06
5.22586e-08
3.42606e-06
4.43134e-08
3.41567e-06
3.50078e-08
3.40834e-06
2.45731e-08
3.40434e-06
1.3274e-08
3.40386e-06
1.45561e-09
3.40694e-06
-1.03646e-08
3.41341e-06
-2.16098e-08
-3.18923e-08
4.45261e-06
1.19666e-07
4.40613e-06
1.30973e-07
4.35662e-06
1.41767e-07
4.30377e-06
1.52648e-07
4.2474e-06
1.63663e-07
4.18755e-06
1.74343e-07
4.12458e-06
1.83777e-07
4.05929e-06
1.90696e-07
3.99295e-06
1.93588e-07
3.92729e-06
1.90927e-07
3.86437e-06
1.81461e-07
3.80656e-06
1.64311e-07
3.75635e-06
1.39005e-07
3.71636e-06
1.05568e-07
3.68909e-06
6.4583e-08
3.67659e-06
1.74019e-08
3.68013e-06
-3.33999e-08
3.70021e-06
-8.46802e-08
3.73625e-06
-1.33316e-07
3.7868e-06
-1.76474e-07
3.84974e-06
-2.11759e-07
3.92238e-06
-2.37345e-07
4.00154e-06
-2.52057e-07
4.08354e-06
-2.55373e-07
4.1643e-06
-2.47527e-07
4.23989e-06
-2.29682e-07
4.30707e-06
-2.03681e-07
4.36339e-06
-1.71662e-07
4.40735e-06
-1.35953e-07
4.43833e-06
-9.86797e-08
4.45648e-06
-6.15045e-08
4.46239e-06
-2.55538e-08
4.45687e-06
8.2627e-09
4.44098e-06
3.88639e-08
4.41639e-06
6.53786e-08
4.38481e-06
8.79643e-08
4.34761e-06
1.07215e-07
4.30583e-06
1.23751e-07
4.26022e-06
1.38078e-07
4.21137e-06
1.50479e-07
4.15977e-06
1.60923e-07
4.10601e-06
1.6903e-07
4.05087e-06
1.74125e-07
3.99544e-06
1.75335e-07
3.94106e-06
1.7183e-07
3.88922e-06
1.62967e-07
3.84157e-06
1.48294e-07
3.79985e-06
1.27629e-07
3.76581e-06
1.01131e-07
3.74109e-06
6.93168e-08
3.72706e-06
3.31238e-08
3.72466e-06
-5.89891e-09
3.73429e-06
-4.55847e-08
3.75568e-06
-8.36274e-08
3.78794e-06
-1.18127e-07
3.82975e-06
-1.47424e-07
3.87935e-06
-1.70181e-07
3.93469e-06
-1.85459e-07
3.99344e-06
-1.92747e-07
4.05296e-06
-1.9195e-07
4.1105e-06
-1.83519e-07
4.16359e-06
-1.6843e-07
4.21021e-06
-1.47944e-07
4.24883e-06
-1.23447e-07
4.27849e-06
-9.63902e-08
4.29878e-06
-6.80695e-08
4.30972e-06
-3.94894e-08
4.31166e-06
-1.14243e-08
4.30498e-06
1.52713e-08
4.29055e-06
3.97441e-08
4.26956e-06
6.13676e-08
4.24321e-06
8.00749e-08
4.21255e-06
9.59896e-08
4.17848e-06
1.09234e-07
4.14179e-06
1.19866e-07
4.10319e-06
1.27853e-07
4.06341e-06
1.3306e-07
4.02323e-06
1.35244e-07
3.98351e-06
1.34103e-07
3.94518e-06
1.29404e-07
3.90922e-06
1.21012e-07
3.87664e-06
1.08895e-07
3.84843e-06
9.31661e-08
3.82556e-06
7.40961e-08
3.80889e-06
5.20846e-08
3.79917e-06
2.769e-08
3.79689e-06
1.74936e-09
3.80239e-06
-2.46355e-08
3.81558e-06
-5.00938e-08
3.83602e-06
-7.35192e-08
3.86294e-06
-9.39191e-08
3.89529e-06
-1.10416e-07
3.93177e-06
-1.22328e-07
3.97086e-06
-1.29193e-07
4.01083e-06
-1.30815e-07
4.04992e-06
-1.27354e-07
4.08652e-06
-1.19313e-07
4.11931e-06
-1.0736e-07
4.14721e-06
-9.22426e-08
4.16946e-06
-7.47938e-08
4.18563e-06
-5.58188e-08
4.19555e-06
-3.60174e-08
4.19927e-06
-1.5969e-08
4.19697e-06
3.7217e-09
4.18902e-06
2.23272e-08
4.17606e-06
3.92083e-08
4.15888e-06
5.40309e-08
4.13825e-06
6.66691e-08
4.1149e-06
7.70481e-08
4.08952e-06
8.51061e-08
4.06278e-06
9.0787e-08
4.03534e-06
9.40448e-08
4.00786e-06
9.48417e-08
3.98097e-06
9.31579e-08
3.95532e-06
8.90032e-08
3.93154e-06
8.24294e-08
3.91026e-06
7.35451e-08
3.89204e-06
6.25283e-08
3.87743e-06
4.96221e-08
3.86688e-06
3.51198e-08
3.86079e-06
1.93616e-08
3.85945e-06
2.80225e-09
3.86299e-06
-1.39114e-08
3.87139e-06
-3.00038e-08
-4.48229e-08
4.89423e-06
1.9227e-07
4.82222e-06
2.02986e-07
4.75072e-06
2.1326e-07
4.67906e-06
2.2431e-07
4.60627e-06
2.36454e-07
4.53154e-06
2.49075e-07
4.45466e-06
2.6066e-07
4.37626e-06
2.69088e-07
4.29779e-06
2.72058e-07
4.22117e-06
2.67551e-07
4.14866e-06
2.53968e-07
4.08286e-06
2.30116e-07
4.02657e-06
1.95296e-07
3.98268e-06
1.49454e-07
3.95381e-06
9.34552e-08
3.94182e-06
2.93885e-08
3.94749e-06
-3.90651e-08
3.97089e-06
-1.08086e-07
4.01116e-06
-1.73586e-07
4.06679e-06
-2.321e-07
4.13581e-06
-2.80781e-07
4.21595e-06
-3.17488e-07
4.30471e-06
-3.4081e-07
4.39932e-06
-3.49983e-07
4.49659e-06
-3.448e-07
4.59258e-06
-3.25674e-07
4.68292e-06
-2.9402e-07
4.7635e-06
-2.52248e-07
4.83095e-06
-2.03401e-07
4.88284e-06
-1.50564e-07
4.91801e-06
-9.66738e-08
4.93641e-06
-4.39571e-08
4.9387e-06
5.97687e-09
4.92584e-06
5.1723e-08
4.89942e-06
9.1795e-08
4.86188e-06
1.25507e-07
4.81566e-06
1.5343e-07
4.76281e-06
1.76605e-07
4.70487e-06
1.96013e-07
4.64303e-06
2.12326e-07
4.57823e-06
2.25723e-07
4.51147e-06
2.35791e-07
4.44396e-06
2.41633e-07
4.37707e-06
2.42224e-07
4.31226e-06
2.36635e-07
4.25116e-06
2.24072e-07
4.19548e-06
2.03969e-07
4.14706e-06
1.76051e-07
4.10776e-06
1.40436e-07
4.07929e-06
9.77822e-08
4.06297e-06
4.94424e-08
4.05948e-06
-2.40946e-09
4.06898e-06
-5.50854e-08
4.09104e-06
-1.05684e-07
4.12474e-06
-1.51829e-07
4.16882e-06
-1.91498e-07
4.22169e-06
-2.23057e-07
4.28158e-06
-2.45341e-07
4.34654e-06
-2.57708e-07
4.41453e-06
-2.59947e-07
4.48324e-06
-2.52228e-07
4.54997e-06
-2.35159e-07
4.61199e-06
-2.09963e-07
4.66686e-06
-1.78318e-07
4.71254e-06
-1.42066e-07
4.74753e-06
-1.03065e-07
4.77105e-06
-6.30018e-08
4.78288e-06
-2.3255e-08
4.78313e-06
1.50174e-08
4.77218e-06
5.06928e-08
4.75097e-06
8.25779e-08
4.72104e-06
1.10003e-07
4.68416e-06
1.32873e-07
4.64199e-06
1.51399e-07
4.59605e-06
1.65815e-07
4.54763e-06
1.76265e-07
4.49795e-06
1.82738e-07
4.44813e-06
1.85065e-07
4.39924e-06
1.83e-07
4.35232e-06
1.76324e-07
4.30844e-06
1.64888e-07
4.26867e-06
1.48668e-07
4.23404e-06
1.27793e-07
4.20557e-06
1.02563e-07
4.18419e-06
7.3465e-08
4.17065e-06
4.12283e-08
4.16547e-06
6.93895e-09
4.16883e-06
-2.80015e-08
4.18075e-06
-6.20113e-08
4.20087e-06
-9.36416e-08
4.22855e-06
-1.21599e-07
4.26286e-06
-1.44723e-07
4.30267e-06
-1.62137e-07
4.34672e-06
-1.7325e-07
4.39365e-06
-1.77741e-07
4.44184e-06
-1.75545e-07
4.4894e-06
-1.66868e-07
4.53434e-06
-1.52299e-07
4.57485e-06
-1.32762e-07
4.60945e-06
-1.09384e-07
4.63694e-06
-8.33103e-08
4.6566e-06
-5.56835e-08
4.66812e-06
-2.74866e-08
4.67146e-06
3.84752e-10
4.66673e-06
2.70503e-08
4.65441e-06
5.15302e-08
4.63536e-06
7.308e-08
4.61078e-06
9.12541e-08
4.5819e-06
1.05923e-07
4.54993e-06
1.17079e-07
4.51596e-06
1.2476e-07
4.481e-06
1.29004e-07
4.44598e-06
1.29857e-07
4.41174e-06
1.27397e-07
4.37905e-06
1.21701e-07
4.34862e-06
1.12856e-07
4.32117e-06
1.00998e-07
4.29734e-06
8.63498e-08
4.27775e-06
6.92121e-08
4.26292e-06
4.99521e-08
4.25327e-06
2.90148e-08
4.24909e-06
6.97668e-09
4.25053e-06
-1.53447e-08
4.25764e-06
-3.71174e-08
-5.74431e-08
5.3286e-06
2.95626e-07
5.22492e-06
3.06661e-07
5.12437e-06
3.13817e-07
5.02793e-06
3.20745e-07
4.93541e-06
3.2898e-07
4.8461e-06
3.38384e-07
4.7594e-06
3.47355e-07
4.67521e-06
3.53276e-07
4.5941e-06
3.53169e-07
4.51738e-06
3.4427e-07
4.44701e-06
3.24338e-07
4.38535e-06
2.91776e-07
4.33493e-06
2.45721e-07
4.29815e-06
1.86232e-07
4.27671e-06
1.14901e-07
4.27147e-06
3.4623e-08
4.28287e-06
-5.04659e-08
4.31041e-06
-1.35622e-07
4.35274e-06
-2.15913e-07
4.40817e-06
-2.87531e-07
4.47485e-06
-3.47464e-07
4.5509e-06
-3.93541e-07
4.6345e-06
-4.24409e-07
4.72391e-06
-4.39392e-07
4.81733e-06
-4.3822e-07
4.91263e-06
-4.20971e-07
5.00681e-06
-3.88201e-07
5.09587e-06
-3.41306e-07
5.17548e-06
-2.83011e-07
5.2418e-06
-2.16882e-07
5.29193e-06
-1.46811e-07
5.3241e-06
-7.61268e-08
5.33775e-06
-7.67189e-09
5.33319e-06
5.62857e-08
5.31123e-06
1.13754e-07
5.27377e-06
1.62964e-07
5.22382e-06
2.03386e-07
5.16459e-06
2.35834e-07
5.09893e-06
2.6167e-07
5.02911e-06
2.82142e-07
4.95696e-06
2.97876e-07
4.8841e-06
3.0865e-07
4.81197e-06
3.13767e-07
4.74186e-06
3.1233e-07
4.67516e-06
3.03333e-07
4.61339e-06
2.85852e-07
4.55818e-06
2.59177e-07
4.51126e-06
2.22968e-07
4.47427e-06
1.77425e-07
4.44854e-06
1.23511e-07
4.43486e-06
6.31271e-08
4.43352e-06
-1.07357e-09
4.44433e-06
-6.58988e-08
4.46664e-06
-1.27986e-07
4.49947e-06
-1.84665e-07
4.54162e-06
-2.33646e-07
4.59164e-06
-2.73079e-07
4.648e-06
-3.017e-07
4.70918e-06
-3.18888e-07
4.77368e-06
-3.24449e-07
4.83995e-06
-3.18498e-07
4.90622e-06
-3.0142e-07
4.97023e-06
-2.73979e-07
5.02949e-06
-2.37581e-07
5.08164e-06
-1.94209e-07
5.12471e-06
-1.46139e-07
5.15719e-06
-9.54783e-08
5.1781e-06
-4.41691e-08
5.18704e-06
6.08348e-09
5.18394e-06
5.37928e-08
5.16896e-06
9.75552e-08
5.14292e-06
1.36039e-07
5.10733e-06
1.68467e-07
5.06415e-06
1.94579e-07
5.01547e-06
2.14498e-07
4.96327e-06
2.28457e-07
4.90939e-06
2.36624e-07
4.8554e-06
2.39056e-07
4.80265e-06
2.35746e-07
4.75234e-06
2.26636e-07
4.70556e-06
2.11668e-07
4.66336e-06
1.90872e-07
4.62673e-06
1.64419e-07
4.59661e-06
1.32687e-07
4.57376e-06
9.63145e-08
4.55876e-06
5.62264e-08
4.55194e-06
1.37567e-08
4.55335e-06
-2.94075e-08
4.5629e-06
-7.15611e-08
4.5803e-06
-1.11043e-07
4.605e-06
-1.46298e-07
4.63622e-06
-1.75949e-07
4.67305e-06
-1.98964e-07
4.71444e-06
-2.14643e-07
4.75928e-06
-2.22583e-07
4.8064e-06
-2.22665e-07
4.85451e-06
-2.14978e-07
4.90205e-06
-1.99838e-07
4.94719e-06
-1.77901e-07
4.9881e-06
-1.50297e-07
5.0232e-06
-1.18408e-07
5.05122e-06
-8.37059e-08
5.07126e-06
-4.75269e-08
5.08283e-06
-1.11785e-08
5.08574e-06
2.41354e-08
5.07996e-06
5.73071e-08
5.06578e-06
8.72605e-08
5.04402e-06
1.13021e-07
5.01586e-06
1.34077e-07
4.98281e-06
1.50131e-07
4.94639e-06
1.61176e-07
4.90806e-06
1.67337e-07
4.86913e-06
1.68784e-07
4.83079e-06
1.6574e-07
4.79402e-06
1.58473e-07
4.75966e-06
1.47215e-07
4.72847e-06
1.32191e-07
4.70111e-06
1.13704e-07
4.6782e-06
9.21275e-08
4.66024e-06
6.7914e-08
4.64761e-06
4.16398e-08
4.64063e-06
1.39611e-08
4.63921e-06
-1.39298e-08
4.64345e-06
-4.13542e-08
-6.71952e-08
5.76922e-06
4.09536e-07
5.64359e-06
4.32294e-07
5.5166e-06
4.40803e-07
5.39462e-06
4.42727e-07
5.28054e-06
4.43062e-07
5.17538e-06
4.43542e-07
5.07913e-06
4.43606e-07
4.99144e-06
4.40969e-07
4.91209e-06
4.32517e-07
4.84136e-06
4.15002e-07
4.78027e-06
3.85423e-07
4.73034e-06
3.41711e-07
4.69294e-06
2.8312e-07
4.66913e-06
2.10039e-07
4.65961e-06
1.24426e-07
4.66468e-06
2.9548e-08
4.68436e-06
-7.01469e-08
4.71765e-06
-1.68915e-07
4.76298e-06
-2.61238e-07
4.81863e-06
-3.43181e-07
4.88284e-06
-4.11669e-07
4.95384e-06
-4.64549e-07
5.02994e-06
-5.00506e-07
5.10943e-06
-5.18886e-07
5.19079e-06
-5.19573e-07
5.27268e-06
-5.02868e-07
5.3538e-06
-4.69318e-07
5.43254e-06
-4.20044e-07
5.50639e-06
-3.5686e-07
5.57187e-06
-2.8236e-07
5.62528e-06
-2.00223e-07
5.66369e-06
-1.14544e-07
5.68516e-06
-2.91391e-08
5.68877e-06
5.2673e-08
5.67441e-06
1.28118e-07
5.64261e-06
1.94767e-07
5.59526e-06
2.50732e-07
5.53554e-06
2.95559e-07
5.46723e-06
3.29979e-07
5.39399e-06
3.55384e-07
5.31897e-06
3.7289e-07
5.2446e-06
3.83018e-07
5.17258e-06
3.85796e-07
5.10423e-06
3.80675e-07
5.04084e-06
3.66725e-07
4.98373e-06
3.42959e-07
4.93428e-06
3.08624e-07
4.89379e-06
2.63462e-07
4.86319e-06
2.08022e-07
4.84307e-06
1.43637e-07
4.83383e-06
7.23632e-08
4.83577e-06
-3.01205e-09
4.84866e-06
-7.87847e-08
4.87183e-06
-1.51164e-07
4.90435e-06
-2.17177e-07
4.94497e-06
-2.74273e-07
4.99235e-06
-3.20459e-07
5.04503e-06
-3.5438e-07
5.10145e-06
-3.75303e-07
5.16006e-06
-3.83055e-07
5.21945e-06
-3.77889e-07
5.2783e-06
-3.60272e-07
5.33529e-06
-3.30968e-07
5.38894e-06
-2.91236e-07
5.43748e-06
-2.42741e-07
5.47898e-06
-1.87647e-07
5.51181e-06
-1.28309e-07
5.53481e-06
-6.71643e-08
5.54721e-06
-6.32015e-09
5.54871e-06
5.22962e-08
5.53929e-06
1.06976e-07
5.51913e-06
1.56198e-07
5.48897e-06
1.9863e-07
5.45026e-06
2.3329e-07
5.4049e-06
2.5985e-07
5.35504e-06
2.78322e-07
5.30278e-06
2.88887e-07
5.25001e-06
2.91825e-07
5.19833e-06
2.87423e-07
5.14909e-06
2.75871e-07
5.10349e-06
2.57268e-07
5.0626e-06
2.31769e-07
5.02733e-06
1.99688e-07
4.99845e-06
1.61569e-07
4.97652e-06
1.18244e-07
4.96195e-06
7.07928e-08
4.95507e-06
2.06407e-08
4.95593e-06
-3.02755e-08
4.96437e-06
-8.00027e-08
4.98002e-06
-1.26686e-07
5.00231e-06
-1.68588e-07
5.03054e-06
-2.04177e-07
5.0638e-06
-2.32227e-07
5.10103e-06
-2.51868e-07
5.14112e-06
-2.62674e-07
5.18305e-06
-2.64596e-07
5.22584e-06
-2.57767e-07
5.26846e-06
-2.42463e-07
5.30982e-06
-2.19261e-07
5.34861e-06
-1.89088e-07
5.38337e-06
-1.53164e-07
5.41269e-06
-1.1303e-07
5.43552e-06
-7.035e-08
5.4511e-06
-2.67633e-08
5.45903e-06
1.62086e-08
5.45916e-06
5.7174e-08
5.45153e-06
9.48916e-08
5.43629e-06
1.28256e-07
5.41408e-06
1.56294e-07
5.38595e-06
1.78262e-07
5.35322e-06
1.93905e-07
5.31735e-06
2.03199e-07
5.2798e-06
2.06335e-07
5.24191e-06
2.03628e-07
5.20496e-06
1.95424e-07
5.17007e-06
1.82109e-07
5.13816e-06
1.64102e-07
5.11e-06
1.41862e-07
5.08624e-06
1.15893e-07
5.06737e-06
8.67785e-08
5.05376e-06
5.5253e-08
5.04548e-06
2.22405e-08
5.04269e-06
-1.11368e-08
5.04515e-06
-4.38212e-08
-7.46933e-08
6.18178e-06
6.06104e-06
5.92483e-06
5.78629e-06
5.65459e-06
5.53437e-06
5.42768e-06
5.33498e-06
5.25588e-06
5.18989e-06
5.13716e-06
5.09772e-06
5.07141e-06
5.05797e-06
5.05725e-06
5.0692e-06
5.09367e-06
5.12958e-06
5.17564e-06
5.23026e-06
5.2916e-06
5.35792e-06
5.42774e-06
5.49975e-06
5.57245e-06
5.64417e-06
5.71339e-06
5.77883e-06
5.83949e-06
5.89418e-06
5.94066e-06
5.97613e-06
5.99823e-06
6.00541e-06
5.99683e-06
5.97216e-06
5.93172e-06
5.8773e-06
5.81221e-06
5.74061e-06
5.66674e-06
5.59399e-06
5.52461e-06
5.46011e-06
5.40171e-06
5.35054e-06
5.30748e-06
5.27306e-06
5.24764e-06
5.23154e-06
5.2252e-06
5.22906e-06
5.24314e-06
5.26688e-06
5.29924e-06
5.33876e-06
5.38384e-06
5.43293e-06
5.48477e-06
5.53811e-06
5.59164e-06
5.64403e-06
5.69402e-06
5.74045e-06
5.7823e-06
5.81836e-06
5.84722e-06
5.86766e-06
5.87904e-06
5.88104e-06
5.87366e-06
5.85716e-06
5.83202e-06
5.799e-06
5.75949e-06
5.7153e-06
5.66835e-06
5.62039e-06
5.57301e-06
5.52773e-06
5.48586e-06
5.44846e-06
5.41625e-06
5.38976e-06
5.3694e-06
5.35555e-06
5.34867e-06
5.3491e-06
5.35675e-06
5.37125e-06
5.39193e-06
5.41786e-06
5.44802e-06
5.48147e-06
5.51726e-06
5.55444e-06
5.59207e-06
5.62919e-06
5.66489e-06
5.69832e-06
5.72862e-06
5.75478e-06
5.77574e-06
5.79075e-06
5.79942e-06
5.80159e-06
5.79734e-06
5.78692e-06
5.77067e-06
5.74904e-06
5.72284e-06
5.69316e-06
5.66115e-06
5.628e-06
5.59483e-06
5.56281e-06
5.53299e-06
5.50624e-06
5.48322e-06
5.46448e-06
5.45044e-06
5.44138e-06
5.4374e-06
5.4384e-06
)
;

boundaryField
{
    inlet
    {
        type            calculated;
        value           nonuniform List<scalar> 0();
    }
    outlet
    {
        type            calculated;
        value           nonuniform List<scalar> 0();
    }
    topWall
    {
        type            calculated;
        value           nonuniform List<scalar> 0();
    }
    lowerWall
    {
        type            calculated;
        value           uniform 0;
    }
    leadingEdge
    {
        type            calculated;
        value           nonuniform List<scalar> 0();
    }
    trailingEdge
    {
        type            calculated;
        value           nonuniform List<scalar> 0();
    }
    upperSurface
    {
        type            calculated;
        value           nonuniform List<scalar> 0();
    }
    lowerSurface
    {
        type            calculated;
        value           nonuniform List<scalar> 0();
    }
    frontAndBack
    {
        type            empty;
        value           nonuniform List<scalar> 0();
    }
    procBoundary2to1
    {
        type            processor;
        value           nonuniform List<scalar> 
15
(
-6.56633e-06
-6.75728e-06
-6.8455e-06
-6.85348e-06
-6.80865e-06
-4.83666e-07
-1.26683e-06
-2.1443e-06
-3.06824e-06
-3.8951e-06
-4.49628e-06
-4.96683e-06
-5.43195e-06
-5.88313e-06
-6.27401e-06
)
;
    }
    procBoundary2to3
    {
        type            processor;
        value           nonuniform List<scalar> 
15
(
5.80832e-06
6.12938e-06
6.39164e-06
6.58739e-06
6.69001e-06
4.36538e-07
1.32169e-06
2.12379e-06
2.83266e-06
3.42297e-06
3.88432e-06
4.27026e-06
4.6532e-06
5.05265e-06
5.44414e-06
)
;
    }
    procBoundary2to6
    {
        type            processor;
        value           nonuniform List<scalar> 
126
(
5.44674e-07
6.79201e-07
7.87568e-07
8.6517e-07
9.09999e-07
9.26995e-07
9.27353e-07
9.00537e-07
8.40402e-07
7.56384e-07
6.53252e-07
5.34436e-07
4.0286e-07
2.61661e-07
1.1384e-07
-3.60632e-08
-1.82175e-07
-3.20609e-07
-4.47448e-07
-5.58151e-07
-6.47817e-07
-7.12906e-07
-7.52898e-07
-7.71208e-07
-7.73641e-07
-7.57159e-07
-7.11495e-07
-6.4432e-07
-5.57891e-07
-4.55032e-07
-3.39645e-07
-2.15526e-07
-8.6176e-08
4.30586e-08
1.67486e-07
2.83612e-07
3.88349e-07
4.78455e-07
5.50761e-07
6.0311e-07
6.35307e-07
6.49694e-07
6.51252e-07
6.3688e-07
5.99244e-07
5.4363e-07
4.71211e-07
3.84225e-07
2.85396e-07
1.77663e-07
6.50417e-08
-4.70192e-08
-1.54621e-07
-2.5408e-07
-3.42019e-07
-4.16069e-07
-4.74198e-07
-5.1503e-07
-5.3863e-07
-5.47613e-07
-5.47549e-07
-5.32434e-07
-4.98732e-07
-4.50917e-07
-3.89883e-07
-3.17104e-07
-2.34541e-07
-1.44231e-07
-4.90544e-08
4.61676e-08
1.37125e-07
2.21144e-07
2.95086e-07
3.5637e-07
4.033e-07
4.35064e-07
4.52394e-07
4.58183e-07
4.56792e-07
4.40422e-07
4.09755e-07
3.67547e-07
3.15277e-07
2.54346e-07
1.85962e-07
1.11564e-07
3.32521e-08
-4.51379e-08
-1.20054e-07
-1.88952e-07
-2.49462e-07
-2.99243e-07
-3.3662e-07
-3.61038e-07
-3.73621e-07
-3.77251e-07
-3.74953e-07
-3.59022e-07
-3.31873e-07
-2.95246e-07
-2.5053e-07
-1.99146e-07
-1.42316e-07
-8.12285e-08
-1.76017e-08
4.55311e-08
1.05686e-07
1.60762e-07
2.0878e-07
2.47925e-07
2.76884e-07
2.95271e-07
3.04069e-07
3.06001e-07
3.03015e-07
2.88321e-07
2.64791e-07
2.33679e-07
1.96128e-07
1.53385e-07
1.06546e-07
5.66922e-08
5.42084e-09
-6.70381e-06
-4.55744e-08
-9.27544e-08
)
;
    }
    procBoundary2to7
    {
        type            processor;
        value           uniform 6.70459e-06;
    }
}


// ************************************************************************* //
