/*--------------------------------*- C++ -*----------------------------------*\
| =========                 |                                                 |
| \\      /  F ield         | OpenFOAM: The Open Source CFD Toolbox           |
|  \\    /   O peration     | Version:  2206                                  |
|   \\  /    A nd           | Website:  www.openfoam.com                      |
|    \\/     M anipulation  |                                                 |
\*---------------------------------------------------------------------------*/
FoamFile
{
    version     2.0;
    format      ascii;
    arch        "LSB;label=32;scalar=64";
    class       volScalarField;
    location    "18.6";
    object      p;
}
// * * * * * * * * * * * * * * * * * * * * * * * * * * * * * * * * * * * * * //

dimensions      [0 2 -2 0 0 0 0];

internalField   nonuniform List<scalar> 
4796
(
-0.825455
-0.843793
-0.87197
-0.910156
-0.957612
-1.01163
-1.06581
-1.10981
-1.13228
-1.12566
-1.08921
-1.02822
-0.948381
-0.858442
-0.767166
-0.682661
-0.610655
-0.555093
-0.518852
-0.503454
-0.504365
-0.522488
-0.556922
-0.603844
-0.657194
-0.709304
-0.752041
-0.778259
-0.783465
-0.772148
-0.74218
-0.695967
-0.636766
-0.569025
-0.499201
-0.433111
-0.373996
-0.323767
-0.283029
-0.252454
-0.231946
-0.219756
-0.215075
-0.217221
-0.225089
-0.237585
-0.253604
-0.272068
-0.291883
-0.311927
-0.33132
-0.349464
-0.365971
-0.380725
-0.393917
-0.406044
-0.417891
-0.430447
-0.4453
-0.463181
-0.489214
-0.81416
-0.832816
-0.86314
-0.90526
-0.958457
-1.02012
-1.08403
-1.13775
-1.16697
-1.16389
-1.12874
-1.06317
-0.974545
-0.874266
-0.772267
-0.678557
-0.598547
-0.536545
-0.495206
-0.475702
-0.480336
-0.504241
-0.5458
-0.600538
-0.662412
-0.72249
-0.771421
-0.802556
-0.813585
-0.801691
-0.769414
-0.719176
-0.655164
-0.583684
-0.51073
-0.441812
-0.38039
-0.32815
-0.285948
-0.254072
-0.232072
-0.218937
-0.21375
-0.215592
-0.223411
-0.236086
-0.252482
-0.271439
-0.291814
-0.312484
-0.332446
-0.351046
-0.367879
-0.382773
-0.395883
-0.407668
-0.418784
-0.429946
-0.44175
-0.453693
-0.463835
-0.789652
-0.811573
-0.848199
-0.899928
-0.965764
-1.04215
-1.12251
-1.19264
-1.23607
-1.23798
-1.19577
-1.1145
-1.00902
-0.894377
-0.776536
-0.672567
-0.583377
-0.514141
-0.468212
-0.447531
-0.453411
-0.482433
-0.5321
-0.596357
-0.667216
-0.734491
-0.788685
-0.822811
-0.83427
-0.823474
-0.791366
-0.740235
-0.674867
-0.601602
-0.526932
-0.456602
-0.39386
-0.340352
-0.296964
-0.263827
-0.240534
-0.226275
-0.220099
-0.221051
-0.228041
-0.239902
-0.255435
-0.273456
-0.292835
-0.312539
-0.33168
-0.349568
-0.365771
-0.380114
-0.392664
-0.40371
-0.413625
-0.422667
-0.430763
-0.436904
-0.439121
-0.766884
-0.79017
-0.832665
-0.893505
-0.971296
-1.0608
-1.15273
-1.23279
-1.28193
-1.28429
-1.23464
-1.14332
-1.02681
-0.902764
-0.781376
-0.669863
-0.574187
-0.500074
-0.451429
-0.430495
-0.436993
-0.470839
-0.523513
-0.58939
-0.660432
-0.726816
-0.779767
-0.813139
-0.825812
-0.817333
-0.788232
-0.740902
-0.679608
-0.610112
-0.539779
-0.473983
-0.413669
-0.3612
-0.318748
-0.285971
-0.262303
-0.247075
-0.239441
-0.238497
-0.243179
-0.252437
-0.265198
-0.280398
-0.297028
-0.314166
-0.331016
-0.346961
-0.361577
-0.374631
-0.386063
-0.395943
-0.404377
-0.411368
-0.416615
-0.419324
-0.418178
-0.741609
-0.774019
-0.82478
-0.89227
-0.975356
-1.06709
-1.15687
-1.2336
-1.27907
-1.27619
-1.22257
-1.12904
-1.0134
-0.893883
-0.780219
-0.676263
-0.588105
-0.520591
-0.476151
-0.455358
-0.457833
-0.482524
-0.525752
-0.58161
-0.642782
-0.700553
-0.747247
-0.778586
-0.791322
-0.78479
-0.759811
-0.718645
-0.665201
-0.60386
-0.541449
-0.48296
-0.429271
-0.381747
-0.342697
-0.312008
-0.289159
-0.273681
-0.264981
-0.262156
-0.264312
-0.270598
-0.280088
-0.291869
-0.305082
-0.318943
-0.332774
-0.346017
-0.358282
-0.369336
-0.379053
-0.387323
-0.394123
-0.399365
-0.402762
-0.403774
-0.401677
-0.765864
-0.796513
-0.843494
-0.902199
-0.972209
-1.05028
-1.12556
-1.18539
-1.21506
-1.20415
-1.1529
-1.07179
-0.973496
-0.86984
-0.771631
-0.684952
-0.610507
-0.552273
-0.513291
-0.494196
-0.49488
-0.513467
-0.545849
-0.58809
-0.633772
-0.676225
-0.710956
-0.733673
-0.741768
-0.735004
-0.713944
-0.679787
-0.635974
-0.586399
-0.534686
-0.484532
-0.439541
-0.400019
-0.365937
-0.338132
-0.316777
-0.301529
-0.291862
-0.287158
-0.286811
-0.29009
-0.296237
-0.304521
-0.314238
-0.324768
-0.33553
-0.345973
-0.355754
-0.36466
-0.372546
-0.379242
-0.384596
-0.388533
-0.39086
-0.391223
-0.389248
-0.778327
-0.807279
-0.848323
-0.89719
-0.951695
-1.00937
-1.06176
-1.09911
-1.11418
-1.10168
-1.06049
-0.997406
-0.921331
-0.840292
-0.762779
-0.693879
-0.634042
-0.586462
-0.553593
-0.535771
-0.532282
-0.541624
-0.561886
-0.589575
-0.619636
-0.647982
-0.671267
-0.685749
-0.689883
-0.684199
-0.668163
-0.641467
-0.606534
-0.567308
-0.526468
-0.485993
-0.448308
-0.414756
-0.385053
-0.36015
-0.340412
-0.325616
-0.315394
-0.309381
-0.307081
-0.307909
-0.311279
-0.31661
-0.323308
-0.330952
-0.339049
-0.346899
-0.35424
-0.361078
-0.367267
-0.372596
-0.376799
-0.379777
-0.381448
-0.381613
-0.380031
-0.78205
-0.806019
-0.837272
-0.87337
-0.912219
-0.95097
-0.984472
-1.00756
-1.01645
-1.00665
-0.976016
-0.929547
-0.872863
-0.811875
-0.752529
-0.698045
-0.650337
-0.611675
-0.583616
-0.566473
-0.560195
-0.56368
-0.575359
-0.592664
-0.610929
-0.628355
-0.642345
-0.649129
-0.650093
-0.64562
-0.632876
-0.610935
-0.582076
-0.55009
-0.517272
-0.48441
-0.453084
-0.424435
-0.398947
-0.377153
-0.359281
-0.34529
-0.335013
-0.328182
-0.324438
-0.323363
-0.324509
-0.327414
-0.331634
-0.336762
-0.342378
-0.348094
-0.35366
-0.358902
-0.363622
-0.36763
-0.370767
-0.372932
-0.374036
-0.373977
-0.37262
-0.773322
-0.79289
-0.817354
-0.844165
-0.872074
-0.899666
-0.920728
-0.933526
-0.939503
-0.930747
-0.906045
-0.871502
-0.830072
-0.784845
-0.739447
-0.69689
-0.659167
-0.627785
-0.603957
-0.588188
-0.580091
-0.578915
-0.583685
-0.592389
-0.602468
-0.612002
-0.619504
-0.622932
-0.620762
-0.614475
-0.602562
-0.583571
-0.560614
-0.535337
-0.508727
-0.481838
-0.4558
-0.431528
-0.409592
-0.390387
-0.374167
-0.36101
-0.350848
-0.34351
-0.338754
-0.336266
-0.335704
-0.336715
-0.338936
-0.342044
-0.345733
-0.34968
-0.353622
-0.35736
-0.360723
-0.363567
-0.365778
-0.367253
-0.367913
-0.367709
-0.366611
-0.759986
-0.775719
-0.794201
-0.8141
-0.834102
-0.852473
-0.866697
-0.875138
-0.876359
-0.867912
-0.850008
-0.824522
-0.793575
-0.759478
-0.724721
-0.691527
-0.661518
-0.6359
-0.615548
-0.600914
-0.591801
-0.587608
-0.5878
-0.591072
-0.595505
-0.599637
-0.602217
-0.601959
-0.598124
-0.590761
-0.579408
-0.563861
-0.544969
-0.523882
-0.501652
-0.479123
-0.457089
-0.436261
-0.417155
-0.400133
-0.385434
-0.373164
-0.363303
-0.355745
-0.350332
-0.346839
-0.344993
-0.344535
-0.345189
-0.346676
-0.348763
-0.351204
-0.353762
-0.356232
-0.358467
-0.360362
-0.36181
-0.362718
-0.363026
-0.362703
-0.361748
-0.742385
-0.755117
-0.769434
-0.784432
-0.798995
-0.811893
-0.821598
-0.826591
-0.825951
-0.81899
-0.805362
-0.785956
-0.762403
-0.736346
-0.709454
-0.683309
-0.659209
-0.638108
-0.620651
-0.607245
-0.597858
-0.591905
-0.58894
-0.588361
-0.588734
-0.588935
-0.588108
-0.585439
-0.580275
-0.572376
-0.561618
-0.547926
-0.531716
-0.513844
-0.495057
-0.475964
-0.457151
-0.439171
-0.422455
-0.40732
-0.39398
-0.382552
-0.373059
-0.365442
-0.359603
-0.355392
-0.352592
-0.351
-0.350419
-0.350607
-0.351386
-0.352599
-0.353998
-0.355388
-0.356667
-0.357745
-0.358523
-0.358924
-0.358901
-0.358435
-0.357537
-0.723041
-0.733829
-0.745353
-0.756954
-0.767815
-0.777027
-0.78356
-0.786497
-0.785178
-0.779189
-0.768442
-0.753481
-0.735325
-0.715119
-0.694035
-0.673214
-0.653644
-0.636077
-0.621018
-0.608787
-0.599442
-0.59255
-0.587606
-0.58437
-0.582045
-0.579681
-0.576591
-0.572195
-0.566021
-0.557833
-0.547556
-0.535215
-0.521082
-0.505649
-0.489444
-0.472958
-0.456632
-0.440891
-0.42609
-0.412502
-0.400318
-0.389652
-0.380552
-0.372988
-0.366897
-0.362185
-0.358687
-0.35623
-0.354684
-0.353845
-0.353552
-0.353735
-0.354161
-0.354647
-0.35512
-0.355502
-0.355704
-0.355663
-0.355339
-0.354719
-0.353811
-0.702836
-0.712175
-0.721677
-0.730879
-0.739199
-0.745992
-0.750585
-0.75235
-0.750814
-0.745797
-0.737287
-0.7256
-0.711406
-0.695518
-0.678778
-0.662013
-0.645955
-0.631176
-0.618083
-0.606936
-0.597828
-0.590583
-0.58464
-0.57963
-0.575442
-0.571332
-0.566677
-0.561087
-0.554246
-0.545949
-0.536126
-0.524815
-0.512193
-0.498567
-0.484333
-0.469869
-0.45551
-0.441576
-0.428352
-0.416067
-0.404885
-0.394914
-0.386207
-0.37876
-0.372534
-0.367472
-0.363461
-0.36035
-0.358046
-0.35641
-0.355258
-0.354557
-0.354167
-0.353909
-0.353704
-0.353488
-0.353191
-0.352758
-0.352155
-0.351367
-0.3504
-0.682401
-0.690724
-0.698858
-0.706465
-0.71313
-0.718398
-0.721802
-0.722918
-0.721469
-0.717338
-0.710523
-0.701266
-0.690029
-0.677381
-0.663929
-0.650273
-0.636958
-0.624419
-0.612992
-0.602894
-0.594172
-0.586669
-0.580072
-0.574137
-0.568804
-0.563547
-0.557894
-0.551566
-0.544336
-0.53604
-0.52662
-0.51611
-0.504638
-0.492416
-0.479722
-0.466844
-0.45404
-0.441551
-0.429607
-0.418395
-0.408056
-0.39869
-0.390348
-0.383046
-0.376765
-0.37146
-0.367063
-0.363458
-0.360554
-0.358284
-0.356477
-0.355054
-0.353966
-0.353081
-0.352306
-0.351578
-0.350845
-0.350063
-0.349199
-0.348239
-0.347182
-0.662284
-0.669909
-0.677113
-0.68365
-0.689225
-0.693516
-0.696207
-0.697031
-0.695812
-0.692454
-0.686992
-0.679614
-0.670638
-0.660467
-0.649543
-0.638307
-0.627164
-0.616453
-0.60643
-0.597251
-0.588961
-0.581472
-0.574579
-0.568193
-0.562195
-0.556228
-0.549965
-0.543201
-0.535768
-0.52755
-0.518501
-0.50865
-0.498089
-0.486965
-0.475478
-0.463848
-0.452277
-0.440948
-0.430044
-0.419719
-0.410093
-0.401251
-0.393248
-0.386103
-0.379813
-0.374349
-0.369655
-0.365661
-0.362297
-0.35952
-0.357212
-0.355199
-0.353496
-0.352079
-0.350827
-0.349666
-0.348557
-0.347467
-0.346366
-0.345237
-0.344075
-0.642774
-0.649928
-0.656513
-0.662354
-0.667241
-0.67095
-0.673272
-0.674034
-0.673108
-0.670445
-0.66609
-0.660185
-0.652959
-0.644705
-0.635745
-0.626408
-0.616996
-0.607766
-0.59891
-0.590555
-0.582753
-0.575453
-0.56854
-0.561964
-0.555617
-0.549255
-0.542659
-0.535678
-0.528191
-0.520116
-0.51142
-0.502123
-0.492295
-0.482042
-0.471512
-0.460876
-0.45029
-0.439896
-0.429839
-0.420244
-0.411213
-0.402821
-0.395118
-0.388129
-0.381858
-0.376286
-0.371381
-0.367096
-0.36338
-0.360177
-0.357378
-0.354885
-0.352735
-0.350881
-0.349215
-0.347681
-0.346247
-0.344885
-0.343568
-0.342277
-0.341005
-0.624076
-0.630931
-0.637123
-0.642528
-0.647001
-0.650388
-0.65255
-0.653369
-0.652764
-0.650716
-0.647272
-0.642541
-0.636693
-0.629944
-0.622534
-0.614706
-0.606689
-0.598677
-0.590819
-0.583222
-0.575935
-0.568937
-0.56216
-0.555574
-0.5491
-0.542574
-0.535846
-0.528806
-0.521371
-0.513482
-0.505118
-0.496296
-0.487071
-0.477524
-0.467764
-0.457926
-0.448131
-0.438492
-0.429122
-0.420127
-0.411591
-0.403579
-0.396138
-0.389294
-0.383056
-0.377415
-0.372353
-0.367834
-0.363815
-0.360247
-0.357056
-0.354198
-0.351677
-0.349444
-0.34742
-0.345563
-0.343849
-0.342247
-0.340736
-0.339296
-0.337919
-0.606303
-0.612981
-0.618937
-0.624085
-0.628327
-0.631563
-0.633693
-0.634643
-0.63437
-0.632872
-0.630189
-0.626411
-0.621667
-0.61612
-0.609948
-0.603337
-0.59646
-0.589465
-0.582471
-0.575565
-0.568795
-0.562156
-0.555613
-0.549143
-0.542696
-0.536163
-0.529439
-0.522448
-0.515135
-0.507459
-0.49941
-0.491004
-0.482284
-0.473314
-0.464179
-0.454984
-0.445827
-0.436797
-0.427986
-0.419481
-0.411353
-0.403659
-0.396441
-0.389726
-0.383524
-0.377834
-0.372645
-0.367931
-0.36366
-0.359799
-0.356301
-0.353131
-0.350286
-0.347729
-0.345401
-0.343267
-0.341307
-0.339498
-0.337815
-0.336244
-0.334772
-0.589553
-0.596131
-0.601955
-0.606967
-0.6111
-0.614286
-0.616464
-0.617588
-0.617639
-0.616623
-0.61458
-0.611583
-0.607734
-0.603157
-0.59799
-0.592373
-0.58644
-0.580306
-0.574065
-0.567791
-0.561527
-0.555278
-0.549025
-0.542756
-0.536438
-0.530004
-0.523379
-0.516513
-0.50937
-0.501925
-0.494174
-0.486135
-0.477842
-0.46935
-0.460724
-0.452051
-0.44341
-0.434872
-0.426513
-0.418407
-0.410613
-0.403181
-0.396147
-0.389539
-0.383367
-0.377635
-0.372339
-0.367463
-0.362984
-0.358881
-0.355123
-0.351685
-0.34856
-0.345722
-0.343128
-0.340751
-0.338575
-0.336581
-0.334748
-0.333062
-0.33151
-0.573852
-0.58038
-0.586138
-0.591089
-0.595188
-0.598392
-0.600664
-0.60198
-0.602334
-0.601741
-0.60024
-0.597892
-0.594778
-0.590997
-0.586655
-0.581862
-0.576722
-0.571327
-0.565751
-0.560056
-0.554279
-0.548431
-0.542503
-0.536488
-0.530369
-0.524102
-0.517639
-0.510946
-0.504001
-0.496792
-0.489321
-0.481605
-0.473677
-0.465581
-0.457373
-0.449123
-0.440897
-0.432755
-0.42476
-0.416974
-0.409449
-0.402229
-0.395347
-0.388824
-0.382674
-0.376902
-0.371512
-0.366494
-0.361835
-0.357523
-0.35354
-0.349868
-0.346498
-0.343411
-0.340578
-0.337982
-0.335613
-0.333454
-0.331489
-0.329705
-0.328091
-0.559237
-0.565745
-0.571478
-0.576412
-0.580521
-0.583777
-0.586163
-0.587668
-0.588299
-0.588075
-0.587032
-0.585224
-0.582719
-0.579596
-0.57594
-0.571838
-0.567373
-0.562617
-0.557633
-0.552469
-0.547157
-0.541709
-0.536125
-0.530397
-0.524519
-0.518465
-0.512203
-0.505711
-0.498979
-0.492003
-0.484791
-0.47736
-0.469743
-0.461976
-0.454109
-0.446199
-0.438305
-0.430477
-0.42277
-0.415236
-0.407923
-0.400869
-0.394106
-0.387652
-0.381517
-0.375709
-0.370233
-0.365087
-0.360263
-0.355757
-0.351559
-0.34766
-0.344057
-0.340739
-0.337693
-0.334915
-0.332387
-0.330082
-0.327999
-0.326139
-0.324485
-0.545682
-0.552187
-0.55792
-0.562865
-0.567008
-0.570334
-0.572836
-0.574519
-0.575394
-0.575486
-0.574831
-0.573474
-0.571476
-0.568902
-0.565821
-0.562306
-0.558421
-0.554228
-0.549775
-0.545103
-0.540237
-0.535187
-0.529956
-0.524538
-0.518929
-0.513116
-0.507079
-0.500805
-0.494292
-0.487542
-0.480568
-0.47339
-0.466038
-0.458546
-0.450957
-0.443321
-0.435689
-0.428107
-0.420623
-0.413284
-0.40613
-0.399198
-0.392508
-0.386078
-0.37992
-0.374048
-0.368475
-0.363196
-0.358217
-0.353538
-0.349174
-0.345098
-0.341278
-0.337736
-0.334476
-0.331535
-0.328884
-0.326452
-0.324263
-0.322336
-0.320661
-0.533209
-0.539707
-0.545442
-0.550409
-0.554594
-0.557989
-0.560601
-0.56244
-0.563525
-0.563884
-0.563551
-0.562571
-0.560997
-0.558884
-0.556289
-0.553271
-0.549887
-0.54619
-0.542218
-0.538002
-0.533561
-0.528903
-0.524027
-0.518927
-0.5136
-0.508041
-0.502236
-0.496179
-0.489874
-0.48333
-0.476563
-0.469595
-0.462455
-0.455176
-0.447799
-0.440367
-0.432925
-0.425516
-0.418187
-0.410979
-0.403945
-0.397131
-0.390537
-0.384142
-0.377951
-0.372015
-0.366353
-0.360959
-0.355829
-0.350952
-0.346434
-0.34223
-0.33821
-0.33444
-0.330982
-0.327848
-0.325021
-0.322476
-0.320221
-0.318264
-0.316595
-0.521796
-0.52829
-0.534029
-0.539011
-0.543227
-0.546677
-0.549376
-0.551344
-0.552602
-0.553179
-0.553108
-0.552434
-0.551211
-0.549486
-0.547308
-0.544721
-0.541777
-0.538522
-0.534989
-0.531201
-0.52717
-0.522899
-0.518382
-0.513608
-0.508575
-0.503278
-0.497707
-0.491864
-0.485757
-0.479402
-0.472817
-0.466027
-0.459061
-0.451954
-0.444743
-0.437469
-0.430175
-0.422899
-0.415684
-0.408546
-0.40156
-0.394823
-0.388345
-0.38202
-0.3758
-0.369787
-0.364024
-0.358508
-0.353229
-0.348195
-0.343447
-0.338973
-0.334737
-0.330776
-0.327132
-0.323814
-0.320837
-0.318205
-0.315906
-0.313937
-0.312291
-0.511346
-0.517846
-0.523626
-0.528643
-0.53288
-0.536364
-0.539123
-0.541181
-0.542561
-0.543306
-0.543439
-0.543008
-0.542057
-0.540635
-0.538792
-0.536574
-0.534027
-0.531183
-0.52807
-0.524704
-0.521086
-0.517213
-0.513069
-0.508641
-0.503918
-0.498891
-0.493559
-0.487927
-0.482012
-0.47583
-0.469406
-0.462765
-0.455939
-0.448961
-0.441871
-0.434709
-0.427515
-0.420327
-0.413186
-0.406128
-0.399208
-0.392475
-0.385926
-0.379521
-0.373259
-0.367191
-0.36134
-0.355704
-0.350276
-0.345057
-0.340078
-0.335377
-0.330952
-0.326814
-0.322995
-0.319525
-0.316426
-0.313703
-0.311356
-0.309386
-0.307795
-0.501986
-0.508376
-0.51417
-0.519221
-0.523475
-0.52698
-0.529786
-0.531917
-0.533391
-0.534249
-0.53454
-0.534331
-0.53364
-0.532488
-0.530922
-0.529011
-0.526802
-0.524326
-0.521606
-0.518648
-0.515445
-0.511976
-0.508213
-0.504131
-0.499711
-0.494945
-0.489839
-0.484402
-0.478654
-0.472623
-0.466334
-0.459812
-0.453088
-0.446199
-0.439186
-0.432091
-0.424953
-0.417812
-0.410708
-0.403672
-0.396748
-0.389989
-0.383408
-0.376989
-0.370722
-0.364617
-0.358685
-0.352927
-0.347347
-0.341955
-0.336778
-0.331846
-0.327183
-0.322821
-0.318806
-0.315178
-0.311961
-0.309166
-0.306795
-0.304843
-0.303306
-0.493728
-0.500161
-0.505889
-0.510843
-0.515025
-0.518493
-0.521288
-0.523436
-0.524956
-0.525866
-0.526197
-0.526125
-0.525657
-0.524744
-0.523427
-0.521782
-0.519866
-0.517728
-0.515395
-0.512864
-0.51011
-0.507093
-0.503759
-0.500053
-0.495944
-0.491433
-0.486534
-0.481263
-0.475638
-0.469704
-0.463501
-0.457046
-0.450369
-0.443511
-0.436518
-0.429432
-0.422298
-0.415156
-0.408047
-0.401006
-0.39407
-0.387286
-0.38069
-0.37428
-0.368036
-0.361945
-0.356004
-0.350212
-0.344572
-0.339094
-0.333801
-0.328729
-0.323921
-0.319432
-0.315325
-0.311652
-0.308451
-0.305733
-0.303493
-0.301714
-0.300327
-0.486963
-0.493264
-0.498918
-0.503798
-0.507924
-0.511359
-0.514136
-0.516279
-0.517823
-0.518799
-0.519258
-0.519256
-0.518831
-0.518019
-0.516874
-0.515456
-0.513813
-0.511997
-0.510049
-0.507955
-0.505667
-0.503138
-0.500294
-0.497033
-0.4933
-0.489102
-0.484463
-0.479411
-0.473976
-0.468194
-0.462104
-0.455737
-0.449131
-0.442327
-0.435373
-0.428313
-0.421195
-0.414065
-0.406966
-0.399936
-0.392985
-0.386136
-0.379445
-0.372938
-0.366607
-0.360434
-0.354408
-0.348521
-0.342773
-0.337176
-0.331754
-0.326549
-0.321612
-0.317002
-0.312772
-0.308977
-0.305666
-0.30286
-0.300564
-0.298779
-0.297548
-0.481436
-0.487677
-0.493188
-0.497968
-0.502035
-0.505422
-0.508158
-0.510277
-0.51182
-0.512823
-0.513362
-0.51339
-0.512972
-0.512227
-0.511217
-0.509989
-0.508603
-0.507119
-0.505582
-0.503969
-0.502168
-0.500083
-0.497613
-0.494639
-0.491128
-0.487107
-0.482605
-0.477651
-0.472275
-0.466517
-0.46042
-0.45403
-0.447395
-0.44056
-0.433566
-0.426462
-0.419297
-0.412124
-0.404995
-0.397953
-0.391089
-0.384457
-0.378007
-0.371712
-0.365575
-0.359589
-0.353737
-0.348005
-0.342388
-0.336896
-0.331557
-0.326424
-0.321561
-0.317053
-0.312992
-0.309437
-0.3064
-0.303866
-0.30181
-0.300219
-0.299083
-0.47955
-0.48582
-0.491296
-0.496063
-0.500144
-0.503542
-0.506288
-0.508419
-0.509976
-0.510996
-0.511525
-0.511601
-0.511276
-0.510621
-0.509696
-0.508564
-0.507293
-0.50596
-0.504638
-0.503392
-0.502189
-0.500739
-0.498681
-0.495899
-0.492474
-0.488501
-0.484035
-0.479108
-0.473759
-0.468032
-0.461969
-0.455613
-0.449007
-0.442195
-0.435225
-0.428143
-0.420999
-0.413841
-0.406718
-0.399674
-0.392755
-0.385994
-0.379405
-0.372985
-0.366731
-0.360639
-0.3547
-0.348908
-0.343263
-0.337778
-0.332475
-0.327395
-0.32259
-0.318117
-0.314042
-0.310417
-0.30728
-0.30464
-0.30249
-0.300821
-0.299608
-0.5088
-0.466251
-0.413134
-0.360128
-0.308986
-0.264943
-0.234562
-0.223412
-0.239094
-0.277709
-0.338942
-0.418788
-0.510189
-0.603896
-0.688474
-0.750722
-0.785464
-0.788596
-0.762542
-0.715553
-0.65548
-0.589218
-0.523219
-0.462553
-0.407928
-0.359905
-0.318786
-0.284287
-0.255743
-0.232494
-0.213984
-0.199631
-0.188791
-0.180857
-0.175511
-0.172823
-0.173413
-0.178622
-0.186841
-0.196014
-0.2044
-0.212496
-0.219707
-0.223567
-0.225497
-0.226484
-0.227418
-0.229009
-0.231841
-0.236342
-0.24282
-0.251438
-0.262237
-0.275572
-0.292682
-0.315279
-0.341207
-0.367947
-0.399979
-0.433133
-0.464172
-0.490136
-0.507966
-0.517073
-0.51629
-0.506757
-0.490311
-0.469022
-0.444938
-0.419669
-0.394032
-0.368981
-0.346943
-0.328225
-0.311847
-0.297683
-0.28561
-0.27541
-0.266906
-0.259965
-0.254479
-0.25037
-0.247614
-0.246208
-0.246145
-0.463309
-0.433944
-0.393312
-0.352447
-0.313667
-0.281627
-0.261541
-0.257753
-0.268591
-0.303175
-0.357807
-0.426109
-0.500491
-0.573164
-0.634657
-0.676223
-0.696813
-0.695066
-0.67124
-0.632744
-0.584724
-0.531462
-0.478817
-0.428759
-0.382317
-0.340635
-0.304094
-0.272522
-0.245628
-0.223002
-0.204222
-0.188891
-0.176575
-0.166789
-0.15911
-0.153302
-0.149444
-0.148114
-0.150609
-0.156092
-0.162947
-0.169609
-0.176741
-0.183466
-0.187926
-0.1914
-0.195021
-0.19919
-0.204306
-0.210753
-0.218866
-0.228895
-0.241037
-0.255906
-0.274986
-0.298226
-0.324457
-0.354025
-0.386677
-0.419776
-0.450302
-0.475045
-0.491736
-0.499226
-0.49724
-0.487011
-0.470425
-0.44951
-0.426096
-0.401386
-0.376416
-0.353403
-0.333539
-0.316053
-0.30063
-0.287221
-0.275668
-0.265767
-0.257336
-0.250279
-0.244528
-0.239992
-0.236635
-0.234461
-0.233484
-0.432994
-0.412212
-0.383153
-0.351895
-0.322262
-0.298741
-0.285369
-0.285111
-0.299246
-0.329415
-0.372056
-0.42234
-0.476598
-0.528394
-0.568694
-0.595723
-0.611047
-0.611828
-0.593174
-0.560507
-0.52307
-0.481707
-0.439289
-0.397916
-0.358875
-0.32299
-0.290678
-0.262046
-0.237013
-0.215353
-0.196775
-0.181008
-0.167754
-0.156672
-0.14745
-0.139811
-0.133591
-0.128892
-0.126162
-0.126182
-0.129206
-0.134309
-0.140055
-0.146335
-0.15246
-0.158336
-0.16385
-0.169689
-0.176385
-0.184158
-0.193345
-0.204322
-0.217476
-0.233761
-0.254176
-0.277922
-0.304944
-0.335373
-0.367992
-0.400468
-0.429766
-0.452667
-0.468023
-0.474083
-0.471261
-0.460937
-0.444936
-0.4251
-0.402907
-0.379587
-0.357016
-0.33692
-0.319126
-0.303143
-0.288989
-0.276565
-0.265683
-0.256212
-0.248016
-0.240986
-0.235083
-0.230254
-0.226433
-0.22363
-0.221866
-0.411052
-0.396034
-0.376188
-0.354619
-0.334732
-0.319988
-0.312942
-0.315
-0.327014
-0.349952
-0.379909
-0.41347
-0.451673
-0.48711
-0.512654
-0.533101
-0.545764
-0.541971
-0.525019
-0.501197
-0.472112
-0.439453
-0.405315
-0.371275
-0.338421
-0.307513
-0.27903
-0.253198
-0.230059
-0.20954
-0.191487
-0.175712
-0.162008
-0.150131
-0.139861
-0.131012
-0.12342
-0.116987
-0.111724
-0.107834
-0.105978
-0.10741
-0.11133
-0.11618
-0.119982
-0.125848
-0.134215
-0.141101
-0.148974
-0.157523
-0.167362
-0.179113
-0.193217
-0.210677
-0.231695
-0.255782
-0.283277
-0.313805
-0.345841
-0.376967
-0.404246
-0.425424
-0.438807
-0.443656
-0.440394
-0.430483
-0.415624
-0.397374
-0.377134
-0.356609
-0.337482
-0.320212
-0.304514
-0.290311
-0.277559
-0.266171
-0.256054
-0.247112
-0.239246
-0.232362
-0.226422
-0.221399
-0.217235
-0.213918
-0.211483
-0.395575
-0.385069
-0.371835
-0.357546
-0.344472
-0.334962
-0.330859
-0.332587
-0.340811
-0.357076
-0.378882
-0.403115
-0.429244
-0.453383
-0.471316
-0.483946
-0.489243
-0.484847
-0.472596
-0.454367
-0.431432
-0.405316
-0.377515
-0.349206
-0.321319
-0.294561
-0.269402
-0.246112
-0.224812
-0.205519
-0.18818
-0.172689
-0.158902
-0.146657
-0.135796
-0.126181
-0.117697
-0.110259
-0.103824
-0.0984479
-0.0941792
-0.0909169
-0.0895932
-0.0912036
-0.0949005
-0.101262
-0.106133
-0.112624
-0.123187
-0.132166
-0.142273
-0.15496
-0.169975
-0.188162
-0.209439
-0.233841
-0.261568
-0.291717
-0.322535
-0.351557
-0.376243
-0.395109
-0.406497
-0.410232
-0.406844
-0.397707
-0.3844
-0.368372
-0.351213
-0.334412
-0.318677
-0.304055
-0.290519
-0.278081
-0.266732
-0.256437
-0.247139
-0.238776
-0.231287
-0.224611
-0.218708
-0.213571
-0.20916
-0.205453
-0.202475
-0.384652
-0.37735
-0.368254
-0.358781
-0.35024
-0.344004
-0.341654
-0.343964
-0.350765
-0.362133
-0.377006
-0.393623
-0.41059
-0.426034
-0.437953
-0.445554
-0.447946
-0.443984
-0.433854
-0.418724
-0.399867
-0.378342
-0.355164
-0.331251
-0.307341
-0.284023
-0.26172
-0.240711
-0.221156
-0.203132
-0.186647
-0.171646
-0.158051
-0.145759
-0.134664
-0.124663
-0.115675
-0.10764
-0.100509
-0.0942747
-0.0891424
-0.0851474
-0.0819518
-0.0797174
-0.0792733
-0.0808515
-0.0849807
-0.0922975
-0.101482
-0.109854
-0.120504
-0.134913
-0.150616
-0.168959
-0.190427
-0.215095
-0.242483
-0.27141
-0.300102
-0.326297
-0.347999
-0.363728
-0.37291
-0.375708
-0.372517
-0.36428
-0.353239
-0.340486
-0.327151
-0.313984
-0.301254
-0.289094
-0.277611
-0.266868
-0.256887
-0.247665
-0.23918
-0.231403
-0.224307
-0.217861
-0.212043
-0.20685
-0.202265
-0.198264
-0.194862
-0.37663
-0.371526
-0.365237
-0.358788
-0.353296
-0.349586
-0.348272
-0.349928
-0.354605
-0.362215
-0.372162
-0.383295
-0.394522
-0.404607
-0.412152
-0.416285
-0.416389
-0.411911
-0.403003
-0.39036
-0.374701
-0.356726
-0.337181
-0.316774
-0.296104
-0.275662
-0.255828
-0.23687
-0.218965
-0.202213
-0.186658
-0.172299
-0.1591
-0.147003
-0.135945
-0.125862
-0.116701
-0.108419
-0.100982
-0.094344
-0.0885316
-0.0839953
-0.0806355
-0.0782972
-0.0771547
-0.0768497
-0.0778001
-0.0811002
-0.0871875
-0.0960393
-0.107471
-0.12125
-0.137368
-0.156184
-0.177849
-0.202126
-0.228309
-0.25495
-0.27999
-0.30211
-0.31986
-0.331724
-0.338162
-0.342388
-0.340497
-0.332886
-0.324899
-0.315825
-0.305976
-0.295847
-0.285709
-0.275767
-0.26616
-0.256976
-0.248263
-0.240048
-0.232337
-0.225128
-0.218419
-0.212205
-0.206488
-0.201275
-0.196563
-0.192341
-0.188618
-0.370014
-0.366386
-0.362095
-0.357799
-0.354143
-0.351652
-0.350826
-0.352039
-0.355339
-0.360539
-0.367179
-0.374505
-0.38167
-0.387793
-0.391997
-0.393632
-0.392255
-0.387565
-0.379581
-0.368636
-0.355202
-0.339812
-0.323025
-0.305373
-0.28733
-0.269294
-0.25159
-0.234462
-0.218086
-0.202576
-0.188
-0.174384
-0.161725
-0.150001
-0.13918
-0.129225
-0.120104
-0.111794
-0.104296
-0.0976297
-0.0918275
-0.0869362
-0.0828868
-0.080216
-0.0792095
-0.0795735
-0.0813541
-0.0845813
-0.0894878
-0.0966144
-0.10626
-0.118714
-0.134036
-0.152008
-0.172278
-0.194238
-0.21705
-0.239488
-0.260272
-0.278339
-0.292429
-0.301016
-0.308412
-0.312565
-0.310108
-0.30616
-0.301254
-0.29505
-0.287916
-0.280251
-0.272316
-0.264304
-0.256354
-0.248562
-0.240997
-0.233704
-0.22671
-0.220032
-0.213687
-0.207693
-0.202075
-0.196851
-0.192033
-0.187633
-0.18366
-0.364675
-0.362046
-0.359027
-0.356064
-0.353542
-0.351843
-0.35129
-0.352081
-0.354222
-0.357547
-0.361721
-0.36624
-0.370506
-0.373903
-0.375833
-0.375799
-0.373451
-0.368583
-0.361188
-0.351471
-0.339756
-0.326416
-0.31185
-0.296458
-0.280609
-0.264629
-0.248791
-0.233313
-0.21836
-0.204052
-0.190466
-0.17765
-0.165624
-0.154391
-0.143944
-0.134271
-0.125363
-0.117219
-0.109843
-0.103248
-0.0974717
-0.0926021
-0.0887127
-0.0859349
-0.0843826
-0.0843875
-0.0860069
-0.089337
-0.09464
-0.101928
-0.111295
-0.122812
-0.136494
-0.1522
-0.169626
-0.188213
-0.207113
-0.225326
-0.24211
-0.256819
-0.267455
-0.275694
-0.282873
-0.286117
-0.286372
-0.284867
-0.281985
-0.277898
-0.272878
-0.267215
-0.261118
-0.25475
-0.248237
-0.241678
-0.235148
-0.228695
-0.222353
-0.216157
-0.210145
-0.20435
-0.198809
-0.193561
-0.188641
-0.184077
-0.179889
-0.360216
-0.35824
-0.356042
-0.35389
-0.352047
-0.350766
-0.350249
-0.350608
-0.351835
-0.353798
-0.356245
-0.358816
-0.361081
-0.362591
-0.362917
-0.361702
-0.358691
-0.353741
-0.34684
-0.338108
-0.327752
-0.316037
-0.303258
-0.289718
-0.275707
-0.261486
-0.247283
-0.233288
-0.21965
-0.206485
-0.193876
-0.181883
-0.170541
-0.159872
-0.149888
-0.140596
-0.132003
-0.124118
-0.116963
-0.11057
-0.104988
-0.100281
-0.0965172
-0.0937879
-0.0922322
-0.0920183
-0.0932407
-0.0961087
-0.100766
-0.10724
-0.115592
-0.125828
-0.137828
-0.151362
-0.166101
-0.181592
-0.197174
-0.212247
-0.226133
-0.2383
-0.2482
-0.256299
-0.262434
-0.266161
-0.267762
-0.267708
-0.266361
-0.263916
-0.260572
-0.256538
-0.251976
-0.247015
-0.241763
-0.236312
-0.230724
-0.225045
-0.219306
-0.213545
-0.207818
-0.202177
-0.19668
-0.191383
-0.186341
-0.181605
-0.177207
-0.356254
-0.354685
-0.352977
-0.351307
-0.349854
-0.348781
-0.348212
-0.348206
-0.348741
-0.349705
-0.350906
-0.352082
-0.352922
-0.353106
-0.352329
-0.350333
-0.346928
-0.342007
-0.33555
-0.32763
-0.318389
-0.308017
-0.296732
-0.28476
-0.272328
-0.259643
-0.246893
-0.234241
-0.221819
-0.209736
-0.198076
-0.186903
-0.176264
-0.166194
-0.156718
-0.147858
-0.139634
-0.132072
-0.125203
-0.119067
-0.113714
-0.109208
-0.105618
-0.103039
-0.101572
-0.101332
-0.102429
-0.10498
-0.109065
-0.11473
-0.121998
-0.130833
-0.141106
-0.152599
-0.164984
-0.177892
-0.190943
-0.203656
-0.21551
-0.225991
-0.234781
-0.241919
-0.247385
-0.251146
-0.253318
-0.254157
-0.25389
-0.252671
-0.250644
-0.247947
-0.244688
-0.240955
-0.236845
-0.232436
-0.227742
-0.222774
-0.217579
-0.212209
-0.206724
-0.201192
-0.195689
-0.190291
-0.185078
-0.180129
-0.175493
-0.352652
-0.35131
-0.349885
-0.348493
-0.347251
-0.34626
-0.345591
-0.345272
-0.34527
-0.345496
-0.345803
-0.345997
-0.345855
-0.345142
-0.343638
-0.341152
-0.337545
-0.332734
-0.326703
-0.319495
-0.311209
-0.301979
-0.291967
-0.281343
-0.270281
-0.258949
-0.247498
-0.236065
-0.224765
-0.213698
-0.202945
-0.19257
-0.182628
-0.17316
-0.164205
-0.155794
-0.147958
-0.140731
-0.134159
-0.128289
-0.123176
-0.118886
-0.115491
-0.113073
-0.11172
-0.111523
-0.112564
-0.114918
-0.118646
-0.123766
-0.130255
-0.138034
-0.146928
-0.156744
-0.167266
-0.178174
-0.189094
-0.199629
-0.209388
-0.218037
-0.2254
-0.231464
-0.236227
-0.239726
-0.242068
-0.24341
-0.243894
-0.243622
-0.242676
-0.241124
-0.239016
-0.23642
-0.233422
-0.230013
-0.226159
-0.221879
-0.21721
-0.2122
-0.206913
-0.201432
-0.195852
-0.190271
-0.184818
-0.179589
-0.174638
-0.349278
-0.348046
-0.34677
-0.345523
-0.344377
-0.343393
-0.342609
-0.342032
-0.341627
-0.34132
-0.340997
-0.340514
-0.339704
-0.338398
-0.336432
-0.33367
-0.330006
-0.325379
-0.319773
-0.313216
-0.305775
-0.297547
-0.288649
-0.279212
-0.269368
-0.259247
-0.248973
-0.238657
-0.228398
-0.218284
-0.208389
-0.198779
-0.189507
-0.180625
-0.172175
-0.164198
-0.156732
-0.149821
-0.143526
-0.137904
-0.133015
-0.128925
-0.125709
-0.123442
-0.122202
-0.122064
-0.123092
-0.125332
-0.128809
-0.133512
-0.139383
-0.146283
-0.154037
-0.162493
-0.171432
-0.180544
-0.189529
-0.198131
-0.206072
-0.213085
-0.219054
-0.223986
-0.227935
-0.230972
-0.233213
-0.234787
-0.235791
-0.236277
-0.236267
-0.235755
-0.234737
-0.233276
-0.231387
-0.228975
-0.225985
-0.222413
-0.218272
-0.213599
-0.208463
-0.202962
-0.197211
-0.19134
-0.185532
-0.179911
-0.174541
-0.346042
-0.344845
-0.343633
-0.342449
-0.341336
-0.340326
-0.339436
-0.338659
-0.33796
-0.337276
-0.336519
-0.33558
-0.334334
-0.332657
-0.33043
-0.327552
-0.323944
-0.319562
-0.314389
-0.308445
-0.301775
-0.29445
-0.286554
-0.278185
-0.269441
-0.260424
-0.251229
-0.241945
-0.232656
-0.223434
-0.214348
-0.205457
-0.196819
-0.188485
-0.180509
-0.172929
-0.165787
-0.15914
-0.153063
-0.147641
-0.142936
-0.139011
-0.135943
-0.133808
-0.132678
-0.132615
-0.133666
-0.135856
-0.139178
-0.143594
-0.148989
-0.155174
-0.162001
-0.169322
-0.17691
-0.184489
-0.191816
-0.198722
-0.205001
-0.210424
-0.21495
-0.218677
-0.2217
-0.224111
-0.226049
-0.227658
-0.22902
-0.230153
-0.231016
-0.231526
-0.231624
-0.231345
-0.23063
-0.229304
-0.227266
-0.224467
-0.220887
-0.216545
-0.211511
-0.2059
-0.199855
-0.193546
-0.187216
-0.181031
-0.175084
-0.342884
-0.341679
-0.340482
-0.339317
-0.338204
-0.337157
-0.336179
-0.335254
-0.334348
-0.333409
-0.332366
-0.331135
-0.329626
-0.327744
-0.325403
-0.322527
-0.319061
-0.314971
-0.310243
-0.30489
-0.298945
-0.292455
-0.285483
-0.278098
-0.270371
-0.262378
-0.25419
-0.245874
-0.237495
-0.229113
-0.220785
-0.212567
-0.204511
-0.196675
-0.189114
-0.181872
-0.174998
-0.168549
-0.162608
-0.157294
-0.152706
-0.148893
-0.145933
-0.143906
-0.142884
-0.142922
-0.14405
-0.14627
-0.149552
-0.153826
-0.158908
-0.164581
-0.170704
-0.1771
-0.183547
-0.189786
-0.195618
-0.200951
-0.205631
-0.209454
-0.212487
-0.214915
-0.216885
-0.218529
-0.219993
-0.221472
-0.22307
-0.224793
-0.226548
-0.228153
-0.229469
-0.23049
-0.231095
-0.231018
-0.230082
-0.228175
-0.225226
-0.221228
-0.216248
-0.210418
-0.203916
-0.196978
-0.189904
-0.182919
-0.176168
-0.339749
-0.338513
-0.337307
-0.336139
-0.335016
-0.333938
-0.332898
-0.331874
-0.330836
-0.329738
-0.328523
-0.327127
-0.325481
-0.323515
-0.321168
-0.318384
-0.315125
-0.311364
-0.307094
-0.302323
-0.297072
-0.291376
-0.285277
-0.278821
-0.272058
-0.265038
-0.257809
-0.250417
-0.242907
-0.235324
-0.227711
-0.220114
-0.212582
-0.20518
-0.197953
-0.190961
-0.18427
-0.177938
-0.172046
-0.166728
-0.162142
-0.158364
-0.155454
-0.153502
-0.152585
-0.152754
-0.154031
-0.156394
-0.159783
-0.164091
-0.169067
-0.174457
-0.180102
-0.185784
-0.19127
-0.196314
-0.20075
-0.204572
-0.207661
-0.209821
-0.211232
-0.212196
-0.212926
-0.213614
-0.214457
-0.215659
-0.217386
-0.21967
-0.222398
-0.225274
-0.228016
-0.23058
-0.232785
-0.234231
-0.234631
-0.233791
-0.231578
-0.227946
-0.222952
-0.216751
-0.209567
-0.20173
-0.193614
-0.185508
-0.177644
-0.336596
-0.335323
-0.3341
-0.332926
-0.331797
-0.330703
-0.32963
-0.328555
-0.327446
-0.326265
-0.324965
-0.323496
-0.321807
-0.319847
-0.317572
-0.314945
-0.311939
-0.308537
-0.304735
-0.30054
-0.295968
-0.29104
-0.285784
-0.280228
-0.2744
-0.268326
-0.262033
-0.255543
-0.248879
-0.242068
-0.235138
-0.228121
-0.221061
-0.214019
-0.207044
-0.200195
-0.19356
-0.187222
-0.181259
-0.175809
-0.171086
-0.167241
-0.164315
-0.162406
-0.1616
-0.16195
-0.163471
-0.166124
-0.169812
-0.17438
-0.179506
-0.184881
-0.190295
-0.195478
-0.200167
-0.204122
-0.207205
-0.2095
-0.210922
-0.211273
-0.21085
-0.210114
-0.209358
-0.208852
-0.208895
-0.209694
-0.21147
-0.214297
-0.218098
-0.222488
-0.226948
-0.231367
-0.235563
-0.23895
-0.241067
-0.241598
-0.240313
-0.237107
-0.232026
-0.225259
-0.217098
-0.208005
-0.198441
-0.188787
-0.179397
-0.333388
-0.332082
-0.330848
-0.329677
-0.328556
-0.327469
-0.326397
-0.325313
-0.324187
-0.322985
-0.321668
-0.320198
-0.318537
-0.316649
-0.314505
-0.312082
-0.309364
-0.306343
-0.303021
-0.299405
-0.295506
-0.291339
-0.286917
-0.282252
-0.277353
-0.272225
-0.266867
-0.261278
-0.255453
-0.249396
-0.243116
-0.236632
-0.229981
-0.223222
-0.216405
-0.209583
-0.202864
-0.196374
-0.190197
-0.184444
-0.179384
-0.175294
-0.172243
-0.170321
-0.169626
-0.170225
-0.172129
-0.175273
-0.179513
-0.18463
-0.190231
-0.195937
-0.201458
-0.206417
-0.210472
-0.213388
-0.215074
-0.215755
-0.215386
-0.213696
-0.211123
-0.208348
-0.205774
-0.20377
-0.20274
-0.203008
-0.204788
-0.208179
-0.213198
-0.219463
-0.226133
-0.232824
-0.239467
-0.245295
-0.249607
-0.251911
-0.251823
-0.249136
-0.243883
-0.236298
-0.226771
-0.215932
-0.204387
-0.192638
-0.181207
-0.330078
-0.328753
-0.327521
-0.326369
-0.325276
-0.324223
-0.323184
-0.322131
-0.321033
-0.319858
-0.318575
-0.317153
-0.315566
-0.313792
-0.311814
-0.309621
-0.307211
-0.304585
-0.301752
-0.298721
-0.295505
-0.292111
-0.288545
-0.284803
-0.280874
-0.276738
-0.272365
-0.267722
-0.262774
-0.257492
-0.251854
-0.245852
-0.239508
-0.232904
-0.226086
-0.219091
-0.212058
-0.205179
-0.198601
-0.192446
-0.186894
-0.182329
-0.179091
-0.177103
-0.176496
-0.177419
-0.179877
-0.183773
-0.188893
-0.194923
-0.20139
-0.207805
-0.213801
-0.21891
-0.222619
-0.224643
-0.224837
-0.223611
-0.221052
-0.216972
-0.21187
-0.206627
-0.201797
-0.197896
-0.19546
-0.194995
-0.196729
-0.200753
-0.207144
-0.215641
-0.225209
-0.234858
-0.244661
-0.253665
-0.260805
-0.26538
-0.266828
-0.264792
-0.25927
-0.250521
-0.239109
-0.225853
-0.211593
-0.197037
-0.182922
-0.326628
-0.325299
-0.32409
-0.322978
-0.321941
-0.32095
-0.319977
-0.318989
-0.317956
-0.316847
-0.315632
-0.314291
-0.312804
-0.31116
-0.309357
-0.307395
-0.305284
-0.303037
-0.30067
-0.298201
-0.295643
-0.293004
-0.290283
-0.287464
-0.284519
-0.281407
-0.278063
-0.274412
-0.270385
-0.265919
-0.260965
-0.255488
-0.249463
-0.242949
-0.236001
-0.228673
-0.221155
-0.213671
-0.206435
-0.199779
-0.193397
-0.18786
-0.184321
-0.182304
-0.181788
-0.183131
-0.186376
-0.191397
-0.197871
-0.205333
-0.213213
-0.220892
-0.227812
-0.233394
-0.236984
-0.238164
-0.236868
-0.233715
-0.228601
-0.221373
-0.213142
-0.204822
-0.197117
-0.190762
-0.186481
-0.184927
-0.186452
-0.191213
-0.199264
-0.21033
-0.223415
-0.237003
-0.250853
-0.263967
-0.274889
-0.282503
-0.285971
-0.284741
-0.278774
-0.268411
-0.254416
-0.237905
-0.220024
-0.201815
-0.18425
-0.323015
-0.321708
-0.320548
-0.319508
-0.31856
-0.317671
-0.316804
-0.315924
-0.314996
-0.313989
-0.312878
-0.311644
-0.31028
-0.308785
-0.307167
-0.305443
-0.303633
-0.301765
-0.299867
-0.297965
-0.29608
-0.294223
-0.292387
-0.290541
-0.288644
-0.28664
-0.284414
-0.281842
-0.278813
-0.275208
-0.270938
-0.265945
-0.260219
-0.25381
-0.246676
-0.238804
-0.230454
-0.221952
-0.213616
-0.20576
-0.198436
-0.192148
-0.187651
-0.185207
-0.184833
-0.186736
-0.191047
-0.197659
-0.205981
-0.215412
-0.225387
-0.235075
-0.243603
-0.250182
-0.253997
-0.254559
-0.25208
-0.246593
-0.238015
-0.227133
-0.215169
-0.203067
-0.19178
-0.182311
-0.175661
-0.172636
-0.173642
-0.179012
-0.189008
-0.203087
-0.219998
-0.238589
-0.25764
-0.275904
-0.291651
-0.303291
-0.309542
-0.30953
-0.303035
-0.290517
-0.273072
-0.25229
-0.229715
-0.206822
-0.184861
-0.319211
-0.317959
-0.316884
-0.315959
-0.315147
-0.314408
-0.313698
-0.312976
-0.3122
-0.311338
-0.310364
-0.309265
-0.308041
-0.306703
-0.305272
-0.303778
-0.302258
-0.300754
-0.299309
-0.297965
-0.296755
-0.295699
-0.294794
-0.294006
-0.293268
-0.292475
-0.291481
-0.29012
-0.288216
-0.2856
-0.282117
-0.27763
-0.272074
-0.265425
-0.257679
-0.248952
-0.239488
-0.229615
-0.21977
-0.210435
-0.201986
-0.194557
-0.18881
-0.185659
-0.185196
-0.187675
-0.193371
-0.20243
-0.213384
-0.22531
-0.237977
-0.250548
-0.261589
-0.269818
-0.27434
-0.274671
-0.270529
-0.261936
-0.249509
-0.234507
-0.218058
-0.201392
-0.185839
-0.172594
-0.162855
-0.157789
-0.157969
-0.163855
-0.175958
-0.193529
-0.214607
-0.238642
-0.263917
-0.288371
-0.310007
-0.32667
-0.336487
-0.338159
-0.331262
-0.316072
-0.29431
-0.268253
-0.240004
-0.21148
-0.184305
-0.315186
-0.314019
-0.313071
-0.312309
-0.311688
-0.311159
-0.310668
-0.310162
-0.30959
-0.308913
-0.308105
-0.307154
-0.306069
-0.304872
-0.303597
-0.30229
-0.301004
-0.299796
-0.298729
-0.297865
-0.297258
-0.296947
-0.296942
-0.297207
-0.297654
-0.298138
-0.29847
-0.298422
-0.29775
-0.296212
-0.29358
-0.289653
-0.284295
-0.277459
-0.269144
-0.259453
-0.248669
-0.237196
-0.225486
-0.214092
-0.203684
-0.194709
-0.187765
-0.183567
-0.182629
-0.185475
-0.192548
-0.204148
-0.218376
-0.233698
-0.249965
-0.26628
-0.280623
-0.291284
-0.297054
-0.297221
-0.291613
-0.279988
-0.263686
-0.244224
-0.222971
-0.201367
-0.181024
-0.16356
-0.150369
-0.142509
-0.140919
-0.14671
-0.160619
-0.181561
-0.207181
-0.236738
-0.268444
-0.299675
-0.327991
-0.350567
-0.364722
-0.368578
-0.361291
-0.343233
-0.316788
-0.284893
-0.25029
-0.215168
-0.182499
-0.310954
-0.30991
-0.309134
-0.308588
-0.308218
-0.307965
-0.307758
-0.30753
-0.307215
-0.306762
-0.30614
-0.305342
-0.304383
-0.303294
-0.302127
-0.300945
-0.299817
-0.298816
-0.29802
-0.297512
-0.297379
-0.29769
-0.298484
-0.29973
-0.301319
-0.30307
-0.304742
-0.306042
-0.306651
-0.306251
-0.304542
-0.301264
-0.296227
-0.289307
-0.280467
-0.26979
-0.257541
-0.244162
-0.230249
-0.216513
-0.203811
-0.192996
-0.184722
-0.17949
-0.178034
-0.181572
-0.190283
-0.203215
-0.219727
-0.238445
-0.258405
-0.278366
-0.296358
-0.310027
-0.317539
-0.317509
-0.311223
-0.297553
-0.278149
-0.254606
-0.228804
-0.202731
-0.178075
-0.156777
-0.140564
-0.130588
-0.127512
-0.132534
-0.146744
-0.169464
-0.198241
-0.231697
-0.268676
-0.306037
-0.340582
-0.368879
-0.387639
-0.394292
-0.387164
-0.366686
-0.335871
-0.298707
-0.258699
-0.218638
-0.180569
-0.306577
-0.305718
-0.305185
-0.304929
-0.304886
-0.304983
-0.305135
-0.305248
-0.305237
-0.305034
-0.304602
-0.303937
-0.303065
-0.302032
-0.300899
-0.299745
-0.298668
-0.297759
-0.297106
-0.296808
-0.296977
-0.297717
-0.299121
-0.30118
-0.303752
-0.306623
-0.309498
-0.312026
-0.313826
-0.314515
-0.313719
-0.311105
-0.306431
-0.299524
-0.290283
-0.278807
-0.265455
-0.250759
-0.23544
-0.22022
-0.2058
-0.193053
-0.182829
-0.175622
-0.17221
-0.17473
-0.184241
-0.198897
-0.217429
-0.238671
-0.26124
-0.283385
-0.303777
-0.319686
-0.329146
-0.331111
-0.323919
-0.309719
-0.289489
-0.264632
-0.23676
-0.207917
-0.180357
-0.156147
-0.136759
-0.124169
-0.11945
-0.124475
-0.139051
-0.162543
-0.192731
-0.227913
-0.267222
-0.307754
-0.345698
-0.377573
-0.399231
-0.407518
-0.400782
-0.379353
-0.346458
-0.306476
-0.263695
-0.221282
-0.302211
-0.301577
-0.301368
-0.301508
-0.301913
-0.302492
-0.303134
-0.303715
-0.304117
-0.304253
-0.304075
-0.303582
-0.302809
-0.301834
-0.300714
-0.299513
-0.298321
-0.297247
-0.296403
-0.295916
-0.295912
-0.296549
-0.297969
-0.300191
-0.303102
-0.30647
-0.309972
-0.313216
-0.315795
-0.317334
-0.31744
-0.315707
-0.311867
-0.30573
-0.296889
-0.285213
-0.271127
-0.255263
-0.23849
-0.222044
-0.207303
-0.195079
-0.18565
-0.179147
-0.176666
-0.179541
-0.188046
-0.201425
-0.218736
-0.238702
-0.260124
-0.281698
-0.301325
-0.316803
-0.3262
-0.328052
-0.321909
-0.308801
-0.28968
-0.265977
-0.23935
-0.211617
-0.185041
-0.161729
-0.143482
-0.131597
-0.126995
-0.130962
-0.143775
-0.164926
-0.193059
-0.22669
-0.264257
-0.303628
-0.341343
-0.373203
-0.395257
-0.404197
-0.397971
-0.377576
-0.345871
-0.306744
-0.264194
-0.221122
-0.299332
-0.298813
-0.29876
-0.2991
-0.299748
-0.300602
-0.301531
-0.302385
-0.30302
-0.303335
-0.303281
-0.302862
-0.302116
-0.301123
-0.30001
-0.298914
-0.297846
-0.296798
-0.29589
-0.295291
-0.295177
-0.295724
-0.297077
-0.299267
-0.302171
-0.305497
-0.308865
-0.311875
-0.314131
-0.315271
-0.314986
-0.312976
-0.309057
-0.303271
-0.295178
-0.284819
-0.272189
-0.257828
-0.242634
-0.227547
-0.213512
-0.201822
-0.192828
-0.18648
-0.184164
-0.186751
-0.194269
-0.205904
-0.221004
-0.238583
-0.257296
-0.276144
-0.293129
-0.306493
-0.314698
-0.316572
-0.311579
-0.300072
-0.283186
-0.262217
-0.238728
-0.214454
-0.191174
-0.170425
-0.154254
-0.143662
-0.139093
-0.143537
-0.155034
-0.173444
-0.198058
-0.227701
-0.26077
-0.295364
-0.328765
-0.356826
-0.376284
-0.384159
-0.379241
-0.361328
-0.333224
-0.298143
-0.259396
-0.219707
-0.296855
-0.296636
-0.296863
-0.297492
-0.298449
-0.299633
-0.30089
-0.302022
-0.302859
-0.303298
-0.303311
-0.302936
-0.302249
-0.301367
-0.300438
-0.299509
-0.298577
-0.297683
-0.296922
-0.296414
-0.296294
-0.296709
-0.297771
-0.299504
-0.301792
-0.304405
-0.307045
-0.309372
-0.311025
-0.311657
-0.31094
-0.308602
-0.304481
-0.298294
-0.290459
-0.280698
-0.269208
-0.25646
-0.243214
-0.230264
-0.217655
-0.20781
-0.200413
-0.196037
-0.194574
-0.196438
-0.203094
-0.21245
-0.224809
-0.239246
-0.254687
-0.269972
-0.283653
-0.294288
-0.300564
-0.301476
-0.296935
-0.287486
-0.273352
-0.255656
-0.23584
-0.215493
-0.196176
-0.179382
-0.166541
-0.158725
-0.156903
-0.159866
-0.169228
-0.184458
-0.204949
-0.229714
-0.257397
-0.286155
-0.313523
-0.336495
-0.352182
-0.358132
-0.353179
-0.338629
-0.315142
-0.285179
-0.25149
-0.216598
-0.298398
-0.298136
-0.298242
-0.298673
-0.299367
-0.300245
-0.301192
-0.302067
-0.30273
-0.303077
-0.303068
-0.302719
-0.3021
-0.301274
-0.300389
-0.2995
-0.298651
-0.297899
-0.297319
-0.297005
-0.297039
-0.297544
-0.298548
-0.300043
-0.301928
-0.303999
-0.305998
-0.307636
-0.30861
-0.308621
-0.307398
-0.304713
-0.300412
-0.294409
-0.286706
-0.277401
-0.266761
-0.255238
-0.243417
-0.231929
-0.221382
-0.212729
-0.206366
-0.202672
-0.201772
-0.203951
-0.209379
-0.217498
-0.227943
-0.240052
-0.252948
-0.265575
-0.276744
-0.28531
-0.290147
-0.290509
-0.286338
-0.277795
-0.265381
-0.250099
-0.233182
-0.215993
-0.199894
-0.186155
-0.175884
-0.16998
-0.169195
-0.172223
-0.180459
-0.193566
-0.21099
-0.231907
-0.255169
-0.279126
-0.301676
-0.320461
-0.333088
-0.337355
-0.332887
-0.320169
-0.299835
-0.273795
-0.244385
-0.213801
-0.29884
-0.298496
-0.298533
-0.298894
-0.299507
-0.300273
-0.301087
-0.301838
-0.302409
-0.302703
-0.302681
-0.302366
-0.301798
-0.301108
-0.300336
-0.29954
-0.298785
-0.298134
-0.297671
-0.297483
-0.297671
-0.298232
-0.299212
-0.300585
-0.302249
-0.304022
-0.305673
-0.306941
-0.30754
-0.307193
-0.30564
-0.30266
-0.298094
-0.292021
-0.284399
-0.275351
-0.265162
-0.254269
-0.243221
-0.2326
-0.223019
-0.21514
-0.209423
-0.206207
-0.205711
-0.207937
-0.212947
-0.22042
-0.229929
-0.240883
-0.252489
-0.263753
-0.273603
-0.280983
-0.284937
-0.284824
-0.280489
-0.272315
-0.260735
-0.246662
-0.231251
-0.215754
-0.201368
-0.189242
-0.180371
-0.17547
-0.174943
-0.178545
-0.186561
-0.198781
-0.214744
-0.233813
-0.254913
-0.276435
-0.296465
-0.312862
-0.323506
-0.326702
-0.321693
-0.3095
-0.290608
-0.266605
-0.239544
-0.211423
-0.676033
-0.681478
-0.692885
-0.707946
-0.721735
-0.729243
-0.728845
-0.717098
-0.697059
-0.673812
-0.653926
-0.64387
-0.64933
-0.671597
-0.7101
-0.751883
-0.783557
-0.793007
-0.777182
-0.738395
-0.683115
-0.618241
-0.550451
-0.485528
-0.427988
-0.38001
-0.34056
-0.311021
-0.292603
-0.28308
-0.281164
-0.287242
-0.30263
-0.325678
-0.35461
-0.387414
-0.418778
-0.449301
-0.47288
-0.483094
-0.482622
-0.472071
-0.454059
-0.431594
-0.407375
-0.383678
-0.362134
-0.343789
-0.328843
-0.317425
-0.309916
-0.305909
-0.305618
-0.308526
-0.314605
-0.324001
-0.337022
-0.353735
-0.373947
-0.396798
-0.420348
-0.44267
-0.461578
-0.474973
-0.481453
-0.481448
-0.47487
-0.462904
-0.447122
-0.428954
-0.409775
-0.390796
-0.372805
-0.356486
-0.342023
-0.329108
-0.318594
-0.310752
-0.305045
-0.301347
-0.299652
-0.299995
-0.615767
-0.613089
-0.608995
-0.602633
-0.593289
-0.579565
-0.562091
-0.542598
-0.526414
-0.520498
-0.530641
-0.560879
-0.616055
-0.68973
-0.768401
-0.838729
-0.886308
-0.899769
-0.878315
-0.827987
-0.759003
-0.680557
-0.600332
-0.524232
-0.456368
-0.399134
-0.351964
-0.31731
-0.293399
-0.277203
-0.269106
-0.268385
-0.274641
-0.288713
-0.308892
-0.334718
-0.362146
-0.385813
-0.407688
-0.42274
-0.427108
-0.423139
-0.412256
-0.3967
-0.378865
-0.36075
-0.343952
-0.329591
-0.318332
-0.310107
-0.305144
-0.303474
-0.305323
-0.310306
-0.318715
-0.330679
-0.346284
-0.366522
-0.390149
-0.415689
-0.441731
-0.46592
-0.485655
-0.498743
-0.50417
-0.50209
-0.492926
-0.478161
-0.459512
-0.438617
-0.416954
-0.395801
-0.375965
-0.357781
-0.341034
-0.326818
-0.315709
-0.306886
-0.300128
-0.295387
-0.292601
-0.291763
-0.292896
-0.29598
-0.30089
-0.567421
-0.557562
-0.540473
-0.515815
-0.485568
-0.452346
-0.420655
-0.396589
-0.387182
-0.397973
-0.434434
-0.49907
-0.587672
-0.689689
-0.790511
-0.875734
-0.930328
-0.94348
-0.916952
-0.860843
-0.78595
-0.701955
-0.616864
-0.535868
-0.463955
-0.402294
-0.353091
-0.316035
-0.287555
-0.267327
-0.254638
-0.248359
-0.247948
-0.253563
-0.265958
-0.283284
-0.304878
-0.326085
-0.34393
-0.359506
-0.367973
-0.369312
-0.364693
-0.355596
-0.343948
-0.331536
-0.319782
-0.309747
-0.302121
-0.297366
-0.295786
-0.29732
-0.301338
-0.308496
-0.319225
-0.333526
-0.35131
-0.375932
-0.402053
-0.429944
-0.458137
-0.483671
-0.503737
-0.516022
-0.520205
-0.515933
-0.504265
-0.486947
-0.465806
-0.442649
-0.419088
-0.396315
-0.374848
-0.354487
-0.336732
-0.322451
-0.310628
-0.300986
-0.293433
-0.287836
-0.284109
-0.282221
-0.282167
-0.283927
-0.287406
-0.532893
-0.515124
-0.487257
-0.446567
-0.403011
-0.359684
-0.321893
-0.296754
-0.292925
-0.31678
-0.371446
-0.454252
-0.556794
-0.667036
-0.771644
-0.85824
-0.909855
-0.923418
-0.897594
-0.842596
-0.769317
-0.687428
-0.604412
-0.524642
-0.453618
-0.394033
-0.346684
-0.30805
-0.277846
-0.255518
-0.23982
-0.229669
-0.224347
-0.223615
-0.227948
-0.23842
-0.252917
-0.269117
-0.284822
-0.2984
-0.309278
-0.314633
-0.314947
-0.311319
-0.3052
-0.298056
-0.291158
-0.285481
-0.281706
-0.280384
-0.28193
-0.286318
-0.292776
-0.301966
-0.314669
-0.331312
-0.352621
-0.379316
-0.407712
-0.438136
-0.46799
-0.494308
-0.514231
-0.525436
-0.528016
-0.521667
-0.507811
-0.488392
-0.465404
-0.440759
-0.416
-0.392005
-0.368757
-0.347752
-0.330453
-0.315886
-0.303594
-0.293488
-0.285388
-0.279137
-0.27464
-0.271848
-0.270744
-0.271313
-0.273489
-0.548124
-0.491312
-0.447302
-0.396749
-0.345379
-0.299355
-0.264154
-0.243986
-0.247632
-0.278896
-0.33892
-0.423536
-0.523944
-0.628815
-0.725944
-0.80392
-0.85441
-0.866296
-0.841373
-0.789807
-0.721914
-0.646401
-0.569331
-0.496626
-0.432505
-0.378674
-0.333576
-0.296467
-0.266728
-0.243521
-0.225986
-0.21328
-0.204626
-0.199531
-0.197979
-0.200594
-0.208562
-0.219782
-0.232068
-0.243335
-0.253418
-0.261932
-0.265919
-0.266636
-0.265076
-0.262447
-0.259851
-0.258143
-0.257972
-0.259844
-0.26414
-0.270937
-0.279874
-0.290979
-0.305725
-0.325886
-0.350803
-0.376261
-0.406875
-0.439305
-0.470138
-0.496605
-0.515746
-0.526005
-0.526766
-0.518584
-0.503079
-0.482294
-0.458309
-0.432989
-0.40761
-0.382519
-0.358933
-0.338931
-0.322005
-0.307413
-0.295068
-0.284795
-0.27639
-0.269701
-0.264622
-0.261091
-0.259084
-0.258596
-0.259592
)
;

boundaryField
{
    inlet
    {
        type            zeroGradient;
    }
    outlet
    {
        type            fixedValue;
        value           nonuniform List<scalar> 0();
    }
    topWall
    {
        type            zeroGradient;
    }
    lowerWall
    {
        type            zeroGradient;
    }
    leadingEdge
    {
        type            zeroGradient;
    }
    trailingEdge
    {
        type            zeroGradient;
    }
    upperSurface
    {
        type            zeroGradient;
    }
    lowerSurface
    {
        type            zeroGradient;
    }
    frontAndBack
    {
        type            empty;
    }
    procBoundary5to1
    {
        type            processor;
        value           nonuniform List<scalar> 
86
(
-0.741778
-0.756916
-0.784785
-0.821872
-0.85895
-0.884569
-0.905978
-0.902942
-0.876846
-0.833167
-0.780704
-0.728903
-0.684088
-0.650531
-0.635263
-0.635838
-0.64292
-0.644108
-0.631536
-0.604813
-0.565479
-0.51831
-0.468121
-0.419491
-0.376169
-0.340245
-0.312675
-0.293294
-0.282771
-0.281519
-0.287642
-0.303094
-0.327759
-0.360722
-0.396624
-0.436433
-0.478001
-0.511624
-0.530777
-0.536758
-0.529727
-0.51179
-0.486476
-0.457297
-0.427346
-0.398886
-0.373313
-0.351481
-0.333423
-0.319953
-0.310567
-0.305019
-0.302596
-0.303398
-0.307276
-0.314237
-0.324564
-0.338206
-0.354921
-0.374499
-0.395444
-0.415638
-0.433267
-0.446498
-0.453937
-0.45556
-0.451433
-0.442339
-0.429554
-0.41435
-0.398023
-0.381573
-0.365871
-0.351555
-0.338976
-0.328336
-0.319283
-0.31236
-0.307838
-0.305346
-0.304852
-0.306463
-0.30244
-0.30244
-0.306983
-0.313461
)
;
    }
    procBoundary5to4
    {
        type            processor;
        value           nonuniform List<scalar> 
30
(
-0.815534
-0.806022
-0.780906
-0.762144
-0.729539
-0.753255
-0.76347
-0.766574
-0.76009
-0.747869
-0.731719
-0.713382
-0.693966
-0.67412
-0.654416
-0.635179
-0.616645
-0.598967
-0.582266
-0.566583
-0.551969
-0.538412
-0.525946
-0.514536
-0.504128
-0.494906
-0.486588
-0.479888
-0.474425
-0.472527
)
;
    }
    procBoundary5to6
    {
        type            processor;
        value           nonuniform List<scalar> 
35
(
-0.247365
-0.233679
-0.22115
-0.209965
-0.200272
-0.192097
-0.185416
-0.180125
-0.176084
-0.173159
-0.171193
-0.170017
-0.169509
-0.169503
-0.169837
-0.170284
-0.17063
-0.170578
-0.169885
-0.168105
-0.164769
-0.159433
-0.152773
-0.145734
-0.179854
-0.179854
-0.179304
-0.181192
-0.182699
-0.18405
-0.184056
-0.307367
-0.292385
-0.277103
-0.261957
)
;
    }
}


// ************************************************************************* //
