/*--------------------------------*- C++ -*----------------------------------*\
| =========                 |                                                 |
| \\      /  F ield         | OpenFOAM: The Open Source CFD Toolbox           |
|  \\    /   O peration     | Version:  2206                                  |
|   \\  /    A nd           | Website:  www.openfoam.com                      |
|    \\/     M anipulation  |                                                 |
\*---------------------------------------------------------------------------*/
FoamFile
{
    version     2.0;
    format      ascii;
    arch        "LSB;label=32;scalar=64";
    class       volVectorField;
    location    "18.9";
    object      ddt0(U);
}
// * * * * * * * * * * * * * * * * * * * * * * * * * * * * * * * * * * * * * //

dimensions      [0 1 -2 0 0 0 0];

internalField   nonuniform List<vector> 
3080
(
(-13.4836 -36.0325 0)
(-15.1004 -30.1279 0)
(-16.267 -23.9245 0)
(-17.0779 -17.5505 0)
(-17.875 -10.9201 0)
(-18.7485 -3.73174 0)
(-19.133 3.82611 0)
(-19.4057 11.4302 0)
(-19.3626 18.9068 0)
(-19.0524 26.0612 0)
(-18.5694 32.7806 0)
(-17.9461 38.98 0)
(-17.1944 44.5631 0)
(-16.3008 49.3885 0)
(-15.1838 53.1846 0)
(-13.5964 55.3964 0)
(-11.3652 55.3813 0)
(-8.77696 53.7476 0)
(-5.85482 50.551 0)
(-2.52281 46.2447 0)
(0.691545 41.3298 0)
(4.13487 35.6928 0)
(7.16949 29.4156 0)
(10.2133 22.9547 0)
(13.3712 16.4087 0)
(16.6707 9.68734 0)
(19.2722 3.23474 0)
(21.369 -2.40915 0)
(22.6993 -7.4154 0)
(23.2251 -11.86 0)
(22.9995 -15.8597 0)
(22.112 -19.5661 0)
(20.698 -23.1038 0)
(18.8885 -26.5285 0)
(16.7833 -29.8293 0)
(14.4524 -32.947 0)
(11.9425 -35.782 0)
(9.28711 -38.1974 0)
(6.52074 -40.0085 0)
(3.69944 -40.9084 0)
(0.923505 -40.7262 0)
(-1.72594 -39.6795 0)
(-4.20118 -37.7784 0)
(-6.44309 -35.0774 0)
(-8.39567 -31.6763 0)
(-10.0197 -27.7143 0)
(-11.3022 -23.354 0)
(-12.2563 -18.7499 0)
(-12.9391 -14.0037 0)
(-13.5716 -9.0817 0)
(-14.3067 -3.77524 0)
(-14.6523 1.85821 0)
(-14.9096 7.54394 0)
(-14.9269 13.1754 0)
(-14.7016 18.5963 0)
(-14.2987 23.6939 0)
(-13.7453 28.381 0)
(-13.0503 32.5669 0)
(-12.2077 36.142 0)
(-11.1785 38.9427 0)
(-9.8369 40.6846 0)
(-8.05356 40.9134 0)
(-6.04538 40.1084 0)
(-3.87776 38.3613 0)
(-1.4157 35.7943 0)
(0.733903 32.3637 0)
(3.42431 28.2932 0)
(5.7312 23.9463 0)
(7.95379 19.4186 0)
(10.1217 14.7394 0)
(12.3315 9.94104 0)
(14.27 5.10906 0)
(15.6967 0.621444 0)
(16.6953 -3.49746 0)
(17.138 -7.33042 0)
(17.0401 -10.8909 0)
(16.4562 -14.2122 0)
(15.4685 -17.3321 0)
(14.1657 -20.269 0)
(12.6217 -23.0079 0)
(10.8942 -25.5091 0)
(9.0259 -27.7136 0)
(7.04844 -29.5408 0)
(4.99039 -30.8734 0)
(2.89109 -31.4876 0)
(0.825227 -31.3119 0)
(-1.15092 -30.5053 0)
(-3.00595 -29.0784 0)
(-4.69864 -27.0714 0)
(-6.19002 -24.554 0)
(-7.45199 -21.6222 0)
(-8.47274 -18.3875 0)
(-9.2576 -14.9587 0)
(-9.83427 -11.4144 0)
(-10.3298 -7.75521 0)
(-10.9089 -3.84849 0)
(-11.2455 0.329203 0)
(-11.4666 4.54982 0)
(-11.5287 8.75895 0)
(-11.3806 12.8394 0)
(-11.0628 16.6901 0)
(-10.599 20.2384 0)
(-9.99937 23.4153 0)
(-9.27017 26.1498 0)
(-8.40018 28.3494 0)
(-7.33323 29.862 0)
(-5.97465 30.3977 0)
(-4.4149 30.0892 0)
(-2.73392 29.1079 0)
(-0.938998 27.5027 0)
(0.916608 25.3178 0)
(2.7353 22.658 0)
(4.45381 19.678 0)
(6.05708 16.4805 0)
(7.54599 13.1252 0)
(8.96924 9.65875 0)
(10.3436 6.10069 0)
(11.4048 2.56364 0)
(12.1359 -0.789402 0)
(12.607 -3.95511 0)
(12.5405 -7.22777 0)
(12.513 -9.71432 0)
(11.339 -13.8049 0)
(-14.8378 -34.0119 0)
(-16.7885 -28.5497 0)
(-18.3185 -22.7057 0)
(-19.5598 -16.5495 0)
(-20.7792 -9.99271 0)
(-21.802 -2.95718 0)
(-22.392 4.28125 0)
(-22.7895 11.5734 0)
(-22.8351 18.7649 0)
(-22.5817 25.6796 0)
(-22.0911 32.2011 0)
(-21.3859 38.2267 0)
(-20.4666 43.6292 0)
(-19.2915 48.206 0)
(-17.7048 51.5858 0)
(-15.3602 53.0493 0)
(-12.3773 52.5933 0)
(-9.0981 50.6149 0)
(-5.24898 47.2332 0)
(-1.5903 42.8581 0)
(1.19307 37.8171 0)
(6.15025 32.0552 0)
(9.60491 25.9093 0)
(13.4159 19.5591 0)
(17.3934 12.9961 0)
(20.6113 6.53323 0)
(23.2576 0.916521 0)
(25.081 -3.96216 0)
(26.0267 -8.16863 0)
(26.1509 -11.8218 0)
(25.5184 -15.1136 0)
(24.246 -18.234 0)
(22.4902 -21.3248 0)
(20.3865 -24.4253 0)
(18.0234 -27.4832 0)
(15.457 -30.4055 0)
(12.7215 -33.079 0)
(9.84474 -35.3658 0)
(6.86091 -37.092 0)
(3.82939 -37.9924 0)
(0.848164 -37.9025 0)
(-2.00285 -37.0043 0)
(-4.67685 -35.3096 0)
(-7.11696 -32.8698 0)
(-9.27265 -29.7747 0)
(-11.1124 -26.1431 0)
(-12.6292 -22.1045 0)
(-13.8413 -17.7707 0)
(-14.827 -13.1976 0)
(-15.7676 -8.33999 0)
(-16.6095 -3.13524 0)
(-17.103 2.2551 0)
(-17.4464 7.69795 0)
(-17.5185 13.0921 0)
(-17.3349 18.2963 0)
(-16.9356 23.202 0)
(-16.3356 27.7125 0)
(-15.538 31.7221 0)
(-14.5245 35.095 0)
(-13.2165 37.6183 0)
(-11.4151 38.886 0)
(-9.15583 38.8175 0)
(-6.64057 37.7603 0)
(-3.90368 35.8079 0)
(-0.965953 33.075 0)
(2.04207 29.618 0)
(4.95307 25.6515 0)
(7.71125 21.4213 0)
(10.3884 16.9916 0)
(13.0617 12.3993 0)
(15.4611 7.75315 0)
(17.2862 3.40923 0)
(18.6284 -0.506131 0)
(19.3757 -4.08647 0)
(19.5367 -7.36089 0)
(19.149 -10.3979 0)
(18.2759 -13.2764 0)
(17.011 -16.0461 0)
(15.45 -18.7165 0)
(13.6687 -21.2528 0)
(11.7207 -23.5984 0)
(9.6438 -25.6826 0)
(7.46465 -27.418 0)
(5.21243 -28.6915 0)
(2.92973 -29.3109 0)
(0.691904 -29.2003 0)
(-1.44724 -28.4983 0)
(-3.45947 -27.2172 0)
(-5.30521 -25.3953 0)
(-6.9485 -23.0954 0)
(-8.36598 -20.3994 0)
(-9.5508 -17.3978 0)
(-10.5133 -14.1712 0)
(-11.2962 -10.7668 0)
(-12.0157 -7.16923 0)
(-12.7057 -3.32954 0)
(-13.1083 0.670554 0)
(-13.3969 4.70337 0)
(-13.4842 8.71958 0)
(-13.3577 12.6132 0)
(-13.0433 16.2928 0)
(-12.5517 19.683 0)
(-11.8849 22.706 0)
(-11.0337 25.2724 0)
(-9.95961 27.2642 0)
(-8.55738 28.4827 0)
(-6.79552 28.7291 0)
(-4.84665 28.2736 0)
(-2.76342 27.1728 0)
(-0.588854 25.4943 0)
(1.60915 23.3127 0)
(3.75385 20.7286 0)
(5.79305 17.8504 0)
(7.71532 14.761 0)
(9.54591 11.5133 0)
(11.2665 8.16432 0)
(12.6566 4.8274 0)
(13.6646 1.67908 0)
(14.2951 -1.30332 0)
(14.5975 -4.10416 0)
(14.2955 -6.98745 0)
(14.11 -9.17626 0)
(12.5998 -12.8971 0)
(-16.0991 -31.6643 0)
(-18.3847 -26.6197 0)
(-20.2863 -21.1058 0)
(-21.9432 -15.1579 0)
(-23.4935 -8.76598 0)
(-24.6129 -2.01646 0)
(-25.4211 4.86686 0)
(-25.9198 11.8248 0)
(-26.0453 18.6949 0)
(-25.8417 25.3206 0)
(-25.3431 31.5817 0)
(-24.5599 37.3514 0)
(-23.4738 42.4585 0)
(-21.993 46.6224 0)
(-19.8356 49.3377 0)
(-16.7448 49.9731 0)
(-13.1198 49.0682 0)
(-9.19048 46.7806 0)
(-4.33589 43.4482 0)
(-1.03754 38.9726 0)
(3.89469 33.6481 0)
(8.46426 27.7515 0)
(12.7507 21.7905 0)
(17.3722 15.5173 0)
(21.291 9.15577 0)
(24.5418 3.61472 0)
(26.8901 -1.14312 0)
(28.2731 -5.15734 0)
(28.7517 -8.50421 0)
(28.4011 -11.3608 0)
(27.3006 -13.9488 0)
(25.6963 -16.5444 0)
(23.6872 -19.2591 0)
(21.3413 -22.0586 0)
(18.7818 -24.8982 0)
(16.044 -27.6513 0)
(13.149 -30.1785 0)
(10.1213 -32.3444 0)
(6.98962 -33.9897 0)
(3.80993 -34.8937 0)
(0.675184 -34.8958 0)
(-2.3356 -34.1467 0)
(-5.17591 -32.6589 0)
(-7.79006 -30.4777 0)
(-10.1312 -27.6789 0)
(-12.1733 -24.358 0)
(-13.9133 -20.6128 0)
(-15.3787 -16.5189 0)
(-16.6599 -12.1086 0)
(-17.8532 -7.37494 0)
(-18.7685 -2.3722 0)
(-19.4089 2.74377 0)
(-19.8279 7.92484 0)
(-19.9564 13.0588 0)
(-19.8142 18.0168 0)
(-19.4216 22.6933 0)
(-18.7827 26.981 0)
(-17.8835 30.7492 0)
(-16.6613 33.8164 0)
(-14.9374 35.8904 0)
(-12.5447 36.5477 0)
(-9.76234 36.171 0)
(-6.68705 34.8457 0)
(-3.38929 32.6952 0)
(0.0359944 29.8501 0)
(3.45865 26.433 0)
(6.77285 22.5919 0)
(9.9932 18.4715 0)
(13.1847 14.1587 0)
(16.0603 9.74711 0)
(18.3419 5.60499 0)
(20.0726 1.90753 0)
(21.1506 -1.42402 0)
(21.6003 -4.41271 0)
(21.457 -7.1149 0)
(20.7688 -9.63281 0)
(19.6199 -12.0747 0)
(18.1148 -14.5039 0)
(16.3467 -16.9234 0)
(14.3827 -19.2793 0)
(12.2645 -21.4868 0)
(10.0247 -23.4603 0)
(7.6914 -25.1121 0)
(5.28998 -26.336 0)
(2.86935 -26.9737 0)
(0.499246 -26.9392 0)
(-1.77284 -26.35 0)
(-3.91546 -25.2193 0)
(-5.89117 -23.582 0)
(-7.66968 -21.4928 0)
(-9.23357 -19.0198 0)
(-10.5801 -16.2331 0)
(-11.7253 -13.1893 0)
(-12.7203 -9.91619 0)
(-13.6379 -6.41391 0)
(-14.3894 -2.71714 0)
(-14.8907 1.07043 0)
(-15.2361 4.90213 0)
(-15.3578 8.7117 0)
(-15.2589 12.4007 0)
(-14.9491 15.8836 0)
(-14.4259 19.0779 0)
(-13.677 21.8929 0)
(-12.6643 24.2178 0)
(-11.2951 25.9047 0)
(-9.45021 26.6608 0)
(-7.30799 26.6902 0)
(-4.97323 26.0645 0)
(-2.50559 24.8522 0)
(0.0275822 23.1285 0)
(2.55175 20.9726 0)
(5.00333 18.4677 0)
(7.35534 15.6957 0)
(9.61271 12.7314 0)
(11.7146 9.64443 0)
(13.4374 6.55056 0)
(14.7556 3.64137 0)
(15.6686 0.919128 0)
(16.1336 -1.66635 0)
(16.2366 -4.05291 0)
(15.7085 -6.53901 0)
(15.3664 -8.42681 0)
(13.5638 -11.7858 0)
(-17.3108 -29.0148 0)
(-19.9033 -24.3369 0)
(-22.1738 -19.1296 0)
(-24.2131 -13.4326 0)
(-25.9496 -7.31591 0)
(-27.2175 -0.944453 0)
(-28.1877 5.57867 0)
(-28.7764 12.1747 0)
(-28.9778 18.6872 0)
(-28.8178 24.9778 0)
(-28.3115 30.9177 0)
(-27.4526 36.3512 0)
(-26.1801 41.0459 0)
(-24.2824 44.6101 0)
(-21.3453 46.2935 0)
(-17.6132 46.3187 0)
(-13.3241 44.9157 0)
(-8.67191 42.2944 0)
(-3.67424 38.7625 0)
(1.53455 34.2063 0)
(6.59228 28.8018 0)
(11.5843 23.1042 0)
(16.7284 17.1525 0)
(21.2924 11.0142 0)
(25.1898 5.61598 0)
(28.0892 1.01685 0)
(29.9249 -2.78794 0)
(30.7617 -5.84028 0)
(30.6247 -8.27972 0)
(29.6943 -10.3707 0)
(28.2687 -12.4255 0)
(26.4284 -14.604 0)
(24.254 -16.9791 0)
(21.8069 -19.5491 0)
(19.1187 -22.1889 0)
(16.2611 -24.7649 0)
(13.2745 -27.1589 0)
(10.1518 -29.2096 0)
(6.92261 -30.7728 0)
(3.64456 -31.676 0)
(0.407716 -31.7613 0)
(-2.71157 -31.1491 0)
(-5.67361 -29.8528 0)
(-8.42938 -27.9122 0)
(-10.9387 -25.3884 0)
(-13.181 -22.354 0)
(-15.1563 -18.8771 0)
(-16.8949 -15.0075 0)
(-18.4547 -10.7788 0)
(-19.8093 -6.24867 0)
(-20.7999 -1.51987 0)
(-21.5672 3.32152 0)
(-22.0531 8.22729 0)
(-22.2414 13.0791 0)
(-22.142 17.7629 0)
(-21.7555 22.1696 0)
(-21.0653 26.1706 0)
(-20.0092 29.5936 0)
(-18.4212 32.187 0)
(-16.0373 33.4736 0)
(-13.1025 33.7027 0)
(-9.77457 32.9684 0)
(-6.15536 31.3895 0)
(-2.36139 29.0937 0)
(1.48223 26.2038 0)
(5.27303 22.8357 0)
(9.01185 19.1109 0)
(12.725 15.1266 0)
(16.0546 10.9834 0)
(18.8269 7.13245 0)
(20.9677 3.70345 0)
(22.3905 0.648263 0)
(23.1287 -2.03884 0)
(23.2258 -4.39843 0)
(22.676 -6.51598 0)
(21.7058 -8.56041 0)
(20.3759 -10.6344 0)
(18.7522 -12.7878 0)
(16.8822 -14.9994 0)
(14.7905 -17.1656 0)
(12.5708 -19.2389 0)
(10.2377 -21.1149 0)
(7.80607 -22.6882 0)
(5.30495 -23.8625 0)
(2.78267 -24.5152 0)
(0.305629 -24.5567 0)
(-2.07604 -24.0785 0)
(-4.33479 -23.0946 0)
(-6.43707 -21.6365 0)
(-8.3548 -19.7493 0)
(-10.0737 -17.4855 0)
(-11.5942 -14.8951 0)
(-12.9356 -12.0171 0)
(-14.1371 -8.88196 0)
(-15.2008 -5.53356 0)
(-15.9825 -2.03717 0)
(-16.5894 1.53388 0)
(-16.9864 5.15555 0)
(-17.1492 8.74385 0)
(-17.0772 12.2079 0)
(-16.763 15.4605 0)
(-16.1873 18.4071 0)
(-15.307 20.9411 0)
(-14.0199 22.9119 0)
(-12.1741 24.045 0)
(-9.92786 24.4734 0)
(-7.41136 24.2632 0)
(-4.70408 23.473 0)
(-1.88667 22.173 0)
(0.958946 20.4325 0)
(3.76465 18.3188 0)
(6.50387 15.9057 0)
(9.17259 13.2705 0)
(11.6444 10.4736 0)
(13.7073 7.6706 0)
(15.366 5.05824 0)
(16.5531 2.60637 0)
(17.28 0.312854 0)
(17.5349 -1.84566 0)
(17.418 -3.79071 0)
(16.6742 -5.88367 0)
(16.195 -7.48466 0)
(14.1867 -10.5048 0)
(-18.5318 -26.0898 0)
(-21.4086 -21.7296 0)
(-24.0014 -16.8205 0)
(-26.2955 -11.4422 0)
(-28.1117 -5.70832 0)
(-29.5807 0.258537 0)
(-30.6661 6.40652 0)
(-31.3441 12.6116 0)
(-31.62 18.7366 0)
(-31.5024 24.6521 0)
(-30.9866 30.2103 0)
(-30.0187 35.2051 0)
(-28.4086 39.2975 0)
(-25.7162 41.8077 0)
(-21.9844 42.6087 0)
(-17.5356 41.9796 0)
(-12.5276 40.0758 0)
(-7.13856 37.1157 0)
(-1.5293 33.2917 0)
(4.0983 28.7027 0)
(9.76668 23.5389 0)
(15.5513 17.8851 0)
(20.7189 12.0019 0)
(25.2056 6.83853 0)
(28.6372 2.45939 0)
(30.9083 -1.08767 0)
(32.0901 -3.81661 0)
(32.1903 -5.85009 0)
(31.4476 -7.47356 0)
(30.1789 -9.01682 0)
(28.4956 -10.6673 0)
(26.4993 -12.5206 0)
(24.2423 -14.6127 0)
(21.7497 -16.9274 0)
(19.0448 -19.3888 0)
(16.1437 -21.8202 0)
(13.0993 -24.0617 0)
(9.93977 -25.9985 0)
(6.66604 -27.4795 0)
(3.332 -28.3768 0)
(0.0299318 -28.5435 0)
(-3.16372 -28.0586 0)
(-6.2179 -26.9382 0)
(-9.09162 -25.211 0)
(-11.7504 -22.9235 0)
(-14.1772 -20.1298 0)
(-16.3738 -16.8828 0)
(-18.3602 -13.2339 0)
(-20.1277 -9.24448 0)
(-21.5389 -4.99195 0)
(-22.6982 -0.57735 0)
(-23.5693 3.98086 0)
(-24.1314 8.59423 0)
(-24.3818 13.1491 0)
(-24.315 17.5301 0)
(-23.9062 21.6108 0)
(-23.0867 25.229 0)
(-21.6807 28.1266 0)
(-19.3802 29.8383 0)
(-16.4066 30.5358 0)
(-12.9245 30.2997 0)
(-9.0623 29.2246 0)
(-4.96393 27.437 0)
(-0.776003 25.0498 0)
(3.39456 22.1659 0)
(7.5673 18.8957 0)
(11.7487 15.2905 0)
(15.4867 11.4407 0)
(18.7188 7.93103 0)
(21.2511 4.81771 0)
(23.0155 2.08831 0)
(24.0479 -0.255875 0)
(24.3711 -2.2463 0)
(24.0121 -3.9731 0)
(23.2241 -5.62251 0)
(22.0785 -7.31786 0)
(20.6426 -9.10457 0)
(18.959 -10.9945 0)
(17.0529 -12.9754 0)
(14.9498 -14.9951 0)
(12.6709 -16.9326 0)
(10.2718 -18.6883 0)
(7.7865 -20.1824 0)
(5.22553 -21.3073 0)
(2.63345 -21.9726 0)
(0.0779773 -22.0814 0)
(-2.38726 -21.7069 0)
(-4.74052 -20.8594 0)
(-6.95345 -19.5635 0)
(-9.0027 -17.8548 0)
(-10.8768 -15.7733 0)
(-12.5765 -13.3579 0)
(-14.1133 -10.6483 0)
(-15.4824 -7.69242 0)
(-16.5966 -4.5483 0)
(-17.5043 -1.29078 0)
(-18.2003 2.06364 0)
(-18.6576 5.45672 0)
(-18.8648 8.8025 0)
(-18.8068 12.0125 0)
(-18.4556 14.9902 0)
(-17.75 17.6238 0)
(-16.5789 19.7443 0)
(-14.7611 21.0742 0)
(-12.4971 21.7898 0)
(-9.87679 21.9066 0)
(-7.00204 21.4672 0)
(-3.97011 20.5401 0)
(-0.876487 19.1839 0)
(2.20528 17.4544 0)
(5.25876 15.4161 0)
(8.27759 13.1214 0)
(11.0536 10.6046 0)
(13.4704 8.14772 0)
(15.4512 5.86216 0)
(16.9131 3.7321 0)
(17.9024 1.74432 0)
(18.36 -0.063179 0)
(18.3503 -1.76241 0)
(18.0458 -3.31315 0)
(17.1567 -5.06979 0)
(16.6044 -6.42806 0)
(14.5025 -9.13421 0)
(-19.8053 -22.9302 0)
(-22.9253 -18.8873 0)
(-25.7009 -14.3002 0)
(-28.0574 -9.29065 0)
(-30.0572 -3.98192 0)
(-31.6636 1.59116 0)
(-32.8536 7.33792 0)
(-33.6255 13.1295 0)
(-33.9758 18.8438 0)
(-33.8944 24.3411 0)
(-33.3203 29.4271 0)
(-32.0538 33.7837 0)
(-29.6252 36.7644 0)
(-25.9829 38.1344 0)
(-21.459 38.1382 0)
(-16.2194 36.8614 0)
(-10.5029 34.5254 0)
(-4.54644 31.3165 0)
(1.45464 27.3839 0)
(7.59639 22.868 0)
(13.92 17.6675 0)
(19.6557 12.1225 0)
(24.6434 7.26772 0)
(28.508 3.18678 0)
(31.1464 -0.0530992 0)
(32.6209 -2.43621 0)
(32.9487 -4.06916 0)
(32.3731 -5.22914 0)
(31.2687 -6.26951 0)
(29.7641 -7.41034 0)
(27.9654 -8.75776 0)
(25.9327 -10.3629 0)
(23.6886 -12.2323 0)
(21.2351 -14.3287 0)
(18.5704 -16.5753 0)
(15.7092 -18.8504 0)
(12.6749 -20.9641 0)
(9.51653 -22.7698 0)
(6.25237 -24.1641 0)
(2.90412 -25.0306 0)
(-0.441566 -25.2836 0)
(-3.6991 -24.8938 0)
(-6.83067 -23.916 0)
(-9.80913 -22.3699 0)
(-12.6103 -20.2911 0)
(-15.2157 -17.7222 0)
(-17.6089 -14.7078 0)
(-19.7419 -11.2949 0)
(-21.5695 -7.57639 0)
(-23.1337 -3.63919 0)
(-24.409 0.494183 0)
(-25.3816 4.75316 0)
(-26.0356 9.04334 0)
(-26.3474 13.2612 0)
(-26.2764 17.2843 0)
(-25.7333 20.9437 0)
(-24.5322 23.9624 0)
(-22.3231 25.8759 0)
(-19.3934 26.8912 0)
(-15.8469 27.028 0)
(-11.8314 26.3566 0)
(-7.51815 25.0086 0)
(-3.07859 23.0885 0)
(1.36613 20.6824 0)
(5.8566 17.8762 0)
(10.364 14.6386 0)
(14.4714 11.1666 0)
(18.0588 8.02086 0)
(20.9039 5.24823 0)
(22.9516 2.87599 0)
(24.237 0.907246 0)
(24.8007 -0.69461 0)
(24.6447 -2.02303 0)
(24.0677 -3.27041 0)
(23.1328 -4.57107 0)
(21.9113 -5.98214 0)
(20.4507 -7.52464 0)
(18.775 -9.19611 0)
(16.8947 -10.9674 0)
(14.8172 -12.7875 0)
(12.5597 -14.5852 0)
(10.1518 -16.2418 0)
(7.63884 -17.6371 0)
(5.0603 -18.7075 0)
(2.43215 -19.3636 0)
(-0.186504 -19.5469 0)
(-2.73214 -19.2532 0)
(-5.17557 -18.5202 0)
(-7.49643 -17.3653 0)
(-9.67779 -15.8164 0)
(-11.7065 -13.9062 0)
(-13.5695 -11.6685 0)
(-15.2313 -9.1386 0)
(-16.6634 -6.38644 0)
(-17.8937 -3.48143 0)
(-18.9022 -0.441702 0)
(-19.6745 2.68349 0)
(-20.1909 5.82191 0)
(-20.4237 8.89279 0)
(-20.3312 11.8004 0)
(-19.8317 14.4135 0)
(-18.7663 16.5212 0)
(-17.0259 17.9519 0)
(-14.7952 18.8267 0)
(-12.1456 19.1566 0)
(-9.17919 18.9794 0)
(-6.01173 18.3555 0)
(-2.75677 17.3404 0)
(0.503364 15.9726 0)
(3.76807 14.3003 0)
(7.02534 12.3295 0)
(10.0393 10.1171 0)
(12.7282 8.00851 0)
(14.9545 6.05272 0)
(16.6663 4.25662 0)
(17.8528 2.63075 0)
(18.5905 1.15513 0)
(18.7559 -0.168294 0)
(18.588 -1.47733 0)
(18.1715 -2.71697 0)
(17.216 -4.18921 0)
(16.6348 -5.3308 0)
(14.519 -7.7271 0)
(-21.0665 -19.5779 0)
(-24.2717 -15.842 0)
(-27.1361 -11.6433 0)
(-29.6343 -7.04859 0)
(-31.7501 -2.12015 0)
(-33.4687 3.0528 0)
(-34.7705 8.3734 0)
(-35.6369 13.7328 0)
(-36.0411 19.0003 0)
(-35.9025 23.995 0)
(-34.9893 28.3798 0)
(-32.7743 31.5023 0)
(-29.2736 33.2082 0)
(-24.7523 33.6407 0)
(-19.3809 32.843 0)
(-13.4448 31.0261 0)
(-7.23557 28.3797 0)
(-0.969313 25.0544 0)
(5.50882 21.1892 0)
(12.1964 16.4983 0)
(18.3233 11.4138 0)
(23.6581 6.95998 0)
(27.7922 3.24064 0)
(30.6471 0.362752 0)
(32.2944 -1.64534 0)
(32.7655 -2.87748 0)
(32.3216 -3.60086 0)
(31.3802 -4.1828 0)
(30.0646 -4.84986 0)
(28.4837 -5.71393 0)
(26.7005 -6.83903 0)
(24.7402 -8.24822 0)
(22.6022 -9.9234 0)
(20.2697 -11.8155 0)
(17.7231 -13.8505 0)
(14.9584 -15.9248 0)
(12.0013 -17.8958 0)
(8.89033 -19.5784 0)
(5.66901 -20.8589 0)
(2.35425 -21.6666 0)
(-0.996911 -21.9439 0)
(-4.30681 -21.6664 0)
(-7.52029 -20.8263 0)
(-10.6 -19.4356 0)
(-13.5105 -17.5254 0)
(-16.2214 -15.145 0)
(-18.7077 -12.3603 0)
(-20.9456 -9.23852 0)
(-22.9114 -5.82679 0)
(-24.5901 -2.16821 0)
(-25.9691 1.67103 0)
(-27.0276 5.61083 0)
(-27.7303 9.55848 0)
(-28.0159 13.3917 0)
(-27.7617 16.9271 0)
(-26.7191 19.847 0)
(-24.6364 21.821 0)
(-21.7787 22.9883 0)
(-18.2303 23.3527 0)
(-14.1423 22.9739 0)
(-9.71163 21.9694 0)
(-5.13906 20.4515 0)
(-0.551471 18.4949 0)
(4.12888 16.1609 0)
(8.8344 13.3068 0)
(13.153 10.2305 0)
(16.9394 7.47283 0)
(19.9638 5.06585 0)
(22.1839 3.06503 0)
(23.6363 1.479 0)
(24.3836 0.26135 0)
(24.4331 -0.684947 0)
(24.0633 -1.53743 0)
(23.3574 -2.44196 0)
(22.3792 -3.46562 0)
(21.1759 -4.63979 0)
(19.7722 -5.97259 0)
(18.1768 -7.44622 0)
(16.3881 -9.02176 0)
(14.4002 -10.6467 0)
(12.2153 -12.2597 0)
(9.85565 -13.7821 0)
(7.36624 -15.101 0)
(4.79215 -16.0911 0)
(2.16679 -16.7111 0)
(-0.483497 -16.9218 0)
(-3.10174 -16.7176 0)
(-5.64117 -16.097 0)
(-8.07126 -15.0679 0)
(-10.3659 -13.6541 0)
(-12.5021 -11.8937 0)
(-14.4612 -9.83562 0)
(-16.2252 -7.52893 0)
(-17.7761 -5.0113 0)
(-19.1009 -2.32094 0)
(-20.1851 0.488811 0)
(-21.0037 3.35586 0)
(-21.5172 6.20756 0)
(-21.6665 8.94844 0)
(-21.3518 11.4251 0)
(-20.3597 13.403 0)
(-18.7311 14.8346 0)
(-16.5691 15.7613 0)
(-13.9453 16.1925 0)
(-10.9654 16.1739 0)
(-7.75337 15.7692 0)
(-4.43772 15.0361 0)
(-1.1101 13.9985 0)
(2.24253 12.6765 0)
(5.60472 11.0134 0)
(8.74933 9.12412 0)
(11.5713 7.34481 0)
(13.9296 5.70646 0)
(15.7823 4.2397 0)
(17.1397 2.95691 0)
(18.0089 1.83432 0)
(18.4605 0.825687 0)
(18.4757 -0.103669 0)
(18.2046 -1.09298 0)
(17.7448 -2.06757 0)
(16.7984 -3.28532 0)
(16.2355 -4.23504 0)
(14.1958 -6.3311 0)
(-22.2141 -16.1847 0)
(-25.4879 -12.7987 0)
(-28.4288 -8.94534 0)
(-31.0197 -4.70071 0)
(-33.238 -0.149803 0)
(-35.057 4.61869 0)
(-36.4451 9.50604 0)
(-37.3413 14.4012 0)
(-37.6143 19.1217 0)
(-36.9952 23.2942 0)
(-34.8847 26.2726 0)
(-31.5179 28.0814 0)
(-27.0127 28.7287 0)
(-21.5668 28.2522 0)
(-15.4988 26.8333 0)
(-9.16171 24.6712 0)
(-2.79279 21.9172 0)
(3.85589 18.6722 0)
(10.6985 14.4585 0)
(16.99 9.9592 0)
(22.4119 6.02573 0)
(26.575 2.75874 0)
(29.4259 0.297446 0)
(31.0578 -1.30907 0)
(31.5286 -2.15431 0)
(31.1556 -2.50421 0)
(30.3438 -2.6987 0)
(29.2132 -2.94987 0)
(27.8682 -3.37498 0)
(26.3663 -4.05156 0)
(24.7281 -5.01739 0)
(22.9493 -6.26747 0)
(21.0075 -7.76452 0)
(18.8712 -9.45167 0)
(16.5107 -11.2625 0)
(13.9098 -13.1166 0)
(11.0816 -14.9002 0)
(8.0699 -16.46 0)
(4.9169 -17.6253 0)
(1.66483 -18.3587 0)
(-1.64818 -18.6219 0)
(-4.95799 -18.3808 0)
(-8.20885 -17.6293 0)
(-11.3534 -16.3813 0)
(-14.3455 -14.6609 0)
(-17.1469 -12.5063 0)
(-19.729 -9.96658 0)
(-22.0678 -7.09569 0)
(-24.137 -3.9489 0)
(-25.9074 -0.583306 0)
(-27.3469 2.935 0)
(-28.4057 6.51758 0)
(-28.9981 10.0441 0)
(-28.9708 13.3021 0)
(-27.9962 15.9519 0)
(-26.0283 17.8405 0)
(-23.2408 19.0141 0)
(-19.723 19.4651 0)
(-15.6345 19.2591 0)
(-11.1869 18.5059 0)
(-6.60997 17.3254 0)
(-2.03552 15.7827 0)
(2.6626 13.8973 0)
(7.38289 11.4163 0)
(11.7286 8.78407 0)
(15.5056 6.43899 0)
(18.5151 4.419 0)
(20.7369 2.79093 0)
(22.217 1.56727 0)
(23.0348 0.699386 0)
(23.2412 0.0964791 0)
(23.0404 -0.397971 0)
(22.5585 -0.932091 0)
(21.8425 -1.58434 0)
(20.9312 -2.39331 0)
(19.8433 -3.37631 0)
(18.583 -4.5264 0)
(17.1441 -5.81441 0)
(15.5131 -7.19541 0)
(13.676 -8.6189 0)
(11.6244 -10.0354 0)
(9.36761 -11.3887 0)
(6.94223 -12.5917 0)
(4.40545 -13.5227 0)
(1.79674 -14.0809 0)
(-0.855616 -14.2754 0)
(-3.50865 -14.0996 0)
(-6.10833 -13.5516 0)
(-8.61498 -12.6368 0)
(-10.9967 -11.3742 0)
(-13.2247 -9.79359 0)
(-15.2741 -7.93128 0)
(-17.1227 -5.82628 0)
(-18.7483 -3.5229 0)
(-20.1236 -1.07323 0)
(-21.213 1.46537 0)
(-21.9664 4.02208 0)
(-22.3068 6.491 0)
(-22.1064 8.70956 0)
(-21.1641 10.4807 0)
(-19.6407 11.8206 0)
(-17.5595 12.7143 0)
(-14.9995 13.1661 0)
(-12.0714 13.2239 0)
(-8.90807 12.9609 0)
(-5.64863 12.4374 0)
(-2.38751 11.6815 0)
(0.910118 10.6888 0)
(4.23466 9.33177 0)
(7.3502 7.75977 0)
(10.1421 6.30053 0)
(12.48 4.97197 0)
(14.3373 3.81352 0)
(15.7302 2.83905 0)
(16.6881 2.02421 0)
(17.2539 1.32383 0)
(17.4831 0.682563 0)
(17.4174 0.054378 0)
(17.1219 -0.677854 0)
(16.6927 -1.43728 0)
(15.8337 -2.43568 0)
(15.3425 -3.21717 0)
(13.475 -5.01007 0)
(-23.2691 -12.7197 0)
(-26.5806 -9.63046 0)
(-29.5751 -6.10545 0)
(-32.2338 -2.22502 0)
(-34.5191 1.92477 0)
(-36.3702 6.25905 0)
(-37.6821 10.6703 0)
(-38.2572 14.9238 0)
(-37.7142 18.6021 0)
(-35.6239 21.2559 0)
(-32.2855 22.9368 0)
(-27.7595 23.5979 0)
(-22.277 23.2738 0)
(-16.1949 22.1271 0)
(-9.91252 20.3662 0)
(-3.61503 18.1866 0)
(3.06155 15.5519 0)
(9.76154 11.7452 0)
(15.8911 7.93496 0)
(21.0383 4.63501 0)
(24.8961 1.92949 0)
(27.454 -0.0438072 0)
(28.8322 -1.2299 0)
(29.1078 -1.725 0)
(28.7271 -1.78923 0)
(27.9898 -1.69992 0)
(27.0264 -1.63663 0)
(25.9299 -1.71133 0)
(24.7445 -2.00807 0)
(23.4784 -2.57639 0)
(22.1146 -3.42586 0)
(20.6197 -4.53355 0)
(18.9528 -5.85308 0)
(17.0732 -7.32566 0)
(14.9488 -8.89212 0)
(12.5618 -10.4929 0)
(9.91529 -12.0464 0)
(7.04186 -13.4256 0)
(3.9917 -14.4627 0)
(0.824538 -15.0904 0)
(-2.4152 -15.3191 0)
(-5.6763 -15.098 0)
(-8.91133 -14.4142 0)
(-12.0713 -13.286 0)
(-15.1048 -11.7274 0)
(-17.9708 -9.7662 0)
(-20.6324 -7.4474 0)
(-23.0483 -4.8314 0)
(-25.1633 -1.9827 0)
(-26.9158 1.04635 0)
(-28.2388 4.1822 0)
(-29.0237 7.27625 0)
(-29.0923 10.101 0)
(-28.0589 12.3495 0)
(-26.1604 14.022 0)
(-23.4155 15.0786 0)
(-19.9471 15.5131 0)
(-15.9333 15.3876 0)
(-11.5994 14.8127 0)
(-7.18669 13.9062 0)
(-2.80366 12.7501 0)
(1.73612 11.2959 0)
(6.24111 9.1662 0)
(10.3619 7.01176 0)
(13.8783 5.11462 0)
(16.6415 3.50554 0)
(18.6586 2.24865 0)
(19.9938 1.35507 0)
(20.7421 0.782955 0)
(20.9831 0.453202 0)
(20.8884 0.236087 0)
(20.5873 0.000817546 0)
(20.1187 -0.336166 0)
(19.5095 -0.818231 0)
(18.7671 -1.46986 0)
(17.8849 -2.29536 0)
(16.8464 -3.27744 0)
(15.6295 -4.38043 0)
(14.2121 -5.55726 0)
(12.5753 -6.75899 0)
(10.7081 -7.94617 0)
(8.61359 -9.08811 0)
(6.31608 -10.1299 0)
(3.86505 -10.9599 0)
(1.30539 -11.4441 0)
(-1.31814 -11.6088 0)
(-3.96547 -11.4624 0)
(-6.57984 -10.9876 0)
(-9.11719 -10.1783 0)
(-11.5419 -9.04717 0)
(-13.8175 -7.62365 0)
(-15.9066 -5.9461 0)
(-17.7716 -4.05765 0)
(-19.3719 -2.00728 0)
(-20.6576 0.14874 0)
(-21.5655 2.33983 0)
(-22.0099 4.4484 0)
(-21.8067 6.31075 0)
(-20.9264 7.82462 0)
(-19.4758 8.9858 0)
(-17.4854 9.77634 0)
(-15.0318 10.1923 0)
(-12.2309 10.2748 0)
(-9.22174 10.0995 0)
(-6.14867 9.73378 0)
(-3.10392 9.21236 0)
(-0.0248211 8.51453 0)
(3.08956 7.44675 0)
(5.99632 6.19792 0)
(8.57714 5.05583 0)
(10.7233 4.03045 0)
(12.4288 3.15776 0)
(13.7181 2.4517 0)
(14.6342 1.89074 0)
(15.2214 1.43878 0)
(15.5435 1.04804 0)
(15.6276 0.663199 0)
(15.5512 0.237632 0)
(15.3033 -0.307497 0)
(14.9648 -0.896864 0)
(14.2561 -1.70321 0)
(13.8801 -2.3384 0)
(12.2642 -3.82467 0)
(-24.2633 -9.2738 0)
(-27.5576 -6.50962 0)
(-30.5402 -3.30136 0)
(-33.1621 0.241802 0)
(-35.3147 4.00044 0)
(-36.8279 7.81623 0)
(-37.4526 11.4016 0)
(-36.6468 14.3495 0)
(-34.4552 16.5283 0)
(-30.9979 17.8883 0)
(-26.4086 18.3906 0)
(-20.9583 18.1006 0)
(-15.0493 17.1503 0)
(-9.09686 15.7738 0)
(-3.10863 14.163 0)
(3.33134 11.9382 0)
(9.53837 8.68235 0)
(15.0721 5.66821 0)
(19.5066 3.09993 0)
(22.669 1.04065 0)
(24.6186 -0.383324 0)
(25.4883 -1.1452 0)
(25.4258 -1.36341 0)
(24.9565 -1.25885 0)
(24.2396 -1.02477 0)
(23.4107 -0.787874 0)
(22.5484 -0.643142 0)
(21.6824 -0.670594 0)
(20.8075 -0.923032 0)
(19.8929 -1.42088 0)
(18.8918 -2.15749 0)
(17.7509 -3.10463 0)
(16.4183 -4.21859 0)
(14.8497 -5.44852 0)
(13.0143 -6.74793 0)
(10.8972 -8.07812 0)
(8.49421 -9.38092 0)
(5.8143 -10.5441 0)
(2.88571 -11.4226 0)
(-0.189479 -11.9483 0)
(-3.25926 -12.1239 0)
(-6.48741 -11.8855 0)
(-9.65717 -11.2447 0)
(-12.7908 -10.2 0)
(-15.8089 -8.76431 0)
(-18.6532 -6.97628 0)
(-21.2742 -4.88343 0)
(-23.6057 -2.55303 0)
(-25.5364 -0.070382 0)
(-26.9405 2.50877 0)
(-27.7129 5.05043 0)
(-27.6049 7.30203 0)
(-26.5174 9.09698 0)
(-24.6 10.4278 0)
(-21.898 11.2722 0)
(-18.5399 11.6243 0)
(-14.7225 11.5388 0)
(-10.6838 11.1138 0)
(-6.65958 10.4532 0)
(-2.68681 9.65377 0)
(1.46606 8.54399 0)
(5.48516 6.80489 0)
(9.09327 5.16612 0)
(12.0764 3.74272 0)
(14.3562 2.55611 0)
(15.9748 1.6584 0)
(17.0109 1.05815 0)
(17.5665 0.720954 0)
(17.7233 0.58073 0)
(17.6593 0.540032 0)
(17.4679 0.497619 0)
(17.1886 0.381445 0)
(16.8371 0.148724 0)
(16.4103 -0.229217 0)
(15.8933 -0.764895 0)
(15.262 -1.45241 0)
(14.4865 -2.26959 0)
(13.5351 -3.18187 0)
(12.3786 -4.14743 0)
(10.9936 -5.12407 0)
(9.36558 -6.07937 0)
(7.49253 -6.99685 0)
(5.38594 -7.8481 0)
(3.07365 -8.5369 0)
(0.602549 -8.906 0)
(-1.94342 -8.99964 0)
(-4.51121 -8.83756 0)
(-7.04497 -8.39575 0)
(-9.50411 -7.66675 0)
(-11.8534 -6.66507 0)
(-14.0456 -5.4214 0)
(-16.021 -3.97082 0)
(-17.7163 -2.35442 0)
(-19.066 -0.627413 0)
(-19.9975 1.12772 0)
(-20.4254 2.79701 0)
(-20.1446 4.24353 0)
(-19.3124 5.44059 0)
(-17.9367 6.37507 0)
(-16.0749 7.02358 0)
(-13.8122 7.37538 0)
(-11.2586 7.46279 0)
(-8.54857 7.35553 0)
(-5.82144 7.12337 0)
(-3.16033 6.80135 0)
(-0.472552 6.35821 0)
(2.23957 5.55173 0)
(4.74072 4.62745 0)
(6.92532 3.79959 0)
(8.71682 3.06504 0)
(10.1259 2.452 0)
(11.1916 1.97147 0)
(11.9563 1.60807 0)
(12.4811 1.33438 0)
(12.8015 1.11597 0)
(12.9917 0.910612 0)
(13.0225 0.673261 0)
(13.0001 0.367086 0)
(12.8208 -0.0405412 0)
(12.6073 -0.498027 0)
(12.0745 -1.13701 0)
(11.8115 -1.63592 0)
(10.4777 -2.80761 0)
(-21.74 -7.83662 0)
(-25.1191 -5.78488 0)
(-28.0799 -3.29336 0)
(-30.6439 -0.450703 0)
(-32.7247 2.58894 0)
(-34.08 5.59633 0)
(-34.2906 8.29107 0)
(-33.0666 10.4218 0)
(-30.6227 11.9926 0)
(-27.0092 12.9278 0)
(-22.4527 13.2058 0)
(-17.2827 12.9097 0)
(-11.9298 12.1918 0)
(-6.65662 11.2829 0)
(-1.1668 10.23 0)
(4.53824 8.11853 0)
(9.73154 5.66459 0)
(14.1314 3.54621 0)
(17.4153 1.76983 0)
(19.5545 0.404851 0)
(20.6778 -0.463712 0)
(20.8615 -0.860566 0)
(20.5372 -0.906126 0)
(19.9434 -0.747455 0)
(19.2339 -0.498827 0)
(18.5185 -0.228936 0)
(17.8591 -0.00870851 0)
(17.2762 0.0943505 0)
(16.7568 0.032857 0)
(16.2627 -0.217765 0)
(15.7385 -0.661977 0)
(15.1201 -1.28692 0)
(14.3426 -2.06535 0)
(13.3501 -2.96093 0)
(12.0981 -3.93396 0)
(10.5582 -4.94985 0)
(8.72854 -5.97733 0)
(6.631 -6.94542 0)
(4.22734 -7.79771 0)
(1.46279 -8.45742 0)
(-1.43226 -8.94009 0)
(-4.34177 -9.06637 0)
(-7.32082 -8.7119 0)
(-10.3341 -8.05881 0)
(-13.2688 -7.11366 0)
(-16.0497 -5.85166 0)
(-18.6039 -4.29238 0)
(-20.8492 -2.47402 0)
(-22.6949 -0.525836 0)
(-23.9667 1.33219 0)
(-24.4671 3.13644 0)
(-24.033 4.81173 0)
(-22.8704 6.13801 0)
(-20.9601 7.0997 0)
(-18.397 7.70641 0)
(-15.3318 7.9601 0)
(-11.9557 7.91203 0)
(-8.49325 7.6491 0)
(-5.1318 7.26027 0)
(-1.78807 6.79978 0)
(1.68946 5.90773 0)
(4.90214 4.63662 0)
(7.69472 3.52951 0)
(9.90293 2.57479 0)
(11.5175 1.78812 0)
(12.6093 1.20935 0)
(13.2629 0.845597 0)
(13.5698 0.670063 0)
(13.6213 0.633109 0)
(13.569 0.669137 0)
(13.4577 0.710538 0)
(13.3197 0.708858 0)
(13.1648 0.627914 0)
(12.9862 0.438713 0)
(12.7663 0.122628 0)
(12.4777 -0.324305 0)
(12.0841 -0.890278 0)
(11.5459 -1.55026 0)
(10.8278 -2.27017 0)
(9.90533 -3.01221 0)
(8.76583 -3.74107 0)
(7.40677 -4.43219 0)
(5.83403 -5.08046 0)
(4.04846 -5.68277 0)
(2.02441 -6.1834 0)
(-0.207802 -6.41107 0)
(-2.52705 -6.48351 0)
(-4.87737 -6.37027 0)
(-7.19529 -6.01358 0)
(-9.42251 -5.38425 0)
(-11.504 -4.50944 0)
(-13.3715 -3.45539 0)
(-14.9492 -2.27337 0)
(-16.1695 -1.00726 0)
(-16.9692 0.269244 0)
(-17.2343 1.46348 0)
(-16.912 2.49954 0)
(-16.1229 3.37281 0)
(-14.8875 4.0748 0)
(-13.2675 4.57522 0)
(-11.346 4.86448 0)
(-9.22025 4.9649 0)
(-7.00273 4.92867 0)
(-4.80636 4.82055 0)
(-2.69113 4.67436 0)
(-0.560488 4.4358 0)
(1.55746 3.8661 0)
(3.47928 3.25843 0)
(5.12091 2.72418 0)
(6.44127 2.25019 0)
(7.46575 1.85668 0)
(8.23473 1.55247 0)
(8.79292 1.32777 0)
(9.1865 1.16538 0)
(9.46552 1.04393 0)
(9.65428 0.938078 0)
(9.80217 0.820601 0)
(9.8692 0.658991 0)
(9.92564 0.428435 0)
(9.84532 0.121545 0)
(9.77293 -0.23845 0)
(9.41522 -0.727621 0)
(9.2618 -1.10191 0)
(8.23434 -1.98388 0)
(-21.4604 -4.46533 0)
(-24.1746 -3.09792 0)
(-26.3255 -1.09562 0)
(-27.866 1.31881 0)
(-28.5208 3.6332 0)
(-27.9003 5.48412 0)
(-26.2226 6.88793 0)
(-23.5229 7.89263 0)
(-20.0764 8.26371 0)
(-16.0074 8.36989 0)
(-11.6817 8.16699 0)
(-7.40621 7.79725 0)
(-3.13012 7.41593 0)
(1.436 6.43991 0)
(5.6549 4.77954 0)
(9.30461 3.29583 0)
(12.1133 2.0754 0)
(13.9887 1.06077 0)
(15.0197 0.310689 0)
(15.2773 -0.134577 0)
(15.056 -0.312598 0)
(14.5798 -0.311266 0)
(13.9813 -0.205381 0)
(13.3701 -0.0331038 0)
(12.8197 0.164951 0)
(12.3679 0.341038 0)
(12.0264 0.449495 0)
(11.7828 0.456339 0)
(11.6025 0.341283 0)
(11.4364 0.0966021 0)
(11.2254 -0.273303 0)
(10.9083 -0.753639 0)
(10.4281 -1.32481 0)
(9.73726 -1.96439 0)
(8.79834 -2.64696 0)
(7.59286 -3.35212 0)
(6.12999 -4.08059 0)
(4.28448 -4.90334 0)
(2.25611 -5.45007 0)
(0.270264 -5.83675 0)
(-1.96944 -6.07115 0)
(-5.28719 -6.11041 0)
(-7.78959 -5.88709 0)
(-10.2918 -5.35578 0)
(-12.6836 -4.51252 0)
(-14.8249 -3.42582 0)
(-16.624 -2.1832 0)
(-17.972 -0.850813 0)
(-18.6799 0.474309 0)
(-18.3602 1.69734 0)
(-18.4541 2.68711 0)
(-17.1309 3.52323 0)
(-15.4408 4.17407 0)
(-13.3072 4.59881 0)
(-10.8583 4.80373 0)
(-8.26673 4.83514 0)
(-5.69335 4.76638 0)
(-3.22351 4.65869 0)
(-0.720255 4.43994 0)
(1.7318 3.7304 0)
(3.91689 2.99985 0)
(5.72291 2.38473 0)
(7.0742 1.83515 0)
(8.00986 1.37212 0)
(8.60123 1.02984 0)
(8.91973 0.812498 0)
(9.02626 0.705575 0)
(9.03274 0.68546 0)
(9.00033 0.7151 0)
(8.96505 0.761587 0)
(8.94645 0.798134 0)
(8.9478 0.793944 0)
(8.9591 0.719767 0)
(8.96053 0.554253 0)
(8.92505 0.287208 0)
(8.81876 -0.0751653 0)
(8.60298 -0.513947 0)
(8.24214 -1.00887 0)
(7.71313 -1.54129 0)
(7.00657 -2.09164 0)
(6.12306 -2.63802 0)
(5.06984 -3.15779 0)
(3.85846 -3.63279 0)
(2.46956 -4.05656 0)
(0.959229 -4.32961 0)
(-0.672213 -4.39285 0)
(-2.45103 -4.32949 0)
(-4.3603 -4.13769 0)
(-6.3147 -3.80352 0)
(-8.19664 -3.32345 0)
(-9.79404 -2.70805 0)
(-11.0755 -1.982 0)
(-12.0199 -1.18151 0)
(-12.5827 -0.360937 0)
(-12.6799 0.411444 0)
(-12.3866 1.09558 0)
(-11.747 1.6933 0)
(-10.7972 2.1958 0)
(-9.59164 2.58095 0)
(-8.19542 2.83959 0)
(-6.68087 2.98154 0)
(-5.12367 3.03273 0)
(-3.59398 3.0339 0)
(-2.12398 3.01558 0)
(-0.657827 2.92481 0)
(0.773003 2.59798 0)
(2.05549 2.26311 0)
(3.13164 1.96427 0)
(3.98835 1.68905 0)
(4.65367 1.45433 0)
(5.15962 1.26815 0)
(5.53848 1.1261 0)
(5.82468 1.02 0)
(6.04871 0.937837 0)
(6.23631 0.865757 0)
(6.40109 0.788673 0)
(6.55864 0.692476 0)
(6.68938 0.559814 0)
(6.80827 0.378539 0)
(6.8275 0.144652 0)
(6.84564 -0.131005 0)
(6.62327 -0.480655 0)
(6.55013 -0.744587 0)
(5.8069 -1.36522 0)
(-15.9761 -1.65067 0)
(-18.4146 -0.543373 0)
(-20.0064 0.593686 0)
(-20.2849 1.66243 0)
(-19.0936 2.58038 0)
(-17.3171 3.33123 0)
(-14.9217 3.88343 0)
(-12.1624 4.08885 0)
(-9.11355 4.48932 0)
(-6.19154 4.49499 0)
(-3.34203 4.53583 0)
(-0.354434 4.31112 0)
(2.4481 3.50448 0)
(4.90272 2.72659 0)
(6.84402 2.10899 0)
(8.14699 1.55699 0)
(8.88793 1.06178 0)
(9.14739 0.677715 0)
(9.07249 0.433906 0)
(8.80757 0.301325 0)
(8.43435 0.244324 0)
(8.02861 0.254542 0)
(7.64643 0.320266 0)
(7.32439 0.415591 0)
(7.0842 0.510155 0)
(6.93217 0.576179 0)
(6.86007 0.588684 0)
(6.84812 0.529188 0)
(6.86674 0.388355 0)
(6.87997 0.165307 0)
(6.84808 -0.13266 0)
(6.72957 -0.491635 0)
(6.48553 -0.89858 0)
(6.08241 -1.34138 0)
(5.49562 -1.80337 0)
(4.71348 -2.26514 0)
(3.72187 -2.735 0)
(2.50573 -3.20667 0)
(1.03349 -3.63739 0)
(-0.630031 -3.81292 0)
(-2.37143 -3.71828 0)
(-4.20895 -3.57428 0)
(-6.13932 -3.43935 0)
(-8.04884 -3.10895 0)
(-9.72857 -2.57413 0)
(-10.9249 -1.91266 0)
(-11.7405 -1.19028 0)
(-12.1136 -0.475762 0)
(-12.0155 0.218683 0)
(-11.5055 0.964494 0)
(-10.6151 1.5816 0)
(-9.45729 1.97545 0)
(-8.10795 2.29204 0)
(-6.61088 2.52808 0)
(-5.05206 2.67715 0)
(-3.51152 2.77407 0)
(-2.01205 2.83259 0)
(-0.507563 2.7389 0)
(0.906526 2.40732 0)
(2.13534 2.09834 0)
(3.10894 1.81424 0)
(3.82439 1.5231 0)
(4.31912 1.25503 0)
(4.63405 1.03743 0)
(4.81023 0.877315 0)
(4.89094 0.774631 0)
(4.92983 0.722033 0)
(4.95995 0.706056 0)
(4.9983 0.71306 0)
(5.06258 0.726745 0)
(5.16269 0.727746 0)
(5.29372 0.695655 0)
(5.44098 0.61346 0)
(5.58035 0.470228 0)
(5.68254 0.262686 0)
(5.70179 -0.00411963 0)
(5.62411 -0.315761 0)
(5.42891 -0.659778 0)
(5.09959 -1.02905 0)
(4.62649 -1.41312 0)
(4.00449 -1.7948 0)
(3.23571 -2.15743 0)
(2.3265 -2.49026 0)
(1.27404 -2.78399 0)
(0.0770519 -2.96604 0)
(-1.17016 -2.93707 0)
(-2.40688 -2.78473 0)
(-3.61117 -2.54635 0)
(-4.7405 -2.26171 0)
(-5.75198 -1.95818 0)
(-6.60332 -1.62413 0)
(-7.24842 -1.23152 0)
(-7.65123 -0.788948 0)
(-7.77114 -0.333288 0)
(-7.65117 0.107356 0)
(-7.32617 0.524394 0)
(-6.81522 0.90169 0)
(-6.15197 1.22216 0)
(-5.37382 1.4772 0)
(-4.52078 1.66572 0)
(-3.63258 1.79313 0)
(-2.7438 1.87199 0)
(-1.87548 1.91531 0)
(-1.01909 1.91458 0)
(-0.171274 1.81312 0)
(0.594587 1.65723 0)
(1.24764 1.5017 0)
(1.78408 1.34415 0)
(2.22029 1.19968 0)
(2.57349 1.0756 0)
(2.86093 0.972085 0)
(3.10112 0.88742 0)
(3.31061 0.817114 0)
(3.50177 0.754143 0)
(3.68293 0.690642 0)
(3.85581 0.61829 0)
(4.02074 0.530037 0)
(4.16461 0.418119 0)
(4.28642 0.279584 0)
(4.34244 0.107869 0)
(4.37066 -0.0861145 0)
(4.23084 -0.323982 0)
(4.1927 -0.505132 0)
(3.68425 -0.925067 0)
(-9.98846 -0.712159 0)
(-9.97947 0.168215 0)
(-9.64151 0.52488 0)
(-9.05767 0.633552 0)
(-8.22032 0.881653 0)
(-7.13098 1.31219 0)
(-5.84545 1.76509 0)
(-4.48757 2.11129 0)
(-3.12298 2.35428 0)
(-1.6994 2.53989 0)
(-0.283067 2.44727 0)
(0.996004 2.23115 0)
(2.08059 2.0488 0)
(2.89189 1.79185 0)
(3.44731 1.57568 0)
(3.78741 1.32274 0)
(3.94356 1.05159 0)
(3.97242 0.83272 0)
(3.91884 0.661442 0)
(3.81813 0.543181 0)
(3.70325 0.482658 0)
(3.59987 0.472007 0)
(3.52768 0.494515 0)
(3.49957 0.53037 0)
(3.51487 0.558996 0)
(3.5809 0.563703 0)
(3.68769 0.529483 0)
(3.8139 0.445432 0)
(3.93459 0.307296 0)
(4.02423 0.117087 0)
(4.05177 -0.116792 0)
(3.99372 -0.381473 0)
(3.84063 -0.667041 0)
(3.57593 -0.965992 0)
(3.19149 -1.2701 0)
(2.68459 -1.57035 0)
(2.04984 -1.86202 0)
(1.27156 -2.14551 0)
(0.33915 -2.37648 0)
(-0.72294 -2.44656 0)
(-1.7692 -2.38127 0)
(-2.74586 -2.26108 0)
(-3.67234 -2.11066 0)
(-4.52771 -1.90921 0)
(-5.2533 -1.67427 0)
(-5.79646 -1.37698 0)
(-6.12966 -1.00656 0)
(-6.22668 -0.590794 0)
(-6.13617 -0.147934 0)
(-5.85187 0.313957 0)
(-5.38719 0.717826 0)
(-4.80442 1.03958 0)
(-4.14961 1.3135 0)
(-3.44194 1.53308 0)
(-2.70285 1.6907 0)
(-1.9527 1.78712 0)
(-1.19621 1.82196 0)
(-0.451529 1.77394 0)
(0.214138 1.6649 0)
(0.771055 1.51942 0)
(1.22338 1.34803 0)
(1.58108 1.17577 0)
(1.85264 1.01812 0)
(2.05137 0.88246 0)
(2.19666 0.775019 0)
(2.30903 0.697691 0)
(2.40693 0.647833 0)
(2.50614 0.621119 0)
(2.61887 0.60812 0)
(2.75147 0.594622 0)
(2.90382 0.567795 0)
(3.06978 0.517741 0)
(3.23706 0.436773 0)
(3.38811 0.320727 0)
(3.50385 0.169183 0)
(3.56719 -0.0185178 0)
(3.54943 -0.238769 0)
(3.45425 -0.482826 0)
(3.26832 -0.741333 0)
(2.98419 -1.00304 0)
(2.59777 -1.25401 0)
(2.10922 -1.47822 0)
(1.52508 -1.66492 0)
(0.852069 -1.81909 0)
(0.0960137 -1.93863 0)
(-0.701631 -1.96483 0)
(-1.44772 -1.8921 0)
(-2.1309 -1.77505 0)
(-2.74379 -1.61732 0)
(-3.27475 -1.42526 0)
(-3.71583 -1.19816 0)
(-4.05478 -0.935962 0)
(-4.27843 -0.649754 0)
(-4.37303 -0.348617 0)
(-4.34379 -0.0418654 0)
(-4.20904 0.253073 0)
(-3.97399 0.521151 0)
(-3.65387 0.75439 0)
(-3.26666 0.94756 0)
(-2.83119 1.09761 0)
(-2.36585 1.20551 0)
(-1.88687 1.27561 0)
(-1.40501 1.31297 0)
(-0.92021 1.31828 0)
(-0.443029 1.27214 0)
(-0.0115562 1.18395 0)
(0.366285 1.08652 0)
(0.694764 0.989674 0)
(0.979372 0.898586 0)
(1.2269 0.815449 0)
(1.44556 0.741923 0)
(1.6431 0.677736 0)
(1.82576 0.620609 0)
(1.99753 0.566892 0)
(2.16007 0.512246 0)
(2.3119 0.451917 0)
(2.44988 0.381523 0)
(2.56818 0.29622 0)
(2.65959 0.195548 0)
(2.71038 0.0735828 0)
(2.72896 -0.059079 0)
(2.64643 -0.225988 0)
(2.62701 -0.355355 0)
(2.29959 -0.644326 0)
(-4.72841 -0.890809 0)
(-4.68397 -0.462672 0)
(-4.50517 -0.115487 0)
(-4.29818 0.19774 0)
(-4.06941 0.531421 0)
(-3.7591 0.878067 0)
(-3.33686 1.19008 0)
(-2.82495 1.43758 0)
(-2.24721 1.62651 0)
(-1.62217 1.73608 0)
(-0.984192 1.78178 0)
(-0.394211 1.73282 0)
(0.118946 1.60061 0)
(0.553742 1.42694 0)
(0.910643 1.23704 0)
(1.20255 1.05163 0)
(1.42251 0.879691 0)
(1.57178 0.727051 0)
(1.66889 0.603627 0)
(1.73312 0.51593 0)
(1.78241 0.462035 0)
(1.83369 0.435516 0)
(1.90061 0.428175 0)
(1.9919 0.429314 0)
(2.10928 0.425192 0)
(2.24696 0.403532 0)
(2.39381 0.357554 0)
(2.53537 0.283649 0)
(2.65516 0.180067 0)
(2.73805 0.0478486 0)
(2.76691 -0.109901 0)
(2.73099 -0.290174 0)
(2.63075 -0.489435 0)
(2.4594 -0.701702 0)
(2.2143 -0.91965 0)
(1.89408 -1.13434 0)
(1.49739 -1.33739 0)
(1.02249 -1.51618 0)
(0.475151 -1.65501 0)
(-0.121598 -1.74447 0)
(-0.719545 -1.7521 0)
(-1.27469 -1.68529 0)
(-1.79438 -1.59075 0)
(-2.27866 -1.45435 0)
(-2.71157 -1.26812 0)
(-3.07794 -1.03396 0)
(-3.36143 -0.760814 0)
(-3.54906 -0.459801 0)
(-3.6255 -0.135038 0)
(-3.57674 0.194358 0)
(-3.42066 0.490478 0)
(-3.17684 0.733983 0)
(-2.86736 0.931373 0)
(-2.50423 1.08702 0)
(-2.10006 1.19888 0)
(-1.67023 1.26869 0)
(-1.22575 1.30089 0)
(-0.781547 1.28819 0)
(-0.364857 1.21531 0)
(0.00479523 1.11166 0)
(0.327356 1.00245 0)
(0.600378 0.893096 0)
(0.826162 0.78922 0)
(1.01181 0.697562 0)
(1.16659 0.622588 0)
(1.30052 0.56522 0)
(1.42333 0.523573 0)
(1.54354 0.49372 0)
(1.66753 0.469655 0)
(1.79806 0.444095 0)
(1.93367 0.40988 0)
(2.06926 0.360588 0)
(2.19697 0.291157 0)
(2.30687 0.198797 0)
(2.38883 0.0833235 0)
(2.43411 -0.0533892 0)
(2.42497 -0.209102 0)
(2.36147 -0.380815 0)
(2.23563 -0.562391 0)
(2.04354 -0.746844 0)
(1.78443 -0.925801 0)
(1.46131 -1.08929 0)
(1.08077 -1.22559 0)
(0.651455 -1.3227 0)
(0.185327 -1.37499 0)
(-0.299475 -1.3871 0)
(-0.777234 -1.35405 0)
(-1.21763 -1.25815 0)
(-1.61788 -1.13896 0)
(-1.97533 -1.00411 0)
(-2.28101 -0.849637 0)
(-2.5267 -0.672685 0)
(-2.70523 -0.47707 0)
(-2.81313 -0.268539 0)
(-2.84135 -0.0530994 0)
(-2.79677 0.156297 0)
(-2.68506 0.348355 0)
(-2.51329 0.516769 0)
(-2.29194 0.65744 0)
(-2.03215 0.768639 0)
(-1.74515 0.851509 0)
(-1.44141 0.909002 0)
(-1.12807 0.942553 0)
(-0.807707 0.94738 0)
(-0.492018 0.909696 0)
(-0.200811 0.854723 0)
(0.0607313 0.794096 0)
(0.294123 0.731096 0)
(0.501845 0.668806 0)
(0.686951 0.610036 0)
(0.85302 0.556271 0)
(1.00357 0.507588 0)
(1.14158 0.462851 0)
(1.26899 0.419947 0)
(1.38669 0.376139 0)
(1.49381 0.328391 0)
(1.58874 0.273558 0)
(1.66886 0.209189 0)
(1.72808 0.134961 0)
(1.76042 0.0471071 0)
(1.77328 -0.0483655 0)
(1.72014 -0.168176 0)
(1.70814 -0.262869 0)
(1.49032 -0.466544 0)
(-3.05338 -0.601416 0)
(-3.16838 -0.266532 0)
(-3.17938 -0.00459954 0)
(-3.13745 0.198388 0)
(-3.04176 0.402258 0)
(-2.8721 0.626589 0)
(-2.61883 0.844201 0)
(-2.29358 1.02242 0)
(-1.91439 1.15179 0)
(-1.49767 1.22489 0)
(-1.06419 1.242 0)
(-0.63777 1.21211 0)
(-0.246473 1.13473 0)
(0.0930839 1.02782 0)
(0.383904 0.918411 0)
(0.628583 0.803892 0)
(0.827507 0.687851 0)
(0.983665 0.582711 0)
(1.10569 0.495565 0)
(1.20382 0.428875 0)
(1.28841 0.382405 0)
(1.3687 0.353013 0)
(1.45158 0.3352 0)
(1.54094 0.321942 0)
(1.63698 0.30555 0)
(1.7361 0.27941 0)
(1.83215 0.238683 0)
(1.91774 0.179888 0)
(1.98487 0.101205 0)
(2.02666 0.00298774 0)
(2.03326 -0.113331 0)
(2.00147 -0.246772 0)
(1.92578 -0.393887 0)
(1.80097 -0.548165 0)
(1.6247 -0.703965 0)
(1.39537 -0.855366 0)
(1.11303 -0.996056 0)
(0.780282 -1.1174 0)
(0.405053 -1.20524 0)
(-0.000693893 -1.24859 0)
(-0.416666 -1.24889 0)
(-0.82381 -1.20641 0)
(-1.20774 -1.1272 0)
(-1.56579 -1.02484 0)
(-1.88839 -0.893231 0)
(-2.16348 -0.730754 0)
(-2.37922 -0.540164 0)
(-2.52636 -0.328636 0)
(-2.59731 -0.104233 0)
(-2.57956 0.120757 0)
(-2.48704 0.327869 0)
(-2.32866 0.505391 0)
(-2.11904 0.652845 0)
(-1.86885 0.770066 0)
(-1.58806 0.855343 0)
(-1.2867 0.910144 0)
(-0.973029 0.935745 0)
(-0.658058 0.927885 0)
(-0.361987 0.881476 0)
(-0.0927257 0.818735 0)
(0.146553 0.748873 0)
(0.355553 0.675734 0)
(0.53527 0.604831 0)
(0.689066 0.540514 0)
(0.821997 0.48558 0)
(0.939736 0.441027 0)
(1.04773 0.406038 0)
(1.15057 0.378231 0)
(1.25142 0.353794 0)
(1.35138 0.327976 0)
(1.44928 0.29603 0)
(1.54192 0.253904 0)
(1.62438 0.198569 0)
(1.69066 0.128245 0)
(1.73492 0.0425598 0)
(1.75044 -0.0572939 0)
(1.73087 -0.170627 0)
(1.67419 -0.295479 0)
(1.57416 -0.425428 0)
(1.42865 -0.55374 0)
(1.23765 -0.674685 0)
(1.00358 -0.783117 0)
(0.731652 -0.874637 0)
(0.429491 -0.945116 0)
(0.107075 -0.988751 0)
(-0.224084 -1.00027 0)
(-0.552349 -0.981224 0)
(-0.862788 -0.928422 0)
(-1.14381 -0.846444 0)
(-1.39497 -0.749381 0)
(-1.61189 -0.634826 0)
(-1.78916 -0.503385 0)
(-1.92141 -0.359035 0)
(-2.00526 -0.206986 0)
(-2.03599 -0.0517454 0)
(-2.01367 0.0995082 0)
(-1.94395 0.239276 0)
(-1.83093 0.362751 0)
(-1.68183 0.466947 0)
(-1.50416 0.550366 0)
(-1.30514 0.613208 0)
(-1.09108 0.657201 0)
(-0.866645 0.682882 0)
(-0.639144 0.684123 0)
(-0.419364 0.662306 0)
(-0.213841 0.629204 0)
(-0.0259788 0.59005 0)
(0.144548 0.547762 0)
(0.298308 0.504983 0)
(0.436398 0.463707 0)
(0.560753 0.424947 0)
(0.673465 0.38887 0)
(0.776344 0.354784 0)
(0.870595 0.321305 0)
(0.956854 0.286615 0)
(1.03436 0.248683 0)
(1.10292 0.205289 0)
(1.15852 0.155719 0)
(1.20201 0.0991907 0)
(1.22043 0.0341374 0)
(1.23234 -0.0392862 0)
(1.19345 -0.126137 0)
(1.1841 -0.198048 0)
(1.02746 -0.34717 0)
(-2.34343 -0.482123 0)
(-2.44207 -0.268982 0)
(-2.46253 -0.0756655 0)
(-2.43469 0.101316 0)
(-2.36013 0.275995 0)
(-2.2314 0.449041 0)
(-2.04376 0.607486 0)
(-1.80318 0.738052 0)
(-1.52202 0.834006 0)
(-1.21423 0.89074 0)
(-0.895016 0.906703 0)
(-0.578967 0.888692 0)
(-0.278491 0.845673 0)
(-0.00715845 0.780137 0)
(0.231383 0.693408 0)
(0.440226 0.606385 0)
(0.618288 0.522991 0)
(0.765503 0.447624 0)
(0.886434 0.383967 0)
(0.987361 0.334064 0)
(1.07457 0.297911 0)
(1.15376 0.273408 0)
(1.22937 0.256893 0)
(1.30404 0.243594 0)
(1.37819 0.228246 0)
(1.45003 0.206065 0)
(1.51605 0.173414 0)
(1.57183 0.127858 0)
(1.6124 0.0682264 0)
(1.6326 -0.00512448 0)
(1.62507 -0.0913996 0)
(1.58835 -0.189715 0)
(1.51638 -0.297118 0)
(1.40598 -0.409327 0)
(1.2555 -0.52177 0)
(1.06464 -0.630037 0)
(0.834474 -0.72972 0)
(0.569848 -0.81569 0)
(0.278715 -0.881189 0)
(-0.0363261 -0.918268 0)
(-0.361413 -0.918929 0)
(-0.677802 -0.882209 0)
(-0.97578 -0.827975 0)
(-1.25062 -0.751619 0)
(-1.49631 -0.651508 0)
(-1.7045 -0.52926 0)
(-1.86666 -0.388643 0)
(-1.97616 -0.235189 0)
(-2.02809 -0.0752026 0)
(-2.01646 0.0835625 0)
(-1.95015 0.231296 0)
(-1.83359 0.36002 0)
(-1.67632 0.467094 0)
(-1.48683 0.551783 0)
(-1.2731 0.61331 0)
(-1.04303 0.652084 0)
(-0.803738 0.670356 0)
(-0.562236 0.669627 0)
(-0.330666 0.646581 0)
(-0.11813 0.603605 0)
(0.0753745 0.554474 0)
(0.248256 0.504569 0)
(0.400227 0.456166 0)
(0.533108 0.411443 0)
(0.650119 0.372344 0)
(0.754742 0.339554 0)
(0.850329 0.312488 0)
(0.939716 0.289488 0)
(1.02478 0.268043 0)
(1.10606 0.245132 0)
(1.18267 0.217731 0)
(1.25237 0.183179 0)
(1.31187 0.139433 0)
(1.35723 0.0853067 0)
(1.38467 0.0208319 0)
(1.38806 -0.0530765 0)
(1.36472 -0.135841 0)
(1.31136 -0.225709 0)
(1.22479 -0.318937 0)
(1.10429 -0.411622 0)
(0.950564 -0.499365 0)
(0.765887 -0.577603 0)
(0.554149 -0.642266 0)
(0.321095 -0.68999 0)
(0.0742927 -0.718435 0)
(-0.181085 -0.725662 0)
(-0.436135 -0.711232 0)
(-0.680934 -0.668942 0)
(-0.904371 -0.609749 0)
(-1.10403 -0.540067 0)
(-1.27668 -0.457834 0)
(-1.41815 -0.363956 0)
(-1.52434 -0.261029 0)
(-1.59279 -0.152591 0)
(-1.62103 -0.0421662 0)
(-1.60827 0.065633 0)
(-1.55924 0.166044 0)
(-1.47635 0.255357 0)
(-1.36483 0.331169 0)
(-1.23024 0.3921 0)
(-1.07806 0.437913 0)
(-0.913237 0.469729 0)
(-0.739643 0.489375 0)
(-0.562235 0.495645 0)
(-0.391901 0.482243 0)
(-0.229109 0.462022 0)
(-0.0768792 0.435615 0)
(0.062926 0.406638 0)
(0.190545 0.37696 0)
(0.306482 0.347514 0)
(0.411874 0.319132 0)
(0.507952 0.292012 0)
(0.595696 0.265792 0)
(0.675711 0.239635 0)
(0.748196 0.212391 0)
(0.812335 0.182677 0)
(0.868706 0.149342 0)
(0.911177 0.111997 0)
(0.945226 0.069671 0)
(0.959082 0.0217824 0)
(0.970322 -0.0345514 0)
(0.928989 -0.0914994 0)
(0.923297 -0.148824 0)
(0.795665 -0.2585 0)
(-2.05165 -0.318634 0)
(-2.1526 -0.173435 0)
(-2.18789 -0.0388915 0)
(-2.16976 0.0841764 0)
(-2.1023 0.201391 0)
(-1.98365 0.314306 0)
(-1.81481 0.41689 0)
(-1.60185 0.501448 0)
(-1.35477 0.562991 0)
(-1.08547 0.598994 0)
(-0.80667 0.608772 0)
(-0.530617 0.594928 0)
(-0.267548 0.564449 0)
(-0.024131 0.525569 0)
(0.197521 0.473843 0)
(0.388495 0.413546 0)
(0.55193 0.360846 0)
(0.689513 0.313272 0)
(0.804839 0.272384 0)
(0.902476 0.239636 0)
(0.987142 0.215011 0)
(1.06319 0.197165 0)
(1.13398 0.183736 0)
(1.20146 0.171762 0)
(1.26591 0.158097 0)
(1.32592 0.139865 0)
(1.37867 0.11477 0)
(1.42042 0.0812793 0)
(1.44722 0.0387468 0)
(1.45397 -0.0125276 0)
(1.43686 -0.0722953 0)
(1.39298 -0.139748 0)
(1.31823 -0.212507 0)
(1.21055 -0.287852 0)
(1.06916 -0.362878 0)
(0.89457 -0.43432 0)
(0.688487 -0.498748 0)
(0.455155 -0.553938 0)
(0.200644 -0.597 0)
(-0.0754466 -0.61229 0)
(-0.354803 -0.610871 0)
(-0.625532 -0.594357 0)
(-0.88096 -0.559293 0)
(-1.11623 -0.50754 0)
(-1.3249 -0.439997 0)
(-1.49984 -0.357945 0)
(-1.63458 -0.263836 0)
(-1.72435 -0.161279 0)
(-1.76538 -0.0546494 0)
(-1.75543 0.0512262 0)
(-1.7001 0.150643 0)
(-1.60219 0.238411 0)
(-1.46873 0.312143 0)
(-1.3068 0.370829 0)
(-1.12346 0.413675 0)
(-0.925813 0.440476 0)
(-0.720681 0.451976 0)
(-0.514448 0.450961 0)
(-0.312507 0.440668 0)
(-0.123446 0.415902 0)
(0.0487797 0.378586 0)
(0.207536 0.347259 0)
(0.348652 0.317247 0)
(0.47396 0.288377 0)
(0.585947 0.262224 0)
(0.686705 0.239542 0)
(0.778371 0.2201 0)
(0.862743 0.202922 0)
(0.940911 0.186456 0)
(1.01305 0.168845 0)
(1.07832 0.148196 0)
(1.13494 0.122843 0)
(1.18033 0.0915133 0)
(1.21157 0.0535289 0)
(1.22522 0.00905195 0)
(1.21751 -0.0416032 0)
(1.1873 -0.0981608 0)
(1.13092 -0.159013 0)
(1.04664 -0.221455 0)
(0.934217 -0.282842 0)
(0.794604 -0.340528 0)
(0.630049 -0.391772 0)
(0.444333 -0.434139 0)
(0.24267 -0.466202 0)
(0.0312803 -0.486979 0)
(-0.189236 -0.491133 0)
(-0.410915 -0.47931 0)
(-0.619276 -0.453292 0)
(-0.811037 -0.416682 0)
(-0.982482 -0.369625 0)
(-1.13044 -0.313257 0)
(-1.25119 -0.249052 0)
(-1.34142 -0.17901 0)
(-1.3992 -0.105527 0)
(-1.42249 -0.0310347 0)
(-1.41177 0.04171 0)
(-1.37012 0.109772 0)
(-1.29945 0.170535 0)
(-1.20399 0.222335 0)
(-1.08832 0.264213 0)
(-0.957162 0.295691 0)
(-0.815081 0.316897 0)
(-0.666207 0.328974 0)
(-0.51371 0.334075 0)
(-0.361863 0.329732 0)
(-0.219918 0.315005 0)
(-0.086358 0.2964 0)
(0.0400309 0.277891 0)
(0.155935 0.259751 0)
(0.261596 0.24097 0)
(0.357986 0.22216 0)
(0.44567 0.203727 0)
(0.525177 0.18554 0)
(0.596851 0.16714 0)
(0.660612 0.147821 0)
(0.716054 0.126727 0)
(0.762046 0.103342 0)
(0.797955 0.0769814 0)
(0.82109 0.0469403 0)
(0.832491 0.0128067 0)
(0.830437 -0.0248194 0)
(0.800667 -0.0625426 0)
(0.787119 -0.10723 0)
(0.667166 -0.178648 0)
(-1.9329 -0.19825 0)
(-2.02536 -0.118879 0)
(-2.05861 -0.0425758 0)
(-2.03985 0.0299161 0)
(-1.97195 0.0993371 0)
(-1.85623 0.165204 0)
(-1.69605 0.224616 0)
(-1.49755 0.273976 0)
(-1.2695 0.310624 0)
(-1.02217 0.333109 0)
(-0.766373 0.341221 0)
(-0.51244 0.336134 0)
(-0.269662 0.32061 0)
(-0.0471306 0.301557 0)
(0.162758 0.284563 0)
(0.352641 0.253231 0)
(0.511892 0.222377 0)
(0.647418 0.194549 0)
(0.764247 0.171026 0)
(0.865315 0.15221 0)
(0.953931 0.137894 0)
(1.03325 0.127229 0)
(1.10563 0.118849 0)
(1.17236 0.11109 0)
(1.23346 0.102266 0)
(1.28769 0.0908977 0)
(1.33274 0.0757834 0)
(1.36555 0.0560586 0)
(1.3828 0.0313266 0)
(1.37988 0.0013907 0)
(1.35508 -0.0336916 0)
(1.30409 -0.0731972 0)
(1.22438 -0.115782 0)
(1.1145 -0.159876 0)
(0.974168 -0.203739 0)
(0.804347 -0.245515 0)
(0.607605 -0.283469 0)
(0.38962 -0.317446 0)
(0.15748 -0.350703 0)
(-0.105223 -0.372925 0)
(-0.369992 -0.369834 0)
(-0.61445 -0.354065 0)
(-0.846877 -0.330571 0)
(-1.0614 -0.299154 0)
(-1.25038 -0.259536 0)
(-1.40746 -0.212288 0)
(-1.52725 -0.158739 0)
(-1.60595 -0.100916 0)
(-1.64068 -0.0410265 0)
(-1.63075 0.0186856 0)
(-1.57969 0.0750568 0)
(-1.49007 0.125135 0)
(-1.36767 0.167579 0)
(-1.21875 0.201709 0)
(-1.04977 0.227095 0)
(-0.867335 0.243576 0)
(-0.677921 0.251179 0)
(-0.487872 0.250429 0)
(-0.304106 0.244926 0)
(-0.129964 0.238235 0)
(0.0384194 0.228353 0)
(0.194876 0.211862 0)
(0.330176 0.192899 0)
(0.451483 0.175615 0)
(0.561341 0.160594 0)
(0.660725 0.147727 0)
(0.750942 0.136649 0)
(0.833156 0.126694 0)
(0.908019 0.11696 0)
(0.975477 0.106425 0)
(1.03472 0.0940794 0)
(1.08418 0.0790492 0)
(1.12174 0.060692 0)
(1.14505 0.0386821 0)
(1.15077 0.0128956 0)
(1.13731 -0.0167191 0)
(1.10203 -0.0497386 0)
(1.04268 -0.0850679 0)
(0.958221 -0.121395 0)
(0.848644 -0.157159 0)
(0.715084 -0.190746 0)
(0.559758 -0.220604 0)
(0.386179 -0.245433 0)
(0.199874 -0.265379 0)
(0.00972922 -0.283914 0)
(-0.20141 -0.298329 0)
(-0.409343 -0.286536 0)
(-0.596081 -0.269044 0)
(-0.769992 -0.246299 0)
(-0.926761 -0.218665 0)
(-1.0617 -0.18634 0)
(-1.17129 -0.14989 0)
(-1.25277 -0.110338 0)
(-1.30456 -0.0689999 0)
(-1.32521 -0.027008 0)
(-1.31543 0.0143583 0)
(-1.27733 0.0533095 0)
(-1.21278 0.0882898 0)
(-1.12543 0.118423 0)
(-1.01928 0.14316 0)
(-0.89858 0.16222 0)
(-0.767575 0.175505 0)
(-0.630338 0.182924 0)
(-0.490979 0.184915 0)
(-0.353978 0.184593 0)
(-0.220988 0.181317 0)
(-0.0938393 0.176732 0)
(0.028941 0.169356 0)
(0.139517 0.157894 0)
(0.239846 0.146367 0)
(0.332099 0.135397 0)
(0.416322 0.124815 0)
(0.492568 0.114393 0)
(0.560882 0.103824 0)
(0.621052 0.0927105 0)
(0.672791 0.0806571 0)
(0.714624 0.0671893 0)
(0.747074 0.051884 0)
(0.766281 0.0342515 0)
(0.77561 0.0142078 0)
(0.765877 -0.00731345 0)
(0.742827 -0.0310373 0)
(0.71761 -0.0551787 0)
(0.611808 -0.0967073 0)
(-1.69095 -0.0646563 0)
(-1.80933 -0.040706 0)
(-1.87596 -0.0174397 0)
(-1.89181 0.00496219 0)
(-1.85997 0.0263388 0)
(-1.7822 0.0465229 0)
(-1.6617 0.0647468 0)
(-1.50383 0.0799525 0)
(-1.31601 0.0913909 0)
(-1.10704 0.0986702 0)
(-0.886253 0.101787 0)
(-0.662475 0.101161 0)
(-0.44282 0.0974567 0)
(-0.231248 0.0919291 0)
(-0.0429034 0.092415 0)
(0.126255 0.0865563 0)
(0.278113 0.0739709 0)
(0.415903 0.065372 0)
(0.538283 0.0579884 0)
(0.64759 0.0522229 0)
(0.746853 0.0478446 0)
(0.838797 0.044522 0)
(0.925426 0.0418463 0)
(1.00773 0.0393421 0)
(1.08556 0.0364935 0)
(1.15763 0.032835 0)
(1.22173 0.0280108 0)
(1.27488 0.0218073 0)
(1.31363 0.0141087 0)
(1.33442 0.00463661 0)
(1.33297 -0.00653394 0)
(1.30662 -0.0190153 0)
(1.25222 -0.0325147 0)
(1.16798 -0.0465844 0)
(1.05306 -0.060719 0)
(0.907731 -0.074384 0)
(0.733283 -0.0870025 0)
(0.531192 -0.0979912 0)
(0.302556 -0.109404 0)
(0.0795929 -0.136266 0)
(-0.145617 -0.124355 0)
(-0.385011 -0.116341 0)
(-0.616917 -0.107246 0)
(-0.832791 -0.0966078 0)
(-1.02688 -0.0839856 0)
(-1.19345 -0.0693251 0)
(-1.3274 -0.0529291 0)
(-1.42477 -0.0353701 0)
(-1.48309 -0.0171822 0)
(-1.50091 0.00114743 0)
(-1.47948 0.0185658 0)
(-1.4219 0.0341389 0)
(-1.3324 0.0474967 0)
(-1.21623 0.0583942 0)
(-1.07897 0.0666757 0)
(-0.926364 0.0723657 0)
(-0.764118 0.0755283 0)
(-0.597542 0.076242 0)
(-0.430687 0.0745205 0)
(-0.265672 0.0726734 0)
(-0.119877 0.0816747 0)
(0.0148922 0.0731704 0)
(0.145329 0.0649051 0)
(0.267697 0.0594383 0)
(0.380548 0.0543204 0)
(0.485029 0.0501032 0)
(0.58246 0.0465106 0)
(0.673815 0.0432679 0)
(0.759534 0.040078 0)
(0.839399 0.0366354 0)
(0.912478 0.0326388 0)
(0.977171 0.0278335 0)
(1.03132 0.0220364 0)
(1.07242 0.015172 0)
(1.09782 0.00706449 0)
(1.10444 -0.00232174 0)
(1.08998 -0.0127285 0)
(1.05233 -0.0238648 0)
(0.990091 -0.0353637 0)
(0.902884 -0.0467644 0)
(0.791308 -0.0575918 0)
(0.656908 -0.0673953 0)
(0.502008 -0.0758308 0)
(0.328995 -0.0826554 0)
(0.140209 -0.0895157 0)
(-0.0398587 -0.108456 0)
(-0.217787 -0.096834 0)
(-0.403407 -0.0882087 0)
(-0.578778 -0.07994 0)
(-0.738724 -0.0708099 0)
(-0.879842 -0.0605838 0)
(-0.998891 -0.0492837 0)
(-1.09316 -0.0371452 0)
(-1.16074 -0.0245387 0)
(-1.20063 -0.0116981 0)
(-1.21219 0.00108717 0)
(-1.19668 0.0131821 0)
(-1.15603 0.0241002 0)
(-1.09297 0.0336128 0)
(-1.01086 0.0415442 0)
(-0.913268 0.0478146 0)
(-0.803871 0.052422 0)
(-0.686288 0.0553987 0)
(-0.563972 0.0566529 0)
(-0.43974 0.0559974 0)
(-0.315432 0.0552628 0)
(-0.200577 0.0605472 0)
(-0.0919834 0.0591416 0)
(0.0126734 0.0527234 0)
(0.113815 0.0492744 0)
(0.208837 0.0454555 0)
(0.297501 0.0419956 0)
(0.379923 0.0387051 0)
(0.456043 0.0354292 0)
(0.525539 0.0320242 0)
(0.587845 0.0283859 0)
(0.641936 0.0242742 0)
(0.686713 0.0196018 0)
(0.719945 0.0140197 0)
(0.741277 0.00789156 0)
(0.746986 0.00118874 0)
(0.740069 -0.00709418 0)
(0.711268 -0.010186 0)
(0.654392 -0.0217237 0)
(-4.5938 -40.6197 0)
(-4.2683 -32.5455 0)
(-3.76448 -24.2896 0)
(-3.05209 -16.3683 0)
(-1.98475 -9.41345 0)
(-1.21487 -3.92997 0)
(-0.16337 2.56687 0)
(0.773154 13.8672 0)
(1.19351 21.1538 0)
(1.64332 28.0434 0)
(1.98505 34.4111 0)
(1.74101 40.2599 0)
(1.29554 45.5701 0)
(0.660768 50.2925 0)
(-0.122037 54.3298 0)
(-0.978675 57.4789 0)
(-1.79317 59.3256 0)
(-2.42113 59.1175 0)
(-2.83998 57.5099 0)
(-3.02419 54.5445 0)
(-2.95049 50.3249 0)
(-2.62634 45.0177 0)
(-2.09449 38.8509 0)
(-1.42648 32.0907 0)
(-0.709204 25.0235 0)
(-0.0394958 17.9624 0)
(0.425714 11.2328 0)
(0.913976 5.29366 0)
(2.2609 1.57827 0)
(3.8256 -7.85514 0)
(4.72448 -15.0573 0)
(5.06599 -21.2952 0)
(5.14838 -27.063 0)
(4.92808 -32.2721 0)
(4.43912 -36.9419 0)
(3.74839 -41.128 0)
(2.88924 -44.7896 0)
(1.90922 -47.8155 0)
(0.867325 -49.9902 0)
(-0.143555 -50.8283 0)
(-1.03589 -50.1852 0)
(-1.78053 -48.4451 0)
(-2.35231 -45.6327 0)
(-2.74137 -41.8231 0)
(-2.96019 -37.1341 0)
(-3.03081 -31.7299 0)
(-2.97072 -25.833 0)
(-2.78362 -19.7313 0)
(-2.43787 -13.7878 0)
(-1.80725 -8.42344 0)
(-1.05705 -4.04338 0)
(-0.920696 -0.035725 0)
(-0.406767 8.83861 0)
(0.106779 14.767 0)
(0.374031 20.3075 0)
(0.61428 25.4336 0)
(0.747578 30.1021 0)
(0.646809 34.2733 0)
(0.421152 37.9015 0)
(0.085858 40.9346 0)
(-0.32866 43.2651 0)
(-0.754145 44.6441 0)
(-1.10041 44.5464 0)
(-1.33995 43.4614 0)
(-1.45143 41.4254 0)
(-1.42362 38.5041 0)
(-1.26796 34.7905 0)
(-1.00858 30.409 0)
(-0.675385 25.5259 0)
(-0.309391 20.338 0)
(0.0342268 15.0635 0)
(0.275511 9.97009 0)
(0.429055 5.41299 0)
(0.762837 2.13557 0)
(1.61287 -3.16957 0)
(2.53706 -9.92118 0)
(2.85803 -14.9971 0)
(3.05355 -19.6873 0)
(3.1295 -23.9407 0)
(2.96654 -27.7426 0)
(2.65062 -31.0817 0)
(2.20462 -33.9285 0)
(1.66266 -36.2392 0)
(1.05861 -37.8942 0)
(0.4397 -38.5707 0)
(-0.136262 -38.1506 0)
(-0.639263 -36.9444 0)
(-1.0563 -34.9756 0)
(-1.38303 -32.2936 0)
(-1.62525 -28.9684 0)
(-1.79152 -25.0986 0)
(-1.88546 -20.8193 0)
(-1.90408 -16.3157 0)
(-1.83094 -11.8294 0)
(-1.54758 -7.652 0)
(-1.14065 -4.07219 0)
(-1.01967 -1.17454 0)
(-0.939804 4.456 0)
(-0.573627 9.68543 0)
(-0.537915 14.1401 0)
(-0.113958 18.2021 0)
(0.0199468 21.9693 0)
(0.0396689 25.336 0)
(0.0862798 28.2562 0)
(0.0393584 30.6644 0)
(-0.0516823 32.5133 0)
(-0.17876 33.6856 0)
(-0.319974 33.7997 0)
(-0.421198 33.095 0)
(-0.440052 31.713 0)
(-0.385067 29.72 0)
(-0.303511 27.1531 0)
(-0.212623 24.0439 0)
(-0.0865488 20.4982 0)
(0.0920728 16.7087 0)
(0.205342 12.7963 0)
(0.27993 8.93318 0)
(0.228806 5.3518 0)
(-6.81304 -40.5191 0)
(-6.96916 -32.7539 0)
(-6.76696 -24.8898 0)
(-6.11859 -17.4325 0)
(-4.86651 -10.8587 0)
(-4.58345 -4.81314 0)
(-4.38302 3.52189 0)
(-3.98899 12.6097 0)
(-3.04925 20.5665 0)
(-2.61184 27.7045 0)
(-2.45592 34.3253 0)
(-2.4209 40.4026 0)
(-2.54007 45.9034 0)
(-2.80722 50.7773 0)
(-3.17661 54.9141 0)
(-3.58084 58.0761 0)
(-3.86874 59.76 0)
(-3.89697 59.3558 0)
(-3.69055 57.5132 0)
(-3.22717 54.2904 0)
(-2.50235 49.8187 0)
(-1.54859 44.2906 0)
(-0.427834 37.9576 0)
(0.774802 31.1143 0)
(1.95449 24.0744 0)
(2.93193 17.155 0)
(3.42973 10.7551 0)
(4.53345 5.17161 0)
(6.11777 -1.71005 0)
(7.95842 -8.77223 0)
(8.81669 -15.4253 0)
(8.98123 -21.4033 0)
(8.84346 -26.803 0)
(8.35871 -31.7107 0)
(7.55619 -36.1606 0)
(6.52262 -40.1672 0)
(5.30751 -43.6864 0)
(3.9545 -46.6146 0)
(2.51509 -48.7517 0)
(1.06687 -49.6525 0)
(-0.298828 -49.1231 0)
(-1.53479 -47.532 0)
(-2.61377 -44.8879 0)
(-3.51376 -41.249 0)
(-4.22328 -36.7278 0)
(-4.72875 -31.4993 0)
(-5.00425 -25.8114 0)
(-5.02101 -19.9796 0)
(-4.72865 -14.3574 0)
(-4.00602 -9.28714 0)
(-3.5522 -4.78118 0)
(-3.86795 1.13049 0)
(-3.75145 7.87214 0)
(-3.11206 14.2522 0)
(-2.65144 20.0617 0)
(-2.44792 25.3144 0)
(-2.30777 30.0647 0)
(-2.20306 34.2953 0)
(-2.17177 38.0017 0)
(-2.21033 41.1144 0)
(-2.28641 43.4879 0)
(-2.31872 44.812 0)
(-2.22045 44.6189 0)
(-1.99718 43.4099 0)
(-1.62176 41.2309 0)
(-1.0943 38.1776 0)
(-0.462991 34.3648 0)
(0.22528 29.9037 0)
(0.935364 24.9699 0)
(1.60545 19.8072 0)
(2.16459 14.6954 0)
(2.41488 9.89869 0)
(2.58998 5.53905 0)
(3.64379 0.938237 0)
(4.89421 -4.83702 0)
(5.79602 -10.2785 0)
(6.00199 -15.2101 0)
(5.98413 -19.6788 0)
(5.77759 -23.7219 0)
(5.3454 -27.3361 0)
(4.7389 -30.5258 0)
(3.99394 -33.2647 0)
(3.14227 -35.4991 0)
(2.21583 -37.1099 0)
(1.25499 -37.7961 0)
(0.318808 -37.4286 0)
(-0.552599 -36.2945 0)
(-1.34441 -34.408 0)
(-2.04416 -31.8113 0)
(-2.64102 -28.5749 0)
(-3.12016 -24.806 0)
(-3.45694 -20.654 0)
(-3.62165 -16.3176 0)
(-3.57742 -12.0382 0)
(-3.22684 -8.07992 0)
(-2.78003 -4.62652 0)
(-3.15819 -0.676937 0)
(-3.20379 4.32709 0)
(-2.98534 9.31112 0)
(-2.61808 13.8824 0)
(-2.35351 18.0578 0)
(-2.19288 21.8823 0)
(-2.0188 25.2738 0)
(-1.84007 28.1589 0)
(-1.55969 30.5858 0)
(-1.53851 32.487 0)
(-1.36932 33.6853 0)
(-1.17251 33.778 0)
(-0.934449 32.988 0)
(-0.595425 31.4807 0)
(-0.157887 29.4252 0)
(0.285142 26.873 0)
(0.650593 23.7703 0)
(1.01881 20.2299 0)
(1.12653 16.5258 0)
(1.59758 12.7469 0)
(1.66201 9.04438 0)
(1.56914 5.51631 0)
(2.08704 2.23998 0)
(2.76114 -1.75056 0)
(3.82252 -6.52355 0)
(4.0757 -9.38995 0)
(4.00914 -15.6738 0)
(-8.7717 -39.9771 0)
(-9.28856 -32.6388 0)
(-9.35216 -25.1914 0)
(-8.93352 -18.0324 0)
(-8.19021 -11.4459 0)
(-8.44022 -4.79615 0)
(-8.2963 3.30339 0)
(-8.05553 11.8662 0)
(-7.50236 19.9236 0)
(-6.97195 27.3297 0)
(-6.59977 34.1341 0)
(-6.40062 40.37 0)
(-6.31298 45.992 0)
(-6.28226 50.936 0)
(-6.28759 55.0957 0)
(-6.25881 58.1949 0)
(-6.00069 59.609 0)
(-5.39545 58.9563 0)
(-4.51807 56.8457 0)
(-3.36333 53.3581 0)
(-1.95967 48.6541 0)
(-0.3734 42.9531 0)
(1.31287 36.5353 0)
(2.99487 29.7149 0)
(4.53022 22.8127 0)
(5.75746 16.1679 0)
(6.87448 9.9533 0)
(8.81032 3.40263 0)
(10.4556 -3.3183 0)
(11.9869 -9.87904 0)
(12.709 -15.9965 0)
(12.763 -21.449 0)
(12.3646 -26.3972 0)
(11.5647 -30.9422 0)
(10.4318 -35.103 0)
(9.04808 -38.8799 0)
(7.47122 -42.2252 0)
(5.74731 -45.0302 0)
(3.92274 -47.098 0)
(2.06205 -48.019 0)
(0.258372 -47.5835 0)
(-1.42687 -46.1261 0)
(-2.96012 -43.6506 0)
(-4.30118 -40.21 0)
(-5.40954 -35.9166 0)
(-6.24467 -30.9514 0)
(-6.77052 -25.5609 0)
(-6.97386 -20.0347 0)
(-6.83933 -14.6612 0)
(-6.41412 -9.66148 0)
(-6.49402 -4.77508 0)
(-6.67867 1.12242 0)
(-6.59935 7.5834 0)
(-6.32779 13.8321 0)
(-5.91873 19.6591 0)
(-5.51819 25.001 0)
(-5.1673 29.8289 0)
(-4.9133 34.1614 0)
(-4.70481 37.9301 0)
(-4.50128 41.0504 0)
(-4.27556 43.3813 0)
(-3.92407 44.5591 0)
(-3.36951 44.2386 0)
(-2.66209 42.8786 0)
(-1.77204 40.5215 0)
(-0.714387 37.3262 0)
(0.416169 33.4675 0)
(1.47373 28.9938 0)
(2.50208 24.1227 0)
(3.44227 19.1452 0)
(4.15536 14.1943 0)
(4.67158 9.41425 0)
(5.82321 4.77989 0)
(6.97737 -0.477302 0)
(8.09911 -5.64008 0)
(8.77871 -10.7086 0)
(8.91806 -15.3246 0)
(8.73381 -19.4929 0)
(8.27733 -23.2868 0)
(7.57275 -26.6994 0)
(6.67634 -29.7219 0)
(5.63027 -32.328 0)
(4.46761 -34.4614 0)
(3.22011 -36.0039 0)
(1.9244 -36.6708 0)
(0.642278 -36.3438 0)
(-0.576165 -35.2773 0)
(-1.70939 -33.4803 0)
(-2.73241 -30.9931 0)
(-3.61742 -27.8895 0)
(-4.33306 -24.2827 0)
(-4.84643 -20.3263 0)
(-5.13598 -16.21 0)
(-5.18454 -12.1399 0)
(-4.97883 -8.30186 0)
(-4.93289 -4.66912 0)
(-5.24392 -0.466348 0)
(-5.26814 4.28461 0)
(-5.22501 9.07091 0)
(-4.97352 13.5934 0)
(-4.66039 17.7759 0)
(-4.32718 21.5903 0)
(-3.97272 24.9665 0)
(-3.65218 27.8998 0)
(-3.34207 30.3591 0)
(-2.97007 32.2438 0)
(-2.48595 33.3352 0)
(-1.89526 33.3047 0)
(-1.03283 32.5176 0)
(-0.657379 30.9782 0)
(-0.0763045 28.8962 0)
(0.378457 26.3764 0)
(1.29964 23.339 0)
(1.91164 19.8726 0)
(2.50849 16.1373 0)
(3.04315 12.3472 0)
(3.42102 8.68735 0)
(3.8237 5.19083 0)
(4.68031 1.4513 0)
(5.36073 -2.46911 0)
(5.97424 -6.88856 0)
(6.30447 -9.65454 0)
(6.12184 -15.5533 0)
(-10.4879 -39.0359 0)
(-11.3745 -32.1774 0)
(-11.7932 -25.1674 0)
(-11.7624 -18.3014 0)
(-11.5777 -11.6881 0)
(-12.0662 -4.68691 0)
(-12.0274 3.33369 0)
(-11.9876 11.5553 0)
(-11.6858 19.4722 0)
(-11.2291 26.8937 0)
(-10.7973 33.7768 0)
(-10.4042 40.0826 0)
(-10.0358 45.7601 0)
(-9.70351 50.7488 0)
(-9.35534 54.8807 0)
(-8.88139 57.8234 0)
(-8.03724 58.8505 0)
(-6.77504 57.9009 0)
(-5.20237 55.4848 0)
(-3.32627 51.7298 0)
(-1.2294 46.8383 0)
(0.970323 41.0273 0)
(3.17241 34.5835 0)
(5.28637 27.8838 0)
(7.1625 21.2326 0)
(8.81031 14.7316 0)
(11.0422 8.18426 0)
(13.0392 1.30088 0)
(14.7848 -4.96519 0)
(16.0078 -10.8335 0)
(16.464 -16.236 0)
(16.2611 -21.1257 0)
(15.5464 -25.6174 0)
(14.4145 -29.7897 0)
(12.9483 -33.6618 0)
(11.2271 -37.2173 0)
(9.30982 -40.3932 0)
(7.24068 -43.0728 0)
(5.06123 -45.0628 0)
(2.82889 -45.985 0)
(0.63965 -45.6333 0)
(-1.43253 -44.306 0)
(-3.34613 -42.0084 0)
(-5.0481 -38.7946 0)
(-6.48332 -34.7775 0)
(-7.60451 -30.1313 0)
(-8.38508 -25.0826 0)
(-8.82916 -19.8795 0)
(-8.94428 -14.7418 0)
(-8.8806 -9.77591 0)
(-9.24016 -4.61942 0)
(-9.41494 1.32425 0)
(-9.45541 7.48139 0)
(-9.33216 13.5287 0)
(-8.99277 19.2726 0)
(-8.57855 24.6029 0)
(-8.14805 29.4613 0)
(-7.70637 33.8012 0)
(-7.24699 37.5664 0)
(-6.76569 40.6821 0)
(-6.1988 42.9404 0)
(-5.38768 43.8739 0)
(-4.32335 43.3653 0)
(-3.1316 41.8091 0)
(-1.72388 39.263 0)
(-0.272515 36.018 0)
(0.926838 32.213 0)
(2.75102 27.8099 0)
(4.02625 23.0414 0)
(5.30252 18.1333 0)
(6.43461 13.2501 0)
(7.67744 8.43713 0)
(9.22879 3.36918 0)
(10.3649 -1.67808 0)
(11.3151 -6.46056 0)
(11.7598 -11.0177 0)
(11.7041 -15.2085 0)
(11.272 -19.0427 0)
(10.5355 -22.5569 0)
(9.54454 -25.7455 0)
(8.35543 -28.5924 0)
(7.01342 -31.0636 0)
(5.5526 -33.0954 0)
(4.00355 -34.5686 0)
(2.40184 -35.2145 0)
(0.81427 -34.9309 0)
(-0.703262 -33.9397 0)
(-2.12328 -32.2494 0)
(-3.41117 -29.901 0)
(-4.53012 -26.9709 0)
(-5.44515 -23.5722 0)
(-6.12929 -19.8511 0)
(-6.57375 -15.9736 0)
(-6.77502 -12.0996 0)
(-6.78903 -8.33764 0)
(-7.00861 -4.54101 0)
(-7.2973 -0.219674 0)
(-7.37651 4.34997 0)
(-7.39592 8.92483 0)
(-7.19835 13.3215 0)
(-6.87541 17.4341 0)
(-6.48442 21.2048 0)
(-6.03637 24.5773 0)
(-5.54101 27.4928 0)
(-4.99349 29.8883 0)
(-4.37223 31.6544 0)
(-3.63421 32.5873 0)
(-2.79908 32.4971 0)
(-1.8895 31.7795 0)
(-0.693674 30.3887 0)
(-0.156141 28.2668 0)
(0.946132 25.528 0)
(2.26785 22.3622 0)
(3.16964 18.9727 0)
(4.10582 15.4016 0)
(4.88527 11.7648 0)
(5.53913 8.17009 0)
(6.43399 4.51272 0)
(7.23421 0.592007 0)
(7.9086 -3.14665 0)
(8.29035 -7.14872 0)
(8.55265 -10.2128 0)
(8.08327 -14.8832 0)
(-12.0457 -37.7192 0)
(-13.306 -31.3462 0)
(-14.0988 -24.7509 0)
(-14.4794 -18.1393 0)
(-14.8022 -11.4956 0)
(-15.4965 -4.30778 0)
(-15.6636 3.51609 0)
(-15.7939 11.4147 0)
(-15.6428 19.1325 0)
(-15.2657 26.462 0)
(-14.7983 33.3083 0)
(-14.2737 39.6063 0)
(-13.7013 45.2832 0)
(-13.074 50.2326 0)
(-12.3483 54.2553 0)
(-11.3774 56.9297 0)
(-9.88137 57.4266 0)
(-7.95962 56.1654 0)
(-5.68261 53.4062 0)
(-3.05003 49.3723 0)
(-0.260958 44.367 0)
(2.47809 38.552 0)
(5.14143 32.2325 0)
(7.63031 25.7146 0)
(9.93793 19.1532 0)
(12.5318 12.5701 0)
(15.2245 5.76256 0)
(17.275 -0.611246 0)
(18.897 -6.30885 0)
(19.7852 -11.5075 0)
(19.9289 -16.2274 0)
(19.414 -20.5372 0)
(18.3624 -24.5495 0)
(16.8904 -28.338 0)
(15.0938 -31.9145 0)
(13.0501 -35.2426 0)
(10.8157 -38.2416 0)
(8.43097 -40.7854 0)
(5.93347 -42.684 0)
(3.37763 -43.593 0)
(0.861974 -43.3246 0)
(-1.53225 -42.1344 0)
(-3.75826 -40.0303 0)
(-5.75766 -37.0679 0)
(-7.47206 -33.355 0)
(-8.85633 -29.0501 0)
(-9.89167 -24.3488 0)
(-10.5879 -19.4527 0)
(-10.9776 -14.5205 0)
(-11.2718 -9.57081 0)
(-11.8526 -4.27309 0)
(-12.0822 1.55745 0)
(-12.2384 7.47006 0)
(-12.195 13.316 0)
(-11.9204 18.9176 0)
(-11.5125 24.1579 0)
(-11.0136 28.9631 0)
(-10.4367 33.2659 0)
(-9.77915 36.9827 0)
(-9.00699 39.9837 0)
(-8.03123 42.029 0)
(-6.69891 42.6342 0)
(-5.12458 41.9736 0)
(-3.47235 40.3089 0)
(-1.41332 37.7741 0)
(-0.228143 34.4718 0)
(2.03373 30.5164 0)
(4.00842 26.06 0)
(5.79419 21.4179 0)
(7.52327 16.6494 0)
(9.18883 11.8358 0)
(11.036 6.90783 0)
(12.4957 1.9251 0)
(13.6378 -2.67227 0)
(14.3509 -7.00616 0)
(14.5325 -11.078 0)
(14.2325 -14.8473 0)
(13.535 -18.3323 0)
(12.5174 -21.5585 0)
(11.2451 -24.5201 0)
(9.77642 -27.191 0)
(8.15737 -29.5254 0)
(6.42168 -31.452 0)
(4.59899 -32.8515 0)
(2.72638 -33.4754 0)
(0.875276 -33.2402 0)
(-0.895968 -32.3349 0)
(-2.55604 -30.7686 0)
(-4.06519 -28.5828 0)
(-5.38404 -25.8521 0)
(-6.48022 -22.6831 0)
(-7.3347 -19.2061 0)
(-7.94662 -15.5589 0)
(-8.32663 -11.8587 0)
(-8.58111 -8.14971 0)
(-9.002 -4.25703 0)
(-9.30684 0.0371168 0)
(-9.45554 4.4332 0)
(-9.49768 8.82521 0)
(-9.33002 13.0747 0)
(-9.01283 17.0713 0)
(-8.58364 20.7458 0)
(-8.05212 24.0331 0)
(-7.42852 26.873 0)
(-6.71617 29.1974 0)
(-5.89626 30.8884 0)
(-4.89655 31.6854 0)
(-3.73124 31.4885 0)
(-2.47993 30.6339 0)
(-1.0859 29.1678 0)
(0.429001 27.0086 0)
(1.90578 24.2425 0)
(3.27234 21.1669 0)
(4.5608 17.888 0)
(5.75139 14.426 0)
(6.81364 10.8784 0)
(7.88529 7.27488 0)
(8.9967 3.54782 0)
(9.74627 -0.15079 0)
(10.356 -3.62621 0)
(10.5175 -7.25046 0)
(10.6346 -10.0025 0)
(9.81648 -14.5054 0)
)
;

boundaryField
{
    inlet
    {
        type            calculated;
        value           nonuniform List<vector> 0();
    }
    outlet
    {
        type            calculated;
        value           nonuniform List<vector> 
24
(
(4.00914 -15.6738 0)
(6.12184 -15.5533 0)
(8.08327 -14.8832 0)
(9.81648 -14.5054 0)
(11.339 -13.8049 0)
(12.5998 -12.8971 0)
(13.5638 -11.7858 0)
(14.1867 -10.5048 0)
(14.5025 -9.13421 0)
(14.519 -7.7271 0)
(14.1958 -6.3311 0)
(13.475 -5.01007 0)
(12.2642 -3.82467 0)
(10.4777 -2.80761 0)
(8.23434 -1.98388 0)
(5.8069 -1.36522 0)
(3.68425 -0.925067 0)
(2.29959 -0.644326 0)
(1.49032 -0.466544 0)
(1.02746 -0.34717 0)
(0.795665 -0.2585 0)
(0.667166 -0.178648 0)
(0.611808 -0.0967073 0)
(0.654392 -0.0217237 0)
)
;
    }
    topWall
    {
        type            calculated;
        value           uniform (0 0 0);
    }
    lowerWall
    {
        type            calculated;
        value           nonuniform List<vector> 0();
    }
    leadingEdge
    {
        type            calculated;
        value           nonuniform List<vector> 0();
    }
    trailingEdge
    {
        type            calculated;
        value           nonuniform List<vector> 0();
    }
    upperSurface
    {
        type            calculated;
        value           nonuniform List<vector> 0();
    }
    lowerSurface
    {
        type            calculated;
        value           nonuniform List<vector> 0();
    }
    frontAndBack
    {
        type            empty;
    }
    procBoundary7to2
    {
        type            processor;
        value           uniform (-4.71069 -48.1193 0);
    }
    procBoundary7to3
    {
        type            processor;
        value           nonuniform List<vector> 
124
(
(-2.30357 -40.0963 0)
(-1.38067 -31.9421 0)
(-0.443928 -23.6994 0)
(0.355278 -15.7672 0)
(0.873016 -8.58391 0)
(2.23917 -3.18637 0)
(4.28599 5.25834 0)
(5.75779 14.2487 0)
(6.23981 21.5688 0)
(6.3819 28.2543 0)
(6.19638 34.3048 0)
(5.66755 39.8062 0)
(4.86634 44.8417 0)
(3.84126 49.3757 0)
(2.65041 53.2956 0)
(1.35921 56.4032 0)
(0.0553038 58.3221 0)
(-1.12177 58.3145 0)
(-2.10747 56.9047 0)
(-2.88528 54.1788 0)
(-3.4256 50.2144 0)
(-3.72116 45.1444 0)
(-3.79491 39.1523 0)
(-3.68631 32.4767 0)
(-3.43479 25.4168 0)
(-3.04244 18.3582 0)
(-2.37944 11.7944 0)
(-1.4798 6.24249 0)
(-0.902186 2.27752 0)
(-0.258642 -6.56423 0)
(0.435321 -14.4485 0)
(0.756392 -20.9025 0)
(1.05204 -26.8901 0)
(1.31751 -32.3618 0)
(1.12201 -37.3157 0)
(0.787608 -41.719 0)
(0.306052 -45.5236 0)
(-0.287392 -48.6318 0)
(-0.921227 -50.8174 0)
(-1.47712 -51.549 0)
(-1.88112 -50.7676 0)
(-2.12437 -48.8547 0)
(-2.17993 -45.856 0)
(-2.04108 -41.8684 0)
(-1.72918 -37.0297 0)
(-1.28858 -31.5188 0)
(-0.780617 -25.5632 0)
(-0.268613 -19.4296 0)
(0.171051 -13.4174 0)
(0.42125 -7.8824 0)
(0.977442 -3.43337 0)
(1.81853 0.702758 0)
(3.32297 9.40345 0)
(3.73022 15.2399 0)
(3.98477 20.6206 0)
(4.05811 25.5748 0)
(3.86058 30.0365 0)
(3.45194 33.9939 0)
(2.8839 37.4538 0)
(2.18826 40.376 0)
(1.40619 42.6511 0)
(0.591326 44.0392 0)
(-0.176327 44.0393 0)
(-0.844808 43.0572 0)
(-1.40075 41.1502 0)
(-1.83074 38.3619 0)
(-2.13291 34.7669 0)
(-2.31672 30.4791 0)
(-2.39416 25.6583 0)
(-2.37308 20.5079 0)
(-2.25027 15.2784 0)
(-1.9638 10.2738 0)
(-1.40629 5.84902 0)
(-1.11467 2.2405 0)
(-0.855926 -2.60457 0)
(-0.518838 -9.46311 0)
(-0.191813 -14.6427 0)
(0.0994277 -19.4291 0)
(0.279286 -23.8136 0)
(0.320297 -27.7796 0)
(0.299129 -31.2735 0)
(0.168812 -34.2427 0)
(-0.0378744 -36.6396 0)
(-0.294218 -38.338 0)
(-0.548375 -38.9897 0)
(-0.747332 -38.5088 0)
(-0.86704 -37.217 0)
(-0.88889 -35.1519 0)
(-0.814982 -32.3827 0)
(-0.666629 -28.9908 0)
(-0.473144 -25.0802 0)
(-0.248737 -20.7699 0)
(-0.0181611 -16.2172 0)
(0.180744 -11.6603 0)
(0.274376 -7.38247 0)
(0.349907 -3.71472 0)
(0.472503 -1.32011 0)
(1.47778 4.8542 0)
(1.9313 10.022 0)
(1.8916 14.4181 0)
(2.43774 18.4988 0)
(2.39383 22.1219 0)
(2.28728 25.3342 0)
(2.06474 28.1341 0)
(1.72293 30.4602 0)
(1.31471 32.2594 0)
(0.864702 33.397 0)
(0.403282 33.5207 0)
(-0.0232256 32.8636 0)
(-0.391875 31.542 0)
(-0.702511 29.5918 0)
(-0.963818 27.0526 0)
(-1.17491 23.9882 0)
(-1.32837 20.5095 0)
(-1.42944 16.7598 0)
(-1.48031 12.8721 0)
(-1.45113 9.00886 0)
(-1.23174 5.37969 0)
(-0.0102524 2.18313 0)
(-0.0102524 2.18313 0)
(0.501388 0.143413 0)
(1.23445 -6.26074 0)
(1.16995 -9.30093 0)
(1.7269 -15.5595 0)
)
;
    }
    procBoundary7to6
    {
        type            processor;
        value           nonuniform List<vector> 
25
(
(-11.3917 -41.4246 0)
(-12.4251 -38.9323 0)
(-13.3925 -36.1395 0)
(-14.3472 -33.0957 0)
(-15.3366 -29.8345 0)
(-16.3968 -26.3656 0)
(-17.5498 -22.7589 0)
(-18.6283 -19.0399 0)
(-19.6546 -15.3104 0)
(-20.6704 -11.5455 0)
(-20.6704 -11.5455 0)
(-17.973 -9.46817 0)
(-18.2086 -5.50589 0)
(-14.1942 -2.70229 0)
(-9.49618 -1.76244 0)
(-4.48409 -1.34617 0)
(-2.79631 -0.943649 0)
(-2.15253 -0.694533 0)
(-1.88173 -0.462997 0)
(-1.78075 -0.276262 0)
(-1.52056 -0.0883417 0)
(-6.32099 -47.7432 0)
(-7.80899 -46.8053 0)
(-9.11761 -45.401 0)
(-10.2967 -43.5945 0)
)
;
    }
}


// ************************************************************************* //
