/*--------------------------------*- C++ -*----------------------------------*\
| =========                 |                                                 |
| \\      /  F ield         | OpenFOAM: The Open Source CFD Toolbox           |
|  \\    /   O peration     | Version:  2206                                  |
|   \\  /    A nd           | Website:  www.openfoam.com                      |
|    \\/     M anipulation  |                                                 |
\*---------------------------------------------------------------------------*/
FoamFile
{
    version     2.0;
    format      ascii;
    arch        "LSB;label=32;scalar=64";
    class       volVectorField;
    location    "19.2";
    object      ddt0(U);
}
// * * * * * * * * * * * * * * * * * * * * * * * * * * * * * * * * * * * * * //

dimensions      [0 1 -2 0 0 0 0];

internalField   nonuniform List<vector> 
1849
(
(-38.4249 78.8482 0)
(-14.2049 65.8472 0)
(16.2512 49.4133 0)
(47.1343 26.3829 0)
(74.0251 6.67865 0)
(91.8182 -6.05085 0)
(98.0577 -10.947 0)
(95.1662 -9.64765 0)
(88.3466 -5.71032 0)
(79.3035 -2.07917 0)
(69.7202 -0.486223 0)
(60.6385 -1.80303 0)
(52.4351 -6.23413 0)
(44.9593 -13.5358 0)
(37.511 -23.0572 0)
(29.1857 -33.1096 0)
(20.8455 -43.1223 0)
(12.1162 -51.9317 0)
(2.99716 -58.465 0)
(-6.29139 -61.9143 0)
(-15.1612 -61.4831 0)
(-23.0762 -57.505 0)
(-30.0509 -51.0063 0)
(-35.9809 -42.4698 0)
(-40.922 -32.441 0)
(-45.0479 -21.4284 0)
(-48.1965 -9.87187 0)
(-50.29 1.87203 0)
(-51.725 13.6558 0)
(-52.4045 25.2161 0)
(-52.2557 36.0574 0)
(-50.7935 45.4555 0)
(-46.8665 52.1836 0)
(-39.861 55.5437 0)
(-30.3907 56.1486 0)
(-19.0704 54.0503 0)
(-6.56695 49.667 0)
(7.03701 43.4535 0)
(21.0145 35.1027 0)
(33.2892 25.9251 0)
(42.8774 18.1742 0)
(48.8772 12.0773 0)
(51.1123 7.38662 0)
(50.6065 3.66549 0)
(48.4925 0.15752 0)
(45.2956 -3.77747 0)
(41.3498 -8.42298 0)
(36.7945 -13.7842 0)
(31.6588 -19.7747 0)
(25.8281 -26.0274 0)
(19.5428 -31.9909 0)
(13.0839 -37.3112 0)
(6.40943 -41.3576 0)
(-0.338559 -43.5288 0)
(-6.79081 -43.1949 0)
(-12.6374 -40.7021 0)
(-17.7568 -36.4901 0)
(-22.0232 -30.8956 0)
(-25.4363 -24.3045 0)
(-28.152 -17.0732 0)
(-30.2455 -9.52189 0)
(-31.4791 -1.92344 0)
(-32.1109 5.54294 0)
(-32.1635 12.7965 0)
(-31.5812 19.5918 0)
(-30.2938 25.6478 0)
(-28.0594 30.606 0)
(-24.4284 33.8637 0)
(-19.5796 35.5452 0)
(-13.7984 35.7915 0)
(-7.43244 34.6761 0)
(-0.773827 32.3785 0)
(5.98896 29.094 0)
(12.7202 24.9647 0)
(18.8648 20.087 0)
(23.8557 15.0264 0)
(27.5312 10.2858 0)
(29.7623 5.85952 0)
(30.6124 1.67142 0)
(30.3679 -2.32977 0)
(29.243 -6.3056 0)
(27.3004 -10.3598 0)
(24.6283 -14.4765 0)
(21.2891 -18.5319 0)
(17.3769 -22.3144 0)
(13.0879 -25.6902 0)
(8.4749 -28.3752 0)
(3.60351 -29.9858 0)
(-1.28912 -30.0266 0)
(-5.91457 -28.7161 0)
(-10.0883 -26.1524 0)
(-13.6595 -22.5236 0)
(-16.5614 -18.082 0)
(-18.8481 -13.1021 0)
(-20.5854 -7.85508 0)
(-21.6818 -2.58519 0)
(-22.2217 2.57326 0)
(-22.2855 7.59494 0)
(-21.79 12.2875 0)
(-20.7233 16.4175 0)
(-19.0353 19.8118 0)
(-16.5882 22.2411 0)
(-13.4465 23.6889 0)
(-9.81406 24.2568 0)
(-5.88787 23.9279 0)
(-1.82628 22.7635 0)
(2.24385 20.8751 0)
(6.27923 18.3872 0)
(10.188 15.3671 0)
(13.6576 11.8834 0)
(16.431 8.24297 0)
(18.5003 4.75137 0)
(19.8064 1.41586 0)
(20.3593 -1.78943 0)
(20.1673 -4.84058 0)
(19.2384 -7.70646 0)
(17.7343 -10.4104 0)
(15.7264 -12.9466 0)
(13.2867 -15.2654 0)
(10.4828 -17.2501 0)
(7.3833 -18.7359 0)
(4.09193 -19.5427 0)
(0.789086 -19.5362 0)
(-2.37773 -18.7025 0)
(-3.38779 52.5279 0)
(28.7129 33.2603 0)
(56.445 13.8414 0)
(76.5094 -0.273471 0)
(86.431 -7.85038 0)
(86.2475 -9.18187 0)
(81.8254 -6.2332 0)
(75.1302 -1.38368 0)
(68.0241 3.33533 0)
(61.6193 6.52634 0)
(56.364 7.15697 0)
(52.1736 4.78233 0)
(48.5443 -0.364393 0)
(44.7411 -7.62602 0)
(40.03 -16.2596 0)
(33.7965 -25.4939 0)
(26.0966 -34.5461 0)
(17.3275 -42.6479 0)
(7.68418 -48.7546 0)
(-2.48466 -52.063 0)
(-12.6688 -52.1797 0)
(-22.2264 -49.177 0)
(-30.8454 -43.625 0)
(-38.5236 -36.1208 0)
(-45.1484 -27.0707 0)
(-50.6828 -17.035 0)
(-55.3763 -6.50585 0)
(-59.2199 4.42534 0)
(-61.9965 15.5631 0)
(-63.1173 26.2351 0)
(-61.457 35.1939 0)
(-56.0908 41.143 0)
(-47.6002 44.2638 0)
(-36.4476 44.8788 0)
(-23.6775 43.3617 0)
(-10.1457 40.1566 0)
(4.13724 35.4103 0)
(17.869 28.4698 0)
(29.5145 21.7671 0)
(38.2439 16.4983 0)
(43.738 12.5781 0)
(46.499 9.77524 0)
(47.0921 7.5461 0)
(46.6005 5.31003 0)
(45.3085 2.6122 0)
(43.417 -0.75099 0)
(40.9429 -4.83136 0)
(37.7678 -9.53176 0)
(33.8007 -14.6981 0)
(28.9636 -20.1792 0)
(23.1927 -25.6388 0)
(16.6179 -30.4613 0)
(9.64215 -34.2683 0)
(2.43839 -36.4544 0)
(-4.69942 -36.5893 0)
(-11.3799 -34.7097 0)
(-17.436 -31.2568 0)
(-22.7724 -26.4883 0)
(-27.3412 -20.6948 0)
(-31.0394 -14.1885 0)
(-33.9074 -7.39064 0)
(-36.082 -0.525422 0)
(-37.5129 6.33282 0)
(-38.0487 12.9543 0)
(-37.4131 18.9221 0)
(-35.1299 23.6253 0)
(-31.2274 26.8386 0)
(-25.9562 28.6977 0)
(-19.5904 29.309 0)
(-12.5483 28.7917 0)
(-5.21397 27.317 0)
(2.23075 25.0155 0)
(9.59419 21.8447 0)
(16.2315 18.0116 0)
(21.8531 14.3514 0)
(26.1578 10.939 0)
(29.0943 7.71007 0)
(30.8047 4.59812 0)
(31.3815 1.51999 0)
(31.0873 -1.59356 0)
(30.0376 -4.81006 0)
(28.2612 -8.12692 0)
(25.7932 -11.4903 0)
(22.6566 -14.8595 0)
(18.8915 -18.1452 0)
(14.55 -21.1205 0)
(9.75028 -23.4487 0)
(4.67301 -24.8048 0)
(-0.44411 -24.9876 0)
(-5.4006 -24.0001 0)
(-10.0492 -21.9246 0)
(-14.2451 -18.8885 0)
(-17.8752 -15.0668 0)
(-20.8131 -10.6825 0)
(-23.0833 -6.07558 0)
(-24.7474 -1.44343 0)
(-25.7957 3.16428 0)
(-26.1516 7.623 0)
(-25.6744 11.6648 0)
(-24.1448 14.9394 0)
(-21.6514 17.3586 0)
(-18.3361 18.9846 0)
(-14.347 19.8575 0)
(-9.90877 19.9753 0)
(-5.24215 19.3823 0)
(-0.445179 18.1781 0)
(4.4436 16.3722 0)
(9.10444 13.8838 0)
(13.245 11.1444 0)
(16.6869 8.43134 0)
(19.2651 5.77176 0)
(20.9573 3.16268 0)
(21.8352 0.634088 0)
(21.8718 -1.77621 0)
(21.2734 -4.09008 0)
(20.1015 -6.34051 0)
(18.4175 -8.51016 0)
(16.2719 -10.5551 0)
(13.7076 -12.4386 0)
(10.778 -14.0927 0)
(7.5631 -15.3744 0)
(4.18414 -16.0949 0)
(0.775721 -16.1333 0)
(39.4129 17.654 0)
(56.624 6.02374 0)
(65.9073 -0.943105 0)
(66.9781 -4.0653 0)
(63.7966 -4.19181 0)
(58.5651 -2.22036 0)
(53.1087 1.00505 0)
(48.6839 4.83307 0)
(45.8662 8.15215 0)
(44.6889 9.78499 0)
(44.7574 9.10626 0)
(45.3171 6.11923 0)
(45.5075 1.2155 0)
(44.5759 -5.00269 0)
(41.9644 -11.9416 0)
(37.3726 -19.2125 0)
(30.6849 -26.5378 0)
(21.9412 -33.1763 0)
(11.6227 -38.1742 0)
(0.512702 -40.9746 0)
(-10.9082 -41.1922 0)
(-22.0962 -38.871 0)
(-32.5454 -34.2931 0)
(-41.9775 -27.8281 0)
(-50.21 -19.8938 0)
(-57.0632 -10.8663 0)
(-62.3476 -1.1237 0)
(-65.6743 8.71094 0)
(-66.3472 17.6472 0)
(-63.2885 24.5695 0)
(-56.9402 29.1347 0)
(-47.5401 31.4397 0)
(-36.0573 31.8566 0)
(-23.628 30.9259 0)
(-11.0712 29.0863 0)
(1.51974 26.0727 0)
(12.9168 21.3261 0)
(22.2689 17.2041 0)
(29.1533 14.0182 0)
(33.7492 11.6103 0)
(36.6593 9.88619 0)
(38.4846 8.59737 0)
(39.6359 7.30808 0)
(40.2236 5.64065 0)
(40.3486 3.43767 0)
(39.948 0.635966 0)
(38.8786 -2.74608 0)
(37 -6.62811 0)
(34.1622 -10.8563 0)
(30.2623 -15.2274 0)
(25.244 -19.5567 0)
(19.1315 -23.6057 0)
(12.1243 -26.883 0)
(4.54007 -28.795 0)
(-3.20134 -29.0078 0)
(-10.7544 -27.6228 0)
(-17.8166 -24.7961 0)
(-24.1707 -20.7574 0)
(-29.6686 -15.8092 0)
(-34.2019 -10.2483 0)
(-37.6844 -4.31633 0)
(-40.0259 1.73916 0)
(-41.0581 7.55407 0)
(-40.4213 12.6304 0)
(-37.9662 16.6056 0)
(-33.9257 19.4425 0)
(-28.5087 21.1873 0)
(-22.1026 21.9195 0)
(-15.1491 21.8154 0)
(-8.02897 21.0418 0)
(-0.870711 19.67 0)
(6.14936 17.4637 0)
(12.4481 14.7726 0)
(17.8044 12.2813 0)
(22.0378 9.94349 0)
(25.1992 7.73123 0)
(27.4055 5.61828 0)
(28.7763 3.52651 0)
(29.3574 1.34431 0)
(29.2186 -0.98832 0)
(28.444 -3.47806 0)
(27.0053 -6.10366 0)
(24.9019 -8.80597 0)
(22.1396 -11.495 0)
(18.702 -14.0723 0)
(14.5988 -16.4202 0)
(9.90511 -18.3399 0)
(4.79924 -19.5318 0)
(-0.494065 -19.7399 0)
(-5.77436 -18.8754 0)
(-10.8318 -17.1021 0)
(-15.4617 -14.5351 0)
(-19.503 -11.3414 0)
(-22.8363 -7.70686 0)
(-25.3822 -3.80358 0)
(-27.0891 0.186595 0)
(-27.9093 4.0294 0)
(-27.5896 7.45014 0)
(-26.0958 10.2489 0)
(-23.5687 12.3878 0)
(-20.1356 13.8764 0)
(-16.0114 14.7485 0)
(-11.4561 15.07 0)
(-6.68678 14.9087 0)
(-1.7583 14.2778 0)
(3.22544 12.9889 0)
(7.84984 11.1729 0)
(11.9162 9.34541 0)
(15.2293 7.53601 0)
(17.7336 5.73442 0)
(19.465 3.94615 0)
(20.4913 2.18131 0)
(20.8147 0.444595 0)
(20.5858 -1.28617 0)
(19.8654 -3.04486 0)
(18.6783 -4.80841 0)
(17.0527 -6.53077 0)
(15.0105 -8.16378 0)
(12.572 -9.66106 0)
(9.76294 -10.975 0)
(6.63799 -12.0118 0)
(3.2891 -12.6146 0)
(-0.202776 -12.6424 0)
(38.59 8.14601 0)
(39.775 5.04672 0)
(38.2585 2.81829 0)
(35.3602 1.52191 0)
(32.1814 1.32751 0)
(29.6005 2.34342 0)
(28.0913 4.18677 0)
(27.8575 6.07344 0)
(29.3669 7.36923 0)
(32.0996 7.58154 0)
(35.2534 6.46904 0)
(37.9966 4.03141 0)
(39.6553 0.449908 0)
(39.5533 -3.9467 0)
(37.6748 -8.80531 0)
(33.8541 -13.8383 0)
(28.0435 -18.7735 0)
(20.3211 -23.4165 0)
(10.9327 -27.2372 0)
(0.347699 -29.2111 0)
(-10.7357 -29.1351 0)
(-21.7444 -27.1159 0)
(-32.065 -23.2845 0)
(-41.1841 -17.9552 0)
(-48.6611 -11.5406 0)
(-54.0758 -4.55342 0)
(-57.032 2.33816 0)
(-56.591 8.37006 0)
(-53.1702 13.1776 0)
(-47.0911 16.6537 0)
(-39.0377 18.7935 0)
(-29.8624 19.7129 0)
(-20.3964 19.794 0)
(-11.1897 19.3574 0)
(-2.32772 18.2456 0)
(5.69024 15.9639 0)
(12.3168 13.7924 0)
(17.4572 11.8796 0)
(21.3328 10.2026 0)
(24.3247 8.83538 0)
(26.7402 7.74029 0)
(28.7911 6.77948 0)
(30.5774 5.76564 0)
(32.057 4.50601 0)
(33.1145 2.8506 0)
(33.5137 0.734039 0)
(33.1806 -1.80645 0)
(32.0059 -4.6975 0)
(29.8571 -7.83572 0)
(26.6609 -11.0669 0)
(22.3882 -14.2043 0)
(17.0657 -17.0623 0)
(10.7906 -19.4669 0)
(3.76327 -20.9731 0)
(-3.60035 -21.0301 0)
(-10.9202 -19.8468 0)
(-17.839 -17.5705 0)
(-24.0293 -14.3446 0)
(-29.2445 -10.3913 0)
(-33.2842 -5.97301 0)
(-35.9795 -1.40268 0)
(-37.1469 2.95987 0)
(-36.4169 6.75668 0)
(-34.1267 9.87916 0)
(-30.4276 12.2627 0)
(-25.637 13.8646 0)
(-20.1367 14.7393 0)
(-14.3029 15.0342 0)
(-8.42045 14.8866 0)
(-2.5631 14.2834 0)
(3.11382 12.9973 0)
(8.16738 11.3534 0)
(12.457 9.81247 0)
(15.9135 8.31207 0)
(18.6285 6.866 0)
(20.7088 5.46885 0)
(22.2326 4.07498 0)
(23.2618 2.62658 0)
(23.8031 1.05755 0)
(23.8166 -0.668829 0)
(23.3241 -2.54009 0)
(22.259 -4.51875 0)
(20.5813 -6.5484 0)
(18.2651 -8.54652 0)
(15.309 -10.4324 0)
(11.7338 -12.1119 0)
(7.59949 -13.4561 0)
(2.99819 -14.262 0)
(-1.90723 -14.2442 0)
(-6.82112 -13.4534 0)
(-11.4991 -12.0164 0)
(-15.718 -9.9863 0)
(-19.2918 -7.48131 0)
(-22.0688 -4.65851 0)
(-23.9311 -1.71752 0)
(-24.7391 1.12158 0)
(-24.3067 3.65654 0)
(-22.876 5.80322 0)
(-20.5269 7.52195 0)
(-17.4428 8.78171 0)
(-13.8496 9.60698 0)
(-9.97462 10.0892 0)
(-5.97192 10.2954 0)
(-1.87217 10.1358 0)
(2.14757 9.36099 0)
(5.7916 8.39037 0)
(8.92244 7.40468 0)
(11.4588 6.36058 0)
(13.4314 5.26498 0)
(14.8912 4.13679 0)
(15.8826 2.97488 0)
(16.4373 1.77057 0)
(16.5662 0.515766 0)
(16.3468 -0.790538 0)
(15.7503 -2.13139 0)
(14.7707 -3.47125 0)
(13.4063 -4.77161 0)
(11.6624 -5.99129 0)
(9.55519 -7.09244 0)
(7.11277 -8.03933 0)
(4.37205 -8.77227 0)
(1.36183 -9.15606 0)
(-1.81177 -8.9831 0)
(12.4327 9.32034 0)
(13.5648 6.53376 0)
(14.1582 4.10952 0)
(14.3802 2.49535 0)
(14.5677 1.79375 0)
(15.035 1.92193 0)
(16.0727 2.60401 0)
(17.8059 3.4076 0)
(20.1139 3.95136 0)
(22.6755 3.9757 0)
(25.0805 3.30115 0)
(26.9745 1.86954 0)
(28.0719 -0.269228 0)
(27.9606 -3.00327 0)
(26.6473 -6.15554 0)
(23.9298 -9.47116 0)
(19.7327 -12.6657 0)
(14.0833 -15.4611 0)
(7.11908 -17.6571 0)
(-1.03199 -18.8156 0)
(-9.62856 -18.4887 0)
(-17.9655 -17.0221 0)
(-25.4708 -14.447 0)
(-31.6015 -10.9744 0)
(-35.9304 -6.92428 0)
(-38.1954 -2.69093 0)
(-38.0514 1.29659 0)
(-36.0941 4.80447 0)
(-32.5504 7.76411 0)
(-27.8433 10.0406 0)
(-22.4392 11.5738 0)
(-16.7561 12.4092 0)
(-11.1076 12.6873 0)
(-5.60385 12.5297 0)
(-0.277412 11.7997 0)
(4.41941 10.5513 0)
(8.38393 9.30202 0)
(11.5734 8.11076 0)
(14.1379 7.0666 0)
(16.2262 6.20475 0)
(17.9671 5.4864 0)
(19.4699 4.82899 0)
(20.7884 4.1156 0)
(21.9062 3.22771 0)
(22.7553 2.0797 0)
(23.2003 0.609807 0)
(23.104 -1.18484 0)
(22.3884 -3.23212 0)
(20.9263 -5.43565 0)
(18.6429 -7.67904 0)
(15.5055 -9.82273 0)
(11.5349 -11.7238 0)
(6.80713 -13.2229 0)
(1.34225 -14.0916 0)
(-4.4866 -13.9169 0)
(-10.1886 -12.9995 0)
(-15.4423 -11.3697 0)
(-19.9344 -9.1208 0)
(-23.4023 -6.42432 0)
(-25.6682 -3.49477 0)
(-26.5638 -0.58046 0)
(-26.0681 2.08068 0)
(-24.4752 4.40766 0)
(-21.928 6.35638 0)
(-18.6651 7.86118 0)
(-14.9492 8.92228 0)
(-11.0189 9.59225 0)
(-7.05128 9.92752 0)
(-3.14602 9.9113 0)
(0.623553 9.43487 0)
(3.99786 8.67366 0)
(6.8638 7.86714 0)
(9.22967 6.9757 0)
(11.1685 6.03896 0)
(12.7476 5.08201 0)
(14.0139 4.09723 0)
(14.9977 3.06997 0)
(15.7111 1.98203 0)
(16.1372 0.805707 0)
(16.2044 -0.477726 0)
(15.9034 -1.85344 0)
(15.1641 -3.28419 0)
(13.9513 -4.7262 0)
(12.2449 -6.13068 0)
(10.0424 -7.42965 0)
(7.3664 -8.54795 0)
(4.25825 -9.39297 0)
(0.75546 -9.82451 0)
(-2.93545 -9.65202 0)
(-6.54491 -9.04538 0)
(-9.86871 -8.01708 0)
(-12.7182 -6.61327 0)
(-14.9289 -4.92725 0)
(-16.3895 -3.07979 0)
(-16.9853 -1.21152 0)
(-16.7623 0.539333 0)
(-15.8542 2.12827 0)
(-14.3459 3.52684 0)
(-12.3713 4.68456 0)
(-10.0776 5.58678 0)
(-7.59781 6.25418 0)
(-5.02345 6.70357 0)
(-2.40347 6.89335 0)
(0.151721 6.72447 0)
(2.4881 6.40908 0)
(4.54943 5.9912 0)
(6.29847 5.4319 0)
(7.76285 4.76928 0)
(8.95995 4.03405 0)
(9.89771 3.23911 0)
(10.583 2.39336 0)
(11.0206 1.49989 0)
(11.1755 0.552503 0)
(11.0759 -0.430632 0)
(10.6885 -1.42498 0)
(10.0012 -2.40893 0)
(9.01126 -3.35552 0)
(7.72495 -4.23359 0)
(6.15902 -5.01452 0)
(4.33758 -5.66688 0)
(2.28598 -6.13845 0)
(0.0235249 -6.32103 0)
(-2.28971 -6.13911 0)
(7.23724 6.06001 0)
(9.09055 3.82676 0)
(10.2253 2.15535 0)
(10.7706 1.16305 0)
(10.9267 0.82319 0)
(10.9424 1.04312 0)
(11.0078 1.6121 0)
(11.3124 2.18177 0)
(11.9337 2.50348 0)
(12.7944 2.54326 0)
(13.7246 2.11429 0)
(14.5376 1.03266 0)
(15.0384 -0.539995 0)
(14.9633 -2.4566 0)
(14.1724 -4.58439 0)
(12.5628 -6.76396 0)
(10.0937 -8.81646 0)
(6.75411 -10.5009 0)
(2.57768 -11.7429 0)
(-2.11614 -12.2038 0)
(-6.85374 -12.018 0)
(-11.3303 -11.1378 0)
(-15.2333 -9.58298 0)
(-18.2635 -7.48095 0)
(-20.2294 -5.01999 0)
(-21.0158 -2.40507 0)
(-20.7074 0.180851 0)
(-19.4918 2.58966 0)
(-17.4997 4.66991 0)
(-14.9331 6.31125 0)
(-12.0062 7.47488 0)
(-8.91487 8.17205 0)
(-5.81383 8.45381 0)
(-2.78475 8.4043 0)
(0.0857143 8.04915 0)
(2.56043 7.38295 0)
(4.58325 6.70547 0)
(6.29434 6.07343 0)
(7.72362 5.46969 0)
(8.94869 4.91784 0)
(10.0313 4.39077 0)
(11.0231 3.84468 0)
(11.9395 3.2203 0)
(12.7553 2.45909 0)
(13.4128 1.52308 0)
(13.8281 0.389373 0)
(13.8672 -0.938846 0)
(13.4741 -2.40934 0)
(12.5706 -3.95243 0)
(11.1088 -5.4873 0)
(9.0837 -6.92227 0)
(6.52306 -8.14581 0)
(3.4356 -9.04873 0)
(-0.0379355 -9.48179 0)
(-3.59091 -9.33895 0)
(-6.96495 -8.75907 0)
(-9.97533 -7.73475 0)
(-12.4382 -6.32613 0)
(-14.2107 -4.63938 0)
(-15.2256 -2.80186 0)
(-15.4218 -0.931164 0)
(-14.9768 0.872248 0)
(-13.9468 2.53889 0)
(-12.4431 3.99496 0)
(-10.5908 5.18874 0)
(-8.50937 6.09597 0)
(-6.30209 6.7103 0)
(-4.04736 7.04568 0)
(-1.80398 7.12953 0)
(0.292324 6.96661 0)
(2.20671 6.55952 0)
(3.93547 6.02212 0)
(5.4567 5.39077 0)
(6.77263 4.695 0)
(7.89151 3.95222 0)
(8.82081 3.1701 0)
(9.56119 2.349 0)
(10.1066 1.48321 0)
(10.4441 0.563126 0)
(10.5208 -0.417644 0)
(10.3217 -1.44647 0)
(9.81247 -2.49778 0)
(8.97253 -3.54055 0)
(7.79522 -4.53579 0)
(6.28958 -5.43769 0)
(4.48183 -6.1873 0)
(2.40656 -6.70499 0)
(0.123249 -6.93808 0)
(-2.19111 -6.81702 0)
(-4.38964 -6.42319 0)
(-6.36613 -5.75798 0)
(-8.01903 -4.84996 0)
(-9.26579 -3.75437 0)
(-10.0633 -2.54146 0)
(-10.3701 -1.27097 0)
(-10.2679 -0.0128787 0)
(-9.78568 1.17811 0)
(-8.97326 2.25029 0)
(-7.89347 3.16576 0)
(-6.61221 3.90072 0)
(-5.19004 4.44501 0)
(-3.67458 4.80627 0)
(-2.10217 5.00224 0)
(-0.53803 5.01956 0)
(0.919951 4.83213 0)
(2.26249 4.53206 0)
(3.48386 4.12825 0)
(4.56293 3.64561 0)
(5.48507 3.09668 0)
(6.23989 2.4952 0)
(6.81961 1.853 0)
(7.21831 1.17609 0)
(7.41768 0.461465 0)
(7.40208 -0.27895 0)
(7.17658 -1.0213 0)
(6.72761 -1.748 0)
(6.05657 -2.43903 0)
(5.17304 -3.07355 0)
(4.09368 -3.62933 0)
(2.84224 -4.07594 0)
(1.43696 -4.37797 0)
(-0.0744257 -4.48698 0)
(-1.58423 -4.36498 0)
(5.90871 4.60439 0)
(6.80158 3.19852 0)
(7.20372 2.125 0)
(7.27081 1.64979 0)
(7.1555 1.45123 0)
(7.0459 1.72987 0)
(7.08182 2.05589 0)
(7.3509 2.25133 0)
(7.82847 2.25772 0)
(8.44169 1.9775 0)
(9.09644 1.3562 0)
(9.63757 0.401416 0)
(9.90747 -0.828589 0)
(9.78711 -2.27065 0)
(9.18068 -3.8432 0)
(8.0492 -5.42004 0)
(6.42335 -6.85202 0)
(4.18331 -7.98274 0)
(1.5317 -8.77839 0)
(-1.26083 -9.11638 0)
(-4.09763 -8.9454 0)
(-6.8173 -8.27467 0)
(-9.24322 -7.14383 0)
(-11.2163 -5.63826 0)
(-12.6241 -3.87758 0)
(-13.4158 -1.98474 0)
(-13.5397 -0.0770357 0)
(-13.0811 1.70928 0)
(-12.0933 3.26894 0)
(-10.675 4.53442 0)
(-8.94864 5.46838 0)
(-7.03491 6.06365 0)
(-5.04151 6.34439 0)
(-3.05513 6.35943 0)
(-1.15005 6.1581 0)
(0.597221 5.79139 0)
(2.14151 5.32622 0)
(3.46718 4.81331 0)
(4.66555 4.32053 0)
(5.72725 3.85815 0)
(6.66801 3.39825 0)
(7.52174 2.915 0)
(8.28358 2.37228 0)
(8.92651 1.73743 0)
(9.41507 0.987732 0)
(9.69957 0.113921 0)
(9.70719 -0.877482 0)
(9.38339 -1.95305 0)
(8.71233 -3.0677 0)
(7.66785 -4.16593 0)
(6.25538 -5.18285 0)
(4.47912 -6.03692 0)
(2.36988 -6.62572 0)
(0.108839 -6.87708 0)
(-2.16294 -6.80696 0)
(-4.32995 -6.40513 0)
(-6.29035 -5.68697 0)
(-7.94046 -4.69508 0)
(-9.19758 -3.49622 0)
(-10.0187 -2.17051 0)
(-10.3819 -0.786931 0)
(-10.2939 0.572784 0)
(-9.80888 1.82785 0)
(-8.96452 2.92752 0)
(-7.82497 3.83493 0)
(-6.4602 4.5284 0)
(-4.9398 5.00425 0)
(-3.32736 5.27501 0)
(-1.68595 5.35571 0)
(-0.102686 5.24596 0)
(1.42363 4.97955 0)
(2.82394 4.57381 0)
(4.06589 4.10098 0)
(5.15268 3.57295 0)
(6.07948 3.00088 0)
(6.84334 2.3926 0)
(7.44101 1.75007 0)
(7.86397 1.07228 0)
(8.1051 0.358714 0)
(8.13199 -0.388619 0)
(7.94617 -1.16189 0)
(7.52137 -1.9427 0)
(6.84888 -2.70684 0)
(5.92963 -3.42768 0)
(4.77879 -4.07544 0)
(3.43151 -4.61402 0)
(1.88307 -4.99328 0)
(0.218137 -5.11292 0)
(-1.42712 -5.02921 0)
(-2.99701 -4.74831 0)
(-4.43318 -4.26753 0)
(-5.67348 -3.61008 0)
(-6.66445 -2.81483 0)
(-7.37067 -1.92998 0)
(-7.77701 -0.996641 0)
(-7.86229 -0.0609328 0)
(-7.66223 0.8203 0)
(-7.19856 1.61323 0)
(-6.50411 2.29485 0)
(-5.62213 2.84686 0)
(-4.59752 3.25965 0)
(-3.47318 3.53173 0)
(-2.28825 3.66756 0)
(-1.08385 3.67964 0)
(0.0931706 3.5845 0)
(1.18875 3.38583 0)
(2.19996 3.07683 0)
(3.10889 2.71908 0)
(3.89574 2.31257 0)
(4.5484 1.86433 0)
(5.05612 1.38246 0)
(5.41238 0.873876 0)
(5.6086 0.342005 0)
(5.6223 -0.206374 0)
(5.46375 -0.753693 0)
(5.13057 -1.28669 0)
(4.62299 -1.79027 0)
(3.94963 -2.24884 0)
(3.12831 -2.64792 0)
(2.18666 -2.9651 0)
(1.12673 -3.17266 0)
(0.00378552 -3.22499 0)
(-1.10407 -3.14204 0)
(4.60692 3.28675 0)
(5.61506 2.45388 0)
(6.27609 1.82762 0)
(6.57368 1.43324 0)
(6.78415 1.29219 0)
(7.0468 1.32937 0)
(7.4331 1.43969 0)
(7.93519 1.50986 0)
(8.50462 1.44899 0)
(9.07736 1.20384 0)
(9.56523 0.739489 0)
(9.86221 0.0492654 0)
(9.86471 -0.830379 0)
(9.48175 -1.83675 0)
(8.68845 -2.90337 0)
(7.46848 -3.96751 0)
(5.85356 -4.95374 0)
(3.77924 -5.83978 0)
(1.37205 -6.19305 0)
(-1.14828 -6.36355 0)
(-3.6733 -6.20479 0)
(-6.09159 -5.70564 0)
(-8.26289 -4.90373 0)
(-10.0632 -3.85735 0)
(-11.391 -2.64484 0)
(-12.1984 -1.34996 0)
(-12.4411 -0.0525225 0)
(-12.1521 1.16619 0)
(-11.3904 2.23685 0)
(-10.2233 3.10811 0)
(-8.75441 3.7608 0)
(-7.07812 4.18953 0)
(-5.28985 4.40625 0)
(-3.47677 4.44184 0)
(-1.70723 4.31915 0)
(-0.0444258 4.07588 0)
(1.47544 3.77652 0)
(2.85253 3.45637 0)
(4.12561 3.17675 0)
(5.22052 2.8262 0)
(6.19532 2.46947 0)
(7.0563 2.09153 0)
(7.78756 1.66707 0)
(8.36389 1.18079 0)
(8.76046 0.618332 0)
(8.94018 -0.0228702 0)
(8.85272 -0.730868 0)
(8.47405 -1.48275 0)
(7.78651 -2.24859 0)
(6.7823 -3.00037 0)
(5.47559 -3.69958 0)
(3.89122 -4.27522 0)
(2.05764 -4.59065 0)
(0.0946227 -4.78986 0)
(-1.87217 -4.73892 0)
(-3.76649 -4.44519 0)
(-5.50143 -3.93575 0)
(-6.98937 -3.24317 0)
(-8.15855 -2.4122 0)
(-8.9605 -1.49489 0)
(-9.37058 -0.541145 0)
(-9.36485 0.396537 0)
(-8.99619 1.269 0)
(-8.2863 2.0382 0)
(-7.28848 2.677 0)
(-6.06367 3.16943 0)
(-4.67558 3.51001 0)
(-3.18604 3.70366 0)
(-1.65455 3.76576 0)
(-0.145815 3.71486 0)
(1.32741 3.54789 0)
(2.67807 3.26859 0)
(3.8919 2.94318 0)
(4.95635 2.56976 0)
(5.85933 2.1561 0)
(6.59356 1.71136 0)
(7.15348 1.24004 0)
(7.53066 0.743444 0)
(7.71583 0.223066 0)
(7.68939 -0.317091 0)
(7.45815 -0.87007 0)
(7.00697 -1.42046 0)
(6.33676 -1.95 0)
(5.45404 -2.44088 0)
(4.37301 -2.87773 0)
(3.11755 -3.24782 0)
(1.7354 -3.50297 0)
(0.266571 -3.53075 0)
(-1.2307 -3.48933 0)
(-2.64969 -3.29804 0)
(-3.95221 -2.96096 0)
(-5.08793 -2.50347 0)
(-6.00967 -1.95362 0)
(-6.68384 -1.34282 0)
(-7.09154 -0.701989 0)
(-7.21964 -0.0606993 0)
(-7.07633 0.548476 0)
(-6.696 1.09972 0)
(-6.09975 1.57499 0)
(-5.32472 1.96154 0)
(-4.41129 2.25252 0)
(-3.40058 2.44527 0)
(-2.33384 2.53938 0)
(-1.25171 2.5385 0)
(-0.192542 2.4598 0)
(0.812032 2.33346 0)
(1.76647 2.15579 0)
(2.60564 1.88971 0)
(3.3265 1.60039 0)
(3.92426 1.28627 0)
(4.38555 0.948286 0)
(4.70397 0.591335 0)
(4.87405 0.220327 0)
(4.8853 -0.15949 0)
(4.7366 -0.536546 0)
(4.43445 -0.901478 0)
(3.98102 -1.24587 0)
(3.38697 -1.55677 0)
(2.66981 -1.82393 0)
(1.84981 -2.03754 0)
(0.92625 -2.14414 0)
(-0.0278228 -2.18824 0)
(-0.96829 -2.13972 0)
(4.37907 2.19747 0)
(5.51235 1.73508 0)
(6.2752 1.29711 0)
(6.8949 1.04577 0)
(7.4038 0.937259 0)
(7.90061 0.94773 0)
(8.4339 0.993362 0)
(9.00152 1.00476 0)
(9.56848 0.941781 0)
(10.0669 0.775422 0)
(10.4132 0.481652 0)
(10.5219 0.0542115 0)
(10.3085 -0.482835 0)
(9.72891 -1.09321 0)
(8.74628 -1.74232 0)
(7.34975 -2.38677 0)
(5.53939 -3.00396 0)
(3.60905 -3.54346 0)
(1.33592 -3.90969 0)
(-1.31779 -3.9061 0)
(-3.81478 -3.73755 0)
(-6.18851 -3.40776 0)
(-8.30679 -2.92146 0)
(-10.0524 -2.30336 0)
(-11.3351 -1.59328 0)
(-12.1114 -0.83731 0)
(-12.3583 -0.0790401 0)
(-12.0915 0.636938 0)
(-11.3695 1.26922 0)
(-10.2542 1.78869 0)
(-8.83755 2.18211 0)
(-7.20939 2.4461 0)
(-5.45582 2.58695 0)
(-3.6576 2.61941 0)
(-1.88395 2.5641 0)
(-0.197433 2.44388 0)
(1.35134 2.29246 0)
(2.82722 2.16077 0)
(4.19219 1.96414 0)
(5.35198 1.72939 0)
(6.37595 1.50581 0)
(7.25789 1.27619 0)
(7.97665 1.0227 0)
(8.50717 0.731832 0)
(8.82529 0.394764 0)
(8.90171 0.0128507 0)
(8.7035 -0.408934 0)
(8.22186 -0.860687 0)
(7.43841 -1.32025 0)
(6.36205 -1.76343 0)
(5.02893 -2.18402 0)
(3.50699 -2.55497 0)
(1.68684 -2.87499 0)
(-0.289381 -2.9138 0)
(-2.16603 -2.82604 0)
(-3.98152 -2.62806 0)
(-5.64165 -2.31965 0)
(-7.05691 -1.91342 0)
(-8.16092 -1.43168 0)
(-8.90947 -0.90254 0)
(-9.27746 -0.354197 0)
(-9.25557 0.188285 0)
(-8.87874 0.697616 0)
(-8.17085 1.14646 0)
(-7.18121 1.52037 0)
(-5.96732 1.81234 0)
(-4.59072 2.01807 0)
(-3.11255 2.13849 0)
(-1.59616 2.18359 0)
(-0.119143 2.18572 0)
(1.39284 2.16314 0)
(2.79494 1.97747 0)
(4.01243 1.77548 0)
(5.09071 1.55351 0)
(6.01027 1.31155 0)
(6.75381 1.0515 0)
(7.31018 0.775165 0)
(7.6717 0.485226 0)
(7.81594 0.182735 0)
(7.73776 -0.134016 0)
(7.44428 -0.461352 0)
(6.93135 -0.788933 0)
(6.20818 -1.10581 0)
(5.28995 -1.3992 0)
(4.19967 -1.65618 0)
(2.97529 -1.87589 0)
(1.67259 -2.04805 0)
(0.225625 -2.16824 0)
(-1.25351 -2.09671 0)
(-2.59072 -1.94743 0)
(-3.82667 -1.7367 0)
(-4.90722 -1.46713 0)
(-5.78278 -1.14913 0)
(-6.42113 -0.798198 0)
(-6.80698 -0.431907 0)
(-6.93101 -0.0661144 0)
(-6.79949 0.284994 0)
(-6.44025 0.605966 0)
(-5.87525 0.882549 0)
(-5.13937 1.10774 0)
(-4.27008 1.27894 0)
(-3.30735 1.39529 0)
(-2.28944 1.45723 0)
(-1.25371 1.46626 0)
(-0.236121 1.42749 0)
(0.726709 1.35833 0)
(1.64086 1.27638 0)
(2.45054 1.11475 0)
(3.13706 0.946899 0)
(3.70267 0.76534 0)
(4.13565 0.569326 0)
(4.42815 0.362081 0)
(4.57463 0.146834 0)
(4.56693 -0.0736384 0)
(4.40637 -0.294699 0)
(4.09654 -0.509161 0)
(3.64633 -0.710412 0)
(3.0708 -0.892267 0)
(2.39149 -1.05369 0)
(1.63472 -1.20208 0)
(0.754705 -1.30873 0)
(-0.15191 -1.31177 0)
(-1.00574 -1.26248 0)
(3.14552 0.799125 0)
(4.34741 0.587998 0)
(5.30671 0.461096 0)
(6.08704 0.388976 0)
(6.76656 0.353001 0)
(7.43122 0.35329 0)
(8.12394 0.363605 0)
(8.85387 0.365573 0)
(9.58344 0.346134 0)
(10.2471 0.292769 0)
(10.7619 0.196242 0)
(11.0366 0.0567999 0)
(10.9856 -0.121621 0)
(10.5399 -0.329271 0)
(9.6493 -0.551839 0)
(8.29117 -0.770899 0)
(6.48011 -0.962581 0)
(4.29894 -1.0964 0)
(2.05762 -1.40341 0)
(-0.282895 -1.3238 0)
(-2.83837 -1.23811 0)
(-5.26581 -1.11924 0)
(-7.44198 -0.957951 0)
(-9.26518 -0.75892 0)
(-10.6555 -0.532829 0)
(-11.5623 -0.292911 0)
(-11.9656 -0.0520346 0)
(-11.8758 0.177648 0)
(-11.3311 0.382422 0)
(-10.3932 0.5521 0)
(-9.14087 0.681859 0)
(-7.65701 0.771125 0)
(-6.02171 0.821227 0)
(-4.32051 0.837414 0)
(-2.61059 0.825985 0)
(-0.940485 0.795261 0)
(0.672673 0.771433 0)
(2.10238 0.789573 0)
(3.41453 0.668006 0)
(4.6574 0.586935 0)
(5.77507 0.510863 0)
(6.75418 0.436626 0)
(7.58143 0.355297 0)
(8.23249 0.262084 0)
(8.67736 0.154489 0)
(8.88421 0.0311344 0)
(8.82061 -0.108058 0)
(8.45758 -0.258994 0)
(7.77574 -0.414189 0)
(6.77172 -0.563715 0)
(5.4509 -0.699722 0)
(3.8308 -0.835004 0)
(2.18576 -1.06272 0)
(0.477935 -0.986388 0)
(-1.42176 -0.931464 0)
(-3.25834 -0.855733 0)
(-4.94354 -0.753222 0)
(-6.40517 -0.624418 0)
(-7.58206 -0.474218 0)
(-8.42947 -0.310071 0)
(-8.92217 -0.139345 0)
(-9.05359 0.0318758 0)
(-8.83123 0.194367 0)
(-8.28063 0.337703 0)
(-7.45574 0.4585 0)
(-6.39794 0.554775 0)
(-5.16204 0.625201 0)
(-3.80096 0.669793 0)
(-2.36038 0.689377 0)
(-0.884302 0.696361 0)
(0.498191 0.755863 0)
(1.78701 0.667257 0)
(3.03405 0.591518 0)
(4.16405 0.516742 0)
(5.15188 0.438348 0)
(5.98209 0.356197 0)
(6.64121 0.270816 0)
(7.11605 0.182963 0)
(7.4022 0.0905662 0)
(7.48787 -0.0099629 0)
(7.35733 -0.116781 0)
(7.00298 -0.224939 0)
(6.42509 -0.330796 0)
(5.6318 -0.430405 0)
(4.63496 -0.517732 0)
(3.46064 -0.587793 0)
(2.13158 -0.649877 0)
(0.846761 -0.784371 0)
(-0.424623 -0.69422 0)
(-1.76583 -0.629014 0)
(-3.00818 -0.555343 0)
(-4.10078 -0.467153 0)
(-5.00624 -0.367293 0)
(-5.69539 -0.258765 0)
(-6.14988 -0.145764 0)
(-6.36271 -0.0322817 0)
(-6.33826 0.0776917 0)
(-6.08737 0.178261 0)
(-5.63345 0.264727 0)
(-5.0116 0.336154 0)
(-4.25164 0.391483 0)
(-3.38963 0.429852 0)
(-2.46127 0.451976 0)
(-1.50132 0.457809 0)
(-0.538933 0.44894 0)
(0.388529 0.430522 0)
(1.26204 0.41058 0)
(2.04513 0.354702 0)
(2.74099 0.302339 0)
(3.32972 0.245582 0)
(3.7972 0.18489 0)
(4.13298 0.120692 0)
(4.32969 0.0535816 0)
(4.38149 -0.0157446 0)
(4.28649 -0.0856931 0)
(4.04586 -0.154481 0)
(3.66164 -0.219376 0)
(3.14274 -0.278933 0)
(2.49851 -0.331455 0)
(1.73886 -0.382579 0)
(0.974475 -0.471871 0)
(0.185063 -0.435355 0)
(-0.66413 -0.409181 0)
(-16.2854 121.126 0)
(-17.2395 120.776 0)
(-15.9121 115.044 0)
(-12.5487 104.634 0)
(-8.00611 90.6439 0)
(-2.65834 73.84 0)
(1.26493 54.4533 0)
(4.4216 35.2503 0)
(4.02568 17.8292 0)
(12.3305 5.24001 0)
(18.1758 -17.667 0)
(22.7099 -34.4477 0)
(20.6002 -48.4244 0)
(19.7424 -60.592 0)
(16.3803 -70.7679 0)
(11.1187 -79.2029 0)
(6.32957 -86.4288 0)
(1.59298 -92.3614 0)
(-2.44209 -95.3022 0)
(-5.13556 -93.6934 0)
(-6.66112 -88.665 0)
(-7.24519 -80.4598 0)
(-7.55504 -69.2462 0)
(-8.07673 -55.0208 0)
(-8.3445 -38.7869 0)
(-6.77186 -23.3299 0)
(-4.67094 -11.57 0)
(-3.15919 -5.0428 0)
(-2.49347 14.4743 0)
(-2.03596 30.7546 0)
(-1.83382 43.2616 0)
(-1.97447 53.6431 0)
(-2.13929 62.4823 0)
(-1.51064 69.9608 0)
(-1.05979 75.6501 0)
(-0.285319 78.3294 0)
(0.48558 77.2026 0)
(0.955145 73.6975 0)
(1.28918 68.0373 0)
(1.46984 60.1029 0)
(1.03463 49.8504 0)
(0.0534836 37.6685 0)
(-1.03061 24.7179 0)
(-1.6461 13.1236 0)
(-1.50711 5.6033 0)
(-0.708097 -3.19343 0)
(0.421394 -19.6942 0)
(1.31514 -31.2401 0)
(2.08478 -41.4569 0)
(2.66692 -49.941 0)
(3.11154 -56.8262 0)
(3.41534 -62.0751 0)
(3.8619 -65.2999 0)
(4.31469 -64.896 0)
(4.42095 -61.9979 0)
(4.11353 -56.9528 0)
(3.28671 -50.0159 0)
(1.88384 -41.334 0)
(0.11693 -31.3929 0)
(-1.4169 -21.2411 0)
(-2.00465 -12.2497 0)
(-2.56355 -5.75328 0)
(-3.65701 1.26298 0)
(-4.9709 13.7625 0)
(-4.8773 23.3976 0)
(-4.46419 31.9226 0)
(-4.25445 39.1918 0)
(-3.56534 45.1401 0)
(-2.5793 49.6731 0)
(-1.42409 52.4337 0)
(-0.398539 52.3722 0)
(1.23113 50.4983 0)
(2.73999 46.9416 0)
(3.14488 41.8354 0)
(3.161 35.2628 0)
(2.64948 27.5033 0)
(1.37611 19.2173 0)
(0.262913 11.3463 0)
(-0.424013 5.22461 0)
(-0.805561 1.77825 0)
(-1.08387 -9.56767 0)
(-1.26921 -17.693 0)
(-1.3245 -24.8484 0)
(-1.27108 -31.2316 0)
(-1.13598 -36.6609 0)
(-0.796644 -40.998 0)
(-0.170854 -43.8537 0)
(0.796543 -44.3024 0)
(1.72271 -42.8924 0)
(2.44032 -39.9925 0)
(2.77363 -35.5173 0)
(2.65983 -29.4855 0)
(2.20955 -22.432 0)
(1.49452 -15.2248 0)
(0.63977 -8.74759 0)
(0.00996897 -3.91067 0)
(-0.507907 -1.1388 0)
(-1.34187 7.80802 0)
(-2.02089 14.0743 0)
(-2.36787 19.7218 0)
(-2.53574 24.7088 0)
(-2.52562 28.91 0)
(-2.23143 32.3157 0)
(-1.72988 34.7645 0)
(-1.08266 35.6158 0)
(-0.395616 34.7741 0)
(0.387356 32.6449 0)
(1.17562 29.2552 0)
(1.80545 24.7137 0)
(2.08117 19.337 0)
(1.95484 13.6458 0)
(1.45562 8.2427 0)
(0.735915 3.83432 0)
(0.59054 1.13513 0)
(0.548549 -5.36986 0)
(0.264379 -10.9446 0)
(-0.0506611 -15.7392 0)
(-0.258927 -19.9826 0)
(-0.366181 -23.6031 0)
(-0.356911 -26.6064 0)
(-0.212827 -28.8276 0)
(0.218618 -29.6188 0)
(-26.0208 121.256 0)
(-21.934 118.568 0)
(-17.8283 110.394 0)
(-11.1688 98.4208 0)
(-4.09795 84.372 0)
(0.165103 68.6445 0)
(8.57985 51.1098 0)
(16.0047 32.4937 0)
(27.0439 11.7625 0)
(36.8592 -7.85329 0)
(44.3362 -23.6333 0)
(45.9737 -35.9339 0)
(42.5283 -46.0856 0)
(35.8423 -55.5609 0)
(27.8142 -64.1623 0)
(19.7313 -72.0028 0)
(12.0432 -79.5049 0)
(4.86262 -86.2062 0)
(-1.39964 -90.7301 0)
(-6.11797 -90.399 0)
(-9.60563 -86.3109 0)
(-12.3357 -78.6037 0)
(-14.4947 -67.5822 0)
(-16.0069 -54.0761 0)
(-16.3681 -39.6414 0)
(-14.8942 -26.2873 0)
(-13.4333 -15.0157 0)
(-14.4886 -2.75265 0)
(-15.1453 13.9682 0)
(-13.942 29.4141 0)
(-11.9674 42.5422 0)
(-10.7505 53.3067 0)
(-9.33836 62.1099 0)
(-8.03369 69.152 0)
(-6.57871 74.3673 0)
(-4.87428 76.998 0)
(-3.3543 76.2625 0)
(-2.26014 73.2604 0)
(-1.20698 67.9186 0)
(0.156415 60.1532 0)
(1.81196 50.1793 0)
(3.34018 38.3471 0)
(3.95337 25.3254 0)
(5.26677 12.7781 0)
(7.9888 4.39056 0)
(13.042 -8.07457 0)
(18.0068 -22.0125 0)
(17.9936 -32.6857 0)
(16.5958 -41.8509 0)
(14.2585 -49.6131 0)
(11.1182 -56.0714 0)
(7.74503 -61.1892 0)
(4.57181 -64.3127 0)
(1.99585 -63.8996 0)
(0.165363 -60.9537 0)
(-1.34708 -55.7088 0)
(-2.81273 -48.4204 0)
(-4.30583 -39.519 0)
(-5.62759 -29.7936 0)
(-6.26361 -20.3173 0)
(-6.14717 -12.1792 0)
(-7.10466 -4.96958 0)
(-8.46218 3.99781 0)
(-9.91727 13.7241 0)
(-9.9693 23.0061 0)
(-9.30172 31.2768 0)
(-8.40028 38.3049 0)
(-7.14398 43.9882 0)
(-5.56121 48.3663 0)
(-3.63528 51.0662 0)
(-1.6783 51.0099 0)
(0.0413763 49.2478 0)
(1.48291 46.0238 0)
(2.77248 41.3444 0)
(3.91884 35.2672 0)
(4.80625 28.081 0)
(5.0981 20.1887 0)
(4.53252 12.5262 0)
(5.31508 5.41501 0)
(5.84684 1.07429 0)
(6.9936 -9.751 0)
(6.75174 -17.5434 0)
(5.72315 -24.5982 0)
(4.43965 -30.8935 0)
(2.91913 -36.3613 0)
(1.30207 -40.9368 0)
(-0.152356 -44.2276 0)
(-1.08617 -45.1239 0)
(-1.37998 -43.6844 0)
(-1.4827 -40.4517 0)
(-1.66491 -35.5079 0)
(-1.95333 -29.1255 0)
(-2.26247 -21.8387 0)
(-2.3939 -14.4591 0)
(-2.07386 -8.07605 0)
(-2.30427 -3.4538 0)
(-2.94257 -0.150707 0)
(-4.25713 8.50792 0)
(-4.78015 14.5457 0)
(-4.84479 20.0004 0)
(-4.77282 24.7604 0)
(-4.47026 28.758 0)
(-3.89385 31.9767 0)
(-3.03346 34.2449 0)
(-1.81193 34.8487 0)
(-0.391952 33.8611 0)
(1.05613 31.6076 0)
(2.4699 28.217 0)
(3.67334 23.8854 0)
(4.50788 18.9099 0)
(4.82545 13.7457 0)
(4.50351 8.96857 0)
(4.38611 4.73578 0)
(4.7462 0.381305 0)
(5.07439 -5.41575 0)
(4.86274 -10.5891 0)
(4.14919 -15.2989 0)
(3.25031 -19.4943 0)
(2.21613 -23.145 0)
(1.09024 -26.2493 0)
(-0.0125757 -28.6756 0)
(-0.997251 -29.7858 0)
(-1.58366 -29.2154 0)
(-1.83317 -27.3945 0)
(-34.2351 117.603 0)
(-28.0735 112.823 0)
(-20.2546 103.896 0)
(-9.53224 92.0434 0)
(-3.77484 76.7862 0)
(10.5262 59.3959 0)
(27.3837 39.5204 0)
(42.6419 17.2337 0)
(56.0222 -1.76168 0)
(64.6595 -15.5639 0)
(66.8453 -25.6275 0)
(62.6078 -32.3871 0)
(55.1973 -38.6535 0)
(45.6605 -46.2598 0)
(35.0554 -54.4727 0)
(25.0385 -62.8615 0)
(15.838 -71.1011 0)
(7.31647 -78.5551 0)
(-0.459271 -84.0269 0)
(-7.04017 -85.2658 0)
(-12.4273 -82.0277 0)
(-16.9695 -75.2022 0)
(-20.5435 -65.2056 0)
(-22.896 -52.9756 0)
(-23.7794 -39.8363 0)
(-23.4025 -27.0658 0)
(-23.7144 -14.6986 0)
(-24.7447 -1.12497 0)
(-25.1248 13.5029 0)
(-24.4921 27.8496 0)
(-22.8724 40.6094 0)
(-21.018 51.3267 0)
(-18.9753 60.0608 0)
(-16.8752 67.072 0)
(-14.7638 72.335 0)
(-12.3934 75.0814 0)
(-9.50247 74.5157 0)
(-6.00578 71.2607 0)
(-1.77235 65.2496 0)
(3.1216 56.7384 0)
(8.35489 46.3434 0)
(13.8537 34.9544 0)
(19.8665 22.9071 0)
(25.0504 9.95719 0)
(28.7071 -2.20505 0)
(31.2644 -12.9448 0)
(30.689 -22.614 0)
(27.3582 -30.7712 0)
(22.991 -38.1328 0)
(18.1131 -44.8818 0)
(12.9315 -50.8401 0)
(7.74322 -55.8886 0)
(2.75969 -59.5618 0)
(-1.59585 -60.4699 0)
(-5.10074 -58.3159 0)
(-7.9968 -53.6485 0)
(-10.312 -46.7899 0)
(-11.9936 -38.3572 0)
(-12.9559 -29.2241 0)
(-13.1145 -20.3195 0)
(-13.1485 -12.1326 0)
(-14.0591 -3.72242 0)
(-14.6329 5.13537 0)
(-15.264 14.2518 0)
(-15.0974 22.8587 0)
(-14.2303 30.4992 0)
(-12.8761 37.0273 0)
(-11.1125 42.3197 0)
(-9.00968 46.302 0)
(-6.49761 48.6372 0)
(-3.6652 48.6399 0)
(-0.751395 47.0284 0)
(2.19463 43.865 0)
(5.10437 39.2076 0)
(7.78122 33.2616 0)
(9.98991 26.4521 0)
(11.5661 19.261 0)
(12.753 12.0766 0)
(13.9951 4.90448 0)
(15.0839 -2.15832 0)
(15.9347 -9.49033 0)
(15.0875 -16.5053 0)
(13.2273 -22.8381 0)
(10.8588 -28.535 0)
(8.0226 -33.5976 0)
(4.83465 -37.9701 0)
(1.47538 -41.4116 0)
(-1.68804 -43.153 0)
(-4.19671 -42.3254 0)
(-6.13854 -39.5285 0)
(-7.57274 -34.8873 0)
(-8.48807 -28.8145 0)
(-8.84199 -21.9704 0)
(-8.51121 -15.1701 0)
(-7.63296 -9.19304 0)
(-7.61668 -3.73037 0)
(-7.94459 2.36074 0)
(-8.69009 8.72437 0)
(-8.65713 14.6718 0)
(-8.22947 19.8842 0)
(-7.63561 24.3583 0)
(-6.75786 28.061 0)
(-5.56137 30.9333 0)
(-3.98757 32.7795 0)
(-1.998 32.9676 0)
(0.1798 31.9135 0)
(2.31156 29.73 0)
(4.2632 26.5668 0)
(5.9089 22.618 0)
(7.11408 18.1384 0)
(7.78637 13.4577 0)
(8.13165 8.87361 0)
(8.74724 4.30746 0)
(9.19919 -0.434445 0)
(9.48898 -5.29643 0)
(9.22098 -10.0289 0)
(8.42239 -14.3336 0)
(7.27616 -18.1635 0)
(5.82397 -21.5282 0)
(4.10481 -24.4232 0)
(2.16927 -26.7805 0)
(0.10101 -28.257 0)
(-1.81359 -28.0339 0)
(-3.42873 -26.5217 0)
(-45.2034 110.283 0)
(-32.92 104.282 0)
(-20.6839 93.3899 0)
(-7.39317 79.0532 0)
(10.3092 62.575 0)
(34.4252 41.2186 0)
(54.795 18.611 0)
(72.3166 1.03467 0)
(82.9856 -11.2097 0)
(84.5014 -18.1047 0)
(79.606 -21.692 0)
(70.9917 -24.4341 0)
(60.3467 -28.3236 0)
(49.0833 -34.7827 0)
(37.7119 -43.4796 0)
(26.8012 -52.4531 0)
(17.1044 -61.4894 0)
(8.08381 -69.684 0)
(-0.426909 -75.8802 0)
(-8.1146 -78.3782 0)
(-14.7313 -76.0776 0)
(-20.4601 -70.3243 0)
(-25.116 -61.5838 0)
(-28.4598 -50.7128 0)
(-30.4779 -38.7331 0)
(-31.7147 -26.4181 0)
(-33.2189 -13.762 0)
(-34.2791 -0.411387 0)
(-34.6146 13.3273 0)
(-34.1033 26.7148 0)
(-32.5286 38.8101 0)
(-30.3856 49.1707 0)
(-28.0669 57.7822 0)
(-25.6452 64.785 0)
(-22.6255 69.8678 0)
(-18.1631 71.3852 0)
(-12.4191 69.8771 0)
(-5.57196 65.556 0)
(2.10525 58.6711 0)
(10.3771 49.6983 0)
(19.3006 39.214 0)
(28.4407 27.3107 0)
(35.5974 14.7784 0)
(40.4413 4.20581 0)
(42.5371 -3.93579 0)
(41.4828 -11.09 0)
(38.1236 -18.2308 0)
(33.1364 -25.3377 0)
(27.1142 -32.2593 0)
(20.9335 -39.0009 0)
(14.7493 -45.1772 0)
(8.65062 -50.4709 0)
(2.70843 -54.3917 0)
(-2.83323 -55.8839 0)
(-7.67284 -54.2862 0)
(-11.8344 -50.3343 0)
(-15.1905 -44.3146 0)
(-17.6064 -36.7919 0)
(-19.0472 -28.4881 0)
(-19.7231 -20.0581 0)
(-20.3485 -11.7115 0)
(-21.0884 -3.12086 0)
(-21.2623 5.54123 0)
(-21.2624 14.0571 0)
(-20.5948 22.0205 0)
(-19.2681 29.0897 0)
(-17.4385 35.1242 0)
(-15.1821 40.0229 0)
(-12.4711 43.655 0)
(-9.12551 45.4446 0)
(-5.30095 45.2083 0)
(-1.27844 43.4303 0)
(2.82139 40.2215 0)
(6.85387 35.7436 0)
(10.6348 30.2245 0)
(14.0435 23.953 0)
(17.0878 17.1746 0)
(19.6918 10.1323 0)
(21.3453 3.44457 0)
(22.2454 -2.55134 0)
(22.2329 -8.84549 0)
(20.9559 -14.9035 0)
(18.7288 -20.4525 0)
(15.8743 -25.574 0)
(12.5388 -30.2202 0)
(8.82879 -34.2771 0)
(4.81691 -37.5194 0)
(0.63786 -39.4261 0)
(-3.35854 -39.0716 0)
(-6.90208 -36.9015 0)
(-9.79136 -33.0135 0)
(-11.8621 -27.7708 0)
(-13.0305 -21.7251 0)
(-13.3608 -15.4841 0)
(-13.3625 -9.45677 0)
(-13.7031 -3.52097 0)
(-13.7367 2.38652 0)
(-13.7312 8.48307 0)
(-13.2345 14.1519 0)
(-12.3253 19.068 0)
(-11.1306 23.2359 0)
(-9.63044 26.6217 0)
(-7.79148 29.1579 0)
(-5.51861 30.5758 0)
(-2.89675 30.5688 0)
(-0.19868 29.4909 0)
(2.41628 27.4404 0)
(4.83522 24.5504 0)
(6.94799 20.9815 0)
(8.67638 16.9307 0)
(10.0573 12.6106 0)
(11.3034 8.15281 0)
(12.4047 3.62447 0)
(13.0278 -0.80359 0)
(13.3052 -5.21781 0)
(12.9981 -9.46081 0)
(12.1187 -13.3342 0)
(10.7889 -16.8083 0)
(9.09207 -19.8755 0)
(7.08657 -22.5062 0)
(4.79925 -24.6007 0)
(2.22721 -25.8147 0)
(-0.456193 -25.6777 0)
(-2.98141 -24.4253 0)
(-49.7298 98.583 0)
(-33.0292 88.2308 0)
(-13.1212 75.3241 0)
(11.9415 59.7608 0)
(39.9002 36.972 0)
(65.5023 14.4419 0)
(85.2563 -1.65797 0)
(96.1182 -10.7156 0)
(95.7294 -13.3037 0)
(89.65 -12.6734 0)
(79.9364 -11.8692 0)
(68.738 -12.7445 0)
(57.5673 -16.2448 0)
(47.0786 -22.8874 0)
(36.9773 -32.2067 0)
(26.8912 -42.0464 0)
(17.7554 -51.946 0)
(8.97128 -60.7732 0)
(0.297878 -67.4085 0)
(-8.10462 -70.6961 0)
(-15.7049 -69.2692 0)
(-22.4422 -64.473 0)
(-28.1962 -56.922 0)
(-32.7707 -47.2967 0)
(-36.2123 -36.3185 0)
(-38.9681 -24.5192 0)
(-41.3881 -12.1174 0)
(-42.731 0.647682 0)
(-43.3343 13.3578 0)
(-43.0364 25.6358 0)
(-41.8822 36.8915 0)
(-40.231 46.8283 0)
(-38.0614 55.3131 0)
(-34.7109 61.8 0)
(-29.0401 64.7116 0)
(-21.4403 64.6359 0)
(-12.2336 61.6588 0)
(-1.89359 56.1338 0)
(9.48697 48.6474 0)
(21.7986 39.3569 0)
(33.0795 28.3723 0)
(42.0629 18.0603 0)
(47.8695 9.53922 0)
(49.642 2.70381 0)
(48.4516 -2.85082 0)
(45.4122 -8.04472 0)
(41.0241 -13.5137 0)
(35.7196 -19.4694 0)
(29.7779 -25.9543 0)
(23.3359 -32.3639 0)
(16.937 -38.5011 0)
(10.5134 -43.8594 0)
(4.06959 -47.9211 0)
(-2.23079 -49.9933 0)
(-7.9864 -49.0696 0)
(-13.0782 -45.9305 0)
(-17.368 -40.8712 0)
(-20.708 -34.3592 0)
(-23.0813 -26.9275 0)
(-24.7381 -19.0294 0)
(-26.0878 -10.8846 0)
(-26.977 -2.59883 0)
(-27.1534 5.55362 0)
(-26.8905 13.4414 0)
(-25.9759 20.7758 0)
(-24.4891 27.2777 0)
(-22.5243 32.8425 0)
(-19.9621 37.3158 0)
(-16.4911 40.2329 0)
(-12.0591 41.2221 0)
(-7.07713 40.6783 0)
(-1.75191 38.7001 0)
(3.69957 35.4369 0)
(9.11122 31.0776 0)
(14.3587 25.8516 0)
(19.2014 19.9658 0)
(23.1582 13.732 0)
(25.7856 7.67788 0)
(27.2363 2.17759 0)
(27.5941 -2.9465 0)
(26.8595 -8.00541 0)
(25.0401 -12.9301 0)
(22.3518 -17.6711 0)
(19.0802 -22.2172 0)
(15.3799 -26.4431 0)
(11.3229 -30.1542 0)
(6.95498 -33.0851 0)
(2.33745 -34.8114 0)
(-2.25305 -34.6696 0)
(-6.51224 -32.9858 0)
(-10.2175 -29.8465 0)
(-13.1774 -25.5091 0)
(-15.2963 -20.3479 0)
(-16.6775 -14.7507 0)
(-17.6464 -8.99682 0)
(-18.3636 -3.22547 0)
(-18.5126 2.4713 0)
(-18.3491 8.06105 0)
(-17.676 13.2436 0)
(-16.5303 17.7748 0)
(-15.0185 21.5987 0)
(-13.1127 24.6648 0)
(-10.7114 26.8218 0)
(-7.75505 27.702 0)
(-4.54691 27.5847 0)
(-1.24486 26.5162 0)
(2.01584 24.5878 0)
(5.12658 21.9104 0)
(8.01451 18.6309 0)
(10.6623 14.8967 0)
(13.0458 10.8322 0)
(14.9925 6.60487 0)
(16.2827 2.48585 0)
(17.0569 -1.42511 0)
(17.2077 -5.22037 0)
(16.6665 -8.81305 0)
(15.4796 -12.1099 0)
(13.7697 -15.1003 0)
(11.658 -17.7763 0)
(9.22266 -20.0837 0)
(6.48737 -21.8812 0)
(3.46745 -22.8287 0)
(0.376867 -22.7382 0)
(-2.56181 -21.7007 0)
)
;

boundaryField
{
    inlet
    {
        type            calculated;
        value           nonuniform List<vector> 0();
    }
    outlet
    {
        type            calculated;
        value           nonuniform List<vector> 0();
    }
    topWall
    {
        type            calculated;
        value           uniform (0 0 0);
    }
    lowerWall
    {
        type            calculated;
        value           nonuniform List<vector> 0();
    }
    leadingEdge
    {
        type            calculated;
        value           nonuniform List<vector> 0();
    }
    trailingEdge
    {
        type            calculated;
        value           nonuniform List<vector> 0();
    }
    upperSurface
    {
        type            calculated;
        value           nonuniform List<vector> 0();
    }
    lowerSurface
    {
        type            calculated;
        value           nonuniform List<vector> 0();
    }
    frontAndBack
    {
        type            empty;
    }
    procBoundary6to2
    {
        type            processor;
        value           nonuniform List<vector> 
125
(
(-9.23663 117.231 0)
(-13.1344 119.275 0)
(-14.7979 115.425 0)
(-14.8437 106.813 0)
(-13.7433 93.8936 0)
(-12.2294 77.2638 0)
(-10.7013 57.6566 0)
(-8.7243 36.9298 0)
(-4.74543 19.2298 0)
(-1.39161 8.2766 0)
(2.00554 -13.5712 0)
(1.66345 -33.709 0)
(1.08975 -49.1234 0)
(0.0883326 -61.7699 0)
(-0.773682 -72.1681 0)
(-1.43047 -81.1285 0)
(-2.58269 -89.107 0)
(-4.789 -95.3174 0)
(-6.19985 -97.496 0)
(-6.47548 -94.7816 0)
(-5.87337 -88.411 0)
(-4.42269 -79.2397 0)
(-2.43953 -68.0843 0)
(-0.623986 -54.7142 0)
(-0.012717 -39.0881 0)
(-0.873135 -23.2684 0)
(-1.14543 -10.6623 0)
(3.23453 -4.02644 0)
(7.75929 16.0982 0)
(8.70266 30.5938 0)
(8.72877 43.1932 0)
(9.36491 53.9729 0)
(9.51491 63.0136 0)
(8.19071 70.2437 0)
(6.2046 75.6141 0)
(4.10231 78.4122 0)
(2.60508 77.4986 0)
(1.61465 74.0229 0)
(0.635114 68.0719 0)
(-0.674156 59.5526 0)
(-2.21561 48.6553 0)
(-3.66866 36.2113 0)
(-4.50706 23.6586 0)
(-4.12438 12.8958 0)
(-3.91924 5.43512 0)
(-4.36638 -4.35711 0)
(-4.80029 -19.6697 0)
(-4.2281 -31.1284 0)
(-3.68065 -41.0273 0)
(-3.21482 -49.2987 0)
(-2.38815 -55.9537 0)
(-1.38874 -60.8964 0)
(-0.439732 -63.6331 0)
(1.22466 -63.2953 0)
(2.506 -60.9199 0)
(3.0961 -56.6164 0)
(3.18742 -50.4975 0)
(2.7587 -42.5892 0)
(1.79609 -33.0712 0)
(0.36921 -22.734 0)
(-0.954929 -13.0146 0)
(-1.41391 -5.82399 0)
(-1.52807 -1.17143 0)
(-1.54365 13.5763 0)
(-1.26831 23.3364 0)
(-0.906585 32.0739 0)
(-0.545941 39.5971 0)
(-0.152068 45.8628 0)
(0.376295 50.7386 0)
(1.2159 53.8069 0)
(2.32299 53.9136 0)
(3.15251 51.816 0)
(3.49618 47.7057 0)
(3.39635 41.8691 0)
(2.78584 34.6406 0)
(1.70958 26.4233 0)
(0.484713 18.0076 0)
(-0.416185 10.4718 0)
(-0.676867 4.88435 0)
(-2.1723 0.0185291 0)
(-3.44403 -10.2164 0)
(-3.85752 -17.9068 0)
(-3.92995 -24.8969 0)
(-3.99394 -30.9719 0)
(-3.60866 -36.0635 0)
(-2.87991 -40.102 0)
(-1.95136 -42.8041 0)
(-0.985982 -43.2701 0)
(-0.0820552 -41.9408 0)
(0.997005 -39.1677 0)
(2.28461 -35.0093 0)
(3.23275 -29.514 0)
(3.01391 -23.0516 0)
(2.32365 -16.1582 0)
(1.43743 -9.64277 0)
(0.469711 -4.45451 0)
(0.206598 -1.58767 0)
(0.144392 6.82518 0)
(-0.183847 13.6706 0)
(-0.511286 19.5614 0)
(-0.67892 24.7854 0)
(-0.713243 29.2461 0)
(-0.586071 32.9075 0)
(-0.242928 35.5361 0)
(0.421092 36.4018 0)
(1.08875 35.4282 0)
(1.63718 33.1428 0)
(1.9839 29.5499 0)
(2.0752 24.7387 0)
(1.88643 19.0663 0)
(1.41753 13.1322 0)
(0.786973 7.69316 0)
(0.181303 3.51247 0)
(0.050428 0.900984 0)
(-0.50427 -6.25571 0)
(-1.09878 -11.3553 0)
(-1.50448 -15.9594 0)
(-1.71925 -20.0196 0)
(-1.84856 -23.4294 0)
(-1.77417 -26.1995 0)
(-1.50278 -28.2478 0)
(-1.04141 -29.1094 0)
(0.656766 -28.8945 0)
(0.656766 -28.8945 0)
(0.954825 -27.0623 0)
)
;
    }
    procBoundary6to5
    {
        type            processor;
        value           nonuniform List<vector> 
15
(
(-59.5519 89.8169 0)
(-33.2439 64.1292 0)
(15.3685 32.9629 0)
(32.0563 11.9662 0)
(10.8073 12.0647 0)
(4.55462 8.43778 0)
(4.30901 6.08919 0)
(3.23925 4.3554 0)
(2.80139 2.72589 0)
(1.56007 0.926239 0)
(-12.9147 114.605 0)
(-25.7941 117.512 0)
(-38.3129 117.271 0)
(-52.6676 112.341 0)
(-62.7941 105.012 0)
)
;
    }
    procBoundary6to7
    {
        type            processor;
        value           nonuniform List<vector> 
15
(
(-5.2933 -17.096 0)
(-2.58268 -15.4774 0)
(-2.58268 -15.4774 0)
(-3.72321 -11.9818 0)
(-4.9694 -8.38751 0)
(-4.51008 -5.70819 0)
(-3.0079 -4.07554 0)
(-2.15522 -2.9342 0)
(-1.86266 -1.9958 0)
(-1.82139 -1.17052 0)
(-1.48104 -0.375001 0)
(-1.97742 -24.3707 0)
(-4.72184 -23.7703 0)
(-5.17969 -22.0931 0)
(-5.20602 -19.7644 0)
)
;
    }
}


// ************************************************************************* //
