/*--------------------------------*- C++ -*----------------------------------*\
| =========                 |                                                 |
| \\      /  F ield         | OpenFOAM: The Open Source CFD Toolbox           |
|  \\    /   O peration     | Version:  2206                                  |
|   \\  /    A nd           | Website:  www.openfoam.com                      |
|    \\/     M anipulation  |                                                 |
\*---------------------------------------------------------------------------*/
FoamFile
{
    version     2.0;
    format      ascii;
    arch        "LSB;label=32;scalar=64";
    class       surfaceScalarField;
    location    "19.2";
    object      ddtCorrDdt0(phi);
}
// * * * * * * * * * * * * * * * * * * * * * * * * * * * * * * * * * * * * * //

dimensions      [0 3 -2 0 0 0 0];

oriented        oriented;

internalField   nonuniform List<scalar> 
5927
(
-9.84304e-05
-0.00011446
0.000112817
-9.57425e-05
-0.0001646
0.000161913
-9.24611e-05
-0.00021112
0.000207838
-8.88394e-05
-0.000253763
0.000250142
-8.49423e-05
-0.000292229
0.000288332
-8.05399e-05
-0.000325911
0.000321508
-7.4924e-05
-0.000353289
0.000347673
-6.62417e-05
-0.000371126
0.000362444
-5.42812e-05
-0.000373344
0.000361383
-3.97703e-05
-0.00036328
0.000348769
-2.27753e-05
-0.000342737
0.000325742
-4.45625e-06
-0.000313401
0.000295082
1.36589e-05
-0.000276999
0.000258884
3.11738e-05
-0.000235462
0.000217947
4.76873e-05
-0.000191255
0.000174741
6.35562e-05
-0.000146623
0.000130754
8.0114e-05
-0.000102351
8.57933e-05
9.6888e-05
-5.74328e-05
4.06588e-05
0.000110122
-1.22139e-05
-1.02049e-06
0.000118913
2.90793e-05
-3.78698e-05
0.000122879
6.6664e-05
-7.06299e-05
0.000122055
0.000100864
-0.00010004
0.0001172
0.000131804
-0.000126949
0.000109173
0.000160217
-0.00015219
9.86977e-05
0.000186724
-0.000176249
8.63732e-05
0.000211452
-0.000199128
7.26327e-05
0.000234189
-0.000220448
5.7769e-05
0.000254368
-0.000239504
4.20101e-05
0.000270978
-0.000255219
2.56537e-05
0.000282275
-0.000265919
9.31895e-06
0.000284983
-0.000268648
-6.37043e-06
0.000280209
-0.00026452
-2.09909e-05
0.000268653
-0.000254033
-3.41096e-05
0.000250569
-0.000237451
-4.53014e-05
0.000226606
-0.000215414
-5.42124e-05
0.000197842
-0.000188931
-6.06982e-05
0.000165804
-0.000159318
-6.49663e-05
0.000132247
-0.000127979
-6.76715e-05
9.87351e-05
-9.60299e-05
-7.00109e-05
6.59602e-05
-6.36209e-05
-7.28999e-05
3.16738e-05
-2.87848e-05
-7.47785e-05
-7.4768e-06
9.35541e-06
-7.51072e-05
-4.76309e-05
4.79595e-05
-7.39929e-05
-8.72304e-05
8.61161e-05
-7.1782e-05
-0.000124842
0.000122631
-6.87958e-05
-0.000159666
0.00015668
-6.52439e-05
-0.000191257
0.000187705
-6.11636e-05
-0.000219231
0.00021515
-5.63977e-05
-0.000243012
0.000238246
-5.04413e-05
-0.000261563
0.000255606
-4.21821e-05
-0.00027253
0.000264271
-3.23415e-05
-0.000272626
0.000262786
-2.13911e-05
-0.000265047
0.000254097
-1.00399e-05
-0.000250694
0.000239342
1.27475e-06
-0.000230258
0.000218943
1.39178e-05
-0.000205129
0.000192486
2.71096e-05
-0.000176303
0.000163111
3.88701e-05
-0.000144885
0.000133124
4.96896e-05
-0.000112791
0.000101971
6.03356e-05
-8.07186e-05
7.00726e-05
7.07973e-05
-4.83514e-05
3.78896e-05
7.93244e-05
-1.51922e-05
6.66509e-06
8.4797e-05
1.67213e-05
-2.21939e-05
8.70549e-05
4.687e-05
-4.91279e-05
8.60912e-05
7.51716e-05
-7.42079e-05
8.24068e-05
0.000101139
-9.74547e-05
7.65446e-05
0.000124883
-0.00011902
6.89507e-05
0.00014657
-0.000138977
6.00223e-05
0.000166118
-0.000157189
5.007e-05
0.000183319
-0.000173367
3.93162e-05
0.0001978
-0.000187046
2.79406e-05
0.000208852
-0.000197476
1.61753e-05
0.000214973
-0.000203208
4.60441e-06
0.000214522
-0.000202951
-6.48348e-06
0.00020921
-0.000198122
-1.67965e-05
0.00019909
-0.000188777
-2.6042e-05
0.000184443
-0.000175197
-3.39408e-05
0.000165812
-0.000157913
-4.02593e-05
0.000143998
-0.00013768
-4.48963e-05
0.000120063
-0.000115426
-4.79981e-05
9.52106e-05
-9.21089e-05
-5.00531e-05
7.05141e-05
-6.84592e-05
-5.19768e-05
4.63825e-05
-4.44588e-05
-5.43139e-05
2.08964e-05
-1.85593e-05
-5.58034e-05
-8.05885e-06
9.54832e-06
-5.61092e-05
-3.76501e-05
3.79558e-05
-5.52214e-05
-6.68588e-05
6.5971e-05
-5.3344e-05
-9.45869e-05
9.27095e-05
-5.06762e-05
-0.000120225
0.000117557
-4.73763e-05
-0.000143354
0.000140054
-4.3539e-05
-0.000163567
0.00015973
-3.91222e-05
-0.00018043
0.000176013
-3.38872e-05
-0.000193191
0.000187956
-2.72438e-05
-0.000200208
0.000193564
-1.99754e-05
-0.00019968
0.000192412
-1.17789e-05
-0.000194847
0.000186651
-2.51779e-06
-0.000185699
0.000176438
7.08522e-06
-0.000171521
0.000161918
1.62005e-05
-0.000152887
0.000143772
2.43974e-05
-0.000131389
0.000123193
3.16885e-05
-0.000108619
0.000101327
3.82347e-05
-8.54216e-05
7.88754e-05
4.427e-05
-6.20455e-05
5.60102e-05
5.02479e-05
-3.86585e-05
3.26806e-05
5.55962e-05
-1.44623e-05
9.11396e-06
5.89769e-05
1.01966e-05
-1.35773e-05
6.02137e-05
3.43038e-05
-3.55407e-05
5.92194e-05
5.75321e-05
-5.65377e-05
5.63592e-05
7.90015e-05
-7.61414e-05
5.19724e-05
9.86257e-05
-9.42389e-05
4.6344e-05
0.000116363
-0.000110734
3.97396e-05
0.000132029
-0.000125425
3.23711e-05
0.000145415
-0.000138047
2.43298e-05
0.000156321
-0.00014828
1.59815e-05
0.000163992
-0.000155644
7.06228e-06
0.000167388
-0.000158468
-1.25099e-06
0.00016533
-0.000157017
-1.01354e-05
0.000162125
-0.00015324
-1.73546e-05
0.000150997
-0.000143778
-2.4181e-05
0.000142579
-0.000135753
0.000119591
-0.000113725
-7.35741e-05
-0.000117064
-7.06012e-05
-0.000167573
-6.77403e-05
-0.000213981
-6.51315e-05
-0.000256372
-6.27912e-05
-0.00029457
-6.05519e-05
-0.00032815
-5.7805e-05
-0.000356035
-5.33485e-05
-0.000375582
-4.56475e-05
-0.000381045
-3.57625e-05
-0.000373165
-2.3646e-05
-0.000354853
-9.94561e-06
-0.000327102
4.52171e-06
-0.000291467
1.90177e-05
-0.000249958
3.2728e-05
-0.000204965
4.50588e-05
-0.000158953
5.6744e-05
-0.000114036
6.99744e-05
-7.06631e-05
8.39372e-05
-2.61768e-05
9.4264e-05
1.87525e-05
0.000100274
6.06539e-05
0.000101605
9.95329e-05
9.89694e-05
0.00013444
9.31705e-05
0.000166016
8.48571e-05
0.000195037
7.46242e-05
0.000221685
6.29248e-05
0.000245888
5.00821e-05
0.000267211
3.6355e-05
0.000284706
2.20624e-05
0.000296568
7.80496e-06
0.00029924
-5.83529e-06
0.00029385
-1.84841e-05
0.000281302
-2.97551e-05
0.00026184
-3.92314e-05
0.000236082
-4.65226e-05
0.000205133
-5.141e-05
0.000170691
-5.40101e-05
0.000134847
-5.48936e-05
9.96185e-05
-5.52905e-05
6.63572e-05
-5.69951e-05
3.33783e-05
-5.84379e-05
-6.03397e-06
-5.81517e-05
-4.79171e-05
-5.64635e-05
-8.89186e-05
-5.40001e-05
-0.000127305
-5.12093e-05
-0.000162457
-4.83553e-05
-0.000194111
-4.54205e-05
-0.000222165
-4.23034e-05
-0.000246129
-3.86279e-05
-0.000265238
-3.34705e-05
-0.000277688
-2.65259e-05
-0.000279571
-1.84727e-05
-0.0002731
-1.0122e-05
-0.000259044
-1.82675e-06
-0.000238553
7.36976e-06
-0.000214326
1.70784e-05
-0.000186012
2.60432e-05
-0.00015385
3.41467e-05
-0.000120894
4.18512e-05
-8.84231e-05
5.00604e-05
-5.65605e-05
5.91468e-05
-2.42786e-05
6.59771e-05
9.89102e-06
6.98674e-05
4.29796e-05
7.05973e-05
7.44418e-05
6.86653e-05
0.000103071
6.45921e-05
0.000128956
5.87755e-05
0.000152387
5.16034e-05
0.00017329
4.33904e-05
0.000191532
3.43685e-05
0.000206822
2.47205e-05
0.0002185
1.46498e-05
0.000225044
4.72605e-06
0.000224446
-4.7923e-06
0.000218729
-1.36533e-05
0.000207951
-2.15985e-05
0.000192388
-2.83508e-05
0.000172564
-3.36272e-05
0.000149275
-3.72493e-05
0.000123686
-3.92903e-05
9.72517e-05
-4.0176e-05
7.13997e-05
-4.08363e-05
4.70428e-05
-4.25302e-05
2.25904e-05
-4.38832e-05
-6.7059e-06
-4.39322e-05
-3.76011e-05
-4.27937e-05
-6.79973e-05
-4.08695e-05
-9.65111e-05
-3.83907e-05
-0.000122703
-3.55467e-05
-0.000146198
-3.25003e-05
-0.000166613
-2.92559e-05
-0.000183675
-2.55759e-05
-0.000196871
-2.06308e-05
-0.000205153
-1.4324e-05
-0.000205987
-8.28653e-06
-0.000200885
-3.15958e-06
-0.000190826
2.29436e-06
-0.000176975
8.55486e-06
-0.000159148
1.56029e-05
-0.000138437
2.22063e-05
-0.000115222
2.72548e-05
-9.04702e-05
3.13217e-05
-6.61123e-05
3.54924e-05
-4.28293e-05
4.07353e-05
-1.97051e-05
4.52305e-05
5.70139e-06
4.75342e-05
3.20001e-05
4.762e-05
5.74463e-05
4.60388e-05
8.05828e-05
4.30313e-05
0.000101633
3.88526e-05
0.000120542
3.37483e-05
0.000137133
2.78829e-05
0.000151281
2.13386e-05
0.000162866
1.44437e-05
0.000170887
7.18045e-06
0.000174651
6.92209e-09
0.000172504
-7.58032e-06
0.000169712
-1.33433e-05
0.00015676
-1.91943e-05
0.00014843
0.00012458
-4.72693e-05
-0.000120809
-4.41481e-05
-0.000170695
-4.19746e-05
-0.000216154
-4.07815e-05
-0.000257565
-4.02943e-05
-0.000295057
-4.02069e-05
-0.000328238
-4.01089e-05
-0.000356133
-3.91492e-05
-0.000376542
-3.5677e-05
-0.000384517
-3.03634e-05
-0.000378479
-2.30501e-05
-0.000362166
-1.39713e-05
-0.000336181
-3.57435e-06
-0.000301863
7.50556e-06
-0.000261038
1.84202e-05
-0.000215879
2.82553e-05
-0.000168788
3.6536e-05
-0.000122317
4.46913e-05
-7.88185e-05
5.62741e-05
-3.77596e-05
6.80741e-05
6.9525e-06
7.58577e-05
5.28703e-05
7.90139e-05
9.63767e-05
7.84582e-05
0.000134995
7.48004e-05
0.000169674
6.86395e-05
0.000201198
6.05704e-05
0.000229754
5.10432e-05
0.000255415
4.03968e-05
0.000277857
2.89273e-05
0.000296175
1.69926e-05
0.000308503
5.20335e-06
0.00031103
-5.95999e-06
0.000305013
-1.61913e-05
0.000291534
-2.52003e-05
0.000270849
-3.26546e-05
0.000243536
-3.81877e-05
0.000210666
-4.1491e-05
0.000173995
-4.24914e-05
0.000135847
-4.15969e-05
9.87241e-05
-4.00025e-05
6.47629e-05
-4.03066e-05
3.36824e-05
-4.18163e-05
-4.52418e-06
-4.04441e-05
-4.92893e-05
-3.80784e-05
-9.12842e-05
-3.54387e-05
-0.000129945
-3.29544e-05
-0.000164941
-3.09249e-05
-0.000196141
-2.94112e-05
-0.000223679
-2.81029e-05
-0.000247438
-2.66523e-05
-0.000266689
-2.45106e-05
-0.000279829
-2.09014e-05
-0.00028318
-1.64315e-05
-0.00027757
-1.06922e-05
-0.000264783
-3.59582e-06
-0.000245649
3.35789e-06
-0.00022128
9.6338e-06
-0.000192287
1.59247e-05
-0.00016014
2.14177e-05
-0.000126387
2.58468e-05
-9.28522e-05
3.06573e-05
-6.1371e-05
3.77549e-05
-3.13763e-05
4.60681e-05
1.57784e-06
5.13297e-05
3.77181e-05
5.34328e-05
7.23387e-05
5.31741e-05
0.00010333
5.08832e-05
0.000131247
4.68931e-05
0.000156377
4.15765e-05
0.000178606
3.52368e-05
0.000197872
2.81056e-05
0.000213953
2.03716e-05
0.000226234
1.22361e-05
0.00023318
4.23212e-06
0.00023245
-3.41914e-06
0.00022638
-1.05299e-05
0.000215062
-1.69181e-05
0.000198776
-2.23485e-05
0.000177994
-2.65237e-05
0.00015345
-2.92017e-05
0.000126364
-3.03184e-05
9.83684e-05
-3.01281e-05
7.12095e-05
-2.94686e-05
4.63833e-05
-3.03181e-05
2.34399e-05
-3.19435e-05
-5.08045e-06
-3.14157e-05
-3.81288e-05
-2.9889e-05
-6.9524e-05
-2.79962e-05
-9.84038e-05
-2.58605e-05
-0.000124839
-2.35503e-05
-0.000148508
-2.12386e-05
-0.000168925
-1.9034e-05
-0.000185879
-1.65024e-05
-0.000199402
-1.3285e-05
-0.00020837
-9.69458e-06
-0.000209578
-5.99741e-06
-0.000204582
-2.42952e-06
-0.000194394
6.76986e-07
-0.000180081
4.51661e-06
-0.000162988
8.71255e-06
-0.000142633
1.25662e-05
-0.000119076
1.59206e-05
-9.38246e-05
1.85314e-05
-6.87231e-05
2.08369e-05
-4.51348e-05
2.43945e-05
-2.32627e-05
3.08521e-05
-7.561e-07
3.41368e-05
2.87154e-05
3.5045e-05
5.65382e-05
3.46454e-05
8.09824e-05
3.28472e-05
0.000103431
3.00646e-05
0.000123324
2.65181e-05
0.00014068
2.22687e-05
0.00015553
1.73982e-05
0.000167736
1.21181e-05
0.000176167
6.60803e-06
0.000180161
8.87708e-07
0.000178224
-4.81122e-06
0.000175411
-9.19858e-06
0.000161148
-1.40124e-05
0.000153244
0.000128578
-1.9371e-05
-0.000125538
-1.71116e-05
-0.000172954
-1.63401e-05
-0.000216926
-1.65101e-05
-0.000257395
-1.76639e-05
-0.000293903
-1.96597e-05
-0.000326242
-2.21129e-05
-0.00035368
-2.43376e-05
-0.000374317
-2.49668e-05
-0.000383888
-2.40147e-05
-0.000379431
-2.12736e-05
-0.000364907
-1.6725e-05
-0.000340729
-1.05634e-05
-0.000308025
-3.21693e-06
-0.000268384
4.58454e-06
-0.000223681
1.19427e-05
-0.000176147
1.80063e-05
-0.000128381
2.25207e-05
-8.33329e-05
2.85934e-05
-4.38323e-05
4.24218e-05
-6.87586e-06
5.13392e-05
4.39529e-05
5.50317e-05
9.26842e-05
5.59549e-05
0.000134072
5.41291e-05
0.0001715
5.00496e-05
0.000205278
4.42141e-05
0.00023559
3.70012e-05
0.000262628
2.87264e-05
0.000286132
1.97112e-05
0.00030519
1.03719e-05
0.000317842
1.39178e-06
0.00032001
-6.88735e-06
0.000313292
-1.42123e-05
0.000298859
-2.04127e-05
0.00027705
-2.53495e-05
0.000248473
-2.88622e-05
0.000214179
-3.07108e-05
0.000175843
-3.05763e-05
0.000135713
-2.83184e-05
9.64662e-05
-2.45617e-05
6.10062e-05
-2.21234e-05
3.12441e-05
-2.57928e-05
-8.54853e-07
-2.17426e-05
-5.33394e-05
-1.8413e-05
-9.46138e-05
-1.62575e-05
-0.000132101
-1.50755e-05
-0.000166123
-1.43032e-05
-0.000196913
-1.39029e-05
-0.000224079
-1.39463e-05
-0.000247394
-1.43045e-05
-0.00026633
-1.45614e-05
-0.000279572
-1.39224e-05
-0.000283819
-1.25241e-05
-0.000278969
-1.00239e-05
-0.000267284
-6.47147e-06
-0.000249202
-2.33125e-06
-0.00022542
2.16445e-06
-0.000196783
6.5269e-06
-0.000164503
1.02378e-05
-0.000130098
1.28576e-05
-9.54721e-05
1.43235e-05
-6.28368e-05
1.70161e-05
-3.40688e-05
2.63372e-05
-7.74315e-06
3.29878e-05
3.10675e-05
3.56002e-05
6.97263e-05
3.64985e-05
0.000102431
3.56711e-05
0.000132074
3.3368e-05
0.00015868
2.98612e-05
0.000182113
2.54201e-05
0.000202313
2.02668e-05
0.000219106
1.45848e-05
0.000231916
8.60379e-06
0.000239161
2.80242e-06
0.000238251
-2.6415e-06
0.000231824
-7.63177e-06
0.000220052
-1.20845e-05
0.000203229
-1.58622e-05
0.000181772
-1.87836e-05
0.000156371
-2.06403e-05
0.00012822
-2.11779e-05
9.8906e-05
-2.02325e-05
7.02641e-05
-1.82045e-05
4.43553e-05
-1.72458e-05
2.24812e-05
-2.0673e-05
-1.65322e-06
-1.84817e-05
-4.032e-05
-1.62372e-05
-7.17685e-05
-1.45161e-05
-0.000100125
-1.33357e-05
-0.000126019
-1.21295e-05
-0.000149714
-1.08582e-05
-0.000170196
-9.43057e-06
-0.000187307
-8.1702e-06
-0.000200663
-7.38573e-06
-0.000209155
-6.3428e-06
-0.000210621
-4.79547e-06
-0.000206129
-2.57095e-06
-0.000196619
2.00532e-07
-0.000182853
2.56972e-06
-0.000165357
4.17113e-06
-0.000144235
5.44739e-06
-0.000120352
6.89313e-06
-9.52703e-05
8.00318e-06
-6.98331e-05
8.38431e-06
-4.5516e-05
8.71812e-06
-2.35965e-05
1.41992e-05
-6.23724e-06
1.96745e-05
2.32402e-05
2.24514e-05
5.37613e-05
2.29518e-05
8.0482e-05
2.21107e-05
0.000104272
2.06576e-05
0.000124777
1.85908e-05
0.000142747
1.58734e-05
0.000158247
1.26326e-05
0.000170977
9.01334e-06
0.000179786
5.29926e-06
0.000183875
1.39534e-06
0.000182128
-2.24955e-06
0.000179056
-5.24002e-06
0.000164138
-8.64691e-06
0.000156651
0.000131316
7.04391e-06
9.63239e-06
1.02691e-05
8.58429e-06
5.22387e-06
7.1734e-07
-4.53273e-06
-9.95593e-06
-1.43948e-05
-1.75367e-05
-1.90695e-05
-1.88308e-05
-1.6857e-05
-1.34229e-05
-9.09726e-06
-4.56945e-06
-3.96539e-07
3.13655e-06
6.647e-06
1.66566e-05
2.59993e-05
3.00979e-05
3.24373e-05
3.21905e-05
2.99588e-05
2.62794e-05
2.13279e-05
1.54182e-05
8.91733e-06
2.29488e-06
-3.67716e-06
-8.81017e-06
-1.28534e-05
-1.57255e-05
-1.74921e-05
-1.82952e-05
-1.82186e-05
-1.71312e-05
-1.4704e-05
-1.06723e-05
-6.08159e-06
-6.46825e-06
-2.04506e-06
5.87206e-07
2.26391e-06
3.23555e-06
3.19162e-06
2.18227e-06
3.43267e-07
-2.08983e-06
-4.7409e-06
-6.91841e-06
-8.47257e-06
-9.13638e-06
-8.83724e-06
-7.6998e-06
-5.91854e-06
-3.77198e-06
-1.5686e-06
3.36478e-07
1.53947e-06
2.14844e-06
6.80281e-06
1.28825e-05
1.62631e-05
1.84666e-05
1.9324e-05
1.88413e-05
1.71975e-05
1.47025e-05
1.15439e-05
7.92556e-06
4.12346e-06
5.80628e-07
-2.52328e-06
-5.13522e-06
-7.26545e-06
-8.93373e-06
-1.01628e-05
-1.09498e-05
-1.11497e-05
-1.03791e-05
-8.23495e-06
-5.58927e-06
-7.69451e-06
-5.05184e-06
-3.5015e-06
-2.03757e-06
-6.22498e-07
-4.24122e-11
1.0282e-07
-1.01611e-07
-6.19507e-07
-1.28326e-06
-1.97959e-06
-2.50745e-06
-2.59015e-06
-2.33712e-06
-1.99508e-06
-1.46821e-06
-6.96291e-07
-1.35454e-07
1.21464e-07
1.15834e-07
3.78542e-07
1.64999e-06
3.7903e-06
5.41489e-06
7.70828e-06
9.52172e-06
0.000102459
1.01649e-05
0.000124134
9.90742e-06
0.000143004
8.91205e-06
0.000159243
7.35744e-06
0.000172531
5.48959e-06
0.000181654
3.58367e-06
0.000185781
1.66456e-06
0.000184047
-1.45974e-07
0.000180866
-1.65242e-06
0.000165645
-3.20938e-06
0.000158208
0.000132549
-2.74832e-06
-1.18691e-06
-3.69611e-07
1.27809e-07
3.02919e-07
3.51599e-07
4.31876e-07
6.81299e-07
7.76888e-07
7.33997e-07
1.18416e-06
-7.55226e-07
-2.45258e-06
1.70807e-06
-2.4633e-06
4.06656e-06
-2.35849e-06
6.22822e-06
-2.16166e-06
8.11631e-06
-1.88808e-06
9.67613e-06
-1.55983e-06
1.08816e-05
-1.20543e-06
1.17242e-05
-8.42639e-07
1.22123e-05
-4.88109e-07
1.23776e-05
-1.65318e-07
1.22638e-05
1.13834e-07
1.19224e-05
3.41458e-07
1.13988e-05
5.23513e-07
1.07271e-05
6.71719e-07
9.93323e-06
7.93897e-07
9.02102e-06
9.12209e-07
8.04127e-06
9.79748e-07
7.00904e-06
1.03223e-06
5.89557e-06
1.11348e-06
4.91429e-06
9.81281e-07
3.84687e-06
1.06742e-06
2.7272e-06
1.11967e-06
1.56379e-06
1.16342e-06
3.57921e-07
1.20586e-06
-8.95847e-07
1.25377e-06
-2.19841e-06
1.30256e-06
-3.5431e-06
1.34469e-06
-4.91261e-06
1.36951e-06
-6.2786e-06
1.36599e-06
-7.60417e-06
1.32557e-06
-8.84722e-06
1.24305e-06
-9.96079e-06
1.11357e-06
-1.09018e-05
9.41005e-07
-1.16312e-05
7.29442e-07
-1.21099e-05
4.78639e-07
-1.23018e-05
1.91884e-07
-1.21792e-05
-1.22541e-07
-1.17286e-05
-4.50668e-07
-1.09498e-05
-7.78776e-07
-9.85461e-06
-1.09517e-06
-8.46651e-06
-1.3881e-06
-6.78883e-06
-1.67768e-06
-4.85642e-06
-1.93241e-06
-3.11828e-06
-1.73814e-06
-1.15388e-06
-1.96439e-06
8.36554e-07
-1.99044e-06
2.76312e-06
-1.92656e-06
4.56706e-06
-1.80394e-06
6.19939e-06
-1.63233e-06
7.6204e-06
-1.42102e-06
8.80376e-06
-1.18335e-06
9.72904e-06
-9.25287e-07
1.03852e-05
-6.56147e-07
1.07812e-05
-3.96018e-07
1.09379e-05
-1.56645e-07
1.08754e-05
6.24683e-08
1.06181e-05
2.57246e-07
1.01926e-05
4.25496e-07
9.62018e-06
5.72474e-07
8.91123e-06
7.08949e-07
8.06764e-06
8.43595e-07
7.08914e-06
9.78497e-07
6.03766e-06
1.05148e-06
4.8379e-06
1.19976e-06
3.7545e-06
1.08341e-06
2.54626e-06
1.20823e-06
1.27996e-06
1.2663e-06
-1.31282e-08
1.29309e-06
-1.31365e-06
1.30053e-06
-2.60644e-06
1.29279e-06
-3.87432e-06
1.26789e-06
-5.0955e-06
1.22117e-06
-6.24706e-06
1.15157e-06
-7.3038e-06
1.05674e-06
-8.2393e-06
9.35506e-07
-9.0291e-06
7.89796e-07
-9.65307e-06
6.23977e-07
-1.00943e-05
4.41226e-07
-1.03368e-05
2.42458e-07
-1.03675e-05
3.0769e-08
-1.01797e-05
-1.87785e-07
-9.77458e-06
-4.05169e-07
-9.16111e-06
-6.13464e-07
-8.35462e-06
-8.06491e-07
-7.37482e-06
-9.79798e-07
-6.2395e-06
-1.13533e-06
-4.96845e-06
-1.27104e-06
-3.60352e-06
-1.36493e-06
-2.39388e-06
-1.20964e-06
-1.07252e-06
-1.32137e-06
2.2403e-07
-1.29654e-06
1.45146e-06
-1.22744e-06
2.58519e-06
-1.13372e-06
3.60614e-06
-1.02096e-06
4.50009e-06
-8.93938e-07
5.25917e-06
-7.59095e-07
5.87763e-06
-6.18449e-07
6.35273e-06
-4.75108e-07
6.68896e-06
-3.36233e-07
6.89435e-06
-2.05395e-07
6.97513e-06
-8.07698e-08
6.93703e-06
3.80864e-08
6.78581e-06
1.5122e-07
6.52596e-06
2.59846e-07
6.16096e-06
3.65006e-07
5.69422e-06
4.66727e-07
5.12891e-06
5.65317e-07
4.46414e-06
6.64763e-07
3.70257e-06
7.61572e-07
2.82026e-06
8.823e-07
2.04073e-06
7.79536e-07
1.13028e-06
9.1044e-07
1.78208e-07
9.52083e-07
-7.80156e-07
9.58356e-07
-1.71844e-06
9.38288e-07
-2.61209e-06
8.93647e-07
-3.42496e-06
8.12878e-07
-4.12855e-06
7.03582e-07
-4.6645e-06
5.35948e-07
-5.00756e-06
3.43062e-07
-1.12463e-07
3.15918e-06
-5.01123e-06
5.60888e-06
-4.913e-06
7.87447e-06
-4.62408e-06
9.86264e-06
-4.14983e-06
1.14905e-05
-3.51592e-06
1.27028e-05
-2.77216e-06
1.34752e-05
-1.97778e-06
1.38342e-05
-1.20164e-06
1.38219e-05
-4.7586e-07
1.34709e-05
1.85747e-07
1.28283e-05
7.56386e-07
1.19489e-05
1.2209e-06
1.08998e-05
1.57259e-06
9.75138e-06
1.82013e-06
8.54105e-06
2.00423e-06
7.25263e-06
2.20063e-06
5.92419e-06
2.30819e-06
4.67917e-06
2.27724e-06
3.47305e-06
2.3196e-06
2.16286e-06
2.29147e-06
9.26808e-07
2.30347e-06
-2.7642e-07
2.32289e-06
-1.46799e-06
2.35499e-06
-2.66101e-06
2.39888e-06
-3.85865e-06
2.45142e-06
-5.06138e-06
2.50529e-06
-6.26383e-06
2.54714e-06
-7.44927e-06
2.55494e-06
-8.58445e-06
2.50118e-06
-9.62708e-06
2.36819e-06
-1.05512e-05
2.16721e-06
-1.13115e-05
1.87386e-06
-1.18675e-05
1.49699e-06
-1.21839e-05
1.04584e-06
-1.22248e-05
5.19512e-07
-1.19598e-05
-7.30687e-08
-1.13703e-05
-7.1208e-07
-1.0453e-05
-1.36793e-06
-9.2272e-06
-2.00462e-06
-7.7219e-06
-2.60047e-06
-5.96363e-06
-3.14636e-06
-3.96352e-06
-3.6778e-06
-1.91885e-06
-3.97708e-06
3.9309e-07
-4.05009e-06
2.52467e-06
-4.09597e-06
4.54128e-06
-4.00705e-06
6.40647e-06
-3.79175e-06
8.0666e-06
-3.46407e-06
9.47378e-06
-3.03951e-06
1.0593e-05
-2.54025e-06
1.14016e-05
-1.99195e-06
1.1901e-05
-1.42469e-06
1.2108e-05
-8.63176e-07
1.20384e-05
-3.26429e-07
1.1716e-05
1.65834e-07
1.1171e-05
6.074e-07
1.04383e-05
9.89979e-07
9.55299e-06
1.31081e-06
8.54696e-06
1.57851e-06
7.45295e-06
1.80296e-06
6.25796e-06
2.03859e-06
4.93883e-06
2.29762e-06
3.64326e-06
2.34705e-06
2.3404e-06
2.50262e-06
8.85496e-07
2.53832e-06
-5.05609e-07
2.59934e-06
-1.86696e-06
2.62766e-06
-3.19912e-06
2.62524e-06
-4.49073e-06
2.59214e-06
-5.72332e-06
2.52538e-06
-6.88243e-06
2.427e-06
-7.94408e-06
2.28282e-06
-8.88465e-06
2.09214e-06
-9.68181e-06
1.85389e-06
-1.03208e-05
1.57454e-06
-1.07862e-05
1.25516e-06
-1.10592e-05
8.96934e-07
-1.1127e-05
5.0909e-07
-1.09803e-05
9.56978e-08
-1.06133e-05
-3.36231e-07
-1.0026e-05
-7.75059e-07
-9.22907e-06
-1.20209e-06
-8.24252e-06
-1.60001e-06
-7.09389e-06
-1.95513e-06
-5.81098e-06
-2.26271e-06
-4.40302e-06
-2.54329e-06
-2.89031e-06
-2.78375e-06
-1.43227e-06
-2.82297e-06
1.39654e-07
-2.78157e-06
1.5523e-06
-2.73401e-06
2.86125e-06
-2.6055e-06
4.05203e-06
-2.41823e-06
5.10419e-06
-2.18588e-06
5.9995e-06
-1.91628e-06
6.7273e-06
-1.62174e-06
7.28181e-06
-1.31361e-06
7.66888e-06
-1.00552e-06
7.89935e-06
-7.05589e-07
7.98186e-06
-4.18742e-07
7.92711e-06
-1.50643e-07
7.74566e-06
1.00677e-07
7.44851e-06
3.35226e-07
7.04656e-06
5.53176e-07
6.54827e-06
7.58134e-07
5.96153e-06
9.51739e-07
5.29463e-06
1.13362e-06
4.55324e-06
1.30671e-06
3.72959e-06
1.48841e-06
2.83004e-06
1.66112e-06
1.9361e-06
1.77624e-06
8.94723e-07
1.82091e-06
-9.12296e-08
1.89639e-06
-1.07315e-06
1.93401e-06
-2.03521e-06
1.92041e-06
-2.956e-06
1.85908e-06
-3.80406e-06
1.7417e-06
-4.55046e-06
1.55928e-06
-5.15198e-06
1.30511e-06
-5.56883e-06
9.52797e-07
-5.8492e-06
6.23432e-07
-1.55748e-07
2.18323e-06
-7.4971e-06
4.58994e-06
-7.31971e-06
6.81557e-06
-6.8497e-06
8.76188e-06
-6.09613e-06
1.03408e-05
-5.09479e-06
1.14919e-05
-3.92333e-06
1.21924e-05
-2.6783e-06
1.25073e-05
-1.51649e-06
1.24801e-05
-4.48617e-07
1.21411e-05
5.24715e-07
1.15477e-05
1.34974e-06
1.07677e-05
2.00091e-06
9.86185e-06
2.47846e-06
8.87002e-06
2.81197e-06
7.80222e-06
3.07202e-06
6.71232e-06
3.29054e-06
5.60341e-06
3.4171e-06
4.56768e-06
3.31297e-06
3.58136e-06
3.30592e-06
2.59775e-06
3.27508e-06
1.63494e-06
3.26628e-06
6.723e-07
3.28554e-06
-3.12027e-07
3.33932e-06
-1.33833e-06
3.42518e-06
-2.42084e-06
3.53393e-06
-3.5682e-06
3.65265e-06
-4.78125e-06
3.7602e-06
-6.04397e-06
3.81766e-06
-7.32044e-06
3.77765e-06
-8.5409e-06
3.58865e-06
-9.68023e-06
3.30654e-06
-1.06563e-05
2.84992e-06
-1.14489e-05
2.28961e-06
-1.20203e-05
1.61724e-06
-1.23223e-05
8.2154e-07
-1.23134e-05
-8.20019e-08
-1.19608e-05
-1.0647e-06
-1.12488e-05
-2.07993e-06
-1.018e-05
-3.07335e-06
-8.77554e-06
-4.00497e-06
-7.07243e-06
-4.84947e-06
-5.13088e-06
-5.61935e-06
-3.05722e-06
-6.05073e-06
-7.80808e-07
-6.3265e-06
1.48586e-06
-6.36265e-06
3.66142e-06
-6.18261e-06
5.68575e-06
-5.81607e-06
7.50068e-06
-5.27901e-06
9.05435e-06
-4.59317e-06
1.03092e-05
-3.79506e-06
1.12437e-05
-2.92652e-06
1.18457e-05
-2.02668e-06
1.21346e-05
-1.152e-06
1.21483e-05
-3.40147e-07
1.1915e-05
3.99151e-07
1.1463e-05
1.05932e-06
1.08289e-05
1.62416e-06
1.00453e-05
2.09438e-06
9.14062e-06
2.48318e-06
8.12501e-06
2.81857e-06
7.01037e-06
3.15323e-06
5.79691e-06
3.51108e-06
4.5294e-06
3.61457e-06
3.2269e-06
3.80511e-06
1.84749e-06
3.91773e-06
4.34244e-07
4.01259e-06
-9.90549e-07
4.05245e-06
-2.4199e-06
4.0546e-06
-3.84442e-06
4.01666e-06
-5.24046e-06
3.92142e-06
-6.60431e-06
3.79085e-06
-7.89498e-06
3.57349e-06
-9.08755e-06
3.28472e-06
-1.01442e-05
2.91053e-06
-1.10162e-05
2.44652e-06
-1.16834e-05
1.92242e-06
-1.21397e-05
1.35323e-06
-1.2364e-05
7.33376e-07
-1.23387e-05
7.03484e-08
-1.20525e-05
-6.22348e-07
-1.14987e-05
-1.32889e-06
-1.06877e-05
-2.01311e-06
-9.64086e-06
-2.64684e-06
-8.38815e-06
-3.20785e-06
-6.95831e-06
-3.69255e-06
-5.38933e-06
-4.11228e-06
-3.72078e-06
-4.4523e-06
-1.98544e-06
-4.55831e-06
-2.3852e-07
-4.52849e-06
1.43158e-06
-4.40412e-06
2.96797e-06
-4.14188e-06
4.3528e-06
-3.80306e-06
5.57255e-06
-3.40563e-06
6.61123e-06
-2.95496e-06
7.45914e-06
-2.46965e-06
8.10843e-06
-1.9629e-06
8.56023e-06
-1.45732e-06
8.83213e-06
-9.77487e-07
8.94579e-06
-5.32404e-07
8.91383e-06
-1.18695e-07
8.74601e-06
2.68496e-07
8.45278e-06
6.28457e-07
8.04619e-06
9.59765e-07
7.53482e-06
1.2695e-06
6.92499e-06
1.56156e-06
6.22142e-06
1.8372e-06
5.42711e-06
2.10102e-06
4.55143e-06
2.36409e-06
3.59238e-06
2.62016e-06
2.57818e-06
2.79043e-06
1.47957e-06
2.91953e-06
3.58142e-07
3.01781e-06
-7.8247e-07
3.07462e-06
-1.90431e-06
3.04225e-06
-2.98891e-06
2.94368e-06
-4.01529e-06
2.76808e-06
-4.9389e-06
2.48289e-06
-5.73352e-06
2.09972e-06
-6.34448e-06
1.56376e-06
-6.81453e-06
1.09348e-06
5.69402e-08
3.09448e-07
-1.01165e-05
2.86064e-06
-9.8709e-06
5.23213e-06
-9.22119e-06
7.31074e-06
-8.17474e-06
8.97883e-06
-6.76289e-06
1.01817e-05
-5.12622e-06
1.08969e-05
-3.39344e-06
1.12891e-05
-1.90869e-06
1.13338e-05
-4.93308e-07
1.10651e-05
7.93354e-07
1.05567e-05
1.85814e-06
9.87806e-06
2.67958e-06
9.087e-06
3.26953e-06
8.23754e-06
3.66143e-06
7.38146e-06
3.9281e-06
6.56809e-06
4.1039e-06
5.818e-06
4.16719e-06
5.03804e-06
4.09293e-06
4.35015e-06
3.99381e-06
3.7182e-06
3.90703e-06
3.12132e-06
3.86316e-06
2.52799e-06
3.87887e-06
1.89467e-06
3.97263e-06
1.17553e-06
4.14431e-06
3.3134e-07
4.37812e-06
-6.7067e-07
4.65466e-06
-1.85707e-06
4.94661e-06
-3.21748e-06
5.17806e-06
-4.72051e-06
5.28069e-06
-6.20173e-06
5.06987e-06
-7.7747e-06
4.87951e-06
-9.21159e-06
4.28681e-06
-1.0513e-05
3.59097e-06
-1.16322e-05
2.73645e-06
-1.24925e-05
1.6819e-06
-1.30211e-05
4.46592e-07
-1.3169e-05
-9.16825e-07
-1.2902e-05
-2.34689e-06
-1.22079e-05
-3.76749e-06
-1.11189e-05
-5.09393e-06
-9.70083e-06
-6.26759e-06
-8.05127e-06
-7.26891e-06
-6.08892e-06
-8.01308e-06
-3.92935e-06
-8.48607e-06
-1.65791e-06
-8.63409e-06
6.11885e-07
-8.45241e-06
2.80165e-06
-8.00584e-06
4.84186e-06
-7.31921e-06
6.65901e-06
-6.41033e-06
8.20309e-06
-5.33914e-06
9.46832e-06
-4.19175e-06
1.045e-05
-3.00835e-06
1.11355e-05
-1.83755e-06
1.15167e-05
-7.21312e-07
1.16293e-05
2.86515e-07
1.15247e-05
1.16396e-06
1.12357e-05
1.91315e-06
1.07903e-05
2.53977e-06
1.0201e-05
3.07251e-06
9.48355e-06
3.53602e-06
8.67196e-06
3.96482e-06
7.82258e-06
4.36046e-06
6.79269e-06
4.64446e-06
5.71193e-06
4.88587e-06
4.54681e-06
5.08285e-06
3.31877e-06
5.24063e-06
2.03485e-06
5.33638e-06
6.91782e-07
5.39767e-06
-7.13391e-07
5.42183e-06
-2.17767e-06
5.3857e-06
-3.69068e-06
5.30386e-06
-5.21873e-06
5.10154e-06
-6.73054e-06
4.79653e-06
-8.19055e-06
4.37055e-06
-9.54462e-06
3.80058e-06
-1.07609e-05
3.13873e-06
-1.18067e-05
2.39903e-06
-1.26398e-05
1.56645e-06
-1.32051e-05
6.35657e-07
-1.34697e-05
-3.57803e-07
-1.34217e-05
-1.37688e-06
-1.30483e-05
-2.38644e-06
-1.23534e-05
-3.34182e-06
-1.13636e-05
-4.19759e-06
-1.01086e-05
-4.94758e-06
-8.65762e-06
-5.56325e-06
-7.08467e-06
-6.02526e-06
-5.36084e-06
-6.28214e-06
-3.49763e-06
-6.3917e-06
-1.59352e-06
-6.30823e-06
2.69622e-07
-6.00503e-06
2.04631e-06
-5.57975e-06
3.69262e-06
-5.05194e-06
5.15676e-06
-4.41911e-06
6.4271e-06
-3.73999e-06
7.49604e-06
-3.03185e-06
8.36258e-06
-2.32386e-06
9.02468e-06
-1.63959e-06
9.4818e-06
-9.89525e-07
9.74375e-06
-3.80649e-07
9.83522e-06
1.77025e-07
9.77809e-06
6.85583e-07
9.58355e-06
1.15431e-06
9.25678e-06
1.59627e-06
8.79895e-06
2.01938e-06
8.21146e-06
2.42469e-06
7.4952e-06
2.81728e-06
6.66255e-06
3.19674e-06
5.73406e-06
3.54865e-06
4.69415e-06
3.83035e-06
3.56342e-06
4.05025e-06
2.34704e-06
4.23419e-06
1.06084e-06
4.36082e-06
-2.63981e-07
4.36707e-06
-1.60136e-06
4.28105e-06
-2.93175e-06
4.09847e-06
-4.18825e-06
3.73939e-06
-5.33904e-06
3.25051e-06
-6.33018e-06
2.55491e-06
-7.22377e-06
1.98706e-06
7.00821e-07
-6.28533e-06
-1.32741e-05
-2.9721e-06
-1.31841e-05
3.21314e-07
-1.25146e-05
3.38439e-06
-1.12378e-05
6.07571e-06
-9.4542e-06
8.30598e-06
-7.35649e-06
9.7467e-06
-4.83416e-06
1.09269e-05
-3.08892e-06
1.16265e-05
-1.19286e-06
1.18825e-05
5.3736e-07
1.17757e-05
1.96493e-06
1.14124e-05
3.04286e-06
1.09029e-05
3.77905e-06
1.03255e-05
4.23886e-06
9.73862e-06
4.51496e-06
9.17243e-06
4.67009e-06
8.6362e-06
4.70342e-06
8.104e-06
4.62513e-06
7.62661e-06
4.4712e-06
7.15774e-06
4.3759e-06
6.70208e-06
4.31882e-06
6.23235e-06
4.34861e-06
5.69241e-06
4.51257e-06
5.02318e-06
4.81354e-06
4.171e-06
5.2303e-06
3.08633e-06
5.73932e-06
1.73181e-06
6.30113e-06
9.25623e-08
6.81731e-06
-1.80478e-06
7.17802e-06
-3.91222e-06
7.17732e-06
-5.98882e-06
6.95611e-06
-7.95795e-06
6.25594e-06
-9.86238e-06
5.4954e-06
-1.16615e-05
4.53555e-06
-1.32627e-05
3.28316e-06
-1.4552e-05
1.73587e-06
-1.54332e-05
-3.56094e-08
-1.58298e-05
-1.95029e-06
-1.56733e-05
-3.924e-06
-1.49603e-05
-5.80697e-06
-1.37838e-05
-7.44401e-06
-1.22677e-05
-8.785e-06
-1.04553e-05
-9.82557e-06
-8.38346e-06
-1.05579e-05
-6.11338e-06
-1.09042e-05
-3.70045e-06
-1.08653e-05
-1.24541e-06
-1.04609e-05
1.13925e-06
-9.70387e-06
3.35351e-06
-8.62459e-06
5.36121e-06
-7.34684e-06
7.14572e-06
-5.97626e-06
8.63713e-06
-4.49976e-06
9.82e-06
-3.02042e-06
1.07181e-05
-1.61945e-06
1.13508e-05
-3.46163e-07
1.17374e-05
7.77389e-07
1.18957e-05
1.75487e-06
1.18492e-05
2.58624e-06
1.16337e-05
3.28798e-06
1.12708e-05
3.89894e-06
1.07796e-05
4.45598e-06
1.01769e-05
4.96324e-06
9.41112e-06
5.41022e-06
8.52959e-06
5.7674e-06
7.57699e-06
6.03545e-06
6.52601e-06
6.2916e-06
5.34392e-06
6.51847e-06
4.03124e-06
6.71035e-06
2.59837e-06
6.85469e-06
1.04513e-06
6.93894e-06
-5.91806e-07
6.9408e-06
-2.29719e-06
6.80693e-06
-4.06089e-06
6.56023e-06
-5.82355e-06
6.1332e-06
-7.45297e-06
5.43e-06
-8.96345e-06
4.64921e-06
-1.03603e-05
3.79588e-06
-1.16193e-05
2.8254e-06
-1.26948e-05
1.71118e-06
-1.35251e-05
4.72539e-07
-1.40576e-05
-8.44381e-07
-1.42482e-05
-2.19581e-06
-1.40552e-05
-3.53485e-06
-1.34814e-05
-4.77142e-06
-1.2572e-05
-5.85692e-06
-1.13855e-05
-6.74975e-06
-9.97611e-06
-7.43469e-06
-8.37373e-06
-7.88452e-06
-6.65189e-06
-8.11353e-06
-4.84916e-06
-8.11097e-06
-2.95564e-06
-7.89854e-06
-1.02024e-06
-7.51515e-06
8.73013e-07
-6.9452e-06
2.67076e-06
-6.21685e-06
4.32482e-06
-5.39405e-06
5.77973e-06
-4.48676e-06
7.02667e-06
-3.5708e-06
8.06908e-06
-2.682e-06
8.91523e-06
-1.83568e-06
9.57283e-06
-1.03825e-06
1.00421e-05
-2.92235e-07
1.03181e-05
4.0954e-07
1.04023e-05
1.07017e-06
1.03133e-05
1.68524e-06
1.00703e-05
2.26238e-06
9.67619e-06
2.8188e-06
9.12565e-06
3.36781e-06
8.41928e-06
3.90311e-06
7.55577e-06
4.41216e-06
6.52355e-06
4.86256e-06
5.34443e-06
5.22937e-06
4.0716e-06
5.50702e-06
2.73022e-06
5.7022e-06
1.29549e-06
5.8018e-06
-2.24833e-07
5.80138e-06
-1.79339e-06
5.66703e-06
-3.3159e-06
5.2619e-06
-4.74461e-06
4.67922e-06
-6.0066e-06
3.8169e-06
-7.19785e-06
3.17831e-06
1.65805e-06
-1.39458e-05
-1.60921e-05
-1.08353e-05
-1.62946e-05
-7.56416e-06
-1.57858e-05
-4.3289e-06
-1.44731e-05
-1.16947e-06
-1.26136e-05
1.90117e-06
-1.04271e-05
4.75282e-06
-7.6858e-06
7.22063e-06
-5.55673e-06
9.28607e-06
-3.2583e-06
1.09826e-05
-1.15921e-06
1.23408e-05
6.06739e-07
1.34095e-05
1.97418e-06
1.42612e-05
2.92739e-06
1.49376e-05
3.56247e-06
1.54821e-05
3.97044e-06
1.59193e-05
4.23289e-06
1.62148e-05
4.40795e-06
1.62743e-05
4.56563e-06
1.61203e-05
4.62521e-06
1.56724e-05
4.82378e-06
1.50726e-05
4.91861e-06
1.43122e-05
5.10902e-06
1.33261e-05
5.4987e-06
1.206e-05
6.07965e-06
1.04701e-05
6.82018e-06
8.51593e-06
7.69347e-06
6.15037e-06
8.66669e-06
3.36189e-06
9.60579e-06
2.06634e-07
1.03333e-05
-3.3731e-06
1.07571e-05
-6.65556e-06
1.02386e-05
-9.62595e-06
9.22632e-06
-1.23732e-05
8.24265e-06
-1.48842e-05
7.04659e-06
-1.70657e-05
5.46463e-06
-1.87974e-05
3.46755e-06
-2.00156e-05
1.18259e-06
-2.06841e-05
-1.28179e-06
-2.07536e-05
-3.85447e-06
-2.02419e-05
-6.31872e-06
-1.92125e-05
-8.47338e-06
-1.77254e-05
-1.02721e-05
-1.58946e-05
-1.16563e-05
-1.37486e-05
-1.27039e-05
-1.13913e-05
-1.32615e-05
-8.88754e-06
-1.33691e-05
-6.32372e-06
-1.30247e-05
-3.75599e-06
-1.22716e-05
-1.2022e-06
-1.11784e-05
1.31278e-06
-9.86181e-06
3.71768e-06
-8.38116e-06
5.99288e-06
-6.77496e-06
8.06168e-06
-5.08922e-06
9.90857e-06
-3.46634e-06
1.15163e-05
-1.95392e-06
1.28852e-05
-5.91519e-07
1.40214e-05
6.18754e-07
1.49169e-05
1.69068e-06
1.55575e-05
2.64737e-06
1.59302e-05
3.5263e-06
1.60268e-05
4.35931e-06
1.58574e-05
5.13267e-06
1.54134e-05
5.8542e-06
1.46651e-05
6.51573e-06
1.36056e-05
7.09491e-06
1.22542e-05
7.64302e-06
1.06421e-05
8.13058e-06
8.77797e-06
8.57449e-06
6.70498e-06
8.92769e-06
4.46565e-06
9.17827e-06
2.09537e-06
9.31108e-06
-4.12689e-07
9.31499e-06
-3.05787e-06
9.20541e-06
-5.72486e-06
8.80019e-06
-8.07812e-06
7.78326e-06
-1.01604e-05
6.73146e-06
-1.20067e-05
5.64226e-06
-1.36061e-05
4.42477e-06
-1.49109e-05
3.01594e-06
-1.58732e-05
1.43485e-06
-1.64737e-05
-2.43829e-07
-1.67106e-05
-1.95897e-06
-1.65843e-05
-3.66108e-06
-1.60798e-05
-5.27598e-06
-1.52049e-05
-6.73177e-06
-1.40214e-05
-7.93329e-06
-1.25964e-05
-8.85965e-06
-1.09822e-05
-9.49874e-06
-9.21895e-06
-9.8768e-06
-7.34993e-06
-9.98e-06
-5.41476e-06
-9.83371e-06
-3.45324e-06
-9.47668e-06
-1.45483e-06
-8.94361e-06
5.90747e-07
-8.26243e-06
2.61198e-06
-7.41529e-06
4.52728e-06
-6.40206e-06
6.29211e-06
-5.33563e-06
7.88877e-06
-4.27866e-06
9.30293e-06
-3.24985e-06
1.05219e-05
-2.25721e-06
1.15305e-05
-1.30081e-06
1.23146e-05
-3.74585e-07
1.28553e-05
5.29463e-07
1.31221e-05
1.41842e-06
1.30963e-05
2.28822e-06
1.28003e-05
3.11475e-06
1.22687e-05
3.89942e-06
1.15021e-05
4.6697e-06
1.04824e-05
5.43185e-06
9.20427e-06
6.14071e-06
7.67477e-06
6.75887e-06
5.9313e-06
7.25049e-06
4.03602e-06
7.59747e-06
2.03243e-06
7.80539e-06
-5.31225e-08
7.88693e-06
-2.19729e-06
7.81119e-06
-4.30504e-06
7.36965e-06
-6.26963e-06
6.64381e-06
-7.97621e-06
5.52347e-06
-9.52385e-06
4.72596e-06
2.85769e-06
-1.07045e-05
-2.16906e-05
-5.68182e-06
-2.13173e-05
-1.27411e-06
-2.01935e-05
2.1854e-06
-1.79326e-05
4.84499e-06
-1.52732e-05
6.80901e-06
-1.23911e-05
8.63244e-06
-9.50923e-06
9.98973e-06
-6.91403e-06
1.11902e-05
-4.45877e-06
1.24286e-05
-2.39762e-06
1.37514e-05
-7.16023e-07
1.51356e-05
5.8998e-07
1.66653e-05
1.39762e-06
1.83445e-05
1.88333e-06
2.01537e-05
2.16119e-06
2.20419e-05
2.34474e-06
2.3906e-05
2.54383e-06
2.56399e-05
2.83172e-06
2.70213e-05
3.24385e-06
2.79556e-05
3.88943e-06
2.81418e-05
4.73248e-06
2.75461e-05
5.70466e-06
2.61894e-05
6.8554e-06
2.40025e-05
8.26655e-06
2.09772e-05
9.84549e-06
1.71306e-05
1.154e-05
1.24141e-05
1.33832e-05
6.8838e-06
1.51361e-05
5.888e-07
1.66283e-05
-6.24903e-06
1.75949e-05
-1.26989e-05
1.66885e-05
-1.85557e-05
1.50831e-05
-2.379e-05
1.34769e-05
-2.81732e-05
1.14298e-05
-3.14164e-05
8.70778e-06
-3.33476e-05
5.39879e-06
-3.40454e-05
1.88042e-06
-3.36044e-05
-1.72279e-06
-3.2062e-05
-5.39686e-06
-2.97555e-05
-8.62522e-06
-2.70141e-05
-1.12148e-05
-2.39385e-05
-1.33478e-05
-2.06102e-05
-1.49847e-05
-1.72418e-05
-1.60722e-05
-1.38977e-05
-1.66056e-05
-1.06615e-05
-1.66053e-05
-7.58318e-06
-1.6103e-05
-4.67474e-06
-1.518e-05
-1.99684e-06
-1.38563e-05
4.25191e-07
-1.22838e-05
2.7609e-06
-1.07169e-05
5.12793e-06
-9.14198e-06
7.44424e-06
-7.40553e-06
9.75317e-06
-5.77527e-06
1.20456e-05
-4.24638e-06
1.4315e-05
-2.86089e-06
1.65301e-05
-1.59633e-06
1.86395e-05
-4.18767e-07
2.05728e-05
7.14147e-07
2.22507e-05
1.84839e-06
2.35935e-05
3.0165e-06
2.45079e-05
4.21822e-06
2.49188e-05
5.44335e-06
2.47641e-05
6.67036e-06
2.3989e-05
7.87002e-06
2.25228e-05
9.10925e-06
2.03191e-05
1.03343e-05
1.74556e-05
1.1438e-05
1.4041e-05
1.23423e-05
1.01613e-05
1.3058e-05
5.93503e-06
1.35373e-05
1.48513e-06
1.37649e-05
-3.14379e-06
1.38343e-05
-7.79471e-06
1.34511e-05
-1.19834e-05
1.1972e-05
-1.56257e-05
1.03737e-05
-1.87428e-05
8.75945e-06
-2.13126e-05
6.99456e-06
-2.32401e-05
4.94342e-06
-2.44501e-05
2.64484e-06
-2.49464e-05
2.52501e-07
-2.47688e-05
-2.13658e-06
-2.39531e-05
-4.47679e-06
-2.25968e-05
-6.63233e-06
-2.08216e-05
-8.50692e-06
-1.8718e-05
-1.00369e-05
-1.63856e-05
-1.11921e-05
-1.39196e-05
-1.19647e-05
-1.14169e-05
-1.23794e-05
-8.92525e-06
-1.24717e-05
-6.4697e-06
-1.22892e-05
-4.05553e-06
-1.18909e-05
-1.70091e-06
-1.12982e-05
5.70569e-07
-1.05339e-05
2.78883e-06
-9.63355e-06
4.95405e-06
-8.56729e-06
7.0536e-06
-7.43518e-06
9.08997e-06
-6.31503e-06
1.10435e-05
-5.20343e-06
1.28816e-05
-4.09522e-06
1.4563e-05
-2.98227e-06
1.60418e-05
-1.8534e-06
1.7268e-05
-6.96759e-07
1.81882e-05
4.98288e-07
1.87414e-05
1.73495e-06
1.88558e-05
3.00042e-06
1.85071e-05
4.24811e-06
1.77219e-05
5.45488e-06
1.64952e-05
6.65859e-06
1.48185e-05
7.81733e-06
1.27081e-05
8.86929e-06
1.01917e-05
9.76686e-06
7.32612e-06
1.04631e-05
4.18946e-06
1.0942e-05
8.34586e-07
1.12418e-05
-2.69156e-06
1.13373e-05
-6.15256e-06
1.08306e-05
-9.37732e-06
9.86857e-06
-1.22404e-05
8.38651e-06
-1.47991e-05
7.28469e-06
4.70476e-06
-2.3705e-05
-3.85181e-05
-7.91554e-06
-3.71067e-05
6.22841e-06
-3.43374e-05
1.8264e-05
-2.99681e-05
2.72195e-05
-2.42287e-05
3.279e-05
-1.79617e-05
3.53729e-05
-1.20921e-05
3.59384e-05
-7.47955e-06
3.55885e-05
-4.10887e-06
3.48807e-05
-1.68984e-06
3.41104e-05
5.43175e-08
3.35229e-05
1.17745e-06
3.33482e-05
1.57235e-06
3.37546e-05
1.47698e-06
3.48202e-05
1.09556e-06
3.65137e-05
6.51207e-07
3.86645e-05
3.93087e-07
4.10127e-05
4.83461e-07
4.3255e-05
1.00152e-06
4.51151e-05
2.02935e-06
4.62631e-05
3.58446e-06
4.62476e-05
5.72023e-06
4.4707e-05
8.39594e-06
4.15021e-05
1.14714e-05
3.65905e-05
1.47571e-05
3.01125e-05
1.8018e-05
2.20521e-05
2.14436e-05
1.2489e-05
2.46992e-05
1.4231e-06
2.76941e-05
-1.0411e-05
2.9429e-05
-2.20879e-05
2.83654e-05
-3.38429e-05
2.68381e-05
-4.5242e-05
2.4876e-05
-5.4741e-05
2.09288e-05
-6.16227e-05
1.55895e-05
-6.57951e-05
9.57115e-06
-6.71478e-05
3.2331e-06
-6.58527e-05
-3.01788e-06
-6.19815e-05
-9.26801e-06
-5.62885e-05
-1.43183e-05
-4.94481e-05
-1.80551e-05
-4.16693e-05
-2.11267e-05
-3.34322e-05
-2.32217e-05
-2.52079e-05
-2.42966e-05
-1.73601e-05
-2.44534e-05
-1.01505e-05
-2.3815e-05
-3.71339e-06
-2.25401e-05
1.94302e-06
-2.08364e-05
6.62725e-06
-1.85405e-05
1.02103e-05
-1.58669e-05
1.29259e-05
-1.34325e-05
1.50349e-05
-1.1251e-05
1.68883e-05
-9.2589e-06
1.87001e-05
-7.58707e-06
2.06108e-05
-6.15709e-06
2.27042e-05
-4.95432e-06
2.50041e-05
-3.89614e-06
2.74738e-05
-2.88854e-06
3.00171e-05
-1.82916e-06
3.24863e-05
-6.20734e-07
3.46966e-05
8.06157e-07
3.64413e-05
2.47353e-06
3.75247e-05
4.35996e-06
3.77785e-05
6.41657e-06
3.70547e-05
8.59384e-06
3.52825e-05
1.08814e-05
3.24027e-05
1.32141e-05
2.84261e-05
1.54146e-05
2.3463e-05
1.73053e-05
1.76445e-05
1.88766e-05
1.11107e-05
2.00711e-05
4.00728e-06
2.08683e-05
-3.64664e-06
2.14882e-05
-1.15128e-05
2.13172e-05
-1.91368e-05
1.9596e-05
-2.61689e-05
1.74058e-05
-3.23255e-05
1.49161e-05
-3.73091e-05
1.19782e-05
-4.08351e-05
8.46937e-06
-4.27742e-05
4.584e-06
-4.31171e-05
5.95347e-07
-4.20466e-05
-3.20707e-06
-3.98393e-05
-6.68411e-06
-3.66953e-05
-9.77633e-06
-3.28255e-05
-1.23767e-05
-2.8454e-05
-1.44084e-05
-2.38024e-05
-1.58437e-05
-1.90691e-05
-1.6698e-05
-1.44252e-05
-1.70233e-05
-9.98868e-06
-1.69082e-05
-5.80849e-06
-1.64694e-05
-1.87732e-06
-1.5822e-05
1.72931e-06
-1.49049e-05
4.84748e-06
-1.36521e-05
7.5687e-06
-1.23548e-05
1.00444e-05
-1.1043e-05
1.23957e-05
-9.78647e-06
1.46733e-05
-8.5927e-06
1.69058e-05
-7.43586e-06
1.90923e-05
-6.28176e-06
2.12035e-05
-5.09343e-06
2.31834e-05
-3.83331e-06
2.49545e-05
-2.46784e-06
2.6423e-05
-9.70252e-07
2.74831e-05
6.74851e-07
2.80214e-05
2.46213e-06
2.7912e-05
4.35746e-06
2.70795e-05
6.28746e-06
2.55127e-05
8.22538e-06
2.32206e-05
1.01094e-05
2.02255e-05
1.18643e-05
1.65697e-05
1.34226e-05
1.23109e-05
1.47219e-05
7.51208e-06
1.57409e-05
2.22296e-06
1.65309e-05
-3.40892e-06
1.69692e-05
-8.94675e-06
1.63685e-05
-1.42338e-05
1.51556e-05
-1.90223e-05
1.3175e-05
-2.32988e-05
1.15612e-05
7.70455e-06
-7.84724e-05
-6.5851e-05
-5.08418e-05
-6.47374e-05
-2.39354e-05
-6.12438e-05
2.46594e-06
-5.63695e-05
2.67628e-05
-4.85256e-05
4.75624e-05
-3.87613e-05
6.25083e-05
-2.7038e-05
7.16254e-05
-1.65967e-05
7.55804e-05
-8.06385e-06
7.58477e-05
-1.95713e-06
7.41637e-05
1.73831e-06
7.18565e-05
3.48466e-06
6.9599e-05
3.82983e-06
6.78577e-05
3.21821e-06
6.68592e-05
2.0941e-06
6.66656e-05
8.44822e-07
6.72655e-05
-2.0684e-07
6.84676e-05
-7.18619e-07
6.98567e-05
-3.87553e-07
7.08994e-05
9.86627e-07
7.09884e-05
3.49548e-06
6.96809e-05
7.02774e-06
6.66829e-05
1.13939e-05
6.16879e-05
1.64665e-05
5.43896e-05
2.20554e-05
4.45903e-05
2.78173e-05
3.25177e-05
3.35162e-05
1.93668e-05
3.78501e-05
6.07849e-06
4.09824e-05
-8.51634e-06
4.40238e-05
-2.60458e-05
4.58949e-05
-4.42028e-05
4.49951e-05
-6.05179e-05
4.11911e-05
-7.5402e-05
3.58129e-05
-8.84998e-05
2.86873e-05
-9.89244e-05
1.99958e-05
-0.00010577
1.00783e-05
-0.000108341
-4.46976e-07
-0.000107411
-1.01981e-05
-0.000102706
-1.90232e-05
-9.37367e-05
-2.7024e-05
-8.17372e-05
-3.31262e-05
-6.77448e-05
-3.72141e-05
-5.26925e-05
-3.93488e-05
-3.74958e-05
-3.96501e-05
-2.28216e-05
-3.84891e-05
-8.97008e-06
-3.63916e-05
3.8459e-06
-3.36524e-05
1.52057e-05
-2.99003e-05
2.42726e-05
-2.49338e-05
3.0795e-05
-1.99548e-05
3.52153e-05
-1.56713e-05
3.81675e-05
-1.22111e-05
4.0151e-05
-9.57058e-06
4.16548e-05
-7.66091e-06
4.30391e-05
-6.33861e-06
4.45489e-05
-5.40595e-06
4.63029e-05
-4.64256e-06
4.83004e-05
-3.82671e-06
5.04302e-05
-2.7505e-06
5.24814e-05
-1.24502e-06
5.41659e-05
7.8903e-07
5.51529e-05
3.37294e-06
5.51079e-05
6.46152e-06
5.38071e-05
9.89471e-06
5.11916e-05
1.34969e-05
4.72858e-05
1.71199e-05
4.20794e-05
2.0621e-05
3.55405e-05
2.38443e-05
2.77269e-05
2.66901e-05
1.88787e-05
2.89192e-05
9.09818e-06
3.06489e-05
-1.72251e-06
3.23089e-05
-1.33378e-05
3.29325e-05
-2.56611e-05
3.19193e-05
-3.78956e-05
2.96402e-05
-4.89117e-05
2.59321e-05
-5.79546e-05
2.10211e-05
-6.47936e-05
1.53083e-05
-6.92346e-05
9.02499e-06
-7.10735e-05
2.43423e-06
-7.02893e-05
-3.99125e-06
-6.72175e-05
-9.75588e-06
-6.22763e-05
-1.47176e-05
-5.57978e-05
-1.88551e-05
-4.81738e-05
-2.20324e-05
-3.98329e-05
-2.41847e-05
-3.1196e-05
-2.5335e-05
-2.26214e-05
-2.55979e-05
-1.43529e-05
-2.51768e-05
-6.5005e-06
-2.43218e-05
8.49406e-07
-2.31719e-05
7.48002e-06
-2.15355e-05
1.29482e-05
-1.91202e-05
1.73811e-05
-1.67877e-05
2.10269e-05
-1.46888e-05
2.40926e-05
-1.28522e-05
2.67657e-05
-1.12658e-05
2.92019e-05
-9.8721e-06
3.15081e-05
-8.5879e-06
3.37332e-05
-7.31852e-06
3.58674e-05
-5.96757e-06
3.78462e-05
-4.44664e-06
3.95554e-05
-2.67944e-06
4.08371e-05
-6.06832e-07
4.15043e-05
1.79493e-06
4.13456e-05
4.51616e-06
4.01971e-05
7.43595e-06
3.80109e-05
1.04115e-05
3.47773e-05
1.3343e-05
3.05104e-05
1.61313e-05
2.5267e-05
1.8666e-05
1.91173e-05
2.08717e-05
1.21095e-05
2.27487e-05
4.30412e-06
2.43363e-05
-4.00373e-06
2.52771e-05
-1.2348e-05
2.47128e-05
-2.05271e-05
2.33347e-05
-2.80975e-05
2.07453e-05
-3.49948e-05
1.84586e-05
1.26292e-05
-0.000151483
-9.32034e-05
-0.000118808
-9.74128e-05
-8.36926e-05
-9.63591e-05
-4.89124e-05
-9.11497e-05
-1.40586e-05
-8.33794e-05
2.08857e-05
-7.37055e-05
5.33346e-05
-5.94869e-05
7.99415e-05
-4.32036e-05
9.87237e-05
-2.6846e-05
0.000109901
-1.31343e-05
0.000114629
-2.98955e-06
0.000114796
3.31754e-06
0.000112586
6.03987e-06
0.000109584
6.21969e-06
0.000106623
5.05594e-06
0.000104184
3.28356e-06
0.00010238
1.59686e-06
0.000101065
5.96546e-07
9.99031e-05
7.74235e-07
9.84423e-05
2.44744e-06
9.62033e-05
5.73453e-06
9.27008e-05
1.05302e-05
8.75279e-05
1.65667e-05
8.04548e-05
2.35396e-05
7.1386e-05
3.11242e-05
6.03347e-05
3.88686e-05
4.76325e-05
4.62184e-05
3.28452e-05
5.26375e-05
1.54762e-05
5.83514e-05
-3.61426e-06
6.31143e-05
-2.28636e-05
6.51442e-05
-4.22714e-05
6.44029e-05
-6.19127e-05
6.08324e-05
-8.09559e-05
5.48561e-05
-9.87834e-05
4.65149e-05
-0.000114785
3.59976e-05
-0.000128327
2.36197e-05
-0.000138707
9.93351e-06
-0.000144559
-4.34653e-06
-0.000144745
-1.88373e-05
-0.000139393
-3.23755e-05
-0.000128938
-4.35816e-05
-0.000114129
-5.20226e-05
-9.58743e-05
-5.76037e-05
-7.53629e-05
-6.01616e-05
-5.39392e-05
-5.99127e-05
-3.2809e-05
-5.75219e-05
-1.25471e-05
-5.39143e-05
6.94553e-06
-4.93929e-05
2.50745e-05
-4.30628e-05
4.02956e-05
-3.5176e-05
5.1733e-05
-2.71088e-05
5.97344e-05
-2.02124e-05
6.49566e-05
-1.47928e-05
6.81599e-05
-1.08641e-05
7.00685e-05
-8.24721e-06
7.12905e-05
-6.62803e-06
7.2264e-05
-5.61598e-06
7.3243e-05
-4.8057e-06
7.42918e-05
-3.79933e-06
7.53006e-05
-2.25379e-06
7.60359e-05
5.37348e-08
7.6166e-05
3.24283e-06
7.53135e-05
7.314e-06
7.31771e-05
1.20311e-05
6.9564e-05
1.711e-05
6.43547e-05
2.23292e-05
5.75031e-05
2.74725e-05
4.90271e-05
3.23204e-05
3.90244e-05
3.66928e-05
2.7426e-05
4.05176e-05
1.40998e-05
4.39751e-05
-5.30925e-07
4.69397e-05
-1.5573e-05
4.79746e-05
-3.05855e-05
4.69318e-05
-4.51251e-05
4.41798e-05
-5.88287e-05
3.96358e-05
-7.1252e-05
3.34444e-05
-8.18634e-05
2.59197e-05
-9.02055e-05
1.73672e-05
-9.58644e-05
8.09312e-06
-9.83483e-05
-1.50742e-06
-9.72979e-05
-1.08062e-05
-9.29733e-05
-1.90422e-05
-8.59163e-05
-2.59121e-05
-7.65273e-05
-3.14215e-05
-6.53432e-05
-3.53687e-05
-5.29824e-05
-3.76957e-05
-4.00809e-05
-3.84994e-05
-2.71894e-05
-3.80683e-05
-1.46632e-05
-3.6848e-05
-2.67281e-06
-3.51623e-05
8.59395e-06
-3.28022e-05
1.87194e-05
-2.92457e-05
2.70723e-05
-2.51407e-05
3.37466e-05
-2.1363e-05
3.89987e-05
-1.81044e-05
4.31264e-05
-1.53934e-05
4.64259e-05
-1.31716e-05
4.91503e-05
-1.13123e-05
5.14805e-05
-9.64878e-06
5.35128e-05
-7.99986e-06
5.52585e-05
-6.19233e-06
5.66447e-05
-4.06564e-06
5.75107e-05
-1.47281e-06
5.76188e-05
1.68677e-06
5.67792e-05
5.35578e-06
5.48658e-05
9.34938e-06
5.17663e-05
1.3511e-05
4.74115e-05
1.76979e-05
4.17905e-05
2.17522e-05
3.49397e-05
2.55169e-05
2.69136e-05
2.88977e-05
1.77798e-05
3.18825e-05
7.69632e-06
3.44198e-05
-2.99081e-06
3.59642e-05
-1.39563e-05
3.56783e-05
-2.49101e-05
3.42885e-05
-3.53391e-05
3.11743e-05
-4.51586e-05
2.82781e-05
2.00879e-05
-0.000205751
-0.000111487
-0.000178838
-0.000124326
-0.000144813
-0.000130384
-0.000106409
-0.000129554
-6.67313e-05
-0.000123057
-2.7542e-05
-0.000112895
1.31371e-05
-0.000100166
5.30964e-05
-8.31629e-05
8.85132e-05
-6.22628e-05
0.000115843
-4.0464e-05
0.000134427
-2.15732e-05
0.000144875
-7.13103e-06
0.00014853
2.38509e-06
0.000147684
7.06606e-06
0.000144713
8.02635e-06
0.000140907
7.09006e-06
0.00013686
5.64303e-06
0.00013282
4.63674e-06
0.000128751
4.84338e-06
0.000124413
6.78583e-06
0.000119451
1.06963e-05
0.000113468
1.65133e-05
0.000106084
2.39502e-05
9.70245e-05
3.25995e-05
8.61449e-05
4.20039e-05
7.33697e-05
5.16438e-05
5.86266e-05
6.09614e-05
4.17572e-05
6.95069e-05
2.31128e-05
7.69958e-05
3.52182e-06
8.27053e-05
-1.66541e-05
8.53201e-05
-3.73076e-05
8.50564e-05
-5.80823e-05
8.16071e-05
-7.83418e-05
7.51156e-05
-9.77523e-05
6.59253e-05
-0.000115908
5.41536e-05
-0.000132363
4.00749e-05
-0.000146545
2.4115e-05
-0.000157633
6.74192e-06
-0.000164857
-1.16134e-05
-0.000166992
-3.02405e-05
-0.000162792
-4.77824e-05
-0.000152326
-6.24879e-05
-0.000136537
-7.33932e-05
-0.000116147
-8.0551e-05
-9.24167e-05
-8.36432e-05
-6.69102e-05
-8.30285e-05
-4.12527e-05
-7.95717e-05
-1.63224e-05
-7.43233e-05
8.3329e-06
-6.77181e-05
3.2011e-05
-5.8854e-05
5.2728e-05
-4.78258e-05
6.90444e-05
-3.65288e-05
8.09614e-05
-2.67098e-05
8.90032e-05
-1.8906e-05
9.39498e-05
-1.31938e-05
9.66635e-05
-9.3418e-06
9.79455e-05
-6.89798e-06
9.84257e-05
-5.2859e-06
9.84562e-05
-3.8298e-06
9.81168e-05
-1.91438e-06
9.73269e-05
8.43682e-07
9.59096e-05
4.66006e-06
9.36447e-05
9.57893e-06
9.02288e-05
1.54469e-05
8.53509e-05
2.1988e-05
7.87807e-05
2.88993e-05
7.03885e-05
3.58647e-05
6.01434e-05
4.25655e-05
4.80865e-05
4.87497e-05
3.42881e-05
5.4316e-05
1.91013e-05
5.9162e-05
3.16156e-06
6.28794e-05
-1.31534e-05
6.42896e-05
-2.94691e-05
6.32475e-05
-4.54388e-05
6.01496e-05
-6.07966e-05
5.49935e-05
-7.52283e-05
4.78761e-05
-8.83176e-05
3.9009e-05
-9.96134e-05
2.8663e-05
-0.000108673
1.71524e-05
-0.000115041
4.86079e-06
-0.000118123
-7.72403e-06
-0.000117216
-1.99498e-05
-0.000112313
-3.0815e-05
-0.000103976
-3.97581e-05
-9.26372e-05
-4.67076e-05
-7.88831e-05
-5.14498e-05
-6.34354e-05
-5.39471e-05
-4.70817e-05
-5.44219e-05
-3.05745e-05
-5.33553e-05
-1.44455e-05
-5.12913e-05
1.17538e-06
-4.84231e-05
1.62319e-05
-4.43022e-05
2.98203e-05
-3.8729e-05
4.1158e-05
-3.27008e-05
5.02484e-05
-2.71948e-05
5.73155e-05
-2.24605e-05
6.26781e-05
-1.85342e-05
6.66825e-05
-1.53167e-05
6.96406e-05
-1.26068e-05
7.17863e-05
-1.01456e-05
7.32618e-05
-7.66784e-06
7.40813e-05
-4.88511e-06
7.41258e-05
-1.51726e-06
7.32898e-05
2.52273e-06
7.1482e-05
7.16359e-06
6.85468e-05
1.22846e-05
6.4343e-05
1.77148e-05
5.87819e-05
2.3259e-05
5.1832e-05
2.87021e-05
4.35095e-05
3.38394e-05
3.3867e-05
3.85401e-05
2.30362e-05
4.27133e-05
1.13084e-05
4.61475e-05
-9.56145e-07
4.82288e-05
-1.35311e-05
4.82532e-05
-2.61791e-05
4.69365e-05
-3.84407e-05
4.34359e-05
-5.02308e-05
4.00682e-05
2.97013e-05
-0.000231764
-0.000118447
-0.000214493
-0.000141597
-0.000188159
-0.000156717
-0.000154141
-0.000163572
-0.000114771
-0.000162427
-7.30975e-05
-0.000154569
-3.12081e-05
-0.000142055
1.17568e-05
-0.000126128
5.53327e-05
-0.000105839
9.56046e-05
-8.0736e-05
0.000128293
-5.42614e-05
0.000151977
-3.08147e-05
0.000166748
-1.23865e-05
0.000173512
3.01848e-07
0.000174148
7.39079e-06
0.000171208
1.00298e-05
0.000166451
1.04006e-05
0.000160641
1.04459e-05
0.000154189
1.12959e-05
0.000147219
1.37553e-05
0.00013964
1.8276e-05
0.000131205
2.49485e-05
0.000121607
3.35481e-05
0.000110559
4.36472e-05
9.78423e-05
5.47205e-05
8.33119e-05
6.61742e-05
6.69086e-05
7.73648e-05
4.87209e-05
8.76945e-05
2.91919e-05
9.65249e-05
8.94562e-06
0.000102952
-1.17964e-05
0.000106062
-3.26335e-05
0.000105894
-5.33411e-05
0.000102315
-7.36219e-05
9.53963e-05
-9.30798e-05
8.53832e-05
-0.000111407
7.24809e-05
-0.000128305
5.69725e-05
-0.000143434
3.92443e-05
-0.000156382
1.96899e-05
-0.000166711
-1.28458e-06
-0.000173807
-2.31447e-05
-0.000176499
-4.509e-05
-0.000172992
-6.59948e-05
-0.000162689
-8.3696e-05
-0.000146422
-9.68189e-05
-0.000125049
-0.000105015
-9.97231e-05
-0.000108355
-7.20359e-05
-0.000107259
-4.36954e-05
-0.000102664
-1.57474e-05
-9.5666e-05
1.20909e-05
-8.66924e-05
3.9334e-05
-7.50688e-05
6.37767e-05
-6.09715e-05
8.36253e-05
-4.65584e-05
9.85594e-05
-3.384e-05
0.000108896
-2.35308e-05
0.000115323
-1.5768e-05
0.000118693
-1.02682e-05
0.000119832
-6.4246e-06
0.000119489
-3.48705e-06
0.000118154
-5.79709e-07
0.000115958
3.04002e-06
0.000112885
7.73329e-06
0.000108824
1.36398e-05
0.000103583
2.06881e-05
9.69383e-05
2.86322e-05
8.87121e-05
3.71255e-05
7.88023e-05
4.57745e-05
6.71786e-05
5.41893e-05
5.38739e-05
6.20543e-05
3.9053e-05
6.91369e-05
2.31267e-05
7.50883e-05
6.73412e-06
7.9272e-05
-9.9464e-06
8.09701e-05
-2.66773e-05
7.99784e-05
-4.30908e-05
7.6563e-05
-5.89033e-05
7.0806e-05
-7.38525e-05
6.28253e-05
-8.76603e-05
5.28168e-05
-0.000100046
4.10485e-05
-0.000110719
2.78255e-05
-0.000119344
1.3486e-05
-0.000125499
-1.5696e-06
-0.0001286
-1.68483e-05
-0.000127721
-3.16939e-05
-0.000122475
-4.50037e-05
-0.000113304
-5.58795e-05
-0.00010076
-6.39934e-05
-8.53818e-05
-6.93253e-05
-6.79177e-05
-7.1886e-05
-4.92645e-05
-7.20085e-05
-3.03065e-05
-7.02494e-05
-1.16342e-05
-6.70954e-05
6.7118e-06
-6.26481e-05
2.45131e-05
-5.65304e-05
4.06551e-05
-4.88427e-05
5.42569e-05
-4.07966e-05
6.51975e-05
-3.34012e-05
7.36228e-05
-2.69595e-05
7.98206e-05
-2.15145e-05
8.41408e-05
-1.69271e-05
8.69199e-05
-1.29247e-05
8.84163e-05
-9.16427e-06
8.87769e-05
-5.24573e-06
8.80916e-05
-8.31954e-07
8.63725e-05
4.2419e-06
8.35472e-05
9.98886e-06
7.95132e-05
1.63186e-05
7.41672e-05
2.30608e-05
6.74386e-05
2.99876e-05
5.92991e-05
3.68416e-05
4.9762e-05
4.33765e-05
3.89049e-05
4.93971e-05
2.69366e-05
5.46817e-05
1.42351e-05
5.8849e-05
1.14044e-06
6.13234e-05
-1.21984e-05
6.15921e-05
-2.55609e-05
6.0299e-05
-3.86012e-05
5.64762e-05
-5.11953e-05
5.26622e-05
4.04763e-05
-0.000234947
-0.00011794
-0.000227378
-0.000149167
-0.000209892
-0.000174203
-0.000183388
-0.000190076
-0.000149448
-0.000196366
-0.000110139
-0.000193878
-6.81797e-05
-0.000184014
-2.5583e-05
-0.000168725
1.78634e-05
-0.000149285
6.23382e-05
-0.000125211
0.000104155
-9.60786e-05
0.000138931
-6.55905e-05
0.000164891
-3.83467e-05
0.00018174
-1.65469e-05
0.000190055
-9.23967e-07
0.000191317
8.76754e-06
0.000188003
1.37148e-05
0.000182131
1.6318e-05
0.000174598
1.88289e-05
0.00016593
2.24233e-05
0.000156362
2.78437e-05
0.000145904
3.54068e-05
0.0001344
4.50525e-05
0.000121619
5.64277e-05
0.000107347
6.89926e-05
9.14356e-05
8.20855e-05
7.38446e-05
9.49558e-05
5.47487e-05
0.00010679
3.45797e-05
0.000116694
1.3841e-05
0.00012369
-7.21528e-06
0.000127118
-2.82084e-05
0.000126887
-4.88622e-05
0.000122968
-6.89084e-05
0.000115443
-8.804e-05
0.000104515
-0.000105946
9.03869e-05
-0.000122365
7.33918e-05
-0.000137119
5.39984e-05
-0.000150015
3.25853e-05
-0.000160838
9.53891e-06
-0.000169294
-1.46894e-05
-0.000174871
-3.95122e-05
-0.000176709
-6.41574e-05
-0.000172959
-8.74456e-05
-0.000162452
-0.000107326
-0.000145631
-0.000121837
-0.000123645
-0.00013034
-9.7567e-05
-0.000133337
-6.89247e-05
-0.000131306
-3.93702e-05
-0.000125221
-9.93177e-06
-0.000116131
1.94888e-05
-0.000104489
4.84345e-05
-8.99171e-05
7.47159e-05
-7.28398e-05
9.63961e-05
-5.55202e-05
0.000112921
-4.00555e-05
0.000124407
-2.72547e-05
0.000131381
-1.7242e-05
0.000134614
-9.65778e-06
0.000134977
-3.84999e-06
0.000133303
1.09497e-06
0.000130141
6.20159e-06
0.00012572
1.2154e-05
0.000120115
1.92448e-05
0.000113292
2.75112e-05
0.000105144
3.67805e-05
9.5549e-05
4.67205e-05
8.44149e-05
5.69086e-05
7.17036e-05
6.69005e-05
5.74769e-05
7.6281e-05
4.19896e-05
8.46242e-05
2.57152e-05
9.13626e-05
9.1568e-06
9.58304e-05
-7.46134e-06
9.75882e-05
-2.39841e-05
9.65012e-05
-4.01174e-05
9.26963e-05
-5.56205e-05
8.63091e-05
-7.02883e-05
7.74931e-05
-8.38783e-05
6.64068e-05
-9.61908e-05
5.3361e-05
-0.000107065
3.86993e-05
-0.000116308
2.27294e-05
-0.000123668
5.79014e-06
-0.000128799
-1.1717e-05
-0.000131211
-2.92818e-05
-0.000129993
-4.62217e-05
-0.000124366
-6.15062e-05
-0.000114464
-7.38961e-05
-0.000101044
-8.27446e-05
-8.46081e-05
-8.83223e-05
-6.59455e-05
-9.06711e-05
-4.59842e-05
-9.02106e-05
-2.56223e-05
-8.74574e-05
-5.42271e-06
-8.28477e-05
1.4526e-05
-7.64791e-05
3.38582e-05
-6.81749e-05
5.14004e-05
-5.83388e-05
6.62286e-05
-4.82294e-05
7.81043e-05
-3.88352e-05
8.70967e-05
-3.05069e-05
9.34395e-05
-2.327e-05
9.74344e-05
-1.69196e-05
9.93777e-05
-1.11076e-05
9.95874e-05
-5.45546e-06
9.83399e-05
4.15554e-07
9.57771e-05
6.80473e-06
9.19444e-05
1.38215e-05
8.68328e-05
2.14302e-05
8.04086e-05
2.9485e-05
7.26394e-05
3.77567e-05
6.35157e-05
4.59653e-05
5.30682e-05
5.3824e-05
4.14256e-05
6.10397e-05
2.88709e-05
6.72364e-05
1.57813e-05
7.19386e-05
2.4919e-06
7.46128e-05
-1.09928e-05
7.50768e-05
-2.43388e-05
7.3645e-05
-3.73484e-05
6.94858e-05
-4.9904e-05
6.52179e-05
5.14947e-05
-0.000225974
-0.000115854
-0.000223812
-0.000151328
-0.000214462
-0.000183554
-0.000195781
-0.000208756
-0.000168618
-0.00022353
-0.00013475
-0.000227746
-9.60864e-05
-0.000222678
-5.49146e-05
-0.000209896
-1.29973e-05
-0.000191202
2.96353e-05
-0.000167843
7.31683e-05
-0.000139612
0.000114042
-0.000106465
0.000148286
-7.25905e-05
0.000174034
-4.22947e-05
0.000190865
-1.77547e-05
0.00019914
4.92113e-07
0.000200043
1.28119e-05
0.000195905
2.0456e-05
0.000188796
2.5938e-05
0.000179673
3.1546e-05
0.0001691
3.8417e-05
0.000157355
4.71522e-05
0.000144482
5.79252e-05
0.000130375
7.05345e-05
0.000114876
8.44914e-05
9.78788e-05
9.90831e-05
7.94267e-05
0.000113408
5.97712e-05
0.000126446
3.9237e-05
0.000137228
1.81646e-05
0.000144763
-3.01173e-06
0.000148295
-2.39607e-05
0.000147836
-4.44041e-05
0.000143412
-6.40807e-05
0.000135119
-8.26979e-05
0.000123132
-9.99825e-05
0.000107672
-0.000115762
8.91711e-05
-0.000129895
6.8132e-05
-0.000142191
4.48806e-05
-0.000152543
1.98914e-05
-0.00016083
-6.40298e-06
-0.000166842
-3.35e-05
-0.000170241
-6.07582e-05
-0.000170329
-8.73575e-05
-0.000165523
-0.000112132
-0.000154252
-0.000133108
-0.000136676
-0.000147916
-0.00011421
-0.000155804
-8.78842e-05
-0.000157631
-5.91538e-05
-0.000153951
-2.94902e-05
-0.000145794
1.60144e-07
-0.00013414
2.97716e-05
-0.000119529
5.8832e-05
-0.0001019
8.52511e-05
-8.19392e-05
0.000107089
-6.18931e-05
0.000123686
-4.38518e-05
0.00013502
-2.85765e-05
0.000141497
-1.61341e-05
0.000143764
-6.11793e-06
0.000142778
2.08171e-06
0.000139478
9.50122e-06
0.000134397
1.72354e-05
0.000127827
2.58148e-05
0.000119901
3.54375e-05
0.000110643
4.60378e-05
0.000100017
5.73466e-05
8.79738e-05
6.89519e-05
7.45136e-05
8.03608e-05
5.97543e-05
9.10403e-05
4.40099e-05
0.000100369
2.7658e-05
0.000107714
1.11309e-05
0.000112358
-5.27726e-06
0.000113996
-2.14094e-05
0.000112633
-3.70634e-05
0.00010835
-5.20271e-05
0.000101273
-6.6085e-05
9.1551e-05
-7.90519e-05
7.93737e-05
-9.08179e-05
6.5127e-05
-0.000101266
4.91475e-05
-0.000110245
3.17082e-05
-0.00011763
1.31748e-05
-0.000123243
-6.1038e-06
-0.000126818
-2.57064e-05
-0.000127954
-4.50855e-05
-0.000125919
-6.35414e-05
-0.000119671
-8.01446e-05
-0.000109057
-9.33588e-05
-9.4874e-05
-0.000102505
-7.77772e-05
-0.000107768
-5.85389e-05
-0.000109449
-3.80611e-05
-0.000107935
-1.71916e-05
-0.000103717
3.54597e-06
-9.72167e-05
2.40047e-05
-8.86336e-05
4.36972e-05
-7.80312e-05
6.1491e-05
-6.60232e-05
7.64269e-05
-5.37711e-05
8.81995e-05
-4.22795e-05
9.67887e-05
-3.18591e-05
0.000102386
-2.25165e-05
0.000105277
-1.39994e-05
0.000105819
-5.9972e-06
0.000104415
1.82015e-06
0.000101376
9.84347e-06
9.68756e-05
1.83217e-05
9.10028e-05
2.7303e-05
8.3796e-05
3.66918e-05
7.52681e-05
4.62847e-05
6.54464e-05
5.5787e-05
5.44101e-05
6.48603e-05
4.23723e-05
7.30776e-05
2.96343e-05
7.99744e-05
1.64046e-05
8.51682e-05
3.19981e-06
8.78176e-05
-1.00868e-05
8.83634e-05
-2.30128e-05
8.6571e-05
-3.55182e-05
8.19912e-05
-4.76349e-05
7.73345e-05
6.22772e-05
-0.000213068
-0.000114054
-0.000211878
-0.000152518
-0.000206773
-0.000188659
-0.000195084
-0.000220446
-0.000174721
-0.000243893
-0.000146889
-0.000255578
-0.000113398
-0.000256169
-7.59444e-05
-0.00024735
-3.64352e-05
-0.000230712
3.67584e-06
-0.000207954
4.42811e-05
-0.000180217
8.54214e-05
-0.000147605
0.000123674
-0.000110843
0.000155536
-7.41565e-05
0.000179343
-4.1562e-05
0.000194638
-1.48026e-05
0.000201686
5.76388e-06
0.000201507
2.06349e-05
0.00019625
3.11952e-05
0.00018786
3.99357e-05
0.000177293
4.89838e-05
0.000165092
5.93538e-05
0.000151508
7.15093e-05
0.000136593
8.54496e-05
0.000120299
0.000100785
0.000102633
0.000116749
8.37461e-05
0.000132295
6.38075e-05
0.000146385
4.3068e-05
0.000157968
2.18022e-05
0.000166028
6.08124e-07
0.000169489
-2.01613e-05
0.000168605
-4.01849e-05
0.000163436
-5.91978e-05
0.000154132
-7.70298e-05
0.000140964
-9.36081e-05
0.00012425
-0.00010875
0.000104313
-0.000122126
8.15081e-05
-0.000133661
5.64155e-05
-0.000143305
2.95357e-05
-0.000150984
1.27602e-06
-0.000156584
-2.79004e-05
-0.000159961
-5.73814e-05
-0.000160886
-8.6432e-05
-0.000158832
-0.000114186
-0.00015249
-0.00013945
-0.00014011
-0.000160296
-0.000121772
-0.000174142
-9.90733e-05
-0.00018033
-7.30168e-05
-0.000180007
-4.49411e-05
-0.00017387
-1.60964e-05
-0.000162985
1.26937e-05
-0.000148319
4.13285e-05
-0.000130535
6.92151e-05
-0.000109826
9.43007e-05
-8.69787e-05
0.000114926
-6.44771e-05
0.000130359
-4.40097e-05
0.000140517
-2.62924e-05
0.000145718
-1.13183e-05
0.000146521
1.27847e-06
0.000143941
1.20814e-05
0.000138983
2.21936e-05
0.000132144
3.26532e-05
0.000123714
4.38678e-05
0.00011384
5.59116e-05
0.000102584
6.86029e-05
8.9981e-05
8.15548e-05
7.61282e-05
9.42136e-05
6.11854e-05
0.000105983
4.54158e-05
0.000116138
2.91289e-05
0.000124001
1.27167e-05
0.00012877
-3.44615e-06
0.000130159
-1.9138e-05
0.000128325
-3.4147e-05
0.000123359
-4.83063e-05
0.000115432
-6.15305e-05
0.000104775
-7.3791e-05
9.16342e-05
-8.49194e-05
7.62553e-05
-9.46862e-05
5.89143e-05
-0.000103054
4.00763e-05
-0.000109972
2.00929e-05
-0.000115336
-7.40529e-07
-0.00011899
-2.20522e-05
-0.000120731
-4.3344e-05
-0.00012026
-6.40124e-05
-0.000117055
-8.33501e-05
-0.000109999
-0.000100415
-9.87232e-05
-0.00011378
-8.39313e-05
-0.00012256
-6.65466e-05
-0.000126834
-4.72964e-05
-0.000127185
-2.70228e-05
-0.000123991
-6.46036e-06
-0.000117779
1.39119e-05
-0.000109006
3.38919e-05
-9.80112e-05
5.29101e-05
-8.50415e-05
6.98346e-05
-7.06955e-05
8.38819e-05
-5.63269e-05
9.46259e-05
-4.26031e-05
0.000102015
-2.99061e-05
0.000106257
-1.82409e-05
0.000107639
-7.37937e-06
0.000106584
2.87507e-06
0.00010356
1.28681e-05
9.88486e-05
2.30326e-05
9.26288e-05
3.35229e-05
8.49966e-05
4.4324e-05
7.60248e-05
5.52565e-05
6.58282e-05
6.59836e-05
5.45422e-05
7.61463e-05
4.24059e-05
8.52138e-05
2.97493e-05
9.2631e-05
1.66238e-05
9.82937e-05
3.67832e-06
0.000100763
-9.20904e-06
0.000101251
-2.16409e-05
9.90028e-05
-3.35339e-05
9.38842e-05
-4.50551e-05
8.88558e-05
7.25839e-05
-0.000198334
-0.000112785
-0.000196974
-0.000153879
-0.000192828
-0.000192804
-0.00018498
-0.000228294
-0.00017085
-0.000258022
-0.000148845
-0.000277583
-0.000120912
-0.000284102
-8.84184e-05
-0.000279843
-5.28946e-05
-0.000266235
-1.57845e-05
-0.000245064
2.18308e-05
-0.000217832
5.94563e-05
-0.00018523
9.68815e-05
-0.000148269
0.00013134
-0.000108615
0.000159697
-6.99187e-05
0.000180439
-3.55446e-05
0.000193228
-7.02531e-06
0.000198339
1.55236e-05
0.000196707
3.28281e-05
0.000190246
4.63966e-05
0.000180669
5.85607e-05
0.000168819
7.12033e-05
0.000155203
8.51253e-05
0.000140042
0.000100611
0.000123439
0.000117388
0.000105575
0.000134614
8.66056e-05
0.000151264
6.66893e-05
0.000166301
4.59681e-05
0.000178689
2.47501e-05
0.000187246
3.69592e-06
0.000190543
-1.68067e-05
0.000189108
-3.64008e-05
0.00018303
-5.47726e-05
0.000172504
-7.17035e-05
0.000157895
-8.71207e-05
0.000139667
-0.000101078
0.00011827
-0.000113602
9.40321e-05
-0.000124415
6.72292e-05
-0.000133287
3.84074e-05
-0.000140231
8.21974e-06
-0.000145185
-2.29466e-05
-0.000148064
-5.45019e-05
-0.000148836
-8.566e-05
-0.000147387
-0.000115635
-0.000143272
-0.000143565
-0.000135331
-0.000168237
-0.000121807
-0.000187666
-0.000102974
-0.000199162
-8.04825e-05
-0.000202499
-5.52982e-05
-0.000199054
-2.85501e-05
-0.000189733
-1.30578e-06
-0.000175563
2.57005e-05
-0.000157541
5.23176e-05
-0.000136443
7.80256e-05
-0.000112687
0.000100816
-8.72674e-05
0.00011924
-6.24342e-05
0.000132644
-3.96958e-05
0.000140995
-1.96693e-05
0.000144546
-2.27257e-06
0.000143767
1.28599e-05
0.000139653
2.63076e-05
0.000133192
3.91141e-05
0.000124818
5.22422e-05
0.000114804
6.59253e-05
0.000103324
8.0083e-05
9.05312e-05
9.43479e-05
7.66005e-05
0.000108144
6.17919e-05
0.000120792
4.62696e-05
0.00013166
3.02353e-05
0.000140036
1.41029e-05
0.000144902
-1.73197e-06
0.000145994
-1.69885e-05
0.000143582
-3.14415e-05
0.000137812
-4.48948e-05
0.000128885
-5.72286e-05
0.000117109
-6.84283e-05
0.000102834
-7.85506e-05
8.63776e-05
-8.76037e-05
6.79674e-05
-9.53559e-05
4.78285e-05
-0.000101651
2.63878e-05
-0.000106507
4.11568e-06
-0.000109826
-1.87332e-05
-0.000111472
-4.16982e-05
-0.000111322
-6.41624e-05
-0.00010918
-8.54916e-05
-0.000104616
-0.000104979
-9.66747e-05
-0.000121722
-8.48428e-05
-0.000134392
-6.98025e-05
-0.000141874
-5.26177e-05
-0.00014437
-3.39583e-05
-0.00014265
-1.45495e-05
-0.000137188
4.96899e-06
-0.000128524
2.41399e-05
-0.000117182
4.2716e-05
-0.000103618
6.02238e-05
-8.82033e-05
7.54962e-05
-7.15992e-05
8.78696e-05
-5.49765e-05
9.69688e-05
-3.90053e-05
0.000102773
-2.40448e-05
0.00010548
-1.0087e-05
0.00010535
3.00593e-06
0.000102801
1.54171e-05
9.83032e-05
2.753e-05
9.21231e-05
3.9703e-05
8.44111e-05
5.2036e-05
7.53001e-05
6.43674e-05
6.50234e-05
7.62603e-05
5.38682e-05
8.73015e-05
4.19798e-05
9.71021e-05
2.95613e-05
0.00010505
1.6751e-05
0.000111104
4.14174e-06
0.000113372
-8.3458e-06
0.000113738
-2.03034e-05
0.00011096
-3.15771e-05
0.000105158
-4.24217e-05
9.97004e-05
8.22707e-05
-0.000181865
-0.000112006
-0.000180224
-0.00015552
-0.000176272
-0.000196756
-0.000169784
-0.000234783
-0.000159707
-0.000268099
-0.000143378
-0.000293912
-0.000120366
-0.000307114
-9.29278e-05
-0.000307281
-6.22263e-05
-0.000296937
-2.95381e-05
-0.000277753
5.13214e-06
-0.000252502
3.92371e-05
-0.000219335
7.23012e-05
-0.000181333
0.00010544
-0.000141754
0.000135653
-0.000100131
0.000159835
-5.9727e-05
0.00017694
-2.413e-05
0.000186812
5.65168e-06
0.000189747
2.98932e-05
0.000186597
4.95465e-05
0.000178989
6.61682e-05
0.000168369
8.18234e-05
0.000155412
9.80829e-05
0.000140556
0.000115467
0.000124138
0.000133806
0.000106518
0.000152234
8.78624e-05
0.000169919
6.82575e-05
0.000185906
4.78552e-05
0.000199091
2.6938e-05
0.000208164
6.19538e-06
0.000211286
-1.39191e-05
0.000209222
-3.30038e-05
0.000202114
-5.0691e-05
0.000190191
-6.67054e-05
0.000173909
-8.09248e-05
0.000153887
-9.34241e-05
0.000130769
-0.000104442
0.00010505
-0.000114156
7.69427e-05
-0.000122289
4.65407e-05
-0.000128443
1.43736e-05
-0.000132753
-1.86366e-05
-0.000135143
-5.21121e-05
-0.000135589
-8.52135e-05
-0.000134123
-0.000117101
-0.000130661
-0.000147027
-0.000124787
-0.000174111
-0.000115394
-0.000197059
-0.000100908
-0.000213648
-8.20872e-05
-0.00022132
-6.04367e-05
-0.000220705
-3.67506e-05
-0.000213419
-1.19907e-05
-0.000200323
1.29328e-05
-0.000182465
3.73909e-05
-0.000160901
6.12623e-05
-0.000136558
8.40396e-05
-0.000110045
0.000103917
-8.23116e-05
0.00011956
-5.53389e-05
0.000130503
-3.06126e-05
0.000136794
-8.56277e-06
0.000138697
1.09567e-05
0.000136555
2.84497e-05
0.000131146
4.45232e-05
0.000123323
6.00644e-05
0.000113557
7.56914e-05
0.000102189
9.14508e-05
8.95951e-05
0.000106942
7.60211e-05
0.000121718
6.16036e-05
0.000135209
4.65029e-05
0.000146761
3.09278e-05
0.000155611
1.51647e-05
0.000160665
-2.06274e-07
0.000161365
-1.49715e-05
0.000158347
-2.88557e-05
0.000151696
-4.16217e-05
0.000141651
-5.31049e-05
0.000128592
-6.32582e-05
0.000112987
-7.2176e-05
9.52955e-05
-8.00532e-05
7.58445e-05
-8.69829e-05
5.47583e-05
-9.27234e-05
3.21283e-05
-9.6981e-05
8.37331e-06
-9.98411e-05
-1.58731e-05
-0.000101209
-4.03298e-05
-0.000101012
-6.43602e-05
-9.91882e-05
-8.73151e-05
-9.55841e-05
-0.000108583
-8.98323e-05
-0.000127474
-8.11324e-05
-0.000143092
-6.8952e-05
-0.000154054
-5.41425e-05
-0.00015918
-3.77011e-05
-0.000159091
-2.01966e-05
-0.000154692
-2.24932e-06
-0.000146472
1.55716e-05
-0.000135003
3.28421e-05
-0.000120888
4.93348e-05
-0.000104696
6.46538e-05
-8.69181e-05
7.78186e-05
-6.81414e-05
8.80955e-05
-4.92821e-05
9.53279e-05
-3.12773e-05
9.95406e-05
-1.42997e-05
0.000100866
1.68088e-06
9.94585e-05
1.68242e-05
9.55981e-05
3.13904e-05
8.96842e-05
4.56169e-05
8.21267e-05
5.95935e-05
7.32817e-05
7.32124e-05
6.33695e-05
8.61725e-05
5.25882e-05
9.80828e-05
4.1119e-05
0.000108571
2.91233e-05
0.000117045
1.67916e-05
0.000123436
4.59438e-06
0.00012557
-7.43198e-06
0.000125765
-1.88843e-05
0.000122413
-2.95565e-05
0.00011583
-3.97056e-05
0.00010985
9.12313e-05
-0.000163592
-0.00011171
-0.000161708
-0.000157405
-0.000157854
-0.00020061
-0.000152048
-0.000240588
-0.000143848
-0.000276299
-0.00013193
-0.00030583
-0.000113821
-0.000325223
-9.09901e-05
-0.000330112
-6.47864e-05
-0.000323141
-3.63874e-05
-0.000306152
-7.77171e-06
-0.000281118
2.16576e-05
-0.000248765
5.18511e-05
-0.000211526
8.11248e-05
-0.000171028
0.000110031
-0.000129038
0.000135778
-8.54742e-05
0.000155666
-4.40178e-05
0.00016908
-7.76229e-06
0.00017601
2.29634e-05
0.000176854
4.87024e-05
0.000172326
7.06965e-05
0.000163598
9.05512e-05
0.000151811
0.00010987
0.000137786
0.000129492
0.000122179
0.000149413
0.000105267
0.000169145
8.72455e-05
0.000187941
6.82639e-05
0.000204887
4.84718e-05
0.000218883
2.81548e-05
0.000228481
7.99279e-06
0.000231448
-1.14944e-05
0.00022871
-2.98687e-05
0.000220489
-4.67145e-05
0.000207037
-6.17005e-05
0.000188895
-7.46502e-05
0.000166836
-8.56157e-05
0.000141735
-9.4923e-05
0.000114358
-0.000103068
8.50881e-05
-0.000110214
5.3686e-05
-0.000115804
1.99645e-05
-0.000119523
-1.49181e-05
-0.00012142
-5.02152e-05
-0.000121489
-8.51442e-05
-0.000119831
-0.00011876
-0.000116537
-0.000150322
-0.000111533
-0.000179115
-0.000104377
-0.000204215
-9.38604e-05
-0.000224165
-7.8863e-05
-0.000236317
-6.09015e-05
-0.000238666
-4.07583e-05
-0.000233562
-1.91699e-05
-0.000221911
3.07463e-06
-0.000204709
2.51444e-05
-0.000182971
4.64726e-05
-0.000157886
6.70297e-05
-0.000130602
8.64929e-05
-0.000101775
0.000103269
-7.21148e-05
0.000116009
-4.33526e-05
0.000124441
-1.69946e-05
0.000128615
6.78187e-06
0.00012878
2.82847e-05
0.000125292
4.8012e-05
0.000118752
6.66043e-05
0.000109874
8.45691e-05
9.92682e-05
0.000102057
8.73201e-05
0.00011889
7.43265e-05
0.000134712
6.05055e-05
0.00014903
4.60249e-05
0.000161242
3.10654e-05
0.00017057
1.59463e-05
0.000175784
1.19686e-06
0.000176115
-1.29129e-05
0.000172457
-2.6096e-05
0.000164879
-3.80924e-05
0.000153648
-4.87093e-05
0.000139209
-5.7862e-05
0.00012214
-6.56225e-05
0.000103056
-7.22455e-05
8.24675e-05
-7.80736e-05
6.05864e-05
-8.31407e-05
3.71954e-05
-8.69924e-05
1.2225e-05
-8.94593e-05
-1.34062e-05
-9.05355e-05
-3.92536e-05
-9.01838e-05
-6.47119e-05
-8.84209e-05
-8.9078e-05
-8.52292e-05
-0.000111775
-8.04805e-05
-0.000132222
-7.38484e-05
-0.000149724
-6.45922e-05
-0.00016331
-5.23734e-05
-0.000171399
-3.84143e-05
-0.000173051
-2.32479e-05
-0.000169859
-7.39338e-06
-0.000162326
8.61298e-06
-0.000151009
2.4245e-05
-0.00013652
3.9119e-05
-0.00011957
5.30553e-05
-0.000100854
6.58187e-05
-8.09047e-05
7.67272e-05
-6.01906e-05
8.49595e-05
-3.95097e-05
9.03235e-05
-1.96637e-05
9.29019e-05
-8.97488e-07
9.27617e-05
1.69644e-05
9.00748e-05
3.40773e-05
8.51544e-05
5.05374e-05
7.84037e-05
6.63442e-05
7.02224e-05
8.13937e-05
6.0925e-05
9.54699e-05
5.07521e-05
0.000108256
3.99051e-05
0.000119418
2.85206e-05
0.00012843
1.6834e-05
0.000135122
5.1762e-06
0.000137227
-6.19087e-06
0.000137132
-1.70426e-05
0.000133264
-2.70879e-05
0.000125875
-3.65179e-05
0.00011928
9.94711e-05
-0.000143516
-0.000111951
-0.000141395
-0.000159525
-0.000137692
-0.000204313
-0.000132561
-0.000245719
-0.000125838
-0.000283022
-0.000116761
-0.000314907
-0.000103346
-0.000338638
-8.46773e-05
-0.000348781
-6.29681e-05
-0.00034485
-3.91627e-05
-0.000329957
-1.57264e-05
-0.000304554
8.42062e-06
-0.000272912
3.45703e-05
-0.000237676
6.04278e-05
-0.000196885
8.5543e-05
-0.000154153
0.000110117
-0.000110049
0.000131521
-6.54217e-05
0.000147313
-2.35538e-05
0.000157248
1.30283e-05
0.000161336
4.46139e-05
0.000159962
7.20711e-05
0.000153869
9.66435e-05
0.000144123
0.000119616
0.000131745
0.00014187
0.000117449
0.000163709
0.000101678
0.000184916
8.46941e-05
0.000204925
6.66757e-05
0.000222906
4.78135e-05
0.000237745
2.84235e-05
0.00024787
9.18933e-06
0.000250682
-9.33481e-06
0.000247234
-2.67121e-05
0.000237866
-4.25177e-05
0.000222842
-5.63899e-05
0.000202767
-6.80988e-05
0.000178545
-7.76359e-05
0.000151272
-8.52938e-05
0.000122016
-9.16878e-05
9.1482e-05
-9.74725e-05
5.94707e-05
-0.000102345
2.48374e-05
-0.000105447
-1.18168e-05
-0.000106831
-4.88308e-05
-0.000106531
-8.54447e-05
-0.000104679
-0.000120612
-0.000101449
-0.000153552
-9.69289e-05
-0.000183635
-9.09949e-05
-0.000210149
-8.311e-05
-0.00023205
-7.193e-05
-0.000247497
-5.74996e-05
-0.000253097
-4.11132e-05
-0.000249948
-2.31026e-05
-0.000239922
-3.97344e-06
-0.000223839
1.54437e-05
-0.000202388
3.41759e-05
-0.000176618
5.19117e-05
-0.000148338
6.89759e-05
-0.000118839
8.51114e-05
-8.82503e-05
9.88191e-05
-5.70603e-05
0.000108756
-2.69315e-05
0.000114784
7.53822e-07
0.000116934
2.61348e-05
0.000115397
4.95488e-05
0.000110643
7.13587e-05
0.000103311
9.19009e-05
9.40175e-05
0.00011135
8.32343e-05
0.000129673
7.13087e-05
0.000146638
5.84854e-05
0.000161853
4.49517e-05
0.000174776
3.08958e-05
0.000184626
1.66299e-05
0.00019005
2.69028e-06
0.000190054
-1.06357e-05
0.000185783
-2.30536e-05
0.000177297
-3.42801e-05
0.000164874
-4.40798e-05
0.000149009
-5.23169e-05
0.000130377
-5.90185e-05
0.000109758
-6.44277e-05
8.78767e-05
-6.90084e-05
6.51671e-05
-7.31849e-05
4.13719e-05
-7.66035e-05
1.56436e-05
-7.86872e-05
-1.13224e-05
-7.94634e-05
-3.84775e-05
-7.89206e-05
-6.52546e-05
-7.71262e-05
-9.08723e-05
-7.41565e-05
-0.000114745
-7.00156e-05
-0.000136363
-6.45795e-05
-0.00015516
-5.75008e-05
-0.000170389
-4.80226e-05
-0.000180877
-3.65214e-05
-0.000184552
-2.39093e-05
-0.000182471
-1.0458e-05
-0.000175778
3.39443e-06
-0.000164862
1.70986e-05
-0.000150224
3.01542e-05
-0.000132626
4.22867e-05
-0.000112987
5.34785e-05
-9.20965e-05
6.36832e-05
-7.03954e-05
7.23279e-05
-4.81543e-05
7.86414e-05
-2.59772e-05
8.22858e-05
-4.54185e-06
8.33722e-05
1.5878e-05
8.19623e-05
3.54871e-05
7.82881e-05
5.42116e-05
7.27262e-05
7.19061e-05
6.5657e-05
8.84629e-05
5.74008e-05
0.000103726
4.82119e-05
0.000117445
3.83096e-05
0.000129321
2.78186e-05
0.000138921
1.69911e-05
0.00014595
5.95795e-06
0.00014826
-4.53053e-06
0.00014762
-1.48113e-05
0.000143545
-2.42169e-05
0.000135281
-3.29004e-05
0.000127963
0.000107003
-0.000121746
-0.000119359
-0.000115833
-0.00011141
-0.0001061
-9.94992e-05
-9.04644e-05
-7.68017e-05
-6.02684e-05
-4.1456e-05
-2.02689e-05
1.9018e-06
2.311e-05
4.41716e-05
6.47597e-05
8.54647e-05
0.000105836
0.000122941
0.000134949
0.000141693
0.000143135
0.000139738
0.000132405
0.000122086
0.000109546
9.53341e-05
7.98108e-05
6.32121e-05
4.5738e-05
2.76896e-05
9.72315e-06
-7.56322e-06
-2.37304e-05
-3.83386e-05
-5.0985e-05
-6.13709e-05
-6.94174e-05
-7.53804e-05
-7.99283e-05
-8.40785e-05
-8.80259e-05
-9.04872e-05
-9.13585e-05
-9.06871e-05
-8.86678e-05
-8.55392e-05
-8.14685e-05
-7.64671e-05
-7.02705e-05
-6.21619e-05
-5.09877e-05
-3.81503e-05
-2.39755e-05
-8.47185e-06
8.08325e-06
2.39514e-05
3.87248e-05
5.30101e-05
6.67312e-05
7.97435e-05
9.07015e-05
9.81204e-05
0.000102061
0.000102482
9.96331e-05
9.40793e-05
8.64091e-05
7.71059e-05
6.65544e-05
5.50412e-05
4.27705e-05
2.99205e-05
1.67627e-05
3.86573e-06
-8.47383e-06
-1.99534e-05
-3.02763e-05
-3.91803e-05
-4.6483e-05
-5.21518e-05
-5.6384e-05
-5.96761e-05
-6.2763e-05
-6.56788e-05
-6.74529e-05
-6.79745e-05
-6.72582e-05
-6.5421e-05
-6.26089e-05
-5.89184e-05
-5.43486e-05
-4.87242e-05
-4.16451e-05
-3.26326e-05
-2.26914e-05
-1.18184e-05
-2.42028e-07
1.14515e-05
2.25979e-05
3.28035e-05
4.20343e-05
5.05144e-05
5.83702e-05
6.50736e-05
6.96457e-05
7.19464e-05
7.18929e-05
6.95667e-05
6.53315e-05
5.95555e-05
5.25471e-05
4.4567e-05
3.58409e-05
2.64816e-05
1.67879e-05
6.57993e-06
-2.81689e-06
-1.2512e-05
-2.10092e-05
-2.87988e-05
)
;

boundaryField
{
    inlet
    {
        type            calculated;
        value           nonuniform List<scalar> 0();
    }
    outlet
    {
        type            calculated;
        value           nonuniform List<scalar> 
26
(
-4.8951e-06
-5.80592e-06
-7.02722e-06
-7.86766e-06
-8.15508e-06
-1.07235e-05
-1.66462e-05
-2.62986e-05
-3.99195e-05
-5.26173e-05
-5.98443e-05
-6.19703e-05
-6.09224e-05
-5.84174e-05
-5.53618e-05
-5.21084e-05
-4.86663e-05
-4.47578e-05
-4.04319e-05
-3.55208e-05
-3.0047e-05
-2.41839e-05
-1.80103e-05
-1.13847e-05
-4.44215e-06
1.59506e-06
)
;
    }
    topWall
    {
        type            calculated;
        value           nonuniform List<scalar> 0();
    }
    lowerWall
    {
        type            calculated;
        value           uniform 0;
    }
    leadingEdge
    {
        type            calculated;
        value           nonuniform List<scalar> 0();
    }
    trailingEdge
    {
        type            calculated;
        value           nonuniform List<scalar> 0();
    }
    upperSurface
    {
        type            calculated;
        value           nonuniform List<scalar> 0();
    }
    lowerSurface
    {
        type            calculated;
        value           nonuniform List<scalar> 0();
    }
    frontAndBack
    {
        type            empty;
        value           nonuniform List<scalar> 0();
    }
    procBoundary3to2
    {
        type            processor;
        value           nonuniform List<scalar> 
25
(
0.000100073
7.6178e-05
5.10145e-05
2.41002e-05
-3.3268e-06
3.20781e-06
-6.00528e-07
3.02634e-07
2.31e-06
9.44291e-06
1.67637e-05
1.63031e-05
4.05325e-05
0.000105805
0.000178836
0.000224034
0.000238725
0.00023444
0.000223887
0.000211268
0.000197066
0.000181085
0.000163296
0.000143757
0.000122612
)
;
    }
    procBoundary3to7
    {
        type            processor;
        value           nonuniform List<scalar> 
122
(
-0.000129255
-0.000175542
-0.000217563
-0.00025571
-0.000290543
-0.000321735
-0.00034843
-0.000368894
-0.000379449
-0.000376289
-0.000363375
-0.000340968
-0.000309999
-0.000271818
-0.000228006
-0.000180674
-0.000132553
-8.68659e-05
-4.73427e-05
-1.68854e-05
3.46101e-05
8.85856e-05
0.000131733
0.000171746
0.000207509
0.000239269
0.00026758
0.000292042
0.000311691
0.000324464
0.000325982
0.000318425
0.000302902
0.000279922
0.00025024
0.000214982
0.000175767
0.000134625
9.40391e-05
5.69744e-05
2.66534e-05
-4.68163e-07
-5.77626e-05
-9.72461e-05
-0.000133777
-0.000167095
-0.000196869
-0.00022307
-0.000245555
-0.000263897
-0.000276921
-0.000281641
-0.000277414
-0.00026662
-0.000249501
-0.000226557
-0.000198564
-0.000166649
-0.000132302
-9.73771e-05
-6.40398e-05
-3.46778e-05
-1.23975e-05
2.49878e-05
6.63457e-05
0.000100228
0.000131217
0.000159163
0.000183757
0.000204808
0.000222265
0.000235534
0.000242963
0.000241794
0.000234928
0.000222664
0.000205359
0.00018344
0.0001576
0.000129007
9.91059e-05
6.94935e-05
4.22112e-05
1.98356e-05
4.51968e-07
-4.29627e-05
-7.33189e-05
-0.000101589
-0.000127434
-0.000150336
-0.000170299
-0.000187103
-0.000200145
-0.000208491
-0.000209924
-0.000205601
-0.000196536
-0.000183106
-0.000165699
-0.000144762
-0.000121124
-9.58311e-05
-7.00901e-05
-4.55103e-05
-2.38592e-05
-7.50866e-06
2.10999e-05
5.21367e-05
7.81886e-05
4.42191e-06
0.000100785
0.000122573
0.000142187
0.000158745
0.000172356
0.000181605
0.000185701
0.000183798
0.000180771
0.000165688
0.000157758
0.000132138
)
;
    }
}


// ************************************************************************* //
