/*--------------------------------*- C++ -*----------------------------------*\
| =========                 |                                                 |
| \\      /  F ield         | OpenFOAM: The Open Source CFD Toolbox           |
|  \\    /   O peration     | Version:  2206                                  |
|   \\  /    A nd           | Website:  www.openfoam.com                      |
|    \\/     M anipulation  |                                                 |
\*---------------------------------------------------------------------------*/
FoamFile
{
    version     2.0;
    format      ascii;
    arch        "LSB;label=32;scalar=64";
    class       volVectorField;
    location    "19.1001";
    object      U;
}
// * * * * * * * * * * * * * * * * * * * * * * * * * * * * * * * * * * * * * //

dimensions      [0 1 -1 0 0 0 0];

internalField   nonuniform List<vector> 
1826
(
(0.237345 -0.0119042 0)
(0.268485 -0.0123582 0)
(0.299445 -0.0126642 0)
(0.330397 -0.0127597 0)
(0.361323 -0.0126297 0)
(0.392035 -0.0122873 0)
(0.422254 -0.0117642 0)
(0.451602 -0.0111101 0)
(0.479898 -0.0103725 0)
(0.506943 -0.00953266 0)
(0.532138 -0.0086188 0)
(0.555624 -0.00771069 0)
(0.577307 -0.00687211 0)
(0.597199 -0.00614113 0)
(0.615434 -0.00554826 0)
(0.632194 -0.00510593 0)
(0.647699 -0.00481527 0)
(0.662193 -0.00466459 0)
(0.675929 -0.00463484 0)
(0.689157 -0.00470534 0)
(0.702104 -0.00485336 0)
(0.714992 -0.00505124 0)
(0.72797 -0.00528776 0)
(0.7412 -0.00555961 0)
(0.75482 -0.00586653 0)
(0.768945 -0.00621232 0)
(0.783683 -0.00660928 0)
(0.799154 -0.00707614 0)
(0.815492 -0.00763574 0)
(0.832857 -0.00831507 0)
(0.851442 -0.00914108 0)
(0.871481 -0.0101447 0)
(0.893251 -0.0113536 0)
(0.917081 -0.0128008 0)
(0.943343 -0.0145066 0)
(0.972456 -0.0165131 0)
(1.0049 -0.0188477 0)
(1.04114 -0.0214904 0)
(1.08174 -0.0244823 0)
(1.12691 -0.0272299 0)
(1.1773 -0.0311933 0)
(1.23179 -0.0248708 0)
(1.25751 -0.0538937 0)
(1.28948 -0.0527961 0)
(1.32009 -0.0521359 0)
(1.34945 -0.0516745 0)
(1.37761 -0.0511613 0)
(1.40461 -0.050375 0)
(1.43045 -0.0491774 0)
(1.45513 -0.0475351 0)
(1.47864 -0.0454998 0)
(1.50093 -0.0431252 0)
(1.52204 -0.0404836 0)
(1.54202 -0.0377102 0)
(1.56091 -0.0349409 0)
(1.57873 -0.0322835 0)
(1.59557 -0.0298278 0)
(1.61152 -0.0276481 0)
(1.62671 -0.0257978 0)
(1.64125 -0.0243089 0)
(1.65525 -0.0231947 0)
(1.66889 -0.0224487 0)
(1.68225 -0.0220508 0)
(1.69551 -0.0219684 0)
(1.70881 -0.0221666 0)
(1.72226 -0.0226109 0)
(1.736 -0.0232743 0)
(1.75015 -0.0241393 0)
(1.76485 -0.0252007 0)
(1.78024 -0.026467 0)
(1.79646 -0.0279612 0)
(1.81366 -0.0297205 0)
(1.83203 -0.0317936 0)
(1.85176 -0.0342393 0)
(1.87306 -0.0371233 0)
(1.8962 -0.0405176 0)
(1.92145 -0.0444928 0)
(1.94914 -0.0491203 0)
(1.97964 -0.054462 0)
(2.01333 -0.0605685 0)
(2.0507 -0.0674326 0)
(2.09239 -0.0749588 0)
(2.13954 -0.0826666 0)
(2.19464 -0.090185 0)
(2.23334 -0.0792394 0)
(2.24659 -0.0767953 0)
(2.25937 -0.0746842 0)
(2.27158 -0.0727959 0)
(2.28314 -0.0709842 0)
(2.29401 -0.0691023 0)
(2.30425 -0.067031 0)
(2.31393 -0.0646963 0)
(2.32313 -0.0620783 0)
(2.33193 -0.0591953 0)
(2.34038 -0.0560951 0)
(2.34855 -0.0528508 0)
(2.35648 -0.0495392 0)
(2.36417 -0.0462628 0)
(2.37169 -0.0431747 0)
(2.37905 -0.0403655 0)
(2.38625 -0.0379051 0)
(2.39334 -0.0358341 0)
(2.40031 -0.0341829 0)
(2.40721 -0.0329604 0)
(2.41405 -0.0321668 0)
(2.42089 -0.0317808 0)
(2.42777 -0.0317773 0)
(2.43474 -0.0321221 0)
(2.44185 -0.0327878 0)
(2.44918 -0.0337584 0)
(2.45679 -0.0350302 0)
(2.46479 -0.0366111 0)
(2.47325 -0.0385239 0)
(2.48228 -0.0408083 0)
(2.49199 -0.0435173 0)
(2.50249 -0.0467186 0)
(2.51392 -0.0504887 0)
(2.52643 -0.0549185 0)
(2.54018 -0.0601055 0)
(2.55537 -0.0661498 0)
(2.57221 -0.0731492 0)
(2.59092 -0.0812147 0)
(2.61181 -0.0904514 0)
(2.63526 -0.100963 0)
(2.66183 -0.112804 0)
(2.69232 -0.12624 0)
(2.72797 -0.141741 0)
(2.71344 -0.0848341 0)
(2.71421 -0.0821638 0)
(2.71511 -0.079785 0)
(2.71603 -0.0776114 0)
(2.7169 -0.0755089 0)
(2.71772 -0.0733767 0)
(2.71851 -0.0711163 0)
(2.71935 -0.068657 0)
(2.72029 -0.065971 0)
(2.72139 -0.0630664 0)
(2.72272 -0.0599835 0)
(2.72431 -0.0567924 0)
(2.72619 -0.0535787 0)
(2.72837 -0.0504429 0)
(2.73085 -0.0474834 0)
(2.73362 -0.0447841 0)
(2.73664 -0.0424103 0)
(2.73987 -0.0404029 0)
(2.74328 -0.0387841 0)
(2.74681 -0.0375788 0)
(2.75044 -0.0367957 0)
(2.75415 -0.0364323 0)
(2.75793 -0.0364696 0)
(2.76177 -0.0368815 0)
(2.76567 -0.0376576 0)
(2.76966 -0.0388011 0)
(2.77378 -0.0403156 0)
(2.77807 -0.0422107 0)
(2.78257 -0.0445126 0)
(2.78734 -0.0472664 0)
(2.79245 -0.0505318 0)
(2.79795 -0.0543814 0)
(2.80392 -0.0588989 0)
(2.81044 -0.0641833 0)
(2.81759 -0.0703454 0)
(2.82543 -0.0774884 0)
(2.83405 -0.0857283 0)
(2.84356 -0.0952056 0)
(2.85415 -0.106099 0)
(2.86605 -0.118624 0)
(2.87955 -0.133008 0)
(2.89506 -0.149682 0)
(2.91327 -0.169755 0)
(2.86346 -0.079383 0)
(2.85975 -0.0774477 0)
(2.85642 -0.0755763 0)
(2.85338 -0.0737662 0)
(2.85057 -0.0719714 0)
(2.84798 -0.0701214 0)
(2.84564 -0.0681506 0)
(2.84358 -0.0660151 0)
(2.84183 -0.0636995 0)
(2.84043 -0.0612154 0)
(2.83943 -0.0586033 0)
(2.83884 -0.0559147 0)
(2.83868 -0.0531882 0)
(2.83896 -0.0505558 0)
(2.83964 -0.0480896 0)
(2.8407 -0.0458313 0)
(2.8421 -0.0438588 0)
(2.8438 -0.0422076 0)
(2.84573 -0.0408866 0)
(2.84784 -0.0399216 0)
(2.85008 -0.0393446 0)
(2.85242 -0.0391439 0)
(2.85483 -0.0393079 0)
(2.8573 -0.0398174 0)
(2.85977 -0.040671 0)
(2.86228 -0.0418988 0)
(2.86484 -0.0435198 0)
(2.86746 -0.0455475 0)
(2.87016 -0.0480118 0)
(2.87295 -0.0509632 0)
(2.87586 -0.0544676 0)
(2.87892 -0.0586029 0)
(2.88216 -0.0634588 0)
(2.88565 -0.069131 0)
(2.88935 -0.0757226 0)
(2.8933 -0.0833521 0)
(2.89769 -0.0921583 0)
(2.90253 -0.102327 0)
(2.90795 -0.114053 0)
(2.9139 -0.127614 0)
(2.92052 -0.143399 0)
(2.92881 -0.162002 0)
(2.93841 -0.183858 0)
(2.89981 -0.0766841 0)
(2.89486 -0.0750314 0)
(2.89032 -0.073377 0)
(2.88614 -0.0717325 0)
(2.88227 -0.0700864 0)
(2.87872 -0.0683954 0)
(2.87547 -0.0666355 0)
(2.87256 -0.0647476 0)
(2.86999 -0.0627268 0)
(2.8678 -0.0605817 0)
(2.86602 -0.0583368 0)
(2.86466 -0.0560487 0)
(2.86374 -0.0537434 0)
(2.86328 -0.0515089 0)
(2.86323 -0.049356 0)
(2.86351 -0.047417 0)
(2.86409 -0.0457114 0)
(2.86479 -0.0442763 0)
(2.86582 -0.0430992 0)
(2.86707 -0.0422781 0)
(2.86848 -0.0417307 0)
(2.87002 -0.0416009 0)
(2.87167 -0.0418058 0)
(2.87333 -0.0422986 0)
(2.8752 -0.0431597 0)
(2.87702 -0.0443818 0)
(2.87878 -0.0459799 0)
(2.88051 -0.047986 0)
(2.88221 -0.0504428 0)
(2.88387 -0.0534083 0)
(2.88552 -0.0569508 0)
(2.88717 -0.0611502 0)
(2.88885 -0.0661027 0)
(2.89059 -0.0719027 0)
(2.89242 -0.0786469 0)
(2.89434 -0.0864652 0)
(2.89636 -0.0955266 0)
(2.89832 -0.105989 0)
(2.90039 -0.118064 0)
(2.90256 -0.132047 0)
(2.90479 -0.148416 0)
(2.90692 -0.167668 0)
(2.90883 -0.190278 0)
(2.8963 -0.0687436 0)
(2.89059 -0.0677056 0)
(2.8853 -0.0666147 0)
(2.88053 -0.0654885 0)
(2.8761 -0.0643201 0)
(2.87197 -0.0630869 0)
(2.86816 -0.0617624 0)
(2.86468 -0.0603225 0)
(2.86155 -0.0587573 0)
(2.85876 -0.057075 0)
(2.85632 -0.0553012 0)
(2.85423 -0.0534757 0)
(2.85251 -0.0516401 0)
(2.85113 -0.0498521 0)
(2.85009 -0.0481493 0)
(2.84936 -0.0465454 0)
(2.84892 -0.0451216 0)
(2.84872 -0.043932 0)
(2.84871 -0.0430264 0)
(2.84884 -0.0424358 0)
(2.84904 -0.0421682 0)
(2.84934 -0.0421497 0)
(2.84967 -0.0424324 0)
(2.84998 -0.0430416 0)
(2.85024 -0.0439813 0)
(2.8504 -0.0452363 0)
(2.85046 -0.0468263 0)
(2.85037 -0.0488016 0)
(2.85012 -0.0512217 0)
(2.84966 -0.054151 0)
(2.84897 -0.0576623 0)
(2.84803 -0.0618368 0)
(2.8468 -0.0667605 0)
(2.84528 -0.0725249 0)
(2.84343 -0.0792259 0)
(2.8412 -0.0869747 0)
(2.8385 -0.0958913 0)
(2.83523 -0.106139 0)
(2.83121 -0.117941 0)
(2.82622 -0.131574 0)
(2.81996 -0.147378 0)
(2.812 -0.165734 0)
(2.80186 -0.187051 0)
(2.86269 -0.0644062 0)
(2.85471 -0.0636979 0)
(2.84696 -0.0629282 0)
(2.83942 -0.062113 0)
(2.83211 -0.0612296 0)
(2.82504 -0.0602635 0)
(2.81823 -0.0592015 0)
(2.81169 -0.0580194 0)
(2.80542 -0.0567072 0)
(2.79942 -0.0552761 0)
(2.79371 -0.0537566 0)
(2.78827 -0.0522404 0)
(2.78312 -0.0507094 0)
(2.77826 -0.0491899 0)
(2.77365 -0.0477198 0)
(2.76929 -0.0463462 0)
(2.76515 -0.0451176 0)
(2.76118 -0.0440826 0)
(2.75736 -0.0432778 0)
(2.75362 -0.0427261 0)
(2.74992 -0.0424403 0)
(2.74619 -0.0424313 0)
(2.74238 -0.0426626 0)
(2.73844 -0.0431371 0)
(2.73431 -0.0438636 0)
(2.72992 -0.0448565 0)
(2.7252 -0.0461316 0)
(2.72009 -0.0477632 0)
(2.71452 -0.0497635 0)
(2.70841 -0.0522439 0)
(2.70169 -0.0552284 0)
(2.69426 -0.0588173 0)
(2.68604 -0.0631952 0)
(2.67692 -0.0683682 0)
(2.66674 -0.0743841 0)
(2.65532 -0.0813034 0)
(2.64242 -0.0892143 0)
(2.62765 -0.0982274 0)
(2.61056 -0.108501 0)
(2.59064 -0.120219 0)
(2.56722 -0.133587 0)
(2.53948 -0.148819 0)
(2.50636 -0.166139 0)
(2.66516 -0.0518734 0)
(2.64734 -0.051357 0)
(2.62961 -0.0507729 0)
(2.61202 -0.0501333 0)
(2.59456 -0.0494381 0)
(2.5773 -0.0487023 0)
(2.56026 -0.0479261 0)
(2.54349 -0.0470623 0)
(2.52702 -0.0460837 0)
(2.51083 -0.0450054 0)
(2.49497 -0.0438512 0)
(2.47946 -0.042644 0)
(2.46431 -0.0414106 0)
(2.44951 -0.0401853 0)
(2.43505 -0.0390033 0)
(2.42091 -0.0378972 0)
(2.40705 -0.0369011 0)
(2.39343 -0.0360436 0)
(2.37998 -0.0353455 0)
(2.36663 -0.0348228 0)
(2.3533 -0.0344851 0)
(2.33988 -0.0343326 0)
(2.32631 -0.0343634 0)
(2.31246 -0.0345775 0)
(2.29824 -0.0349781 0)
(2.28356 -0.0355733 0)
(2.26832 -0.0363785 0)
(2.2524 -0.0374216 0)
(2.23566 -0.0387412 0)
(2.21795 -0.0403863 0)
(2.1991 -0.0424148 0)
(2.17892 -0.0448904 0)
(2.15718 -0.0478764 0)
(2.13365 -0.0514261 0)
(2.10798 -0.0555703 0)
(2.07994 -0.0602706 0)
(2.04854 -0.0654175 0)
(2.01286 -0.0709844 0)
(1.97206 -0.0770603 0)
(1.92514 -0.0837552 0)
(1.87097 -0.0910568 0)
(1.80827 -0.0989136 0)
(1.73549 -0.10721 0)
(1.74471 -0.0277453 0)
(1.7062 -0.0272192 0)
(1.66823 -0.0266682 0)
(1.63084 -0.0261016 0)
(1.59403 -0.0255215 0)
(1.55795 -0.0249458 0)
(1.52231 -0.024369 0)
(1.48737 -0.0237347 0)
(1.45337 -0.0230129 0)
(1.4202 -0.0222154 0)
(1.38796 -0.0213696 0)
(1.35671 -0.020505 0)
(1.32647 -0.0196471 0)
(1.29724 -0.0188129 0)
(1.269 -0.0180186 0)
(1.24169 -0.0172777 0)
(1.21524 -0.016608 0)
(1.18957 -0.0160223 0)
(1.16454 -0.0155321 0)
(1.14003 -0.0151414 0)
(1.1159 -0.0148474 0)
(1.092 -0.0146387 0)
(1.06824 -0.0144997 0)
(1.04448 -0.0144167 0)
(1.02062 -0.0143921 0)
(0.996534 -0.01444 0)
(0.972093 -0.0145766 0)
(0.947145 -0.0148283 0)
(0.921523 -0.0152233 0)
(0.895017 -0.0158027 0)
(0.867377 -0.0166049 0)
(0.838301 -0.0176694 0)
(0.807429 -0.0190461 0)
(0.774336 -0.0207496 0)
(0.738658 -0.0227585 0)
(0.699653 -0.0248201 0)
(0.657944 -0.026493 0)
(0.613898 -0.027551 0)
(0.567228 -0.0280365 0)
(0.517837 -0.0279663 0)
(0.465874 -0.027375 0)
(0.411538 -0.0260985 0)
(0.355133 -0.0238709 0)
(1.29484 -0.0535627 0)
(1.38386 -0.0547026 0)
(1.52985 -0.0529255 0)
(1.73359 -0.0740347 0)
(1.97212 -0.147394 0)
(2.21808 -0.292347 0)
(2.42018 -0.489686 0)
(2.5297 -0.68645 0)
(2.55393 -0.843401 0)
(2.52049 -0.948454 0)
(2.44476 -1.00494 0)
(2.3413 -1.00708 0)
(2.22284 -0.962392 0)
(2.09845 -0.883374 0)
(1.97665 -0.780493 0)
(1.86614 -0.65988 0)
(1.77428 -0.524421 0)
(1.69928 -0.384728 0)
(1.61652 -0.257518 0)
(1.49645 -0.168458 0)
(1.33958 -0.117452 0)
(1.19172 -0.0785927 0)
(1.09633 -0.0242768 0)
(1.07292 0.0587807 0)
(1.12338 0.150926 0)
(1.22956 0.23646 0)
(1.37898 0.304703 0)
(1.56289 0.34868 0)
(1.77604 0.362938 0)
(2.01616 0.341045 0)
(2.27824 0.278772 0)
(2.54956 0.17987 0)
(2.80007 0.062063 0)
(3.00536 -0.0539507 0)
(3.1502 -0.153933 0)
(3.2356 -0.235884 0)
(3.26971 -0.308219 0)
(3.26803 -0.374407 0)
(3.22737 -0.427371 0)
(3.15304 -0.46024 0)
(3.05584 -0.472005 0)
(2.94118 -0.463916 0)
(2.81659 -0.438485 0)
(2.69112 -0.400162 0)
(2.57273 -0.353563 0)
(2.46611 -0.302167 0)
(2.37428 -0.249437 0)
(2.29731 -0.198427 0)
(2.23156 -0.152198 0)
(2.16813 -0.116294 0)
(2.09596 -0.0993174 0)
(2.00488 -0.106638 0)
(1.8928 -0.135428 0)
(1.7706 -0.171129 0)
(1.65693 -0.194436 0)
(1.56105 -0.194875 0)
(1.48956 -0.16933 0)
(1.44677 -0.118884 0)
(1.43367 -0.0519477 0)
(1.44583 0.0225415 0)
(1.47802 0.0980946 0)
(1.52494 0.16817 0)
(1.58263 0.227843 0)
(1.64837 0.275388 0)
(1.71949 0.310111 0)
(1.79394 0.331924 0)
(1.87029 0.341244 0)
(1.9478 0.338644 0)
(2.0266 0.324319 0)
(2.10757 0.297395 0)
(2.19222 0.256182 0)
(2.28111 0.199988 0)
(2.37272 0.129633 0)
(2.45952 0.0515486 0)
(2.53574 -0.0267905 0)
(2.59547 -0.0949586 0)
(2.63403 -0.152764 0)
(2.64927 -0.198885 0)
(2.64716 -0.227393 0)
(2.61981 -0.238468 0)
(2.56187 -0.227919 0)
(2.48087 -0.200646 0)
(2.38593 -0.165422 0)
(2.28541 -0.130494 0)
(2.18738 -0.103025 0)
(2.09574 -0.0870008 0)
(2.01307 -0.0836853 0)
(1.9408 -0.0916199 0)
(1.87904 -0.10646 0)
(1.82675 -0.122643 0)
(1.78245 -0.135071 0)
(1.74492 -0.140039 0)
(1.71348 -0.135094 0)
(2.26354 -0.0947319 0)
(2.34973 -0.100299 0)
(2.45562 -0.123236 0)
(2.57846 -0.179222 0)
(2.70547 -0.275393 0)
(2.81602 -0.410326 0)
(2.87551 -0.556822 0)
(2.87754 -0.691253 0)
(2.8335 -0.798592 0)
(2.7542 -0.869979 0)
(2.64826 -0.896898 0)
(2.52805 -0.88253 0)
(2.40196 -0.833769 0)
(2.27775 -0.757679 0)
(2.16015 -0.660638 0)
(2.05149 -0.548916 0)
(1.95676 -0.4323 0)
(1.87948 -0.317522 0)
(1.82264 -0.208404 0)
(1.78538 -0.108808 0)
(1.75776 -0.0259739 0)
(1.72962 0.0335234 0)
(1.70315 0.0692124 0)
(1.69402 0.0928592 0)
(1.72034 0.111894 0)
(1.79205 0.127837 0)
(1.91205 0.138519 0)
(2.07784 0.136928 0)
(2.28351 0.115436 0)
(2.51827 0.069295 0)
(2.75495 0.0038174 0)
(2.96627 -0.0682247 0)
(3.13413 -0.134565 0)
(3.25188 -0.188269 0)
(3.31855 -0.227071 0)
(3.33869 -0.268143 0)
(3.33329 -0.304487 0)
(3.28272 -0.333041 0)
(3.19045 -0.348105 0)
(3.07373 -0.35076 0)
(2.93761 -0.342432 0)
(2.79151 -0.323999 0)
(2.64695 -0.298524 0)
(2.5132 -0.269087 0)
(2.39561 -0.236613 0)
(2.298 -0.202223 0)
(2.22184 -0.167726 0)
(2.16446 -0.133492 0)
(2.12086 -0.0986609 0)
(2.08348 -0.0640022 0)
(2.04266 -0.0342649 0)
(1.98637 -0.0170193 0)
(1.90467 -0.0202297 0)
(1.79661 -0.0444065 0)
(1.67529 -0.0768664 0)
(1.56261 -0.0989621 0)
(1.47115 -0.101313 0)
(1.40794 -0.0825695 0)
(1.37644 -0.0445578 0)
(1.37254 0.00469548 0)
(1.3934 0.0592231 0)
(1.43818 0.113883 0)
(1.49586 0.162239 0)
(1.56383 0.201427 0)
(1.6393 0.230769 0)
(1.7202 0.2498 0)
(1.80581 0.257656 0)
(1.896 0.253495 0)
(1.99043 0.236439 0)
(2.08795 0.204749 0)
(2.18725 0.157637 0)
(2.28612 0.098598 0)
(2.37702 0.0358219 0)
(2.45309 -0.0271043 0)
(2.50334 -0.0886589 0)
(2.53264 -0.138783 0)
(2.53978 -0.174939 0)
(2.51641 -0.19269 0)
(2.46328 -0.194092 0)
(2.38736 -0.174538 0)
(2.29767 -0.13957 0)
(2.20474 -0.0991742 0)
(2.11685 -0.0614107 0)
(2.03761 -0.0312799 0)
(1.96824 -0.0123002 0)
(1.90743 -0.00635796 0)
(1.85325 -0.0137465 0)
(1.80492 -0.0317816 0)
(1.76154 -0.0551861 0)
(1.7217 -0.0781043 0)
(1.68449 -0.0959294 0)
(1.64982 -0.105787 0)
(1.61832 -0.106155 0)
(2.77031 -0.162129 0)
(2.81953 -0.191159 0)
(2.87458 -0.233208 0)
(2.93222 -0.293571 0)
(2.98087 -0.37377 0)
(3.00543 -0.467288 0)
(3.00081 -0.565605 0)
(2.9778 -0.656576 0)
(2.91591 -0.728849 0)
(2.82927 -0.770658 0)
(2.72646 -0.779839 0)
(2.61322 -0.758236 0)
(2.49543 -0.709062 0)
(2.37847 -0.637447 0)
(2.2658 -0.548871 0)
(2.16153 -0.449884 0)
(2.07013 -0.347148 0)
(1.99436 -0.246844 0)
(1.937 -0.157802 0)
(1.89991 -0.0882294 0)
(1.88549 -0.0366354 0)
(1.89017 0.00374033 0)
(1.91386 0.0346707 0)
(1.9608 0.0510132 0)
(2.03082 0.0522956 0)
(2.12613 0.0400665 0)
(2.24977 0.0142054 0)
(2.40046 -0.0265138 0)
(2.57138 -0.0798033 0)
(2.74712 -0.134987 0)
(2.90957 -0.180226 0)
(3.04926 -0.213229 0)
(3.15348 -0.233514 0)
(3.21076 -0.244046 0)
(3.23455 -0.247609 0)
(3.22265 -0.249648 0)
(3.16187 -0.245523 0)
(3.06303 -0.234805 0)
(2.93608 -0.220152 0)
(2.7886 -0.204092 0)
(2.63003 -0.186622 0)
(2.47425 -0.168993 0)
(2.33152 -0.153994 0)
(2.20965 -0.142589 0)
(2.11434 -0.133389 0)
(2.04647 -0.123721 0)
(2.00149 -0.11133 0)
(1.97284 -0.0933272 0)
(1.95568 -0.0672825 0)
(1.94437 -0.0351949 0)
(1.92973 2.47515e-06 0)
(1.90339 0.0331363 0)
(1.85751 0.0557709 0)
(1.78652 0.0596956 0)
(1.69362 0.0425066 0)
(1.59165 0.0139422 0)
(1.4988 -0.0103508 0)
(1.42576 -0.0211098 0)
(1.3798 -0.016583 0)
(1.36336 0.00302987 0)
(1.3677 0.0315555 0)
(1.40338 0.0658858 0)
(1.45751 0.101363 0)
(1.52635 0.132211 0)
(1.60776 0.154208 0)
(1.69897 0.164787 0)
(1.7982 0.16235 0)
(1.90287 0.148467 0)
(2.00697 0.125856 0)
(2.10483 0.0944866 0)
(2.19081 0.0547501 0)
(2.2534 0.00625996 0)
(2.29693 -0.0410856 0)
(2.32038 -0.0792498 0)
(2.31561 -0.111348 0)
(2.2805 -0.126882 0)
(2.22104 -0.131062 0)
(2.14607 -0.120136 0)
(2.06564 -0.0983526 0)
(1.98816 -0.0706596 0)
(1.91883 -0.0410333 0)
(1.86034 -0.0141384 0)
(1.81378 0.00726286 0)
(1.77862 0.0221561 0)
(1.75249 0.0298216 0)
(1.73136 0.029975 0)
(1.71219 0.0210359 0)
(1.69232 0.00167693 0)
(1.66938 -0.0213992 0)
(1.64297 -0.0438186 0)
(1.61419 -0.0614992 0)
(1.58407 -0.0721786 0)
(1.55424 -0.0748264 0)
(2.93335 -0.194675 0)
(2.95555 -0.2259 0)
(2.97919 -0.266025 0)
(3.00554 -0.317236 0)
(3.02305 -0.379022 0)
(3.02326 -0.45063 0)
(3.01166 -0.528178 0)
(2.97194 -0.598589 0)
(2.91089 -0.64909 0)
(2.83301 -0.674425 0)
(2.74119 -0.672777 0)
(2.63883 -0.644461 0)
(2.5301 -0.592401 0)
(2.41921 -0.521698 0)
(2.30912 -0.437531 0)
(2.20459 -0.347138 0)
(2.11103 -0.258411 0)
(2.03249 -0.176993 0)
(1.97238 -0.107952 0)
(1.93243 -0.0557729 0)
(1.91255 -0.0222814 0)
(1.91194 -0.00331339 0)
(1.93455 0.000738231 0)
(1.97933 -0.0130285 0)
(2.04551 -0.0410308 0)
(2.13357 -0.0815758 0)
(2.24417 -0.133657 0)
(2.374 -0.191423 0)
(2.50668 -0.243823 0)
(2.62546 -0.285471 0)
(2.7239 -0.308382 0)
(2.79778 -0.313823 0)
(2.8457 -0.306842 0)
(2.86745 -0.279587 0)
(2.84901 -0.239772 0)
(2.78954 -0.195121 0)
(2.69284 -0.148404 0)
(2.56497 -0.104055 0)
(2.4143 -0.0665364 0)
(2.25635 -0.0382605 0)
(2.10548 -0.0223481 0)
(1.97042 -0.0201883 0)
(1.8609 -0.0294855 0)
(1.78423 -0.0466972 0)
(1.73929 -0.0671917 0)
(1.72024 -0.0847624 0)
(1.71697 -0.0922439 0)
(1.72446 -0.0889256 0)
(1.7387 -0.0704058 0)
(1.75413 -0.0364815 0)
(1.76268 0.00853769 0)
(1.75527 0.0570809 0)
(1.72986 0.0970106 0)
(1.69074 0.118702 0)
(1.64514 0.117446 0)
(1.58878 0.0959793 0)
(1.52839 0.0647395 0)
(1.47739 0.0373129 0)
(1.44348 0.0207636 0)
(1.43008 0.0158551 0)
(1.44025 0.0165373 0)
(1.47682 0.0222236 0)
(1.53234 0.0311976 0)
(1.60195 0.0398033 0)
(1.68084 0.0453071 0)
(1.76215 0.046827 0)
(1.83767 0.0445568 0)
(1.8963 0.039534 0)
(1.9423 0.0316178 0)
(1.98063 0.0195743 0)
(2.00002 0.00494507 0)
(1.99957 -0.0123121 0)
(1.97549 -0.0290882 0)
(1.93181 -0.041515 0)
(1.87599 -0.0470773 0)
(1.81562 -0.0470986 0)
(1.75762 -0.0436917 0)
(1.70568 -0.0382507 0)
(1.66289 -0.0313742 0)
(1.6309 -0.0203429 0)
(1.61012 -0.00545085 0)
(1.59892 0.0104943 0)
(1.59475 0.0241002 0)
(1.59487 0.0330914 0)
(1.59812 0.0366313 0)
(1.60199 0.0356458 0)
(1.60389 0.0266936 0)
(1.60076 0.0123407 0)
(1.59114 -0.00479205 0)
(1.5754 -0.021902 0)
(1.55503 -0.0360788 0)
(1.53225 -0.0452023 0)
(1.50914 -0.0485137 0)
(2.94904 -0.20988 0)
(2.96274 -0.241792 0)
(2.97521 -0.281574 0)
(2.98185 -0.329365 0)
(2.98508 -0.384203 0)
(2.97834 -0.444878 0)
(2.95657 -0.505412 0)
(2.91779 -0.555279 0)
(2.86166 -0.587068 0)
(2.78923 -0.596278 0)
(2.70234 -0.580978 0)
(2.60391 -0.542258 0)
(2.49797 -0.483919 0)
(2.38865 -0.411006 0)
(2.27933 -0.329283 0)
(2.17565 -0.247185 0)
(2.08057 -0.170185 0)
(1.99814 -0.103249 0)
(1.93344 -0.0523969 0)
(1.89018 -0.0227147 0)
(1.86835 -0.0120578 0)
(1.86019 -0.0141063 0)
(1.86747 -0.0314614 0)
(1.89507 -0.064729 0)
(1.9409 -0.112751 0)
(2.00062 -0.174435 0)
(2.06412 -0.240711 0)
(2.11747 -0.296304 0)
(2.15633 -0.335276 0)
(2.1824 -0.3538 0)
(2.19511 -0.356571 0)
(2.19682 -0.348872 0)
(2.18042 -0.312083 0)
(2.14237 -0.253839 0)
(2.07985 -0.180445 0)
(1.99133 -0.0996144 0)
(1.88032 -0.0201991 0)
(1.76051 0.0456515 0)
(1.64404 0.0892561 0)
(1.53995 0.108016 0)
(1.45558 0.104634 0)
(1.39387 0.0849752 0)
(1.35665 0.0370294 0)
(1.34458 -0.0203625 0)
(1.3479 -0.0700467 0)
(1.35802 -0.102103 0)
(1.3731 -0.116913 0)
(1.39177 -0.117781 0)
(1.41312 -0.100835 0)
(1.43698 -0.0619642 0)
(1.46044 -0.00160974 0)
(1.47437 0.0675511 0)
(1.47485 0.121808 0)
(1.46948 0.147767 0)
(1.45836 0.149592 0)
(1.44211 0.138536 0)
(1.42248 0.107395 0)
(1.40799 0.0668098 0)
(1.40387 0.0297274 0)
(1.40854 5.52974e-05 0)
(1.41864 -0.0242433 0)
(1.43489 -0.0296135 0)
(1.45688 -0.0257474 0)
(1.48296 -0.0168049 0)
(1.5104 -0.00462791 0)
(1.5342 0.0119254 0)
(1.55189 0.0271716 0)
(1.5624 0.0354841 0)
(1.56483 0.0369787 0)
(1.55544 0.0353255 0)
(1.53512 0.0329313 0)
(1.50719 0.0294909 0)
(1.47391 0.023381 0)
(1.43993 0.0140954 0)
(1.40996 0.00432728 0)
(1.38678 -0.00479098 0)
(1.37233 -0.0133709 0)
(1.36512 -0.0185015 0)
(1.36304 -0.0200792 0)
(1.36597 -0.0176919 0)
(1.37419 -0.0107609 0)
(1.38586 -0.000895363 0)
(1.39759 0.00928077 0)
(1.40737 0.0174773 0)
(1.41468 0.0226256 0)
(1.41967 0.0245749 0)
(1.42234 0.022341 0)
(1.42026 0.0153239 0)
(1.41385 0.00495684 0)
(1.4041 -0.00668695 0)
(1.39184 -0.0175203 0)
(1.37806 -0.0256336 0)
(1.36377 -0.0299179 0)
(2.91024 -0.217301 0)
(2.91033 -0.24951 0)
(2.90823 -0.286816 0)
(2.90245 -0.329464 0)
(2.89053 -0.376703 0)
(2.86975 -0.425338 0)
(2.83729 -0.469826 0)
(2.79084 -0.503213 0)
(2.72949 -0.519335 0)
(2.65359 -0.514264 0)
(2.56433 -0.487007 0)
(2.46441 -0.439857 0)
(2.35798 -0.376833 0)
(2.24934 -0.302578 0)
(2.14209 -0.22327 0)
(2.0417 -0.148409 0)
(1.94945 -0.0831121 0)
(1.86843 -0.0333189 0)
(1.80071 -0.00217118 0)
(1.74877 0.011657 0)
(1.7135 0.0137644 0)
(1.69002 0.000805488 0)
(1.67758 -0.034251 0)
(1.66815 -0.0850172 0)
(1.6472 -0.137345 0)
(1.60664 -0.187024 0)
(1.55371 -0.23481 0)
(1.50429 -0.276581 0)
(1.46076 -0.308811 0)
(1.41796 -0.325701 0)
(1.37216 -0.320684 0)
(1.32006 -0.290723 0)
(1.25984 -0.235389 0)
(1.19249 -0.156643 0)
(1.11908 -0.0646526 0)
(1.05013 0.0230639 0)
(0.994642 0.0934162 0)
(0.954632 0.139694 0)
(0.928997 0.158159 0)
(0.916997 0.155913 0)
(0.914485 0.126023 0)
(0.919063 0.0783858 0)
(0.922622 0.0221016 0)
(0.917391 -0.0309535 0)
(0.90431 -0.0751317 0)
(0.891459 -0.106827 0)
(0.885202 -0.123129 0)
(0.885227 -0.125905 0)
(0.894438 -0.117607 0)
(0.915115 -0.0842217 0)
(0.946155 -0.0291012 0)
(0.984121 0.039312 0)
(1.01979 0.0964462 0)
(1.04861 0.128635 0)
(1.07009 0.139085 0)
(1.08641 0.130177 0)
(1.09084 0.103185 0)
(1.07912 0.067701 0)
(1.05642 0.035487 0)
(1.03476 0.0137717 0)
(1.02003 -0.000109719 0)
(1.01458 -0.0106034 0)
(1.01867 -0.0171849 0)
(1.02958 -0.0167194 0)
(1.04274 -0.00991723 0)
(1.05523 0.000402634 0)
(1.06401 0.0128909 0)
(1.06693 0.0272416 0)
(1.06296 0.0422758 0)
(1.05408 0.0523725 0)
(1.04454 0.0537032 0)
(1.0364 0.0518905 0)
(1.03003 0.043476 0)
(1.02726 0.0288984 0)
(1.02764 0.0106321 0)
(1.03008 -0.0084352 0)
(1.03326 -0.0227767 0)
(1.03597 -0.0303669 0)
(1.03811 -0.0326433 0)
(1.03969 -0.0316071 0)
(1.04118 -0.024543 0)
(1.04316 -0.0122543 0)
(1.04554 0.00264582 0)
(1.04745 0.0150995 0)
(1.0489 0.0229802 0)
(1.04989 0.0261963 0)
(1.04995 0.0260427 0)
(1.04842 0.0209574 0)
(1.04569 0.0115547 0)
(1.04205 0.000926179 0)
(1.03736 -0.00855758 0)
(1.03188 -0.0154552 0)
(1.02617 -0.019089 0)
(2.78878 -0.211899 0)
(2.77173 -0.2407 0)
(2.74944 -0.273595 0)
(2.72042 -0.310416 0)
(2.68314 -0.349838 0)
(2.63593 -0.38871 0)
(2.57697 -0.421882 0)
(2.50475 -0.442767 0)
(2.41869 -0.445373 0)
(2.31982 -0.427004 0)
(2.21081 -0.388894 0)
(2.09623 -0.335238 0)
(1.98064 -0.269439 0)
(1.86979 -0.194659 0)
(1.76821 -0.116558 0)
(1.67634 -0.0425009 0)
(1.59332 0.0173551 0)
(1.51886 0.0562384 0)
(1.46121 0.0710167 0)
(1.4152 0.0630897 0)
(1.37369 0.038945 0)
(1.32198 0.0192831 0)
(1.24047 0.00329627 0)
(1.13909 -0.0160727 0)
(1.05074 -0.0477779 0)
(0.98166 -0.0997305 0)
(0.928804 -0.161653 0)
(0.879926 -0.215834 0)
(0.824835 -0.250665 0)
(0.762633 -0.261295 0)
(0.696036 -0.249425 0)
(0.627326 -0.21646 0)
(0.561223 -0.162195 0)
(0.503927 -0.0930397 0)
(0.460452 -0.0187208 0)
(0.434043 0.048046 0)
(0.422761 0.0977265 0)
(0.424955 0.127786 0)
(0.436932 0.138094 0)
(0.453858 0.12862 0)
(0.470345 0.103985 0)
(0.481475 0.0704439 0)
(0.484181 0.0301709 0)
(0.477954 -0.0135085 0)
(0.46442 -0.0541764 0)
(0.446418 -0.0880903 0)
(0.427401 -0.112535 0)
(0.410036 -0.124145 0)
(0.39601 -0.120791 0)
(0.388584 -0.0966257 0)
(0.392381 -0.0514951 0)
(0.40892 0.00842267 0)
(0.436425 0.0626386 0)
(0.466903 0.098704 0)
(0.493018 0.114962 0)
(0.51259 0.116518 0)
(0.525648 0.10729 0)
(0.532631 0.0852847 0)
(0.538243 0.0547322 0)
(0.545749 0.0195766 0)
(0.553861 -0.0126679 0)
(0.560321 -0.0319942 0)
(0.565931 -0.0378065 0)
(0.570455 -0.0360719 0)
(0.574346 -0.0238849 0)
(0.576251 -0.00260373 0)
(0.576732 0.0202035 0)
(0.578859 0.0380462 0)
(0.583221 0.0489495 0)
(0.590532 0.052734 0)
(0.599297 0.0516818 0)
(0.60811 0.0445101 0)
(0.616358 0.0313449 0)
(0.622892 0.0160711 0)
(0.626454 0.00184204 0)
(0.62564 -0.0101449 0)
(0.621264 -0.0188388 0)
(0.615655 -0.0237634 0)
(0.609848 -0.0248352 0)
(0.60452 -0.0218448 0)
(0.600013 -0.0152291 0)
(0.597315 -0.00547996 0)
(0.597468 0.00529215 0)
(0.600368 0.0143599 0)
(0.605085 0.0206833 0)
(0.610742 0.0237034 0)
(0.616664 0.0228579 0)
(0.622095 0.0178106 0)
(0.626277 0.00958942 0)
(0.628433 0.000284277 0)
(0.628478 -0.00812079 0)
(0.627003 -0.0144418 0)
(0.624798 -0.0180401 0)
(2.46637 -0.185847 0)
(2.41778 -0.208181 0)
(2.35889 -0.233172 0)
(2.2878 -0.260707 0)
(2.20348 -0.289493 0)
(2.10241 -0.31588 0)
(1.98465 -0.335246 0)
(1.85279 -0.342487 0)
(1.71106 -0.332799 0)
(1.56525 -0.304533 0)
(1.41877 -0.259741 0)
(1.28293 -0.206885 0)
(1.16333 -0.15041 0)
(1.07671 -0.0972501 0)
(1.02253 -0.0437118 0)
(0.971005 0.0149632 0)
(0.927572 0.060163 0)
(0.879445 0.0892222 0)
(0.820181 0.104948 0)
(0.742576 0.117854 0)
(0.663428 0.133048 0)
(0.604449 0.137134 0)
(0.564011 0.12526 0)
(0.541899 0.0693037 0)
(0.531611 -0.00550744 0)
(0.511865 -0.0718114 0)
(0.47245 -0.124875 0)
(0.415689 -0.161133 0)
(0.345555 -0.180942 0)
(0.269911 -0.184411 0)
(0.194248 -0.172012 0)
(0.125136 -0.143184 0)
(0.0665379 -0.100119 0)
(0.0241469 -0.0485142 0)
(0.00251448 0.00438914 0)
(-0.000371484 0.0498795 0)
(0.0141578 0.0841288 0)
(0.0404232 0.104335 0)
(0.0720051 0.109982 0)
(0.104936 0.102495 0)
(0.134228 0.083482 0)
(0.155585 0.0560386 0)
(0.166685 0.0233099 0)
(0.166428 -0.0101581 0)
(0.154165 -0.040617 0)
(0.131807 -0.0661538 0)
(0.101977 -0.0843249 0)
(0.0678968 -0.0931824 0)
(0.0330607 -0.0902278 0)
(0.00305703 -0.072496 0)
(-0.0145348 -0.0402182 0)
(-0.0167625 0.00163094 0)
(-0.00101977 0.0429721 0)
(0.0276555 0.0723409 0)
(0.0610623 0.0874965 0)
(0.0958819 0.0887376 0)
(0.128835 0.0768063 0)
(0.156655 0.0550201 0)
(0.176394 0.0291721 0)
(0.186812 0.00477184 0)
(0.1891 -0.0140655 0)
(0.185639 -0.0259438 0)
(0.180114 -0.030342 0)
(0.174392 -0.0269934 0)
(0.171006 -0.0168853 0)
(0.171272 -0.00242709 0)
(0.175947 0.012813 0)
(0.185173 0.0252602 0)
(0.197271 0.0335477 0)
(0.210936 0.0369105 0)
(0.224736 0.0357262 0)
(0.237487 0.0313221 0)
(0.247544 0.0242676 0)
(0.254008 0.0148042 0)
(0.256453 0.00416073 0)
(0.255425 -0.00589474 0)
(0.251818 -0.0134889 0)
(0.246465 -0.017969 0)
(0.240415 -0.0193527 0)
(0.234713 -0.0177205 0)
(0.230215 -0.0131297 0)
(0.228243 -0.00607401 0)
(0.229146 0.00197727 0)
(0.232852 0.0086062 0)
(0.238884 0.0128409 0)
(0.246251 0.0144957 0)
(0.253935 0.0135609 0)
(0.260828 0.0100966 0)
(0.265841 0.00460645 0)
(0.268318 -0.0017278 0)
(0.268374 -0.00762713 0)
(0.266611 -0.0121301 0)
(0.263623 -0.0146383 0)
(1.65045 -0.115765 0)
(1.55081 -0.124249 0)
(1.43446 -0.132154 0)
(1.29917 -0.139339 0)
(1.14225 -0.146342 0)
(0.973916 -0.153653 0)
(0.799201 -0.15884 0)
(0.626429 -0.158527 0)
(0.468443 -0.149857 0)
(0.327727 -0.12777 0)
(0.203041 -0.0921278 0)
(0.0815525 -0.0522165 0)
(-0.0225379 -0.0287568 0)
(-0.089792 -0.00962109 0)
(-0.110701 0.0266882 0)
(-0.0963882 0.0765584 0)
(-0.0704119 0.124718 0)
(-0.0318505 0.15947 0)
(0.0137122 0.174703 0)
(0.0663099 0.169699 0)
(0.123967 0.143738 0)
(0.180931 0.112588 0)
(0.230129 0.0767037 0)
(0.262985 0.0375601 0)
(0.271299 0.000863177 0)
(0.251082 -0.0340522 0)
(0.208316 -0.065176 0)
(0.147502 -0.0879495 0)
(0.0748039 -0.1013 0)
(-0.00142862 -0.105423 0)
(-0.0765099 -0.0994019 0)
(-0.143027 -0.0832129 0)
(-0.194329 -0.0580998 0)
(-0.225318 -0.0265621 0)
(-0.23441 0.00565021 0)
(-0.223533 0.0342405 0)
(-0.196032 0.0560037 0)
(-0.157555 0.0681169 0)
(-0.113763 0.0714245 0)
(-0.0704593 0.0664613 0)
(-0.0322104 0.0549576 0)
(-0.00356591 0.0386205 0)
(0.0125215 0.0194249 0)
(0.0160388 -0.000922254 0)
(0.00545887 -0.0203854 0)
(-0.0179733 -0.0370431 0)
(-0.0503849 -0.0495083 0)
(-0.088636 -0.0564964 0)
(-0.128259 -0.0564775 0)
(-0.163464 -0.0476437 0)
(-0.1885 -0.0299018 0)
(-0.196516 -0.00647644 0)
(-0.186963 0.0181979 0)
(-0.163697 0.0364591 0)
(-0.131019 0.0466881 0)
(-0.0943924 0.048653 0)
(-0.0595851 0.0434625 0)
(-0.0312302 0.0326174 0)
(-0.0128542 0.0185422 0)
(-0.00518012 0.00389437 0)
(-0.00762666 -0.00890378 0)
(-0.0179307 -0.0171924 0)
(-0.0310499 -0.0205033 0)
(-0.0440634 -0.0190851 0)
(-0.0540059 -0.0132421 0)
(-0.0579643 -0.00443074 0)
(-0.0551509 0.00528866 0)
(-0.0468999 0.0134151 0)
(-0.0344225 0.0189617 0)
(-0.0197519 0.0215951 0)
(-0.00460235 0.0214754 0)
(0.00947169 0.0188007 0)
(0.0209067 0.0139578 0)
(0.0287587 0.00791414 0)
(0.0324622 0.00162287 0)
(0.03199 -0.00416429 0)
(0.027976 -0.00869683 0)
(0.0216724 -0.0115138 0)
(0.0142216 -0.0124636 0)
(0.00689112 -0.0115277 0)
(0.00101855 -0.00885037 0)
(-0.002167 -0.00487293 0)
(-0.00243075 -0.000525804 0)
(0.000146132 0.00335321 0)
(0.00514733 0.0060437 0)
(0.0113779 0.00726184 0)
(0.0175208 0.00685923 0)
(0.0228388 0.00480079 0)
(0.0263147 0.00150122 0)
(0.0274296 -0.00242044 0)
(0.0260251 -0.00606568 0)
(0.022512 -0.008881 0)
(0.0175523 -0.0105333 0)
(0.29697 -0.0203745 0)
(0.238059 -0.0152982 0)
(0.179834 -0.00893326 0)
(0.126272 -0.00438471 0)
(0.0689523 -0.00649521 0)
(0.000745612 -0.0132302 0)
(-0.0733899 -0.01725 0)
(-0.157582 -0.0129458 0)
(-0.243792 -0.000854374 0)
(-0.318321 0.0115996 0)
(-0.369087 0.0177698 0)
(-0.401207 0.0123472 0)
(-0.427152 -0.00746468 0)
(-0.451023 -0.0203854 0)
(-0.463851 -0.0219398 0)
(-0.451551 0.00338616 0)
(-0.404757 0.0333626 0)
(-0.328265 0.0535211 0)
(-0.234436 0.0596213 0)
(-0.134139 0.055537 0)
(-0.0378435 0.046498 0)
(0.0459952 0.0365333 0)
(0.11121 0.0252112 0)
(0.152831 0.0116527 0)
(0.167758 -0.00388257 0)
(0.157336 -0.0185572 0)
(0.125342 -0.0299539 0)
(0.0736085 -0.0372306 0)
(0.0062832 -0.0414468 0)
(-0.0671079 -0.0421178 0)
(-0.137533 -0.0373148 0)
(-0.19886 -0.0299103 0)
(-0.245977 -0.0204143 0)
(-0.274332 -0.0095606 0)
(-0.282354 0.0016948 0)
(-0.27088 0.0119513 0)
(-0.242749 0.0195509 0)
(-0.202837 0.0237371 0)
(-0.156996 0.0247051 0)
(-0.111528 0.0227012 0)
(-0.0711458 0.0187293 0)
(-0.0401112 0.0128547 0)
(-0.0210304 0.0060335 0)
(-0.0149777 -0.00114575 0)
(-0.0218813 -0.0083944 0)
(-0.0407613 -0.0141874 0)
(-0.0695751 -0.0182764 0)
(-0.104684 -0.0202879 0)
(-0.141936 -0.0198768 0)
(-0.175845 -0.0165739 0)
(-0.200703 -0.0107086 0)
(-0.212155 -0.00331477 0)
(-0.208707 0.00400562 0)
(-0.191851 0.0102385 0)
(-0.165192 0.0139712 0)
(-0.13377 0.0151037 0)
(-0.102934 0.0137979 0)
(-0.0773189 0.0106282 0)
(-0.0602861 0.00610739 0)
(-0.053094 0.00118086 0)
(-0.0548929 -0.00342891 0)
(-0.0632568 -0.00612742 0)
(-0.0752508 -0.00717352 0)
(-0.0880332 -0.00676873 0)
(-0.0986755 -0.00507426 0)
(-0.104742 -0.00236582 0)
(-0.105024 0.000818199 0)
(-0.0997789 0.00387166 0)
(-0.0898208 0.00605523 0)
(-0.0767589 0.00717107 0)
(-0.0624415 0.00728772 0)
(-0.0488926 0.00650217 0)
(-0.037708 0.00494315 0)
(-0.0300486 0.00290634 0)
(-0.0266403 0.000705494 0)
(-0.0272147 -0.00149312 0)
(-0.0311773 -0.00316598 0)
(-0.0377867 -0.00424449 0)
(-0.0458543 -0.00467683 0)
(-0.0541116 -0.00446959 0)
(-0.0612553 -0.00360808 0)
(-0.0661984 -0.00232768 0)
(-0.0683781 -0.000875582 0)
(-0.0678401 0.000558185 0)
(-0.0650548 0.00157075 0)
(-0.0608611 0.00195552 0)
(-0.0563812 0.00178897 0)
(-0.0526799 0.0010811 0)
(-0.0507795 -5.27808e-05 0)
(-0.0511988 -0.00145205 0)
(-0.0540852 -0.00279063 0)
(-0.0592512 -0.00383217 0)
(-0.0660678 -0.00444651 0)
(-0.0522834 0.387554 0)
(-0.181815 0.423886 0)
(-0.303397 0.463914 0)
(-0.0325758 0.493614 0)
(-0.128224 0.534612 0)
(-0.217768 0.567564 0)
(-0.294856 0.579317 0)
(-0.360209 0.542762 0)
(-0.412572 0.427139 0)
(-0.43853 0.221606 0)
(-0.425514 -0.0670983 0)
(-0.372857 -0.390189 0)
(-0.297919 -0.695555 0)
(-0.223886 -0.950798 0)
(-0.167472 -1.14484 0)
(-0.128304 -1.27103 0)
(-0.101032 -1.32509 0)
(-0.0572297 -1.32084 0)
(-0.00553472 -1.22394 0)
(0.0906581 -1.03288 0)
(0.252597 -0.766259 0)
(0.457275 -0.457579 0)
(0.672094 -0.148484 0)
(0.878297 0.131003 0)
(1.06723 0.367133 0)
(1.23291 0.554423 0)
(1.37218 0.693727 0)
(1.48326 0.788915 0)
(1.56645 0.848405 0)
(1.62019 0.880855 0)
(1.64457 0.897642 0)
(1.64258 0.913047 0)
(1.62127 0.92341 0)
(1.59314 0.927537 0)
(1.57015 0.919783 0)
(1.56486 0.874889 0)
(1.5912 0.778703 0)
(1.64977 0.630739 0)
(1.73507 0.441731 0)
(1.83874 0.227477 0)
(1.9494 0.00869894 0)
(2.05679 -0.195809 0)
(2.15403 -0.373563 0)
(2.23535 -0.515409 0)
(2.29839 -0.617804 0)
(2.34168 -0.680452 0)
(2.36584 -0.709356 0)
(2.37307 -0.715395 0)
(2.3598 -0.6953 0)
(2.3242 -0.660119 0)
(2.27122 -0.627146 0)
(2.20691 -0.605486 0)
(2.13862 -0.59704 0)
(2.07408 -0.596714 0)
(2.01852 -0.595355 0)
(1.97612 -0.580825 0)
(1.95244 -0.539344 0)
(1.94906 -0.463476 0)
(1.96423 -0.353225 0)
(1.99557 -0.215911 0)
(2.03917 -0.0640841 0)
(2.089 0.0861041 0)
(2.14031 0.223417 0)
(2.18892 0.339717 0)
(2.23185 0.430988 0)
(2.26667 0.495433 0)
(2.29223 0.535047 0)
(2.30773 0.554079 0)
(2.31328 0.559157 0)
(2.30945 0.551132 0)
(2.29701 0.533175 0)
(2.28122 0.513271 0)
(2.26672 0.493045 0)
(2.25613 0.469663 0)
(2.25175 0.439174 0)
(2.25527 0.39642 0)
(2.26703 0.3378 0)
(2.28657 0.261985 0)
(2.31297 0.170063 0)
(2.3443 0.0665373 0)
(2.37709 -0.0412855 0)
(2.4068 -0.143535 0)
(2.43109 -0.236184 0)
(2.44793 -0.313621 0)
(2.45674 -0.374581 0)
(2.45799 -0.41689 0)
(2.45191 -0.442127 0)
(2.43733 -0.450901 0)
(2.41568 -0.446564 0)
(2.38874 -0.432583 0)
(2.36008 -0.411485 0)
(2.33239 -0.385726 0)
(2.30793 -0.356618 0)
(2.28875 -0.323374 0)
(2.27587 -0.284284 0)
(2.26925 -0.237793 0)
(-0.000328306 0.548688 0)
(-0.0263963 0.615049 0)
(-0.0516131 0.626499 0)
(-0.0693038 0.621931 0)
(-0.0808058 0.570105 0)
(-0.0759399 0.435892 0)
(-0.0373609 0.20529 0)
(0.0478231 -0.11109 0)
(0.166743 -0.45772 0)
(0.278477 -0.763203 0)
(0.355544 -0.993763 0)
(0.382871 -1.15253 0)
(0.357044 -1.26237 0)
(0.288998 -1.31551 0)
(0.209382 -1.30458 0)
(0.146727 -1.24097 0)
(0.1313 -1.11203 0)
(0.170856 -0.907488 0)
(0.275394 -0.640509 0)
(0.436311 -0.34766 0)
(0.614615 -0.0654893 0)
(0.791431 0.183866 0)
(0.958154 0.390936 0)
(1.10861 0.554533 0)
(1.23768 0.677378 0)
(1.34267 0.765561 0)
(1.42307 0.826687 0)
(1.47931 0.868265 0)
(1.51657 0.897333 0)
(1.54225 0.915455 0)
(1.56513 0.923038 0)
(1.60022 0.906712 0)
(1.66109 0.832676 0)
(1.74911 0.706744 0)
(1.8616 0.533822 0)
(1.99005 0.327283 0)
(2.12196 0.106623 0)
(2.245 -0.1073 0)
(2.35026 -0.298633 0)
(2.43349 -0.457859 0)
(2.49257 -0.578896 0)
(2.52807 -0.659517 0)
(2.54302 -0.702885 0)
(2.53945 -0.714415 0)
(2.51473 -0.699144 0)
(2.47044 -0.655116 0)
(2.40981 -0.602548 0)
(2.3359 -0.555878 0)
(2.25146 -0.525929 0)
(2.1615 -0.516316 0)
(2.07326 -0.521987 0)
(1.99344 -0.531899 0)
(1.92656 -0.533165 0)
(1.87552 -0.511463 0)
(1.846 -0.456034 0)
(1.83766 -0.364794 0)
(1.84839 -0.243857 0)
(1.87556 -0.104668 0)
(1.91484 0.0383427 0)
(1.96149 0.172488 0)
(2.01169 0.289877 0)
(2.06171 0.385492 0)
(2.10808 0.457265 0)
(2.14812 0.506127 0)
(2.1807 0.534861 0)
(2.20555 0.546893 0)
(2.22381 0.546819 0)
(2.23562 0.535509 0)
(2.243 0.517451 0)
(2.24984 0.494953 0)
(2.26004 0.467258 0)
(2.27597 0.42997 0)
(2.29863 0.37945 0)
(2.32822 0.313264 0)
(2.36423 0.230731 0)
(2.40538 0.133831 0)
(2.44855 0.0283953 0)
(2.48815 -0.0756562 0)
(2.51983 -0.171496 0)
(2.54077 -0.254706 0)
(2.54998 -0.322452 0)
(2.54805 -0.372975 0)
(2.53516 -0.406005 0)
(2.50977 -0.421865 0)
(2.47458 -0.42232 0)
(2.43196 -0.41185 0)
(2.38452 -0.394043 0)
(2.33653 -0.372561 0)
(2.29187 -0.349995 0)
(2.2527 -0.326468 0)
(2.22051 -0.300189 0)
(2.19627 -0.268386 0)
(2.18021 -0.229027 0)
(0.0469004 0.519622 0)
(0.11662 0.587873 0)
(0.184435 0.603524 0)
(0.254556 0.59954 0)
(0.330415 0.542605 0)
(0.424638 0.399172 0)
(0.549705 0.151821 0)
(0.704226 -0.195188 0)
(0.852083 -0.559233 0)
(0.959639 -0.84696 0)
(1.02586 -1.03777 0)
(1.05211 -1.13913 0)
(1.02775 -1.17913 0)
(0.935676 -1.16881 0)
(0.773135 -1.1425 0)
(0.574087 -1.11019 0)
(0.404607 -1.04404 0)
(0.306572 -0.915813 0)
(0.293414 -0.725095 0)
(0.349726 -0.485336 0)
(0.463629 -0.227557 0)
(0.607602 0.0176699 0)
(0.75747 0.231016 0)
(0.904527 0.409354 0)
(1.04079 0.551743 0)
(1.16227 0.661518 0)
(1.2675 0.744429 0)
(1.3571 0.806172 0)
(1.43472 0.851102 0)
(1.50846 0.876906 0)
(1.5898 0.872569 0)
(1.69198 0.823914 0)
(1.81917 0.724957 0)
(1.96756 0.576983 0)
(2.13071 0.388603 0)
(2.29315 0.179911 0)
(2.44005 -0.0296937 0)
(2.55977 -0.22239 0)
(2.64842 -0.387743 0)
(2.70549 -0.519327 0)
(2.73285 -0.61207 0)
(2.73622 -0.670723 0)
(2.71539 -0.691697 0)
(2.67461 -0.682894 0)
(2.617 -0.645338 0)
(2.54675 -0.588316 0)
(2.4679 -0.523466 0)
(2.38149 -0.465592 0)
(2.28653 -0.427442 0)
(2.18444 -0.41519 0)
(2.07977 -0.425175 0)
(1.98041 -0.445359 0)
(1.89184 -0.460781 0)
(1.81823 -0.457897 0)
(1.76337 -0.423993 0)
(1.73212 -0.354322 0)
(1.72288 -0.253066 0)
(1.73346 -0.130809 0)
(1.76076 -0.000521529 0)
(1.80038 0.125022 0)
(1.84845 0.237895 0)
(1.90104 0.332872 0)
(1.95451 0.407495 0)
(2.00568 0.461488 0)
(2.05249 0.496651 0)
(2.09412 0.515697 0)
(2.13097 0.520808 0)
(2.16363 0.514366 0)
(2.19305 0.499004 0)
(2.22188 0.475772 0)
(2.25311 0.443579 0)
(2.28877 0.400263 0)
(2.32984 0.34347 0)
(2.3766 0.271375 0)
(2.42864 0.183848 0)
(2.48365 0.0843865 0)
(2.53569 -0.0178443 0)
(2.57889 -0.113878 0)
(2.60904 -0.197689 0)
(2.62383 -0.266715 0)
(2.62318 -0.320108 0)
(2.60812 -0.357942 0)
(2.57756 -0.378215 0)
(2.53306 -0.381215 0)
(2.47652 -0.371494 0)
(2.41172 -0.354347 0)
(2.34397 -0.334832 0)
(2.27891 -0.316335 0)
(2.21982 -0.299542 0)
(2.1689 -0.283444 0)
(2.12705 -0.265802 0)
(2.09423 -0.243034 0)
(2.0707 -0.212043 0)
(0.0852463 0.423543 0)
(0.247838 0.493772 0)
(0.429427 0.511457 0)
(0.596382 0.499602 0)
(0.756159 0.437863 0)
(0.919762 0.285577 0)
(1.11061 0.00574326 0)
(1.31834 -0.36574 0)
(1.46311 -0.698085 0)
(1.54063 -0.941449 0)
(1.56722 -1.08797 0)
(1.55995 -1.15473 0)
(1.52213 -1.15291 0)
(1.45794 -1.08777 0)
(1.36118 -0.98186 0)
(1.20277 -0.880344 0)
(0.964525 -0.814467 0)
(0.71076 -0.762631 0)
(0.526328 -0.669814 0)
(0.44525 -0.513338 0)
(0.453001 -0.315863 0)
(0.530498 -0.104536 0)
(0.646645 0.0946639 0)
(0.77703 0.271174 0)
(0.909383 0.419869 0)
(1.03966 0.539331 0)
(1.16615 0.632308 0)
(1.28975 0.701341 0)
(1.415 0.746709 0)
(1.54797 0.762081 0)
(1.69631 0.739195 0)
(1.86534 0.670742 0)
(2.05477 0.552339 0)
(2.25737 0.390563 0)
(2.45706 0.203361 0)
(2.63238 0.0143463 0)
(2.77085 -0.163221 0)
(2.86606 -0.318847 0)
(2.92107 -0.447807 0)
(2.94045 -0.543719 0)
(2.92955 -0.609168 0)
(2.88973 -0.641013 0)
(2.82892 -0.640721 0)
(2.75286 -0.614069 0)
(2.66692 -0.566553 0)
(2.57682 -0.503171 0)
(2.48686 -0.43394 0)
(2.39706 -0.370971 0)
(2.30311 -0.325215 0)
(2.20157 -0.305791 0)
(2.09221 -0.31394 0)
(1.97974 -0.339866 0)
(1.87376 -0.367279 0)
(1.78051 -0.380971 0)
(1.70401 -0.368725 0)
(1.64976 -0.322498 0)
(1.62083 -0.244093 0)
(1.61488 -0.142359 0)
(1.62926 -0.029271 0)
(1.66027 0.0833281 0)
(1.70376 0.187137 0)
(1.75584 0.277132 0)
(1.81272 0.350342 0)
(1.8712 0.405846 0)
(1.92889 0.44425 0)
(1.98441 0.466995 0)
(2.03738 0.47585 0)
(2.08802 0.472498 0)
(2.13685 0.45844 0)
(2.18559 0.434212 0)
(2.23633 0.39908 0)
(2.2907 0.351472 0)
(2.34973 0.289526 0)
(2.41352 0.212329 0)
(2.48051 0.121297 0)
(2.5449 0.0246086 0)
(2.59986 -0.0681355 0)
(2.64049 -0.149669 0)
(2.66377 -0.215763 0)
(2.66853 -0.267966 0)
(2.66019 -0.306378 0)
(2.6289 -0.328192 0)
(2.5798 -0.330502 0)
(2.51341 -0.31845 0)
(2.43459 -0.298245 0)
(2.35002 -0.27644 0)
(2.26676 -0.258328 0)
(2.18928 -0.245678 0)
(2.12074 -0.237532 0)
(2.06268 -0.231313 0)
(2.01531 -0.223714 0)
(1.97778 -0.210994 0)
(1.94936 -0.189366 0)
(0.177589 0.144087 0)
(0.392212 0.232905 0)
(0.644202 0.272545 0)
(0.898611 0.270318 0)
(1.16281 0.198893 0)
(1.44067 0.0226424 0)
(1.72847 -0.256105 0)
(1.94674 -0.55977 0)
(2.05825 -0.804841 0)
(2.08916 -0.97572 0)
(2.06851 -1.06977 0)
(2.00675 -1.10493 0)
(1.91701 -1.08113 0)
(1.81428 -1.00805 0)
(1.71427 -0.8962 0)
(1.62166 -0.755945 0)
(1.51096 -0.612435 0)
(1.33896 -0.504352 0)
(1.09597 -0.443878 0)
(0.862169 -0.395502 0)
(0.708907 -0.311661 0)
(0.657705 -0.176667 0)
(0.684289 -0.0129921 0)
(0.763144 0.149226 0)
(0.884433 0.289637 0)
(1.01997 0.403569 0)
(1.16943 0.492101 0)
(1.3312 0.554661 0)
(1.50649 0.588467 0)
(1.69875 0.588337 0)
(1.91084 0.547316 0)
(2.14243 0.459447 0)
(2.38632 0.326935 0)
(2.6205 0.168458 0)
(2.82159 0.00750331 0)
(2.97337 -0.139518 0)
(3.07222 -0.267221 0)
(3.12152 -0.375053 0)
(3.12844 -0.461744 0)
(3.10114 -0.524446 0)
(3.04331 -0.559518 0)
(2.96278 -0.568234 0)
(2.86728 -0.553286 0)
(2.76297 -0.517907 0)
(2.65604 -0.466605 0)
(2.55313 -0.405164 0)
(2.45845 -0.340131 0)
(2.37213 -0.278705 0)
(2.28956 -0.229282 0)
(2.20212 -0.201024 0)
(2.10354 -0.200104 0)
(1.99168 -0.223485 0)
(1.87393 -0.257459 0)
(1.76326 -0.284091 0)
(1.66756 -0.290666 0)
(1.59224 -0.269127 0)
(1.54253 -0.216328 0)
(1.52006 -0.138744 0)
(1.52142 -0.0466862 0)
(1.54302 0.0491577 0)
(1.58067 0.140316 0)
(1.63008 0.221491 0)
(1.68762 0.289433 0)
(1.75037 0.342614 0)
(1.81584 0.380811 0)
(1.88228 0.404639 0)
(1.94857 0.415007 0)
(2.01434 0.412957 0)
(2.07964 0.399309 0)
(2.14556 0.374021 0)
(2.21368 0.336101 0)
(2.28551 0.284425 0)
(2.36181 0.218181 0)
(2.44129 0.138145 0)
(2.51835 0.0497532 0)
(2.585 -0.0376672 0)
(2.63578 -0.115728 0)
(2.66865 -0.179975 0)
(2.68095 -0.228046 0)
(2.67966 -0.261645 0)
(2.65291 -0.279425 0)
(2.59974 -0.276867 0)
(2.52653 -0.25902 0)
(2.43758 -0.232497 0)
(2.34096 -0.204889 0)
(2.24509 -0.183161 0)
(2.15474 -0.170626 0)
(2.07347 -0.167254 0)
(2.00342 -0.170375 0)
(1.94489 -0.175761 0)
(1.89695 -0.178882 0)
(1.85823 -0.175842 0)
(1.82747 -0.163279 0)
)
;

boundaryField
{
    inlet
    {
        type            fixedValue;
        value           nonuniform List<vector> 0();
    }
    outlet
    {
        type            zeroGradient;
    }
    topWall
    {
        type            noSlip;
    }
    lowerWall
    {
        type            noSlip;
    }
    leadingEdge
    {
        type            noSlip;
    }
    trailingEdge
    {
        type            noSlip;
    }
    upperSurface
    {
        type            noSlip;
    }
    lowerSurface
    {
        type            noSlip;
    }
    frontAndBack
    {
        type            empty;
    }
    procBoundary5to1
    {
        type            processor;
        value           nonuniform List<vector> 
94
(
(-0.0605048 0.262824 0)
(-0.19101 0.296302 0)
(-0.307284 0.34414 0)
(-0.413281 0.488131 0)
(-0.413281 0.488131 0)
(-0.50293 0.468569 0)
(-0.571908 0.379801 0)
(-0.611655 0.205827 0)
(-0.629178 -0.0390734 0)
(-0.606521 -0.327397 0)
(-0.545757 -0.617705 0)
(-0.467002 -0.877256 0)
(-0.380653 -1.08381 0)
(-0.291646 -1.21713 0)
(-0.193419 -1.269 0)
(-0.0781562 -1.22218 0)
(0.0896285 -1.07432 0)
(0.305464 -0.838703 0)
(0.551204 -0.540428 0)
(0.801352 -0.221993 0)
(1.03525 0.0762439 0)
(1.24476 0.335625 0)
(1.42314 0.545186 0)
(1.56778 0.702303 0)
(1.67901 0.810751 0)
(1.75878 0.877263 0)
(1.81248 0.905955 0)
(1.84066 0.907605 0)
(1.83986 0.888992 0)
(1.79963 0.872425 0)
(1.73193 0.869404 0)
(1.6538 0.875398 0)
(1.58015 0.87591 0)
(1.51832 0.853255 0)
(1.48595 0.791857 0)
(1.49142 0.67778 0)
(1.53202 0.516373 0)
(1.60176 0.321932 0)
(1.69154 0.112782 0)
(1.79057 -0.0913796 0)
(1.89061 -0.276261 0)
(1.9848 -0.431255 0)
(2.06767 -0.550867 0)
(2.13442 -0.63374 0)
(2.18332 -0.682638 0)
(2.21358 -0.703402 0)
(2.22595 -0.706205 0)
(2.21967 -0.693306 0)
(2.19438 -0.675501 0)
(2.15757 -0.661059 0)
(2.11743 -0.65216 0)
(2.08057 -0.644952 0)
(2.05236 -0.632268 0)
(2.03965 -0.600093 0)
(2.04519 -0.539438 0)
(2.0686 -0.445093 0)
(2.10796 -0.318829 0)
(2.16018 -0.168831 0)
(2.21881 -0.0106224 0)
(2.27689 0.140577 0)
(2.32887 0.273659 0)
(2.37167 0.382941 0)
(2.40326 0.46481 0)
(2.42286 0.51879 0)
(2.43119 0.548162 0)
(2.42704 0.556496 0)
(2.40834 0.549484 0)
(2.37736 0.528992 0)
(2.33961 0.506633 0)
(2.3014 0.486798 0)
(2.26585 0.469474 0)
(2.23503 0.451904 0)
(2.21116 0.428878 0)
(2.19658 0.394877 0)
(2.19145 0.345033 0)
(2.19534 0.277202 0)
(2.20749 0.192232 0)
(2.22679 0.0935093 0)
(2.25112 -0.0124924 0)
(2.27715 -0.116856 0)
(2.30229 -0.213058 0)
(2.32475 -0.296329 0)
(2.34315 -0.363274 0)
(2.35689 -0.412372 0)
(2.36561 -0.443442 0)
(2.36952 -0.458224 0)
(2.36806 -0.461296 0)
(2.36088 -0.451216 0)
(2.3507 -0.429886 0)
(2.34136 -0.403016 0)
(2.33414 -0.370735 0)
(2.33036 -0.332953 0)
(2.32985 -0.288738 0)
(2.33386 -0.237109 0)
)
;
    }
    procBoundary5to4
    {
        type            processor;
        value           nonuniform List<vector> 
11
(
(0.205769 -0.011425 0)
(1.2241 -0.0556124 0)
(1.2241 -0.0556124 0)
(2.21977 -0.0820246 0)
(2.71298 -0.0877661 0)
(2.86769 -0.0813277 0)
(2.90528 -0.0782495 0)
(2.90248 -0.069688 0)
(2.8709 -0.0650186 0)
(2.68307 -0.0522983 0)
(1.78372 -0.0282321 0)
)
;
    }
    procBoundary5to6
    {
        type            processor;
        value           nonuniform List<vector> 
15
(
(1.68854 -0.118758 0)
(1.59119 -0.096329 0)
(1.52665 -0.069304 0)
(1.48795 -0.0457939 0)
(1.34996 -0.029557 0)
(1.02085 -0.0190866 0)
(0.622415 -0.0187143 0)
(0.260133 -0.0148547 0)
(0.0120679 -0.0108325 0)
(-0.073657 -0.00459053 0)
(2.26842 -0.182991 0)
(2.17142 -0.180644 0)
(2.05574 -0.171336 0)
(1.93002 -0.157181 0)
(1.80489 -0.139429 0)
)
;
    }
}


// ************************************************************************* //
