/*--------------------------------*- C++ -*----------------------------------*\
| =========                 |                                                 |
| \\      /  F ield         | OpenFOAM: The Open Source CFD Toolbox           |
|  \\    /   O peration     | Version:  2206                                  |
|   \\  /    A nd           | Website:  www.openfoam.com                      |
|    \\/     M anipulation  |                                                 |
\*---------------------------------------------------------------------------*/
FoamFile
{
    version     2.0;
    format      ascii;
    arch        "LSB;label=32;scalar=64";
    class       volVectorField;
    location    "18.3999";
    object      U;
}
// * * * * * * * * * * * * * * * * * * * * * * * * * * * * * * * * * * * * * //

dimensions      [0 1 -1 0 0 0 0];

internalField   nonuniform List<vector> 
3062
(
(1.72458 -0.174875 0)
(1.73263 -0.187533 0)
(1.7409 -0.196396 0)
(1.74939 -0.201418 0)
(1.75825 -0.202243 0)
(1.76719 -0.198513 0)
(1.77614 -0.190218 0)
(1.78492 -0.1775 0)
(1.79338 -0.160631 0)
(1.80144 -0.139976 0)
(1.80901 -0.115972 0)
(1.81605 -0.0891436 0)
(1.82246 -0.0601339 0)
(1.82813 -0.029777 0)
(1.83281 0.000731243 0)
(1.83635 0.0304248 0)
(1.83861 0.058534 0)
(1.83952 0.0843794 0)
(1.83902 0.107398 0)
(1.8371 0.127171 0)
(1.83382 0.143442 0)
(1.82927 0.156094 0)
(1.82359 0.165128 0)
(1.81671 0.170537 0)
(1.80861 0.17219 0)
(1.79958 0.17023 0)
(1.78983 0.164939 0)
(1.77974 0.156548 0)
(1.7697 0.145321 0)
(1.76006 0.131522 0)
(1.75111 0.115388 0)
(1.74312 0.0971486 0)
(1.73627 0.0770519 0)
(1.73074 0.0553945 0)
(1.72664 0.0325495 0)
(1.72405 0.00902142 0)
(1.723 -0.0145086 0)
(1.72341 -0.0374756 0)
(1.72518 -0.0593591 0)
(1.72818 -0.079672 0)
(1.73223 -0.0979852 0)
(1.73714 -0.113951 0)
(1.74271 -0.127319 0)
(1.74874 -0.137938 0)
(1.75504 -0.145748 0)
(1.76152 -0.150727 0)
(1.76829 -0.152719 0)
(1.77524 -0.151418 0)
(1.78225 -0.146747 0)
(1.78921 -0.138757 0)
(1.79598 -0.127605 0)
(1.80247 -0.113534 0)
(1.80859 -0.0968455 0)
(1.8143 -0.077901 0)
(1.81952 -0.0571367 0)
(1.82417 -0.0350884 0)
(1.82811 -0.0124756 0)
(1.83119 0.00986873 0)
(1.83331 0.031364 0)
(1.8344 0.0514949 0)
(1.8344 0.0698497 0)
(1.83332 0.0860801 0)
(1.83123 0.0999069 0)
(1.82818 0.111183 0)
(1.82428 0.119851 0)
(1.81962 0.125889 0)
(1.81407 0.129236 0)
(1.80773 0.129779 0)
(1.80075 0.127634 0)
(1.79333 0.122943 0)
(1.78575 0.115855 0)
(1.77827 0.106567 0)
(1.77114 0.0952903 0)
(1.76457 0.0822318 0)
(1.75874 0.0676101 0)
(1.75379 0.0516648 0)
(1.74983 0.034673 0)
(1.74695 0.0169807 0)
(1.74521 -0.000927172 0)
(1.74458 -0.0185881 0)
(1.74502 -0.035616 0)
(1.74644 -0.0516435 0)
(1.74874 -0.0663348 0)
(1.7518 -0.0794004 0)
(1.75546 -0.0906131 0)
(1.75958 -0.0998219 0)
(1.76401 -0.106951 0)
(1.76864 -0.111982 0)
(1.77346 -0.114877 0)
(1.77854 -0.115448 0)
(1.78372 -0.113526 0)
(1.78897 -0.109106 0)
(1.79417 -0.102251 0)
(1.7992 -0.0931099 0)
(1.804 -0.0818833 0)
(1.8085 -0.0688183 0)
(1.81264 -0.0542118 0)
(1.81636 -0.0384177 0)
(1.81956 -0.0218718 0)
(1.82212 -0.00516965 0)
(1.82398 0.0111849 0)
(1.82503 0.0267836 0)
(1.82532 0.0412676 0)
(1.82509 0.0544062 0)
(1.82396 0.0659848 0)
(1.82215 0.0757741 0)
(1.81974 0.0836692 0)
(1.81677 0.0896298 0)
(1.81329 0.093645 0)
(1.80919 0.0956526 0)
(1.80458 0.0955557 0)
(1.79956 0.0934277 0)
(1.79429 0.0893487 0)
(1.78895 0.0834299 0)
(1.78373 0.0758336 0)
(1.77881 0.0667143 0)
(1.7743 0.0563122 0)
(1.77035 0.044631 0)
(1.767 0.032369 0)
(1.76439 0.0181033 0)
(1.76247 0.00679516 0)
(1.76155 -0.0138268 0)
(1.73956 -0.182164 0)
(1.74642 -0.195069 0)
(1.75326 -0.204033 0)
(1.76002 -0.20917 0)
(1.76702 -0.210195 0)
(1.77401 -0.206521 0)
(1.78092 -0.198082 0)
(1.78758 -0.185084 0)
(1.7939 -0.167854 0)
(1.79984 -0.146782 0)
(1.80539 -0.122322 0)
(1.81055 -0.0949941 0)
(1.81528 -0.0654126 0)
(1.81953 -0.0343598 0)
(1.82315 -0.00294975 0)
(1.82597 0.027761 0)
(1.82791 0.0569926 0)
(1.82887 0.0840372 0)
(1.82877 0.108295 0)
(1.82759 0.129303 0)
(1.82534 0.146754 0)
(1.82208 0.160495 0)
(1.81795 0.170511 0)
(1.81302 0.176901 0)
(1.80705 0.179627 0)
(1.8002 0.178513 0)
(1.79262 0.173774 0)
(1.78458 0.165588 0)
(1.77648 0.154219 0)
(1.76865 0.139967 0)
(1.76135 0.12311 0)
(1.75482 0.10392 0)
(1.74926 0.0826914 0)
(1.74481 0.0597615 0)
(1.7416 0.0355449 0)
(1.7397 0.0105902 0)
(1.73912 -0.0143445 0)
(1.7398 -0.0386341 0)
(1.74165 -0.0617205 0)
(1.74452 -0.0830839 0)
(1.74826 -0.102268 0)
(1.75268 -0.118906 0)
(1.75758 -0.132745 0)
(1.76276 -0.143647 0)
(1.76804 -0.151603 0)
(1.77327 -0.156687 0)
(1.77863 -0.158848 0)
(1.78412 -0.157675 0)
(1.78957 -0.152978 0)
(1.79493 -0.144828 0)
(1.80005 -0.133426 0)
(1.80487 -0.119041 0)
(1.80939 -0.101991 0)
(1.81355 -0.0826445 0)
(1.81736 -0.0614247 0)
(1.82078 -0.0388422 0)
(1.82372 -0.0155686 0)
(1.82606 0.0075482 0)
(1.82773 0.0298924 0)
(1.82865 0.0509388 0)
(1.82877 0.0702314 0)
(1.82809 0.0873871 0)
(1.82662 0.102105 0)
(1.82439 0.114194 0)
(1.82149 0.123573 0)
(1.81804 0.130262 0)
(1.81405 0.134313 0)
(1.80934 0.135597 0)
(1.80406 0.133995 0)
(1.79828 0.12963 0)
(1.79225 0.122617 0)
(1.78624 0.113164 0)
(1.78047 0.101506 0)
(1.77513 0.0878766 0)
(1.77038 0.0725258 0)
(1.76636 0.0557241 0)
(1.76317 0.0377783 0)
(1.76089 0.0190648 0)
(1.75958 0.000102673 0)
(1.75924 -0.0185749 0)
(1.75979 -0.0365535 0)
(1.76118 -0.0534428 0)
(1.76331 -0.0688847 0)
(1.76604 -0.0825674 0)
(1.76926 -0.0942498 0)
(1.7728 -0.103783 0)
(1.77654 -0.111113 0)
(1.78034 -0.116265 0)
(1.78414 -0.119285 0)
(1.78813 -0.120025 0)
(1.79219 -0.118191 0)
(1.79625 -0.113742 0)
(1.80023 -0.10676 0)
(1.80402 -0.0974181 0)
(1.80758 -0.0859342 0)
(1.81088 -0.072568 0)
(1.81389 -0.0576199 0)
(1.81658 -0.04143 0)
(1.81893 -0.0244129 0)
(1.82084 -0.00712686 0)
(1.82227 0.00985979 0)
(1.82317 0.0261149 0)
(1.8235 0.0412635 0)
(1.82323 0.055058 0)
(1.82239 0.06725 0)
(1.82105 0.0776012 0)
(1.81923 0.0859993 0)
(1.81702 0.0924117 0)
(1.81452 0.0968521 0)
(1.81168 0.0993444 0)
(1.80834 0.0997365 0)
(1.80461 0.0979493 0)
(1.80057 0.0940469 0)
(1.79641 0.0881348 0)
(1.7923 0.0803827 0)
(1.78838 0.0709691 0)
(1.78478 0.0601406 0)
(1.78162 0.0479421 0)
(1.77893 0.0350965 0)
(1.77684 0.0200933 0)
(1.7753 0.00819054 0)
(1.77467 -0.0134427 0)
(1.75439 -0.188352 0)
(1.75998 -0.201262 0)
(1.76532 -0.210068 0)
(1.77027 -0.215075 0)
(1.7753 -0.216168 0)
(1.7803 -0.212486 0)
(1.78507 -0.203818 0)
(1.78949 -0.190483 0)
(1.79352 -0.172895 0)
(1.79724 -0.151473 0)
(1.80068 -0.126676 0)
(1.80389 -0.0990227 0)
(1.80688 -0.069101 0)
(1.80965 -0.0376448 0)
(1.81211 -0.00568656 0)
(1.81414 0.025669 0)
(1.81565 0.0556461 0)
(1.81656 0.0835228 0)
(1.81678 0.108675 0)
(1.81626 0.130599 0)
(1.81496 0.148941 0)
(1.81293 0.163511 0)
(1.81022 0.174279 0)
(1.80701 0.181353 0)
(1.80321 0.184915 0)
(1.79856 0.184703 0)
(1.79321 0.180619 0)
(1.78732 0.172701 0)
(1.78128 0.161261 0)
(1.77541 0.146665 0)
(1.76992 0.129227 0)
(1.76503 0.109253 0)
(1.76092 0.0870746 0)
(1.75773 0.0630664 0)
(1.75557 0.0376822 0)
(1.75449 0.0115158 0)
(1.7545 -0.0146033 0)
(1.75553 -0.039996 0)
(1.75748 -0.06407 0)
(1.76023 -0.0862772 0)
(1.76363 -0.106137 0)
(1.76751 -0.123265 0)
(1.77168 -0.137392 0)
(1.77596 -0.148398 0)
(1.78017 -0.156307 0)
(1.78412 -0.161292 0)
(1.78799 -0.163473 0)
(1.79197 -0.162379 0)
(1.79583 -0.157598 0)
(1.7995 -0.149231 0)
(1.80288 -0.137557 0)
(1.80596 -0.122883 0)
(1.80878 -0.105532 0)
(1.81137 -0.0858815 0)
(1.81372 -0.0643542 0)
(1.81585 -0.0414372 0)
(1.81772 -0.0177496 0)
(1.81925 0.00586993 0)
(1.82038 0.0287807 0)
(1.82105 0.0504515 0)
(1.82122 0.0704033 0)
(1.82086 0.0882275 0)
(1.81994 0.103604 0)
(1.81849 0.116314 0)
(1.81655 0.126238 0)
(1.81421 0.133367 0)
(1.81162 0.137827 0)
(1.80856 0.139725 0)
(1.80496 0.138745 0)
(1.80087 0.134789 0)
(1.79646 0.127907 0)
(1.79202 0.118357 0)
(1.78771 0.106414 0)
(1.78372 0.0923344 0)
(1.78018 0.0763938 0)
(1.77721 0.0588875 0)
(1.77492 0.0401479 0)
(1.77337 0.0205799 0)
(1.7726 0.0007356 0)
(1.7726 -0.0187886 0)
(1.77333 -0.0375548 0)
(1.77471 -0.0551481 0)
(1.77665 -0.0711889 0)
(1.77906 -0.0853477 0)
(1.7818 -0.097368 0)
(1.78474 -0.107096 0)
(1.78775 -0.114491 0)
(1.7907 -0.119619 0)
(1.79348 -0.122618 0)
(1.79634 -0.123446 0)
(1.79925 -0.12168 0)
(1.80211 -0.11716 0)
(1.80482 -0.110014 0)
(1.80731 -0.100467 0)
(1.80957 -0.0887554 0)
(1.81164 -0.0751378 0)
(1.81349 -0.0599216 0)
(1.81514 -0.0434553 0)
(1.81657 -0.0261368 0)
(1.81774 -0.008492 0)
(1.81863 0.00888399 0)
(1.8192 0.0255774 0)
(1.81941 0.0412208 0)
(1.81925 0.0555053 0)
(1.81872 0.0681541 0)
(1.81784 0.0789265 0)
(1.81663 0.0876746 0)
(1.81515 0.0943502 0)
(1.81348 0.0990048 0)
(1.81171 0.101759 0)
(1.80963 0.102614 0)
(1.80718 0.101242 0)
(1.80441 0.0975675 0)
(1.80147 0.0917048 0)
(1.79853 0.0838577 0)
(1.79571 0.0742376 0)
(1.79311 0.0630786 0)
(1.79083 0.0504873 0)
(1.78891 0.0371926 0)
(1.78746 0.0215864 0)
(1.7864 0.00919893 0)
(1.78616 -0.0132389 0)
(1.76869 -0.193331 0)
(1.77293 -0.206045 0)
(1.77676 -0.214489 0)
(1.77991 -0.219151 0)
(1.78286 -0.220216 0)
(1.78578 -0.216327 0)
(1.78834 -0.207238 0)
(1.79038 -0.193512 0)
(1.79207 -0.175611 0)
(1.79352 -0.153946 0)
(1.79481 -0.128969 0)
(1.79602 -0.101182 0)
(1.79724 -0.0711555 0)
(1.79848 -0.0395808 0)
(1.79974 -0.00741333 0)
(1.80092 0.0242254 0)
(1.80196 0.0545732 0)
(1.80277 0.0829122 0)
(1.80325 0.108605 0)
(1.80332 0.131123 0)
(1.80293 0.150077 0)
(1.80206 0.165232 0)
(1.80076 0.176502 0)
(1.79914 0.183966 0)
(1.79742 0.187919 0)
(1.79501 0.188518 0)
(1.79182 0.185036 0)
(1.78799 0.177467 0)
(1.78406 0.166106 0)
(1.78026 0.15133 0)
(1.77671 0.133486 0)
(1.77362 0.112919 0)
(1.77112 0.0899939 0)
(1.76935 0.065122 0)
(1.76838 0.038798 0)
(1.76825 0.011667 0)
(1.76895 -0.0153746 0)
(1.77038 -0.0416083 0)
(1.77246 -0.0664142 0)
(1.77506 -0.0892247 0)
(1.77806 -0.109539 0)
(1.78132 -0.126955 0)
(1.78468 -0.141204 0)
(1.788 -0.152151 0)
(1.7911 -0.159854 0)
(1.79378 -0.16458 0)
(1.79609 -0.16666 0)
(1.79849 -0.165537 0)
(1.80075 -0.160528 0)
(1.80265 -0.151842 0)
(1.80421 -0.139871 0)
(1.80554 -0.124954 0)
(1.80666 -0.107403 0)
(1.80763 -0.0875795 0)
(1.80849 -0.0658978 0)
(1.8093 -0.0428297 0)
(1.81005 -0.0189599 0)
(1.81072 0.00489525 0)
(1.81128 0.0280899 0)
(1.81166 0.0500945 0)
(1.81183 0.0704258 0)
(1.81173 0.0886669 0)
(1.81133 0.104469 0)
(1.81062 0.117577 0)
(1.80962 0.127858 0)
(1.80837 0.135291 0)
(1.80702 0.139973 0)
(1.80557 0.142157 0)
(1.80363 0.1417 0)
(1.80113 0.138115 0)
(1.79829 0.131435 0)
(1.79545 0.1219 0)
(1.79271 0.109796 0)
(1.79017 0.0954074 0)
(1.78796 0.079031 0)
(1.78617 0.0609855 0)
(1.78489 0.0416289 0)
(1.78417 0.0213945 0)
(1.78404 0.000867502 0)
(1.78447 -0.019301 0)
(1.78541 -0.0386533 0)
(1.78679 -0.0567638 0)
(1.78854 -0.0732337 0)
(1.79057 -0.087714 0)
(1.79278 -0.0999326 0)
(1.79507 -0.109735 0)
(1.79733 -0.117087 0)
(1.79943 -0.12208 0)
(1.80121 -0.124931 0)
(1.80287 -0.125781 0)
(1.80461 -0.123992 0)
(1.80625 -0.119313 0)
(1.80765 -0.111942 0)
(1.80882 -0.102171 0)
(1.80981 -0.0902658 0)
(1.81064 -0.0764829 0)
(1.81132 -0.0611136 0)
(1.81189 -0.0444948 0)
(1.81237 -0.0270148 0)
(1.81277 -0.00918417 0)
(1.81307 0.00839303 0)
(1.81326 0.0253149 0)
(1.81332 0.0412127 0)
(1.81323 0.0557601 0)
(1.81297 0.0686671 0)
(1.81254 0.079696 0)
(1.81194 0.0886886 0)
(1.81119 0.0955742 0)
(1.81034 0.100365 0)
(1.80952 0.103181 0)
(1.80861 0.104216 0)
(1.80735 0.10318 0)
(1.80574 0.0997418 0)
(1.80402 0.0939971 0)
(1.8023 0.0861411 0)
(1.80065 0.0764065 0)
(1.79912 0.0650169 0)
(1.79783 0.0521356 0)
(1.79676 0.038508 0)
(1.79607 0.022457 0)
(1.79556 0.00971374 0)
(1.79582 -0.0132988 0)
(1.78214 -0.19693 0)
(1.78481 -0.209283 0)
(1.78705 -0.217134 0)
(1.78866 -0.221013 0)
(1.78969 -0.221788 0)
(1.79037 -0.218184 0)
(1.79046 -0.208402 0)
(1.79013 -0.194219 0)
(1.78936 -0.176009 0)
(1.78843 -0.154179 0)
(1.78752 -0.129165 0)
(1.78675 -0.10144 0)
(1.7862 -0.071544 0)
(1.78596 -0.0401321 0)
(1.78603 -0.00810508 0)
(1.78639 0.0234562 0)
(1.78695 0.0538098 0)
(1.78764 0.0822484 0)
(1.78836 0.108134 0)
(1.78901 0.130924 0)
(1.78953 0.150198 0)
(1.78987 0.165672 0)
(1.79003 0.177222 0)
(1.79 0.184907 0)
(1.78988 0.18898 0)
(1.78947 0.190006 0)
(1.7884 0.187941 0)
(1.78675 0.180382 0)
(1.78502 0.168975 0)
(1.78335 0.154031 0)
(1.78184 0.135876 0)
(1.78064 0.114858 0)
(1.77986 0.0913598 0)
(1.77961 0.0658257 0)
(1.77994 0.0387904 0)
(1.78086 0.0109568 0)
(1.78231 -0.016719 0)
(1.7842 -0.0434965 0)
(1.78641 -0.0687383 0)
(1.78884 -0.0918723 0)
(1.79137 -0.112391 0)
(1.79388 -0.129881 0)
(1.79627 -0.144053 0)
(1.79846 -0.154783 0)
(1.80038 -0.162122 0)
(1.80185 -0.166334 0)
(1.80286 -0.167913 0)
(1.80365 -0.167142 0)
(1.80407 -0.161756 0)
(1.80414 -0.152705 0)
(1.80395 -0.140456 0)
(1.8034 -0.125308 0)
(1.80273 -0.107602 0)
(1.80204 -0.0877039 0)
(1.8014 -0.0660137 0)
(1.80089 -0.0429848 0)
(1.80056 -0.01917 0)
(1.8004 0.00465027 0)
(1.8004 0.0278474 0)
(1.8005 0.0499063 0)
(1.80067 0.0703432 0)
(1.80083 0.0887316 0)
(1.80096 0.104709 0)
(1.80101 0.118028 0)
(1.80097 0.128492 0)
(1.80084 0.136022 0)
(1.80067 0.140733 0)
(1.80049 0.142926 0)
(1.80003 0.143178 0)
(1.79911 0.14026 0)
(1.79791 0.133522 0)
(1.79672 0.123941 0)
(1.79559 0.111707 0)
(1.79457 0.0970965 0)
(1.79375 0.080407 0)
(1.79322 0.0619677 0)
(1.79304 0.0421575 0)
(1.79323 0.0214413 0)
(1.79381 0.000448287 0)
(1.79471 -0.0201479 0)
(1.7959 -0.0398709 0)
(1.79729 -0.0582782 0)
(1.79881 -0.074966 0)
(1.8004 -0.0895857 0)
(1.80199 -0.101866 0)
(1.80351 -0.111635 0)
(1.80492 -0.118837 0)
(1.80612 -0.123557 0)
(1.80702 -0.126031 0)
(1.80762 -0.126635 0)
(1.80815 -0.12516 0)
(1.80845 -0.12018 0)
(1.80851 -0.112598 0)
(1.8084 -0.102641 0)
(1.80804 -0.0905588 0)
(1.80755 -0.0766341 0)
(1.80703 -0.0611709 0)
(1.80651 -0.0445027 0)
(1.80606 -0.0270102 0)
(1.8057 -0.00918731 0)
(1.80544 0.00839498 0)
(1.80529 0.025328 0)
(1.80521 0.0412592 0)
(1.80519 0.0558632 0)
(1.80521 0.068845 0)
(1.80525 0.0799578 0)
(1.80528 0.0890227 0)
(1.80531 0.0959461 0)
(1.80532 0.100737 0)
(1.80532 0.103524 0)
(1.80529 0.104577 0)
(1.80506 0.104256 0)
(1.80461 0.100891 0)
(1.80418 0.0951044 0)
(1.80368 0.0872148 0)
(1.80327 0.0774089 0)
(1.80291 0.0658984 0)
(1.80264 0.0528497 0)
(1.80249 0.0390055 0)
(1.80262 0.0226696 0)
(1.80271 0.00969493 0)
(1.80354 -0.0136549 0)
(1.79981 0.10438 0)
(1.80055 0.103927 0)
(1.80136 0.100679 0)
(1.80213 0.0949532 0)
(1.80282 0.0870572 0)
(1.80353 0.0772118 0)
(1.80429 0.0656393 0)
(1.80511 0.052512 0)
(1.80595 0.0385662 0)
(1.80697 0.0221123 0)
(1.80773 0.00903824 0)
(1.80922 -0.0143731 0)
(0.100648 -0.000537447 0)
(0.102027 -0.000534625 0)
(0.103392 -0.000519837 0)
(0.104717 -0.0004944 0)
(0.105981 -0.000460904 0)
(0.10717 -0.000422308 0)
(0.108274 -0.000381279 0)
(0.109291 -0.000340046 0)
(0.11022 -0.000300338 0)
(0.111068 -0.000263531 0)
(0.111839 -0.000230659 0)
(0.112545 -0.000202417 0)
(0.113193 -0.000179077 0)
(0.113796 -0.000160506 0)
(0.114361 -0.000146155 0)
(0.114898 -0.000135159 0)
(0.115411 -0.000126447 0)
(0.115905 -0.00011886 0)
(0.116381 -0.000111277 0)
(0.116837 -0.000102856 0)
(0.11727 -9.31408e-05 0)
(0.117676 -8.18447e-05 0)
(0.118052 -6.88191e-05 0)
(0.118394 -5.47822e-05 0)
(0.118699 -4.07608e-05 0)
(0.118968 -2.79154e-05 0)
(0.119205 -1.74533e-05 0)
(0.119416 -1.04848e-05 0)
(0.119609 -8.09804e-06 0)
(0.119795 -1.11958e-05 0)
(0.119984 -2.02709e-05 0)
(0.120191 -3.50832e-05 0)
(0.120427 -5.4791e-05 0)
(0.120702 -7.81342e-05 0)
(0.121024 -0.000103531 0)
(0.121397 -0.000129193 0)
(0.12182 -0.000153182 0)
(0.12229 -0.000173765 0)
(0.122798 -0.000189522 0)
(0.123333 -0.000199674 0)
(0.123883 -0.000204048 0)
(0.124437 -0.000202742 0)
(0.124983 -0.000195922 0)
(0.12551 -0.000183867 0)
(0.126008 -0.000166867 0)
(0.126466 -0.000145287 0)
(0.126877 -0.000119671 0)
(0.127231 -9.082e-05 0)
(0.127525 -5.98623e-05 0)
(0.127755 -2.81763e-05 0)
(0.127921 3.08412e-06 0)
(0.128026 3.28184e-05 0)
(0.128075 6.03941e-05 0)
(0.128075 8.68376e-05 0)
(0.128035 0.000107354 0)
(0.127961 0.000122957 0)
(0.127863 0.000134306 0)
(0.127748 0.000142051 0)
(0.127623 0.000147064 0)
(0.127494 0.000149879 0)
(0.127366 0.000150995 0)
(0.127242 0.000150834 0)
(0.127124 0.00014975 0)
(0.127015 0.000147827 0)
(0.126917 0.000145028 0)
(0.12683 0.000141172 0)
(0.126758 0.000135933 0)
(0.126703 0.000128997 0)
(0.12667 0.000119471 0)
(0.126662 0.00010462 0)
(0.126682 8.49312e-05 0)
(0.126736 6.30843e-05 0)
(0.126831 3.8571e-05 0)
(0.126972 1.15418e-05 0)
(0.127167 -1.7682e-05 0)
(0.127419 -4.87267e-05 0)
(0.127733 -8.10254e-05 0)
(0.128111 -0.00011364 0)
(0.128554 -0.000145733 0)
(0.129061 -0.000176465 0)
(0.129627 -0.000205036 0)
(0.130248 -0.000230724 0)
(0.130918 -0.000252867 0)
(0.131629 -0.000270882 0)
(0.132371 -0.000284283 0)
(0.133133 -0.000292745 0)
(0.133906 -0.000296045 0)
(0.134678 -0.000294223 0)
(0.135437 -0.000287627 0)
(0.136174 -0.00027679 0)
(0.136881 -0.000262353 0)
(0.137549 -0.000245051 0)
(0.138174 -0.000225661 0)
(0.138751 -0.000204988 0)
(0.139279 -0.000183752 0)
(0.139757 -0.00016254 0)
(0.140185 -0.000141763 0)
(0.140564 -0.000121704 0)
(0.140897 -0.000102528 0)
(0.141186 -8.43217e-05 0)
(0.141432 -6.70774e-05 0)
(0.141638 -5.07616e-05 0)
(0.141806 -3.53414e-05 0)
(0.141939 -2.10759e-05 0)
(0.142038 -7.79865e-06 0)
(0.142105 4.66102e-06 0)
(0.142141 1.63158e-05 0)
(0.142151 2.72811e-05 0)
(0.142136 3.6986e-05 0)
(0.1421 4.41565e-05 0)
(0.142048 4.92946e-05 0)
(0.141984 5.19814e-05 0)
(0.141914 5.17175e-05 0)
(0.141845 4.8679e-05 0)
(0.141784 4.28104e-05 0)
(0.141738 3.40444e-05 0)
(0.141713 2.20245e-05 0)
(0.141715 5.66013e-06 0)
(0.141746 -1.03216e-05 0)
(0.141814 -2.83159e-05 0)
(0.141909 -3.58011e-05 0)
(0.142097 -5.42932e-05 0)
(0.326407 -0.00227005 0)
(0.32836 -0.00225953 0)
(0.330289 -0.00221031 0)
(0.33217 -0.00212631 0)
(0.333978 -0.00201618 0)
(0.335698 -0.0018898 0)
(0.337323 -0.00175574 0)
(0.33885 -0.00162113 0)
(0.34028 -0.00149149 0)
(0.34162 -0.00137109 0)
(0.342876 -0.00126315 0)
(0.344059 -0.00116978 0)
(0.345179 -0.00109175 0)
(0.346247 -0.00102856 0)
(0.347273 -0.000978527 0)
(0.348265 -0.000938793 0)
(0.34923 -0.000905791 0)
(0.35017 -0.000875801 0)
(0.351086 -0.000845198 0)
(0.351975 -0.000811272 0)
(0.352834 -0.000772508 0)
(0.353658 -0.00072752 0)
(0.354442 -0.000674804 0)
(0.355181 -0.000617562 0)
(0.355873 -0.00055991 0)
(0.356517 -0.000505656 0)
(0.357119 -0.000458811 0)
(0.357683 -0.000422982 0)
(0.358219 -0.000401701 0)
(0.358738 -0.000397636 0)
(0.359252 -0.000412328 0)
(0.359776 -0.000445409 0)
(0.360323 -0.000494795 0)
(0.360903 -0.000556995 0)
(0.361525 -0.000627163 0)
(0.362192 -0.000699562 0)
(0.362905 -0.000767698 0)
(0.363658 -0.000825707 0)
(0.364442 -0.000868751 0)
(0.365246 -0.000894311 0)
(0.366058 -0.000902166 0)
(0.366864 -0.000893107 0)
(0.367655 -0.000868038 0)
(0.36842 -0.000827731 0)
(0.36915 -0.000772993 0)
(0.369837 -0.000705097 0)
(0.370471 -0.000625879 0)
(0.371048 -0.000537647 0)
(0.371562 -0.000443866 0)
(0.372012 -0.000349322 0)
(0.372401 -0.00025844 0)
(0.372733 -0.00017434 0)
(0.373016 -9.87905e-05 0)
(0.373255 -3.27059e-05 0)
(0.373461 1.99004e-05 0)
(0.373644 5.85177e-05 0)
(0.373816 8.43813e-05 0)
(0.373985 9.89484e-05 0)
(0.374158 0.000104001 0)
(0.374341 0.000101337 0)
(0.374539 9.28124e-05 0)
(0.374755 8.00194e-05 0)
(0.374991 6.41742e-05 0)
(0.375249 4.60956e-05 0)
(0.375528 2.60224e-05 0)
(0.375831 3.62182e-06 0)
(0.376157 -2.19139e-05 0)
(0.376511 -5.16474e-05 0)
(0.376892 -8.68014e-05 0)
(0.377305 -0.000130504 0)
(0.377756 -0.000184304 0)
(0.378249 -0.000246749 0)
(0.378789 -0.000317541 0)
(0.379381 -0.000396388 0)
(0.380029 -0.000482446 0)
(0.380739 -0.000574213 0)
(0.381511 -0.000669611 0)
(0.382349 -0.000766122 0)
(0.38325 -0.00086097 0)
(0.384211 -0.000951352 0)
(0.385229 -0.00103463 0)
(0.386296 -0.00110842 0)
(0.387404 -0.00117055 0)
(0.388544 -0.00121907 0)
(0.389705 -0.00125237 0)
(0.390875 -0.00126932 0)
(0.392041 -0.00126923 0)
(0.393191 -0.00125226 0)
(0.394314 -0.00121954 0)
(0.395398 -0.00117285 0)
(0.396434 -0.0011144 0)
(0.397414 -0.00104664 0)
(0.398334 -0.000972207 0)
(0.399188 -0.000893757 0)
(0.399977 -0.000813664 0)
(0.400699 -0.000733843 0)
(0.401356 -0.000655684 0)
(0.401949 -0.00058017 0)
(0.402482 -0.000507912 0)
(0.402957 -0.000439276 0)
(0.403378 -0.000374361 0)
(0.403746 -0.000313138 0)
(0.404065 -0.000255464 0)
(0.404338 -0.00020124 0)
(0.404567 -0.000150279 0)
(0.404755 -0.000102559 0)
(0.404904 -5.80925e-05 0)
(0.405018 -1.76207e-05 0)
(0.4051 1.58661e-05 0)
(0.405154 4.43748e-05 0)
(0.405186 6.61561e-05 0)
(0.405202 7.90534e-05 0)
(0.405208 8.32779e-05 0)
(0.405212 7.72328e-05 0)
(0.405221 5.97428e-05 0)
(0.405242 3.27505e-05 0)
(0.405283 -3.53756e-06 0)
(0.405351 -4.96908e-05 0)
(0.405448 -0.00010005 0)
(0.405596 -0.000157565 0)
(0.405726 -0.000213276 0)
(0.406082 -0.000283011 0)
(0.576186 -0.0043374 0)
(0.578053 -0.00432742 0)
(0.579901 -0.00424806 0)
(0.581697 -0.00410503 0)
(0.583415 -0.00391553 0)
(0.585039 -0.00369776 0)
(0.58656 -0.00346653 0)
(0.587978 -0.00323405 0)
(0.589296 -0.00300955 0)
(0.590518 -0.00280012 0)
(0.591653 -0.00261152 0)
(0.592712 -0.0024477 0)
(0.593707 -0.00231031 0)
(0.59465 -0.00219858 0)
(0.595552 -0.00210958 0)
(0.596422 -0.00203848 0)
(0.597268 -0.00197923 0)
(0.598092 -0.00192508 0)
(0.598894 -0.00186857 0)
(0.599672 -0.00180343 0)
(0.600422 -0.00172649 0)
(0.60114 -0.00163866 0)
(0.601817 -0.00154127 0)
(0.602445 -0.00143611 0)
(0.603022 -0.00132836 0)
(0.60355 -0.00122561 0)
(0.604032 -0.00113506 0)
(0.604475 -0.00106159 0)
(0.604889 -0.00101138 0)
(0.605285 -0.000991448 0)
(0.605677 -0.00100543 0)
(0.606082 -0.00105258 0)
(0.606517 -0.00112946 0)
(0.606996 -0.00122984 0)
(0.607529 -0.00134534 0)
(0.608122 -0.0014659 0)
(0.608777 -0.00158045 0)
(0.609488 -0.0016781 0)
(0.610245 -0.00175019 0)
(0.611033 -0.00179218 0)
(0.611839 -0.00180411 0)
(0.612648 -0.00178784 0)
(0.613449 -0.00174518 0)
(0.614232 -0.00167759 0)
(0.614988 -0.00158639 0)
(0.615706 -0.00147307 0)
(0.616378 -0.0013402 0)
(0.616994 -0.00119245 0)
(0.617551 -0.00103624 0)
(0.618045 -0.000878957 0)
(0.618479 -0.000727967 0)
(0.618857 -0.00059 0)
(0.619186 -0.000469487 0)
(0.619473 -0.000369549 0)
(0.61973 -0.000291727 0)
(0.619968 -0.000238606 0)
(0.620196 -0.00020928 0)
(0.620425 -0.000200893 0)
(0.620663 -0.00020911 0)
(0.620915 -0.000230151 0)
(0.621187 -0.000260497 0)
(0.621482 -0.000296723 0)
(0.621798 -0.000336419 0)
(0.622137 -0.000378588 0)
(0.622498 -0.000423644 0)
(0.622882 -0.000472738 0)
(0.623288 -0.000527169 0)
(0.62372 -0.000588205 0)
(0.624178 -0.000657166 0)
(0.624667 -0.000735271 0)
(0.62519 -0.000824369 0)
(0.625753 -0.000927027 0)
(0.626361 -0.00104402 0)
(0.627021 -0.00117489 0)
(0.627739 -0.00131811 0)
(0.628518 -0.00147104 0)
(0.629362 -0.00162998 0)
(0.630274 -0.00179041 0)
(0.631252 -0.00194738 0)
(0.632293 -0.00209592 0)
(0.633392 -0.00223144 0)
(0.634542 -0.00234983 0)
(0.635735 -0.00244742 0)
(0.636961 -0.00252082 0)
(0.638208 -0.00256716 0)
(0.639463 -0.00258444 0)
(0.640713 -0.00257166 0)
(0.641944 -0.00252919 0)
(0.643142 -0.00245896 0)
(0.644297 -0.00236421 0)
(0.645398 -0.00224888 0)
(0.646437 -0.00211733 0)
(0.647408 -0.00197427 0)
(0.648308 -0.00182453 0)
(0.649136 -0.00167247 0)
(0.649891 -0.00152159 0)
(0.650576 -0.0013743 0)
(0.651193 -0.0012322 0)
(0.651746 -0.00109627 0)
(0.652238 -0.000966932 0)
(0.652673 -0.000844288 0)
(0.653053 -0.000728287 0)
(0.653383 -0.000618519 0)
(0.653665 -0.000514452 0)
(0.653901 -0.000416203 0)
(0.654094 -0.000324413 0)
(0.654248 -0.000239716 0)
(0.654363 -0.000162732 0)
(0.654442 -9.46037e-05 0)
(0.654491 -3.6377e-05 0)
(0.654513 8.99955e-06 0)
(0.654515 3.88272e-05 0)
(0.654507 5.17261e-05 0)
(0.654493 4.74068e-05 0)
(0.654482 2.34184e-05 0)
(0.654482 -1.85184e-05 0)
(0.654501 -7.63703e-05 0)
(0.654549 -0.000147562 0)
(0.654622 -0.000229401 0)
(0.654761 -0.000325366 0)
(0.654859 -0.000418306 0)
(0.655218 -0.000553407 0)
(0.842771 -0.00608 0)
(0.84424 -0.00606103 0)
(0.845697 -0.00593896 0)
(0.847097 -0.00571397 0)
(0.848407 -0.0054187 0)
(0.849609 -0.00508467 0)
(0.850696 -0.00473376 0)
(0.85167 -0.00438447 0)
(0.852535 -0.00405029 0)
(0.853296 -0.00374159 0)
(0.853964 -0.00346697 0)
(0.85455 -0.0032319 0)
(0.85507 -0.00303776 0)
(0.855537 -0.0028824 0)
(0.855966 -0.00276188 0)
(0.856368 -0.00266743 0)
(0.856753 -0.00258811 0)
(0.857126 -0.00251407 0)
(0.857489 -0.00243669 0)
(0.857839 -0.00235109 0)
(0.858166 -0.0022581 0)
(0.858462 -0.00215163 0)
(0.858718 -0.00200701 0)
(0.858927 -0.00184923 0)
(0.859087 -0.0016913 0)
(0.859196 -0.00153969 0)
(0.859259 -0.00140461 0)
(0.859282 -0.00129745 0)
(0.859274 -0.00122989 0)
(0.859251 -0.00120425 0)
(0.859226 -0.00122766 0)
(0.859222 -0.00130359 0)
(0.85926 -0.00142694 0)
(0.859358 -0.00158878 0)
(0.85953 -0.00177576 0)
(0.859786 -0.0019733 0)
(0.860128 -0.0021612 0)
(0.860553 -0.00232626 0)
(0.861048 -0.00244986 0)
(0.861591 -0.00252312 0)
(0.862165 -0.00254862 0)
(0.862755 -0.00253112 0)
(0.863348 -0.0024748 0)
(0.863932 -0.00238318 0)
(0.864499 -0.00225839 0)
(0.865034 -0.00210186 0)
(0.865527 -0.00191651 0)
(0.865964 -0.00170892 0)
(0.866339 -0.00148889 0)
(0.866645 -0.00126823 0)
(0.866885 -0.00105856 0)
(0.867062 -0.000868388 0)
(0.867182 -0.00070312 0)
(0.867256 -0.000567464 0)
(0.867295 -0.000464957 0)
(0.867315 -0.000398011 0)
(0.867326 -0.000364833 0)
(0.867334 -0.000359577 0)
(0.867351 -0.000379844 0)
(0.867384 -0.000419919 0)
(0.867437 -0.000472889 0)
(0.867513 -0.000533816 0)
(0.86761 -0.000599223 0)
(0.867726 -0.000667097 0)
(0.86786 -0.000736935 0)
(0.868013 -0.000809647 0)
(0.868184 -0.000887305 0)
(0.868377 -0.000972882 0)
(0.868593 -0.00106937 0)
(0.868836 -0.00117931 0)
(0.869111 -0.00130538 0)
(0.869425 -0.00145008 0)
(0.869785 -0.00161482 0)
(0.870198 -0.00179947 0)
(0.870674 -0.00200218 0)
(0.871218 -0.0022193 0)
(0.871836 -0.00244554 0)
(0.872532 -0.00267425 0)
(0.873305 -0.00289787 0)
(0.874153 -0.00310893 0)
(0.87507 -0.00330083 0)
(0.876049 -0.00346806 0)
(0.87708 -0.00360563 0)
(0.878154 -0.00370864 0)
(0.879257 -0.00377255 0)
(0.880375 -0.00379385 0)
(0.881491 -0.00377086 0)
(0.88259 -0.00370394 0)
(0.883656 -0.00359589 0)
(0.884675 -0.00345165 0)
(0.885637 -0.00327722 0)
(0.886532 -0.0030791 0)
(0.887355 -0.00286445 0)
(0.8881 -0.00264068 0)
(0.888767 -0.00241438 0)
(0.889358 -0.00219056 0)
(0.889874 -0.00197286 0)
(0.890321 -0.00176376 0)
(0.890702 -0.00156509 0)
(0.891023 -0.00137776 0)
(0.891288 -0.00120144 0)
(0.891501 -0.00103539 0)
(0.891667 -0.000879075 0)
(0.891788 -0.000732051 0)
(0.891868 -0.000593541 0)
(0.89191 -0.00046249 0)
(0.891916 -0.000338205 0)
(0.891887 -0.00022236 0)
(0.891826 -0.00011916 0)
(0.891735 -3.16641e-05 0)
(0.89162 3.67611e-05 0)
(0.891488 7.92982e-05 0)
(0.891346 9.86107e-05 0)
(0.891204 9.63254e-05 0)
(0.891071 6.64442e-05 0)
(0.890956 7.06088e-06 0)
(0.890868 -7.55845e-05 0)
(0.890816 -0.00017918 0)
(0.890796 -0.000298096 0)
(0.890847 -0.000437035 0)
(0.890875 -0.000567525 0)
(0.891135 -0.00077072 0)
(1.10159 -0.00717109 0)
(1.10262 -0.00718591 0)
(1.10367 -0.00703937 0)
(1.10466 -0.00675307 0)
(1.10554 -0.00637794 0)
(1.10629 -0.005955 0)
(1.10691 -0.00551339 0)
(1.10739 -0.00507792 0)
(1.10775 -0.00465732 0)
(1.10798 -0.00426039 0)
(1.10811 -0.00389996 0)
(1.10814 -0.00358627 0)
(1.10809 -0.00332438 0)
(1.10799 -0.00311549 0)
(1.10784 -0.00295653 0)
(1.10767 -0.00283874 0)
(1.10748 -0.0027507 0)
(1.1073 -0.00268054 0)
(1.10711 -0.00260617 0)
(1.10691 -0.002507 0)
(1.1067 -0.00237005 0)
(1.10645 -0.0022068 0)
(1.10617 -0.00201948 0)
(1.10585 -0.00181402 0)
(1.10549 -0.0016003 0)
(1.10506 -0.00139587 0)
(1.10459 -0.00122531 0)
(1.10408 -0.00108168 0)
(1.10353 -0.000978589 0)
(1.10299 -0.000937115 0)
(1.10246 -0.00096817 0)
(1.10198 -0.0010741 0)
(1.10157 -0.00124837 0)
(1.10125 -0.00147879 0)
(1.10104 -0.0017496 0)
(1.10096 -0.00203984 0)
(1.10102 -0.00232207 0)
(1.10121 -0.00256652 0)
(1.10151 -0.00275277 0)
(1.10189 -0.00287166 0)
(1.10232 -0.00293271 0)
(1.10277 -0.00294536 0)
(1.10322 -0.00290992 0)
(1.10367 -0.00282597 0)
(1.10409 -0.00269377 0)
(1.10448 -0.00251309 0)
(1.10481 -0.00228687 0)
(1.10507 -0.00202489 0)
(1.10525 -0.00174142 0)
(1.10534 -0.0014516 0)
(1.10533 -0.00117011 0)
(1.10523 -0.000910458 0)
(1.10505 -0.000683873 0)
(1.10481 -0.000498932 0)
(1.10452 -0.000364002 0)
(1.10419 -0.000282198 0)
(1.10384 -0.00023933 0)
(1.10348 -0.000236028 0)
(1.10313 -0.00026631 0)
(1.10278 -0.000321409 0)
(1.10245 -0.000391928 0)
(1.10214 -0.000468006 0)
(1.10184 -0.000544674 0)
(1.10157 -0.000619371 0)
(1.1013 -0.000694565 0)
(1.10105 -0.000775338 0)
(1.10082 -0.000866354 0)
(1.1006 -0.000969663 0)
(1.10039 -0.00108456 0)
(1.1002 -0.00121815 0)
(1.10004 -0.00137687 0)
(1.09991 -0.00156427 0)
(1.09983 -0.00178184 0)
(1.09981 -0.00202961 0)
(1.09985 -0.00230523 0)
(1.09997 -0.00260374 0)
(1.10018 -0.00291727 0)
(1.10049 -0.00323598 0)
(1.10089 -0.0035493 0)
(1.10138 -0.00384679 0)
(1.10197 -0.00411848 0)
(1.10263 -0.00435647 0)
(1.10337 -0.00455347 0)
(1.10417 -0.00470192 0)
(1.10502 -0.00479495 0)
(1.10589 -0.00482721 0)
(1.10678 -0.00479598 0)
(1.10766 -0.00470266 0)
(1.10851 -0.00455251 0)
(1.10931 -0.00435326 0)
(1.11005 -0.0041133 0)
(1.11071 -0.00384131 0)
(1.1113 -0.00354691 0)
(1.1118 -0.003241 0)
(1.11221 -0.00293351 0)
(1.11254 -0.00263227 0)
(1.11279 -0.00234235 0)
(1.11296 -0.00206625 0)
(1.11306 -0.00180484 0)
(1.1131 -0.00155831 0)
(1.11309 -0.00132644 0)
(1.11303 -0.00110925 0)
(1.11292 -0.000906619 0)
(1.11277 -0.000716267 0)
(1.11258 -0.000537148 0)
(1.11236 -0.000370085 0)
(1.1121 -0.000215117 0)
(1.11181 -7.20284e-05 0)
(1.1115 5.8932e-05 0)
(1.11115 0.000171639 0)
(1.11079 0.00025943 0)
(1.11041 0.0003172 0)
(1.11004 0.000340857 0)
(1.10967 0.000327917 0)
(1.10932 0.000277955 0)
(1.109 0.00019236 0)
(1.10873 7.36975e-05 0)
(1.10851 -7.26288e-05 0)
(1.10834 -0.000238467 0)
(1.10826 -0.000437809 0)
(1.10818 -0.000614555 0)
(1.10831 -0.000903184 0)
(1.32291 -0.00822167 0)
(1.3235 -0.00828138 0)
(1.32411 -0.00816899 0)
(1.32463 -0.00774051 0)
(1.32499 -0.00719059 0)
(1.3252 -0.00657881 0)
(1.32525 -0.00592342 0)
(1.32518 -0.0052652 0)
(1.32501 -0.00464064 0)
(1.32474 -0.00407213 0)
(1.32437 -0.00357723 0)
(1.32392 -0.00316401 0)
(1.32342 -0.00283598 0)
(1.32288 -0.00259033 0)
(1.32234 -0.00241475 0)
(1.3218 -0.00228896 0)
(1.32128 -0.00219282 0)
(1.32078 -0.00210879 0)
(1.3203 -0.00202027 0)
(1.31982 -0.00191302 0)
(1.31933 -0.00177621 0)
(1.31881 -0.00160282 0)
(1.31824 -0.00139247 0)
(1.3176 -0.00115357 0)
(1.31687 -0.000898811 0)
(1.31605 -0.000645946 0)
(1.31514 -0.000416587 0)
(1.31416 -0.00023561 0)
(1.31312 -0.000130356 0)
(1.31208 -0.00011763 0)
(1.31107 -0.00020544 0)
(1.31012 -0.00039755 0)
(1.30927 -0.00068858 0)
(1.30855 -0.00106347 0)
(1.30801 -0.00149702 0)
(1.30766 -0.00196414 0)
(1.30752 -0.00243493 0)
(1.30759 -0.00286655 0)
(1.30785 -0.0032039 0)
(1.30825 -0.00341062 0)
(1.30871 -0.00350145 0)
(1.30923 -0.00349153 0)
(1.30979 -0.0034098 0)
(1.31036 -0.00327429 0)
(1.31092 -0.00308763 0)
(1.31143 -0.00283999 0)
(1.31188 -0.00252337 0)
(1.31222 -0.00215244 0)
(1.31244 -0.00174833 0)
(1.31252 -0.00133094 0)
(1.31246 -0.000928439 0)
(1.31227 -0.000566388 0)
(1.31194 -0.00025824 0)
(1.31151 -9.99233e-06 0)
(1.31099 0.000175354 0)
(1.31039 0.000298087 0)
(1.30975 0.000360533 0)
(1.30908 0.000370062 0)
(1.30839 0.000337059 0)
(1.3077 0.000272504 0)
(1.30701 0.000186857 0)
(1.30632 8.96226e-05 0)
(1.30563 -1.16934e-05 0)
(1.30494 -0.000113232 0)
(1.30425 -0.000214985 0)
(1.30355 -0.000319453 0)
(1.30285 -0.00043022 0)
(1.30216 -0.000550838 0)
(1.30147 -0.000686486 0)
(1.30081 -0.000844491 0)
(1.30017 -0.00103287 0)
(1.29958 -0.00125813 0)
(1.29904 -0.0015244 0)
(1.29856 -0.00183305 0)
(1.29817 -0.00218211 0)
(1.29787 -0.0025657 0)
(1.29769 -0.00297311 0)
(1.29762 -0.00339172 0)
(1.29768 -0.00380571 0)
(1.29787 -0.00419773 0)
(1.29817 -0.00455434 0)
(1.29857 -0.00486874 0)
(1.29908 -0.00513516 0)
(1.29966 -0.00534463 0)
(1.30032 -0.00548743 0)
(1.30102 -0.00555401 0)
(1.30175 -0.00553551 0)
(1.30248 -0.00543006 0)
(1.30317 -0.00524546 0)
(1.3038 -0.00499299 0)
(1.30437 -0.00468468 0)
(1.30485 -0.00433353 0)
(1.30524 -0.00395418 0)
(1.30553 -0.00356134 0)
(1.30572 -0.00316635 0)
(1.3058 -0.00277786 0)
(1.3058 -0.00240264 0)
(1.3057 -0.00204747 0)
(1.30554 -0.00171753 0)
(1.3053 -0.00141247 0)
(1.30502 -0.00113033 0)
(1.30469 -0.000869097 0)
(1.30432 -0.00062682 0)
(1.30391 -0.000401025 0)
(1.30347 -0.000188735 0)
(1.30299 1.22767e-05 0)
(1.30248 0.000202195 0)
(1.30192 0.000378645 0)
(1.30133 0.000536543 0)
(1.3007 0.000668798 0)
(1.30005 0.000768251 0)
(1.29939 0.00082765 0)
(1.29873 0.000841555 0)
(1.29808 0.000807148 0)
(1.29747 0.000723196 0)
(1.29691 0.000590894 0)
(1.29642 0.00041392 0)
(1.29601 0.000197986 0)
(1.29569 -3.48445e-05 0)
(1.29548 -0.000313578 0)
(1.29531 -0.000543605 0)
(1.29539 -0.000957653 0)
(1.4933 -0.00807415 0)
(1.49436 -0.00820228 0)
(1.49511 -0.00799008 0)
(1.49539 -0.00744048 0)
(1.49505 -0.00676454 0)
(1.49418 -0.00606256 0)
(1.49285 -0.00539767 0)
(1.49112 -0.00483575 0)
(1.4891 -0.00427591 0)
(1.48689 -0.00370269 0)
(1.48463 -0.00317465 0)
(1.48243 -0.00272905 0)
(1.48036 -0.00236777 0)
(1.47847 -0.00209551 0)
(1.47681 -0.00191719 0)
(1.47538 -0.00181856 0)
(1.4742 -0.0017712 0)
(1.47324 -0.00174157 0)
(1.47247 -0.00169416 0)
(1.47186 -0.00159469 0)
(1.47135 -0.00142294 0)
(1.47089 -0.00117219 0)
(1.47046 -0.000851413 0)
(1.46998 -0.000475451 0)
(1.46943 -7.0889e-05 0)
(1.46877 0.000325507 0)
(1.46798 0.000674805 0)
(1.46707 0.000940884 0)
(1.46607 0.00109241 0)
(1.46505 0.0011087 0)
(1.46408 0.000980886 0)
(1.4632 0.000712772 0)
(1.46249 0.000314707 0)
(1.462 -0.000201935 0)
(1.46179 -0.000824525 0)
(1.46188 -0.0015007 0)
(1.46231 -0.0021801 0)
(1.46304 -0.00280564 0)
(1.46404 -0.00329919 0)
(1.46519 -0.00360569 0)
(1.46637 -0.00381555 0)
(1.46749 -0.00396703 0)
(1.46851 -0.0040166 0)
(1.46943 -0.00394872 0)
(1.47025 -0.00376757 0)
(1.47094 -0.00347356 0)
(1.47148 -0.00307888 0)
(1.47181 -0.00259844 0)
(1.47191 -0.00206118 0)
(1.47177 -0.00151044 0)
(1.4714 -0.000966074 0)
(1.47084 -0.000439934 0)
(1.47011 3.45391e-05 0)
(1.46926 0.000425614 0)
(1.46831 0.000728612 0)
(1.46731 0.000938564 0)
(1.46629 0.00106228 0)
(1.46527 0.00111107 0)
(1.46427 0.00110091 0)
(1.46329 0.00105095 0)
(1.46234 0.000979153 0)
(1.46141 0.000900186 0)
(1.46049 0.000823212 0)
(1.45957 0.000751861 0)
(1.45864 0.000683861 0)
(1.45768 0.000612057 0)
(1.4567 0.000526683 0)
(1.45569 0.000418396 0)
(1.45466 0.00027905 0)
(1.45365 0.000100922 0)
(1.45267 -0.000123914 0)
(1.45176 -0.000401848 0)
(1.45093 -0.000737057 0)
(1.45021 -0.00113089 0)
(1.44962 -0.00158045 0)
(1.44918 -0.00207991 0)
(1.44892 -0.00262144 0)
(1.44885 -0.003189 0)
(1.44897 -0.00375606 0)
(1.44926 -0.00430057 0)
(1.44971 -0.00480519 0)
(1.45027 -0.00525878 0)
(1.45094 -0.00564938 0)
(1.45169 -0.0059606 0)
(1.4525 -0.00617746 0)
(1.45333 -0.00628534 0)
(1.45415 -0.00627031 0)
(1.45492 -0.00613239 0)
(1.45562 -0.00589047 0)
(1.4562 -0.0055668 0)
(1.45667 -0.00517629 0)
(1.45699 -0.00472872 0)
(1.45716 -0.00424167 0)
(1.45717 -0.00373267 0)
(1.45704 -0.00321854 0)
(1.45678 -0.00271866 0)
(1.45642 -0.00224667 0)
(1.45597 -0.00180974 0)
(1.45545 -0.00140965 0)
(1.45489 -0.00104537 0)
(1.45429 -0.000714386 0)
(1.45367 -0.000412551 0)
(1.45303 -0.000133952 0)
(1.45238 0.000128004 0)
(1.45171 0.000378993 0)
(1.45102 0.000622091 0)
(1.4503 0.00085667 0)
(1.44956 0.00107823 0)
(1.44878 0.00127893 0)
(1.44797 0.0014482 0)
(1.44714 0.00157431 0)
(1.4463 0.00164582 0)
(1.44546 0.00165371 0)
(1.44465 0.00159226 0)
(1.44388 0.00145836 0)
(1.44319 0.00125331 0)
(1.44259 0.000986002 0)
(1.44212 0.000661737 0)
(1.44177 0.000331746 0)
(1.4416 -0.000108634 0)
(1.44148 -0.000412049 0)
(1.44178 -0.00104825 0)
(1.60033 -0.0107054 0)
(1.60676 -0.0103508 0)
(1.61222 -0.00940982 0)
(1.61636 -0.00779021 0)
(1.61909 -0.00608718 0)
(1.62058 -0.00450205 0)
(1.62072 -0.00285925 0)
(1.61938 -0.00138323 0)
(1.61665 -0.000242742 0)
(1.61269 0.000520028 0)
(1.60775 0.000970053 0)
(1.60219 0.0011843 0)
(1.59634 0.00118024 0)
(1.59057 0.000990537 0)
(1.58509 0.000679985 0)
(1.58006 0.000327618 0)
(1.57557 -2.64202e-05 0)
(1.57165 -0.000351428 0)
(1.56831 -0.000605597 0)
(1.56549 -0.00075473 0)
(1.56312 -0.000779095 0)
(1.5611 -0.000673876 0)
(1.55934 -0.00044585 0)
(1.55773 -0.000110767 0)
(1.5562 0.000316901 0)
(1.55472 0.000795513 0)
(1.55326 0.00126745 0)
(1.55185 0.00167254 0)
(1.55051 0.00189617 0)
(1.54932 0.00190125 0)
(1.54834 0.00168886 0)
(1.54766 0.00125306 0)
(1.54742 0.000567541 0)
(1.54775 -0.000328865 0)
(1.54874 -0.00139474 0)
(1.55041 -0.00255095 0)
(1.55273 -0.00371562 0)
(1.55565 -0.00476848 0)
(1.55905 -0.00553519 0)
(1.56281 -0.00589955 0)
(1.56678 -0.00588739 0)
(1.5708 -0.00563695 0)
(1.57468 -0.00529956 0)
(1.57827 -0.00494129 0)
(1.58146 -0.00455115 0)
(1.58413 -0.00406578 0)
(1.5862 -0.00338084 0)
(1.5876 -0.00255893 0)
(1.58836 -0.00169032 0)
(1.58845 -0.000767097 0)
(1.58784 8.64134e-05 0)
(1.58658 0.000798235 0)
(1.58477 0.00136443 0)
(1.58251 0.00181391 0)
(1.57998 0.00214181 0)
(1.57728 0.00233648 0)
(1.57456 0.00241005 0)
(1.57189 0.00239332 0)
(1.56934 0.00231791 0)
(1.56693 0.00220451 0)
(1.56468 0.00207211 0)
(1.56259 0.00194341 0)
(1.56065 0.00183395 0)
(1.55884 0.0017495 0)
(1.55713 0.00168613 0)
(1.55551 0.00163183 0)
(1.55395 0.00156931 0)
(1.55245 0.00147838 0)
(1.551 0.0013384 0)
(1.54962 0.0011318 0)
(1.54832 0.000846393 0)
(1.54714 0.000475059 0)
(1.54612 1.47449e-05 0)
(1.5453 -0.000535115 0)
(1.54473 -0.00117404 0)
(1.54445 -0.00189805 0)
(1.54454 -0.00267214 0)
(1.54502 -0.00346133 0)
(1.54589 -0.0042388 0)
(1.54714 -0.00496503 0)
(1.54874 -0.00557998 0)
(1.55062 -0.00610184 0)
(1.55272 -0.00653675 0)
(1.55495 -0.00686708 0)
(1.55722 -0.00707947 0)
(1.55942 -0.0071655 0)
(1.56149 -0.00710019 0)
(1.56332 -0.0068751 0)
(1.56484 -0.00651657 0)
(1.56604 -0.00603931 0)
(1.56689 -0.00546379 0)
(1.56739 -0.00481492 0)
(1.56752 -0.00410833 0)
(1.56726 -0.0034136 0)
(1.56665 -0.00276465 0)
(1.56572 -0.00215659 0)
(1.56454 -0.00159025 0)
(1.56319 -0.00108154 0)
(1.56173 -0.000636603 0)
(1.56021 -0.000250701 0)
(1.55868 8.56164e-05 0)
(1.55717 0.000385007 0)
(1.55569 0.000658701 0)
(1.55427 0.000916368 0)
(1.5529 0.00116672 0)
(1.55158 0.00141484 0)
(1.5503 0.00166071 0)
(1.54905 0.00189836 0)
(1.54784 0.0021166 0)
(1.54667 0.00230063 0)
(1.54553 0.00243382 0)
(1.54443 0.0024997 0)
(1.5434 0.00248433 0)
(1.54245 0.00237782 0)
(1.54161 0.00217458 0)
(1.54092 0.001876 0)
(1.54041 0.00148974 0)
(1.54013 0.00101504 0)
(1.54005 0.000507499 0)
(1.54043 -0.00012489 0)
(1.54067 -0.000566951 0)
(1.54212 -0.00143084 0)
(1.6427 -0.0212473 0)
(1.65483 -0.0196669 0)
(1.66581 -0.0172699 0)
(1.67711 -0.0142744 0)
(1.68735 -0.0110382 0)
(1.69574 -0.00769261 0)
(1.70201 -0.0042663 0)
(1.706 -0.000954487 0)
(1.70772 0.00221812 0)
(1.707 0.00518511 0)
(1.70384 0.00738299 0)
(1.69846 0.00872692 0)
(1.6912 0.00929799 0)
(1.68257 0.00924095 0)
(1.67315 0.00867694 0)
(1.66349 0.00775329 0)
(1.65407 0.00664755 0)
(1.64515 0.00551668 0)
(1.63691 0.00447753 0)
(1.6294 0.0036101 0)
(1.62264 0.00297642 0)
(1.61655 0.00261086 0)
(1.61107 0.00251067 0)
(1.60609 0.00263451 0)
(1.60155 0.00290879 0)
(1.59739 0.00323967 0)
(1.59359 0.00352428 0)
(1.59017 0.00366681 0)
(1.58715 0.0035907 0)
(1.5846 0.00323873 0)
(1.58259 0.00257311 0)
(1.58123 0.00153877 0)
(1.58068 0.000116849 0)
(1.58098 -0.00156409 0)
(1.58212 -0.00340268 0)
(1.58411 -0.00528804 0)
(1.58696 -0.0071016 0)
(1.59057 -0.00873102 0)
(1.59507 -0.0100835 0)
(1.6006 -0.0110915 0)
(1.60725 -0.0117086 0)
(1.61492 -0.0118928 0)
(1.62337 -0.0116112 0)
(1.63216 -0.0108683 0)
(1.64062 -0.00972562 0)
(1.64839 -0.00826414 0)
(1.6552 -0.00658016 0)
(1.66084 -0.00479558 0)
(1.66516 -0.00293735 0)
(1.6681 -0.00103854 0)
(1.66973 0.00078931 0)
(1.67004 0.00258711 0)
(1.66896 0.00413006 0)
(1.6666 0.00524591 0)
(1.66312 0.00596597 0)
(1.65875 0.00636177 0)
(1.65379 0.00647483 0)
(1.6485 0.00635493 0)
(1.6431 0.00607275 0)
(1.63781 0.00570281 0)
(1.63272 0.0053055 0)
(1.62791 0.00491896 0)
(1.62341 0.00456462 0)
(1.61922 0.00425672 0)
(1.61533 0.00399835 0)
(1.61172 0.00377952 0)
(1.60834 0.00357872 0)
(1.60519 0.00336733 0)
(1.60223 0.00311406 0)
(1.59948 0.00278804 0)
(1.59694 0.00236169 0)
(1.59465 0.00181258 0)
(1.59265 0.00112503 0)
(1.59102 0.000289916 0)
(1.58981 -0.000700764 0)
(1.58912 -0.00185682 0)
(1.58905 -0.00314563 0)
(1.58969 -0.00449185 0)
(1.59111 -0.00584752 0)
(1.59331 -0.00713139 0)
(1.5963 -0.00826206 0)
(1.60003 -0.00921854 0)
(1.60438 -0.00997358 0)
(1.6092 -0.0104629 0)
(1.61432 -0.0106627 0)
(1.61953 -0.0105866 0)
(1.6246 -0.0101954 0)
(1.62933 -0.00949946 0)
(1.63356 -0.00861046 0)
(1.63719 -0.00760933 0)
(1.64013 -0.00654137 0)
(1.6423 -0.00535792 0)
(1.64372 -0.00413985 0)
(1.64438 -0.00289071 0)
(1.64425 -0.00165461 0)
(1.64334 -0.000586594 0)
(1.64172 0.000293789 0)
(1.63948 0.00101361 0)
(1.63678 0.00158817 0)
(1.63376 0.00202473 0)
(1.63055 0.00234496 0)
(1.62727 0.00258069 0)
(1.62401 0.00276352 0)
(1.62082 0.00292185 0)
(1.61775 0.00307343 0)
(1.61482 0.00322596 0)
(1.61203 0.00338122 0)
(1.60937 0.00353386 0)
(1.60686 0.00367091 0)
(1.60449 0.00377311 0)
(1.60227 0.00381766 0)
(1.60021 0.00378102 0)
(1.59834 0.00364176 0)
(1.59669 0.00338321 0)
(1.59528 0.00299406 0)
(1.59417 0.00247061 0)
(1.59339 0.00180563 0)
(1.59304 0.000988949 0)
(1.59304 0.000119912 0)
(1.59391 -0.000934025 0)
(1.59445 -0.00166957 0)
(1.59751 -0.0030599 0)
(1.64502 -0.0357554 0)
(1.66127 -0.034492 0)
(1.67836 -0.0322101 0)
(1.69547 -0.0289622 0)
(1.7119 -0.0245335 0)
(1.72703 -0.0191156 0)
(1.74013 -0.0130281 0)
(1.75088 -0.00692615 0)
(1.75888 -0.00111123 0)
(1.76402 0.00434187 0)
(1.76632 0.00935843 0)
(1.76554 0.0138318 0)
(1.76158 0.0171026 0)
(1.75471 0.019021 0)
(1.74533 0.0197429 0)
(1.73408 0.0194567 0)
(1.72164 0.0183991 0)
(1.70868 0.0168666 0)
(1.6958 0.0151593 0)
(1.68338 0.0135104 0)
(1.67162 0.0120671 0)
(1.66064 0.010901 0)
(1.65046 0.0100361 0)
(1.64107 0.00945009 0)
(1.63244 0.00907799 0)
(1.62452 0.00882112 0)
(1.61728 0.00856106 0)
(1.6107 0.00817332 0)
(1.6048 0.00753629 0)
(1.59962 0.00655063 0)
(1.59521 0.00515053 0)
(1.59167 0.00330064 0)
(1.58908 0.00101256 0)
(1.58757 -0.00166283 0)
(1.58734 -0.00460926 0)
(1.58856 -0.00763241 0)
(1.5913 -0.0105939 0)
(1.59561 -0.0133941 0)
(1.60149 -0.015996 0)
(1.60887 -0.0183459 0)
(1.61763 -0.0203087 0)
(1.62763 -0.0216955 0)
(1.63863 -0.0223065 0)
(1.65039 -0.0219758 0)
(1.66258 -0.0206756 0)
(1.67472 -0.0185393 0)
(1.68631 -0.0157465 0)
(1.69685 -0.0124189 0)
(1.70614 -0.00890708 0)
(1.71375 -0.00530372 0)
(1.71954 -0.00176911 0)
(1.72344 0.00158647 0)
(1.72551 0.00472532 0)
(1.72571 0.00765191 0)
(1.72392 0.0100382 0)
(1.72029 0.011687 0)
(1.71503 0.0126741 0)
(1.70851 0.0130956 0)
(1.70109 0.0130418 0)
(1.69314 0.0126332 0)
(1.68498 0.0120052 0)
(1.6769 0.0112794 0)
(1.66906 0.0105441 0)
(1.66155 0.00984969 0)
(1.65443 0.00921522 0)
(1.64769 0.00864221 0)
(1.64136 0.00811446 0)
(1.63541 0.00759887 0)
(1.62986 0.00705151 0)
(1.62471 0.00642401 0)
(1.62 0.00566949 0)
(1.61577 0.00474753 0)
(1.61209 0.00362684 0)
(1.60902 0.00228431 0)
(1.60665 0.000697276 0)
(1.60507 -0.00115963 0)
(1.60438 -0.00327888 0)
(1.60469 -0.00554255 0)
(1.60608 -0.00785481 0)
(1.60848 -0.0101375 0)
(1.612 -0.0122887 0)
(1.61677 -0.0141898 0)
(1.62249 -0.0157289 0)
(1.62908 -0.0168181 0)
(1.6364 -0.0173882 0)
(1.64424 -0.017399 0)
(1.65205 -0.0168581 0)
(1.66009 -0.0158226 0)
(1.66784 -0.014383 0)
(1.67501 -0.0126057 0)
(1.68137 -0.0105771 0)
(1.68672 -0.00839587 0)
(1.69096 -0.00615729 0)
(1.69401 -0.00393249 0)
(1.69588 -0.00176266 0)
(1.69659 0.000344237 0)
(1.69607 0.00229098 0)
(1.69434 0.00387076 0)
(1.69152 0.00508688 0)
(1.68778 0.00598252 0)
(1.68334 0.00658881 0)
(1.67841 0.00694969 0)
(1.67318 0.00712706 0)
(1.66782 0.00718519 0)
(1.66248 0.00717912 0)
(1.65726 0.00714924 0)
(1.65222 0.00711323 0)
(1.64738 0.00706893 0)
(1.64278 0.0070032 0)
(1.63844 0.00689398 0)
(1.63438 0.00671245 0)
(1.63063 0.00642736 0)
(1.62721 0.00600937 0)
(1.62417 0.00543562 0)
(1.62155 0.00468814 0)
(1.6194 0.00376248 0)
(1.61775 0.00263719 0)
(1.61672 0.00130352 0)
(1.61616 -0.000172647 0)
(1.61681 -0.00195179 0)
(1.61714 -0.00329575 0)
(1.62094 -0.00566926 0)
(1.64077 -0.0521428 0)
(1.65752 -0.052522 0)
(1.67565 -0.0511271 0)
(1.69466 -0.0478806 0)
(1.71399 -0.0427854 0)
(1.73299 -0.0360961 0)
(1.75094 -0.02826 0)
(1.76713 -0.0197367 0)
(1.7809 -0.010931 0)
(1.79174 -0.0022543 0)
(1.79938 0.00591472 0)
(1.8038 0.01336 0)
(1.80497 0.0200018 0)
(1.80257 0.0255404 0)
(1.79665 0.0293191 0)
(1.78749 0.0313955 0)
(1.77564 0.0319853 0)
(1.76184 0.0313457 0)
(1.7468 0.029829 0)
(1.73124 0.0278418 0)
(1.7158 0.0257487 0)
(1.70084 0.0237892 0)
(1.68659 0.0220788 0)
(1.67318 0.0206394 0)
(1.66065 0.0194295 0)
(1.64904 0.0183556 0)
(1.63835 0.0172897 0)
(1.62859 0.0160895 0)
(1.61978 0.0146178 0)
(1.61197 0.0127579 0)
(1.60521 0.010416 0)
(1.59959 0.00753334 0)
(1.59519 0.0040844 0)
(1.59212 8.84688e-05 0)
(1.59053 -0.00437394 0)
(1.59055 -0.00909982 0)
(1.59231 -0.0138911 0)
(1.59587 -0.018587 0)
(1.60125 -0.0230218 0)
(1.60839 -0.0270174 0)
(1.61719 -0.0303851 0)
(1.62749 -0.0329406 0)
(1.6391 -0.0345117 0)
(1.65186 -0.0349501 0)
(1.66552 -0.0341571 0)
(1.67981 -0.0321076 0)
(1.69433 -0.0288832 0)
(1.70851 -0.0247153 0)
(1.72182 -0.0198402 0)
(1.73379 -0.0144839 0)
(1.74402 -0.00891705 0)
(1.75219 -0.00339014 0)
(1.75813 0.00189083 0)
(1.76183 0.00679863 0)
(1.76333 0.0112888 0)
(1.76251 0.0152521 0)
(1.75932 0.0182708 0)
(1.75395 0.020288 0)
(1.74672 0.0214207 0)
(1.73804 0.0217864 0)
(1.72836 0.0215354 0)
(1.71807 0.0208521 0)
(1.70756 0.01992 0)
(1.69713 0.0188893 0)
(1.68696 0.0178511 0)
(1.67717 0.0168404 0)
(1.66783 0.0158523 0)
(1.65899 0.0148575 0)
(1.65069 0.0138082 0)
(1.64298 0.0126447 0)
(1.63589 0.0113053 0)
(1.6295 0.0097346 0)
(1.62387 0.00788952 0)
(1.61908 0.0057407 0)
(1.61523 0.00326245 0)
(1.61238 0.000431495 0)
(1.61062 -0.00274227 0)
(1.61005 -0.00616712 0)
(1.61077 -0.00967304 0)
(1.61282 -0.0131665 0)
(1.61616 -0.0165485 0)
(1.62078 -0.0196439 0)
(1.62663 -0.0222847 0)
(1.63364 -0.0243585 0)
(1.6417 -0.0257463 0)
(1.65068 -0.0263436 0)
(1.66037 -0.0261643 0)
(1.6705 -0.0252327 0)
(1.68076 -0.0235297 0)
(1.69078 -0.021149 0)
(1.70023 -0.0182422 0)
(1.70881 -0.0149498 0)
(1.71625 -0.0114209 0)
(1.72237 -0.00780322 0)
(1.72701 -0.00422544 0)
(1.73015 -0.000777542 0)
(1.73181 0.00249466 0)
(1.73195 0.00554976 0)
(1.73051 0.00816936 0)
(1.72757 0.0102097 0)
(1.72329 0.011717 0)
(1.71791 0.0127438 0)
(1.71168 0.0133519 0)
(1.70487 0.0136227 0)
(1.69771 0.0136463 0)
(1.69041 0.0135074 0)
(1.68316 0.0132719 0)
(1.67607 0.0129744 0)
(1.66924 0.0126171 0)
(1.66271 0.0121817 0)
(1.65655 0.0116398 0)
(1.65081 0.0109581 0)
(1.64553 0.0101027 0)
(1.64076 0.00904749 0)
(1.63656 0.00776894 0)
(1.63301 0.00626567 0)
(1.63012 0.00450315 0)
(1.62805 0.00248016 0)
(1.62661 0.0002467 0)
(1.62651 -0.00247057 0)
(1.62631 -0.00466242 0)
(1.62988 -0.00849265 0)
(1.63857 -0.0677138 0)
(1.65481 -0.0696492 0)
(1.6725 -0.0695552 0)
(1.69135 -0.0673037 0)
(1.71101 -0.0627742 0)
(1.73109 -0.0559751 0)
(1.75104 -0.0471685 0)
(1.77001 -0.0369074 0)
(1.78727 -0.0257221 0)
(1.80217 -0.0141256 0)
(1.81416 -0.00263777 0)
(1.8229 0.00828631 0)
(1.82823 0.0183057 0)
(1.83016 0.0272109 0)
(1.82849 0.0348148 0)
(1.82305 0.0404964 0)
(1.81406 0.0440452 0)
(1.80197 0.0456826 0)
(1.78747 0.0457002 0)
(1.7713 0.0444834 0)
(1.75418 0.0424769 0)
(1.73681 0.0401083 0)
(1.71976 0.0376982 0)
(1.70333 0.0353974 0)
(1.68772 0.0332322 0)
(1.67307 0.0311486 0)
(1.65948 0.0290397 0)
(1.64699 0.0267678 0)
(1.63568 0.0241882 0)
(1.62559 0.021169 0)
(1.61679 0.0175991 0)
(1.60936 0.0133981 0)
(1.60339 0.0085325 0)
(1.59899 0.00302316 0)
(1.59625 -0.0030415 0)
(1.59527 -0.0094808 0)
(1.59614 -0.0160408 0)
(1.59888 -0.0225201 0)
(1.6035 -0.0287254 0)
(1.60992 -0.0344582 0)
(1.61808 -0.0395054 0)
(1.62785 -0.0436439 0)
(1.6391 -0.0466564 0)
(1.65168 -0.0483518 0)
(1.66539 -0.0485824 0)
(1.68003 -0.047254 0)
(1.69533 -0.0443347 0)
(1.71092 -0.0399008 0)
(1.72628 -0.0341841 0)
(1.74084 -0.0274993 0)
(1.75409 -0.020165 0)
(1.76561 -0.0125169 0)
(1.77501 -0.00487653 0)
(1.78206 0.00248619 0)
(1.78666 0.0093669 0)
(1.78883 0.0156395 0)
(1.78853 0.0212063 0)
(1.78561 0.0257285 0)
(1.78022 0.0289546 0)
(1.7726 0.0309875 0)
(1.76317 0.0319653 0)
(1.75239 0.0320628 0)
(1.74069 0.0314898 0)
(1.72851 0.0304637 0)
(1.71622 0.0291801 0)
(1.70414 0.0277736 0)
(1.69242 0.0262954 0)
(1.68121 0.0247386 0)
(1.67061 0.023065 0)
(1.6607 0.0212194 0)
(1.65156 0.0191376 0)
(1.64326 0.0167577 0)
(1.63589 0.0140284 0)
(1.62953 0.010912 0)
(1.62427 0.00737935 0)
(1.62019 0.00340948 0)
(1.61737 -0.000983032 0)
(1.61587 -0.00571255 0)
(1.61577 -0.0106162 0)
(1.6171 -0.0155162 0)
(1.61987 -0.0202677 0)
(1.62403 -0.0246996 0)
(1.62953 -0.02864 0)
(1.63633 -0.0319346 0)
(1.64432 -0.0344402 0)
(1.65339 -0.0360347 0)
(1.6634 -0.0366391 0)
(1.67414 -0.0361949 0)
(1.68536 -0.0346651 0)
(1.6968 -0.0320908 0)
(1.70808 -0.0286151 0)
(1.71881 -0.024429 0)
(1.72867 -0.0197232 0)
(1.73735 -0.014695 0)
(1.7446 -0.00953937 0)
(1.75025 -0.00442953 0)
(1.7542 0.000495411 0)
(1.75646 0.00513752 0)
(1.75701 0.0094298 0)
(1.75578 0.013222 0)
(1.75278 0.0162607 0)
(1.74818 0.0185518 0)
(1.74218 0.0201583 0)
(1.73508 0.0211527 0)
(1.72716 0.0216301 0)
(1.7187 0.0216954 0)
(1.70996 0.0214514 0)
(1.70117 0.020987 0)
(1.69254 0.020356 0)
(1.68418 0.0195686 0)
(1.6762 0.0186074 0)
(1.66868 0.0174445 0)
(1.66169 0.0160474 0)
(1.65533 0.0143891 0)
(1.64963 0.0124395 0)
(1.64471 0.0101984 0)
(1.64058 0.00762824 0)
(1.63742 0.00472274 0)
(1.63506 0.00157636 0)
(1.6341 -0.0022335 0)
(1.63326 -0.00540192 0)
(1.63604 -0.0109943 0)
(1.63951 -0.08286 0)
(1.65511 -0.086396 0)
(1.67215 -0.0876235 0)
(1.69037 -0.0863884 0)
(1.70948 -0.082578 0)
(1.7292 -0.0761554 0)
(1.74916 -0.0671989 0)
(1.76889 -0.0559836 0)
(1.7876 -0.0430984 0)
(1.80456 -0.0291794 0)
(1.81918 -0.0148382 0)
(1.83093 -0.000666932 0)
(1.83946 0.0128291 0)
(1.84459 0.0252638 0)
(1.84627 0.0363269 0)
(1.8444 0.0457767 0)
(1.83875 0.0531012 0)
(1.82953 0.0579252 0)
(1.81713 0.0604775 0)
(1.80218 0.0610953 0)
(1.7854 0.0601848 0)
(1.76747 0.0581955 0)
(1.74909 0.05557 0)
(1.73091 0.0526668 0)
(1.71329 0.0496578 0)
(1.69652 0.0465696 0)
(1.68077 0.0433414 0)
(1.6662 0.0398625 0)
(1.65291 0.0360008 0)
(1.64098 0.0316246 0)
(1.63051 0.0266192 0)
(1.62159 0.0208985 0)
(1.61432 0.0144193 0)
(1.60877 0.0071993 0)
(1.60504 -0.000660176 0)
(1.60317 -0.00896614 0)
(1.60323 -0.0174555 0)
(1.60524 -0.0258697 0)
(1.60917 -0.0339739 0)
(1.61496 -0.0415222 0)
(1.62251 -0.0482626 0)
(1.63169 -0.0539499 0)
(1.64237 -0.0583574 0)
(1.6544 -0.0612872 0)
(1.6676 -0.0625788 0)
(1.6818 -0.0621141 0)
(1.69678 -0.0598213 0)
(1.71229 -0.0556854 0)
(1.72801 -0.0497793 0)
(1.74352 -0.0423216 0)
(1.75821 -0.033708 0)
(1.77161 -0.024332 0)
(1.78326 -0.0145832 0)
(1.79279 -0.00483985 0)
(1.79995 0.00456937 0)
(1.80461 0.0133921 0)
(1.80675 0.0214309 0)
(1.80635 0.0285382 0)
(1.80328 0.0344541 0)
(1.79764 0.0388277 0)
(1.78964 0.041733 0)
(1.77966 0.0433204 0)
(1.76815 0.0437785 0)
(1.75558 0.0433337 0)
(1.74237 0.0422172 0)
(1.72894 0.0406417 0)
(1.71569 0.0387689 0)
(1.70282 0.036663 0)
(1.69053 0.0343189 0)
(1.67895 0.0316972 0)
(1.66822 0.0287449 0)
(1.65842 0.025405 0)
(1.64966 0.0216269 0)
(1.64204 0.0173721 0)
(1.63565 0.0126133 0)
(1.63056 0.00734065 0)
(1.62686 0.00158662 0)
(1.62459 -0.00454867 0)
(1.62379 -0.0109046 0)
(1.62448 -0.0172736 0)
(1.62666 -0.0234651 0)
(1.63029 -0.0292971 0)
(1.63531 -0.0345827 0)
(1.64166 -0.0391442 0)
(1.64924 -0.0428165 0)
(1.65794 -0.0454558 0)
(1.66763 -0.0469512 0)
(1.67815 -0.0472181 0)
(1.68932 -0.0461949 0)
(1.70094 -0.0438608 0)
(1.71275 -0.0402643 0)
(1.72443 -0.0355501 0)
(1.73556 -0.0299631 0)
(1.7458 -0.0237442 0)
(1.75484 -0.017137 0)
(1.76241 -0.0103806 0)
(1.76832 -0.00368781 0)
(1.77246 0.0027649 0)
(1.77479 0.00883278 0)
(1.77532 0.0143977 0)
(1.77398 0.0193228 0)
(1.77078 0.023358 0)
(1.76584 0.0264411 0)
(1.75937 0.0286379 0)
(1.75165 0.0300251 0)
(1.74299 0.0307042 0)
(1.73368 0.0307893 0)
(1.72401 0.030392 0)
(1.71424 0.0296139 0)
(1.70464 0.028526 0)
(1.69534 0.0271475 0)
(1.68649 0.0254668 0)
(1.6782 0.0234617 0)
(1.67058 0.0211122 0)
(1.6637 0.0183936 0)
(1.65768 0.015304 0)
(1.65255 0.0118238 0)
(1.64847 0.00791016 0)
(1.64534 0.00375362 0)
(1.64361 -0.00123682 0)
(1.64222 -0.0054082 0)
(1.64409 -0.0129104 0)
(1.64346 -0.0972691 0)
(1.65834 -0.102334 0)
(1.67462 -0.104858 0)
(1.69204 -0.104663 0)
(1.71036 -0.101623 0)
(1.72928 -0.0956827 0)
(1.74853 -0.0868723 0)
(1.76776 -0.0753376 0)
(1.78652 -0.0614038 0)
(1.80413 -0.045712 0)
(1.81989 -0.0290261 0)
(1.83325 -0.0120157 0)
(1.84376 0.00468077 0)
(1.85111 0.0205035 0)
(1.85518 0.0350208 0)
(1.8559 0.0479182 0)
(1.85315 0.0588569 0)
(1.84678 0.0673484 0)
(1.83705 0.0730297 0)
(1.8243 0.0761907 0)
(1.80906 0.0771737 0)
(1.79199 0.0763736 0)
(1.77378 0.0742384 0)
(1.75508 0.0712009 0)
(1.73655 0.0676167 0)
(1.7186 0.0636584 0)
(1.70153 0.0593501 0)
(1.68557 0.0546354 0)
(1.67089 0.0494139 0)
(1.65763 0.0435709 0)
(1.64592 0.0369975 0)
(1.63586 0.0296095 0)
(1.62756 0.0213685 0)
(1.62111 0.0123082 0)
(1.61658 0.00255436 0)
(1.614 -0.00767877 0)
(1.6134 -0.0181254 0)
(1.61478 -0.0284913 0)
(1.61809 -0.0384888 0)
(1.62327 -0.0478415 0)
(1.6302 -0.0562758 0)
(1.63877 -0.0635311 0)
(1.64883 -0.0693687 0)
(1.66021 -0.0735762 0)
(1.67276 -0.0759735 0)
(1.68628 -0.0764204 0)
(1.7006 -0.0748235 0)
(1.71549 -0.0711424 0)
(1.73071 -0.0653976 0)
(1.74598 -0.057691 0)
(1.76093 -0.0482593 0)
(1.77501 -0.0375598 0)
(1.78772 -0.0260664 0)
(1.79867 -0.0142201 0)
(1.80751 -0.00244267 0)
(1.814 0.0088981 0)
(1.81801 0.0195112 0)
(1.81952 0.0291508 0)
(1.81853 0.0376104 0)
(1.81494 0.0446518 0)
(1.80881 0.0499529 0)
(1.80036 0.0535343 0)
(1.78994 0.0555644 0)
(1.77798 0.0562399 0)
(1.76492 0.0557889 0)
(1.75122 0.0544434 0)
(1.73728 0.0524187 0)
(1.72353 0.0498868 0)
(1.71023 0.0469208 0)
(1.69759 0.0435232 0)
(1.68577 0.0396639 0)
(1.67492 0.0353026 0)
(1.66516 0.0303989 0)
(1.6566 0.0249195 0)
(1.64935 0.0188442 0)
(1.64349 0.0121777 0)
(1.63909 0.00497346 0)
(1.6362 -0.00264687 0)
(1.63483 -0.0105048 0)
(1.63498 -0.0183935 0)
(1.63663 -0.0260891 0)
(1.63976 -0.033368 0)
(1.64428 -0.0400247 0)
(1.65013 -0.0458666 0)
(1.65721 -0.050718 0)
(1.66539 -0.0544225 0)
(1.67456 -0.0568473 0)
(1.68457 -0.0578852 0)
(1.69526 -0.0574589 0)
(1.70647 -0.0555283 0)
(1.718 -0.0520999 0)
(1.72964 -0.0472394 0)
(1.74109 -0.041101 0)
(1.75196 -0.0339721 0)
(1.7619 -0.026152 0)
(1.7706 -0.0179231 0)
(1.77782 -0.00956101 0)
(1.78337 -0.00131425 0)
(1.78714 0.00660542 0)
(1.78908 0.0140189 0)
(1.78919 0.0207657 0)
(1.78745 0.0266943 0)
(1.78385 0.0315861 0)
(1.77852 0.0353324 0)
(1.77165 0.0379974 0)
(1.7635 0.0396614 0)
(1.75439 0.0404255 0)
(1.74462 0.0404062 0)
(1.73447 0.0397181 0)
(1.72424 0.0384696 0)
(1.7142 0.0367445 0)
(1.70454 0.0345733 0)
(1.6954 0.0319547 0)
(1.68693 0.0288793 0)
(1.67922 0.0253425 0)
(1.6724 0.0213268 0)
(1.66655 0.0168752 0)
(1.66176 0.0118567 0)
(1.65803 0.00661011 0)
(1.65569 0.000372571 0)
(1.65387 -0.00480541 0)
(1.65491 -0.0142573 0)
(1.65 -0.110994 0)
(1.66408 -0.117556 0)
(1.67952 -0.121324 0)
(1.69605 -0.122126 0)
(1.71344 -0.11982 0)
(1.7314 -0.114336 0)
(1.74967 -0.10569 0)
(1.76795 -0.0939926 0)
(1.78592 -0.0794777 0)
(1.80317 -0.0625595 0)
(1.81907 -0.0439641 0)
(1.83297 -0.0245534 0)
(1.84442 -0.00505674 0)
(1.85306 0.0138463 0)
(1.85869 0.0316129 0)
(1.86094 0.0478881 0)
(1.86038 0.0621436 0)
(1.85644 0.0739571 0)
(1.84923 0.0829899 0)
(1.83894 0.0890891 0)
(1.82584 0.0924701 0)
(1.81045 0.093456 0)
(1.7934 0.0924464 0)
(1.77533 0.0898725 0)
(1.75686 0.086139 0)
(1.73861 0.0815812 0)
(1.721 0.0763583 0)
(1.70434 0.0704895 0)
(1.68887 0.0639277 0)
(1.6748 0.056592 0)
(1.66228 0.0483919 0)
(1.65145 0.0392558 0)
(1.64244 0.0291625 0)
(1.63534 0.0181726 0)
(1.63022 0.00644325 0)
(1.6271 -0.00578256 0)
(1.62599 -0.0182125 0)
(1.62686 -0.0305364 0)
(1.62966 -0.0424408 0)
(1.63429 -0.0536142 0)
(1.64065 -0.0637552 0)
(1.64861 -0.0725769 0)
(1.65802 -0.0798071 0)
(1.66872 -0.0852225 0)
(1.68053 -0.0886561 0)
(1.69328 -0.0899661 0)
(1.70679 -0.0890411 0)
(1.72086 -0.0858192 0)
(1.73527 -0.0803004 0)
(1.74978 -0.0725552 0)
(1.76415 -0.0627406 0)
(1.77802 -0.0511413 0)
(1.79093 -0.0382539 0)
(1.80239 -0.0246379 0)
(1.81206 -0.0107736 0)
(1.81964 0.00288393 0)
(1.82493 0.0159398 0)
(1.82784 0.0280702 0)
(1.82835 0.0389993 0)
(1.82646 0.0484905 0)
(1.82212 0.0563224 0)
(1.8154 0.0622062 0)
(1.80652 0.0661486 0)
(1.79579 0.068338 0)
(1.78363 0.0689679 0)
(1.77046 0.0682591 0)
(1.75671 0.0664382 0)
(1.7428 0.0637149 0)
(1.72913 0.0602619 0)
(1.71599 0.0561573 0)
(1.70359 0.0514147 0)
(1.69212 0.0460206 0)
(1.68173 0.0399524 0)
(1.67256 0.0331906 0)
(1.66473 0.0257303 0)
(1.65834 0.0175988 0)
(1.65345 0.00887991 0)
(1.6501 -0.00027602 0)
(1.6483 -0.00966659 0)
(1.64803 -0.0190634 0)
(1.64925 -0.0282316 0)
(1.65193 -0.0369391 0)
(1.65598 -0.0449607 0)
(1.66132 -0.0520809 0)
(1.66786 -0.0580928 0)
(1.67547 -0.0628195 0)
(1.68403 -0.066133 0)
(1.6934 -0.0679257 0)
(1.70345 -0.068107 0)
(1.71401 -0.06662 0)
(1.72493 -0.0634523 0)
(1.73603 -0.0586421 0)
(1.74708 -0.0522855 0)
(1.75785 -0.044562 0)
(1.76799 -0.0357777 0)
(1.77712 -0.0263062 0)
(1.78499 -0.0164633 0)
(1.79138 -0.00655502 0)
(1.79612 0.00313865 0)
(1.79911 0.012375 0)
(1.80033 0.0209427 0)
(1.79978 0.0286559 0)
(1.79746 0.0353573 0)
(1.79337 0.0408683 0)
(1.78764 0.0450447 0)
(1.78046 0.04795 0)
(1.77208 0.0496726 0)
(1.76279 0.0503107 0)
(1.7529 0.0499771 0)
(1.74268 0.0487869 0)
(1.73244 0.0468523 0)
(1.72244 0.0442667 0)
(1.7129 0.041079 0)
(1.70395 0.0372859 0)
(1.69578 0.0329368 0)
(1.68844 0.0279557 0)
(1.68214 0.0225071 0)
(1.67686 0.0163515 0)
(1.67271 0.00998037 0)
(1.66992 0.00246502 0)
(1.66779 -0.00370512 0)
(1.66813 -0.0150701 0)
(1.65881 -0.123867 0)
(1.67201 -0.13188 0)
(1.68651 -0.136853 0)
(1.70202 -0.138597 0)
(1.71833 -0.136986 0)
(1.73518 -0.131931 0)
(1.7523 -0.123436 0)
(1.76943 -0.111601 0)
(1.78628 -0.0966315 0)
(1.80255 -0.0788609 0)
(1.81784 -0.0588171 0)
(1.83158 -0.0373546 0)
(1.84318 -0.0153972 0)
(1.85229 0.00630215 0)
(1.8587 0.0270467 0)
(1.86212 0.0462749 0)
(1.86271 0.0635179 0)
(1.86101 0.0783475 0)
(1.85575 0.0904523 0)
(1.84768 0.0996357 0)
(1.8368 0.105683 0)
(1.82344 0.108797 0)
(1.8081 0.109345 0)
(1.79137 0.107717 0)
(1.77382 0.104318 0)
(1.75604 0.0995148 0)
(1.73859 0.0936127 0)
(1.72187 0.0867532 0)
(1.7062 0.0789505 0)
(1.69181 0.0701655 0)
(1.67892 0.0603458 0)
(1.66771 0.0494489 0)
(1.65831 0.0374802 0)
(1.65083 0.0245309 0)
(1.64535 0.0107928 0)
(1.64188 -0.00345507 0)
(1.64042 -0.0178855 0)
(1.64093 -0.0321545 0)
(1.64332 -0.0459163 0)
(1.6475 -0.058835 0)
(1.65332 -0.0705932 0)
(1.66066 -0.0808975 0)
(1.66938 -0.0894809 0)
(1.67933 -0.0961033 0)
(1.69037 -0.100555 0)
(1.70227 -0.102689 0)
(1.71489 -0.102403 0)
(1.72803 -0.0996194 0)
(1.74148 -0.0943241 0)
(1.75503 -0.0865744 0)
(1.76847 -0.076505 0)
(1.78155 -0.0643442 0)
(1.79397 -0.050441 0)
(1.8053 -0.0353437 0)
(1.81511 -0.0196835 0)
(1.82312 -0.00397403 0)
(1.8291 0.0113071 0)
(1.83292 0.0257553 0)
(1.8345 0.0390387 0)
(1.83382 0.0508641 0)
(1.83092 0.0609623 0)
(1.82579 0.0691341 0)
(1.81853 0.0751923 0)
(1.80934 0.0791228 0)
(1.7985 0.0811115 0)
(1.78642 0.0813536 0)
(1.77348 0.080064 0)
(1.76009 0.0774585 0)
(1.74665 0.073735 0)
(1.73353 0.0690629 0)
(1.72102 0.0635279 0)
(1.70935 0.0571558 0)
(1.69871 0.0499497 0)
(1.68925 0.0419128 0)
(1.68112 0.0330631 0)
(1.67443 0.0234558 0)
(1.66924 0.0132065 0)
(1.66559 0.00249787 0)
(1.66349 -0.00843947 0)
(1.66291 -0.0193541 0)
(1.66381 -0.0299878 0)
(1.66612 -0.0400868 0)
(1.66974 -0.0494104 0)
(1.67459 -0.0577357 0)
(1.68057 -0.0648597 0)
(1.68757 -0.0705991 0)
(1.69549 -0.0747901 0)
(1.70418 -0.0773052 0)
(1.7135 -0.0780687 0)
(1.72331 -0.0770163 0)
(1.73347 -0.0741179 0)
(1.74381 -0.0693966 0)
(1.75415 -0.0629334 0)
(1.7643 -0.054872 0)
(1.77404 -0.045429 0)
(1.78308 -0.0349332 0)
(1.79107 -0.0238191 0)
(1.79777 -0.0124385 0)
(1.80301 -0.00112582 0)
(1.80666 0.00981533 0)
(1.80866 0.0201228 0)
(1.80899 0.0295691 0)
(1.80767 0.0379571 0)
(1.80473 0.0451252 0)
(1.80017 0.0509282 0)
(1.79412 0.0552355 0)
(1.78678 0.0580868 0)
(1.77837 0.0595832 0)
(1.76918 0.0598225 0)
(1.75948 0.0589141 0)
(1.74956 0.0569754 0)
(1.73967 0.0541078 0)
(1.73013 0.0504465 0)
(1.72105 0.0459828 0)
(1.71273 0.0408642 0)
(1.70517 0.034956 0)
(1.69863 0.0284968 0)
(1.69309 0.0212072 0)
(1.6887 0.0136998 0)
(1.68559 0.00489904 0)
(1.68326 -0.00224086 0)
(1.68304 -0.0154409 0)
(1.6696 -0.135872 0)
(1.68182 -0.145224 0)
(1.69523 -0.151332 0)
(1.70961 -0.153964 0)
(1.72469 -0.152987 0)
(1.74026 -0.14832 0)
(1.75607 -0.13995 0)
(1.77186 -0.127976 0)
(1.78738 -0.112602 0)
(1.80238 -0.094133 0)
(1.81658 -0.0730126 0)
(1.82962 -0.0498893 0)
(1.84093 -0.0257743 0)
(1.85009 -0.00162204 0)
(1.85686 0.0217661 0)
(1.86107 0.0436574 0)
(1.86242 0.0635403 0)
(1.8618 0.0811026 0)
(1.85804 0.0960593 0)
(1.85181 0.108 0)
(1.84296 0.116754 0)
(1.83167 0.122169 0)
(1.81831 0.124503 0)
(1.80333 0.124138 0)
(1.78727 0.121447 0)
(1.77064 0.116802 0)
(1.75396 0.110527 0)
(1.73773 0.102878 0)
(1.72236 0.0939868 0)
(1.70814 0.0838703 0)
(1.69531 0.0725051 0)
(1.68408 0.0598806 0)
(1.6746 0.0460451 0)
(1.667 0.0311387 0)
(1.66136 0.0153993 0)
(1.65773 -0.000854985 0)
(1.65607 -0.0172591 0)
(1.65634 -0.0334355 0)
(1.65845 -0.049008 0)
(1.66227 -0.0636148 0)
(1.66766 -0.0769212 0)
(1.67446 -0.0886261 0)
(1.68252 -0.0984622 0)
(1.69168 -0.106191 0)
(1.70183 -0.111598 0)
(1.71282 -0.114505 0)
(1.72444 -0.114799 0)
(1.73653 -0.112413 0)
(1.7489 -0.107318 0)
(1.76137 -0.0995605 0)
(1.77372 -0.0892678 0)
(1.78575 -0.0766501 0)
(1.79724 -0.0620132 0)
(1.80792 -0.0457846 0)
(1.81739 -0.0285923 0)
(1.8253 -0.0111047 0)
(1.83144 0.00613862 0)
(1.83568 0.0226586 0)
(1.83793 0.0380975 0)
(1.83812 0.0521333 0)
(1.83625 0.0643556 0)
(1.83244 0.0745257 0)
(1.82671 0.0825854 0)
(1.81907 0.0883856 0)
(1.80978 0.0918803 0)
(1.79909 0.0932703 0)
(1.78737 0.0927545 0)
(1.775 0.0905373 0)
(1.76233 0.0868223 0)
(1.74972 0.0817911 0)
(1.73752 0.0755951 0)
(1.72604 0.0683364 0)
(1.71548 0.0600547 0)
(1.70604 0.0507801 0)
(1.69787 0.0405609 0)
(1.69109 0.0294902 0)
(1.68579 0.0177238 0)
(1.68201 0.0054795 0)
(1.67974 -0.00698044 0)
(1.67897 -0.0193779 0)
(1.67963 -0.0314322 0)
(1.68165 -0.0428711 0)
(1.68493 -0.0534399 0)
(1.68936 -0.0629067 0)
(1.69482 -0.0710643 0)
(1.70121 -0.0777292 0)
(1.70842 -0.0827368 0)
(1.71636 -0.0859449 0)
(1.72489 -0.0872505 0)
(1.73387 -0.0865984 0)
(1.74316 -0.083952 0)
(1.75262 -0.079323 0)
(1.7621 -0.0727833 0)
(1.77141 -0.0644648 0)
(1.7804 -0.0545609 0)
(1.78887 -0.0433354 0)
(1.79656 -0.0311558 0)
(1.80317 -0.0185015 0)
(1.80851 -0.00575898 0)
(1.81245 0.00671819 0)
(1.81491 0.0186167 0)
(1.81585 0.0296679 0)
(1.81526 0.0396407 0)
(1.8132 0.0483399 0)
(1.80971 0.0556144 0)
(1.80481 0.0613486 0)
(1.7986 0.06544 0)
(1.79129 0.0679062 0)
(1.78309 0.0688613 0)
(1.77425 0.0684056 0)
(1.76504 0.0666526 0)
(1.7557 0.0637056 0)
(1.74652 0.0597009 0)
(1.73767 0.0546911 0)
(1.72946 0.0488307 0)
(1.72195 0.0420568 0)
(1.71538 0.0345903 0)
(1.7098 0.0262334 0)
(1.70531 0.0176144 0)
(1.70203 0.00755802 0)
(1.6996 -0.000521027 0)
(1.69898 -0.0154587 0)
(1.68195 -0.146994 0)
(1.69317 -0.157505 0)
(1.70538 -0.164616 0)
(1.71848 -0.168065 0)
(1.73219 -0.167659 0)
(1.74632 -0.163325 0)
(1.76064 -0.155047 0)
(1.77492 -0.142922 0)
(1.78893 -0.12716 0)
(1.80245 -0.108067 0)
(1.81527 -0.0860624 0)
(1.82714 -0.0617195 0)
(1.83772 -0.0358644 0)
(1.84655 -0.00962204 0)
(1.85334 0.0160951 0)
(1.85791 0.0404767 0)
(1.86007 0.0628734 0)
(1.85975 0.0829492 0)
(1.85708 0.100351 0)
(1.85222 0.114686 0)
(1.84516 0.125768 0)
(1.83584 0.133464 0)
(1.82451 0.137693 0)
(1.81151 0.138748 0)
(1.79724 0.137004 0)
(1.78218 0.132811 0)
(1.76682 0.126503 0)
(1.75162 0.118353 0)
(1.73701 0.108554 0)
(1.72337 0.0972174 0)
(1.71099 0.0843984 0)
(1.7001 0.0701451 0)
(1.69087 0.0545475 0)
(1.68343 0.0377709 0)
(1.67785 0.0200749 0)
(1.67422 0.00184272 0)
(1.67251 -0.0164939 0)
(1.67266 -0.0345233 0)
(1.67458 -0.051836 0)
(1.67813 -0.0680422 0)
(1.68315 -0.0827879 0)
(1.68946 -0.0957657 0)
(1.6969 -0.106717 0)
(1.70528 -0.115421 0)
(1.71449 -0.121679 0)
(1.72445 -0.125298 0)
(1.73498 -0.126124 0)
(1.74592 -0.124091 0)
(1.7571 -0.119168 0)
(1.76835 -0.111392 0)
(1.77947 -0.100891 0)
(1.79031 -0.0878675 0)
(1.80066 -0.0726107 0)
(1.81033 -0.0555049 0)
(1.81908 -0.0370614 0)
(1.82653 -0.0180252 0)
(1.83245 0.000940758 0)
(1.83672 0.0192994 0)
(1.83915 0.0366254 0)
(1.83972 0.0525423 0)
(1.83904 0.0666442 0)
(1.83615 0.0786769 0)
(1.83167 0.088512 0)
(1.82554 0.0960425 0)
(1.81775 0.101125 0)
(1.80859 0.103759 0)
(1.79832 0.104155 0)
(1.78724 0.102507 0)
(1.7757 0.09901 0)
(1.76405 0.0938562 0)
(1.7526 0.0872098 0)
(1.74168 0.0792048 0)
(1.73155 0.069945 0)
(1.72243 0.059514 0)
(1.71449 0.0480024 0)
(1.70785 0.035535 0)
(1.7026 0.0222933 0)
(1.69882 0.00854515 0)
(1.69652 -0.00540134 0)
(1.69565 -0.0192402 0)
(1.69616 -0.0326656 0)
(1.69796 -0.0453826 0)
(1.70095 -0.0571185 0)
(1.705 -0.0676316 0)
(1.70999 -0.0767161 0)
(1.71578 -0.0841989 0)
(1.72227 -0.0899297 0)
(1.72939 -0.0937664 0)
(1.73706 -0.0955802 0)
(1.74513 -0.0952933 0)
(1.75349 -0.0928777 0)
(1.762 -0.0883336 0)
(1.77051 -0.0817257 0)
(1.77888 -0.0731824 0)
(1.78695 -0.0628906 0)
(1.79459 -0.0510976 0)
(1.80161 -0.0381206 0)
(1.8078 -0.0243824 0)
(1.81292 -0.0104045 0)
(1.81683 0.0034169 0)
(1.81946 0.016726 0)
(1.82075 0.0292165 0)
(1.82068 0.0406219 0)
(1.81927 0.0507089 0)
(1.8166 0.0593068 0)
(1.81273 0.0663017 0)
(1.80768 0.0715981 0)
(1.80152 0.075113 0)
(1.79446 0.0768597 0)
(1.78669 0.0769606 0)
(1.77844 0.07552 0)
(1.76995 0.0726449 0)
(1.76147 0.0684572 0)
(1.75321 0.0630567 0)
(1.74542 0.0565654 0)
(1.73826 0.0490404 0)
(1.7319 0.0406378 0)
(1.72644 0.0312616 0)
(1.722 0.0215743 0)
(1.71867 0.0103129 0)
(1.71623 0.00133016 0)
(1.71533 -0.0152307 0)
(1.69545 -0.157223 0)
(1.70566 -0.168682 0)
(1.71662 -0.176609 0)
(1.72829 -0.180757 0)
(1.74051 -0.180853 0)
(1.75303 -0.176792 0)
(1.76572 -0.168563 0)
(1.77832 -0.156268 0)
(1.79063 -0.14013 0)
(1.80249 -0.120468 0)
(1.81372 -0.0976954 0)
(1.82415 -0.0723542 0)
(1.83357 -0.0451754 0)
(1.84161 -0.0172145 0)
(1.84797 0.0104391 0)
(1.85245 0.0369722 0)
(1.85488 0.061688 0)
(1.85519 0.0840421 0)
(1.85342 0.103589 0)
(1.84966 0.119996 0)
(1.84403 0.133086 0)
(1.83656 0.142744 0)
(1.82722 0.14886 0)
(1.81624 0.151423 0)
(1.80396 0.150761 0)
(1.79075 0.147213 0)
(1.77704 0.141093 0)
(1.76329 0.13269 0)
(1.74992 0.122233 0)
(1.7373 0.109885 0)
(1.72575 0.0957708 0)
(1.71553 0.0800057 0)
(1.70683 0.062739 0)
(1.69977 0.0441815 0)
(1.69448 0.0246279 0)
(1.69102 0.00449441 0)
(1.68939 -0.0156975 0)
(1.68953 -0.0354998 0)
(1.69134 -0.0544669 0)
(1.69466 -0.0721769 0)
(1.69935 -0.0882513 0)
(1.70519 -0.102371 0)
(1.71201 -0.114283 0)
(1.71962 -0.123795 0)
(1.72787 -0.130751 0)
(1.73671 -0.134978 0)
(1.74609 -0.136282 0)
(1.75577 -0.134548 0)
(1.76565 -0.129756 0)
(1.77557 -0.12194 0)
(1.78535 -0.111232 0)
(1.79485 -0.0978387 0)
(1.80391 -0.0820426 0)
(1.8124 -0.0642068 0)
(1.82014 -0.0448029 0)
(1.82689 -0.0244718 0)
(1.83235 -0.00401127 0)
(1.8364 0.0159715 0)
(1.83892 0.0349182 0)
(1.83972 0.0523757 0)
(1.83948 0.0680716 0)
(1.83737 0.0817899 0)
(1.83385 0.0932237 0)
(1.82897 0.102254 0)
(1.82269 0.108787 0)
(1.81506 0.112727 0)
(1.80634 0.114111 0)
(1.79675 0.113146 0)
(1.78659 0.110013 0)
(1.77617 0.104892 0)
(1.76581 0.0979639 0)
(1.75581 0.0893884 0)
(1.74645 0.0793068 0)
(1.73795 0.0678492 0)
(1.73049 0.055154 0)
(1.72421 0.041388 0)
(1.71921 0.026765 0)
(1.71558 0.0115766 0)
(1.71333 -0.00379537 0)
(1.71245 -0.0190099 0)
(1.71286 -0.0337358 0)
(1.71449 -0.0476549 0)
(1.71721 -0.0604747 0)
(1.72091 -0.0719404 0)
(1.72544 -0.0818431 0)
(1.73067 -0.0900218 0)
(1.73646 -0.0963521 0)
(1.74275 -0.100721 0)
(1.74951 -0.102991 0)
(1.75663 -0.103036 0)
(1.76398 -0.100822 0)
(1.77146 -0.0963453 0)
(1.77893 -0.0896668 0)
(1.78627 -0.0809153 0)
(1.79333 -0.0702777 0)
(1.80001 -0.0579974 0)
(1.80617 -0.0443802 0)
(1.81166 -0.0298061 0)
(1.81629 -0.0147831 0)
(1.8199 0.000176874 0)
(1.82244 0.014688 0)
(1.82387 0.0284329 0)
(1.82411 0.0411228 0)
(1.82319 0.0524372 0)
(1.82116 0.0621773 0)
(1.81813 0.0702646 0)
(1.81412 0.0766037 0)
(1.80915 0.0811057 0)
(1.80327 0.0837019 0)
(1.7967 0.0844206 0)
(1.78958 0.0833825 0)
(1.78213 0.0806836 0)
(1.77458 0.0764363 0)
(1.76715 0.0707547 0)
(1.76004 0.0637778 0)
(1.75346 0.0555979 0)
(1.74755 0.0464051 0)
(1.74242 0.0361316 0)
(1.73818 0.025459 0)
(1.73494 0.0130773 0)
(1.73257 0.00324335 0)
(1.73151 -0.0148184 0)
(1.70977 -0.166536 0)
(1.71894 -0.178712 0)
(1.72858 -0.187226 0)
(1.7387 -0.191909 0)
(1.7493 -0.192422 0)
(1.7601 -0.188567 0)
(1.77098 -0.180337 0)
(1.78174 -0.167846 0)
(1.79221 -0.15134 0)
(1.80224 -0.131156 0)
(1.81171 -0.10772 0)
(1.82052 -0.081557 0)
(1.82852 -0.0533402 0)
(1.83547 -0.0240047 0)
(1.84109 0.00525211 0)
(1.84519 0.0335546 0)
(1.84764 0.0601594 0)
(1.84836 0.0844379 0)
(1.84731 0.105878 0)
(1.84454 0.124108 0)
(1.84014 0.138913 0)
(1.83423 0.15021 0)
(1.82682 0.157947 0)
(1.81787 0.162025 0)
(1.80767 0.162501 0)
(1.79648 0.159713 0)
(1.78466 0.153947 0)
(1.77264 0.145474 0)
(1.76081 0.134547 0)
(1.74956 0.121384 0)
(1.73918 0.106169 0)
(1.72995 0.089078 0)
(1.72205 0.0703122 0)
(1.71564 0.0501235 0)
(1.71085 0.0288441 0)
(1.70774 0.00693584 0)
(1.70633 -0.0150001 0)
(1.70656 -0.0364595 0)
(1.70832 -0.0569592 0)
(1.71146 -0.0760443 0)
(1.71582 -0.0933118 0)
(1.7212 -0.10843 0)
(1.72741 -0.121151 0)
(1.73424 -0.131304 0)
(1.74153 -0.138781 0)
(1.74921 -0.143472 0)
(1.75732 -0.145172 0)
(1.76567 -0.143685 0)
(1.77416 -0.138981 0)
(1.78265 -0.131096 0)
(1.79097 -0.120172 0)
(1.79902 -0.10643 0)
(1.80667 -0.090162 0)
(1.81382 -0.0717263 0)
(1.82036 -0.0515644 0)
(1.82615 -0.0302447 0)
(1.83097 -0.00855874 0)
(1.83464 0.012765 0)
(1.8371 0.0331263 0)
(1.83823 0.0520094 0)
(1.83798 0.0691277 0)
(1.83642 0.0842121 0)
(1.83366 0.0969649 0)
(1.82975 0.107241 0)
(1.82477 0.114968 0)
(1.8187 0.12008 0)
(1.81154 0.122487 0)
(1.80356 0.122259 0)
(1.79493 0.119588 0)
(1.78594 0.114631 0)
(1.77689 0.107561 0)
(1.76806 0.0985616 0)
(1.75971 0.0878095 0)
(1.75208 0.0754763 0)
(1.74534 0.061743 0)
(1.73963 0.0468148 0)
(1.73507 0.0309386 0)
(1.73174 0.0144311 0)
(1.72968 -0.00226903 0)
(1.72888 -0.0187649 0)
(1.72927 -0.0346984 0)
(1.73077 -0.0497266 0)
(1.73326 -0.0635366 0)
(1.73663 -0.0758574 0)
(1.74073 -0.0864731 0)
(1.7454 -0.0952293 0)
(1.75052 -0.102027 0)
(1.75598 -0.106797 0)
(1.76178 -0.109435 0)
(1.7679 -0.109771 0)
(1.77419 -0.107724 0)
(1.78059 -0.103291 0)
(1.78695 -0.0965338 0)
(1.79317 -0.0875853 0)
(1.79914 -0.0766372 0)
(1.80477 -0.0639308 0)
(1.80996 -0.0497647 0)
(1.8146 -0.0345096 0)
(1.81856 -0.0186403 0)
(1.82169 -0.00273475 0)
(1.82393 0.0127804 0)
(1.8252 0.0275651 0)
(1.82548 0.0412944 0)
(1.82513 0.053636 0)
(1.82359 0.0643724 0)
(1.82123 0.0733846 0)
(1.81809 0.0805881 0)
(1.8142 0.0859137 0)
(1.80956 0.0893002 0)
(1.8042 0.0906758 0)
(1.79832 0.0900891 0)
(1.79204 0.0876452 0)
(1.78558 0.0834391 0)
(1.77913 0.0775891 0)
(1.77291 0.0702468 0)
(1.76708 0.061537 0)
(1.7618 0.0516793 0)
(1.75718 0.0406386 0)
(1.7533 0.0291 0)
(1.75031 0.0157149 0)
(1.74811 0.00510291 0)
(1.74705 -0.0143195 0)
)
;

boundaryField
{
    inlet
    {
        type            fixedValue;
        value           nonuniform List<vector> 0();
    }
    outlet
    {
        type            zeroGradient;
    }
    topWall
    {
        type            noSlip;
    }
    lowerWall
    {
        type            noSlip;
    }
    leadingEdge
    {
        type            noSlip;
    }
    trailingEdge
    {
        type            noSlip;
    }
    upperSurface
    {
        type            noSlip;
    }
    lowerSurface
    {
        type            noSlip;
    }
    frontAndBack
    {
        type            empty;
    }
    procBoundary3to2
    {
        type            processor;
        value           nonuniform List<vector> 
25
(
(1.71699 -0.158439 0)
(1.73293 -0.165249 0)
(1.74882 -0.171183 0)
(1.76431 -0.176116 0)
(1.77918 -0.179877 0)
(0.0992795 -0.000528098 0)
(0.324462 -0.00224129 0)
(0.574331 -0.00427794 0)
(0.841329 -0.00599627 0)
(1.10061 -0.00701271 0)
(1.32241 -0.00798891 0)
(1.49203 -0.0077297 0)
(1.59335 -0.0107616 0)
(1.62993 -0.0218285 0)
(1.63014 -0.0355667 0)
(1.62572 -0.0500431 0)
(1.62404 -0.0638736 0)
(1.62559 -0.0772019 0)
(1.63022 -0.089876 0)
(1.63748 -0.101849 0)
(1.64713 -0.113078 0)
(1.65872 -0.123559 0)
(1.67184 -0.133342 0)
(1.68614 -0.142428 0)
(1.70129 -0.150811 0)
)
;
    }
    procBoundary3to7
    {
        type            processor;
        value           nonuniform List<vector> 
123
(
(1.79475 -0.198987 0)
(1.79561 -0.21097 0)
(1.79603 -0.218352 0)
(1.79609 -0.221669 0)
(1.79539 -0.221952 0)
(1.7935 -0.217297 0)
(1.79078 -0.206957 0)
(1.78772 -0.192385 0)
(1.78453 -0.173971 0)
(1.78134 -0.152135 0)
(1.77835 -0.127287 0)
(1.77571 -0.0998598 0)
(1.77354 -0.070359 0)
(1.77193 -0.0394011 0)
(1.77094 -0.00783317 0)
(1.77056 0.0233155 0)
(1.77073 0.0533285 0)
(1.77136 0.0815167 0)
(1.77236 0.107243 0)
(1.77365 0.129956 0)
(1.77514 0.14921 0)
(1.77673 0.164716 0)
(1.77834 0.17634 0)
(1.77984 0.184118 0)
(1.78105 0.188375 0)
(1.78201 0.18971 0)
(1.78291 0.188105 0)
(1.78365 0.180859 0)
(1.78418 0.169497 0)
(1.78467 0.154511 0)
(1.78524 0.136196 0)
(1.786 0.114901 0)
(1.78702 0.0910294 0)
(1.78838 0.0650543 0)
(1.7901 0.0375537 0)
(1.79214 0.00930138 0)
(1.7944 -0.0186958 0)
(1.79677 -0.0456955 0)
(1.79914 -0.0710509 0)
(1.80139 -0.0941769 0)
(1.8034 -0.114575 0)
(1.80509 -0.131861 0)
(1.80639 -0.145789 0)
(1.80731 -0.156259 0)
(1.80785 -0.16326 0)
(1.8081 -0.167045 0)
(1.80797 -0.16821 0)
(1.80716 -0.167027 0)
(1.80552 -0.161087 0)
(1.80345 -0.151641 0)
(1.80114 -0.139104 0)
(1.79872 -0.123786 0)
(1.79631 -0.106054 0)
(1.79405 -0.0862557 0)
(1.79203 -0.0647582 0)
(1.79034 -0.0419866 0)
(1.78904 -0.0184688 0)
(1.78817 0.0050574 0)
(1.78771 0.0279944 0)
(1.78762 0.0498341 0)
(1.78785 0.0701024 0)
(1.78834 0.0883777 0)
(1.78905 0.104293 0)
(1.78991 0.117565 0)
(1.79087 0.128001 0)
(1.79185 0.135547 0)
(1.79276 0.140323 0)
(1.79349 0.142655 0)
(1.79412 0.143045 0)
(1.79479 0.140445 0)
(1.79537 0.133815 0)
(1.79583 0.124231 0)
(1.79629 0.111952 0)
(1.7968 0.0972345 0)
(1.79743 0.0803715 0)
(1.79823 0.0617008 0)
(1.79921 0.0416221 0)
(1.8004 0.0206287 0)
(1.80175 -0.000607924 0)
(1.80319 -0.0213852 0)
(1.80466 -0.0412252 0)
(1.80607 -0.0596791 0)
(1.80737 -0.0763445 0)
(1.80849 -0.0908851 0)
(1.80938 -0.103044 0)
(1.81002 -0.11266 0)
(1.81041 -0.119679 0)
(1.81059 -0.124174 0)
(1.81062 -0.126382 0)
(1.81047 -0.126842 0)
(1.8098 -0.125041 0)
(1.80853 -0.119689 0)
(1.807 -0.111829 0)
(1.8053 -0.101666 0)
(1.80352 -0.0894523 0)
(1.80175 -0.0754906 0)
(1.80008 -0.0600774 0)
(1.79857 -0.0435246 0)
(1.79729 -0.0261963 0)
(1.79629 -0.00857346 0)
(1.79559 0.0088005 0)
(1.79519 0.025546 0)
(1.79507 0.041308 0)
(1.7952 0.0557613 0)
(1.79556 0.068615 0)
(1.79611 0.0796267 0)
(1.79681 0.088618 0)
(1.7976 0.095509 0)
(1.79842 0.100319 0)
(1.79917 0.103194 0)
(1.79917 0.103194 0)
(1.79254 0.103396 0)
(1.79428 0.102556 0)
(1.7962 0.0992724 0)
(1.79817 0.0936224 0)
(1.80009 0.0857706 0)
(1.80198 0.0759352 0)
(1.80385 0.0643433 0)
(1.80572 0.0511799 0)
(1.80753 0.0372065 0)
(1.80943 0.0207692 0)
(1.81085 0.00771405 0)
(1.81297 -0.0154851 0)
)
;
    }
}


// ************************************************************************* //
