/*--------------------------------*- C++ -*----------------------------------*\
| =========                 |                                                 |
| \\      /  F ield         | OpenFOAM: The Open Source CFD Toolbox           |
|  \\    /   O peration     | Version:  2206                                  |
|   \\  /    A nd           | Website:  www.openfoam.com                      |
|    \\/     M anipulation  |                                                 |
\*---------------------------------------------------------------------------*/
FoamFile
{
    version     2.0;
    format      ascii;
    arch        "LSB;label=32;scalar=64";
    class       volVectorField;
    location    "19.7001";
    object      U_0;
}
// * * * * * * * * * * * * * * * * * * * * * * * * * * * * * * * * * * * * * //

dimensions      [0 1 -1 0 0 0 0];

internalField   nonuniform List<vector> 
3088
(
(1.39454 0.148606 0)
(1.40692 0.206844 0)
(1.42389 0.261929 0)
(1.4449 0.312581 0)
(1.46929 0.357732 0)
(1.4963 0.396602 0)
(1.52519 0.428724 0)
(1.5552 0.453939 0)
(1.58569 0.472362 0)
(1.61606 0.484316 0)
(1.6458 0.490291 0)
(1.67448 0.490919 0)
(1.70175 0.486941 0)
(1.72747 0.479123 0)
(1.75166 0.468167 0)
(1.7745 0.454659 0)
(1.79628 0.438974 0)
(1.81734 0.421214 0)
(1.83803 0.401255 0)
(1.85861 0.378788 0)
(1.87932 0.353388 0)
(1.90028 0.324573 0)
(1.92153 0.291871 0)
(1.94299 0.254896 0)
(1.96446 0.213386 0)
(1.98564 0.167242 0)
(2.00617 0.116539 0)
(2.02565 0.0615206 0)
(2.04367 0.00267133 0)
(2.05974 -0.0590322 0)
(2.07311 -0.12167 0)
(2.08314 -0.183267 0)
(2.08947 -0.242191 0)
(2.09183 -0.296857 0)
(2.09005 -0.345795 0)
(2.08405 -0.387727 0)
(2.07393 -0.421595 0)
(2.05976 -0.446539 0)
(2.04069 -0.461765 0)
(2.01657 -0.466267 0)
(1.98777 -0.460822 0)
(1.95484 -0.447341 0)
(1.919 -0.428367 0)
(1.88176 -0.406886 0)
(1.84491 -0.3857 0)
(1.80943 -0.366388 0)
(1.776 -0.349605 0)
(1.74502 -0.335408 0)
(1.71668 -0.323412 0)
(1.69097 -0.31291 0)
(1.6678 -0.302993 0)
(1.64703 -0.292632 0)
(1.62853 -0.280737 0)
(1.61228 -0.266309 0)
(1.59829 -0.248504 0)
(1.58652 -0.226533 0)
(1.57705 -0.199812 0)
(1.56996 -0.167993 0)
(1.56534 -0.131004 0)
(1.56326 -0.0890651 0)
(1.56381 -0.0426927 0)
(1.56702 0.00730838 0)
(1.57295 0.0598325 0)
(1.58152 0.113392 0)
(1.5925 0.166124 0)
(1.60566 0.216615 0)
(1.62072 0.263625 0)
(1.63735 0.306059 0)
(1.65515 0.343044 0)
(1.67371 0.374005 0)
(1.69265 0.398677 0)
(1.71158 0.417064 0)
(1.73027 0.429333 0)
(1.74873 0.4356 0)
(1.76697 0.435743 0)
(1.78461 0.429817 0)
(1.80147 0.41836 0)
(1.81749 0.402163 0)
(1.83271 0.382077 0)
(1.84733 0.358869 0)
(1.86159 0.333138 0)
(1.87574 0.305293 0)
(1.88995 0.275574 0)
(1.90433 0.244096 0)
(1.9189 0.210911 0)
(1.93361 0.176044 0)
(1.94831 0.139516 0)
(1.96284 0.101382 0)
(1.97701 0.0617038 0)
(1.99064 0.0205552 0)
(2.00351 -0.0218889 0)
(2.01526 -0.0651204 0)
(2.02538 -0.108187 0)
(2.03353 -0.150122 0)
(2.03937 -0.189792 0)
(2.04236 -0.226256 0)
(2.04226 -0.259061 0)
(2.03921 -0.287548 0)
(2.03271 -0.310742 0)
(2.02258 -0.328039 0)
(2.00779 -0.338724 0)
(1.98833 -0.342177 0)
(1.96448 -0.339212 0)
(1.93713 -0.331126 0)
(1.90758 -0.319643 0)
(1.87744 -0.306765 0)
(1.84829 -0.294186 0)
(1.82096 -0.282727 0)
(1.79606 -0.272679 0)
(1.77396 -0.263942 0)
(1.75478 -0.256118 0)
(1.73849 -0.248572 0)
(1.72495 -0.240447 0)
(1.714 -0.230723 0)
(1.70558 -0.218664 0)
(1.69942 -0.20368 0)
(1.69527 -0.185297 0)
(1.69295 -0.163257 0)
(1.69228 -0.137514 0)
(1.69312 -0.108216 0)
(1.69532 -0.075686 0)
(1.69876 -0.0403744 0)
(1.70336 -0.00284001 0)
(1.36648 0.138992 0)
(1.37835 0.19235 0)
(1.39495 0.242994 0)
(1.41581 0.289787 0)
(1.44031 0.331763 0)
(1.46776 0.368192 0)
(1.49744 0.398611 0)
(1.52862 0.422826 0)
(1.56065 0.440888 0)
(1.59291 0.45305 0)
(1.62487 0.459717 0)
(1.65609 0.461418 0)
(1.68626 0.458753 0)
(1.71521 0.452326 0)
(1.74293 0.442687 0)
(1.76951 0.430307 0)
(1.79515 0.415479 0)
(1.82011 0.39828 0)
(1.84466 0.378599 0)
(1.86901 0.356184 0)
(1.89334 0.330685 0)
(1.91771 0.301715 0)
(1.94211 0.268907 0)
(1.96641 0.231983 0)
(1.99038 0.190791 0)
(2.01368 0.145315 0)
(2.03593 0.0956722 0)
(2.05676 0.0421209 0)
(2.07575 -0.014808 0)
(2.09234 -0.0739392 0)
(2.1057 -0.133264 0)
(2.11527 -0.191106 0)
(2.12061 -0.24593 0)
(2.12144 -0.296279 0)
(2.11759 -0.340795 0)
(2.10906 -0.378257 0)
(2.09591 -0.407577 0)
(2.07762 -0.427812 0)
(2.0535 -0.437675 0)
(2.02385 -0.436922 0)
(1.98903 -0.42697 0)
(1.95019 -0.410073 0)
(1.90895 -0.389217 0)
(1.86735 -0.367639 0)
(1.82693 -0.347653 0)
(1.78853 -0.330342 0)
(1.75271 -0.316044 0)
(1.71972 -0.30456 0)
(1.68958 -0.295298 0)
(1.66215 -0.287417 0)
(1.63722 -0.279948 0)
(1.61457 -0.271877 0)
(1.59404 -0.262192 0)
(1.57555 -0.249931 0)
(1.55918 -0.234306 0)
(1.54493 -0.21458 0)
(1.53295 -0.190207 0)
(1.5234 -0.160861 0)
(1.51645 -0.126472 0)
(1.51227 -0.0872495 0)
(1.51102 -0.0436931 0)
(1.5128 0.00340994 0)
(1.51771 0.0530136 0)
(1.52574 0.103768 0)
(1.53668 0.153925 0)
(1.5503 0.202092 0)
(1.56629 0.247112 0)
(1.5843 0.287955 0)
(1.6039 0.323787 0)
(1.62464 0.35402 0)
(1.64606 0.378338 0)
(1.66781 0.396657 0)
(1.68967 0.409016 0)
(1.71153 0.415447 0)
(1.73331 0.415914 0)
(1.75464 0.410569 0)
(1.77533 0.399882 0)
(1.79525 0.384505 0)
(1.81436 0.365159 0)
(1.83275 0.342523 0)
(1.85058 0.317165 0)
(1.86801 0.289511 0)
(1.88517 0.259853 0)
(1.90215 0.22838 0)
(1.91897 0.195216 0)
(1.93555 0.160456 0)
(1.9518 0.124185 0)
(1.96757 0.0864683 0)
(1.98275 0.047358 0)
(1.99717 0.0069572 0)
(2.01057 -0.034411 0)
(2.02242 -0.0759978 0)
(2.03224 -0.117011 0)
(2.03963 -0.156533 0)
(2.04415 -0.193518 0)
(2.04534 -0.227191 0)
(2.04449 -0.256896 0)
(2.03908 -0.281767 0)
(2.02962 -0.300906 0)
(2.01506 -0.313623 0)
(1.99516 -0.319056 0)
(1.97023 -0.317781 0)
(1.94114 -0.310998 0)
(1.90927 -0.300392 0)
(1.87628 -0.288031 0)
(1.84397 -0.275875 0)
(1.8133 -0.265028 0)
(1.78496 -0.255962 0)
(1.75938 -0.248701 0)
(1.73674 -0.242913 0)
(1.71704 -0.238011 0)
(1.70012 -0.23324 0)
(1.68578 -0.227728 0)
(1.67379 -0.220496 0)
(1.66408 -0.21071 0)
(1.65648 -0.197801 0)
(1.65079 -0.181314 0)
(1.64689 -0.161019 0)
(1.64469 -0.136888 0)
(1.64412 -0.109088 0)
(1.64508 -0.0779563 0)
(1.64753 -0.0439648 0)
(1.65141 -0.00769187 0)
(1.34477 0.129933 0)
(1.35611 0.178354 0)
(1.37222 0.224439 0)
(1.39269 0.267188 0)
(1.41696 0.30574 0)
(1.44442 0.339429 0)
(1.47437 0.367814 0)
(1.50614 0.390683 0)
(1.53908 0.408039 0)
(1.57258 0.420068 0)
(1.60612 0.427084 0)
(1.63927 0.429507 0)
(1.67173 0.427803 0)
(1.70332 0.422443 0)
(1.73397 0.413862 0)
(1.76371 0.402431 0)
(1.79265 0.388364 0)
(1.82099 0.371704 0)
(1.84891 0.352352 0)
(1.87657 0.330103 0)
(1.90405 0.304679 0)
(1.93138 0.275785 0)
(1.95849 0.243158 0)
(1.98518 0.206619 0)
(2.01118 0.166111 0)
(2.03616 0.121681 0)
(2.05974 0.0734651 0)
(2.08157 0.0217244 0)
(2.10123 -0.0329145 0)
(2.11801 -0.0889685 0)
(2.13117 -0.144566 0)
(2.14012 -0.198151 0)
(2.1443 -0.248344 0)
(2.14344 -0.293893 0)
(2.13749 -0.333472 0)
(2.12646 -0.365831 0)
(2.10996 -0.389975 0)
(2.08702 -0.404473 0)
(2.05769 -0.408112 0)
(2.02207 -0.401739 0)
(1.9812 -0.38721 0)
(1.93679 -0.367351 0)
(1.89101 -0.345566 0)
(1.84612 -0.324881 0)
(1.80318 -0.306864 0)
(1.76295 -0.292169 0)
(1.7258 -0.280799 0)
(1.69178 -0.272286 0)
(1.66073 -0.26585 0)
(1.63235 -0.260553 0)
(1.60634 -0.255409 0)
(1.58242 -0.249452 0)
(1.56037 -0.24176 0)
(1.54012 -0.231472 0)
(1.52177 -0.217868 0)
(1.50544 -0.200302 0)
(1.49129 -0.17827 0)
(1.47959 -0.15147 0)
(1.47059 -0.119841 0)
(1.46453 -0.083581 0)
(1.46162 -0.0431595 0)
(1.46205 0.000696115 0)
(1.46595 0.0469852 0)
(1.47336 0.0944729 0)
(1.4841 0.141622 0)
(1.49791 0.187038 0)
(1.51449 0.229641 0)
(1.53348 0.268467 0)
(1.55444 0.30273 0)
(1.57692 0.331857 0)
(1.60048 0.355483 0)
(1.62473 0.373416 0)
(1.64939 0.385589 0)
(1.67428 0.391989 0)
(1.69924 0.39264 0)
(1.72388 0.387749 0)
(1.74799 0.377733 0)
(1.7714 0.363137 0)
(1.794 0.344575 0)
(1.81581 0.322648 0)
(1.8369 0.297882 0)
(1.85736 0.270701 0)
(1.87727 0.241428 0)
(1.89668 0.210305 0)
(1.91559 0.177515 0)
(1.93393 0.143207 0)
(1.95162 0.107489 0)
(1.96858 0.070436 0)
(1.98473 0.0321155 0)
(1.99989 -0.00727921 0)
(2.01366 -0.0471557 0)
(2.02554 -0.086799 0)
(2.03505 -0.12539 0)
(2.04184 -0.162058 0)
(2.04488 -0.196096 0)
(2.045 -0.226546 0)
(2.04147 -0.252382 0)
(2.03243 -0.272678 0)
(2.01818 -0.286782 0)
(1.99818 -0.293715 0)
(1.97257 -0.293811 0)
(1.94227 -0.288138 0)
(1.90869 -0.27829 0)
(1.87353 -0.266323 0)
(1.83874 -0.254355 0)
(1.80545 -0.243741 0)
(1.77439 -0.235157 0)
(1.74602 -0.228798 0)
(1.72052 -0.224453 0)
(1.6979 -0.221594 0)
(1.67803 -0.219484 0)
(1.66069 -0.217283 0)
(1.64563 -0.214116 0)
(1.63261 -0.20908 0)
(1.62152 -0.201339 0)
(1.61238 -0.190351 0)
(1.60502 -0.175687 0)
(1.59941 -0.157144 0)
(1.59555 -0.134715 0)
(1.59344 -0.108576 0)
(1.59307 -0.0790637 0)
(1.59443 -0.0466544 0)
(1.5975 -0.0119362 0)
(1.32853 0.121352 0)
(1.33935 0.164873 0)
(1.35489 0.206377 0)
(1.3748 0.244997 0)
(1.39859 0.27998 0)
(1.42571 0.310729 0)
(1.45552 0.336832 0)
(1.48739 0.35807 0)
(1.5207 0.37441 0)
(1.55489 0.385975 0)
(1.58945 0.392997 0)
(1.62397 0.395783 0)
(1.65815 0.394687 0)
(1.6918 0.390074 0)
(1.72479 0.382291 0)
(1.75709 0.371613 0)
(1.78878 0.358181 0)
(1.81996 0.342011 0)
(1.85073 0.323017 0)
(1.88117 0.301034 0)
(1.91132 0.275852 0)
(1.94112 0.247262 0)
(1.97043 0.215099 0)
(1.99904 0.17927 0)
(2.02663 0.13979 0)
(2.05286 0.0967453 0)
(2.07741 0.050274 0)
(2.09994 0.000664582 0)
(2.11993 -0.051281 0)
(2.13655 -0.103878 0)
(2.14919 -0.155434 0)
(2.15726 -0.204296 0)
(2.1601 -0.249264 0)
(2.15742 -0.289462 0)
(2.14933 -0.323635 0)
(2.13562 -0.350455 0)
(2.11503 -0.368416 0)
(2.08705 -0.375754 0)
(2.05164 -0.372623 0)
(2.00967 -0.36044 0)
(1.9629 -0.341747 0)
(1.91369 -0.319959 0)
(1.86481 -0.298585 0)
(1.81782 -0.279773 0)
(1.77369 -0.2645 0)
(1.73292 -0.252987 0)
(1.69564 -0.244893 0)
(1.66167 -0.239504 0)
(1.63065 -0.235892 0)
(1.60215 -0.233055 0)
(1.57574 -0.230023 0)
(1.55112 -0.225913 0)
(1.52808 -0.219938 0)
(1.50658 -0.211384 0)
(1.48673 -0.199623 0)
(1.46875 -0.184101 0)
(1.45286 -0.164366 0)
(1.43938 -0.140145 0)
(1.42864 -0.111377 0)
(1.42095 -0.0782452 0)
(1.4166 -0.0411837 0)
(1.41581 -0.000867495 0)
(1.41872 0.0417831 0)
(1.42542 0.0856553 0)
(1.43581 0.129429 0)
(1.44958 0.171732 0)
(1.46646 0.211561 0)
(1.48607 0.248014 0)
(1.50799 0.280342 0)
(1.53179 0.307973 0)
(1.55704 0.330514 0)
(1.58334 0.347718 0)
(1.61039 0.359441 0)
(1.63789 0.36562 0)
(1.66559 0.366318 0)
(1.69311 0.36177 0)
(1.7202 0.352337 0)
(1.74666 0.338482 0)
(1.77232 0.320731 0)
(1.79715 0.299613 0)
(1.82114 0.27561 0)
(1.84431 0.249133 0)
(1.86669 0.220525 0)
(1.8883 0.190062 0)
(1.90909 0.157969 0)
(1.92902 0.12442 0)
(1.94804 0.089528 0)
(1.96612 0.0533637 0)
(1.98316 0.0160443 0)
(1.99888 -0.0219998 0)
(2.01282 -0.0600687 0)
(2.02449 -0.0973964 0)
(2.03334 -0.133154 0)
(2.0388 -0.16656 0)
(2.04039 -0.196858 0)
(2.03744 -0.223054 0)
(2.02952 -0.244024 0)
(2.01579 -0.258928 0)
(1.99595 -0.266828 0)
(1.97011 -0.267934 0)
(1.9391 -0.263143 0)
(1.90441 -0.25394 0)
(1.86779 -0.242326 0)
(1.83133 -0.230487 0)
(1.79629 -0.219946 0)
(1.76344 -0.211544 0)
(1.73319 -0.205623 0)
(1.70571 -0.202111 0)
(1.68097 -0.200604 0)
(1.65881 -0.20044 0)
(1.63902 -0.200801 0)
(1.62134 -0.200814 0)
(1.60556 -0.199631 0)
(1.59147 -0.196446 0)
(1.579 -0.190501 0)
(1.56823 -0.181256 0)
(1.55914 -0.168328 0)
(1.55176 -0.151535 0)
(1.54617 -0.130886 0)
(1.54243 -0.106558 0)
(1.5406 -0.0788846 0)
(1.54074 -0.0483335 0)
(1.54289 -0.0154836 0)
(1.3168 0.113222 0)
(1.32715 0.15198 0)
(1.3421 0.188971 0)
(1.36133 0.223459 0)
(1.38445 0.254797 0)
(1.41095 0.282463 0)
(1.44027 0.306085 0)
(1.47185 0.32545 0)
(1.50512 0.340493 0)
(1.53954 0.351279 0)
(1.57466 0.357967 0)
(1.61006 0.360769 0)
(1.64546 0.35995 0)
(1.6806 0.355793 0)
(1.71536 0.348555 0)
(1.74967 0.338422 0)
(1.78354 0.325484 0)
(1.817 0.309741 0)
(1.85008 0.29112 0)
(1.88279 0.269493 0)
(1.91507 0.244712 0)
(1.94682 0.216646 0)
(1.97783 0.185215 0)
(2.00785 0.150406 0)
(2.03657 0.11227 0)
(2.06371 0.070886 0)
(2.08899 0.0263837 0)
(2.11203 -0.0208248 0)
(2.13198 -0.06951 0)
(2.148 -0.118154 0)
(2.15956 -0.165155 0)
(2.16589 -0.208916 0)
(2.167 -0.248473 0)
(2.16349 -0.283152 0)
(2.15304 -0.311454 0)
(2.13559 -0.331668 0)
(2.10975 -0.341652 0)
(2.07529 -0.340993 0)
(2.03296 -0.330725 0)
(1.98457 -0.313073 0)
(1.93263 -0.291344 0)
(1.88037 -0.269328 0)
(1.82994 -0.249703 0)
(1.78253 -0.233781 0)
(1.73881 -0.221992 0)
(1.699 -0.21414 0)
(1.6629 -0.209564 0)
(1.63008 -0.207314 0)
(1.59999 -0.206346 0)
(1.57209 -0.205667 0)
(1.54591 -0.204402 0)
(1.52115 -0.201808 0)
(1.49765 -0.197255 0)
(1.47541 -0.190178 0)
(1.45458 -0.180058 0)
(1.43544 -0.166438 0)
(1.41826 -0.148918 0)
(1.40343 -0.127257 0)
(1.39132 -0.101396 0)
(1.38231 -0.0714911 0)
(1.37671 -0.0379336 0)
(1.37481 -0.00136083 0)
(1.3768 0.0374182 0)
(1.38276 0.0774162 0)
(1.39264 0.117495 0)
(1.4062 0.156407 0)
(1.4231 0.193165 0)
(1.44303 0.226935 0)
(1.46556 0.257002 0)
(1.49029 0.282801 0)
(1.5168 0.30391 0)
(1.54469 0.320042 0)
(1.57362 0.331022 0)
(1.60327 0.336789 0)
(1.63324 0.337411 0)
(1.66315 0.333099 0)
(1.69274 0.324165 0)
(1.72176 0.311002 0)
(1.75002 0.294066 0)
(1.77742 0.273824 0)
(1.80389 0.250715 0)
(1.82941 0.225135 0)
(1.85393 0.197432 0)
(1.87743 0.167902 0)
(1.89986 0.136784 0)
(1.9212 0.104247 0)
(1.94145 0.0703922 0)
(1.96059 0.0353159 0)
(1.97838 -0.000662167 0)
(1.99437 -0.0369261 0)
(2.00802 -0.0727541 0)
(2.01876 -0.107292 0)
(2.02599 -0.139675 0)
(2.02909 -0.169071 0)
(2.02754 -0.194652 0)
(2.02074 -0.215599 0)
(2.00769 -0.230908 0)
(1.98809 -0.239306 0)
(1.96216 -0.240983 0)
(1.93077 -0.236799 0)
(1.89545 -0.228128 0)
(1.85803 -0.216884 0)
(1.8207 -0.205245 0)
(1.78481 -0.194802 0)
(1.7511 -0.186458 0)
(1.71992 -0.180644 0)
(1.69139 -0.177434 0)
(1.66543 -0.176583 0)
(1.64185 -0.177568 0)
(1.62039 -0.179666 0)
(1.60081 -0.182037 0)
(1.58285 -0.183826 0)
(1.56634 -0.184237 0)
(1.55117 -0.182558 0)
(1.5373 -0.178137 0)
(1.5249 -0.170466 0)
(1.51407 -0.159198 0)
(1.50492 -0.144157 0)
(1.4976 -0.125358 0)
(1.49224 -0.102975 0)
(1.48894 -0.0773308 0)
(1.48782 -0.0488794 0)
(1.48894 -0.0181854 0)
(1.30851 0.105382 0)
(1.31843 0.139551 0)
(1.33276 0.172163 0)
(1.35127 0.202601 0)
(1.37362 0.230317 0)
(1.39936 0.254857 0)
(1.42801 0.275886 0)
(1.45905 0.293192 0)
(1.49196 0.306692 0)
(1.52626 0.316412 0)
(1.56152 0.322453 0)
(1.59736 0.324964 0)
(1.63346 0.32413 0)
(1.6696 0.320154 0)
(1.70562 0.313208 0)
(1.74142 0.303415 0)
(1.77695 0.290834 0)
(1.81216 0.275454 0)
(1.84702 0.257215 0)
(1.88144 0.236027 0)
(1.91533 0.211802 0)
(1.94849 0.184477 0)
(1.98068 0.154038 0)
(2.01163 0.120509 0)
(2.04108 0.0839232 0)
(2.06884 0.0443282 0)
(2.09469 0.00194055 0)
(2.11797 -0.0423752 0)
(2.13769 -0.0872568 0)
(2.15308 -0.131407 0)
(2.16363 -0.173435 0)
(2.1679 -0.212276 0)
(2.16805 -0.246552 0)
(2.16206 -0.275054 0)
(2.14728 -0.296034 0)
(2.12365 -0.307321 0)
(2.09034 -0.308049 0)
(2.04793 -0.298954 0)
(1.99837 -0.281972 0)
(1.94437 -0.260248 0)
(1.88945 -0.237664 0)
(1.83638 -0.217306 0)
(1.78654 -0.200765 0)
(1.74079 -0.188687 0)
(1.69937 -0.181008 0)
(1.66207 -0.177101 0)
(1.6284 -0.176004 0)
(1.59771 -0.176631 0)
(1.56933 -0.177936 0)
(1.54266 -0.179008 0)
(1.51728 -0.179115 0)
(1.49291 -0.17768 0)
(1.46946 -0.174235 0)
(1.447 -0.168368 0)
(1.4257 -0.159681 0)
(1.40589 -0.147798 0)
(1.38791 -0.13238 0)
(1.37217 -0.113214 0)
(1.3591 -0.0902449 0)
(1.3491 -0.0636091 0)
(1.34253 -0.0336516 0)
(1.33969 -0.000911254 0)
(1.34083 0.0338783 0)
(1.34604 0.0698418 0)
(1.35532 0.105999 0)
(1.36848 0.141298 0)
(1.3852 0.174735 0)
(1.40515 0.205547 0)
(1.42798 0.23306 0)
(1.45328 0.256718 0)
(1.48065 0.276086 0)
(1.50969 0.290855 0)
(1.54002 0.30084 0)
(1.57125 0.305994 0)
(1.60295 0.306402 0)
(1.63476 0.302227 0)
(1.66633 0.293705 0)
(1.69741 0.281181 0)
(1.72778 0.26505 0)
(1.75728 0.245726 0)
(1.78579 0.223612 0)
(1.81322 0.199087 0)
(1.83949 0.172492 0)
(1.86455 0.14412 0)
(1.88838 0.114187 0)
(1.911 0.0828242 0)
(1.93242 0.0501311 0)
(1.95244 0.016415 0)
(1.9706 -0.0177469 0)
(1.98632 -0.05166 0)
(1.99894 -0.0844992 0)
(2.00777 -0.115411 0)
(2.01219 -0.143545 0)
(2.01172 -0.16808 0)
(2.00577 -0.188314 0)
(1.99322 -0.203262 0)
(1.97379 -0.211568 0)
(1.94772 -0.213378 0)
(1.91606 -0.209501 0)
(1.88045 -0.201255 0)
(1.84284 -0.190481 0)
(1.80549 -0.17927 0)
(1.76969 -0.169117 0)
(1.73608 -0.160892 0)
(1.70498 -0.155082 0)
(1.67644 -0.151872 0)
(1.65029 -0.151164 0)
(1.6263 -0.152598 0)
(1.60416 -0.155596 0)
(1.58357 -0.159424 0)
(1.56427 -0.163274 0)
(1.54607 -0.166354 0)
(1.52886 -0.167946 0)
(1.51262 -0.16743 0)
(1.49742 -0.164273 0)
(1.48344 -0.158013 0)
(1.47093 -0.148331 0)
(1.46006 -0.13505 0)
(1.45106 -0.118175 0)
(1.44412 -0.0978662 0)
(1.43938 -0.0744245 0)
(1.437 -0.0482803 0)
(1.43708 -0.0199731 0)
(1.30265 0.097873 0)
(1.31226 0.12771 0)
(1.32605 0.156115 0)
(1.34384 0.182592 0)
(1.36537 0.206696 0)
(1.39025 0.228051 0)
(1.41808 0.246371 0)
(1.44838 0.261467 0)
(1.4807 0.27324 0)
(1.5146 0.281676 0)
(1.54967 0.286826 0)
(1.58557 0.288785 0)
(1.622 0.287666 0)
(1.65872 0.283599 0)
(1.69556 0.276703 0)
(1.73239 0.267064 0)
(1.76908 0.254716 0)
(1.80554 0.239647 0)
(1.84166 0.221809 0)
(1.87728 0.201153 0)
(1.91223 0.177641 0)
(1.94626 0.151267 0)
(1.97912 0.122043 0)
(2.01058 0.089972 0)
(2.0405 0.0550266 0)
(2.06874 0.0172562 0)
(2.09487 -0.0228006 0)
(2.11795 -0.0638488 0)
(2.13714 -0.104626 0)
(2.15176 -0.143868 0)
(2.16067 -0.180614 0)
(2.16356 -0.213731 0)
(2.16038 -0.241594 0)
(2.14797 -0.262437 0)
(2.12567 -0.273688 0)
(2.09303 -0.274653 0)
(2.05045 -0.265918 0)
(1.99995 -0.249145 0)
(1.94451 -0.22732 0)
(1.88791 -0.204321 0)
(1.83334 -0.18343 0)
(1.78233 -0.16644 0)
(1.73582 -0.154168 0)
(1.69404 -0.146647 0)
(1.65675 -0.143308 0)
(1.62337 -0.143209 0)
(1.59317 -0.145235 0)
(1.56539 -0.148267 0)
(1.53932 -0.151325 0)
(1.51439 -0.153646 0)
(1.49025 -0.154675 0)
(1.46671 -0.154021 0)
(1.44376 -0.151374 0)
(1.42154 -0.146459 0)
(1.40027 -0.138992 0)
(1.38029 -0.128674 0)
(1.36199 -0.115229 0)
(1.34581 -0.0984606 0)
(1.33218 -0.0783168 0)
(1.32154 -0.0549109 0)
(1.31428 -0.0285367 0)
(1.31074 0.000342823 0)
(1.31115 0.031089 0)
(1.31565 0.0629415 0)
(1.32428 0.0950499 0)
(1.33691 0.126521 0)
(1.35329 0.156484 0)
(1.37308 0.184138 0)
(1.39594 0.208856 0)
(1.4215 0.230109 0)
(1.44937 0.247473 0)
(1.47913 0.260645 0)
(1.51035 0.269447 0)
(1.5426 0.273835 0)
(1.57548 0.273872 0)
(1.60861 0.269687 0)
(1.64165 0.261483 0)
(1.67428 0.249533 0)
(1.70624 0.234182 0)
(1.73734 0.215801 0)
(1.7674 0.194761 0)
(1.79629 0.171418 0)
(1.82391 0.146085 0)
(1.85026 0.119005 0)
(1.87534 0.0903283 0)
(1.89918 0.0601846 0)
(1.9215 0.0289359 0)
(1.94184 -0.00287907 0)
(1.95954 -0.0345564 0)
(1.97386 -0.0652849 0)
(1.98406 -0.0942256 0)
(1.98951 -0.120554 0)
(1.98974 -0.1435 0)
(1.98409 -0.162443 0)
(1.97152 -0.176288 0)
(1.95185 -0.18384 0)
(1.92546 -0.185343 0)
(1.89362 -0.181554 0)
(1.85813 -0.173741 0)
(1.82108 -0.16368 0)
(1.78464 -0.153247 0)
(1.74988 -0.143703 0)
(1.71739 -0.13583 0)
(1.6874 -0.130123 0)
(1.65987 -0.126832 0)
(1.63459 -0.125965 0)
(1.61124 -0.127313 0)
(1.58944 -0.13047 0)
(1.56886 -0.134862 0)
(1.54918 -0.139799 0)
(1.5302 -0.144554 0)
(1.5118 -0.148427 0)
(1.49396 -0.150796 0)
(1.47675 -0.151132 0)
(1.46033 -0.14899 0)
(1.44491 -0.143981 0)
(1.43083 -0.135807 0)
(1.41836 -0.124283 0)
(1.40777 -0.10939 0)
(1.3993 -0.0912654 0)
(1.39317 -0.07018 0)
(1.38953 -0.0465289 0)
(1.38854 -0.0208141 0)
(1.29814 0.0904085 0)
(1.30756 0.11616 0)
(1.32091 0.140572 0)
(1.33808 0.163264 0)
(1.35884 0.18388 0)
(1.38287 0.202114 0)
(1.40982 0.217721 0)
(1.43929 0.230532 0)
(1.47088 0.240445 0)
(1.50418 0.24742 0)
(1.53883 0.251466 0)
(1.57451 0.252629 0)
(1.61095 0.250975 0)
(1.64791 0.246582 0)
(1.6852 0.239535 0)
(1.72265 0.229892 0)
(1.76008 0.217676 0)
(1.79734 0.202873 0)
(1.83423 0.185463 0)
(1.87055 0.165438 0)
(1.90604 0.142807 0)
(1.94045 0.11757 0)
(1.97359 0.0896986 0)
(2.00538 0.0591183 0)
(2.03574 0.0257602 0)
(2.0643 -0.0100606 0)
(2.0901 -0.0472764 0)
(2.11216 -0.0846992 0)
(2.12957 -0.121019 0)
(2.14145 -0.154981 0)
(2.14696 -0.185399 0)
(2.14504 -0.211172 0)
(2.13376 -0.230692 0)
(2.11171 -0.240951 0)
(2.07866 -0.241144 0)
(2.03541 -0.232008 0)
(1.9841 -0.215088 0)
(1.92791 -0.193184 0)
(1.87099 -0.170135 0)
(1.81655 -0.149164 0)
(1.76618 -0.132114 0)
(1.72071 -0.119865 0)
(1.68028 -0.112533 0)
(1.64453 -0.109659 0)
(1.61285 -0.110371 0)
(1.58444 -0.113559 0)
(1.55843 -0.118055 0)
(1.53404 -0.122798 0)
(1.51062 -0.126956 0)
(1.48771 -0.129961 0)
(1.4651 -0.13146 0)
(1.44272 -0.131231 0)
(1.42065 -0.129103 0)
(1.39908 -0.124912 0)
(1.37829 -0.118468 0)
(1.3586 -0.109547 0)
(1.34045 -0.0979208 0)
(1.32429 -0.0834241 0)
(1.31057 -0.0659919 0)
(1.2997 -0.0457099 0)
(1.2921 -0.0228262 0)
(1.28811 0.00224581 0)
(1.28799 0.0289757 0)
(1.29191 0.056719 0)
(1.29992 0.0847428 0)
(1.31194 0.112273 0)
(1.32782 0.138548 0)
(1.34725 0.162866 0)
(1.36992 0.184611 0)
(1.39544 0.203269 0)
(1.42342 0.218441 0)
(1.45343 0.229848 0)
(1.48504 0.23733 0)
(1.51782 0.240823 0)
(1.55138 0.24035 0)
(1.58531 0.236017 0)
(1.61927 0.228005 0)
(1.65292 0.216559 0)
(1.68595 0.201967 0)
(1.71813 0.184551 0)
(1.74925 0.164647 0)
(1.77918 0.142557 0)
(1.80791 0.118515 0)
(1.83543 0.0926765 0)
(1.86166 0.0652456 0)
(1.88624 0.0366513 0)
(1.90861 0.00744382 0)
(1.92801 -0.0216398 0)
(1.94361 -0.0497961 0)
(1.95465 -0.076225 0)
(1.96054 -0.10015 0)
(1.96087 -0.120924 0)
(1.95482 -0.137998 0)
(1.9416 -0.15004 0)
(1.92123 -0.156283 0)
(1.89442 -0.157116 0)
(1.86265 -0.153306 0)
(1.8279 -0.146091 0)
(1.79227 -0.137083 0)
(1.75766 -0.127802 0)
(1.72489 -0.119227 0)
(1.69446 -0.112026 0)
(1.6665 -0.106661 0)
(1.64092 -0.103393 0)
(1.61744 -0.102293 0)
(1.59567 -0.103259 0)
(1.5752 -0.106038 0)
(1.55563 -0.110242 0)
(1.53659 -0.115359 0)
(1.51782 -0.120791 0)
(1.49919 -0.125913 0)
(1.48067 -0.130128 0)
(1.46234 -0.132911 0)
(1.44434 -0.133815 0)
(1.4269 -0.132463 0)
(1.4103 -0.12854 0)
(1.39484 -0.121769 0)
(1.38094 -0.111976 0)
(1.36889 -0.0991016 0)
(1.35901 -0.08324 0)
(1.35153 -0.0646257 0)
(1.34667 -0.0436127 0)
(1.34457 -0.0206554 0)
(1.294 0.0829874 0)
(1.3034 0.104931 0)
(1.31647 0.125576 0)
(1.33313 0.14465 0)
(1.3532 0.161885 0)
(1.37644 0.177041 0)
(1.40255 0.189922 0)
(1.43119 0.200379 0)
(1.46199 0.208316 0)
(1.49461 0.213678 0)
(1.5287 0.216442 0)
(1.56399 0.216609 0)
(1.6002 0.214206 0)
(1.63713 0.209279 0)
(1.67458 0.201894 0)
(1.71231 0.192117 0)
(1.75011 0.179974 0)
(1.78773 0.165458 0)
(1.82493 0.14856 0)
(1.86145 0.129301 0)
(1.89705 0.107697 0)
(1.93157 0.0836934 0)
(1.96503 0.0571128 0)
(1.99737 0.0278071 0)
(2.02803 -0.0039265 0)
(2.05587 -0.037129 0)
(2.07977 -0.0707269 0)
(2.09859 -0.103486 0)
(2.11125 -0.134002 0)
(2.11696 -0.161069 0)
(2.11472 -0.183811 0)
(2.10238 -0.200655 0)
(2.07877 -0.208712 0)
(2.04376 -0.20743 0)
(1.99875 -0.19738 0)
(1.94641 -0.180139 0)
(1.89026 -0.158516 0)
(1.83478 -0.136224 0)
(1.78262 -0.116008 0)
(1.73513 -0.0995222 0)
(1.69289 -0.0876294 0)
(1.65584 -0.0805649 0)
(1.62352 -0.0780171 0)
(1.59519 -0.0792486 0)
(1.56999 -0.083233 0)
(1.54702 -0.0888086 0)
(1.52541 -0.0948553 0)
(1.50448 -0.100461 0)
(1.48374 -0.105008 0)
(1.46293 -0.108146 0)
(1.44199 -0.109705 0)
(1.42097 -0.109602 0)
(1.40005 -0.10777 0)
(1.37946 -0.104126 0)
(1.35951 -0.0985531 0)
(1.34055 -0.0908909 0)
(1.323 -0.0809571 0)
(1.30727 -0.0685921 0)
(1.29386 -0.0537415 0)
(1.28317 -0.0364622 0)
(1.27559 -0.0169479 0)
(1.27148 0.00445302 0)
(1.27109 0.0272878 0)
(1.27462 0.0510135 0)
(1.28214 0.0750085 0)
(1.29362 0.0986097 0)
(1.30893 0.121154 0)
(1.32785 0.142018 0)
(1.35007 0.160649 0)
(1.37523 0.17658 0)
(1.40295 0.189444 0)
(1.43282 0.198974 0)
(1.4644 0.205004 0)
(1.49729 0.207459 0)
(1.53106 0.206351 0)
(1.56531 0.201765 0)
(1.59967 0.193851 0)
(1.63378 0.182824 0)
(1.66735 0.168946 0)
(1.70012 0.15249 0)
(1.73195 0.133696 0)
(1.76278 0.112747 0)
(1.79255 0.0898168 0)
(1.82095 0.0652404 0)
(1.8475 0.0394976 0)
(1.87146 0.0132046 0)
(1.89194 -0.0128651 0)
(1.90807 -0.0379263 0)
(1.91912 -0.0612431 0)
(1.92465 -0.082159 0)
(1.92422 -0.100229 0)
(1.91694 -0.114793 0)
(1.90245 -0.124444 0)
(1.88111 -0.129006 0)
(1.85401 -0.129008 0)
(1.82289 -0.125255 0)
(1.78972 -0.118906 0)
(1.75652 -0.111293 0)
(1.72463 -0.103497 0)
(1.69473 -0.0962423 0)
(1.66718 -0.0900544 0)
(1.64204 -0.0853245 0)
(1.61913 -0.0822943 0)
(1.59815 -0.0810572 0)
(1.57868 -0.0815834 0)
(1.56029 -0.0837376 0)
(1.54253 -0.0872857 0)
(1.52506 -0.0918779 0)
(1.50755 -0.09708 0)
(1.48974 -0.102422 0)
(1.47157 -0.107418 0)
(1.45309 -0.11159 0)
(1.43449 -0.114485 0)
(1.41597 -0.115717 0)
(1.39782 -0.114963 0)
(1.38032 -0.111955 0)
(1.36385 -0.106469 0)
(1.34876 -0.0983221 0)
(1.33548 -0.0874472 0)
(1.32435 -0.0738919 0)
(1.31566 -0.0578247 0)
(1.30964 -0.0395447 0)
(1.30647 -0.0194581 0)
(1.28903 0.0752687 0)
(1.29862 0.0936938 0)
(1.31163 0.110849 0)
(1.32798 0.126539 0)
(1.34756 0.140567 0)
(1.37016 0.152758 0)
(1.39555 0.16297 0)
(1.42344 0.171089 0)
(1.45351 0.17703 0)
(1.48544 0.180728 0)
(1.51893 0.182125 0)
(1.55369 0.181181 0)
(1.58952 0.177883 0)
(1.62622 0.17227 0)
(1.6636 0.164422 0)
(1.70139 0.15442 0)
(1.73925 0.142297 0)
(1.77684 0.128061 0)
(1.8139 0.111742 0)
(1.85033 0.0933514 0)
(1.88612 0.0727379 0)
(1.92127 0.0496049 0)
(1.95546 0.0238666 0)
(1.98755 -0.0038861 0)
(2.01623 -0.0328129 0)
(2.04018 -0.0619439 0)
(2.05822 -0.0900534 0)
(2.06953 -0.116046 0)
(2.0732 -0.139086 0)
(2.0674 -0.158337 0)
(2.05054 -0.171108 0)
(2.02221 -0.175708 0)
(1.98303 -0.172047 0)
(1.93522 -0.160819 0)
(1.8822 -0.143805 0)
(1.82812 -0.123804 0)
(1.77664 -0.103724 0)
(1.72943 -0.0855028 0)
(1.68744 -0.0704674 0)
(1.65091 -0.0594642 0)
(1.61952 -0.0528602 0)
(1.59264 -0.0505234 0)
(1.56941 -0.0519021 0)
(1.54894 -0.0561445 0)
(1.53029 -0.0621989 0)
(1.51256 -0.0689707 0)
(1.49503 -0.0755094 0)
(1.47723 -0.0811256 0)
(1.45896 -0.0854179 0)
(1.44016 -0.0882261 0)
(1.4209 -0.0895189 0)
(1.40134 -0.0893104 0)
(1.38172 -0.087607 0)
(1.36234 -0.0843871 0)
(1.34353 -0.0795768 0)
(1.32563 -0.0730526 0)
(1.30904 -0.0646749 0)
(1.29418 -0.0543187 0)
(1.28146 -0.0419006 0)
(1.27132 -0.0274467 0)
(1.26413 -0.0111425 0)
(1.2602 0.00673987 0)
(1.25983 0.0258238 0)
(1.26318 0.0456575 0)
(1.27037 0.0657199 0)
(1.2814 0.0854522 0)
(1.29618 0.104291 0)
(1.3145 0.121699 0)
(1.33612 0.137188 0)
(1.3607 0.150339 0)
(1.38789 0.160815 0)
(1.41729 0.168367 0)
(1.4485 0.172833 0)
(1.48109 0.174139 0)
(1.51464 0.172294 0)
(1.54874 0.16737 0)
(1.58301 0.159498 0)
(1.61714 0.14885 0)
(1.65089 0.135609 0)
(1.68409 0.119927 0)
(1.71662 0.10195 0)
(1.74816 0.0819354 0)
(1.77817 0.0603315 0)
(1.80592 0.0376919 0)
(1.8305 0.0147065 0)
(1.85091 -0.00783994 0)
(1.86632 -0.0292185 0)
(1.87621 -0.0488186 0)
(1.88032 -0.0662229 0)
(1.87808 -0.0811455 0)
(1.86882 -0.0925024 0)
(1.85273 -0.0994251 0)
(1.83059 -0.102234 0)
(1.80386 -0.101529 0)
(1.77436 -0.0981062 0)
(1.74392 -0.0929404 0)
(1.71414 -0.0869867 0)
(1.68589 -0.0809293 0)
(1.65968 -0.0752574 0)
(1.63572 -0.0703595 0)
(1.61398 -0.0665329 0)
(1.59426 -0.0639714 0)
(1.57624 -0.0627704 0)
(1.5595 -0.0629455 0)
(1.54364 -0.0644456 0)
(1.52823 -0.0671531 0)
(1.51293 -0.0708558 0)
(1.49738 -0.0752661 0)
(1.48129 -0.0800434 0)
(1.46453 -0.0848336 0)
(1.44706 -0.0892895 0)
(1.42898 -0.0930644 0)
(1.41047 -0.0958024 0)
(1.39183 -0.0971548 0)
(1.37337 -0.0968276 0)
(1.35541 -0.0945848 0)
(1.33832 -0.0902376 0)
(1.32249 -0.0836418 0)
(1.30832 -0.0747011 0)
(1.2962 -0.0634089 0)
(1.2865 -0.0499052 0)
(1.27949 -0.0344186 0)
(1.27535 -0.0172778 0)
(1.28213 0.0672201 0)
(1.29214 0.0823308 0)
(1.30531 0.0962084 0)
(1.32161 0.108714 0)
(1.34092 0.119701 0)
(1.36312 0.129037 0)
(1.388 0.136621 0)
(1.41532 0.142371 0)
(1.44482 0.146234 0)
(1.47617 0.14816 0)
(1.50907 0.14808 0)
(1.54328 0.145895 0)
(1.57862 0.141529 0)
(1.61493 0.135007 0)
(1.65199 0.126515 0)
(1.68946 0.116299 0)
(1.72697 0.104453 0)
(1.76431 0.0908247 0)
(1.80157 0.0751048 0)
(1.83883 0.057027 0)
(1.87566 0.0366287 0)
(1.91076 0.0143179 0)
(1.94267 -0.00923643 0)
(1.96988 -0.0331341 0)
(1.99115 -0.0565876 0)
(2.00563 -0.0790107 0)
(2.01238 -0.0998958 0)
(2.00963 -0.118564 0)
(1.99592 -0.131633 0)
(1.97098 -0.138518 0)
(1.93539 -0.138836 0)
(1.89135 -0.132844 0)
(1.84217 -0.121666 0)
(1.79156 -0.10696 0)
(1.74302 -0.0907068 0)
(1.69832 -0.0744754 0)
(1.65865 -0.0595309 0)
(1.62451 -0.0469273 0)
(1.59581 -0.0374747 0)
(1.57202 -0.0315906 0)
(1.55227 -0.0293226 0)
(1.53564 -0.0303996 0)
(1.52114 -0.0342826 0)
(1.50786 -0.0401286 0)
(1.49497 -0.0468719 0)
(1.48169 -0.0535746 0)
(1.46756 -0.0595587 0)
(1.4524 -0.0644125 0)
(1.43621 -0.0679385 0)
(1.41915 -0.0700893 0)
(1.40143 -0.0709071 0)
(1.38332 -0.0704617 0)
(1.36511 -0.0688099 0)
(1.34712 -0.0659669 0)
(1.32968 -0.0618763 0)
(1.31311 -0.0564335 0)
(1.29778 -0.0495227 0)
(1.28407 -0.041042 0)
(1.27239 -0.0309215 0)
(1.26311 -0.0191496 0)
(1.2566 -0.00583623 0)
(1.25319 0.00874748 0)
(1.25311 0.0243059 0)
(1.25655 0.040465 0)
(1.26363 0.0567841 0)
(1.27437 0.0727988 0)
(1.28871 0.0880421 0)
(1.30647 0.102059 0)
(1.32744 0.114427 0)
(1.35132 0.124781 0)
(1.37778 0.132821 0)
(1.40646 0.138328 0)
(1.43696 0.141163 0)
(1.4689 0.14127 0)
(1.50187 0.138662 0)
(1.53551 0.133375 0)
(1.5695 0.12545 0)
(1.6036 0.114946 0)
(1.63759 0.101966 0)
(1.67108 0.0867194 0)
(1.70338 0.0696149 0)
(1.73369 0.051169 0)
(1.76106 0.0320167 0)
(1.78444 0.0128702 0)
(1.80293 -0.00554619 0)
(1.81595 -0.0226408 0)
(1.82329 -0.0380733 0)
(1.82473 -0.0517194 0)
(1.81963 -0.0630472 0)
(1.80809 -0.0708247 0)
(1.79072 -0.0751461 0)
(1.76871 -0.0765304 0)
(1.74367 -0.0755504 0)
(1.71719 -0.0728659 0)
(1.6908 -0.0691712 0)
(1.66544 -0.0650257 0)
(1.64169 -0.060814 0)
(1.61984 -0.056828 0)
(1.59999 -0.0533291 0)
(1.58204 -0.0505295 0)
(1.56579 -0.0485764 0)
(1.55093 -0.0475581 0)
(1.53712 -0.0475141 0)
(1.52397 -0.0484479 0)
(1.51113 -0.0503252 0)
(1.49828 -0.0530402 0)
(1.48508 -0.0564182 0)
(1.47124 -0.0602329 0)
(1.4566 -0.0642456 0)
(1.44106 -0.0682177 0)
(1.42464 -0.0719041 0)
(1.40743 -0.0750503 0)
(1.38961 -0.0773924 0)
(1.37144 -0.0786551 0)
(1.35325 -0.0785713 0)
(1.3354 -0.0769279 0)
(1.31825 -0.0735592 0)
(1.30219 -0.0683392 0)
(1.28764 -0.0611929 0)
(1.27498 -0.0521021 0)
(1.2646 -0.0411107 0)
(1.25682 -0.028373 0)
(1.2519 -0.0141884 0)
(1.27163 0.0584489 0)
(1.28228 0.0705153 0)
(1.29594 0.0813759 0)
(1.31249 0.0909312 0)
(1.33184 0.0990633 0)
(1.3539 0.105692 0)
(1.37853 0.110788 0)
(1.40554 0.11434 0)
(1.43467 0.116315 0)
(1.46561 0.116647 0)
(1.498 0.115199 0)
(1.53157 0.111822 0)
(1.56619 0.106449 0)
(1.6019 0.0991412 0)
(1.6387 0.0901394 0)
(1.67635 0.0796825 0)
(1.71445 0.0675634 0)
(1.75274 0.0533393 0)
(1.79085 0.0370252 0)
(1.82752 0.0192853 0)
(1.86094 0.00085752 0)
(1.88919 -0.0174681 0)
(1.91103 -0.0352895 0)
(1.92576 -0.0522577 0)
(1.93246 -0.0684001 0)
(1.92949 -0.0832435 0)
(1.91591 -0.0934481 0)
(1.89179 -0.099373 0)
(1.85833 -0.100803 0)
(1.81803 -0.0979676 0)
(1.77376 -0.0917008 0)
(1.72841 -0.0829126 0)
(1.68478 -0.0725505 0)
(1.64446 -0.0613485 0)
(1.60862 -0.049965 0)
(1.57796 -0.0391622 0)
(1.55268 -0.0298072 0)
(1.53255 -0.022567 0)
(1.51692 -0.0178391 0)
(1.50479 -0.0158142 0)
(1.49511 -0.0164174 0)
(1.48701 -0.019414 0)
(1.47969 -0.0242121 0)
(1.47215 -0.0300036 0)
(1.46358 -0.0359898 0)
(1.45356 -0.0415194 0)
(1.44194 -0.0461728 0)
(1.42877 -0.0497353 0)
(1.41428 -0.0521446 0)
(1.39874 -0.0534371 0)
(1.3825 -0.0536945 0)
(1.36588 -0.0530002 0)
(1.3492 -0.0514187 0)
(1.3328 -0.0489639 0)
(1.31695 -0.0455777 0)
(1.30197 -0.0411699 0)
(1.28819 -0.0356474 0)
(1.27593 -0.028927 0)
(1.26556 -0.0209457 0)
(1.25742 -0.011689 0)
(1.25187 -0.00122609 0)
(1.24922 0.0102413 0)
(1.2497 0.0224535 0)
(1.25346 0.0351136 0)
(1.26063 0.0478627 0)
(1.27125 0.060336 0)
(1.28526 0.0721532 0)
(1.30253 0.0829297 0)
(1.32285 0.0923042 0)
(1.34597 0.0999603 0)
(1.3716 0.105644 0)
(1.39942 0.109164 0)
(1.42911 0.110385 0)
(1.46035 0.109236 0)
(1.49277 0.105701 0)
(1.52599 0.0997368 0)
(1.55965 0.0913386 0)
(1.59326 0.0806721 0)
(1.62599 0.0681051 0)
(1.65692 0.0541176 0)
(1.68504 0.0392811 0)
(1.70931 0.024214 0)
(1.72885 0.0095397 0)
(1.74312 -0.00421649 0)
(1.75199 -0.0167575 0)
(1.75545 -0.0280501 0)
(1.75316 -0.0378916 0)
(1.74512 -0.0452301 0)
(1.73198 -0.0499187 0)
(1.71471 -0.0523889 0)
(1.69464 -0.0530821 0)
(1.6731 -0.0524084 0)
(1.65129 -0.0507999 0)
(1.6301 -0.0486508 0)
(1.61003 -0.0462368 0)
(1.5914 -0.0437447 0)
(1.57435 -0.0413445 0)
(1.55889 -0.0391956 0)
(1.54491 -0.0374296 0)
(1.53224 -0.036147 0)
(1.52062 -0.0354197 0)
(1.50976 -0.0352958 0)
(1.49934 -0.0358093 0)
(1.4891 -0.0369752 0)
(1.47876 -0.0387611 0)
(1.46802 -0.041079 0)
(1.45664 -0.0437958 0)
(1.44444 -0.0467665 0)
(1.43132 -0.0498411 0)
(1.41725 -0.0528606 0)
(1.40227 -0.0556555 0)
(1.38646 -0.0580462 0)
(1.36999 -0.0598428 0)
(1.35307 -0.0608459 0)
(1.33597 -0.060845 0)
(1.31905 -0.0596453 0)
(1.30264 -0.0570954 0)
(1.28711 -0.0530812 0)
(1.27287 -0.047531 0)
(1.2603 -0.0404231 0)
(1.2498 -0.0317951 0)
(1.24171 -0.0217424 0)
(1.23633 -0.0104359 0)
(1.25727 0.0491069 0)
(1.26802 0.0580807 0)
(1.28197 0.0660726 0)
(1.2988 0.0728682 0)
(1.31836 0.0783104 0)
(1.34056 0.0823178 0)
(1.36531 0.0848762 0)
(1.39239 0.0860101 0)
(1.42151 0.0858066 0)
(1.4523 0.0844116 0)
(1.48436 0.0817606 0)
(1.51752 0.0774718 0)
(1.55187 0.0710095 0)
(1.58767 0.062103 0)
(1.62513 0.0515382 0)
(1.66385 0.0402433 0)
(1.70187 0.0280071 0)
(1.73736 0.0145964 0)
(1.76848 0.000526561 0)
(1.79353 -0.0133883 0)
(1.81211 -0.0252223 0)
(1.82327 -0.0358295 0)
(1.82676 -0.0458468 0)
(1.82124 -0.0544962 0)
(1.80653 -0.0594555 0)
(1.78336 -0.0625948 0)
(1.75335 -0.0631103 0)
(1.71873 -0.0615908 0)
(1.68154 -0.058504 0)
(1.64388 -0.0543055 0)
(1.60763 -0.0492781 0)
(1.57394 -0.0435376 0)
(1.54376 -0.0372279 0)
(1.51775 -0.0306218 0)
(1.49627 -0.0241887 0)
(1.47943 -0.0184723 0)
(1.46698 -0.0139815 0)
(1.45834 -0.0111232 0)
(1.45272 -0.00978528 0)
(1.44924 -0.00972523 0)
(1.44689 -0.0115354 0)
(1.44497 -0.0150208 0)
(1.44237 -0.0193284 0)
(1.43838 -0.0239065 0)
(1.43259 -0.0282134 0)
(1.42478 -0.0318883 0)
(1.415 -0.0347488 0)
(1.40348 -0.0367422 0)
(1.39053 -0.0379029 0)
(1.37654 -0.0383088 0)
(1.36188 -0.0380425 0)
(1.34693 -0.0371703 0)
(1.33202 -0.0357344 0)
(1.31746 -0.0337187 0)
(1.3035 -0.0310553 0)
(1.29041 -0.0276633 0)
(1.27848 -0.0234655 0)
(1.26801 -0.0183917 0)
(1.25928 -0.0123895 0)
(1.25259 -0.00545922 0)
(1.24824 0.00234607 0)
(1.24662 0.0109143 0)
(1.24794 0.0200704 0)
(1.25231 0.0295602 0)
(1.25983 0.0390163 0)
(1.27056 0.0481734 0)
(1.28444 0.0567596 0)
(1.30136 0.0644647 0)
(1.32113 0.0709822 0)
(1.34355 0.0760285 0)
(1.36839 0.0793693 0)
(1.39536 0.080816 0)
(1.42412 0.0801972 0)
(1.45432 0.0774926 0)
(1.48539 0.0728949 0)
(1.51654 0.0664244 0)
(1.54682 0.0581714 0)
(1.57537 0.0485947 0)
(1.60123 0.0382375 0)
(1.62345 0.0276147 0)
(1.64131 0.0171947 0)
(1.65443 0.00732635 0)
(1.66278 -0.00179284 0)
(1.66655 -0.0101741 0)
(1.66564 -0.0177603 0)
(1.66019 -0.0237533 0)
(1.65081 -0.0279867 0)
(1.63827 -0.0308058 0)
(1.62357 -0.0325469 0)
(1.60768 -0.0333951 0)
(1.59145 -0.0335368 0)
(1.57555 -0.0331763 0)
(1.56033 -0.0324779 0)
(1.54605 -0.0315466 0)
(1.53282 -0.030475 0)
(1.52067 -0.0293647 0)
(1.50957 -0.0283102 0)
(1.49944 -0.0273913 0)
(1.49012 -0.0266748 0)
(1.48146 -0.0262175 0)
(1.47327 -0.026067 0)
(1.46534 -0.0262674 0)
(1.45748 -0.0268586 0)
(1.44949 -0.0278549 0)
(1.44115 -0.0292276 0)
(1.43225 -0.0309142 0)
(1.42265 -0.0328406 0)
(1.41223 -0.0349236 0)
(1.40096 -0.037068 0)
(1.3888 -0.0391673 0)
(1.3758 -0.0411039 0)
(1.36204 -0.0427488 0)
(1.34766 -0.0439631 0)
(1.33282 -0.0446003 0)
(1.31775 -0.0445086 0)
(1.30275 -0.043543 0)
(1.28813 -0.0415833 0)
(1.27421 -0.0385399 0)
(1.26136 -0.0343546 0)
(1.24992 -0.0290045 0)
(1.24025 -0.0225177 0)
(1.23267 -0.0149713 0)
(1.22751 -0.0064599 0)
(1.24852 0.0404779 0)
(1.25766 0.0456338 0)
(1.27046 0.0504896 0)
(1.28649 0.0545142 0)
(1.3055 0.0573034 0)
(1.32736 0.0587755 0)
(1.3519 0.0591416 0)
(1.37899 0.0586205 0)
(1.40853 0.0572136 0)
(1.44025 0.0546953 0)
(1.47353 0.0506005 0)
(1.50771 0.0444543 0)
(1.54204 0.0362115 0)
(1.5748 0.0262092 0)
(1.60269 0.0143519 0)
(1.6277 0.00272884 0)
(1.65068 -0.00639471 0)
(1.66776 -0.0137534 0)
(1.67873 -0.0197786 0)
(1.68364 -0.024554 0)
(1.68213 -0.029006 0)
(1.6741 -0.0314415 0)
(1.66043 -0.0328511 0)
(1.64178 -0.0327275 0)
(1.61931 -0.0317501 0)
(1.59416 -0.0305138 0)
(1.5673 -0.0290653 0)
(1.53999 -0.0274394 0)
(1.51338 -0.0256497 0)
(1.48826 -0.0236672 0)
(1.46531 -0.0214256 0)
(1.44514 -0.0189365 0)
(1.42818 -0.0163559 0)
(1.41469 -0.0138608 0)
(1.40469 -0.0116464 0)
(1.39796 -0.00992371 0)
(1.39419 -0.00884609 0)
(1.39279 -0.00833174 0)
(1.39299 -0.00855241 0)
(1.39461 -0.0100611 0)
(1.3966 -0.0122679 0)
(1.39784 -0.0148418 0)
(1.39763 -0.0176272 0)
(1.3956 -0.0202367 0)
(1.39157 -0.0223855 0)
(1.38549 -0.0239338 0)
(1.37749 -0.0248671 0)
(1.36785 -0.0252518 0)
(1.35692 -0.0251899 0)
(1.34509 -0.0247792 0)
(1.33271 -0.0240877 0)
(1.32016 -0.0231512 0)
(1.30776 -0.0219632 0)
(1.29574 -0.0204612 0)
(1.28434 -0.0185617 0)
(1.27379 -0.0161899 0)
(1.26433 -0.0132821 0)
(1.2562 -0.00978332 0)
(1.24967 -0.00560551 0)
(1.24505 -0.000698323 0)
(1.24252 0.00473615 0)
(1.24218 0.0105853 0)
(1.24424 0.0167672 0)
(1.24958 0.0231492 0)
(1.25769 0.0295325 0)
(1.26861 0.0356837 0)
(1.28231 0.0413497 0)
(1.29863 0.0462577 0)
(1.31737 0.0501178 0)
(1.33827 0.0526568 0)
(1.36098 0.0537126 0)
(1.38504 0.0532517 0)
(1.40989 0.0513029 0)
(1.43447 0.0479761 0)
(1.45781 0.0434566 0)
(1.48054 0.0381792 0)
(1.50066 0.0323437 0)
(1.51781 0.0261908 0)
(1.53154 0.020015 0)
(1.54165 0.0140277 0)
(1.54821 0.00831179 0)
(1.55147 0.00280609 0)
(1.55159 -0.0024676 0)
(1.54876 -0.00700899 0)
(1.54341 -0.0106488 0)
(1.53602 -0.0135894 0)
(1.5272 -0.0160073 0)
(1.51751 -0.0179206 0)
(1.50738 -0.0193367 0)
(1.49718 -0.020306 0)
(1.48714 -0.0209088 0)
(1.47743 -0.0212068 0)
(1.46816 -0.0212491 0)
(1.45941 -0.0210958 0)
(1.45121 -0.0208094 0)
(1.44357 -0.0204487 0)
(1.43646 -0.0200677 0)
(1.42982 -0.0197175 0)
(1.42356 -0.0194456 0)
(1.41758 -0.0192949 0)
(1.41177 -0.0193064 0)
(1.40601 -0.0195209 0)
(1.40016 -0.0199656 0)
(1.39409 -0.0206413 0)
(1.38763 -0.0215273 0)
(1.38067 -0.0225938 0)
(1.37312 -0.0238027 0)
(1.3649 -0.0251064 0)
(1.35598 -0.0264481 0)
(1.34637 -0.0277617 0)
(1.33608 -0.0289712 0)
(1.32519 -0.02999 0)
(1.3138 -0.0307217 0)
(1.30203 -0.0310625 0)
(1.29007 -0.0309044 0)
(1.27814 -0.030139 0)
(1.26648 -0.0286683 0)
(1.25536 -0.0264199 0)
(1.24509 -0.0233476 0)
(1.23595 -0.0194344 0)
(1.22829 -0.0146426 0)
(1.22241 -0.00906357 0)
(1.21849 -0.00286466 0)
(1.24058 0.0355701 0)
(1.24753 0.0365961 0)
(1.25836 0.0375044 0)
(1.27254 0.0379172 0)
(1.28948 0.0374838 0)
(1.30858 0.0359043 0)
(1.32924 0.032955 0)
(1.35154 0.0285226 0)
(1.37494 0.0229297 0)
(1.39868 0.0175421 0)
(1.42196 0.0128246 0)
(1.44352 0.00837258 0)
(1.46143 0.0043902 0)
(1.47567 0.000921643 0)
(1.48599 -0.00284346 0)
(1.49213 -0.0069428 0)
(1.49451 -0.0104512 0)
(1.49393 -0.0130816 0)
(1.49081 -0.0147463 0)
(1.48553 -0.0155819 0)
(1.47818 -0.0156186 0)
(1.46891 -0.0151682 0)
(1.45777 -0.0144161 0)
(1.44477 -0.0133571 0)
(1.43015 -0.0119446 0)
(1.41425 -0.0103841 0)
(1.39759 -0.00883668 0)
(1.381 -0.00755557 0)
(1.36528 -0.0066894 0)
(1.35102 -0.00624699 0)
(1.33851 -0.0062099 0)
(1.32801 -0.00646602 0)
(1.31979 -0.00681052 0)
(1.31402 -0.00709021 0)
(1.31063 -0.00728352 0)
(1.30929 -0.00759809 0)
(1.30975 -0.00854807 0)
(1.31198 -0.00994007 0)
(1.31526 -0.0116088 0)
(1.31865 -0.0132695 0)
(1.32141 -0.0147361 0)
(1.32308 -0.0159808 0)
(1.32347 -0.0171068 0)
(1.32221 -0.0179447 0)
(1.3192 -0.0182128 0)
(1.31454 -0.0179535 0)
(1.30843 -0.0172892 0)
(1.30115 -0.0163654 0)
(1.29299 -0.0153225 0)
(1.28426 -0.014274 0)
(1.27523 -0.0132828 0)
(1.26618 -0.0123518 0)
(1.25731 -0.0114188 0)
(1.24882 -0.0103875 0)
(1.24089 -0.00916616 0)
(1.23371 -0.00767944 0)
(1.22746 -0.00587893 0)
(1.22232 -0.00372606 0)
(1.21846 -0.00118541 0)
(1.21606 0.00182148 0)
(1.21536 0.00526863 0)
(1.21652 0.00892279 0)
(1.2196 0.0126067 0)
(1.22466 0.0162922 0)
(1.23178 0.0199662 0)
(1.24098 0.023447 0)
(1.25217 0.0265379 0)
(1.26517 0.0290875 0)
(1.27968 0.0309707 0)
(1.29529 0.0320924 0)
(1.31122 0.0324083 0)
(1.32698 0.0319574 0)
(1.34215 0.0308607 0)
(1.35631 0.0291688 0)
(1.36903 0.0268109 0)
(1.38004 0.0239944 0)
(1.38922 0.0209861 0)
(1.39655 0.0177934 0)
(1.40201 0.0144381 0)
(1.40569 0.0109656 0)
(1.40771 0.00743002 0)
(1.40814 0.00393349 0)
(1.40707 0.000662061 0)
(1.40467 -0.00231114 0)
(1.40115 -0.00500683 0)
(1.39672 -0.00735514 0)
(1.3916 -0.00930698 0)
(1.38598 -0.0108707 0)
(1.38002 -0.0120921 0)
(1.37391 -0.0130174 0)
(1.36779 -0.013685 0)
(1.36179 -0.0141382 0)
(1.35599 -0.01442 0)
(1.35045 -0.014569 0)
(1.34521 -0.0146187 0)
(1.34026 -0.0146 0)
(1.3356 -0.0145428 0)
(1.33118 -0.0144753 0)
(1.32695 -0.0144242 0)
(1.32285 -0.0144181 0)
(1.3188 -0.0144874 0)
(1.31471 -0.014657 0)
(1.3105 -0.0149372 0)
(1.30605 -0.0153274 0)
(1.3013 -0.0158224 0)
(1.29617 -0.0164124 0)
(1.29062 -0.0170804 0)
(1.28461 -0.0178028 0)
(1.27814 -0.0185482 0)
(1.2712 -0.0192767 0)
(1.26384 -0.0199389 0)
(1.25609 -0.0204766 0)
(1.24803 -0.0208236 0)
(1.23975 -0.0209084 0)
(1.23136 -0.0206602 0)
(1.22303 -0.0200077 0)
(1.21493 -0.0188812 0)
(1.20725 -0.0172297 0)
(1.20021 -0.0150286 0)
(1.19404 -0.0122795 0)
(1.18897 -0.00899241 0)
(1.18522 -0.00517155 0)
(1.18303 -0.000861271 0)
(1.17798 0.0295214 0)
(1.18392 0.0269661 0)
(1.19119 0.0249841 0)
(1.19947 0.0230953 0)
(1.2082 0.0210091 0)
(1.21681 0.0186997 0)
(1.22485 0.0162642 0)
(1.23192 0.0139007 0)
(1.23771 0.0117865 0)
(1.24236 0.00993764 0)
(1.24632 0.00807941 0)
(1.25019 0.00639849 0)
(1.25419 0.00456131 0)
(1.25851 0.0016719 0)
(1.26299 -0.00221881 0)
(1.26688 -0.00625258 0)
(1.2698 -0.00946465 0)
(1.27165 -0.0115853 0)
(1.27242 -0.012835 0)
(1.27187 -0.0134525 0)
(1.26936 -0.0129144 0)
(1.26449 -0.0110518 0)
(1.2573 -0.00808761 0)
(1.24808 -0.00437901 0)
(1.23733 -0.000541866 0)
(1.22644 0.00259813 0)
(1.21633 0.0045437 0)
(1.20714 0.00511552 0)
(1.19906 0.00448834 0)
(1.1924 0.00317137 0)
(1.18722 0.00177891 0)
(1.18343 0.000146752 0)
(1.1811 -0.00202033 0)
(1.18025 -0.00448026 0)
(1.18088 -0.00700532 0)
(1.18265 -0.00946434 0)
(1.18505 -0.0118298 0)
(1.18755 -0.0138613 0)
(1.18976 -0.0153983 0)
(1.19125 -0.0164451 0)
(1.19188 -0.0169601 0)
(1.1916 -0.0169925 0)
(1.19011 -0.0167725 0)
(1.18741 -0.0159735 0)
(1.18365 -0.0146443 0)
(1.17909 -0.0130316 0)
(1.174 -0.0113066 0)
(1.16861 -0.00963062 0)
(1.16314 -0.00813332 0)
(1.15774 -0.00688064 0)
(1.15246 -0.00588469 0)
(1.14738 -0.00512019 0)
(1.14255 -0.00452185 0)
(1.13804 -0.00399729 0)
(1.13394 -0.00344774 0)
(1.13033 -0.00278348 0)
(1.12728 -0.00193708 0)
(1.12491 -0.000859498 0)
(1.12329 0.000502825 0)
(1.12255 0.00218589 0)
(1.12282 0.0041129 0)
(1.12417 0.00622413 0)
(1.1266 0.00845587 0)
(1.13009 0.0107551 0)
(1.13462 0.0130653 0)
(1.14016 0.015286 0)
(1.14661 0.0173162 0)
(1.15384 0.0190789 0)
(1.16165 0.0205244 0)
(1.16988 0.021623 0)
(1.17832 0.0223013 0)
(1.18674 0.0224614 0)
(1.19495 0.0220753 0)
(1.20276 0.0211454 0)
(1.21 0.019679 0)
(1.21649 0.0177946 0)
(1.22213 0.0156251 0)
(1.22686 0.0132482 0)
(1.2306 0.0107537 0)
(1.23331 0.00824218 0)
(1.23497 0.00578112 0)
(1.23556 0.00339981 0)
(1.23511 0.00116805 0)
(1.23369 -0.000791254 0)
(1.23148 -0.00248186 0)
(1.22861 -0.00393714 0)
(1.22526 -0.00519578 0)
(1.22159 -0.00629089 0)
(1.21774 -0.00724672 0)
(1.21385 -0.00807952 0)
(1.20999 -0.00879759 0)
(1.20623 -0.00940413 0)
(1.2026 -0.00990318 0)
(1.19912 -0.0103015 0)
(1.19579 -0.0106076 0)
(1.1926 -0.0108309 0)
(1.1895 -0.0109817 0)
(1.18649 -0.0110724 0)
(1.1835 -0.0111189 0)
(1.18051 -0.0111418 0)
(1.17747 -0.0111655 0)
(1.17432 -0.0112107 0)
(1.17103 -0.0112929 0)
(1.16756 -0.0114258 0)
(1.16388 -0.0116201 0)
(1.15997 -0.011881 0)
(1.15584 -0.0122062 0)
(1.15146 -0.0125857 0)
(1.14684 -0.0130003 0)
(1.142 -0.0134218 0)
(1.13696 -0.0138132 0)
(1.13173 -0.0141301 0)
(1.12637 -0.0143221 0)
(1.12093 -0.014337 0)
(1.11548 -0.0141239 0)
(1.11013 -0.0136312 0)
(1.10497 -0.0128104 0)
(1.10015 -0.0116284 0)
(1.0958 -0.0100694 0)
(1.09207 -0.00813072 0)
(1.08911 -0.00582224 0)
(1.08707 -0.00317342 0)
(1.0861 -0.000248795 0)
(0.970689 0.0264571 0)
(0.973665 0.0247275 0)
(0.976526 0.0231959 0)
(0.979587 0.0220436 0)
(0.983053 0.0210635 0)
(0.987068 0.0197429 0)
(0.991701 0.0176109 0)
(0.996952 0.0145426 0)
(1.00275 0.0108842 0)
(1.00898 0.00685601 0)
(1.01543 0.00281851 0)
(1.02187 -0.00110282 0)
(1.02792 -0.00481516 0)
(1.03305 -0.00817713 0)
(1.03656 -0.0110134 0)
(1.03812 -0.0130289 0)
(1.03774 -0.0140293 0)
(1.03538 -0.0140301 0)
(1.03143 -0.0132469 0)
(1.02616 -0.0109894 0)
(1.0199 -0.00701842 0)
(1.01316 -0.00245584 0)
(1.00672 0.0020783 0)
(1.00121 0.00626957 0)
(0.996721 0.00913696 0)
(0.99348 0.0101248 0)
(0.991548 0.0102261 0)
(0.990484 0.00981712 0)
(0.990113 0.00823154 0)
(0.990464 0.00577426 0)
(0.991363 0.00278902 0)
(0.992657 -0.000491899 0)
(0.994077 -0.00382399 0)
(0.995282 -0.00689287 0)
(0.996084 -0.00947463 0)
(0.996359 -0.0115096 0)
(0.995943 -0.0132388 0)
(0.99473 -0.0146941 0)
(0.992785 -0.0151659 0)
(0.990169 -0.0152447 0)
(0.987 -0.0149471 0)
(0.983427 -0.0141804 0)
(0.979565 -0.0130279 0)
(0.975525 -0.0116189 0)
(0.971524 -0.0100776 0)
(0.967734 -0.00852107 0)
(0.964221 -0.0070466 0)
(0.961011 -0.00573134 0)
(0.958089 -0.00461728 0)
(0.955418 -0.00371253 0)
(0.952953 -0.00300656 0)
(0.950653 -0.00246884 0)
(0.948489 -0.00204995 0)
(0.946451 -0.00168702 0)
(0.944558 -0.00130705 0)
(0.942862 -0.000846616 0)
(0.941419 -0.000243398 0)
(0.940302 0.000538195 0)
(0.939598 0.00152854 0)
(0.939416 0.00271287 0)
(0.939852 0.00406196 0)
(0.940972 0.00553452 0)
(0.942822 0.0070729 0)
(0.945423 0.00862501 0)
(0.94878 0.0101395 0)
(0.952874 0.0115513 0)
(0.957642 0.0127938 0)
(0.962987 0.0138145 0)
(0.968788 0.0145799 0)
(0.97491 0.0150731 0)
(0.981206 0.0152767 0)
(0.987488 0.0151742 0)
(0.993583 0.0147738 0)
(0.999319 0.0140975 0)
(1.00453 0.0131742 0)
(1.0091 0.0120632 0)
(1.01293 0.0108323 0)
(1.016 0.00952084 0)
(1.01831 0.0081564 0)
(1.01987 0.00675921 0)
(1.02075 0.00534097 0)
(1.02097 0.00392232 0)
(1.02063 0.00255692 0)
(1.01982 0.00125195 0)
(1.01865 -4.78139e-06 0)
(1.01721 -0.00119935 0)
(1.01556 -0.00232088 0)
(1.01373 -0.00337192 0)
(1.01177 -0.00435569 0)
(1.0097 -0.0052512 0)
(1.00753 -0.00604439 0)
(1.00528 -0.00672859 0)
(1.00295 -0.00729826 0)
(1.00054 -0.00774991 0)
(0.998079 -0.00808423 0)
(0.995551 -0.00830733 0)
(0.992964 -0.00843073 0)
(0.990322 -0.00847122 0)
(0.98763 -0.0084495 0)
(0.984891 -0.00838828 0)
(0.982105 -0.00831139 0)
(0.979272 -0.00824276 0)
(0.976387 -0.00820402 0)
(0.973443 -0.00821243 0)
(0.970431 -0.00827951 0)
(0.967341 -0.00841025 0)
(0.964159 -0.00860249 0)
(0.960876 -0.00884615 0)
(0.957482 -0.00912365 0)
(0.953973 -0.00941067 0)
(0.950354 -0.00967721 0)
(0.946638 -0.00988881 0)
(0.94285 -0.0100085 0)
(0.93903 -0.00999909 0)
(0.935235 -0.00982435 0)
(0.931527 -0.00944861 0)
(0.92799 -0.00884185 0)
(0.924717 -0.00798478 0)
(0.921809 -0.00686922 0)
(0.919369 -0.00549628 0)
(0.917492 -0.00387451 0)
(0.916272 -0.00201919 0)
(0.915814 3.11024e-05 0)
(0.711191 0.0217043 0)
(0.719282 0.0196977 0)
(0.727002 0.0175397 0)
(0.734436 0.0151704 0)
(0.741589 0.0125213 0)
(0.748346 0.00965925 0)
(0.754477 0.00678986 0)
(0.759637 0.00390558 0)
(0.763696 0.0012368 0)
(0.766625 -0.00109032 0)
(0.768263 -0.0030617 0)
(0.768657 -0.00468406 0)
(0.767995 -0.00599015 0)
(0.766399 -0.00701441 0)
(0.763866 -0.00777791 0)
(0.760471 -0.00808063 0)
(0.756449 -0.00771321 0)
(0.752123 -0.00657847 0)
(0.747721 -0.00496212 0)
(0.743665 -0.00292775 0)
(0.740498 -0.000525037 0)
(0.738518 0.00200839 0)
(0.737832 0.00444035 0)
(0.738503 0.00665266 0)
(0.740483 0.0080107 0)
(0.743363 0.00841299 0)
(0.746687 0.00783774 0)
(0.750252 0.00636283 0)
(0.753735 0.00421041 0)
(0.756542 0.00181448 0)
(0.75846 -0.000545483 0)
(0.75946 -0.00277435 0)
(0.759484 -0.00493927 0)
(0.758453 -0.00692031 0)
(0.756446 -0.00858552 0)
(0.75361 -0.00971841 0)
(0.750066 -0.010532 0)
(0.745899 -0.0109537 0)
(0.74131 -0.0110293 0)
(0.736538 -0.0107965 0)
(0.731716 -0.010278 0)
(0.727015 -0.00951991 0)
(0.722571 -0.00859223 0)
(0.718491 -0.00753029 0)
(0.714866 -0.00638022 0)
(0.711738 -0.00520704 0)
(0.70912 -0.00407797 0)
(0.706986 -0.00305142 0)
(0.705292 -0.00217247 0)
(0.703979 -0.00146237 0)
(0.702982 -0.000922647 0)
(0.702241 -0.000537632 0)
(0.701706 -0.000275563 0)
(0.701354 -9.22748e-05 0)
(0.701177 6.15718e-05 0)
(0.701187 0.000236779 0)
(0.701402 0.000464659 0)
(0.701863 0.000788982 0)
(0.702616 0.001221 0)
(0.7037 0.00176242 0)
(0.705153 0.00241239 0)
(0.707001 0.00315585 0)
(0.709255 0.00397443 0)
(0.711915 0.00484849 0)
(0.714967 0.00575423 0)
(0.718386 0.00665947 0)
(0.722131 0.00752867 0)
(0.726143 0.00832968 0)
(0.730359 0.00903512 0)
(0.734707 0.00962007 0)
(0.739121 0.0100562 0)
(0.74352 0.0103103 0)
(0.747827 0.0103586 0)
(0.751965 0.0101914 0)
(0.755854 0.00981293 0)
(0.75944 0.00924197 0)
(0.762676 0.0085097 0)
(0.765541 0.007639 0)
(0.768015 0.00665712 0)
(0.77009 0.00559258 0)
(0.771755 0.00448101 0)
(0.773007 0.00335351 0)
(0.773847 0.00223774 0)
(0.774289 0.00115243 0)
(0.774358 0.000113914 0)
(0.774072 -0.000851039 0)
(0.773444 -0.00173135 0)
(0.772491 -0.00253255 0)
(0.771232 -0.00325118 0)
(0.769684 -0.00388207 0)
(0.76787 -0.00442087 0)
(0.76582 -0.00486507 0)
(0.763564 -0.00521453 0)
(0.761138 -0.00547147 0)
(0.75858 -0.00564156 0)
(0.755928 -0.0057339 0)
(0.753218 -0.00576028 0)
(0.750483 -0.00573522 0)
(0.747747 -0.00567538 0)
(0.745036 -0.00559799 0)
(0.742361 -0.00551989 0)
(0.739725 -0.00545675 0)
(0.737127 -0.00542175 0)
(0.734557 -0.00542488 0)
(0.732 -0.00547241 0)
(0.72944 -0.00556635 0)
(0.726857 -0.00570374 0)
(0.724233 -0.00587672 0)
(0.721553 -0.00607263 0)
(0.718809 -0.00627461 0)
(0.715998 -0.00646204 0)
(0.71313 -0.0066117 0)
(0.710222 -0.00669862 0)
(0.707305 -0.00669791 0)
(0.704421 -0.00658483 0)
(0.701622 -0.00633624 0)
(0.69897 -0.00593294 0)
(0.696536 -0.00536185 0)
(0.694397 -0.0046169 0)
(0.692634 -0.00370111 0)
(0.691322 -0.00261873 0)
(0.690537 -0.00137838 0)
(0.690337 -6.5225e-06 0)
(0.454069 0.010809 0)
(0.462454 0.00996376 0)
(0.469911 0.00913973 0)
(0.476419 0.00833914 0)
(0.481943 0.00751336 0)
(0.486425 0.00657356 0)
(0.489818 0.00547099 0)
(0.492092 0.00418218 0)
(0.493244 0.0027243 0)
(0.493302 0.00112574 0)
(0.492412 -0.000504146 0)
(0.490755 -0.00192496 0)
(0.488391 -0.0030738 0)
(0.48548 -0.00396814 0)
(0.482177 -0.0045651 0)
(0.478684 -0.00479731 0)
(0.475281 -0.0046433 0)
(0.472254 -0.00415266 0)
(0.469826 -0.00339365 0)
(0.468184 -0.00235782 0)
(0.467507 -0.000994848 0)
(0.467959 0.000562875 0)
(0.469608 0.00196025 0)
(0.472331 0.00300494 0)
(0.475759 0.00353804 0)
(0.479407 0.00352581 0)
(0.482817 0.0031478 0)
(0.485678 0.00254424 0)
(0.487692 0.00176085 0)
(0.488735 0.000839427 0)
(0.488824 -0.000291526 0)
(0.487829 -0.00148836 0)
(0.485777 -0.00260281 0)
(0.482795 -0.00354852 0)
(0.479062 -0.00430178 0)
(0.474801 -0.00487255 0)
(0.470206 -0.00528603 0)
(0.465417 -0.00553925 0)
(0.460618 -0.00558171 0)
(0.455979 -0.00546751 0)
(0.451587 -0.00524436 0)
(0.447538 -0.00492141 0)
(0.44391 -0.00451252 0)
(0.440766 -0.00404016 0)
(0.438136 -0.00353525 0)
(0.436026 -0.00303108 0)
(0.434418 -0.0025605 0)
(0.433264 -0.00214834 0)
(0.432502 -0.00181162 0)
(0.432056 -0.00155447 0)
(0.43185 -0.00137075 0)
(0.431812 -0.00124475 0)
(0.431889 -0.00116299 0)
(0.432032 -0.0011056 0)
(0.432216 -0.00104018 0)
(0.432442 -0.000925745 0)
(0.432736 -0.000735289 0)
(0.433119 -0.000449076 0)
(0.433635 -6.86335e-05 0)
(0.434361 0.000407897 0)
(0.435351 0.000954788 0)
(0.436644 0.00155654 0)
(0.43828 0.00219779 0)
(0.440288 0.00285783 0)
(0.442682 0.00351345 0)
(0.445465 0.00413954 0)
(0.448621 0.00471188 0)
(0.452119 0.00521016 0)
(0.455916 0.00561837 0)
(0.459957 0.0059242 0)
(0.46418 0.00611645 0)
(0.468507 0.00618641 0)
(0.472853 0.00613013 0)
(0.477128 0.0059524 0)
(0.481247 0.00566288 0)
(0.485126 0.00527857 0)
(0.488701 0.00481692 0)
(0.491914 0.00429706 0)
(0.494718 0.00373611 0)
(0.497085 0.0031473 0)
(0.498988 0.00254712 0)
(0.500418 0.00194915 0)
(0.501378 0.00136681 0)
(0.501886 0.000809737 0)
(0.501963 0.000271735 0)
(0.501621 -0.000238136 0)
(0.500884 -0.000713667 0)
(0.499793 -0.00114388 0)
(0.49839 -0.00152684 0)
(0.496712 -0.00186161 0)
(0.494796 -0.00214786 0)
(0.492684 -0.00238643 0)
(0.490417 -0.00257865 0)
(0.488034 -0.00272678 0)
(0.485575 -0.00283448 0)
(0.483074 -0.00290679 0)
(0.480562 -0.00294987 0)
(0.478066 -0.00297108 0)
(0.475602 -0.00297917 0)
(0.47318 -0.00298261 0)
(0.470805 -0.0029891 0)
(0.468472 -0.00300605 0)
(0.466172 -0.0030399 0)
(0.46389 -0.00309539 0)
(0.461611 -0.0031751 0)
(0.459313 -0.00327883 0)
(0.456979 -0.00340362 0)
(0.454591 -0.00354398 0)
(0.452137 -0.00369202 0)
(0.449612 -0.00383759 0)
(0.447019 -0.00396877 0)
(0.444369 -0.00407251 0)
(0.441684 -0.00413552 0)
(0.438998 -0.00414432 0)
(0.436355 -0.00408495 0)
(0.433807 -0.00394442 0)
(0.431416 -0.00371198 0)
(0.429246 -0.00337975 0)
(0.427365 -0.00294547 0)
(0.425841 -0.00241059 0)
(0.424741 -0.00178149 0)
(0.42412 -0.00106435 0)
(0.424019 -0.000265673 0)
(0.155402 0.00323777 0)
(0.162447 0.00298539 0)
(0.168956 0.00271211 0)
(0.174911 0.00241719 0)
(0.180275 0.00209428 0)
(0.184966 0.00174335 0)
(0.188892 0.00136772 0)
(0.191947 0.000973494 0)
(0.194041 0.000590971 0)
(0.195144 0.000232624 0)
(0.195328 -0.000121897 0)
(0.194645 -0.000494026 0)
(0.193177 -0.000828147 0)
(0.191033 -0.00111696 0)
(0.188341 -0.00134232 0)
(0.185288 -0.00148073 0)
(0.182106 -0.00150782 0)
(0.17907 -0.00140912 0)
(0.176408 -0.00120305 0)
(0.174341 -0.000893638 0)
(0.173108 -0.000518322 0)
(0.172788 -0.000106416 0)
(0.173402 0.000382485 0)
(0.174841 0.00077248 0)
(0.176903 0.00105405 0)
(0.179304 0.0012122 0)
(0.181729 0.00124213 0)
(0.183927 0.00113627 0)
(0.185698 0.000909471 0)
(0.186864 0.000639987 0)
(0.187337 0.000369117 0)
(0.187091 -2.35253e-05 0)
(0.186137 -0.000394033 0)
(0.18453 -0.000747917 0)
(0.182326 -0.00108041 0)
(0.179619 -0.0013501 0)
(0.176512 -0.0015613 0)
(0.173101 -0.00171029 0)
(0.169499 -0.0017957 0)
(0.165822 -0.00182913 0)
(0.162178 -0.00181316 0)
(0.158658 -0.00175191 0)
(0.155335 -0.00165251 0)
(0.152277 -0.00152294 0)
(0.149527 -0.00137359 0)
(0.147109 -0.00121664 0)
(0.145021 -0.00106167 0)
(0.143242 -0.000917569 0)
(0.141732 -0.00079134 0)
(0.140446 -0.000686095 0)
(0.139333 -0.000602362 0)
(0.13835 -0.000538582 0)
(0.137457 -0.000487754 0)
(0.136633 -0.000442696 0)
(0.13587 -0.000396414 0)
(0.13518 -0.000342976 0)
(0.134598 -0.000282752 0)
(0.134167 -0.000206883 0)
(0.133938 -0.000102484 0)
(0.133957 3.6917e-05 0)
(0.134272 0.000189558 0)
(0.134937 0.000359603 0)
(0.135987 0.000543536 0)
(0.137444 0.00073776 0)
(0.139318 0.000936761 0)
(0.141609 0.00113291 0)
(0.144296 0.00131972 0)
(0.147348 0.00149044 0)
(0.15072 0.00163918 0)
(0.154358 0.00176012 0)
(0.158196 0.00184931 0)
(0.162163 0.00190287 0)
(0.166178 0.00191928 0)
(0.17016 0.00189784 0)
(0.174029 0.00184068 0)
(0.177713 0.0017509 0)
(0.18115 0.00163405 0)
(0.184289 0.00149439 0)
(0.187091 0.00133593 0)
(0.189527 0.0011649 0)
(0.191576 0.000985745 0)
(0.193232 0.000802742 0)
(0.194494 0.000622293 0)
(0.195371 0.000449416 0)
(0.195873 0.00028559 0)
(0.196031 0.00011206 0)
(0.195877 -5.83913e-05 0)
(0.195433 -0.000205938 0)
(0.194719 -0.000340524 0)
(0.193762 -0.000459584 0)
(0.192591 -0.000562976 0)
(0.191237 -0.000651061 0)
(0.189731 -0.000724201 0)
(0.188102 -0.000783092 0)
(0.186378 -0.000828638 0)
(0.184585 -0.000862552 0)
(0.182744 -0.000887115 0)
(0.180874 -0.000904411 0)
(0.178987 -0.000916805 0)
(0.17709 -0.000927004 0)
(0.175185 -0.00093759 0)
(0.17327 -0.000951002 0)
(0.171334 -0.000969401 0)
(0.169366 -0.000994351 0)
(0.16735 -0.00102674 0)
(0.165269 -0.00106644 0)
(0.163106 -0.00111263 0)
(0.160849 -0.00116364 0)
(0.158486 -0.00121717 0)
(0.156014 -0.00127005 0)
(0.153436 -0.00131882 0)
(0.150763 -0.00135952 0)
(0.148016 -0.00138844 0)
(0.145224 -0.00140138 0)
(0.142425 -0.00139356 0)
(0.139669 -0.00135994 0)
(0.137013 -0.00129695 0)
(0.134525 -0.00120246 0)
(0.132274 -0.00107482 0)
(0.130334 -0.000913495 0)
(0.128775 -0.000720253 0)
(0.12767 -0.000498455 0)
(0.127088 -0.00024768 0)
(1.71086 0.214649 0)
(1.72267 0.293426 0)
(1.73531 0.365814 0)
(1.74826 0.429899 0)
(1.76103 0.484176 0)
(1.77316 0.527679 0)
(1.78419 0.560014 0)
(1.79375 0.581523 0)
(1.80126 0.593081 0)
(1.80627 0.596702 0)
(1.80857 0.593791 0)
(1.8078 0.580713 0)
(1.80386 0.562579 0)
(1.64227 0.203373 0)
(1.65486 0.280532 0)
(1.66927 0.35182 0)
(1.68493 0.415358 0)
(1.70124 0.469651 0)
(1.71759 0.513738 0)
(1.73328 0.547199 0)
(1.74771 0.570429 0)
(1.76015 0.58453 0)
(1.77035 0.590982 0)
(1.77913 0.589257 0)
(1.78507 0.5795 0)
(1.78796 0.564159 0)
(1.78833 0.545669 0)
(1.78684 0.526059 0)
(1.78429 0.506276 0)
(1.78093 0.486744 0)
(1.77734 0.467328 0)
(1.774 0.447614 0)
(1.77124 0.426971 0)
(1.76936 0.404622 0)
(1.76859 0.379693 0)
(1.76912 0.351275 0)
(1.77106 0.31849 0)
(1.77447 0.28058 0)
(1.77936 0.236974 0)
(1.78564 0.187361 0)
(1.79317 0.131748 0)
(1.80173 0.0704948 0)
(1.8111 0.00435569 0)
(1.821 -0.0654077 0)
(1.83106 -0.136719 0)
(1.84082 -0.206876 0)
(1.84999 -0.27397 0)
(1.85833 -0.3362 0)
(1.86558 -0.391929 0)
(1.87153 -0.439801 0)
(1.87598 -0.478818 0)
(1.87884 -0.508438 0)
(1.88014 -0.528592 0)
(1.88023 -0.53959 0)
(1.87848 -0.542519 0)
(1.87368 -0.538603 0)
(1.86558 -0.525473 0)
(1.85556 -0.507128 0)
(1.84467 -0.485797 0)
(1.83347 -0.463278 0)
(1.82268 -0.440923 0)
(1.81286 -0.419144 0)
(1.80448 -0.397777 0)
(1.79789 -0.376296 0)
(1.79332 -0.354114 0)
(1.79083 -0.330467 0)
(1.79046 -0.304524 0)
(1.79215 -0.275482 0)
(1.79579 -0.242654 0)
(1.80115 -0.205545 0)
(1.80799 -0.163905 0)
(1.81599 -0.117742 0)
(1.82485 -0.0673111 0)
(1.83427 -0.0131117 0)
(1.84398 0.0440609 0)
(1.85369 0.102925 0)
(1.86306 0.161527 0)
(1.87187 0.218312 0)
(1.87996 0.271923 0)
(1.88719 0.321073 0)
(1.89337 0.364615 0)
(1.89839 0.401599 0)
(1.90212 0.431347 0)
(1.90454 0.453504 0)
(1.90578 0.468062 0)
(1.90612 0.475404 0)
(1.90502 0.476899 0)
(1.9014 0.472518 0)
(1.89538 0.460245 0)
(1.88819 0.443609 0)
(1.88075 0.424145 0)
(1.87353 0.402959 0)
(1.86706 0.380874 0)
(1.86197 0.358196 0)
(1.85865 0.334814 0)
(1.85728 0.310409 0)
(1.85792 0.284546 0)
(1.86054 0.256747 0)
(1.865 0.22656 0)
(1.87108 0.193637 0)
(1.87848 0.157781 0)
(1.88686 0.118963 0)
(1.89589 0.0773086 0)
(1.90523 0.0330698 0)
(1.91462 -0.0133771 0)
(1.9238 -0.0614457 0)
(1.93251 -0.110089 0)
(1.94047 -0.158042 0)
(1.94753 -0.20432 0)
(1.95356 -0.247916 0)
(1.95837 -0.287841 0)
(1.96182 -0.323179 0)
(1.96376 -0.353164 0)
(1.96411 -0.377252 0)
(1.96286 -0.39517 0)
(1.96025 -0.406934 0)
(1.95634 -0.412949 0)
(1.95032 -0.413123 0)
(1.94223 -0.407637 0)
(1.93228 -0.397168 0)
(1.92134 -0.382686 0)
(1.91006 -0.36554 0)
(1.89918 -0.346861 0)
(1.88947 -0.327284 0)
(1.88152 -0.306956 0)
(1.87556 -0.285714 0)
(1.87169 -0.263284 0)
(1.86986 -0.23936 0)
(1.86998 -0.213619 0)
(1.87185 -0.185774 0)
(1.87521 -0.155638 0)
(1.87976 -0.123152 0)
(1.88522 -0.0883882 0)
(1.89129 -0.0515258 0)
(1.89773 -0.0128236 0)
(1.90433 0.0273811 0)
(1.57887 0.19193 0)
(1.59191 0.26653 0)
(1.60763 0.335807 0)
(1.62541 0.397959 0)
(1.64457 0.451551 0)
(1.66435 0.495659 0)
(1.68398 0.52991 0)
(1.70271 0.554579 0)
(1.71993 0.570446 0)
(1.73556 0.578405 0)
(1.74978 0.578849 0)
(1.76172 0.571932 0)
(1.77075 0.559381 0)
(1.77724 0.5432 0)
(1.78165 0.52504 0)
(1.7845 0.506333 0)
(1.78665 0.487425 0)
(1.78846 0.468133 0)
(1.79032 0.448118 0)
(1.79259 0.426835 0)
(1.79558 0.403572 0)
(1.79952 0.377515 0)
(1.8046 0.34782 0)
(1.8109 0.313683 0)
(1.81845 0.274419 0)
(1.82717 0.229542 0)
(1.83691 0.178824 0)
(1.84741 0.122336 0)
(1.85841 0.0604743 0)
(1.86958 -0.00599347 0)
(1.88061 -0.0757538 0)
(1.891 -0.146562 0)
(1.9003 -0.215903 0)
(1.90824 -0.281911 0)
(1.9146 -0.342819 0)
(1.91916 -0.397027 0)
(1.92177 -0.443208 0)
(1.92235 -0.480411 0)
(1.92087 -0.508133 0)
(1.91758 -0.526366 0)
(1.91257 -0.535752 0)
(1.90449 -0.536324 0)
(1.89319 -0.52824 0)
(1.8789 -0.513344 0)
(1.86298 -0.493829 0)
(1.84635 -0.471993 0)
(1.82984 -0.449797 0)
(1.81416 -0.428296 0)
(1.79978 -0.407815 0)
(1.78708 -0.388172 0)
(1.7764 -0.368733 0)
(1.76794 -0.348669 0)
(1.7618 -0.327224 0)
(1.75792 -0.303467 0)
(1.75626 -0.276525 0)
(1.75672 -0.245642 0)
(1.75913 -0.210264 0)
(1.76329 -0.170096 0)
(1.76895 -0.125118 0)
(1.77585 -0.0755891 0)
(1.78374 -0.0220286 0)
(1.79239 0.0347502 0)
(1.80158 0.0935112 0)
(1.81099 0.152298 0)
(1.82039 0.209434 0)
(1.82963 0.263562 0)
(1.83855 0.3134 0)
(1.84697 0.357791 0)
(1.85475 0.395753 0)
(1.86178 0.42652 0)
(1.86801 0.449624 0)
(1.87334 0.465042 0)
(1.87752 0.473419 0)
(1.8802 0.476252 0)
(1.88141 0.474629 0)
(1.88101 0.464296 0)
(1.87914 0.448371 0)
(1.87652 0.428923 0)
(1.8739 0.40746 0)
(1.87187 0.384551 0)
(1.87072 0.360584 0)
(1.87077 0.335591 0)
(1.87241 0.309386 0)
(1.87573 0.281674 0)
(1.88072 0.252095 0)
(1.88727 0.220305 0)
(1.89516 0.186039 0)
(1.90411 0.149153 0)
(1.91379 0.109644 0)
(1.92387 0.0676305 0)
(1.93404 0.023331 0)
(1.94404 -0.0229158 0)
(1.95362 -0.0705306 0)
(1.96243 -0.118394 0)
(1.9702 -0.165386 0)
(1.97675 -0.210523 0)
(1.98188 -0.252798 0)
(1.98538 -0.291226 0)
(1.98709 -0.324916 0)
(1.98688 -0.353166 0)
(1.9847 -0.375521 0)
(1.98068 -0.391767 0)
(1.97491 -0.401966 0)
(1.9667 -0.406159 0)
(1.95627 -0.40408 0)
(1.94366 -0.396607 0)
(1.92927 -0.384619 0)
(1.91397 -0.369427 0)
(1.89876 -0.352466 0)
(1.8846 -0.334894 0)
(1.87212 -0.317074 0)
(1.86173 -0.298834 0)
(1.8537 -0.27977 0)
(1.84808 -0.259555 0)
(1.84477 -0.237765 0)
(1.84361 -0.213987 0)
(1.84438 -0.187864 0)
(1.84681 -0.159162 0)
(1.85059 -0.127805 0)
(1.8554 -0.0938706 0)
(1.86097 -0.0575676 0)
(1.86704 -0.0191997 0)
(1.87343 0.0208452 0)
(1.52188 0.180559 0)
(1.53508 0.251829 0)
(1.55166 0.318344 0)
(1.57098 0.378416 0)
(1.5923 0.430691 0)
(1.61482 0.474282 0)
(1.6377 0.508802 0)
(1.66022 0.534375 0)
(1.68182 0.551521 0)
(1.70222 0.560929 0)
(1.72125 0.563123 0)
(1.73841 0.558595 0)
(1.75307 0.548625 0)
(1.76524 0.53485 0)
(1.77528 0.51872 0)
(1.78372 0.50125 0)
(1.79117 0.482912 0)
(1.79811 0.46377 0)
(1.805 0.443556 0)
(1.81219 0.42176 0)
(1.81997 0.397723 0)
(1.82855 0.3707 0)
(1.83808 0.339916 0)
(1.84863 0.304656 0)
(1.86015 0.26433 0)
(1.87251 0.218549 0)
(1.88546 0.167171 0)
(1.8987 0.110327 0)
(1.9119 0.048437 0)
(1.92468 -0.0177166 0)
(1.93665 -0.0867619 0)
(1.94721 -0.156285 0)
(1.95592 -0.224041 0)
(1.96254 -0.288211 0)
(1.96686 -0.347071 0)
(1.96872 -0.399084 0)
(1.96802 -0.442999 0)
(1.96477 -0.477955 0)
(1.95911 -0.503517 0)
(1.95126 -0.519705 0)
(1.94018 -0.526533 0)
(1.9257 -0.523525 0)
(1.90804 -0.512504 0)
(1.88778 -0.495408 0)
(1.86601 -0.474624 0)
(1.84382 -0.45258 0)
(1.82229 -0.431086 0)
(1.80197 -0.410848 0)
(1.78332 -0.392043 0)
(1.76666 -0.37439 0)
(1.7522 -0.357206 0)
(1.74009 -0.339517 0)
(1.73042 -0.320417 0)
(1.72314 -0.29898 0)
(1.71815 -0.274275 0)
(1.71539 -0.24551 0)
(1.71475 -0.212092 0)
(1.71609 -0.173687 0)
(1.71924 -0.13025 0)
(1.72401 -0.0820301 0)
(1.73022 -0.0295625 0)
(1.73769 0.0263186 0)
(1.74624 0.0843883 0)
(1.7556 0.142789 0)
(1.76554 0.199716 0)
(1.77588 0.253808 0)
(1.78647 0.303777 0)
(1.79713 0.348441 0)
(1.80771 0.386788 0)
(1.81805 0.418054 0)
(1.82794 0.44187 0)
(1.83705 0.458424 0)
(1.84485 0.468515 0)
(1.85124 0.473099 0)
(1.85717 0.471424 0)
(1.8619 0.462636 0)
(1.86524 0.448088 0)
(1.86754 0.429331 0)
(1.86934 0.407639 0)
(1.87126 0.384175 0)
(1.87395 0.359292 0)
(1.87765 0.33305 0)
(1.88254 0.30541 0)
(1.88873 0.276204 0)
(1.89623 0.245185 0)
(1.90493 0.212107 0)
(1.91465 0.176789 0)
(1.92512 0.139147 0)
(1.93604 0.0992015 0)
(1.9471 0.0570611 0)
(1.95804 0.0129114 0)
(1.9686 -0.032933 0)
(1.97851 -0.0798346 0)
(1.98738 -0.126646 0)
(1.99492 -0.172356 0)
(2.00087 -0.215983 0)
(2.00499 -0.256534 0)
(2.00706 -0.293053 0)
(2.0069 -0.324699 0)
(2.00442 -0.350823 0)
(1.99969 -0.370995 0)
(1.99275 -0.385108 0)
(1.98312 -0.393175 0)
(1.97067 -0.394643 0)
(1.95554 -0.390067 0)
(1.93806 -0.38059 0)
(1.91908 -0.367462 0)
(1.89973 -0.352164 0)
(1.88125 -0.336161 0)
(1.86435 -0.320184 0)
(1.8495 -0.304414 0)
(1.83706 -0.288581 0)
(1.82721 -0.272063 0)
(1.82003 -0.254314 0)
(1.81536 -0.234867 0)
(1.81298 -0.213218 0)
(1.81265 -0.188958 0)
(1.81409 -0.16182 0)
(1.81698 -0.131721 0)
(1.82103 -0.0987504 0)
(1.82599 -0.0631479 0)
(1.8316 -0.0252621 0)
(1.83769 0.0144687 0)
(1.47202 0.169456 0)
(1.48513 0.236788 0)
(1.50216 0.299931 0)
(1.52248 0.357326 0)
(1.54535 0.407715 0)
(1.56995 0.45024 0)
(1.59547 0.484479 0)
(1.62117 0.51043 0)
(1.64645 0.528427 0)
(1.6709 0.538982 0)
(1.69418 0.542661 0)
(1.71582 0.540172 0)
(1.73538 0.532553 0)
(1.75272 0.521016 0)
(1.76802 0.506735 0)
(1.7817 0.490589 0)
(1.7943 0.473078 0)
(1.80627 0.454303 0)
(1.81804 0.434051 0)
(1.82996 0.411888 0)
(1.84231 0.38723 0)
(1.85532 0.359408 0)
(1.86908 0.327746 0)
(1.88362 0.291625 0)
(1.89883 0.250561 0)
(1.9145 0.204264 0)
(1.93036 0.152672 0)
(1.94604 0.0959657 0)
(1.96115 0.0345874 0)
(1.97531 -0.0306423 0)
(1.98799 -0.0982232 0)
(1.99853 -0.165733 0)
(2.00655 -0.231182 0)
(2.01179 -0.292809 0)
(2.01407 -0.348962 0)
(2.01326 -0.398178 0)
(2.00932 -0.439295 0)
(2.00236 -0.471503 0)
(1.9926 -0.494355 0)
(1.97956 -0.50763 0)
(1.96245 -0.510632 0)
(1.94176 -0.504157 0)
(1.91784 -0.490312 0)
(1.89158 -0.471365 0)
(1.86417 -0.449862 0)
(1.83699 -0.428252 0)
(1.81087 -0.407886 0)
(1.78637 -0.389286 0)
(1.7639 -0.372456 0)
(1.74367 -0.356994 0)
(1.72582 -0.342155 0)
(1.71038 -0.326927 0)
(1.69738 -0.310229 0)
(1.68683 -0.291162 0)
(1.6786 -0.268757 0)
(1.67265 -0.242211 0)
(1.66892 -0.210922 0)
(1.66736 -0.174536 0)
(1.66789 -0.132987 0)
(1.67041 -0.0865052 0)
(1.67481 -0.0356179 0)
(1.68098 0.0188399 0)
(1.68879 0.0756628 0)
(1.69802 0.133092 0)
(1.70842 0.189219 0)
(1.71981 0.242684 0)
(1.73203 0.292192 0)
(1.74488 0.336568 0)
(1.75814 0.37483 0)
(1.77153 0.406291 0)
(1.7847 0.430674 0)
(1.79721 0.44816 0)
(1.80869 0.459302 0)
(1.81935 0.464617 0)
(1.82968 0.46373 0)
(1.839 0.456175 0)
(1.84716 0.442801 0)
(1.8543 0.424893 0)
(1.86076 0.403634 0)
(1.86704 0.379914 0)
(1.8736 0.354311 0)
(1.88075 0.327128 0)
(1.88875 0.298399 0)
(1.89771 0.268041 0)
(1.90762 0.235925 0)
(1.91839 0.201904 0)
(1.92985 0.165865 0)
(1.94175 0.127772 0)
(1.95383 0.0876654 0)
(1.96581 0.0456409 0)
(1.97744 0.00185485 0)
(1.98851 -0.0433757 0)
(1.99867 -0.0892971 0)
(2.0075 -0.134783 0)
(2.01469 -0.178877 0)
(2.01991 -0.220591 0)
(2.02284 -0.258984 0)
(2.02329 -0.293164 0)
(2.02112 -0.322328 0)
(2.0163 -0.345898 0)
(2.00885 -0.363623 0)
(1.9985 -0.375271 0)
(1.98467 -0.380191 0)
(1.96754 -0.37852 0)
(1.94739 -0.37137 0)
(1.92512 -0.360088 0)
(1.90189 -0.34627 0)
(1.87917 -0.331592 0)
(1.85791 -0.317072 0)
(1.8387 -0.303119 0)
(1.82193 -0.28974 0)
(1.80781 -0.276551 0)
(1.79646 -0.262793 0)
(1.78788 -0.247678 0)
(1.78195 -0.2307 0)
(1.77836 -0.211278 0)
(1.77687 -0.188965 0)
(1.77721 -0.163482 0)
(1.77909 -0.134747 0)
(1.78225 -0.10287 0)
(1.78646 -0.068119 0)
(1.79149 -0.030885 0)
(1.7972 0.00834351 0)
(1.42959 0.158772 0)
(1.44241 0.221711 0)
(1.45954 0.281 0)
(1.4804 0.33522 0)
(1.50426 0.383208 0)
(1.53035 0.424138 0)
(1.55786 0.457559 0)
(1.58606 0.483373 0)
(1.61431 0.501784 0)
(1.64209 0.513196 0)
(1.66895 0.518161 0)
(1.69444 0.517385 0)
(1.71818 0.511753 0)
(1.74002 0.502224 0)
(1.76007 0.489697 0)
(1.7786 0.474916 0)
(1.79601 0.45832 0)
(1.81272 0.440022 0)
(1.82911 0.419863 0)
(1.84553 0.397477 0)
(1.86222 0.372359 0)
(1.87937 0.34393 0)
(1.89705 0.311618 0)
(1.91524 0.274916 0)
(1.93378 0.233451 0)
(1.95242 0.18703 0)
(1.97082 0.135667 0)
(1.98858 0.0795839 0)
(2.0053 0.0192434 0)
(2.02056 -0.0444827 0)
(2.03371 -0.10994 0)
(2.04407 -0.174775 0)
(2.05129 -0.237258 0)
(2.05511 -0.295698 0)
(2.05536 -0.348524 0)
(2.05194 -0.394366 0)
(2.04486 -0.43214 0)
(2.03431 -0.461049 0)
(2.02018 -0.480533 0)
(2.00147 -0.48988 0)
(1.97856 -0.488763 0)
(1.95172 -0.478821 0)
(1.92172 -0.462267 0)
(1.88973 -0.441731 0)
(1.85722 -0.420012 0)
(1.82556 -0.399265 0)
(1.7954 -0.380453 0)
(1.7673 -0.363873 0)
(1.74154 -0.349336 0)
(1.71827 -0.336286 0)
(1.69749 -0.323894 0)
(1.67915 -0.311135 0)
(1.66318 -0.296883 0)
(1.64961 -0.280172 0)
(1.63836 -0.260085 0)
(1.62938 -0.235822 0)
(1.62269 -0.206782 0)
(1.6183 -0.172607 0)
(1.6162 -0.133224 0)
(1.61638 -0.088857 0)
(1.61884 -0.0400245 0)
(1.62356 0.0124549 0)
(1.6305 0.0674237 0)
(1.6395 0.123254 0)
(1.6503 0.17799 0)
(1.66267 0.230249 0)
(1.67641 0.278751 0)
(1.69126 0.322357 0)
(1.70693 0.360148 0)
(1.72305 0.391512 0)
(1.73921 0.416196 0)
(1.75503 0.434303 0)
(1.77025 0.446171 0)
(1.78496 0.452075 0)
(1.79937 0.45178 0)
(1.81298 0.445131 0)
(1.82566 0.432785 0)
(1.8374 0.415744 0)
(1.84838 0.394998 0)
(1.85893 0.371395 0)
(1.8694 0.345557 0)
(1.88009 0.317847 0)
(1.89123 0.288428 0)
(1.9029 0.257331 0)
(1.91516 0.2245 0)
(1.92791 0.18987 0)
(1.94102 0.15342 0)
(1.95427 0.115163 0)
(1.96742 0.0751472 0)
(1.98024 0.0334509 0)
(1.99252 -0.00977881 0)
(2.00399 -0.0541702 0)
(2.01424 -0.0987989 0)
(2.02288 -0.142666 0)
(2.02955 -0.184776 0)
(2.0338 -0.22415 0)
(2.03534 -0.259934 0)
(2.03398 -0.29133 0)
(2.02969 -0.317649 0)
(2.02245 -0.338412 0)
(2.01194 -0.353165 0)
(1.99733 -0.3612 0)
(1.97875 -0.362225 0)
(1.95647 -0.35726 0)
(1.93137 -0.347664 0)
(1.90471 -0.335131 0)
(1.87806 -0.321523 0)
(1.85265 -0.308178 0)
(1.82922 -0.295682 0)
(1.80827 -0.284183 0)
(1.79006 -0.273489 0)
(1.77468 -0.263096 0)
(1.76212 -0.252182 0)
(1.7523 -0.239797 0)
(1.74513 -0.225312 0)
(1.7403 -0.208135 0)
(1.73755 -0.187798 0)
(1.73664 -0.164024 0)
(1.73734 -0.136745 0)
(1.73943 -0.10609 0)
(1.74271 -0.072357 0)
(1.74702 -0.0359713 0)
(1.75224 0.00253875 0)
)
;

boundaryField
{
    inlet
    {
        type            fixedValue;
        value           nonuniform List<vector> 0();
    }
    outlet
    {
        type            zeroGradient;
    }
    topWall
    {
        type            noSlip;
    }
    lowerWall
    {
        type            noSlip;
    }
    leadingEdge
    {
        type            noSlip;
    }
    trailingEdge
    {
        type            noSlip;
    }
    upperSurface
    {
        type            noSlip;
    }
    lowerSurface
    {
        type            noSlip;
    }
    frontAndBack
    {
        type            empty;
    }
    procBoundary6to1
    {
        type            processor;
        value           nonuniform List<vector> 2((1.70036 0.13167 0) (1.63201 0.122478 0));
    }
    procBoundary6to2
    {
        type            processor;
        value           nonuniform List<vector> 
124
(
(1.78297 0.225568 0)
(1.79373 0.304888 0)
(1.80422 0.377321 0)
(1.81399 0.441012 0)
(1.82271 0.494514 0)
(1.83006 0.536857 0)
(1.83582 0.567724 0)
(1.83983 0.587376 0)
(1.84197 0.596837 0)
(1.84177 0.59839 0)
(1.83737 0.590946 0)
(1.829 0.574641 0)
(1.81811 0.554171 0)
(1.79773 0.542103 0)
(1.79773 0.542103 0)
(1.79016 0.521015 0)
(1.78169 0.500377 0)
(1.77282 0.480525 0)
(1.76402 0.461249 0)
(1.75568 0.442027 0)
(1.74812 0.422209 0)
(1.74157 0.400933 0)
(1.73624 0.377273 0)
(1.73231 0.350276 0)
(1.72991 0.319018 0)
(1.72917 0.282691 0)
(1.73013 0.240667 0)
(1.73282 0.192574 0)
(1.73719 0.13835 0)
(1.74314 0.0783006 0)
(1.75051 0.0131448 0)
(1.75913 -0.0558945 0)
(1.7687 -0.126862 0)
(1.77879 -0.197067 0)
(1.78908 -0.264469 0)
(1.79929 -0.327279 0)
(1.80916 -0.383861 0)
(1.8184 -0.432825 0)
(1.8268 -0.47308 0)
(1.83419 -0.503914 0)
(1.84044 -0.525138 0)
(1.84533 -0.537315 0)
(1.84836 -0.542122 0)
(1.84927 -0.541731 0)
(1.84785 -0.531447 0)
(1.84415 -0.514585 0)
(1.83907 -0.494152 0)
(1.83351 -0.471928 0)
(1.82798 -0.448986 0)
(1.82297 -0.426075 0)
(1.81907 -0.403154 0)
(1.81667 -0.379906 0)
(1.81599 -0.355782 0)
(1.81719 -0.33011 0)
(1.8203 -0.302159 0)
(1.82527 -0.271211 0)
(1.83195 -0.236661 0)
(1.8401 -0.198086 0)
(1.84942 -0.155286 0)
(1.85956 -0.108296 0)
(1.87018 -0.0573676 0)
(1.88095 -0.00297462 0)
(1.89157 0.0541063 0)
(1.9017 0.112539 0)
(1.91095 0.170414 0)
(1.91911 0.2263 0)
(1.92603 0.278848 0)
(1.93154 0.326786 0)
(1.93549 0.368976 0)
(1.93779 0.404496 0)
(1.93835 0.432718 0)
(1.93722 0.453363 0)
(1.93469 0.466527 0)
(1.9307 0.472826 0)
(1.92432 0.472043 0)
(1.91533 0.464376 0)
(1.90419 0.451131 0)
(1.89217 0.433876 0)
(1.87995 0.414275 0)
(1.86821 0.393741 0)
(1.8577 0.37306 0)
(1.84896 0.35221 0)
(1.84236 0.33086 0)
(1.83805 0.308615 0)
(1.83604 0.284908 0)
(1.83627 0.25916 0)
(1.8386 0.230832 0)
(1.84277 0.199501 0)
(1.84849 0.16492 0)
(1.85543 0.127036 0)
(1.86325 0.0859799 0)
(1.87164 0.0420362 0)
(1.88031 -0.00437466 0)
(1.88903 -0.0526433 0)
(1.89757 -0.101772 0)
(1.90567 -0.150379 0)
(1.91321 -0.197447 0)
(1.92008 -0.241972 0)
(1.92615 -0.282969 0)
(1.93126 -0.319524 0)
(1.93526 -0.350852 0)
(1.93806 -0.376375 0)
(1.9396 -0.395758 0)
(1.94001 -0.408922 0)
(1.93964 -0.416052 0)
(1.93801 -0.417866 0)
(1.93442 -0.4149 0)
(1.92866 -0.405392 0)
(1.92179 -0.391658 0)
(1.91463 -0.374729 0)
(1.90755 -0.355505 0)
(1.90107 -0.334731 0)
(1.89582 -0.312749 0)
(1.89214 -0.289616 0)
(1.89021 -0.265249 0)
(1.89003 -0.239457 0)
(1.89154 -0.21199 0)
(1.89456 -0.18263 0)
(1.89888 -0.151241 0)
(1.90421 -0.117789 0)
(1.91028 -0.0823448 0)
(1.91682 -0.0450641 0)
(1.92359 -0.00616189 0)
(1.9304 0.0340699 0)
)
;
    }
    procBoundary6to5
    {
        type            processor;
        value           nonuniform List<vector> 
24
(
(1.38714 0.0886031 0)
(1.35968 0.0841434 0)
(1.33848 0.0802407 0)
(1.32265 0.0767274 0)
(1.31121 0.0734806 0)
(1.30309 0.0702999 0)
(1.29727 0.0671224 0)
(1.29267 0.063704 0)
(1.28825 0.060026 0)
(1.28284 0.0557598 0)
(1.27532 0.0509988 0)
(1.26411 0.0452914 0)
(1.25012 0.0394182 0)
(1.24361 0.0353123 0)
(1.23741 0.0347082 0)
(1.17357 0.0320493 0)
(0.967308 0.0284024 0)
(0.702641 0.0235009 0)
(0.444816 0.011652 0)
(0.147843 0.00346655 0)
(1.56901 0.114035 0)
(1.51254 0.106421 0)
(1.4633 0.0996625 0)
(1.42154 0.093743 0)
)
;
    }
    procBoundary6to7
    {
        type            processor;
        value           nonuniform List<vector> 
25
(
(1.70904 0.036245 0)
(1.65669 0.0301783 0)
(1.60228 0.0243989 0)
(1.54706 0.0189878 0)
(1.49236 0.0140959 0)
(1.43968 0.00987085 0)
(1.39026 0.00637839 0)
(1.34535 0.00371097 0)
(1.30628 0.00195335 0)
(1.27423 0.00109195 0)
(1.24998 0.00110062 0)
(1.23389 0.00181248 0)
(1.22507 0.00286034 0)
(1.2167 0.0038071 0)
(1.18262 0.0037718 0)
(1.08633 0.00283055 0)
(0.916188 0.00217654 0)
(0.690765 0.00141826 0)
(0.424508 0.000605744 0)
(0.127036 6.49615e-05 0)
(1.91096 0.0685957 0)
(1.87998 0.0620397 0)
(1.84413 0.0554758 0)
(1.80346 0.0489564 0)
(1.75825 0.0425266 0)
)
;
    }
}


// ************************************************************************* //
