/*--------------------------------*- C++ -*----------------------------------*\
| =========                 |                                                 |
| \\      /  F ield         | OpenFOAM: The Open Source CFD Toolbox           |
|  \\    /   O peration     | Version:  2206                                  |
|   \\  /    A nd           | Website:  www.openfoam.com                      |
|    \\/     M anipulation  |                                                 |
\*---------------------------------------------------------------------------*/
FoamFile
{
    version     2.0;
    format      ascii;
    arch        "LSB;label=32;scalar=64";
    class       surfaceScalarField;
    location    "18.6999";
    object      phi_0;
}
// * * * * * * * * * * * * * * * * * * * * * * * * * * * * * * * * * * * * * //

dimensions      [0 3 -1 0 0 0 0];

oriented        oriented;

internalField   nonuniform List<scalar> 
5972
(
7.38824e-06
-1.38336e-09
1.14142e-09
7.38897e-06
-4.14875e-09
3.42241e-09
7.39017e-06
-6.8787e-09
5.67465e-09
7.39184e-06
-9.54797e-09
7.87818e-09
7.39396e-06
-1.21356e-08
1.00163e-08
7.39651e-06
-1.4625e-08
1.20757e-08
7.39947e-06
-1.70031e-08
1.40456e-08
7.40281e-06
-1.92598e-08
1.59176e-08
7.40651e-06
-2.13882e-08
1.76856e-08
7.41055e-06
-2.33842e-08
1.9346e-08
7.4149e-06
-2.52465e-08
2.08973e-08
7.41954e-06
-2.6976e-08
2.23397e-08
7.42444e-06
-2.85751e-08
2.36749e-08
7.42958e-06
-3.00473e-08
2.49056e-08
7.43494e-06
-3.13971e-08
2.60353e-08
7.4405e-06
-3.26297e-08
2.70678e-08
7.44625e-06
-3.37501e-08
2.80074e-08
7.45215e-06
-3.47637e-08
2.88584e-08
7.4582e-06
-3.56755e-08
2.9625e-08
7.46438e-06
-3.64903e-08
3.0311e-08
7.47067e-06
-3.72124e-08
3.09202e-08
7.47706e-06
-3.78456e-08
3.14557e-08
7.48354e-06
-3.83933e-08
3.19204e-08
7.49008e-06
-3.88582e-08
3.23167e-08
7.49667e-06
-3.92427e-08
3.26465e-08
7.50331e-06
-3.95484e-08
3.29112e-08
7.50997e-06
-3.97765e-08
3.31121e-08
7.51665e-06
-3.9928e-08
3.32498e-08
7.52333e-06
-4.00034e-08
3.33245e-08
7.53e-06
-4.00028e-08
3.33369e-08
7.53664e-06
-3.99261e-08
3.32865e-08
7.54324e-06
-3.97728e-08
3.3173e-08
7.54978e-06
-3.95428e-08
3.29961e-08
7.55626e-06
-3.92356e-08
3.27555e-08
7.56266e-06
-3.88509e-08
3.24507e-08
7.56897e-06
-3.83881e-08
3.20812e-08
7.57517e-06
-3.78469e-08
3.16466e-08
7.58125e-06
-3.7227e-08
3.11468e-08
7.5872e-06
-3.65282e-08
3.05809e-08
7.593e-06
-3.575e-08
2.99493e-08
7.59864e-06
-3.48925e-08
2.92509e-08
7.60411e-06
-3.39549e-08
2.84862e-08
7.60939e-06
-3.29373e-08
2.76537e-08
7.61448e-06
-3.18384e-08
2.67539e-08
7.61935e-06
-3.06582e-08
2.57848e-08
7.624e-06
-2.93942e-08
2.47465e-08
7.62841e-06
-2.80461e-08
2.36361e-08
7.63257e-06
-2.66094e-08
2.24526e-08
7.63646e-06
-2.50833e-08
2.11923e-08
7.64007e-06
-2.34607e-08
1.9852e-08
7.64338e-06
-2.17398e-08
1.84273e-08
7.64638e-06
-1.99097e-08
1.69114e-08
7.64904e-06
-1.79678e-08
1.52994e-08
7.65136e-06
-1.58988e-08
1.35802e-08
7.65331e-06
-1.36999e-08
1.17492e-08
7.65487e-06
-1.13498e-08
9.79141e-09
7.65602e-06
-8.84885e-09
7.70435e-09
7.65671e-06
-6.15997e-09
5.4681e-09
7.65692e-06
-3.26483e-09
3.05157e-09
7.65662e-06
-1.39007e-10
4.3944e-10
7.65577e-06
3.24822e-09
-2.39479e-09
7.65432e-06
6.92961e-09
-5.47965e-09
7.65222e-06
1.0944e-08
-8.84842e-09
7.64943e-06
1.53359e-08
-1.25393e-08
7.64587e-06
2.01569e-08
-1.65966e-08
7.64147e-06
2.5466e-08
-2.10716e-08
7.63616e-06
3.13312e-08
-2.60232e-08
7.62985e-06
3.78307e-08
-3.15193e-08
7.62244e-06
4.50544e-08
-3.76383e-08
7.6138e-06
5.31065e-08
-4.44711e-08
7.60382e-06
6.21074e-08
-5.21232e-08
7.59234e-06
7.21968e-08
-6.07172e-08
7.5792e-06
8.35371e-08
-7.03962e-08
7.56421e-06
9.63179e-08
-8.13278e-08
7.54715e-06
1.10761e-07
-9.37092e-08
7.5278e-06
1.27128e-07
-1.07773e-07
7.50586e-06
1.45726e-07
-1.23794e-07
7.48104e-06
1.66921e-07
-1.421e-07
7.45298e-06
1.91144e-07
-1.63084e-07
7.42128e-06
2.18916e-07
-1.87218e-07
7.3855e-06
2.5086e-07
-2.15072e-07
7.34511e-06
2.87727e-07
-2.4734e-07
7.29955e-06
3.30431e-07
-2.84872e-07
7.24818e-06
3.80087e-07
-3.28714e-07
7.19028e-06
4.38065e-07
-3.80162e-07
7.12506e-06
5.0606e-07
-4.40841e-07
7.05167e-06
5.86181e-07
-5.1279e-07
6.96919e-06
6.81077e-07
-5.98606e-07
6.87671e-06
7.94099e-07
-7.01615e-07
6.77331e-06
9.29534e-07
-8.26133e-07
6.6582e-06
1.09292e-06
-9.77814e-07
6.53088e-06
1.29157e-06
-1.16425e-06
6.39128e-06
1.53518e-06
-1.39558e-06
6.2404e-06
1.83751e-06
-1.68663e-06
6.08009e-06
2.21697e-06
-2.05666e-06
5.91909e-06
2.70467e-06
-2.54367e-06
5.76965e-06
3.33285e-06
-3.18342e-06
5.75436e-06
4.17883e-06
-4.16354e-06
6.11122e-06
5.12308e-06
-5.47994e-06
6.78343e-06
8.32546e-06
-8.99766e-06
7.38825e-06
-1.63668e-09
7.38901e-06
-4.90929e-09
7.39027e-06
-8.13858e-09
7.39202e-06
-1.12931e-08
7.39423e-06
-1.43468e-08
7.39688e-06
-1.72798e-08
7.39996e-06
-2.00765e-08
7.40342e-06
-2.27252e-08
7.40725e-06
-2.52185e-08
7.41142e-06
-2.75523e-08
7.4159e-06
-2.97259e-08
7.42067e-06
-3.17411e-08
7.42569e-06
-3.36014e-08
7.43096e-06
-3.53118e-08
7.43644e-06
-3.6878e-08
7.44212e-06
-3.83064e-08
7.44797e-06
-3.96035e-08
7.45398e-06
-4.07755e-08
7.46013e-06
-4.18287e-08
7.46641e-06
-4.27686e-08
7.4728e-06
-4.36004e-08
7.47928e-06
-4.43284e-08
7.48585e-06
-4.49566e-08
7.49248e-06
-4.54881e-08
7.49916e-06
-4.59255e-08
7.50588e-06
-4.62707e-08
7.51263e-06
-4.65251e-08
7.51939e-06
-4.66895e-08
7.52615e-06
-4.67647e-08
7.5329e-06
-4.67506e-08
7.53962e-06
-4.66471e-08
7.5463e-06
-4.64537e-08
7.55293e-06
-4.61702e-08
7.55949e-06
-4.5796e-08
7.56597e-06
-4.53309e-08
7.57236e-06
-4.47744e-08
7.57864e-06
-4.41263e-08
7.58479e-06
-4.33861e-08
7.59082e-06
-4.25538e-08
7.5967e-06
-4.16291e-08
7.60242e-06
-4.06121e-08
7.60797e-06
-3.95022e-08
7.61333e-06
-3.82996e-08
7.61849e-06
-3.7003e-08
7.62345e-06
-3.56124e-08
7.62818e-06
-3.41255e-08
7.63267e-06
-3.25414e-08
7.63692e-06
-3.08564e-08
7.64091e-06
-2.90679e-08
7.64462e-06
-2.71704e-08
7.64803e-06
-2.51588e-08
7.65115e-06
-2.30255e-08
7.65394e-06
-2.07621e-08
7.6564e-06
-1.83583e-08
7.65851e-06
-1.58025e-08
7.66024e-06
-1.30806e-08
7.66157e-06
-1.01778e-08
7.66247e-06
-7.06217e-09
7.66292e-06
-3.71391e-09
7.66288e-06
-1.03979e-10
7.66233e-06
3.80207e-09
7.66122e-06
8.04084e-09
7.65951e-06
1.2656e-08
7.65714e-06
1.76978e-08
7.65408e-06
2.32235e-08
7.65024e-06
2.92989e-08
7.64558e-06
3.59997e-08
7.63999e-06
4.34125e-08
7.63341e-06
5.16369e-08
7.62573e-06
6.07878e-08
7.61684e-06
7.09975e-08
7.60662e-06
8.24192e-08
7.59492e-06
9.52302e-08
7.58161e-06
1.09637e-07
7.56649e-06
1.2588e-07
7.54938e-06
1.4424e-07
7.53005e-06
1.65047e-07
7.50828e-06
1.88691e-07
7.4838e-06
2.15629e-07
7.45631e-06
2.46409e-07
7.42549e-06
2.81679e-07
7.391e-06
3.22217e-07
7.35247e-06
3.68959e-07
7.30952e-06
4.23035e-07
7.26177e-06
4.85814e-07
7.20886e-06
5.5897e-07
7.15049e-06
6.44553e-07
7.08648e-06
7.45089e-07
7.01687e-06
8.6371e-07
6.94208e-06
1.00432e-06
6.86316e-06
1.17183e-06
6.78232e-06
1.37241e-06
6.70356e-06
1.61395e-06
6.63485e-06
1.90621e-06
6.59003e-06
2.26179e-06
6.60107e-06
2.69363e-06
6.71941e-06
3.21451e-06
7.0571e-06
3.84114e-06
7.74991e-06
4.43027e-06
5.74678e-06
8.78656e-06
7.38827e-06
-1.90427e-09
7.38907e-06
-5.71281e-09
7.3904e-06
-9.46844e-09
7.39224e-06
-1.31322e-08
7.39457e-06
-1.66724e-08
7.39735e-06
-2.00651e-08
7.40057e-06
-2.32922e-08
7.40418e-06
-2.63411e-08
7.40817e-06
-2.92038e-08
7.41249e-06
-3.18772e-08
7.41713e-06
-3.43614e-08
7.42205e-06
-3.66599e-08
7.42722e-06
-3.87777e-08
7.43263e-06
-4.07215e-08
7.43825e-06
-4.2499e-08
7.44407e-06
-4.41179e-08
7.45005e-06
-4.55862e-08
7.45618e-06
-4.69117e-08
7.46246e-06
-4.81014e-08
7.46885e-06
-4.91621e-08
7.47535e-06
-5.00996e-08
7.48194e-06
-5.09191e-08
7.48861e-06
-5.16249e-08
7.49534e-06
-5.22206e-08
7.50212e-06
-5.2709e-08
7.50895e-06
-5.30922e-08
7.51579e-06
-5.33716e-08
7.52265e-06
-5.35481e-08
7.52951e-06
-5.36224e-08
7.53635e-06
-5.35943e-08
7.54317e-06
-5.34635e-08
7.54994e-06
-5.32296e-08
7.55667e-06
-5.28922e-08
7.56332e-06
-5.24508e-08
7.5699e-06
-5.19049e-08
7.57638e-06
-5.12544e-08
7.58275e-06
-5.04987e-08
7.589e-06
-4.96378e-08
7.59512e-06
-4.86717e-08
7.60109e-06
-4.76003e-08
7.6069e-06
-4.64235e-08
7.61254e-06
-4.51416e-08
7.61799e-06
-4.3754e-08
7.62325e-06
-4.2261e-08
7.6283e-06
-4.0661e-08
7.63313e-06
-3.89537e-08
7.63772e-06
-3.71361e-08
7.64207e-06
-3.52071e-08
7.64617e-06
-3.31611e-08
7.64999e-06
-3.09953e-08
7.65353e-06
-2.87014e-08
7.65678e-06
-2.62742e-08
7.65972e-06
-2.37015e-08
7.66234e-06
-2.09758e-08
7.66462e-06
-1.80794e-08
7.66654e-06
-1.50031e-08
7.66808e-06
-1.17182e-08
7.66922e-06
-8.20257e-09
7.66994e-06
-4.43018e-09
7.6702e-06
-3.69535e-10
7.66999e-06
4.01731e-09
7.66926e-06
8.76969e-09
7.66798e-06
1.39357e-08
7.66611e-06
1.95699e-08
7.66359e-06
2.57346e-08
7.66039e-06
3.2501e-08
7.65644e-06
3.99507e-08
7.65168e-06
4.81772e-08
7.64603e-06
5.72876e-08
7.63941e-06
6.74047e-08
7.63174e-06
7.86698e-08
7.62291e-06
9.12459e-08
7.61282e-06
1.05321e-07
7.60135e-06
1.21112e-07
7.58835e-06
1.38871e-07
7.5737e-06
1.58892e-07
7.55723e-06
1.81517e-07
7.53878e-06
2.07146e-07
7.51816e-06
2.36248e-07
7.49519e-06
2.69378e-07
7.46968e-06
3.07187e-07
7.44145e-06
3.50449e-07
7.41033e-06
4.00083e-07
7.37618e-06
4.57184e-07
7.33893e-06
5.23064e-07
7.2986e-06
5.99293e-07
7.2554e-06
6.87757e-07
7.20976e-06
7.90728e-07
7.16253e-06
9.10942e-07
7.11517e-06
1.05169e-06
7.07009e-06
1.2169e-06
7.03128e-06
1.41123e-06
7.0051e-06
1.64012e-06
7.00205e-06
1.90926e-06
7.03889e-06
2.22495e-06
7.14207e-06
2.59045e-06
7.35088e-06
3.00571e-06
7.70763e-06
3.48439e-06
8.24137e-06
3.89652e-06
4.67169e-06
9.31646e-06
7.38829e-06
-2.18969e-09
7.38914e-06
-6.5699e-09
7.39056e-06
-1.08853e-08
7.39251e-06
-1.50878e-08
7.39498e-06
-1.91387e-08
7.39793e-06
-2.30098e-08
7.40131e-06
-2.66807e-08
7.40511e-06
-3.0138e-08
7.40928e-06
-3.33744e-08
7.41379e-06
-3.6388e-08
7.41861e-06
-3.91809e-08
7.42371e-06
-4.17586e-08
7.42906e-06
-4.41284e-08
7.43464e-06
-4.62995e-08
7.44042e-06
-4.82814e-08
7.44639e-06
-5.00841e-08
7.45252e-06
-5.1717e-08
7.4588e-06
-5.31896e-08
7.46521e-06
-5.45101e-08
7.47173e-06
-5.56864e-08
7.47836e-06
-5.67252e-08
7.48507e-06
-5.76322e-08
7.49186e-06
-5.84124e-08
7.49871e-06
-5.90696e-08
7.5056e-06
-5.96068e-08
7.51254e-06
-6.00264e-08
7.5195e-06
-6.03297e-08
7.52646e-06
-6.05175e-08
7.53343e-06
-6.05902e-08
7.54039e-06
-6.05476e-08
7.54731e-06
-6.03893e-08
7.5542e-06
-6.01146e-08
7.56103e-06
-5.9723e-08
7.56779e-06
-5.9214e-08
7.57447e-06
-5.85871e-08
7.58106e-06
-5.7842e-08
7.58754e-06
-5.69783e-08
7.5939e-06
-5.59962e-08
7.60012e-06
-5.48956e-08
7.6062e-06
-5.3677e-08
7.61212e-06
-5.23402e-08
7.61786e-06
-5.08861e-08
7.62342e-06
-4.9314e-08
7.62878e-06
-4.76248e-08
7.63394e-06
-4.58172e-08
7.63888e-06
-4.3891e-08
7.64359e-06
-4.18438e-08
7.64805e-06
-3.96738e-08
7.65227e-06
-3.73768e-08
7.65622e-06
-3.49483e-08
7.6599e-06
-3.2382e-08
7.6633e-06
-2.96697e-08
7.6664e-06
-2.6802e-08
7.66919e-06
-2.37667e-08
7.67166e-06
-2.05496e-08
7.67379e-06
-1.71346e-08
7.67557e-06
-1.34938e-08
7.67697e-06
-9.60562e-09
7.67798e-06
-5.44052e-09
7.67858e-06
-9.65454e-10
7.67873e-06
3.8604e-09
7.67842e-06
9.07882e-09
7.67762e-06
1.47413e-08
7.67628e-06
2.09058e-08
7.67438e-06
2.76382e-08
7.67186e-06
3.50142e-08
7.6687e-06
4.31196e-08
7.66482e-06
5.20529e-08
7.66018e-06
6.19263e-08
7.65472e-06
7.28683e-08
7.64836e-06
8.50261e-08
7.64104e-06
9.85682e-08
7.63267e-06
1.13689e-07
7.62317e-06
1.30611e-07
7.61245e-06
1.49592e-07
7.60041e-06
1.70929e-07
7.58696e-06
1.94969e-07
7.572e-06
2.2211e-07
7.55543e-06
2.52819e-07
7.53717e-06
2.87639e-07
7.51715e-06
3.27205e-07
7.49533e-06
3.72261e-07
7.47174e-06
4.23678e-07
7.44644e-06
4.82479e-07
7.41964e-06
5.49867e-07
7.39168e-06
6.27252e-07
7.36315e-06
7.16291e-07
7.33496e-06
8.18916e-07
7.30853e-06
9.37374e-07
7.28598e-06
1.07424e-06
7.27046e-06
1.23242e-06
7.26663e-06
1.41506e-06
7.28132e-06
1.62543e-06
7.32425e-06
1.86633e-06
7.4094e-06
2.1398e-06
7.55402e-06
2.44583e-06
7.78315e-06
2.77658e-06
8.12582e-06
3.14172e-06
8.58077e-06
3.44156e-06
3.80803e-06
9.44443e-06
7.38831e-06
-2.49739e-09
7.38923e-06
-7.49367e-09
7.39076e-06
-1.24102e-08
7.39286e-06
-1.71871e-08
7.39549e-06
-2.17775e-08
7.39863e-06
-2.61482e-08
7.40223e-06
-3.02771e-08
7.40624e-06
-3.41509e-08
7.41063e-06
-3.77641e-08
7.41536e-06
-4.1117e-08
7.42039e-06
-4.42145e-08
7.4257e-06
-4.70651e-08
7.43125e-06
-4.96794e-08
7.43702e-06
-5.20693e-08
7.44299e-06
-5.42471e-08
7.44913e-06
-5.62249e-08
7.45543e-06
-5.80144e-08
7.46186e-06
-5.96265e-08
7.46842e-06
-6.1071e-08
7.47509e-06
-6.23568e-08
7.48186e-06
-6.34916e-08
7.48871e-06
-6.44817e-08
7.49563e-06
-6.53326e-08
7.50261e-06
-6.60485e-08
7.50963e-06
-6.66325e-08
7.51669e-06
-6.70868e-08
7.52378e-06
-6.74128e-08
7.53087e-06
-6.76112e-08
7.53796e-06
-6.7682e-08
7.54504e-06
-6.76247e-08
7.55209e-06
-6.74387e-08
7.5591e-06
-6.71231e-08
7.56605e-06
-6.66772e-08
7.57294e-06
-6.61003e-08
7.57974e-06
-6.53919e-08
7.58645e-06
-6.45517e-08
7.59305e-06
-6.35794e-08
7.59953e-06
-6.24754e-08
7.60588e-06
-6.12397e-08
7.61207e-06
-5.9873e-08
7.61811e-06
-5.83758e-08
7.62397e-06
-5.67487e-08
7.62965e-06
-5.49925e-08
7.63513e-06
-5.31071e-08
7.64041e-06
-5.10933e-08
7.64547e-06
-4.89496e-08
7.6503e-06
-4.6676e-08
7.65489e-06
-4.42688e-08
7.65924e-06
-4.17264e-08
7.66334e-06
-3.90422e-08
7.66717e-06
-3.6212e-08
7.67072e-06
-3.32256e-08
7.674e-06
-3.00755e-08
7.67698e-06
-2.67461e-08
7.67965e-06
-2.3227e-08
7.68201e-06
-1.94929e-08
7.68404e-06
-1.55228e-08
7.68573e-06
-1.12913e-08
7.68705e-06
-6.76741e-09
7.688e-06
-1.91603e-09
7.68856e-06
3.30392e-09
7.6887e-06
8.93789e-09
7.6884e-06
1.50391e-08
7.68764e-06
2.16678e-08
7.68639e-06
2.88929e-08
7.68461e-06
3.67925e-08
7.68227e-06
4.54557e-08
7.67934e-06
5.49837e-08
7.67578e-06
6.54919e-08
7.67153e-06
7.71118e-08
7.66657e-06
8.99933e-08
7.66083e-06
1.04307e-07
7.65427e-06
1.2025e-07
7.64683e-06
1.38045e-07
7.63847e-06
1.57949e-07
7.62915e-06
1.80257e-07
7.61881e-06
2.05308e-07
7.60742e-06
2.33493e-07
7.59498e-06
2.65261e-07
7.58149e-06
3.01133e-07
7.56698e-06
3.41707e-07
7.55157e-06
3.87678e-07
7.5354e-06
4.39846e-07
7.51875e-06
4.99133e-07
7.50201e-06
5.66603e-07
7.48579e-06
6.43474e-07
7.47094e-06
7.31135e-07
7.45871e-06
8.31151e-07
7.45082e-06
9.45262e-07
7.44971e-06
1.07535e-06
7.45875e-06
1.22338e-06
7.48257e-06
1.39125e-06
7.52745e-06
1.58056e-06
7.60158e-06
1.7922e-06
7.7158e-06
2.02557e-06
7.88304e-06
2.2786e-06
8.11861e-06
2.541e-06
8.44974e-06
2.8106e-06
8.85424e-06
3.03707e-06
3.2325e-06
9.42977e-06
7.38834e-06
-2.83316e-09
7.38934e-06
-8.50071e-09
7.391e-06
-1.40694e-08
7.39328e-06
-1.94641e-08
7.39613e-06
-2.46279e-08
7.3995e-06
-2.95214e-08
7.40335e-06
-3.41225e-08
7.40762e-06
-3.842e-08
7.41226e-06
-4.24109e-08
7.41725e-06
-4.60994e-08
7.42253e-06
-4.94946e-08
7.42807e-06
-5.26089e-08
7.43385e-06
-5.54573e-08
7.43983e-06
-5.80551e-08
7.446e-06
-6.04178e-08
7.45234e-06
-6.25602e-08
7.45882e-06
-6.44964e-08
7.46543e-06
-6.6239e-08
7.47216e-06
-6.77996e-08
7.47899e-06
-6.9188e-08
7.48592e-06
-7.04128e-08
7.49291e-06
-7.14812e-08
7.49998e-06
-7.23989e-08
7.5071e-06
-7.31704e-08
7.51427e-06
-7.37988e-08
7.52147e-06
-7.42864e-08
7.52869e-06
-7.46342e-08
7.53592e-06
-7.48427e-08
7.54315e-06
-7.49115e-08
7.55037e-06
-7.48396e-08
7.55755e-06
-7.46259e-08
7.5647e-06
-7.42695e-08
7.57179e-06
-7.37692e-08
7.57882e-06
-7.31242e-08
7.58576e-06
-7.2334e-08
7.5926e-06
-7.13981e-08
7.59934e-06
-7.03166e-08
7.60596e-06
-6.90896e-08
7.61243e-06
-6.77179e-08
7.61876e-06
-6.6202e-08
7.62493e-06
-6.45434e-08
7.63092e-06
-6.27427e-08
7.63673e-06
-6.08015e-08
7.64235e-06
-5.87204e-08
7.64775e-06
-5.65005e-08
7.65295e-06
-5.41413e-08
7.65791e-06
-5.16429e-08
7.66265e-06
-4.90032e-08
7.66714e-06
-4.62195e-08
7.67139e-06
-4.32876e-08
7.67537e-06
-4.02011e-08
7.6791e-06
-3.69527e-08
7.68256e-06
-3.35319e-08
7.68574e-06
-2.99265e-08
7.68863e-06
-2.61214e-08
7.69123e-06
-2.20924e-08
7.69353e-06
-1.78195e-08
7.69551e-06
-1.32753e-08
7.69717e-06
-8.42788e-09
7.6985e-06
-3.24107e-09
7.69948e-06
2.32688e-09
7.70009e-06
8.32361e-09
7.70033e-06
1.48033e-08
7.70017e-06
2.18279e-08
7.69959e-06
2.94676e-08
7.69858e-06
3.78022e-08
7.69711e-06
4.69221e-08
7.69517e-06
5.69299e-08
7.69272e-06
6.79419e-08
7.68974e-06
8.009e-08
7.68621e-06
9.35244e-08
7.6821e-06
1.08415e-07
7.6774e-06
1.24956e-07
7.67207e-06
1.43367e-07
7.66613e-06
1.63898e-07
7.65955e-06
1.86837e-07
7.65235e-06
2.12508e-07
7.64455e-06
2.41285e-07
7.63622e-06
2.73591e-07
7.62745e-06
3.09911e-07
7.61836e-06
3.50797e-07
7.60916e-06
3.96878e-07
7.60013e-06
4.48868e-07
7.59169e-06
5.07574e-07
7.58439e-06
5.73903e-07
7.579e-06
6.48868e-07
7.57655e-06
7.33585e-07
7.57844e-06
8.29259e-07
7.58655e-06
9.37157e-07
7.60334e-06
1.05855e-06
7.6321e-06
1.19463e-06
7.67704e-06
1.3463e-06
7.74358e-06
1.51401e-06
7.83846e-06
1.69732e-06
7.96981e-06
1.89422e-06
8.14732e-06
2.10109e-06
8.3792e-06
2.30912e-06
8.67952e-06
2.51028e-06
9.03408e-06
2.6825e-06
2.81206e-06
9.45452e-06
7.38837e-06
-3.20418e-09
7.38948e-06
-9.61251e-09
7.39131e-06
-1.5897e-08
7.39381e-06
-2.19614e-08
7.39692e-06
-2.77387e-08
7.40058e-06
-3.31791e-08
7.40472e-06
-3.82657e-08
7.40929e-06
-4.29912e-08
7.41424e-06
-4.73576e-08
7.41951e-06
-5.13743e-08
7.42507e-06
-5.50561e-08
7.43089e-06
-5.84213e-08
7.43692e-06
-6.14896e-08
7.44314e-06
-6.42812e-08
7.44954e-06
-6.68152e-08
7.45609e-06
-6.91095e-08
7.46278e-06
-7.11806e-08
7.46958e-06
-7.30433e-08
7.47649e-06
-7.47106e-08
7.4835e-06
-7.61937e-08
7.49059e-06
-7.7502e-08
7.49775e-06
-7.86433e-08
7.50497e-06
-7.96237e-08
7.51225e-06
-8.04477e-08
7.51957e-06
-8.11186e-08
7.52692e-06
-8.16381e-08
7.53429e-06
-8.20072e-08
7.54168e-06
-8.22257e-08
7.54906e-06
-8.22928e-08
7.55643e-06
-8.22067e-08
7.56377e-06
-8.19659e-08
7.57107e-06
-8.15689e-08
7.57831e-06
-8.10144e-08
7.58549e-06
-8.03013e-08
7.59258e-06
-7.94288e-08
7.59958e-06
-7.83967e-08
7.60647e-06
-7.72049e-08
7.61323e-06
-7.5854e-08
7.61986e-06
-7.43446e-08
7.62634e-06
-7.26784e-08
7.63265e-06
-7.08565e-08
7.63879e-06
-6.88812e-08
7.64474e-06
-6.67536e-08
7.6505e-06
-6.44763e-08
7.65605e-06
-6.20497e-08
7.66138e-06
-5.94764e-08
7.66649e-06
-5.67547e-08
7.67138e-06
-5.3886e-08
7.67602e-06
-5.08656e-08
7.68043e-06
-4.76924e-08
7.68458e-06
-4.43581e-08
7.68849e-06
-4.08585e-08
7.69214e-06
-3.71801e-08
7.69553e-06
-3.33154e-08
7.69865e-06
-2.92423e-08
7.7015e-06
-2.49426e-08
7.70407e-06
-2.03941e-08
7.70637e-06
-1.55687e-08
7.70837e-06
-1.04342e-08
7.71008e-06
-4.95376e-09
7.7115e-06
9.1474e-10
7.7126e-06
7.22021e-09
7.71339e-06
1.40169e-08
7.71385e-06
2.13674e-08
7.71397e-06
2.93425e-08
7.71375e-06
3.80222e-08
7.71318e-06
4.74967e-08
7.71224e-06
5.78684e-08
7.71093e-06
6.92527e-08
7.70924e-06
8.17798e-08
7.70717e-06
9.55972e-08
7.70471e-06
1.10871e-07
7.70187e-06
1.2779e-07
7.69867e-06
1.46566e-07
7.69513e-06
1.6744e-07
7.69129e-06
1.90683e-07
7.68719e-06
2.16603e-07
7.68293e-06
2.45546e-07
7.67862e-06
2.77904e-07
7.67441e-06
3.1412e-07
7.67052e-06
3.54688e-07
7.66723e-06
4.00165e-07
7.66493e-06
4.5117e-07
7.66412e-06
5.08386e-07
7.66546e-06
5.72564e-07
7.66981e-06
6.44514e-07
7.6783e-06
7.25093e-07
7.69238e-06
8.1518e-07
7.7139e-06
9.15633e-07
7.74523e-06
1.02722e-06
7.78934e-06
1.15052e-06
7.8499e-06
1.28575e-06
7.93136e-06
1.43255e-06
8.03896e-06
1.58972e-06
8.17851e-06
1.75467e-06
8.3563e-06
1.9233e-06
8.5767e-06
2.08871e-06
8.84451e-06
2.24247e-06
9.15521e-06
2.37181e-06
2.46383e-06
9.50344e-06
7.38841e-06
-3.61915e-09
7.38966e-06
-1.0858e-08
7.3917e-06
-1.79369e-08
7.39448e-06
-2.47369e-08
7.39791e-06
-3.11699e-08
7.40191e-06
-3.7182e-08
7.40641e-06
-4.27646e-08
7.41134e-06
-4.79185e-08
7.41663e-06
-5.26526e-08
7.42224e-06
-5.69848e-08
7.42812e-06
-6.09366e-08
7.43424e-06
-6.45344e-08
7.44055e-06
-6.78045e-08
7.44704e-06
-7.07722e-08
7.45369e-06
-7.34608e-08
7.46047e-06
-7.58916e-08
7.46737e-06
-7.80838e-08
7.47438e-06
-8.00545e-08
7.48149e-06
-8.18181e-08
7.48868e-06
-8.3387e-08
7.49595e-06
-8.47716e-08
7.50329e-06
-8.59801e-08
7.51069e-06
-8.70188e-08
7.51813e-06
-8.78923e-08
7.52561e-06
-8.86036e-08
7.53313e-06
-8.91542e-08
7.54067e-06
-8.95444e-08
7.54822e-06
-8.97734e-08
7.55576e-06
-8.98396e-08
7.5633e-06
-8.97403e-08
7.5708e-06
-8.94733e-08
7.57827e-06
-8.90365e-08
7.58569e-06
-8.84282e-08
7.59303e-06
-8.7647e-08
7.60029e-06
-8.6692e-08
7.60746e-06
-8.5563e-08
7.61452e-06
-8.42598e-08
7.62144e-06
-8.27836e-08
7.62824e-06
-8.11349e-08
7.63487e-06
-7.93164e-08
7.64135e-06
-7.73292e-08
7.64764e-06
-7.51771e-08
7.65375e-06
-7.28611e-08
7.65966e-06
-7.0386e-08
7.66536e-06
-6.77522e-08
7.67085e-06
-6.49641e-08
7.67612e-06
-6.20208e-08
7.68115e-06
-5.89248e-08
7.68596e-06
-5.56727e-08
7.69053e-06
-5.22631e-08
7.69486e-06
-4.869e-08
7.69895e-06
-4.49483e-08
7.7028e-06
-4.10265e-08
7.7064e-06
-3.69167e-08
7.70976e-06
-3.25964e-08
7.71286e-06
-2.80495e-08
7.71572e-06
-2.32529e-08
7.71833e-06
-1.81784e-08
7.72069e-06
-1.27936e-08
7.7228e-06
-7.06147e-09
7.72465e-06
-9.40787e-10
7.72625e-06
5.61902e-09
7.7276e-06
1.26706e-08
7.72869e-06
2.02769e-08
7.72953e-06
2.85081e-08
7.7301e-06
3.7443e-08
7.73043e-06
4.71708e-08
7.73051e-06
5.77918e-08
7.73034e-06
6.94186e-08
7.72994e-06
8.21782e-08
7.72933e-06
9.62132e-08
7.72851e-06
1.11684e-07
7.72754e-06
1.28769e-07
7.72643e-06
1.47671e-07
7.72526e-06
1.68616e-07
7.72408e-06
1.91857e-07
7.72301e-06
2.17678e-07
7.72216e-06
2.46397e-07
7.72169e-06
2.78367e-07
7.72183e-06
3.13983e-07
7.72284e-06
3.5368e-07
7.72507e-06
3.97936e-07
7.72896e-06
4.47275e-07
7.73509e-06
5.02257e-07
7.74417e-06
5.63483e-07
7.75711e-06
6.31573e-07
7.77505e-06
7.07155e-07
7.7994e-06
7.90828e-07
7.83192e-06
8.83115e-07
7.87475e-06
9.84394e-07
7.93047e-06
1.0948e-06
8.00214e-06
1.21407e-06
8.09328e-06
1.34141e-06
8.20778e-06
1.47523e-06
8.3496e-06
1.61284e-06
8.52256e-06
1.75034e-06
8.72914e-06
1.88213e-06
8.97046e-06
2.00115e-06
9.2438e-06
2.09847e-06
2.16509e-06
9.54253e-06
7.38847e-06
-4.09049e-09
7.38989e-06
-1.2277e-08
7.39221e-06
-2.02533e-08
7.39534e-06
-2.78655e-08
7.39916e-06
-3.49988e-08
7.40359e-06
-4.1605e-08
7.40851e-06
-4.76873e-08
7.41385e-06
-5.32622e-08
7.41955e-06
-5.83491e-08
7.42554e-06
-6.29759e-08
7.43178e-06
-6.71745e-08
7.43823e-06
-7.09816e-08
7.44485e-06
-7.44304e-08
7.45163e-06
-7.75523e-08
7.45855e-06
-8.03751e-08
7.46558e-06
-8.29242e-08
7.47272e-06
-8.52218e-08
7.47995e-06
-8.72867e-08
7.48727e-06
-8.91351e-08
7.49466e-06
-9.07803e-08
7.50212e-06
-9.22335e-08
7.50964e-06
-9.35032e-08
7.51722e-06
-9.45959e-08
7.52485e-06
-9.55161e-08
7.53251e-06
-9.62662e-08
7.5402e-06
-9.68475e-08
7.54792e-06
-9.72593e-08
7.55564e-06
-9.75002e-08
7.56337e-06
-9.7567e-08
7.57109e-06
-9.74563e-08
7.57878e-06
-9.71646e-08
7.58643e-06
-9.66891e-08
7.59403e-06
-9.60276e-08
7.60156e-06
-9.51786e-08
7.60901e-06
-9.41408e-08
7.61636e-06
-9.29141e-08
7.6236e-06
-9.14982e-08
7.63071e-06
-8.98948e-08
7.63768e-06
-8.81046e-08
7.6445e-06
-8.61311e-08
7.65114e-06
-8.39758e-08
7.65761e-06
-8.16437e-08
7.66388e-06
-7.91369e-08
7.66996e-06
-7.64609e-08
7.67583e-06
-7.36179e-08
7.68147e-06
-7.06134e-08
7.6869e-06
-6.74489e-08
7.6921e-06
-6.41267e-08
7.69708e-06
-6.06464e-08
7.70182e-06
-5.70052e-08
7.70633e-06
-5.32006e-08
7.71061e-06
-4.92256e-08
7.71466e-06
-4.50736e-08
7.71847e-06
-4.07329e-08
7.72206e-06
-3.61852e-08
7.72543e-06
-3.14145e-08
7.72857e-06
-2.63976e-08
7.7315e-06
-2.11061e-08
7.73421e-06
-1.55079e-08
7.73672e-06
-9.56645e-09
7.73902e-06
-3.2403e-09
7.74112e-06
3.51862e-09
7.74302e-06
1.0764e-08
7.74474e-06
1.85567e-08
7.74629e-06
2.69655e-08
7.74766e-06
3.60676e-08
7.74888e-06
4.59494e-08
7.74997e-06
5.67079e-08
7.75093e-06
6.84516e-08
7.75181e-06
8.13024e-08
7.75263e-06
9.53961e-08
7.75343e-06
1.10884e-07
7.75426e-06
1.27936e-07
7.75519e-06
1.4674e-07
7.7563e-06
1.67503e-07
7.7577e-06
1.9046e-07
7.75951e-06
2.15867e-07
7.7619e-06
2.44009e-07
7.76506e-06
2.75201e-07
7.76926e-06
3.09785e-07
7.77481e-06
3.48135e-07
7.78209e-06
3.90654e-07
7.7916e-06
4.37769e-07
7.80392e-06
4.89929e-07
7.81982e-06
5.47591e-07
7.84018e-06
6.11213e-07
7.86611e-06
6.81224e-07
7.89894e-06
7.57994e-07
7.94027e-06
8.41787e-07
7.99197e-06
9.32691e-07
8.05623e-06
1.03054e-06
8.13551e-06
1.1348e-06
8.2325e-06
1.24442e-06
8.35001e-06
1.35771e-06
8.49071e-06
1.47215e-06
8.65682e-06
1.58423e-06
8.84955e-06
1.68941e-06
9.06852e-06
1.78217e-06
9.31081e-06
1.85618e-06
1.90521e-06
9.57069e-06
7.38855e-06
-4.63666e-09
7.3902e-06
-1.39271e-08
7.39288e-06
-2.2933e-08
7.39646e-06
-3.14448e-08
7.40078e-06
-3.93241e-08
7.40571e-06
-4.65379e-08
7.41114e-06
-5.31161e-08
7.41698e-06
-5.90951e-08
7.42314e-06
-6.45094e-08
7.42956e-06
-6.93994e-08
7.4362e-06
-7.38124e-08
7.44301e-06
-7.7796e-08
7.44997e-06
-8.13933e-08
7.45706e-06
-8.46422e-08
7.46426e-06
-8.75757e-08
7.47156e-06
-9.02229e-08
7.47895e-06
-9.26081e-08
7.48641e-06
-9.47517e-08
7.49395e-06
-9.66719e-08
7.50155e-06
-9.83832e-08
7.50922e-06
-9.98968e-08
7.51694e-06
-1.01222e-07
7.5247e-06
-1.02364e-07
7.53252e-06
-1.03329e-07
7.54037e-06
-1.04117e-07
7.54825e-06
-1.04729e-07
7.55615e-06
-1.05164e-07
7.56407e-06
-1.05419e-07
7.572e-06
-1.0549e-07
7.57991e-06
-1.05371e-07
7.5878e-06
-1.05057e-07
7.59566e-06
-1.04544e-07
7.60346e-06
-1.03831e-07
7.6112e-06
-1.02914e-07
7.61885e-06
-1.01794e-07
7.6264e-06
-1.00468e-07
7.63384e-06
-9.89384e-08
7.64115e-06
-9.72056e-08
7.64832e-06
-9.52711e-08
7.65533e-06
-9.31391e-08
7.66217e-06
-9.08121e-08
7.66882e-06
-8.82961e-08
7.67527e-06
-8.55941e-08
7.68153e-06
-8.27131e-08
7.68757e-06
-7.96573e-08
7.69339e-06
-7.64336e-08
7.69898e-06
-7.30462e-08
7.70436e-06
-6.94985e-08
7.7095e-06
-6.57916e-08
7.71442e-06
-6.19228e-08
7.71911e-06
-5.78922e-08
7.72358e-06
-5.36927e-08
7.72782e-06
-4.93209e-08
7.73186e-06
-4.47642e-08
7.73568e-06
-4.00081e-08
7.7393e-06
-3.50368e-08
7.74273e-06
-2.98269e-08
7.74597e-06
-2.43499e-08
7.74904e-06
-1.85742e-08
7.75194e-06
-1.24646e-08
7.75468e-06
-5.98046e-09
7.75727e-06
9.24412e-10
7.75973e-06
8.30334e-09
7.76208e-06
1.62147e-08
7.76432e-06
2.47252e-08
7.76647e-06
3.39091e-08
7.76857e-06
4.38492e-08
7.77064e-06
5.46379e-08
7.77272e-06
6.63783e-08
7.77483e-06
7.91859e-08
7.77704e-06
9.31887e-08
7.7794e-06
1.08528e-07
7.78197e-06
1.2536e-07
7.78486e-06
1.43858e-07
7.78815e-06
1.64211e-07
7.79198e-06
1.86628e-07
7.79651e-06
2.11339e-07
7.80192e-06
2.38595e-07
7.80846e-06
2.68668e-07
7.81639e-06
3.01851e-07
7.82607e-06
3.38459e-07
7.8379e-06
3.78819e-07
7.8524e-06
4.23273e-07
7.87016e-06
4.72162e-07
7.89193e-06
5.25822e-07
7.91858e-06
5.84565e-07
7.95114e-06
6.48662e-07
7.99083e-06
7.18303e-07
8.03906e-06
7.93557e-07
8.09744e-06
8.74315e-07
8.16776e-06
9.60223e-07
8.25196e-06
1.05059e-06
8.35208e-06
1.14431e-06
8.47008e-06
1.23971e-06
8.6077e-06
1.33452e-06
8.76615e-06
1.42578e-06
8.94575e-06
1.50981e-06
9.14552e-06
1.5824e-06
9.36268e-06
1.63902e-06
1.67529e-06
9.5926e-06
7.38865e-06
-5.28443e-09
7.39061e-06
-1.58921e-08
7.39378e-06
-2.60986e-08
7.39794e-06
-3.56101e-08
7.40289e-06
-4.42717e-08
7.40845e-06
-5.20921e-08
7.41448e-06
-5.91461e-08
7.42088e-06
-6.54975e-08
7.42757e-06
-7.11984e-08
7.43448e-06
-7.63079e-08
7.44155e-06
-8.08918e-08
7.44877e-06
-8.50118e-08
7.4561e-06
-8.87216e-08
7.46352e-06
-9.20659e-08
7.47103e-06
-9.50828e-08
7.47861e-06
-9.78038e-08
7.48626e-06
-1.00256e-07
7.49397e-06
-1.02463e-07
7.50174e-06
-1.04442e-07
7.50956e-06
-1.06208e-07
7.51744e-06
-1.07774e-07
7.52537e-06
-1.09148e-07
7.53334e-06
-1.10336e-07
7.54135e-06
-1.11343e-07
7.54941e-06
-1.12169e-07
7.55749e-06
-1.12813e-07
7.5656e-06
-1.13274e-07
7.57373e-06
-1.13547e-07
7.58186e-06
-1.13626e-07
7.58999e-06
-1.13502e-07
7.59811e-06
-1.13169e-07
7.60618e-06
-1.12622e-07
7.61421e-06
-1.11858e-07
7.62217e-06
-1.10875e-07
7.63005e-06
-1.09671e-07
7.63783e-06
-1.08246e-07
7.64549e-06
-1.066e-07
7.65302e-06
-1.04736e-07
7.6604e-06
-1.02653e-07
7.66762e-06
-1.00358e-07
7.67466e-06
-9.78544e-08
7.68151e-06
-9.51496e-08
7.68817e-06
-9.22465e-08
7.69461e-06
-8.91551e-08
7.70083e-06
-8.58802e-08
7.70683e-06
-8.2433e-08
7.7126e-06
-7.88196e-08
7.71815e-06
-7.5046e-08
7.72347e-06
-7.11122e-08
7.72857e-06
-6.70187e-08
7.73344e-06
-6.27655e-08
7.7381e-06
-5.83488e-08
7.74254e-06
-5.3765e-08
7.74678e-06
-4.90059e-08
7.75083e-06
-4.40592e-08
7.75471e-06
-3.89108e-08
7.75842e-06
-3.35355e-08
7.76197e-06
-2.79036e-08
7.76538e-06
-2.1985e-08
7.76866e-06
-1.5747e-08
7.77183e-06
-9.15055e-09
7.77491e-06
-2.15061e-09
7.77791e-06
5.30365e-09
7.78085e-06
1.32687e-08
7.78377e-06
2.18079e-08
7.78669e-06
3.09924e-08
7.78964e-06
4.09001e-08
7.79266e-06
5.16172e-08
7.7958e-06
6.32409e-08
7.7991e-06
7.58796e-08
7.80264e-06
8.96523e-08
7.80648e-06
1.04689e-07
7.81071e-06
1.21132e-07
7.81543e-06
1.39137e-07
7.82076e-06
1.58873e-07
7.82687e-06
1.80525e-07
7.83391e-06
2.04294e-07
7.84211e-06
2.30395e-07
7.85172e-06
2.59061e-07
7.86303e-06
2.90538e-07
7.87641e-06
3.25081e-07
7.89228e-06
3.62953e-07
7.91114e-06
4.04414e-07
7.93359e-06
4.49708e-07
7.96035e-06
4.99065e-07
7.99223e-06
5.52683e-07
8.03019e-06
6.10702e-07
8.07531e-06
6.73178e-07
8.12883e-06
7.40042e-07
8.19209e-06
8.11058e-07
8.26654e-06
8.8577e-07
8.3537e-06
9.63438e-07
8.45504e-06
1.04296e-06
8.57193e-06
1.12282e-06
8.70544e-06
1.20102e-06
8.85612e-06
1.27509e-06
9.02379e-06
1.34214e-06
9.20724e-06
1.39895e-06
9.40406e-06
1.44221e-06
1.46884e-06
9.61051e-06
7.38879e-06
-6.07549e-09
7.3912e-06
-1.83023e-08
7.39503e-06
-2.99303e-08
7.39997e-06
-4.05436e-08
7.4057e-06
-5.00022e-08
7.41201e-06
-5.8405e-08
7.41876e-06
-6.58938e-08
7.42582e-06
-7.25637e-08
7.43311e-06
-7.84885e-08
7.44056e-06
-8.3755e-08
7.44812e-06
-8.84516e-08
7.45577e-06
-9.26569e-08
7.46348e-06
-9.64345e-08
7.47125e-06
-9.98373e-08
7.47907e-06
-1.02906e-07
7.48694e-06
-1.05675e-07
7.49486e-06
-1.08173e-07
7.50282e-06
-1.10424e-07
7.51083e-06
-1.12448e-07
7.51888e-06
-1.14259e-07
7.52698e-06
-1.1587e-07
7.53512e-06
-1.17288e-07
7.5433e-06
-1.1852e-07
7.55152e-06
-1.19568e-07
7.55979e-06
-1.20432e-07
7.56809e-06
-1.21112e-07
7.57642e-06
-1.21603e-07
7.58477e-06
-1.21901e-07
7.59314e-06
-1.21995e-07
7.60151e-06
-1.21872e-07
7.60987e-06
-1.21524e-07
7.61819e-06
-1.20945e-07
7.62646e-06
-1.20133e-07
7.63467e-06
-1.19085e-07
7.6428e-06
-1.17797e-07
7.65083e-06
-1.16272e-07
7.65874e-06
-1.14509e-07
7.66651e-06
-1.1251e-07
7.67413e-06
-1.10274e-07
7.68158e-06
-1.07812e-07
7.68885e-06
-1.05125e-07
7.69593e-06
-1.02225e-07
7.70279e-06
-9.91126e-08
7.70944e-06
-9.58029e-08
7.71586e-06
-9.22993e-08
7.72205e-06
-8.86216e-08
7.72801e-06
-8.47769e-08
7.73374e-06
-8.0777e-08
7.73924e-06
-7.66147e-08
7.74452e-06
-7.22983e-08
7.74958e-06
-6.78236e-08
7.75443e-06
-6.31957e-08
7.75907e-06
-5.84049e-08
7.76351e-06
-5.34533e-08
7.76779e-06
-4.83322e-08
7.77191e-06
-4.30299e-08
7.77589e-06
-3.75163e-08
7.77974e-06
-3.17591e-08
7.78349e-06
-2.57314e-08
7.78714e-06
-1.94035e-08
7.79073e-06
-1.2738e-08
7.79427e-06
-5.69187e-09
7.79779e-06
1.7828e-09
7.80132e-06
9.73976e-09
7.80489e-06
1.82386e-08
7.80854e-06
2.73478e-08
7.8123e-06
3.71389e-08
7.81623e-06
4.769e-08
7.82037e-06
5.90922e-08
7.82481e-06
7.14465e-08
7.8296e-06
8.48624e-08
7.83483e-06
9.94575e-08
7.8406e-06
1.15359e-07
7.84703e-06
1.32706e-07
7.85426e-06
1.51645e-07
7.86245e-06
1.72337e-07
7.87179e-06
1.94953e-07
7.88251e-06
2.19675e-07
7.89488e-06
2.46696e-07
7.9092e-06
2.76216e-07
7.92583e-06
3.08443e-07
7.9452e-06
3.43583e-07
7.9678e-06
3.8182e-07
7.9942e-06
4.23306e-07
8.02508e-06
4.68181e-07
8.06121e-06
5.16553e-07
8.10345e-06
5.68467e-07
8.15275e-06
6.23877e-07
8.21017e-06
6.82623e-07
8.27683e-06
7.44396e-07
8.3539e-06
8.08703e-07
8.44252e-06
8.74818e-07
8.54376e-06
9.41718e-07
8.65853e-06
1.00805e-06
8.78745e-06
1.07211e-06
8.93066e-06
1.13188e-06
9.08774e-06
1.18507e-06
9.25743e-06
1.22925e-06
9.43763e-06
1.262e-06
1.28114e-06
9.62533e-06
7.389e-06
-7.07908e-09
7.39208e-06
-2.13799e-08
7.39685e-06
-3.47029e-08
7.4028e-06
-4.64873e-08
7.4095e-06
-5.67061e-08
7.41673e-06
-6.56314e-08
7.42432e-06
-7.34881e-08
7.43216e-06
-8.03974e-08
7.44013e-06
-8.64605e-08
7.44818e-06
-9.18033e-08
7.45627e-06
-9.65416e-08
7.46438e-06
-1.00771e-07
7.47251e-06
-1.04566e-07
7.48066e-06
-1.07986e-07
7.48883e-06
-1.11071e-07
7.49701e-06
-1.13859e-07
7.50521e-06
-1.16378e-07
7.51345e-06
-1.18655e-07
7.52171e-06
-1.20708e-07
7.53e-06
-1.22552e-07
7.53833e-06
-1.24198e-07
7.54669e-06
-1.25655e-07
7.5551e-06
-1.26928e-07
7.56355e-06
-1.28017e-07
7.57204e-06
-1.2892e-07
7.58057e-06
-1.29637e-07
7.58913e-06
-1.30168e-07
7.59773e-06
-1.30502e-07
7.60636e-06
-1.30621e-07
7.61499e-06
-1.30506e-07
7.62362e-06
-1.30148e-07
7.63221e-06
-1.29543e-07
7.64076e-06
-1.28685e-07
7.64925e-06
-1.27573e-07
7.65766e-06
-1.26202e-07
7.66596e-06
-1.24576e-07
7.67415e-06
-1.22693e-07
7.68219e-06
-1.20556e-07
7.69008e-06
-1.18161e-07
7.69779e-06
-1.15526e-07
7.70532e-06
-1.1265e-07
7.71264e-06
-1.09549e-07
7.71975e-06
-1.06218e-07
7.72663e-06
-1.02681e-07
7.73326e-06
-9.89347e-08
7.73965e-06
-9.50146e-08
7.74581e-06
-9.09308e-08
7.75173e-06
-8.6701e-08
7.75742e-06
-8.23068e-08
7.76289e-06
-7.77673e-08
7.76814e-06
-7.30704e-08
7.77318e-06
-6.82326e-08
7.77801e-06
-6.32379e-08
7.78266e-06
-5.80993e-08
7.78715e-06
-5.28248e-08
7.79151e-06
-4.73915e-08
7.79575e-06
-4.17611e-08
7.7999e-06
-3.59034e-08
7.80397e-06
-2.97979e-08
7.80798e-06
-2.34166e-08
7.81196e-06
-1.67222e-08
7.81595e-06
-9.6753e-09
7.81996e-06
-2.23071e-09
7.82404e-06
5.66139e-09
7.82822e-06
1.40572e-08
7.83255e-06
2.30219e-08
7.83707e-06
3.26176e-08
7.84184e-06
4.29148e-08
7.84693e-06
5.39995e-08
7.85242e-06
6.59653e-08
7.85837e-06
7.89111e-08
7.86488e-06
9.29418e-08
7.87207e-06
1.08169e-07
7.88006e-06
1.24714e-07
7.88901e-06
1.42702e-07
7.89908e-06
1.62269e-07
7.91047e-06
1.83557e-07
7.92343e-06
2.06713e-07
7.93823e-06
2.31896e-07
7.95518e-06
2.59266e-07
7.97464e-06
2.88982e-07
7.99701e-06
3.21217e-07
8.02275e-06
3.56083e-07
8.05242e-06
3.93635e-07
8.08666e-06
4.33943e-07
8.12616e-06
4.77051e-07
8.17169e-06
5.2293e-07
8.22411e-06
5.7146e-07
8.28431e-06
6.22421e-07
8.35323e-06
6.75475e-07
8.43179e-06
7.30146e-07
8.52084e-06
7.85772e-07
8.62112e-06
8.41439e-07
8.7332e-06
8.95964e-07
8.85741e-06
9.47901e-07
8.99368e-06
9.95607e-07
9.14143e-06
1.03732e-06
9.29948e-06
1.0712e-06
9.46601e-06
1.09548e-06
1.10861e-06
9.63854e-06
7.38933e-06
-8.4121e-09
7.39346e-06
-2.55032e-08
7.3996e-06
-4.08436e-08
7.4069e-06
-5.3786e-08
7.41483e-06
-6.46388e-08
7.42316e-06
-7.39621e-08
7.43173e-06
-8.2063e-08
7.44042e-06
-8.9082e-08
7.44912e-06
-9.51613e-08
7.45779e-06
-1.00475e-07
7.46642e-06
-1.05166e-07
7.47499e-06
-1.09348e-07
7.48354e-06
-1.1311e-07
7.49206e-06
-1.16508e-07
7.50056e-06
-1.19577e-07
7.50906e-06
-1.22355e-07
7.51756e-06
-1.24875e-07
7.52606e-06
-1.27162e-07
7.53459e-06
-1.29232e-07
7.54314e-06
-1.311e-07
7.55171e-06
-1.32776e-07
7.56033e-06
-1.34272e-07
7.56899e-06
-1.35587e-07
7.57769e-06
-1.36719e-07
7.58644e-06
-1.37665e-07
7.59522e-06
-1.38423e-07
7.60406e-06
-1.39003e-07
7.61294e-06
-1.39389e-07
7.62187e-06
-1.39547e-07
7.63082e-06
-1.3945e-07
7.63976e-06
-1.39091e-07
7.64868e-06
-1.38465e-07
7.65756e-06
-1.37566e-07
7.66638e-06
-1.36392e-07
7.67512e-06
-1.34937e-07
7.68376e-06
-1.33216e-07
7.69228e-06
-1.31214e-07
7.70066e-06
-1.28939e-07
7.70888e-06
-1.26375e-07
7.71691e-06
-1.23561e-07
7.72475e-06
-1.20489e-07
7.73238e-06
-1.17182e-07
7.73978e-06
-1.13615e-07
7.74694e-06
-1.09839e-07
7.75383e-06
-1.05828e-07
7.76047e-06
-1.01653e-07
7.76686e-06
-9.73189e-08
7.77301e-06
-9.28524e-08
7.77891e-06
-8.8212e-08
7.78459e-06
-8.34463e-08
7.79004e-06
-7.85195e-08
7.79527e-06
-7.34648e-08
7.80029e-06
-6.82512e-08
7.80512e-06
-6.29302e-08
7.80983e-06
-5.75389e-08
7.81445e-06
-5.20069e-08
7.81895e-06
-4.62654e-08
7.82337e-06
-4.03172e-08
7.82772e-06
-3.41519e-08
7.83204e-06
-2.77397e-08
7.83636e-06
-2.10437e-08
7.84072e-06
-1.40313e-08
7.84515e-06
-6.65632e-09
7.84969e-06
1.11656e-09
7.85439e-06
9.35627e-09
7.85929e-06
1.81232e-08
7.86446e-06
2.74481e-08
7.86997e-06
3.74063e-08
7.87589e-06
4.80819e-08
7.88229e-06
5.95614e-08
7.88927e-06
7.19329e-08
7.89692e-06
8.5288e-08
7.90537e-06
9.9723e-08
7.91474e-06
1.15339e-07
7.9252e-06
1.32244e-07
7.93693e-06
1.50544e-07
7.95013e-06
1.70357e-07
7.96505e-06
1.91794e-07
7.98196e-06
2.14984e-07
8.00117e-06
2.40049e-07
8.02304e-06
2.6712e-07
8.0479e-06
2.96352e-07
8.07623e-06
3.27755e-07
8.10856e-06
3.61306e-07
8.14546e-06
3.97041e-07
8.18756e-06
4.34951e-07
8.23555e-06
4.74943e-07
8.29016e-06
5.16848e-07
8.35218e-06
5.60401e-07
8.4224e-06
6.05251e-07
8.50156e-06
6.50991e-07
8.59027e-06
6.97066e-07
8.68901e-06
7.42696e-07
8.79811e-06
7.86865e-07
8.91769e-06
8.2832e-07
9.04757e-06
8.65724e-07
9.18715e-06
8.97739e-07
9.33533e-06
9.23017e-07
9.49054e-06
9.4027e-07
9.48396e-07
9.65075e-06
7.38995e-06
-1.03636e-08
7.39575e-06
-3.13056e-08
7.40382e-06
-4.89074e-08
7.41287e-06
-6.28365e-08
7.42236e-06
-7.41339e-08
7.4321e-06
-8.36998e-08
7.4419e-06
-9.18625e-08
7.45162e-06
-9.87972e-08
7.46118e-06
-1.04725e-07
7.47058e-06
-1.0988e-07
7.47982e-06
-1.14405e-07
7.48892e-06
-1.18442e-07
7.49792e-06
-1.22108e-07
7.50685e-06
-1.25439e-07
7.51573e-06
-1.28455e-07
7.52456e-06
-1.31194e-07
7.53338e-06
-1.33692e-07
7.54219e-06
-1.35971e-07
7.551e-06
-1.38043e-07
7.55983e-06
-1.39928e-07
7.56868e-06
-1.41627e-07
7.57757e-06
-1.43163e-07
7.58651e-06
-1.44527e-07
7.5955e-06
-1.45712e-07
7.60455e-06
-1.46707e-07
7.61364e-06
-1.4752e-07
7.62282e-06
-1.48179e-07
7.63207e-06
-1.48642e-07
7.64138e-06
-1.48855e-07
7.65072e-06
-1.48787e-07
7.66006e-06
-1.48436e-07
7.66939e-06
-1.47797e-07
7.67868e-06
-1.46853e-07
7.6879e-06
-1.45614e-07
7.69703e-06
-1.44065e-07
7.70606e-06
-1.42243e-07
7.71496e-06
-1.40114e-07
7.7237e-06
-1.37681e-07
7.73225e-06
-1.34926e-07
7.74059e-06
-1.31905e-07
7.74868e-06
-1.28575e-07
7.75652e-06
-1.2502e-07
7.76407e-06
-1.21172e-07
7.77133e-06
-1.17094e-07
7.77825e-06
-1.12745e-07
7.78488e-06
-1.08286e-07
7.79126e-06
-1.037e-07
7.79738e-06
-9.89686e-08
7.80323e-06
-9.40605e-08
7.80881e-06
-8.90346e-08
7.81417e-06
-8.38708e-08
7.81933e-06
-7.86324e-08
7.82439e-06
-7.33028e-08
7.82929e-06
-6.78388e-08
7.83395e-06
-6.2197e-08
7.83837e-06
-5.64228e-08
7.84266e-06
-5.05562e-08
7.84689e-06
-4.45518e-08
7.85111e-06
-3.83648e-08
7.85533e-06
-3.19613e-08
7.85959e-06
-2.53108e-08
7.86394e-06
-1.83781e-08
7.86842e-06
-1.11339e-08
7.87307e-06
-3.52923e-09
7.87796e-06
4.45677e-09
7.88321e-06
1.28749e-08
7.88884e-06
2.18176e-08
7.89491e-06
3.13418e-08
7.90148e-06
4.15083e-08
7.90865e-06
5.23946e-08
7.9165e-06
6.40798e-08
7.92515e-06
7.66414e-08
7.93471e-06
9.01599e-08
7.94533e-06
1.04718e-07
7.95717e-06
1.20404e-07
7.97042e-06
1.37295e-07
7.98529e-06
1.55492e-07
8.00204e-06
1.75039e-07
8.02094e-06
1.9609e-07
8.04237e-06
2.18616e-07
8.06655e-06
2.42941e-07
8.09368e-06
2.69225e-07
8.12434e-06
2.97087e-07
8.15908e-06
3.26572e-07
8.19838e-06
3.57738e-07
8.2428e-06
3.9053e-07
8.29295e-06
4.24798e-07
8.34946e-06
4.60339e-07
8.41302e-06
4.96838e-07
8.4843e-06
5.33971e-07
8.56383e-06
5.71459e-07
8.65204e-06
6.08852e-07
8.74923e-06
6.45509e-07
8.85557e-06
6.8053e-07
8.97108e-06
7.12805e-07
9.09551e-06
7.41294e-07
9.22823e-06
7.65022e-07
9.36824e-06
7.83007e-07
9.51419e-06
7.94323e-07
7.98209e-07
9.66437e-06
7.39141e-06
-1.37751e-08
7.40022e-06
-4.01186e-08
7.41101e-06
-5.96915e-08
7.42212e-06
-7.39492e-08
7.43333e-06
-8.5346e-08
7.44456e-06
-9.49298e-08
7.45563e-06
-1.02931e-07
7.46639e-06
-1.09552e-07
7.47681e-06
-1.15152e-07
7.48695e-06
-1.20017e-07
7.49682e-06
-1.24269e-07
7.50648e-06
-1.28102e-07
7.51601e-06
-1.31646e-07
7.52545e-06
-1.34877e-07
7.53481e-06
-1.37811e-07
7.5441e-06
-1.40489e-07
7.55337e-06
-1.42963e-07
7.56264e-06
-1.45233e-07
7.57189e-06
-1.47296e-07
7.58114e-06
-1.49183e-07
7.59042e-06
-1.50908e-07
7.59971e-06
-1.52454e-07
7.609e-06
-1.53817e-07
7.61828e-06
-1.54989e-07
7.62749e-06
-1.55919e-07
7.63672e-06
-1.56742e-07
7.64604e-06
-1.57504e-07
7.65542e-06
-1.5802e-07
7.66479e-06
-1.58225e-07
7.67412e-06
-1.58118e-07
7.68337e-06
-1.57688e-07
7.69252e-06
-1.56944e-07
7.70154e-06
-1.55879e-07
7.71042e-06
-1.54492e-07
7.71911e-06
-1.52753e-07
7.72762e-06
-1.50752e-07
7.73594e-06
-1.4844e-07
7.74402e-06
-1.45758e-07
7.75184e-06
-1.42742e-07
7.75938e-06
-1.3945e-07
7.76665e-06
-1.35841e-07
7.77362e-06
-1.31995e-07
7.78032e-06
-1.27865e-07
7.78678e-06
-1.2356e-07
7.79309e-06
-1.19052e-07
7.79908e-06
-1.14273e-07
7.80464e-06
-1.09262e-07
7.80978e-06
-1.04111e-07
7.81457e-06
-9.88478e-08
7.81903e-06
-9.34933e-08
7.82321e-06
-8.80548e-08
7.82713e-06
-8.25504e-08
7.83081e-06
-7.69834e-08
7.83432e-06
-7.1347e-08
7.83774e-06
-6.56218e-08
7.84112e-06
-5.98011e-08
7.84446e-06
-5.38926e-08
7.84779e-06
-4.78861e-08
7.85117e-06
-4.17426e-08
7.85463e-06
-3.54215e-08
7.85821e-06
-2.88943e-08
7.86198e-06
-2.21447e-08
7.86598e-06
-1.51321e-08
7.87027e-06
-7.82085e-09
7.8749e-06
-1.79837e-10
7.8799e-06
7.88269e-09
7.88535e-06
1.63677e-08
7.89134e-06
2.53493e-08
7.89796e-06
3.48884e-08
7.9053e-06
4.50574e-08
7.91345e-06
5.59222e-08
7.92255e-06
6.75479e-08
7.93271e-06
8.00024e-08
7.94407e-06
9.33571e-08
7.95679e-06
1.0768e-07
7.97104e-06
1.23047e-07
7.98702e-06
1.3951e-07
8.00489e-06
1.57167e-07
8.02498e-06
1.76001e-07
8.04743e-06
1.96161e-07
8.07294e-06
2.17431e-07
8.10241e-06
2.39757e-07
8.13592e-06
2.63584e-07
8.17364e-06
2.88847e-07
8.21599e-06
3.15388e-07
8.26345e-06
3.43073e-07
8.31652e-06
3.71726e-07
8.37573e-06
4.01126e-07
8.44192e-06
4.30651e-07
8.51564e-06
4.60247e-07
8.59716e-06
4.89947e-07
8.68664e-06
5.19367e-07
8.78396e-06
5.48193e-07
8.88928e-06
5.75205e-07
9.00279e-06
5.99299e-07
9.12415e-06
6.19929e-07
9.25272e-06
6.36453e-07
9.38756e-06
6.48164e-07
9.52746e-06
6.54424e-07
6.5473e-07
9.67094e-06
7.3945e-06
-2.02716e-08
7.40873e-06
-5.435e-08
7.42381e-06
-7.47696e-08
7.43812e-06
-8.82607e-08
7.45191e-06
-9.9139e-08
7.46514e-06
-1.08157e-07
7.47778e-06
-1.15574e-07
7.48982e-06
-1.21594e-07
7.50132e-06
-1.26648e-07
7.51215e-06
-1.30853e-07
7.52246e-06
-1.34577e-07
7.53255e-06
-1.38191e-07
7.54241e-06
-1.41509e-07
7.552e-06
-1.44464e-07
7.56132e-06
-1.47129e-07
7.57038e-06
-1.49548e-07
7.5792e-06
-1.51781e-07
7.58782e-06
-1.53855e-07
7.59627e-06
-1.55747e-07
7.60456e-06
-1.57475e-07
7.6127e-06
-1.59044e-07
7.62073e-06
-1.60486e-07
7.62866e-06
-1.61747e-07
7.63657e-06
-1.62903e-07
7.64462e-06
-1.63963e-07
7.65273e-06
-1.64857e-07
7.66067e-06
-1.65439e-07
7.66833e-06
-1.65687e-07
7.67574e-06
-1.65633e-07
7.68288e-06
-1.65254e-07
7.68973e-06
-1.64542e-07
7.69628e-06
-1.63496e-07
7.70251e-06
-1.62105e-07
7.70838e-06
-1.60361e-07
7.71386e-06
-1.58232e-07
7.71891e-06
-1.55806e-07
7.72356e-06
-1.53093e-07
7.72782e-06
-1.5001e-07
7.73167e-06
-1.466e-07
7.73511e-06
-1.42881e-07
7.73813e-06
-1.38868e-07
7.74072e-06
-1.34587e-07
7.74291e-06
-1.30046e-07
7.74462e-06
-1.25272e-07
7.74586e-06
-1.20295e-07
7.74671e-06
-1.15126e-07
7.74723e-06
-1.09778e-07
7.74741e-06
-1.04294e-07
7.74728e-06
-9.8718e-08
7.74687e-06
-9.30797e-08
7.74621e-06
-8.73997e-08
7.74536e-06
-8.16934e-08
7.74435e-06
-7.59734e-08
7.74324e-06
-7.0241e-08
7.74211e-06
-6.4487e-08
7.74101e-06
-5.87022e-08
7.74e-06
-5.28863e-08
7.73916e-06
-4.70402e-08
7.73853e-06
-4.11198e-08
7.73818e-06
-3.50688e-08
7.73814e-06
-2.88534e-08
7.7385e-06
-2.25051e-08
7.73931e-06
-1.5944e-08
7.74067e-06
-9.17983e-09
7.74269e-06
-2.19655e-09
7.74537e-06
5.19724e-09
7.74883e-06
1.29057e-08
7.7532e-06
2.09801e-08
7.75857e-06
2.95241e-08
7.76504e-06
3.85845e-08
7.77276e-06
4.82072e-08
7.78186e-06
5.84453e-08
7.79251e-06
6.93555e-08
7.80487e-06
8.09966e-08
7.81912e-06
9.34225e-08
7.83548e-06
1.06687e-07
7.85416e-06
1.20832e-07
7.87542e-06
1.35907e-07
7.8995e-06
1.51925e-07
7.92676e-06
1.68904e-07
7.95737e-06
1.86819e-07
7.99155e-06
2.05578e-07
8.0299e-06
2.25226e-07
8.07291e-06
2.4584e-07
8.12096e-06
2.67337e-07
8.17447e-06
2.89563e-07
8.2338e-06
3.124e-07
8.29923e-06
3.35696e-07
8.37036e-06
3.59516e-07
8.44741e-06
3.83201e-07
8.53136e-06
4.05999e-07
8.6232e-06
4.27523e-07
8.72415e-06
4.47244e-07
8.83396e-06
4.6539e-07
8.95145e-06
4.81811e-07
9.07579e-06
4.9559e-07
9.20629e-06
5.05956e-07
9.34206e-06
5.12393e-07
9.48196e-06
5.14522e-07
5.12025e-07
9.62466e-06
7.40207e-06
-3.43373e-08
7.42299e-06
-7.52694e-08
7.44206e-06
-9.38491e-08
7.46003e-06
-1.06224e-07
7.47652e-06
-1.15636e-07
7.49149e-06
-1.23126e-07
7.50479e-06
-1.28865e-07
7.51679e-06
-1.33596e-07
7.52761e-06
-1.37472e-07
7.53766e-06
-1.40906e-07
7.54704e-06
-1.43953e-07
7.5552e-06
-1.46349e-07
7.56216e-06
-1.48468e-07
7.56816e-06
-1.50469e-07
7.57335e-06
-1.52318e-07
7.57779e-06
-1.53985e-07
7.58149e-06
-1.55484e-07
7.58446e-06
-1.56819e-07
7.5867e-06
-1.57991e-07
7.58825e-06
-1.59021e-07
7.5891e-06
-1.59894e-07
7.58926e-06
-1.60646e-07
7.58871e-06
-1.612e-07
7.58744e-06
-1.61636e-07
7.58541e-06
-1.61928e-07
7.58269e-06
-1.62142e-07
7.57941e-06
-1.62161e-07
7.57552e-06
-1.61792e-07
7.57091e-06
-1.61027e-07
7.56556e-06
-1.599e-07
7.55946e-06
-1.58444e-07
7.55262e-06
-1.56657e-07
7.54505e-06
-1.54532e-07
7.53676e-06
-1.52068e-07
7.5278e-06
-1.4927e-07
7.51815e-06
-1.46161e-07
7.50781e-06
-1.42748e-07
7.49681e-06
-1.39019e-07
7.48521e-06
-1.34997e-07
7.47303e-06
-1.30701e-07
7.46035e-06
-1.2619e-07
7.44721e-06
-1.21444e-07
7.43363e-06
-1.16467e-07
7.41965e-06
-1.11291e-07
7.40533e-06
-1.05975e-07
7.39075e-06
-1.00541e-07
7.37598e-06
-9.501e-08
7.3611e-06
-8.94137e-08
7.34618e-06
-8.37969e-08
7.33129e-06
-7.81899e-08
7.31651e-06
-7.26177e-08
7.30191e-06
-6.70944e-08
7.28757e-06
-6.16404e-08
7.27359e-06
-5.62562e-08
7.26004e-06
-5.09374e-08
7.24701e-06
-4.56762e-08
7.2346e-06
-4.04699e-08
7.22287e-06
-3.53097e-08
7.2119e-06
-3.01563e-08
7.20175e-06
-2.49177e-08
7.19255e-06
-1.96513e-08
7.18443e-06
-1.43904e-08
7.17744e-06
-8.95307e-09
7.17172e-06
-3.45911e-09
7.16726e-06
2.26264e-09
7.16424e-06
8.22104e-09
7.1627e-06
1.44454e-08
7.163e-06
2.06805e-08
7.16522e-06
2.73057e-08
7.16952e-06
3.42782e-08
7.1761e-06
4.16309e-08
7.18514e-06
4.94029e-08
7.19686e-06
5.76372e-08
7.21148e-06
6.63798e-08
7.22924e-06
7.56653e-08
7.25039e-06
8.55297e-08
7.27522e-06
9.60049e-08
7.30401e-06
1.07116e-07
7.33706e-06
1.18877e-07
7.37468e-06
1.31286e-07
7.41716e-06
1.44337e-07
7.46475e-06
1.57985e-07
7.51776e-06
1.72214e-07
7.57657e-06
1.87036e-07
7.64147e-06
2.02429e-07
7.71272e-06
2.18322e-07
7.79051e-06
2.34606e-07
7.87507e-06
2.51138e-07
7.96672e-06
2.67862e-07
8.06535e-06
2.84567e-07
8.17064e-06
3.00713e-07
8.28237e-06
3.15794e-07
8.40025e-06
3.2936e-07
8.52445e-06
3.41192e-07
8.65506e-06
3.51198e-07
8.79165e-06
3.59e-07
8.93347e-06
3.64146e-07
9.07951e-06
3.66345e-07
9.22852e-06
3.65513e-07
3.61416e-07
9.37913e-06
7.42842e-06
-7.4762e-08
7.45808e-06
-1.04928e-07
7.47706e-06
-1.12823e-07
7.48775e-06
-1.16913e-07
7.49324e-06
-1.2113e-07
7.49456e-06
-1.24447e-07
7.49206e-06
-1.26363e-07
7.4862e-06
-1.27732e-07
7.47727e-06
-1.28546e-07
7.46545e-06
-1.2909e-07
7.45093e-06
-1.29426e-07
7.43407e-06
-1.29494e-07
7.41497e-06
-1.29365e-07
7.39364e-06
-1.29141e-07
7.37016e-06
-1.28837e-07
7.34461e-06
-1.28439e-07
7.31707e-06
-1.27946e-07
7.28762e-06
-1.27359e-07
7.2563e-06
-1.2668e-07
7.2232e-06
-1.25913e-07
7.18836e-06
-1.25057e-07
7.15183e-06
-1.24117e-07
7.1137e-06
-1.23074e-07
7.07402e-06
-1.21957e-07
7.03288e-06
-1.20781e-07
6.99036e-06
-1.19628e-07
6.94672e-06
-1.18514e-07
6.902e-06
-1.17072e-07
6.85614e-06
-1.15167e-07
6.80925e-06
-1.1301e-07
6.76145e-06
-1.10644e-07
6.71285e-06
-1.08057e-07
6.66357e-06
-1.05252e-07
6.61374e-06
-1.0224e-07
6.56349e-06
-9.9027e-08
6.51296e-06
-9.5623e-08
6.46225e-06
-9.20407e-08
6.41152e-06
-8.82906e-08
6.3609e-06
-8.43787e-08
6.31053e-06
-8.03239e-08
6.26041e-06
-7.60774e-08
6.21067e-06
-7.17008e-08
6.16156e-06
-6.73613e-08
6.11326e-06
-6.29919e-08
6.06589e-06
-5.86041e-08
6.01957e-06
-5.42207e-08
5.97443e-06
-4.98666e-08
5.93058e-06
-4.55614e-08
5.88812e-06
-4.13383e-08
5.84714e-06
-3.72142e-08
5.80774e-06
-3.32113e-08
5.76997e-06
-2.93252e-08
5.73392e-06
-2.55928e-08
5.69967e-06
-2.20068e-08
5.66729e-06
-1.85608e-08
5.63686e-06
-1.52393e-08
5.60844e-06
-1.20498e-08
5.58208e-06
-8.95296e-09
5.55789e-06
-5.96335e-09
5.53589e-06
-2.91725e-09
5.5161e-06
1.31826e-10
5.49865e-06
3.0607e-09
5.48346e-06
6.23527e-09
5.47074e-06
9.26389e-09
5.46075e-06
1.22541e-08
5.45381e-06
1.51616e-08
5.45003e-06
1.82205e-08
5.44954e-06
2.11725e-08
5.45243e-06
2.44177e-08
5.45897e-06
2.77404e-08
5.46939e-06
3.1204e-08
5.48395e-06
3.48524e-08
5.50286e-06
3.87178e-08
5.5264e-06
4.28495e-08
5.55481e-06
4.72486e-08
5.5884e-06
5.19398e-08
5.62746e-06
5.69433e-08
5.67231e-06
6.22744e-08
5.72324e-06
6.79425e-08
5.78058e-06
7.3949e-08
5.84463e-06
8.02885e-08
5.91567e-06
8.69425e-08
5.99398e-06
9.38997e-08
6.07988e-06
1.0114e-07
6.17367e-06
1.08633e-07
6.27564e-06
1.16356e-07
6.38598e-06
1.24271e-07
6.50481e-06
1.32308e-07
6.63228e-06
1.40386e-07
6.76843e-06
1.48415e-07
6.91297e-06
1.56173e-07
7.06535e-06
1.63415e-07
7.22476e-06
1.69951e-07
7.39018e-06
1.75778e-07
7.56077e-06
1.80602e-07
7.73586e-06
1.83912e-07
7.91445e-06
1.85556e-07
8.09532e-06
1.85472e-07
8.27733e-06
1.83511e-07
1.79755e-07
8.45899e-06
7.31324e-06
7.20831e-06
7.09549e-06
6.97857e-06
6.85744e-06
6.733e-06
6.60663e-06
6.4789e-06
6.35036e-06
6.22127e-06
6.09184e-06
5.96235e-06
5.83298e-06
5.70384e-06
5.575e-06
5.44656e-06
5.31862e-06
5.19126e-06
5.06458e-06
4.93867e-06
4.81361e-06
4.68949e-06
4.56642e-06
4.44446e-06
4.32368e-06
4.20405e-06
4.08554e-06
3.96847e-06
3.8533e-06
3.74029e-06
3.62965e-06
3.52159e-06
3.41634e-06
3.3141e-06
3.21507e-06
3.11945e-06
3.02741e-06
2.93911e-06
2.85474e-06
2.77441e-06
2.69833e-06
2.62663e-06
2.55927e-06
2.49628e-06
2.43768e-06
2.38346e-06
2.33359e-06
2.28803e-06
2.24669e-06
2.20948e-06
2.17626e-06
2.14694e-06
2.12135e-06
2.09934e-06
2.08078e-06
2.06554e-06
2.05349e-06
2.04454e-06
2.03857e-06
2.03566e-06
2.03579e-06
2.03885e-06
2.04508e-06
2.05435e-06
2.0666e-06
2.08176e-06
2.09998e-06
2.12116e-06
2.14557e-06
2.17331e-06
2.20452e-06
2.23937e-06
2.27809e-06
2.32094e-06
2.36819e-06
2.42013e-06
2.47707e-06
2.53934e-06
2.60729e-06
2.68124e-06
2.76152e-06
2.84847e-06
2.94237e-06
3.04351e-06
3.15214e-06
3.2685e-06
3.39277e-06
3.52507e-06
3.66546e-06
3.81388e-06
3.97005e-06
4.13346e-06
4.30341e-06
4.47919e-06
4.6598e-06
4.84371e-06
5.02926e-06
5.21474e-06
5.39825e-06
5.578e-06
3.55726e-06
4.7682e-06
4.86005e-07
3.07125e-06
-8.62395e-07
1.3484e-06
-1.26361e-06
4.01217e-07
-1.29924e-06
3.56234e-08
-1.20831e-06
-9.09288e-08
-1.19755e-06
-1.07572e-08
-1.24992e-06
5.23708e-08
-1.3279e-06
7.79774e-08
-1.382e-06
5.41012e-08
-1.38459e-06
2.59124e-09
-1.33513e-06
-4.94585e-08
-1.23906e-06
-9.60671e-08
-1.12923e-06
-1.09834e-07
-1.02797e-06
-1.01258e-07
-9.55264e-07
-7.27082e-08
-9.17591e-07
-3.76736e-08
-9.20131e-07
2.54026e-09
-9.60492e-07
4.03616e-08
-1.05769e-06
9.71941e-08
-1.21989e-06
1.62205e-07
-1.44403e-06
2.24138e-07
-1.71666e-06
2.72628e-07
-2.00967e-06
2.93016e-07
-2.28295e-06
2.73278e-07
-2.48758e-06
2.04629e-07
-2.5755e-06
8.79135e-08
-2.89689e-08
8.25388e-06
5.30088e-06
7.00105e-06
4.32408e-06
5.06634e-06
3.28311e-06
3.05757e-06
2.40999e-06
1.4445e-06
1.6487e-06
3.05679e-07
1.04789e-06
-3.59736e-07
6.54658e-07
-7.26548e-07
4.19182e-07
-9.18138e-07
2.69568e-07
-1.02575e-06
1.61714e-07
-1.07067e-06
4.75125e-08
-1.04398e-06
-7.61527e-08
-9.69528e-07
-1.70517e-07
-8.85249e-07
-1.94113e-07
-8.1501e-07
-1.71496e-07
-7.59687e-07
-1.28031e-07
-7.09184e-07
-8.81764e-08
-6.56309e-07
-5.03356e-08
-6.29083e-07
1.31363e-08
-6.45329e-07
1.1344e-07
-7.07808e-07
2.24683e-07
-8.12135e-07
3.28465e-07
-9.38391e-07
3.98885e-07
-1.05687e-06
4.11492e-07
-1.13557e-06
3.51983e-07
-1.11816e-06
1.87215e-07
-9.95975e-07
-3.42683e-08
-2.50265e-07
9.94043e-06
4.67691e-06
1.00118e-05
4.25274e-06
9.58316e-06
3.71173e-06
8.85717e-06
3.13598e-06
7.90643e-06
2.59943e-06
6.83845e-06
2.11587e-06
5.79252e-06
1.70059e-06
4.85791e-06
1.3538e-06
4.07158e-06
1.0559e-06
3.4347e-06
7.98596e-07
2.90197e-06
5.80236e-07
2.42488e-06
4.0094e-07
1.99797e-06
2.56389e-07
1.64501e-06
1.58849e-07
1.38219e-06
9.13238e-08
1.21424e-06
3.99188e-08
1.12707e-06
-1.00125e-09
1.10137e-06
-2.46407e-08
1.13081e-06
-1.63035e-08
1.2196e-06
2.46478e-08
1.34539e-06
9.89009e-08
1.5007e-06
1.7315e-07
1.68455e-06
2.15037e-07
1.89558e-06
2.00461e-07
2.14344e-06
1.04118e-07
2.4213e-06
-9.06457e-08
2.73251e-06
-3.45478e-07
-5.9601e-07
1.01759e-05
3.94548e-06
1.06284e-05
3.80017e-06
1.08311e-05
3.50902e-06
1.0798e-05
3.16914e-06
1.06114e-05
2.78604e-06
1.03186e-05
2.40859e-06
9.96261e-06
2.05663e-06
9.57213e-06
1.74428e-06
9.17034e-06
1.45768e-06
8.77321e-06
1.19573e-06
8.39332e-06
9.60122e-07
8.04076e-06
7.53501e-07
7.71656e-06
5.80585e-07
7.42651e-06
4.48903e-07
7.16879e-06
3.49047e-07
6.93509e-06
2.73616e-07
6.7142e-06
2.19889e-07
6.50054e-06
1.89022e-07
6.3034e-06
1.80833e-07
6.14196e-06
1.86094e-07
6.05154e-06
1.89315e-07
6.04686e-06
1.77832e-07
6.12634e-06
1.35558e-07
6.29091e-06
3.58901e-08
6.52628e-06
-1.31248e-07
6.79001e-06
-3.54384e-07
7.05254e-06
-6.08005e-07
-8.36763e-07
1.00425e-05
3.33279e-06
1.05576e-05
3.28508e-06
1.09421e-05
3.12442e-06
1.11997e-05
2.91156e-06
1.13394e-05
2.64642e-06
1.13843e-05
2.36366e-06
1.13551e-05
2.08579e-06
1.12802e-05
1.81918e-06
1.11729e-05
1.56501e-06
1.10442e-05
1.3244e-06
1.08975e-05
1.10682e-06
1.07386e-05
9.12374e-07
1.05761e-05
7.43107e-07
1.04211e-05
6.03936e-07
1.02779e-05
4.92216e-07
1.01486e-05
4.02885e-07
1.00344e-05
3.34103e-07
9.93843e-06
2.85029e-07
9.8696e-06
2.49663e-07
9.83728e-06
2.18413e-07
9.84072e-06
1.8587e-07
9.87953e-06
1.39021e-07
9.95522e-06
5.98716e-08
1.00595e-05
-6.8371e-08
1.01698e-05
-2.41542e-07
1.02643e-05
-4.48884e-07
1.03267e-05
-6.70439e-07
-8.65343e-07
9.91423e-06
2.87308e-06
1.036e-05
2.83926e-06
1.07573e-05
2.72715e-06
1.10938e-05
2.57507e-06
1.1344e-05
2.39625e-06
1.15204e-05
2.18718e-06
1.16382e-05
1.96802e-06
1.17127e-05
1.7447e-06
1.1748e-05
1.52974e-06
1.1748e-05
1.32434e-06
1.17238e-05
1.13105e-06
1.1683e-05
9.53218e-07
1.16316e-05
7.94496e-07
1.15759e-05
6.59592e-07
1.15211e-05
5.47083e-07
1.14709e-05
4.53011e-07
1.143e-05
3.75029e-07
1.14022e-05
3.12871e-07
1.13907e-05
2.61141e-07
1.13984e-05
2.10701e-07
1.14294e-05
1.54835e-07
1.14846e-05
8.3862e-08
1.15567e-05
-1.22393e-08
1.16277e-05
-1.3932e-07
1.16801e-05
-2.93974e-07
1.1698e-05
-4.66799e-07
1.16716e-05
-6.44052e-07
-8.05586e-07
9.87311e-06
2.50341e-06
1.02336e-05
2.47877e-06
1.05648e-05
2.396e-06
1.08645e-05
2.27532e-06
1.11299e-05
2.13086e-06
1.13505e-05
1.96654e-06
1.15288e-05
1.78977e-06
1.16597e-05
1.61375e-06
1.17561e-05
1.43339e-06
1.18211e-05
1.25932e-06
1.18607e-05
1.09142e-06
1.18798e-05
9.34164e-07
1.18827e-05
7.91561e-07
1.18774e-05
6.64881e-07
1.18709e-05
5.53555e-07
1.18661e-05
4.57878e-07
1.18649e-05
3.76171e-07
1.18714e-05
3.06384e-07
1.18901e-05
2.42426e-07
1.19218e-05
1.79023e-07
1.19652e-05
1.1146e-07
1.2015e-05
3.40213e-08
1.20609e-05
-5.81602e-08
1.20928e-05
-1.71163e-07
1.21027e-05
-3.03873e-07
1.2083e-05
-4.47129e-07
1.20339e-05
-5.94884e-07
-7.35036e-07
9.85355e-06
2.19239e-06
1.01578e-05
2.17448e-06
1.04415e-05
2.11234e-06
1.06996e-05
2.01727e-06
1.0932e-05
1.89841e-06
1.11355e-05
1.76307e-06
1.13103e-05
1.61493e-06
1.14592e-05
1.46487e-06
1.15808e-05
1.31174e-06
1.16776e-05
1.16255e-06
1.17514e-05
1.01768e-06
1.18043e-05
8.81218e-07
1.18418e-05
7.54109e-07
1.18672e-05
6.39436e-07
1.18836e-05
5.3713e-07
1.18972e-05
4.44299e-07
1.19126e-05
3.60803e-07
1.19324e-05
2.86589e-07
1.19581e-05
2.16738e-07
1.19898e-05
1.47274e-07
1.20266e-05
7.4717e-08
1.20653e-05
-4.7435e-09
1.21026e-05
-9.54305e-08
1.21283e-05
-1.96862e-07
1.21332e-05
-3.08793e-07
1.21168e-05
-4.30739e-07
1.20762e-05
-5.54227e-07
-6.69927e-07
9.83912e-06
1.92396e-06
1.01045e-05
1.90913e-06
1.03561e-05
1.86076e-06
1.0588e-05
1.78533e-06
1.07979e-05
1.68849e-06
1.09845e-05
1.57648e-06
1.11465e-05
1.45292e-06
1.12868e-05
1.32457e-06
1.14052e-05
1.19341e-06
1.15041e-05
1.0636e-06
1.1585e-05
9.36788e-07
1.16503e-05
8.15878e-07
1.17023e-05
7.02135e-07
1.17447e-05
5.97041e-07
1.17801e-05
5.01786e-07
1.18102e-05
4.14181e-07
1.18376e-05
3.33339e-07
1.18654e-05
2.58799e-07
1.18946e-05
1.87519e-07
1.19255e-05
1.16461e-07
1.19569e-05
4.32252e-08
1.19868e-05
-3.46297e-08
1.20108e-05
-1.19436e-07
1.20258e-05
-2.11815e-07
1.20275e-05
-3.10453e-07
1.20103e-05
-4.13537e-07
1.19736e-05
-5.17615e-07
-6.15969e-07
9.82885e-06
1.68771e-06
1.00636e-05
1.67433e-06
1.02893e-05
1.63514e-06
1.05006e-05
1.57403e-06
1.06943e-05
1.49474e-06
1.08691e-05
1.40168e-06
1.10237e-05
1.29834e-06
1.11592e-05
1.18908e-06
1.1276e-05
1.07664e-06
1.13755e-05
9.6406e-07
1.1459e-05
8.53245e-07
1.15286e-05
7.4633e-07
1.15861e-05
6.44606e-07
1.16339e-05
5.49221e-07
1.1675e-05
4.60712e-07
1.1711e-05
3.78177e-07
1.17435e-05
3.00847e-07
1.17743e-05
2.27976e-07
1.18042e-05
1.57626e-07
1.18331e-05
8.75454e-08
1.18603e-05
1.60259e-08
1.18842e-05
-5.85344e-08
1.19023e-05
-1.37466e-07
1.19116e-05
-2.21108e-07
1.19096e-05
-3.08509e-07
1.18941e-05
-3.98036e-07
1.18639e-05
-4.87361e-07
-5.72439e-07
9.82173e-06
1.47649e-06
1.00321e-05
1.46392e-06
1.02361e-05
1.43117e-06
1.04296e-05
1.38059e-06
1.06095e-05
1.31479e-06
1.07742e-05
1.23696e-06
1.09225e-05
1.15004e-06
1.10545e-05
1.05711e-06
1.11704e-05
9.60753e-07
1.12711e-05
8.63363e-07
1.13576e-05
7.667e-07
1.14315e-05
6.72467e-07
1.14942e-05
5.81871e-07
1.15477e-05
4.95775e-07
1.15939e-05
4.14528e-07
1.16343e-05
3.37762e-07
1.16702e-05
2.64927e-07
1.17029e-05
1.95291e-07
1.1733e-05
1.27522e-07
1.17604e-05
6.01341e-08
1.17845e-05
-8.12861e-09
1.18044e-05
-7.8354e-08
1.18182e-05
-1.51293e-07
1.18242e-05
-2.27128e-07
1.18209e-05
-3.05171e-07
1.18069e-05
-3.84084e-07
1.17819e-05
-4.62298e-07
-5.37216e-07
9.81678e-06
1.28504e-06
1.00078e-05
1.2729e-06
1.01942e-05
1.24477e-06
1.03726e-05
1.20215e-06
1.05405e-05
1.1469e-06
1.06961e-05
1.08136e-06
1.08383e-05
1.00787e-06
1.09666e-05
9.28761e-07
1.10812e-05
8.46192e-07
1.11825e-05
7.62097e-07
1.12712e-05
6.78011e-07
1.13483e-05
5.95318e-07
1.14151e-05
5.15063e-07
1.1473e-05
4.37925e-07
1.15233e-05
3.64187e-07
1.15673e-05
2.93735e-07
1.16061e-05
2.26179e-07
1.16405e-05
1.60901e-07
1.1671e-05
9.70037e-08
1.16976e-05
3.34971e-08
1.172e-05
-3.04789e-08
1.17373e-05
-9.57222e-08
1.17487e-05
-1.62685e-07
1.1753e-05
-2.31414e-07
1.17492e-05
-3.01389e-07
1.17368e-05
-3.71626e-07
1.17155e-05
-4.40986e-07
-5.07747e-07
9.81413e-06
1.10945e-06
9.98956e-06
1.09747e-06
1.01616e-05
1.07274e-06
1.03275e-05
1.03626e-06
1.0485e-05
9.89412e-07
1.06324e-05
9.33897e-07
1.07688e-05
8.71546e-07
1.08934e-05
8.04155e-07
1.10061e-05
7.33479e-07
1.11071e-05
6.61067e-07
1.11969e-05
5.88214e-07
1.12762e-05
5.16056e-07
1.13458e-05
4.45452e-07
1.14068e-05
3.76952e-07
1.14601e-05
3.10822e-07
1.15068e-05
2.47039e-07
1.15477e-05
1.85308e-07
1.15834e-05
1.25171e-07
1.16144e-05
6.60486e-08
1.16406e-05
7.27477e-09
1.16619e-05
-5.17788e-08
1.16778e-05
-1.11644e-07
1.16878e-05
-1.7265e-07
1.16911e-05
-2.34774e-07
1.16874e-05
-2.97631e-07
1.16763e-05
-3.60505e-07
1.16578e-05
-4.22553e-07
-4.82644e-07
9.81359e-06
9.46614e-07
9.97647e-06
9.34584e-07
1.01368e-05
9.12372e-07
1.02924e-05
8.80711e-07
1.04412e-05
8.40624e-07
1.05817e-05
7.93383e-07
1.07128e-05
7.40386e-07
1.0834e-05
6.83037e-07
1.09447e-05
6.22723e-07
1.10451e-05
5.60671e-07
1.11354e-05
4.97961e-07
1.12159e-05
4.35487e-07
1.12874e-05
3.73965e-07
1.13506e-05
3.13823e-07
1.14061e-05
2.55322e-07
1.14546e-05
1.98453e-07
1.1497e-05
1.42944e-07
1.15337e-05
8.84757e-08
1.1565e-05
3.47491e-08
1.1591e-05
-1.8712e-08
1.16116e-05
-7.23848e-08
1.16266e-05
-1.26657e-07
1.16357e-05
-1.81752e-07
1.16386e-05
-2.37656e-07
1.16351e-05
-2.94107e-07
1.16251e-05
-3.50566e-07
1.1609e-05
-4.06391e-07
-4.60835e-07
9.81685e-06
7.94137e-07
9.96953e-06
7.81908e-07
1.01203e-05
7.61594e-07
1.02673e-05
7.33761e-07
1.04087e-05
6.99194e-07
1.05432e-05
6.58875e-07
1.06697e-05
6.13842e-07
1.07876e-05
5.65186e-07
1.08963e-05
5.14003e-07
1.09958e-05
4.61226e-07
1.1086e-05
4.07744e-07
1.11672e-05
3.54261e-07
1.12398e-05
3.01334e-07
1.13043e-05
2.49323e-07
1.13612e-05
1.9844e-07
1.14111e-05
1.48614e-07
1.14544e-05
9.95745e-08
1.14917e-05
5.11604e-08
1.15232e-05
3.26554e-09
1.1549e-05
-4.44781e-08
1.15691e-05
-9.24774e-08
1.15834e-05
-1.41009e-07
1.15919e-05
-1.90237e-07
1.15944e-05
-2.40187e-07
1.1591e-05
-2.90685e-07
1.15818e-05
-3.41338e-07
1.15671e-05
-3.91665e-07
-4.41132e-07
9.81636e-06
6.4872e-07
9.96191e-06
6.36352e-07
1.0106e-05
6.17471e-07
1.02468e-05
5.92963e-07
1.0383e-05
5.63014e-07
1.05131e-05
5.28796e-07
1.06363e-05
4.90624e-07
1.07517e-05
4.49822e-07
1.08589e-05
4.06772e-07
1.09576e-05
3.62541e-07
1.10477e-05
3.17594e-07
1.11294e-05
2.72573e-07
1.12029e-05
2.27891e-07
1.12684e-05
1.83844e-07
1.13259e-05
1.40928e-07
1.13763e-05
9.81398e-08
1.14204e-05
5.54929e-08
1.14581e-05
1.35031e-08
1.14894e-05
-2.80945e-08
1.15147e-05
-6.9718e-08
1.15339e-05
-1.11699e-07
1.15471e-05
-1.54257e-07
1.15545e-05
-1.97545e-07
1.15559e-05
-2.41604e-07
1.15515e-05
-2.86313e-07
1.15416e-05
-3.31407e-07
1.15264e-05
-3.76534e-07
-4.21299e-07
9.7687e-06
5.04682e-07
9.91273e-06
4.92328e-07
1.00549e-05
4.75272e-07
1.0194e-05
4.53874e-07
1.03286e-05
4.28413e-07
1.04576e-05
3.99853e-07
1.058e-05
3.68234e-07
1.0695e-05
3.34817e-07
1.08022e-05
2.99501e-07
1.09012e-05
2.63545e-07
1.0992e-05
2.26809e-07
1.10744e-05
1.90171e-07
1.11487e-05
1.5356e-07
1.12154e-05
1.17154e-07
1.12749e-05
8.14296e-08
1.13265e-05
4.65277e-08
1.13701e-05
1.19073e-08
1.14063e-05
-2.26614e-08
1.14354e-05
-5.72385e-08
1.14579e-05
-9.21853e-08
1.14738e-05
-1.27584e-07
1.14832e-05
-1.63624e-07
1.14861e-05
-2.00485e-07
1.14827e-05
-2.38199e-07
1.14731e-05
-2.76707e-07
1.14575e-05
-3.15815e-07
1.14362e-05
-3.55242e-07
-3.94699e-07
9.5301e-06
3.53711e-07
9.68e-06
3.42428e-07
9.82752e-06
3.27753e-07
9.97131e-06
3.10082e-07
1.011e-05
2.89684e-07
1.02428e-05
2.67066e-07
1.03685e-05
2.42548e-07
1.04867e-05
2.16661e-07
1.05965e-05
1.89713e-07
1.06978e-05
1.62216e-07
1.07901e-05
1.34461e-07
1.08735e-05
1.06787e-07
1.0948e-05
7.90367e-08
1.10136e-05
5.15839e-08
1.10706e-05
2.44644e-08
1.11185e-05
-1.41591e-09
1.11587e-05
-2.82918e-08
1.11905e-05
-5.44812e-08
1.12138e-05
-8.04516e-08
1.12286e-05
-1.06989e-07
1.1235e-05
-1.34024e-07
1.12331e-05
-1.61728e-07
1.12229e-05
-1.90263e-07
1.12044e-05
-2.19695e-07
1.11777e-05
-2.49991e-07
1.11428e-05
-2.80937e-07
1.10998e-05
-3.1227e-07
-3.43785e-07
8.63833e-06
1.74364e-07
8.81357e-06
1.67194e-07
8.98317e-06
1.58148e-07
9.14589e-06
1.47365e-07
9.30052e-06
1.35058e-07
9.4461e-06
1.21482e-07
9.58177e-06
1.06881e-07
9.70693e-06
9.14975e-08
9.82117e-06
7.5475e-08
9.92423e-06
5.91511e-08
1.0016e-05
4.27446e-08
1.00956e-05
2.70886e-08
1.01642e-05
1.05251e-08
1.02203e-05
-4.60478e-09
1.02637e-05
-1.89331e-08
1.02959e-05
-3.35761e-08
1.03157e-05
-4.8084e-08
1.03238e-05
-6.25889e-08
1.03201e-05
-7.67849e-08
1.03044e-05
-9.12818e-08
1.02766e-05
-1.06172e-07
1.02363e-05
-1.2148e-07
1.01834e-05
-1.37288e-07
1.01175e-05
-1.53881e-07
1.00388e-05
-1.71222e-07
9.94675e-06
-1.88909e-07
9.8412e-06
-2.06726e-07
-2.24601e-07
5.75237e-06
5.91956e-06
6.07771e-06
6.22507e-06
6.36013e-06
6.48161e-06
6.58849e-06
6.67999e-06
6.75547e-06
6.81462e-06
6.85736e-06
6.88445e-06
6.89497e-06
6.89037e-06
6.87144e-06
6.83786e-06
6.78978e-06
6.72719e-06
6.6504e-06
6.55912e-06
6.45295e-06
6.33147e-06
6.19418e-06
6.0403e-06
5.86908e-06
5.68017e-06
5.47344e-06
7.38822e-06
-2.56722e-11
7.38887e-06
-7.35441e-11
-1.17157e-10
7.38822e-06
-2.4247e-10
7.38887e-06
-7.24131e-10
7.38995e-06
-1.1972e-09
7.39145e-06
-1.65782e-09
7.39336e-06
-2.10272e-09
7.39567e-06
-2.52931e-09
7.39836e-06
-2.93553e-09
7.40142e-06
-3.31983e-09
7.40483e-06
-3.68117e-09
7.40856e-06
-4.01906e-09
7.4126e-06
-4.33344e-09
7.41693e-06
-4.62473e-09
7.42153e-06
-4.89366e-09
7.42637e-06
-5.14127e-09
7.43144e-06
-5.3688e-09
7.43672e-06
-5.57763e-09
7.44219e-06
-5.76922e-09
7.44783e-06
-5.94502e-09
7.45362e-06
-6.10646e-09
7.45956e-06
-6.25489e-09
7.46561e-06
-6.39154e-09
7.47177e-06
-6.51749e-09
7.47801e-06
-6.63368e-09
7.48434e-06
-6.74085e-09
7.49072e-06
-6.83955e-09
7.49714e-06
-6.93017e-09
7.5036e-06
-7.01291e-09
7.51007e-06
-7.08782e-09
7.51655e-06
-7.15481e-09
7.52301e-06
-7.21361e-09
7.52946e-06
-7.26395e-09
7.53586e-06
-7.30531e-09
7.54221e-06
-7.33726e-09
7.5485e-06
-7.35917e-09
7.55471e-06
-7.3706e-09
7.56083e-06
-7.37097e-09
7.56684e-06
-7.35989e-09
7.57273e-06
-7.33685e-09
7.57849e-06
-7.30158e-09
7.58411e-06
-7.25374e-09
7.58957e-06
-7.19308e-09
7.59485e-06
-7.11975e-09
7.59995e-06
-7.03304e-09
7.60484e-06
-6.93429e-09
7.60953e-06
-6.82133e-09
7.61398e-06
-6.69765e-09
7.61818e-06
-6.55877e-09
7.62213e-06
-6.41044e-09
7.6258e-06
-6.24638e-09
7.62917e-06
-6.07301e-09
7.63223e-06
-5.88391e-09
7.63495e-06
-5.6849e-09
7.63731e-06
-5.46842e-09
7.6393e-06
-5.24294e-09
7.64088e-06
-4.99411e-09
7.64203e-06
-4.73797e-09
7.64267e-06
-4.44065e-09
7.64282e-06
-4.12487e-09
7.64242e-06
-3.80423e-09
7.64143e-06
-3.45475e-09
7.63982e-06
-3.07086e-09
7.63751e-06
-2.64508e-09
7.63443e-06
-2.17215e-09
7.63052e-06
-1.64601e-09
7.62569e-06
-1.05831e-09
7.61984e-06
-3.98801e-10
7.61287e-06
3.44836e-10
7.60466e-06
1.18633e-09
7.59506e-06
2.14217e-09
7.58391e-06
3.2316e-09
7.57102e-06
4.47727e-09
7.55619e-06
5.90573e-09
7.53917e-06
7.54826e-09
7.51967e-06
9.44177e-09
7.49737e-06
1.163e-08
7.47188e-06
1.41653e-08
7.44274e-06
1.71102e-08
7.40944e-06
2.05401e-08
7.37135e-06
2.45467e-08
7.32772e-06
2.92417e-08
7.27769e-06
3.47625e-08
7.22019e-06
4.12791e-08
7.15396e-06
4.9003e-08
7.07746e-06
5.82e-08
6.98879e-06
6.92058e-08
6.88566e-06
8.24478e-08
6.76517e-06
9.84734e-08
6.62376e-06
1.17988e-07
6.45692e-06
1.41906e-07
6.25894e-06
1.71408e-07
6.02261e-06
2.08024e-07
5.73873e-06
2.53711e-07
5.39564e-06
3.1092e-07
4.97876e-06
3.82603e-07
4.47024e-06
4.72013e-07
3.84922e-06
5.82193e-07
3.09359e-06
7.14468e-07
2.1855e-06
8.64709e-07
1.11985e-06
1.02035e-06
1.07465e-06
7.38822e-06
-4.60733e-10
7.38887e-06
-1.37921e-09
7.38996e-06
-2.28462e-09
7.39147e-06
-3.16955e-09
7.3934e-06
-4.02769e-09
7.39572e-06
-4.85398e-09
7.39843e-06
-5.64425e-09
7.40151e-06
-6.39524e-09
7.40493e-06
-7.10457e-09
7.40868e-06
-7.77081e-09
7.41274e-06
-8.39337e-09
7.41709e-06
-8.97242e-09
7.4217e-06
-9.5087e-09
7.42657e-06
-1.00035e-08
7.43166e-06
-1.04584e-08
7.43695e-06
-1.08753e-08
7.44244e-06
-1.12561e-08
7.4481e-06
-1.16031e-08
7.45391e-06
-1.19181e-08
7.45986e-06
-1.22031e-08
7.46593e-06
-1.24599e-08
7.4721e-06
-1.26901e-08
7.47836e-06
-1.28951e-08
7.4847e-06
-1.30761e-08
7.49109e-06
-1.32338e-08
7.49753e-06
-1.33691e-08
7.504e-06
-1.34824e-08
7.51048e-06
-1.35739e-08
7.51697e-06
-1.36434e-08
7.52345e-06
-1.36914e-08
7.5299e-06
-1.3717e-08
7.53632e-06
-1.37203e-08
7.54268e-06
-1.37005e-08
7.54898e-06
-1.36574e-08
7.5552e-06
-1.35901e-08
7.56133e-06
-1.34987e-08
7.56735e-06
-1.33819e-08
7.57325e-06
-1.32405e-08
7.57902e-06
-1.30724e-08
7.58465e-06
-1.28794e-08
7.59012e-06
-1.26587e-08
7.59541e-06
-1.24133e-08
7.60052e-06
-1.21389e-08
7.60542e-06
-1.18403e-08
7.61011e-06
-1.15115e-08
7.61457e-06
-1.11587e-08
7.61879e-06
-1.07743e-08
7.62274e-06
-1.03658e-08
7.62642e-06
-9.92373e-09
7.6298e-06
-9.45641e-09
7.63287e-06
-8.95209e-09
7.63561e-06
-8.4211e-09
7.63799e-06
-7.84608e-09
7.63999e-06
-7.24233e-09
7.64157e-06
-6.58117e-09
7.64272e-06
-5.88794e-09
7.64339e-06
-5.10497e-09
7.64358e-06
-4.31983e-09
7.64324e-06
-3.45907e-09
7.6423e-06
-2.52174e-09
7.64073e-06
-1.50075e-09
7.63847e-06
-3.82059e-10
7.63545e-06
8.47052e-10
7.6316e-06
2.20103e-09
7.62685e-06
3.69827e-09
7.62109e-06
5.36053e-09
7.61422e-06
7.2129e-09
7.60612e-06
9.28416e-09
7.59666e-06
1.16079e-08
7.58567e-06
1.42232e-08
7.57297e-06
1.71759e-08
7.55835e-06
2.05196e-08
7.54158e-06
2.43173e-08
7.52238e-06
2.86433e-08
7.50043e-06
3.35855e-08
7.47534e-06
3.92487e-08
7.4467e-06
4.5758e-08
7.41397e-06
5.32641e-08
7.37657e-06
6.1949e-08
7.33378e-06
7.20344e-08
7.28475e-06
8.37918e-08
7.22847e-06
9.75559e-08
7.16373e-06
1.13743e-07
7.08906e-06
1.32872e-07
7.00267e-06
1.55599e-07
6.90236e-06
1.82756e-07
6.78543e-06
2.15406e-07
6.6485e-06
2.54918e-07
6.48734e-06
3.03063e-07
6.29661e-06
3.6214e-07
6.06949e-06
4.35135e-07
5.7973e-06
5.25907e-07
5.46884e-06
6.39375e-07
5.0698e-06
7.81646e-07
4.582e-06
9.59811e-07
3.98293e-06
1.18126e-06
3.24606e-06
1.45134e-06
2.34518e-06
1.7656e-06
1.25867e-06
2.10686e-06
2.33332e-06
7.38822e-06
-6.82125e-10
7.38889e-06
-2.04372e-09
7.38999e-06
-3.38751e-09
7.39152e-06
-4.70229e-09
7.39347e-06
-5.97859e-09
7.39583e-06
-7.20876e-09
7.39857e-06
-8.3865e-09
7.40168e-06
-9.5068e-09
7.40514e-06
-1.0566e-08
7.40893e-06
-1.15618e-08
7.41303e-06
-1.24931e-08
7.41742e-06
-1.336e-08
7.42208e-06
-1.41633e-08
7.42698e-06
-1.49047e-08
7.4321e-06
-1.55861e-08
7.43744e-06
-1.621e-08
7.44296e-06
-1.67791e-08
7.44865e-06
-1.7296e-08
7.4545e-06
-1.77635e-08
7.46048e-06
-1.8184e-08
7.46658e-06
-1.856e-08
7.47278e-06
-1.88936e-08
7.47908e-06
-1.91865e-08
7.48544e-06
-1.94404e-08
7.49186e-06
-1.96566e-08
7.49833e-06
-1.9836e-08
7.50483e-06
-1.99792e-08
7.51134e-06
-2.00868e-08
7.51786e-06
-2.01585e-08
7.52436e-06
-2.01951e-08
7.53084e-06
-2.01959e-08
7.53728e-06
-2.01607e-08
7.54367e-06
-2.00889e-08
7.54999e-06
-1.99804e-08
7.55623e-06
-1.98341e-08
7.56238e-06
-1.96505e-08
7.56843e-06
-1.94279e-08
7.57436e-06
-1.91674e-08
7.58015e-06
-1.88668e-08
7.5858e-06
-1.85279e-08
7.59129e-06
-1.81478e-08
7.59661e-06
-1.77294e-08
7.60174e-06
-1.72684e-08
7.60666e-06
-1.67692e-08
7.61138e-06
-1.62257e-08
7.61586e-06
-1.56437e-08
7.6201e-06
-1.50153e-08
7.62409e-06
-1.4347e-08
7.62779e-06
-1.3629e-08
7.6312e-06
-1.28683e-08
7.6343e-06
-1.20523e-08
7.63707e-06
-1.11891e-08
7.63949e-06
-1.02609e-08
7.64152e-06
-9.27844e-09
7.64315e-06
-8.21413e-09
7.64436e-06
-7.08851e-09
7.64511e-06
-5.8587e-09
7.64538e-06
-4.58636e-09
7.64511e-06
-3.18897e-09
7.64426e-06
-1.675e-09
7.64279e-06
-2.95971e-11
7.64064e-06
1.76732e-09
7.63775e-06
3.73604e-09
7.63405e-06
5.89959e-09
7.62946e-06
8.28552e-09
7.6239e-06
1.09262e-08
7.61725e-06
1.38589e-08
7.60941e-06
1.71265e-08
7.60024e-06
2.0779e-08
7.58959e-06
2.48745e-08
7.57728e-06
2.94805e-08
7.56313e-06
3.46763e-08
7.54689e-06
4.05546e-08
7.52831e-06
4.72247e-08
7.50708e-06
5.48155e-08
7.48285e-06
6.34804e-08
7.4552e-06
7.34021e-08
7.42367e-06
8.48001e-08
7.38768e-06
9.79387e-08
7.34657e-06
1.13139e-07
7.29957e-06
1.30792e-07
7.24575e-06
1.51381e-07
7.18399e-06
1.755e-07
7.11297e-06
2.03892e-07
7.03108e-06
2.37491e-07
6.93636e-06
2.77475e-07
6.82641e-06
3.25349e-07
6.69829e-06
3.83045e-07
6.54829e-06
4.53064e-07
6.37177e-06
5.38661e-07
6.16281e-06
6.44094e-07
5.91377e-06
7.74949e-07
5.61461e-06
9.38528e-07
5.25192e-06
1.14434e-06
4.80742e-06
1.40432e-06
4.25544e-06
1.73324e-06
3.55913e-06
2.14765e-06
2.66108e-06
2.66364e-06
1.47042e-06
3.29752e-06
3.80373e-06
7.38823e-06
-9.08387e-10
7.38891e-06
-2.72288e-09
7.39003e-06
-4.5144e-09
7.3916e-06
-6.26763e-09
7.39359e-06
-7.96966e-09
7.39599e-06
-9.6101e-09
7.39878e-06
-1.11805e-08
7.40195e-06
-1.2674e-08
7.40547e-06
-1.40858e-08
7.40932e-06
-1.54129e-08
7.41348e-06
-1.66538e-08
7.41793e-06
-1.78086e-08
7.42265e-06
-1.88783e-08
7.42761e-06
-1.98652e-08
7.43279e-06
-2.07717e-08
7.43818e-06
-2.16011e-08
7.44376e-06
-2.23566e-08
7.44951e-06
-2.30418e-08
7.4554e-06
-2.366e-08
7.46143e-06
-2.42145e-08
7.46758e-06
-2.47081e-08
7.47383e-06
-2.51435e-08
7.48017e-06
-2.55232e-08
7.48658e-06
-2.5849e-08
7.49304e-06
-2.61226e-08
7.49955e-06
-2.63452e-08
7.50609e-06
-2.65176e-08
7.51264e-06
-2.66407e-08
7.5192e-06
-2.67142e-08
7.52574e-06
-2.67389e-08
7.53226e-06
-2.67144e-08
7.53874e-06
-2.66403e-08
7.54517e-06
-2.65161e-08
7.55153e-06
-2.63418e-08
7.55781e-06
-2.61163e-08
7.564e-06
-2.584e-08
7.57009e-06
-2.55115e-08
7.57605e-06
-2.51315e-08
7.58188e-06
-2.46984e-08
7.58757e-06
-2.42132e-08
7.59309e-06
-2.36739e-08
7.59845e-06
-2.30823e-08
7.60361e-06
-2.24353e-08
7.60858e-06
-2.17356e-08
7.61333e-06
-2.09787e-08
7.61786e-06
-2.0168e-08
7.62214e-06
-1.92975e-08
7.62616e-06
-1.83705e-08
7.62991e-06
-1.73795e-08
7.63337e-06
-1.63273e-08
7.63652e-06
-1.52041e-08
7.63935e-06
-1.40118e-08
7.64182e-06
-1.27373e-08
7.64393e-06
-1.13818e-08
7.64564e-06
-9.92805e-09
7.64693e-06
-8.38042e-09
7.64779e-06
-6.71685e-09
7.64816e-06
-4.95536e-09
7.64801e-06
-3.03902e-09
7.6473e-06
-9.65665e-10
7.64598e-06
1.28604e-09
7.64401e-06
3.74065e-09
7.64132e-06
6.42524e-09
7.63785e-06
9.37069e-09
7.63352e-06
1.26133e-08
7.62825e-06
1.61953e-08
7.62195e-06
2.01654e-08
7.61449e-06
2.45797e-08
7.60577e-06
2.95032e-08
7.59563e-06
3.50112e-08
7.58392e-06
4.11916e-08
7.57045e-06
4.81465e-08
7.55501e-06
5.59959e-08
7.53736e-06
6.48802e-08
7.51721e-06
7.49651e-08
7.49424e-06
8.64471e-08
7.46808e-06
9.95595e-08
7.4383e-06
1.14581e-07
7.40439e-06
1.31848e-07
7.36576e-06
1.51765e-07
7.32173e-06
1.74825e-07
7.27148e-06
2.01631e-07
7.21405e-06
2.32926e-07
7.14832e-06
2.6963e-07
7.07291e-06
3.12894e-07
6.98622e-06
3.64165e-07
6.88629e-06
4.25283e-07
6.77074e-06
4.98599e-07
6.63665e-06
5.87149e-07
6.48042e-06
6.9489e-07
6.29749e-06
8.27023e-07
6.08197e-06
9.90471e-07
5.82601e-06
1.19449e-06
5.51853e-06
1.45181e-06
5.14353e-06
1.77932e-06
4.67439e-06
2.20238e-06
4.07452e-06
2.74752e-06
3.26148e-06
3.47668e-06
2.19992e-06
4.35909e-06
6.00365e-06
7.38823e-06
7.38893e-06
7.39009e-06
7.3917e-06
7.39375e-06
7.39622e-06
7.39908e-06
7.40232e-06
7.40592e-06
7.40986e-06
7.4141e-06
7.41863e-06
7.42343e-06
7.42847e-06
7.43373e-06
7.4392e-06
7.44485e-06
7.45067e-06
7.45663e-06
7.46273e-06
7.46894e-06
7.47525e-06
7.48165e-06
7.48812e-06
7.49464e-06
7.50121e-06
7.5078e-06
7.51441e-06
7.52102e-06
7.52762e-06
7.53419e-06
7.54072e-06
7.5472e-06
7.55362e-06
7.55995e-06
7.56619e-06
7.57233e-06
7.57834e-06
7.58423e-06
7.58996e-06
7.59554e-06
7.60094e-06
7.60616e-06
7.61118e-06
7.61599e-06
7.62056e-06
7.6249e-06
7.62898e-06
7.6328e-06
7.63632e-06
7.63955e-06
7.64245e-06
7.64501e-06
7.64721e-06
7.64903e-06
7.65044e-06
7.65143e-06
7.65194e-06
7.65195e-06
7.65142e-06
7.65032e-06
7.64858e-06
7.64615e-06
7.64298e-06
7.639e-06
7.63413e-06
7.62827e-06
7.62133e-06
7.61319e-06
7.60373e-06
7.5928e-06
7.58023e-06
7.56583e-06
7.54938e-06
7.53064e-06
7.50931e-06
7.48508e-06
7.45756e-06
7.42632e-06
7.39087e-06
7.35063e-06
7.30492e-06
7.25297e-06
7.19389e-06
7.12662e-06
7.04994e-06
6.96244e-06
6.86243e-06
6.74796e-06
6.61672e-06
6.46593e-06
6.29215e-06
6.09106e-06
5.85624e-06
5.57891e-06
5.23762e-06
4.80172e-06
4.11486e-06
2.99401e-06
)
;

boundaryField
{
    inlet
    {
        type            calculated;
        value           nonuniform List<scalar> 
26
(
-7.388e-06
-7.388e-06
-7.388e-06
-7.388e-06
-7.388e-06
-7.388e-06
-7.388e-06
-7.388e-06
-7.388e-06
-7.388e-06
-7.388e-06
-7.388e-06
-7.388e-06
-7.388e-06
-7.388e-06
-7.388e-06
-7.388e-06
-7.388e-06
-7.388e-06
-7.388e-06
-7.388e-06
-7.388e-06
-7.388e-06
-7.388e-06
-7.388e-06
-7.388e-06
)
;
    }
    outlet
    {
        type            calculated;
        value           nonuniform List<scalar> 0();
    }
    topWall
    {
        type            calculated;
        value           uniform 0;
    }
    lowerWall
    {
        type            calculated;
        value           nonuniform List<scalar> 0();
    }
    leadingEdge
    {
        type            calculated;
        value           uniform 0;
    }
    trailingEdge
    {
        type            calculated;
        value           nonuniform List<scalar> 0();
    }
    upperSurface
    {
        type            calculated;
        value           uniform 0;
    }
    lowerSurface
    {
        type            calculated;
        value           nonuniform List<scalar> 0();
    }
    frontAndBack
    {
        type            empty;
        value           nonuniform List<scalar> 0();
    }
    procBoundary4to0
    {
        type            processor;
        value           nonuniform List<scalar> 
101
(
-1.91267e-10
-5.77338e-10
-9.63342e-10
7.38995e-06
1.5614e-10
1.90179e-10
2.19103e-10
2.42923e-10
2.6182e-10
2.76111e-10
2.86236e-10
2.92758e-10
2.96355e-10
2.97804e-10
2.97962e-10
2.97732e-10
2.98041e-10
2.99813e-10
3.03941e-10
3.11274e-10
3.22583e-10
3.38559e-10
3.59781e-10
3.86714e-10
4.19695e-10
4.58942e-10
5.04529e-10
5.56431e-10
6.14458e-10
6.78439e-10
7.47969e-10
8.22554e-10
9.01741e-10
9.85144e-10
1.07171e-09
1.16163e-09
1.25344e-09
1.3478e-09
1.44298e-09
1.54008e-09
1.63741e-09
1.73623e-09
1.8353e-09
1.93578e-09
2.03703e-09
2.14024e-09
2.24509e-09
2.35309e-09
2.46402e-09
2.57971e-09
2.69999e-09
2.82748e-09
2.96027e-09
3.10508e-09
3.25364e-09
3.42117e-09
3.5892e-09
3.79514e-09
3.97949e-09
4.20457e-09
4.43626e-09
4.68617e-09
4.95664e-09
5.24699e-09
5.5576e-09
5.88982e-09
6.24506e-09
6.62448e-09
7.02925e-09
7.46045e-09
7.91918e-09
8.40662e-09
8.92408e-09
9.47308e-09
1.00554e-08
1.06731e-08
1.13284e-08
1.20239e-08
1.27625e-08
1.35474e-08
1.43822e-08
1.52708e-08
1.62175e-08
1.72272e-08
1.83051e-08
1.94572e-08
2.06896e-08
2.20093e-08
2.34234e-08
2.49396e-08
2.65656e-08
2.83084e-08
3.01739e-08
3.21654e-08
3.428e-08
3.651e-08
3.88251e-08
4.11564e-08
4.33875e-08
4.52975e-08
4.52032e-08
)
;
    }
    procBoundary4to5
    {
        type            processor;
        value           nonuniform List<scalar> 
20
(
-2.54653e-06
-7.74679e-07
3.07826e-06
7.29329e-06
1.03553e-05
1.16119e-05
1.19633e-05
1.20111e-05
1.19197e-05
1.18203e-05
1.17466e-05
1.1686e-05
1.16327e-05
1.15872e-05
1.15474e-05
1.15066e-05
1.14096e-05
1.10489e-05
9.72202e-06
5.24884e-06
)
;
    }
}


// ************************************************************************* //
