/*--------------------------------*- C++ -*----------------------------------*\
| =========                 |                                                 |
| \\      /  F ield         | OpenFOAM: The Open Source CFD Toolbox           |
|  \\    /   O peration     | Version:  2206                                  |
|   \\  /    A nd           | Website:  www.openfoam.com                      |
|    \\/     M anipulation  |                                                 |
\*---------------------------------------------------------------------------*/
FoamFile
{
    version     2.0;
    format      ascii;
    arch        "LSB;label=32;scalar=64";
    class       volVectorField;
    location    "19.2";
    object      ddt0(U);
}
// * * * * * * * * * * * * * * * * * * * * * * * * * * * * * * * * * * * * * //

dimensions      [0 1 -2 0 0 0 0];

internalField   nonuniform List<vector> 
1813
(
(-26.6998 -42.98 0)
(-10.4213 -82.6428 0)
(33.3878 -100.137 0)
(75.913 -97.0931 0)
(131.594 -66.1109 0)
(186.351 -18.8154 0)
(225.682 31.1783 0)
(251.923 66.9983 0)
(285.139 96.3633 0)
(311.065 120.713 0)
(330.124 133.9 0)
(330.525 145.53 0)
(291.354 165.3 0)
(194.148 194.575 0)
(69.0418 222.62 0)
(-63.6806 238.226 0)
(-182.834 225.297 0)
(-278.189 175.602 0)
(-361.982 104.345 0)
(-434.698 15.7331 0)
(-498.118 -93.8801 0)
(-554.563 -223.566 0)
(-590.315 -345.016 0)
(-540.278 -394.073 0)
(-437.454 -376.343 0)
(-308.495 -313.33 0)
(-178.718 -229.685 0)
(-69.5045 -161.381 0)
(11.0796 -125.097 0)
(89.4392 -83.8401 0)
(144.806 -41.6401 0)
(195.308 -4.28724 0)
(227.909 24.7393 0)
(247.605 50.6983 0)
(257.175 71.4708 0)
(251.469 83.6373 0)
(234.933 90.8653 0)
(208.816 93.2967 0)
(179.67 86.6014 0)
(159.417 64.9683 0)
(159.948 26.743 0)
(178.598 -19.5174 0)
(218.168 -56.9739 0)
(258.891 -75.4613 0)
(277.586 -64.2637 0)
(262.996 -23.2852 0)
(220.286 38.4417 0)
(157.418 108.912 0)
(78.4191 164.168 0)
(23.5627 194.808 0)
(-40.4312 202.45 0)
(-82.1402 191.138 0)
(-108.484 168.18 0)
(-127.195 137.156 0)
(-140.083 103.834 0)
(-150.56 69.6737 0)
(-159.219 35.8963 0)
(-168.869 3.698 0)
(-181.378 -27.0144 0)
(-197.955 -57.5133 0)
(-220.335 -91.7932 0)
(-248.276 -134.335 0)
(-273.118 -177.364 0)
(-266.423 -195.919 0)
(-233.069 -192.125 0)
(-185.202 -170.378 0)
(-135.609 -136.554 0)
(-73.0971 -111.324 0)
(-34.9898 -79.1471 0)
(13.88 -45.4642 0)
(80.3597 4.75062 0)
(155.664 45.9018 0)
(192.441 71.3396 0)
(212.194 80.825 0)
(211.413 73.8684 0)
(199.805 56.092 0)
(181.866 31.4107 0)
(161.792 4.4073 0)
(142.9 -19.9957 0)
(126.934 -36.9626 0)
(114.448 -42.9847 0)
(104.779 -37.0441 0)
(96.1291 -21.2337 0)
(86.337 0.641529 0)
(73.6986 25.5243 0)
(29.1776 -32.8589 0)
(63.4384 -108.637 0)
(86.7715 -144.66 0)
(114.228 -156.2 0)
(156.49 -130.654 0)
(215.603 -80.748 0)
(275.28 -28.7565 0)
(329.871 10.2387 0)
(374.73 49.655 0)
(387.451 97.2188 0)
(355.69 150.849 0)
(275.966 214.437 0)
(162.322 277.813 0)
(58.0803 323.466 0)
(-33.292 348.021 0)
(-104.629 337.227 0)
(-153.893 292.63 0)
(-200.081 233.301 0)
(-251.426 162.334 0)
(-309.001 74.102 0)
(-372.813 -34.9854 0)
(-438.558 -166.282 0)
(-500.585 -309.649 0)
(-543.198 -434.022 0)
(-512.52 -478.355 0)
(-422.349 -443.214 0)
(-304.269 -364.146 0)
(-182.954 -278.174 0)
(-78.6866 -209.585 0)
(0.000909387 -154.667 0)
(68.9833 -108.999 0)
(129.048 -53.2516 0)
(172.436 -5.27675 0)
(203.49 32.7216 0)
(224.175 62.4938 0)
(232.161 89.6793 0)
(224.576 108.479 0)
(210.495 114.261 0)
(202.237 100.11 0)
(212.663 60.3943 0)
(237.671 -1.21051 0)
(272.422 -61.5618 0)
(296.974 -93.9847 0)
(291.939 -82.536 0)
(265.29 -37.022 0)
(222.501 31.4314 0)
(162.884 109.684 0)
(88.427 177.127 0)
(30.9035 227.382 0)
(-32.1326 251.193 0)
(-72.3976 245.215 0)
(-100.587 220.789 0)
(-119.037 186.655 0)
(-128.61 149.05 0)
(-131.91 111.951 0)
(-132.76 76.6734 0)
(-134.136 42.9279 0)
(-135.972 11.9384 0)
(-141.77 -15.6974 0)
(-151.809 -43.0454 0)
(-166.082 -73.2674 0)
(-185.508 -110.173 0)
(-209.538 -154.253 0)
(-230.227 -196.843 0)
(-228.788 -219.339 0)
(-202.609 -215.823 0)
(-160.035 -193.493 0)
(-108.391 -160.682 0)
(-55.8872 -125.697 0)
(-29.2384 -90.2555 0)
(33.7537 -60.5882 0)
(87.7658 -14.9379 0)
(135.86 27.3711 0)
(175.322 56.9137 0)
(198.062 69.1267 0)
(202.501 63.3284 0)
(197.167 45.7652 0)
(185.102 22.6026 0)
(168.544 -0.577179 0)
(149.652 -18.4313 0)
(130.637 -26.314 0)
(112.926 -22.5127 0)
(97.2009 -8.17072 0)
(82.7825 14.2978 0)
(66.842 41.3492 0)
(29.6518 -104.842 0)
(61.4007 -134.102 0)
(75.599 -159.784 0)
(95.8946 -179.673 0)
(128.581 -164.786 0)
(169.181 -127.361 0)
(210.212 -75.3315 0)
(234.534 -13.6261 0)
(235.896 60.9658 0)
(213.393 143.554 0)
(164.356 232.587 0)
(98.3009 315.361 0)
(23.2109 372.761 0)
(-28.0448 402.393 0)
(-65.2549 403.15 0)
(-71.4525 368.351 0)
(-71.4969 319.99 0)
(-72.5564 266.393 0)
(-82.5184 204.832 0)
(-113.559 131.375 0)
(-165.129 32.2763 0)
(-238.131 -95.6543 0)
(-321.962 -244.719 0)
(-396.981 -390.884 0)
(-447.642 -498.955 0)
(-431.785 -520.486 0)
(-364.178 -472.282 0)
(-269.509 -393.515 0)
(-170.71 -311.389 0)
(-82.5067 -235.6 0)
(-10.5377 -169.555 0)
(43.3283 -111.793 0)
(99.0694 -51.1981 0)
(140.083 -2.14146 0)
(173.811 44.0081 0)
(195.405 82.136 0)
(203.409 110.288 0)
(209.536 115.472 0)
(226.434 88.1596 0)
(255.127 30.885 0)
(286.356 -34.8957 0)
(302.735 -77.9868 0)
(293.238 -81.345 0)
(266.892 -49.7843 0)
(227.206 9.23239 0)
(172.216 88.7239 0)
(100.647 172.354 0)
(34.0011 244.477 0)
(-24.5738 287.136 0)
(-68.183 295.937 0)
(-97.1418 275.689 0)
(-115.814 239.939 0)
(-124.436 196.162 0)
(-124.445 150.788 0)
(-118.242 108.601 0)
(-109.184 71.8916 0)
(-100.871 40.3777 0)
(-95.2118 12.8634 0)
(-93.2756 -10.8318 0)
(-99.27 -32.7921 0)
(-111.63 -57.9792 0)
(-129.112 -90.2927 0)
(-150.374 -131.192 0)
(-172.846 -177.456 0)
(-189.916 -220.007 0)
(-187.787 -240.199 0)
(-166.027 -233.747 0)
(-130.677 -207.324 0)
(-85.9402 -170.452 0)
(-39.8645 -137.378 0)
(1.53198 -107.493 0)
(48.0388 -66.9398 0)
(89.4262 -18.6586 0)
(128.696 20.7853 0)
(159.127 46.7345 0)
(177.629 56.1184 0)
(182.41 49.4199 0)
(178.246 33.7785 0)
(167.112 15.9887 0)
(150.794 1.47501 0)
(131.49 -5.7372 0)
(111.723 -3.32346 0)
(93.4119 9.35612 0)
(76.372 31.8406 0)
(57.9615 58.6214 0)
(14.0561 -135.352 0)
(32.569 -154.568 0)
(38.39 -172.631 0)
(41.505 -181.82 0)
(49.2345 -176.063 0)
(61.3905 -144.147 0)
(70.0095 -83.988 0)
(71.6103 -2.06255 0)
(70.1602 63.651 0)
(58.4157 172.156 0)
(32.5239 282.253 0)
(-18.5466 375.995 0)
(-65.5428 429.485 0)
(-82.3404 441.184 0)
(-69.7558 406.867 0)
(-57.5417 361.246 0)
(-29.9358 312.101 0)
(-0.448424 263.914 0)
(25.4453 216.108 0)
(43.3533 162.337 0)
(34.0142 91.8653 0)
(-2.77068 -18.8059 0)
(-100.276 -154.124 0)
(-199.878 -308.403 0)
(-288.657 -445.638 0)
(-343.108 -527.318 0)
(-338.404 -526.669 0)
(-293.34 -474.874 0)
(-224.642 -399.044 0)
(-150.974 -316.979 0)
(-82.578 -237.694 0)
(-23.1979 -163.497 0)
(25.4862 -100.125 0)
(65.8191 -44.9669 0)
(107.672 -0.400275 0)
(142.154 65.5748 0)
(169.458 94.7285 0)
(197.268 92.5103 0)
(231.777 55.3534 0)
(265.36 -0.615805 0)
(284.811 -49.0745 0)
(280.409 -70.0237 0)
(258.811 -56.6594 0)
(223.647 -12.5296 0)
(174.18 62.5043 0)
(106.7 155.762 0)
(40.2203 243.324 0)
(-18.3435 305.757 0)
(-65.5288 334.446 0)
(-96.7351 326.534 0)
(-115.608 295.303 0)
(-123.724 248.894 0)
(-121.489 195.412 0)
(-111.076 142.649 0)
(-95.2094 96.4157 0)
(-77.289 58.8712 0)
(-61.43 26.3518 0)
(-47.8549 3.84762 0)
(-38.8982 -9.80199 0)
(-40.3077 -24.6705 0)
(-52.0683 -42.8196 0)
(-70.6894 -70.7409 0)
(-93.0699 -109.41 0)
(-116.587 -156.414 0)
(-138.085 -204.496 0)
(-151.768 -242.048 0)
(-147.518 -252.92 0)
(-127.528 -241.767 0)
(-95.48 -215.76 0)
(-57.6942 -182.475 0)
(-20.8256 -145.245 0)
(12.1468 -104.435 0)
(51.2008 -59.7659 0)
(85.6153 -13.9064 0)
(115.326 19.7249 0)
(137.524 39.5475 0)
(150.611 44.8631 0)
(152.13 38.4071 0)
(146.223 27.5217 0)
(134.268 17.8193 0)
(118.414 13.0965 0)
(100.954 15.9466 0)
(83.4885 28.7109 0)
(64.924 50.4343 0)
(46.9961 76.417 0)
(2.05554 -142.852 0)
(4.25953 -161.284 0)
(4.28325 -177.47 0)
(4.1122 -186.672 0)
(0.86655 -179.049 0)
(-1.84256 -145.609 0)
(-3.79191 -91.7753 0)
(14.4258 -7.61658 0)
(9.16171 67.5409 0)
(-21.8006 206.333 0)
(-73.9163 320.367 0)
(-100.421 402.672 0)
(-107.957 435.063 0)
(-97.5249 426.098 0)
(-79.2466 376.897 0)
(-42.3316 321.533 0)
(3.37671 265.719 0)
(54.9424 217.634 0)
(104.143 177.354 0)
(143.07 133.644 0)
(158.058 97.5109 0)
(140.447 60.047 0)
(108.519 -63.7536 0)
(16.9701 -202.384 0)
(-107.852 -352.18 0)
(-198.507 -472.012 0)
(-249.251 -523.3 0)
(-254.651 -506.651 0)
(-230.105 -453.268 0)
(-186.677 -379.871 0)
(-135.073 -299.604 0)
(-83.1808 -219.809 0)
(-35.8727 -144.09 0)
(6.69516 -80.9264 0)
(40.091 -34.5131 0)
(76.6555 16.3769 0)
(123.765 56.5775 0)
(169.955 51.1109 0)
(209.972 18.5303 0)
(237.127 -22.1397 0)
(243.776 -50.6325 0)
(231.48 -52.6447 0)
(204.53 -24.7278 0)
(162.353 36.8967 0)
(100.114 126.873 0)
(37.2254 222.25 0)
(-19.9693 302.107 0)
(-67.8407 353.496 0)
(-101.362 367.942 0)
(-119.424 347.228 0)
(-126.316 303.94 0)
(-122.223 246.268 0)
(-108.34 183.323 0)
(-87.1735 124.02 0)
(-63.4747 72.7509 0)
(-38.8359 35.7615 0)
(-14.5985 13.4634 0)
(4.64134 -12.9634 0)
(19.2323 -18.98 0)
(20.5706 -19.8892 0)
(9.10285 -25.5498 0)
(-10.6249 -47.7818 0)
(-34.5397 -84.6499 0)
(-60.45 -132.204 0)
(-85.222 -183.82 0)
(-105.501 -229.69 0)
(-115.65 -258.764 0)
(-109.522 -260.206 0)
(-92.0353 -244.184 0)
(-67.2397 -215.264 0)
(-39.6316 -178.032 0)
(-12.9694 -135.006 0)
(12.226 -91.5191 0)
(44.077 -48.453 0)
(70.8144 -6.1429 0)
(93.6655 20.0029 0)
(109.323 34.1378 0)
(116.196 38.1167 0)
(114.267 34.5599 0)
(106.819 29.7067 0)
(95.0353 27.908 0)
(80.7821 32.8842 0)
(64.4177 46.9997 0)
(46.9267 67.9066 0)
(30.9287 93.2738 0)
(9.14464 108.289 0)
(3.83921 -0.0457356 0)
(3.86281 -0.0711759 0)
(3.91396 -0.082509 0)
(3.98199 -0.08186 0)
(4.03705 -0.0750846 0)
(4.12922 -0.061832 0)
(4.15988 -0.0438407 0)
(4.19499 -0.0281028 0)
(4.22625 -0.0210769 0)
(4.25301 -0.0190049 0)
(4.28063 -0.0195727 0)
(4.31597 -0.0233059 0)
(4.36607 -0.0291102 0)
(4.43562 -0.0352082 0)
(4.52528 -0.038887 0)
(4.62962 -0.0374458 0)
(4.7409 -0.0285385 0)
(4.84853 -0.0113359 0)
(4.93907 0.0137202 0)
(4.9995 0.0450623 0)
(5.01785 0.0798333 0)
(4.98947 0.113392 0)
(4.90987 0.142837 0)
(4.78146 0.162707 0)
(4.61543 0.167724 0)
(4.42471 0.157238 0)
(4.22353 0.132474 0)
(4.02595 0.0933377 0)
(3.85392 0.0446485 0)
(3.71659 -0.00740712 0)
(3.62588 -0.0573772 0)
(3.58913 -0.0974517 0)
(3.58411 -0.12229 0)
(3.61807 -0.132787 0)
(3.67718 -0.122126 0)
(3.74219 -0.0932376 0)
(3.79667 -0.0496407 0)
(3.82106 0.0119506 0)
(3.79476 0.0848807 0)
(3.70148 0.162001 0)
(3.53095 0.239584 0)
(3.27625 0.312459 0)
(2.93607 0.375356 0)
(2.51274 0.424922 0)
(2.00187 0.444435 0)
(1.4798 0.417772 0)
(0.970338 0.353778 0)
(0.479975 0.273427 0)
(0.0251913 0.190125 0)
(-0.391605 0.113889 0)
(-0.782254 0.0387229 0)
(-1.16442 -0.0473987 0)
(-1.56038 -0.154186 0)
(4.38322 0.0415088 0)
(4.42555 -0.00906328 0)
(4.47103 -0.0409805 0)
(4.50763 -0.0566947 0)
(4.52636 -0.060915 0)
(4.52329 -0.0550171 0)
(4.49829 -0.0412459 0)
(4.456 -0.0280813 0)
(4.40635 -0.0209668 0)
(4.35903 -0.0234682 0)
(4.31688 -0.0370982 0)
(4.28341 -0.061866 0)
(4.26484 -0.0937785 0)
(4.26636 -0.128796 0)
(4.29019 -0.160901 0)
(4.33562 -0.184142 0)
(4.39969 -0.192964 0)
(4.47752 -0.184784 0)
(4.56303 -0.15917 0)
(4.64956 -0.116545 0)
(4.72985 -0.0591438 0)
(4.7987 0.00679897 0)
(4.84784 0.0743222 0)
(4.88916 0.138606 0)
(4.89745 0.193991 0)
(4.88652 0.234792 0)
(4.85004 0.259159 0)
(4.79598 0.265119 0)
(4.7229 0.249675 0)
(4.63836 0.216727 0)
(4.54929 0.172228 0)
(4.45487 0.122334 0)
(4.35659 0.0740798 0)
(4.2568 0.0338 0)
(4.15467 0.00613286 0)
(4.04729 -0.00416257 0)
(3.93954 0.0067836 0)
(3.8308 0.0393668 0)
(3.71337 0.0932313 0)
(3.5818 0.167329 0)
(3.43617 0.258168 0)
(3.27623 0.360263 0)
(3.09828 0.467835 0)
(2.89488 0.574509 0)
(2.67782 0.671135 0)
(2.40482 0.750247 0)
(2.05096 0.81478 0)
(1.58797 0.878193 0)
(0.978849 0.958243 0)
(0.166702 1.08103 0)
(-0.937566 1.27965 0)
(-2.4733 1.59282 0)
(-4.64954 2.07075 0)
(4.64052 -0.100219 0)
(4.70775 -0.140694 0)
(4.76429 -0.142695 0)
(4.79845 -0.118904 0)
(4.80459 -0.079593 0)
(4.78017 -0.0325973 0)
(4.7263 0.0165027 0)
(4.64839 0.0546264 0)
(4.55401 0.0473368 0)
(4.45109 0.0505091 0)
(4.34772 0.0478672 0)
(4.25263 0.0271756 0)
(4.17339 -0.00986981 0)
(4.11566 -0.0568923 0)
(4.0835 -0.106087 0)
(4.0777 -0.1496 0)
(4.09655 -0.18016 0)
(4.13656 -0.191824 0)
(4.19474 -0.182379 0)
(4.26747 -0.15155 0)
(4.34831 -0.100868 0)
(4.43112 -0.0369319 0)
(4.51222 0.0325093 0)
(4.58813 0.102354 0)
(4.65492 0.166569 0)
(4.71011 0.218052 0)
(4.75008 0.250745 0)
(4.76917 0.263178 0)
(4.76691 0.253404 0)
(4.74741 0.220941 0)
(4.71141 0.178092 0)
(4.65846 0.146065 0)
(4.59144 0.116552 0)
(4.51432 0.0924941 0)
(4.42993 0.0850824 0)
(4.34121 0.0987203 0)
(4.2518 0.0977588 0)
(4.16224 0.161452 0)
(4.07602 0.243587 0)
(3.99485 0.335619 0)
(3.91906 0.436121 0)
(3.84973 0.54433 0)
(3.78619 0.655715 0)
(3.7312 0.762341 0)
(3.67105 0.858532 0)
(3.61654 0.946676 0)
(3.55936 1.03726 0)
(3.49355 1.15099 0)
(3.41253 1.31813 0)
(3.30394 1.58622 0)
(3.13506 2.0263 0)
(2.8506 2.72137 0)
(2.37391 3.79202 0)
(4.66264 -0.106263 0)
(4.74161 -0.161303 0)
(4.82827 -0.160015 0)
(4.88305 -0.113865 0)
(4.893 -0.0416336 0)
(4.85852 0.0381321 0)
(4.78484 0.109832 0)
(4.68353 0.162088 0)
(4.56035 0.189319 0)
(4.42157 0.189469 0)
(4.27957 0.162403 0)
(4.14699 0.110878 0)
(4.03681 0.0483497 0)
(3.95437 -0.0380577 0)
(3.90691 -0.125207 0)
(3.89266 -0.201956 0)
(3.90792 -0.253712 0)
(3.94813 -0.283197 0)
(4.01142 -0.290923 0)
(4.08837 -0.26474 0)
(4.17219 -0.210279 0)
(4.26042 -0.144404 0)
(4.3513 -0.0731283 0)
(4.43923 0.00222561 0)
(4.51851 0.075359 0)
(4.58725 0.13793 0)
(4.64161 0.193622 0)
(4.68059 0.236466 0)
(4.7094 0.245202 0)
(4.7167 0.243933 0)
(4.70688 0.23208 0)
(4.68155 0.21393 0)
(4.64488 0.194737 0)
(4.6002 0.180142 0)
(4.55012 0.175327 0)
(4.49994 0.18431 0)
(4.44874 0.209989 0)
(4.39619 0.252959 0)
(4.35244 0.311737 0)
(4.32249 0.384346 0)
(4.30513 0.467806 0)
(4.30072 0.557659 0)
(4.31283 0.648272 0)
(4.34579 0.73528 0)
(4.40369 0.815335 0)
(4.49182 0.887029 0)
(4.61964 0.957376 0)
(4.8 1.04351 0)
(5.06345 1.17462 0)
(5.42375 1.40383 0)
(5.92113 1.81156 0)
(6.57756 2.45832 0)
(7.45655 3.53694 0)
(4.41658 -0.256263 0)
(4.6019 -0.291345 0)
(4.77293 -0.272875 0)
(4.90649 -0.194685 0)
(4.98362 -0.0744627 0)
(4.99562 0.0588205 0)
(4.94358 0.181711 0)
(4.83893 0.280762 0)
(4.69492 0.341376 0)
(4.52565 0.356371 0)
(4.35378 0.352238 0)
(4.20056 0.277011 0)
(4.09139 0.182187 0)
(4.01669 0.0657171 0)
(3.97159 -0.0409277 0)
(3.96105 -0.143212 0)
(3.96589 -0.227056 0)
(4.02919 -0.284698 0)
(4.07768 -0.311382 0)
(4.16194 -0.312804 0)
(4.27348 -0.277943 0)
(4.37062 -0.218406 0)
(4.46671 -0.148927 0)
(4.55045 -0.069512 0)
(4.62411 0.00930197 0)
(4.67637 0.0824216 0)
(4.71887 0.143355 0)
(4.74321 0.18758 0)
(4.76211 0.215212 0)
(4.75752 0.227099 0)
(4.73529 0.226148 0)
(4.70387 0.217732 0)
(4.66567 0.20749 0)
(4.62284 0.199328 0)
(4.57858 0.197981 0)
(4.53629 0.207043 0)
(4.49759 0.227112 0)
(4.46557 0.262972 0)
(4.44486 0.315564 0)
(4.43738 0.380174 0)
(4.44403 0.451884 0)
(4.46729 0.526664 0)
(4.51135 0.598276 0)
(4.58105 0.660183 0)
(4.68167 0.708365 0)
(4.81965 0.736687 0)
(5.01775 0.741694 0)
(5.30928 0.729081 0)
(5.74348 0.708416 0)
(6.38387 0.7399 0)
(7.27188 0.964359 0)
(8.54831 1.27589 0)
(10.4219 1.72157 0)
(4.28567 -0.431841 0)
(4.5738 -0.481613 0)
(4.81548 -0.421288 0)
(4.98306 -0.279098 0)
(5.06158 -0.0899483 0)
(5.0544 0.1067 0)
(4.97982 0.27211 0)
(4.85591 0.38694 0)
(4.70004 0.483562 0)
(4.50925 0.50424 0)
(4.31787 0.471015 0)
(4.15233 0.363196 0)
(4.02635 0.230047 0)
(3.94205 0.0764526 0)
(3.9044 -0.0792632 0)
(3.91474 -0.219359 0)
(3.96465 -0.333767 0)
(4.04535 -0.411121 0)
(4.14804 -0.444665 0)
(4.25725 -0.444866 0)
(4.3644 -0.413171 0)
(4.46635 -0.344945 0)
(4.55996 -0.25046 0)
(4.638 -0.1449 0)
(4.69675 -0.0398366 0)
(4.73688 0.0568367 0)
(4.76028 0.139644 0)
(4.76866 0.204329 0)
(4.76249 0.247391 0)
(4.74512 0.271913 0)
(4.72084 0.281575 0)
(4.6923 0.280301 0)
(4.66128 0.272475 0)
(4.63009 0.263186 0)
(4.60122 0.257413 0)
(4.57634 0.259615 0)
(4.55664 0.27262 0)
(4.54312 0.299094 0)
(4.53757 0.338736 0)
(4.54121 0.388534 0)
(4.55504 0.444398 0)
(4.57949 0.5012 0)
(4.62148 0.551331 0)
(4.66619 0.585564 0)
(4.75488 0.593044 0)
(4.88426 0.56258 0)
(5.07832 0.480756 0)
(5.37171 0.333493 0)
(5.85537 0.111034 0)
(6.55505 -0.180889 0)
(7.5578 -0.480596 0)
(10.2439 -0.732486 0)
(12.0889 -0.847049 0)
(4.08577 -0.914668 0)
(4.50234 -0.921715 0)
(4.84249 -0.772999 0)
(5.08012 -0.511908 0)
(5.20115 -0.191878 0)
(5.20278 0.131547 0)
(5.11987 0.413118 0)
(5.00026 0.624077 0)
(4.85774 0.748175 0)
(4.69107 0.782793 0)
(4.50518 0.731832 0)
(4.32931 0.605839 0)
(4.19369 0.42796 0)
(4.10482 0.22107 0)
(4.06534 0.00958038 0)
(4.07418 -0.184885 0)
(4.12336 -0.347002 0)
(4.2015 -0.46437 0)
(4.29931 -0.530504 0)
(4.40451 -0.547337 0)
(4.50562 -0.517787 0)
(4.59505 -0.447241 0)
(4.66917 -0.348666 0)
(4.72599 -0.235552 0)
(4.76403 -0.119011 0)
(4.78369 -0.00817951 0)
(4.78686 0.0894129 0)
(4.77655 0.168238 0)
(4.75584 0.225401 0)
(4.72804 0.262123 0)
(4.69691 0.280421 0)
(4.66601 0.284182 0)
(4.63795 0.27851 0)
(4.61493 0.269358 0)
(4.59876 0.261956 0)
(4.5908 0.261013 0)
(4.59167 0.269657 0)
(4.60182 0.289999 0)
(4.62163 0.322199 0)
(4.65155 0.364295 0)
(4.69136 0.412138 0)
(4.74022 0.459681 0)
(4.80069 0.499861 0)
(4.86963 0.520794 0)
(4.95159 0.505706 0)
(5.05465 0.435166 0)
(5.19755 0.28288 0)
(5.41524 0.0101323 0)
(5.78664 -0.425957 0)
(6.42061 -1.11126 0)
(7.46185 -2.17118 0)
(9.45632 -3.33511 0)
(12.7413 -4.22797 0)
(3.31702 -1.00598 0)
(3.8524 -1.21903 0)
(4.39226 -1.1878 0)
(4.82925 -0.971678 0)
(5.10392 -0.639 0)
(5.32193 -0.259374 0)
(5.45985 0.11444 0)
(5.51039 0.331815 0)
(5.51244 0.538573 0)
(5.47248 0.713714 0)
(5.39676 0.828972 0)
(5.33133 0.83161 0)
(5.22457 0.649257 0)
(5.1386 0.437362 0)
(5.05297 0.194064 0)
(4.97389 -0.0540829 0)
(4.90725 -0.274617 0)
(4.84923 -0.451707 0)
(4.79804 -0.572265 0)
(4.75278 -0.630446 0)
(4.71015 -0.628563 0)
(4.66669 -0.574311 0)
(4.62018 -0.477855 0)
(4.57499 -0.35302 0)
(4.52999 -0.214469 0)
(4.4864 -0.0758678 0)
(4.44583 0.0513528 0)
(4.40854 0.159506 0)
(4.38044 0.242812 0)
(4.35419 0.300183 0)
(4.34115 0.331315 0)
(4.33372 0.340839 0)
(4.33584 0.333449 0)
(4.34861 0.315294 0)
(4.37244 0.292741 0)
(4.40794 0.271739 0)
(4.45549 0.257269 0)
(4.51533 0.253071 0)
(4.58776 0.261244 0)
(4.6732 0.282072 0)
(4.77142 0.31356 0)
(4.88183 0.351695 0)
(5.0033 0.390525 0)
(5.13444 0.422069 0)
(5.27366 0.434852 0)
(5.41789 0.411421 0)
(5.5635 0.328156 0)
(5.70962 0.14948 0)
(5.86289 -0.1816 0)
(6.05205 -0.753925 0)
(6.36344 -1.71717 0)
(6.96322 -3.30729 0)
(8.28369 -5.70686 0)
(11.2737 -8.98997 0)
(5.24245 -1.80928 0)
(4.95041 -2.10593 0)
(4.65766 -2.02124 0)
(4.40145 -1.63274 0)
(4.20919 -1.09648 0)
(4.09689 -0.54128 0)
(4.06872 -0.0209321 0)
(4.10958 0.42725 0)
(4.20268 0.757641 0)
(4.34174 0.955366 0)
(4.52612 1.02754 0)
(4.72515 0.995956 0)
(4.91077 0.88053 0)
(5.05377 0.69206 0)
(5.14316 0.456119 0)
(5.17722 0.202593 0)
(5.15677 -0.0406456 0)
(5.08842 -0.24885 0)
(4.97802 -0.404287 0)
(4.83793 -0.498031 0)
(4.67769 -0.529328 0)
(4.5128 -0.504244 0)
(4.35452 -0.432688 0)
(4.21714 -0.328209 0)
(4.10894 -0.205648 0)
(4.03308 -0.0787185 0)
(3.99889 0.0405266 0)
(3.99639 0.14351 0)
(4.03321 0.223296 0)
(4.09671 0.277072 0)
(4.18299 0.304784 0)
(4.28825 0.308937 0)
(4.40648 0.29414 0)
(4.52996 0.266584 0)
(4.65649 0.232046 0)
(4.78363 0.196067 0)
(4.91071 0.164192 0)
(5.03808 0.140951 0)
(5.16689 0.129235 0)
(5.29876 0.129909 0)
(5.4356 0.142011 0)
(5.57874 0.162732 0)
(5.72878 0.187419 0)
(5.88435 0.209114 0)
(6.04225 0.217964 0)
(6.19323 0.19991 0)
(6.32255 0.134247 0)
(6.406 -0.0123032 0)
(6.40671 -0.294319 0)
(6.27283 -0.810786 0)
(5.93633 -1.73402 0)
(5.39235 -3.4367 0)
(4.84981 -6.52046 0)
(5.72764 -12.1947 0)
(6.665 -0.548314 0)
(5.49557 -0.433786 0)
(4.25969 -0.260339 0)
(3.17555 -0.0740648 0)
(2.37826 0.0857971 0)
(1.92678 0.209033 0)
(1.8188 0.294767 0)
(2.00793 0.333579 0)
(2.431 0.339376 0)
(2.99603 0.323711 0)
(3.70052 0.278183 0)
(4.36069 0.194559 0)
(4.94852 0.0790556 0)
(5.41643 -0.0377293 0)
(5.71973 -0.14067 0)
(5.83959 -0.220803 0)
(5.78633 -0.270135 0)
(5.58714 -0.284482 0)
(5.28064 -0.266455 0)
(4.91345 -0.222179 0)
(4.5306 -0.160269 0)
(4.1732 -0.0891929 0)
(3.87307 -0.0178817 0)
(3.65236 0.0464062 0)
(3.52163 0.0982875 0)
(3.48105 0.134515 0)
(3.52384 0.154145 0)
(3.63518 0.15778 0)
(3.79808 0.147099 0)
(3.99091 0.126797 0)
(4.1998 0.0994657 0)
(4.40462 0.0687913 0)
(4.58468 0.0395821 0)
(4.74899 0.0159177 0)
(4.88399 -0.00228542 0)
(4.98842 -0.0136397 0)
(5.06916 -0.0163192 0)
(5.13445 -0.00901649 0)
(5.19316 0.00750354 0)
(5.25554 0.0317513 0)
(5.33107 0.061112 0)
(5.42701 0.0925181 0)
(5.54686 0.122361 0)
(5.68902 0.145621 0)
(5.84761 0.163923 0)
(6.00661 0.160967 0)
(6.13677 0.13114 0)
(6.19131 0.0588901 0)
(6.0847 -0.0829243 0)
(5.70411 -0.353642 0)
(4.68968 -0.862639 0)
(2.98602 -1.85728 0)
(-1.72247 -4.10065 0)
(-4.45795 -8.67422 0)
(-2.00467 -0.274205 0)
(-2.55706 -0.349937 0)
(-3.1264 -0.0695546 0)
(-3.86058 1.36492 0)
(-8.30903 4.04977 0)
(-13.2139 6.75166 0)
(-21.7224 9.78933 0)
(-33.6983 12.5797 0)
(-50.4774 11.0058 0)
(-66.0249 9.15941 0)
(-76.501 6.08009 0)
(-85.141 4.87006 0)
(-93.8791 4.09663 0)
(-103.255 3.00299 0)
(-118.872 -0.589485 0)
(-123.316 -3.8515 0)
(-110.044 -12.7211 0)
(-86.3743 -17.2352 0)
(-46.3764 -23.1101 0)
(1.30253 -33.7998 0)
(52.4863 -32.8513 0)
(106.176 -27.391 0)
(154.507 -22.477 0)
(183.978 -3.96402 0)
(180.823 6.19519 0)
(168.546 14.1039 0)
(138.32 20.6853 0)
(96.6338 24.4575 0)
(54.1518 25.8995 0)
(13.4787 24.1081 0)
(-24.7623 18.8333 0)
(-53.1529 11.9146 0)
(-69.916 5.22899 0)
(-75.7922 -0.360394 0)
(-71.911 -4.19569 0)
(-62.6484 -6.71395 0)
(-49.208 -8.02226 0)
(-33.719 -8.29069 0)
(-17.8095 -7.84625 0)
(-3.45038 -7.26579 0)
(8.42828 -5.90095 0)
(17.7562 -4.19504 0)
(23.8157 -2.33187 0)
(26.4313 -0.386087 0)
(25.3791 1.55108 0)
(20.6589 3.36523 0)
(12.7292 4.93593 0)
(2.37659 5.83351 0)
(-8.83101 6.27123 0)
(-19.8699 5.86446 0)
(-29.839 4.69817 0)
(-37.4654 3.06865 0)
(-41.5457 1.13942 0)
(-41.7698 -0.886356 0)
(-38.5297 -2.97136 0)
(-31.588 -4.47945 0)
(-21.9831 -5.52437 0)
(-11.1915 -6.06506 0)
(0.810492 -5.71795 0)
(11.3928 -5.30767 0)
(18.8622 -3.69869 0)
(23.7189 -1.77793 0)
(25.4958 -0.0129889 0)
(24.2285 1.4717 0)
(20.6729 2.40526 0)
(15.9588 2.71411 0)
(11.0359 2.75438 0)
(6.48518 2.32192 0)
(2.77912 1.68001 0)
(0.245048 0.98517 0)
(-1.03249 0.314502 0)
(-1.12363 -0.270576 0)
(-0.249311 -0.686525 0)
(1.23113 -0.955089 0)
(2.97992 -1.0336 0)
(4.77796 -0.93824 0)
(6.26734 -0.686267 0)
(7.19996 -0.330111 0)
(7.43618 0.0650079 0)
(6.97633 0.417299 0)
(5.97756 0.649518 0)
(4.67979 0.738304 0)
(3.3369 0.77861 0)
(2.08941 0.674511 0)
(1.00327 0.537116 0)
(0.104136 0.434055 0)
(-7.78908 2.79467 0)
(-12.325 3.83342 0)
(-18.7714 5.23821 0)
(-27.4275 7.15411 0)
(-38.1455 9.15728 0)
(-50.7633 11.0196 0)
(-64.0107 12.9352 0)
(-76.0018 14.1446 0)
(-78.7584 14.6007 0)
(-78.1949 11.9821 0)
(-76.3747 7.54614 0)
(-77.1114 7.68527 0)
(-78.8745 15.4211 0)
(-81.0427 20.3387 0)
(-79.7381 12.5034 0)
(-80.0544 -2.1094 0)
(-78.6556 -30.6126 0)
(-71.6238 -56.9516 0)
(-49.9617 -69.5654 0)
(-1.03713 -78.7173 0)
(61.6594 -77.8446 0)
(114.029 -67.9415 0)
(160.813 -46.7889 0)
(182.207 -23.6592 0)
(180.341 3.88046 0)
(160.976 32.6422 0)
(131.247 56.3316 0)
(87.711 71.4824 0)
(39.2641 75.892 0)
(-2.0808 66.5769 0)
(-39.7105 50.6851 0)
(-62.6476 32.5111 0)
(-75.9469 14.6714 0)
(-78.9874 -0.957409 0)
(-74.0586 -11.7586 0)
(-63.185 -19.2483 0)
(-48.1296 -23.0735 0)
(-31.592 -24.0738 0)
(-15.3535 -22.6879 0)
(-0.324668 -20.3669 0)
(11.8768 -16.4782 0)
(20.8289 -11.7777 0)
(26.4359 -6.68261 0)
(28.317 -0.98436 0)
(26.2693 4.66753 0)
(20.6515 9.98298 0)
(10.9369 14.3181 0)
(1.07086 17.2495 0)
(-12.1351 17.4396 0)
(-22.7898 16.5704 0)
(-32.3935 13.4008 0)
(-39.1525 8.64175 0)
(-42.5552 3.27539 0)
(-42.6293 -2.1897 0)
(-38.6547 -8.26402 0)
(-30.97 -12.6922 0)
(-20.9352 -15.8672 0)
(-8.99957 -17.2475 0)
(3.49442 -16.5737 0)
(14.1147 -14.6016 0)
(21.8749 -10.5253 0)
(26.4134 -5.33979 0)
(27.439 -0.199638 0)
(24.7118 4.11048 0)
(20.774 6.77144 0)
(15.3842 7.50707 0)
(10.0552 7.53823 0)
(5.5016 6.35826 0)
(2.05099 4.67611 0)
(-0.229093 2.85105 0)
(-1.39311 1.05129 0)
(-1.49037 -0.566271 0)
(-0.678513 -1.8128 0)
(0.798634 -2.56188 0)
(2.75711 -2.85205 0)
(4.6863 -2.60245 0)
(6.20421 -1.91377 0)
(7.08771 -0.924978 0)
(7.21266 0.193148 0)
(6.57363 1.21171 0)
(5.34505 1.89245 0)
(3.84364 2.03772 0)
(2.45344 2.05975 0)
(1.22686 1.76226 0)
(0.289594 1.41034 0)
(-0.434721 1.16959 0)
(1.55328 5.44053 0)
(0.102502 7.88468 0)
(-2.34665 11.213 0)
(-6.11545 15.335 0)
(-11.3783 19.8836 0)
(-18.3055 24.3167 0)
(-26.7828 27.7522 0)
(-35.7339 28.832 0)
(-44.3849 26.4212 0)
(-53.7894 19.6481 0)
(-61.9473 11.3001 0)
(-67.7217 3.98094 0)
(-66.2058 -1.47381 0)
(-53.1098 -7.42419 0)
(-25.1248 -9.39669 0)
(18.1903 -0.569504 0)
(41.4397 -0.415151 0)
(24.465 -30.7064 0)
(11.1396 -78.4643 0)
(4.81626 -144.715 0)
(33.1103 -140.98 0)
(82.2696 -115.98 0)
(125.803 -77.7499 0)
(150.43 -39.9546 0)
(153.347 9.96933 0)
(139.376 59.0462 0)
(105.663 96.3987 0)
(65.646 118.128 0)
(23.4913 122.522 0)
(-15.7683 103.079 0)
(-46.1708 76.9726 0)
(-66.3899 47.6722 0)
(-76.2025 20.0894 0)
(-75.6435 -3.22048 0)
(-68.2943 -21.7232 0)
(-56.9871 -33.9862 0)
(-42.0378 -40.0882 0)
(-26.0711 -40.6849 0)
(-11.1172 -37.2786 0)
(2.57498 -32.3861 0)
(13.8198 -25.7813 0)
(21.6979 -18.0087 0)
(26.8347 -9.57794 0)
(28.6394 -0.574033 0)
(26.6959 8.78986 0)
(21.2937 17.5097 0)
(12.615 24.5885 0)
(0.860384 29.1444 0)
(-10.9038 29.9046 0)
(-21.2407 26.7266 0)
(-30.7642 20.5688 0)
(-37.5654 12.6833 0)
(-41.3447 4.06464 0)
(-42.9104 -4.80166 0)
(-39.714 -13.6132 0)
(-31.9298 -21.1588 0)
(-22.213 -26.5044 0)
(-10.6345 -28.4213 0)
(1.38042 -27.794 0)
(12.3163 -23.6058 0)
(20.9356 -16.5371 0)
(26.0052 -8.1521 0)
(27.1747 0.630635 0)
(24.9064 7.86423 0)
(19.7777 12.1855 0)
(14.7723 13.4931 0)
(10.1961 12.4995 0)
(5.53793 10.1917 0)
(2.09597 7.42151 0)
(-0.29903 4.57054 0)
(-1.69001 1.70323 0)
(-2.00147 -0.892639 0)
(-1.31558 -2.94605 0)
(0.0244911 -4.34299 0)
(1.75847 -4.74693 0)
(3.68321 -4.31044 0)
(5.31505 -3.13876 0)
(6.39491 -1.48595 0)
(6.70133 0.427237 0)
(6.16009 2.18717 0)
(4.90324 3.368 0)
(3.66965 3.78105 0)
(2.56783 3.3147 0)
(1.46941 2.67397 0)
(0.760644 2.06411 0)
(0.268764 1.70414 0)
(8.5651 5.41329 0)
(9.70484 8.38538 0)
(10.4774 12.4912 0)
(10.4787 17.6812 0)
(9.31687 23.7647 0)
(6.61123 29.7501 0)
(2.42581 33.9409 0)
(-3.28071 35.5376 0)
(-11.125 34.3608 0)
(-20.5157 29.2981 0)
(-31.4752 20.634 0)
(-41.3412 11.4096 0)
(-48.5808 1.89308 0)
(-52.6118 -11.2136 0)
(-52.7763 -29.9644 0)
(-47.5411 -50.5785 0)
(-22.4405 -61.4385 0)
(33.1816 -57.6505 0)
(97.8286 -62.8492 0)
(90.2559 -95.3062 0)
(66.5133 -141.53 0)
(58.1033 -153.845 0)
(73.1881 -118.187 0)
(93.0255 -58.3914 0)
(99.2291 10.0333 0)
(95.519 78.4712 0)
(80.3409 133.029 0)
(54.4723 160.892 0)
(16.0484 163.544 0)
(-24.6367 140.128 0)
(-49.2741 101.54 0)
(-66.4713 59.0431 0)
(-74.465 22.0779 0)
(-71.0807 -12.2567 0)
(-61.5539 -34.0342 0)
(-45.7528 -46.062 0)
(-29.4504 -52.2199 0)
(-15.7354 -55.165 0)
(-3.88691 -53.2033 0)
(5.89861 -45.6144 0)
(13.9128 -35.6052 0)
(19.5122 -24.104 0)
(23.0485 -12.2725 0)
(24.4414 -0.488561 0)
(23.1289 12.5787 0)
(18.6581 24.5054 0)
(11.2668 34.44 0)
(1.88165 41.1391 0)
(-8.96278 42.8162 0)
(-17.1039 37.1912 0)
(-22.9243 28.1008 0)
(-27.0716 17.438 0)
(-30.7028 5.74663 0)
(-34.0808 -7.50344 0)
(-35.3254 -19.8821 0)
(-32.5427 -29.4186 0)
(-25.1025 -35.966 0)
(-15.3198 -40.6194 0)
(-4.60675 -39.8228 0)
(6.34747 -33.8319 0)
(15.6048 -23.6536 0)
(21.6809 -11.4554 0)
(24.6525 0.737116 0)
(23.722 11.995 0)
(19.7431 18.3982 0)
(14.8175 20.381 0)
(10.2939 17.5205 0)
(6.26639 13.9286 0)
(2.86252 9.95137 0)
(0.21347 6.29872 0)
(-1.77736 2.72923 0)
(-2.74721 -1.08626 0)
(-2.73619 -4.02539 0)
(-1.69812 -5.72033 0)
(-0.00971326 -6.52789 0)
(1.8948 -6.03202 0)
(3.83075 -4.42826 0)
(5.36819 -2.21079 0)
(6.19152 0.532706 0)
(6.04604 3.11832 0)
(5.0838 4.72732 0)
(3.57413 5.05578 0)
(2.33563 4.31753 0)
(1.74099 3.29399 0)
(1.40716 2.37019 0)
(1.2111 1.92382 0)
(13.1655 2.99574 0)
(16.4406 6.13723 0)
(19.5005 10.9861 0)
(22.3452 16.8405 0)
(24.4681 23.7312 0)
(25.3041 31.1545 0)
(23.9215 37.695 0)
(16.4127 41.8901 0)
(7.94456 43.2635 0)
(-2.0546 41.0114 0)
(-18.9707 34.5542 0)
(-36.2083 24.2677 0)
(-51.0118 10.3936 0)
(-61.8723 -6.67114 0)
(-69.3962 -25.1386 0)
(-75.0554 -44.9782 0)
(-80.6636 -72.6136 0)
(-79.8517 -103.736 0)
(-57.1558 -121.954 0)
(-12.0101 -126.537 0)
(32.3813 -133.738 0)
(40.1807 -137.244 0)
(27.2901 -117.115 0)
(23.3386 -70.6357 0)
(27.7747 -3.96035 0)
(34.775 70.1069 0)
(40.9459 143.258 0)
(41.0908 194.012 0)
(30.2713 196.52 0)
(6.12374 170.289 0)
(-13.0611 126.411 0)
(-30.7096 72.8278 0)
(-42.1328 24.8494 0)
(-48.1801 -14.3178 0)
(-51.8242 -52.683 0)
(-45.4419 -72.4333 0)
(-29.2465 -75.8255 0)
(-10.1349 -68.724 0)
(5.19587 -59.709 0)
(12.5417 -48.5259 0)
(14.4347 -37.1384 0)
(13.721 -26.04 0)
(12.1821 -14.6127 0)
(11.2613 -2.02893 0)
(9.19463 13.3208 0)
(4.272 27.9947 0)
(-1.16985 40.4805 0)
(-6.25191 49.9395 0)
(-11.3574 51.257 0)
(-11.3663 42.788 0)
(-5.70313 32.3779 0)
(0.587228 23.0967 0)
(3.61893 14.2015 0)
(1.58755 4.37602 0)
(-5.10537 -14.8059 0)
(-16.316 -35.3387 0)
(-25.1786 -51.1504 0)
(-26.3822 -56.2549 0)
(-18.9625 -51.5475 0)
(-9.57123 -42.8572 0)
(-0.476516 -30.4406 0)
(7.77008 -18.196 0)
(15.2256 1.40136 0)
(20.8249 15.0123 0)
(21.7971 22.2598 0)
(18.6374 23.6211 0)
(14.0678 21.4662 0)
(10.4632 17.5047 0)
(6.63292 13.7207 0)
(2.25027 9.56213 0)
(-1.95561 4.11903 0)
(-4.76198 0.364104 0)
(-5.23507 -2.74842 0)
(-4.83412 -6.84138 0)
(-3.68252 -9.15053 0)
(-1.66595 -9.23891 0)
(0.569108 -7.52192 0)
(3.02288 -4.46854 0)
(4.65766 -0.859048 0)
(5.33614 2.9929 0)
(4.9075 6.14031 0)
(3.97993 6.96895 0)
(3.56767 5.79916 0)
(3.69023 4.28262 0)
(3.58213 2.85762 0)
(15.1084 -0.453538 0)
(18.4614 1.09165 0)
(27.6305 5.34936 0)
(33.589 12.6102 0)
(37.2817 21.9494 0)
(38.7529 32.1421 0)
(37.1846 42.1876 0)
(31.8799 50.3912 0)
(22.7264 54.8989 0)
(10.7556 56.4175 0)
(-7.33163 52.7218 0)
(-28.8317 43.4098 0)
(-51.5751 29.3721 0)
(-73.4734 9.05142 0)
(-96.095 -15.4071 0)
(-107.467 -36.1652 0)
(-122.472 -64.1895 0)
(-136.258 -96.7665 0)
(-146.161 -128.93 0)
(-148.327 -160.185 0)
(-130.475 -175.84 0)
(-100.179 -160.672 0)
(-83.3122 -125.431 0)
(-66.221 -62.4711 0)
(-58.7144 -32.2304 0)
(-35.9051 50.2184 0)
(-4.46348 122.784 0)
(25.4906 171.881 0)
(60.9027 197.488 0)
(89.7775 185.089 0)
(92.6972 142.817 0)
(85.4382 92.9881 0)
(72.5433 43.0841 0)
(55.0267 0.0750517 0)
(35.6279 -29.8764 0)
(11.8245 -67.1044 0)
(-9.48657 -84.7932 0)
(-22.1964 -87.054 0)
(-21.3727 -76.0368 0)
(-12.4215 -61.1627 0)
(-4.87001 -44.5971 0)
(-0.671385 -24.9264 0)
(-3.2344 -10.5595 0)
(-5.41074 0.0481728 0)
(-10.7375 21.9236 0)
(-18.7156 35.9518 0)
(-27.5177 47.3386 0)
(-36.9881 54.2135 0)
(-39.6748 47.0798 0)
(-36.1636 30.7737 0)
(-26.4212 14.0248 0)
(-14.7675 2.30008 0)
(-2.95227 -1.46823 0)
(14.2705 -4.84568 0)
(31.1932 -2.78211 0)
(38.0681 0.289488 0)
(28.9975 -8.97532 0)
(6.38648 -35.3587 0)
(-14.7605 -58.3265 0)
(-23.6411 -61.9149 0)
(-20.0142 -49.8906 0)
(-10.9665 -32.7324 0)
(-0.627632 -22.8287 0)
(16.142 6.36572 0)
(31.3117 25.4349 0)
(38.402 30.8767 0)
(37.0542 29.0248 0)
(30.8631 24.6768 0)
(21.6208 18.7619 0)
(10.2539 15.8198 0)
(0.553446 12.3666 0)
(-11.5531 0.112057 0)
(-20.6426 -8.51993 0)
(-22.2243 -10.5796 0)
(-18.4606 -10.6687 0)
(-12.648 -10.3677 0)
(-8.03891 -8.05852 0)
(-4.33007 -6.57796 0)
(-1.44073 -0.651369 0)
(2.19193 4.75792 0)
(5.66064 7.38763 0)
(6.62461 6.04267 0)
(7.03277 3.99832 0)
(8.45144 2.7024 0)
(10.152 1.84739 0)
(17.6053 -4.77978 0)
(24.1151 -4.67374 0)
(30.8301 -2.09511 0)
(40.1089 5.37027 0)
(47.1997 16.8193 0)
(50.4541 30.268 0)
(49.4471 44.0661 0)
(43.7621 56.3969 0)
(33.1813 65.3507 0)
(18.9182 71.2425 0)
(0.584688 73.8236 0)
(-23.104 68.7133 0)
(-49.1245 54.3631 0)
(-76.0779 33.0282 0)
(-103.189 10.536 0)
(-133.711 -12.8753 0)
(-159.091 -45.5232 0)
(-179.871 -79.8274 0)
(-197.378 -114.168 0)
(-211.094 -150.59 0)
(-221.532 -188.841 0)
(-206.818 -188.976 0)
(-175.751 -144.668 0)
(-143.612 -83.8486 0)
(-103.879 -49.6469 0)
(-75.0278 -7.02442 0)
(-15.1191 77.2049 0)
(50.8814 126.829 0)
(110.862 153.421 0)
(158.857 155.458 0)
(194.938 135.761 0)
(206.884 101.554 0)
(197.36 63.2791 0)
(173.878 26.099 0)
(144.202 -6.17283 0)
(109.167 -29.989 0)
(72.6971 -46.6387 0)
(39.564 -61.5038 0)
(8.79401 -69.3022 0)
(-12.3147 -63.1099 0)
(-21.7261 -46.6149 0)
(-23.1416 -27.5657 0)
(-23.191 -11.4222 0)
(-20.2621 -3.74647 0)
(-18.2014 22.4321 0)
(-15.7311 41.1086 0)
(-16.5274 54.7861 0)
(-20.4059 62.0672 0)
(-19.6072 50.4823 0)
(-21.001 34.4367 0)
(-29.5511 19.2827 0)
(-45.1257 8.93241 0)
(-65.4292 4.36179 0)
(-86.1353 -19.7063 0)
(-101.093 -34.9017 0)
(-105.258 -44.4878 0)
(-89.0416 -38.8271 0)
(-50.987 -31.7314 0)
(-16.262 -28.3008 0)
(-2.71286 -33.2771 0)
(4.51086 -37.8591 0)
(10.7759 -34.2074 0)
(17.5235 -26.2824 0)
(27.6193 -14.2196 0)
(45.2281 -0.375197 0)
(63.5292 13.5901 0)
(75.0828 25.6571 0)
(74.512 32.4478 0)
(65.3629 35.1636 0)
(49.706 33.5676 0)
(30.2607 27.1174 0)
(10.0383 22.9301 0)
(-12.19 15.6803 0)
(-34.9029 -6.29886 0)
(-50.0328 -19.9173 0)
(-51.6911 -21.7335 0)
(-45.7635 -17.3484 0)
(-35.209 -12.9111 0)
(-22.8454 -11.2806 0)
(-12.0227 -6.92131 0)
(2.09902 1.27074 0)
(15.2203 4.30357 0)
(23.9953 4.27661 0)
(27.4451 3.63734 0)
(27.5419 2.70321 0)
(17.137 -12.4133 0)
(27.0636 -14.3174 0)
(39.8961 -10.9189 0)
(52.4497 -1.03984 0)
(61.984 13.3693 0)
(66.6232 31.0449 0)
(68.4421 49.9479 0)
(62.049 66.9762 0)
(51.2142 80.2717 0)
(33.8514 90.1322 0)
(11.9045 96.8515 0)
(-16.4842 94.2313 0)
(-48.252 82.4808 0)
(-82.6966 63.911 0)
(-115.054 41.1873 0)
(-148.662 14.326 0)
(-183.519 -18.1754 0)
(-215.212 -53.6089 0)
(-239.953 -94.6347 0)
(-252.985 -135.775 0)
(-261.438 -174.533 0)
(-267.302 -200.761 0)
(-240.735 -181.905 0)
(-186.584 -137.431 0)
(-131.185 -85.4308 0)
(-87.8378 -42.9251 0)
(-36.0477 2.2893 0)
(43.8173 49.0012 0)
(117.952 85.2264 0)
(177.423 100.882 0)
(224.213 98.5561 0)
(256.379 87.5207 0)
(263.635 69.55 0)
(254.775 49.5565 0)
(231.309 29.6517 0)
(197.679 9.72912 0)
(158.63 -8.06512 0)
(117.009 -20.7153 0)
(76.8032 -27.3906 0)
(42.0585 -31.9287 0)
(13.9289 -32.6116 0)
(-0.792259 -24.203 0)
(-1.45889 -14.6427 0)
(0.662541 -2.6038 0)
(7.89863 15.8633 0)
(18.1208 36.2841 0)
(22.8989 54.3329 0)
(29.0941 61.6901 0)
(47.4097 52.7252 0)
(39.7035 39.8478 0)
(21.0961 32.0233 0)
(-11.2776 29.4064 0)
(-49.0018 31.0041 0)
(-96.6987 26.9537 0)
(-142.616 14.6816 0)
(-184.553 -6.30499 0)
(-218.057 -42.0854 0)
(-237.403 -79.4709 0)
(-217.548 -93.0214 0)
(-154.137 -98.2835 0)
(-121.709 -72.1026 0)
(-71.0071 -49.8433 0)
(-19.6529 -43.8011 0)
(29.4772 -32.5602 0)
(65.9506 -12.0754 0)
(92.6211 8.79377 0)
(114.096 25.1461 0)
(128.239 37.1508 0)
(126.624 44.7193 0)
(113.822 50.6532 0)
(90.7302 52.4929 0)
(63.5291 45.0786 0)
(36.5026 33.828 0)
(13.0418 23.3375 0)
(-8.60503 9.99244 0)
(-31.7906 -16.4201 0)
(-41.0521 -26.8013 0)
(-35.0376 -27.8241 0)
(-21.9568 -24.5743 0)
(-8.01798 -20.4872 0)
(9.94229 -18.3376 0)
(27.1075 -12.7719 0)
(37.8949 -7.72225 0)
(44.1222 -3.82674 0)
(54.1198 0.579346 0)
(10.5448 -22.2588 0)
(23.5855 -32.3549 0)
(45.0178 -34.1755 0)
(69.2941 -21.815 0)
(88.6864 -0.521439 0)
(100.566 22.2589 0)
(104.401 46.8676 0)
(100.638 71.9935 0)
(89.3768 93.2194 0)
(70.3982 110.415 0)
(44.7882 123.297 0)
(14.3272 129.816 0)
(-21.0389 123.292 0)
(-58.0546 107.715 0)
(-97.0037 88.7736 0)
(-143.495 61.7772 0)
(-189.961 19.8939 0)
(-229.674 -26.72 0)
(-261.991 -74.8701 0)
(-321.464 -125.104 0)
(-334.643 -177.702 0)
(-333.409 -222.99 0)
(-295.31 -229.42 0)
(-233.845 -200.287 0)
(-162.352 -145.806 0)
(-84.687 -95.9189 0)
(-15.0079 -63.3403 0)
(22.4576 -32.2244 0)
(109.052 12.5375 0)
(181.319 44.8131 0)
(225.413 58.5452 0)
(262.628 63.8961 0)
(283.707 65.4661 0)
(281.363 60.6248 0)
(267.079 52.7865 0)
(242.048 42.7725 0)
(208.837 31.7735 0)
(170.258 20.9497 0)
(129.6 11.4091 0)
(91.2548 3.1397 0)
(60.6601 -4.94601 0)
(43.6166 -12.6939 0)
(41.0752 -15.831 0)
(48.5547 -8.14499 0)
(62.4981 8.41867 0)
(85.1562 25.4273 0)
(110.39 36.2864 0)
(139.305 38.4147 0)
(146.603 41.4397 0)
(115.877 54.3809 0)
(62.5536 72.5052 0)
(0.158025 86.5759 0)
(-53.4648 89.0994 0)
(-95.0723 77.5185 0)
(-149.71 56.5348 0)
(-178.539 29.725 0)
(-208.964 -3.09796 0)
(-243.409 -46.9715 0)
(-281.351 -94.5593 0)
(-307.64 -125.887 0)
(-295.561 -129.908 0)
(-254.627 -124.577 0)
(-184.493 -123.681 0)
(-125.01 -96.0079 0)
(-73.113 -65.0385 0)
(-4.4333 -45.3072 0)
(63.4706 -24.3958 0)
(116.328 16.609 0)
(153.252 51.0482 0)
(171.942 73.5329 0)
(168.401 81.8263 0)
(151.884 79.5141 0)
(125.661 67.3256 0)
(97.7906 46.3986 0)
(70.4629 25.7497 0)
(45.9817 9.49503 0)
(28.7034 -13.9768 0)
(14.3213 -31.871 0)
(14.4547 -39.5028 0)
(25.5235 -40.4201 0)
(41.6925 -35.4505 0)
(58.6896 -26.9343 0)
(73.2155 -17.9905 0)
(80.3031 -9.53906 0)
(76.6663 1.21401 0)
(-19.9374 -19.9847 0)
(-8.91421 -37.8154 0)
(27.4513 -45.3477 0)
(65.6788 -39.2455 0)
(102.145 -17.71 0)
(130.595 16.5345 0)
(142.059 51.0551 0)
(146.102 79.3956 0)
(143.344 108.982 0)
(136.101 132.672 0)
(127.263 147.662 0)
(120.255 152.522 0)
(110.045 143.992 0)
(88.1512 129.999 0)
(46.8697 118.204 0)
(-18.2534 104.265 0)
(-123.315 84.0372 0)
(-235.26 48.7357 0)
(-336.832 5.38936 0)
(-421.542 -56.5534 0)
(-482.932 -143.036 0)
(-508.766 -234.711 0)
(-464.272 -282.651 0)
(-381.367 -279.596 0)
(-270.341 -244.78 0)
(-150.625 -186.129 0)
(-55.6988 -119.679 0)
(7.18142 -77.4203 0)
(55.2873 -54.0079 0)
(143.99 -22.1378 0)
(192.887 7.22592 0)
(233.993 29.8432 0)
(261.867 48.1869 0)
(275.282 62.4052 0)
(270.92 68.1922 0)
(256.003 68.2462 0)
(230.811 64.781 0)
(197.169 59.0349 0)
(159.106 50.6577 0)
(123.685 37.7544 0)
(100.709 19.3274 0)
(95.3533 -1.57761 0)
(104.192 -18.2621 0)
(131.867 -26.6053 0)
(172.379 -26.9133 0)
(212.563 -16.028 0)
(232.46 3.31663 0)
(210.364 35.0811 0)
(156.533 82.9213 0)
(75.0396 125.65 0)
(17.1459 146.103 0)
(-37.4365 147.91 0)
(-92.5374 137.298 0)
(-121.378 118.079 0)
(-144.36 91.2474 0)
(-162.902 58.5299 0)
(-180.15 25.0587 0)
(-199.543 -9.22571 0)
(-225.341 -44.43 0)
(-258.299 -83.9284 0)
(-290.705 -128.08 0)
(-302.974 -165.325 0)
(-284.034 -174.21 0)
(-246.618 -156.946 0)
(-193.606 -132.603 0)
(-116.379 -120.769 0)
(-76.5329 -86.0029 0)
(-21.881 -54.9942 0)
(52.0865 -24.3106 0)
(122.041 27.374 0)
(167.649 70.6088 0)
(193.373 92.1904 0)
(196.194 90.64 0)
(186.368 78.1303 0)
(166.526 58.2071 0)
(142.373 32.7784 0)
(118.474 7.12892 0)
(98.5429 -16.2426 0)
(85.2787 -35.8709 0)
(79.5781 -47.3094 0)
(81.0573 -48.8488 0)
(86.4444 -41.3674 0)
(90.0571 -27.0305 0)
(87.9531 -8.76818 0)
(79.476 11.453 0)
)
;

boundaryField
{
    inlet
    {
        type            calculated;
        value           nonuniform List<vector> 0();
    }
    outlet
    {
        type            calculated;
        value           nonuniform List<vector> 0();
    }
    topWall
    {
        type            calculated;
        value           nonuniform List<vector> 0();
    }
    lowerWall
    {
        type            calculated;
        value           uniform (0 0 0);
    }
    leadingEdge
    {
        type            calculated;
        value           nonuniform List<vector> 0();
    }
    trailingEdge
    {
        type            calculated;
        value           uniform (0 0 0);
    }
    upperSurface
    {
        type            calculated;
        value           nonuniform List<vector> 0();
    }
    lowerSurface
    {
        type            calculated;
        value           uniform (0 0 0);
    }
    frontAndBack
    {
        type            empty;
    }
    procBoundary1to0
    {
        type            processor;
        value           nonuniform List<vector> 
11
(
(3.8606 -0.00617373 0)
(4.35931 0.110657 0)
(4.57815 -0.015394 0)
(4.5998 0.00620076 0)
(4.24429 -0.119662 0)
(3.98653 -0.249136 0)
(3.64038 -0.716015 0)
(3.64038 -0.716015 0)
(2.84883 -0.526738 0)
(5.48033 -1.15658 0)
(7.52547 -0.566727 0)
)
;
    }
    procBoundary1to2
    {
        type            processor;
        value           nonuniform List<vector> 
16
(
(56.9764 50.3468 0)
(49.4682 67.8724 0)
(40.9891 85.7419 0)
(30.5505 102.89 0)
(15.8135 118.855 0)
(-0.678314 0.388285 0)
(-1.07964 1.09704 0)
(-0.20357 1.65061 0)
(0.953141 2.09591 0)
(3.72029 2.28065 0)
(3.72029 2.28065 0)
(11.0683 2.30272 0)
(25.1778 1.56476 0)
(53.0262 6.48303 0)
(66.4064 15.6977 0)
(65.3975 32.5441 0)
)
;
    }
    procBoundary1to5
    {
        type            processor;
        value           nonuniform List<vector> 
86
(
(-4.87939 -145.058 0)
(-15.5643 -157.182 0)
(-27.2399 -170.409 0)
(-40.1757 -178.586 0)
(-55.0237 -171.817 0)
(-70.0764 -141.402 0)
(-79.5698 -87.0644 0)
(-87.3667 -4.90912 0)
(-111.629 103.002 0)
(-140.864 232.091 0)
(-148.114 330.769 0)
(-149.497 400.554 0)
(-131.066 422.452 0)
(-105.456 392.996 0)
(-77.9955 341.025 0)
(-38.1252 273.147 0)
(12.4722 203.471 0)
(73.1647 148.048 0)
(140.572 114.784 0)
(212.079 106.496 0)
(272.996 79.877 0)
(290.646 52.5987 0)
(252.668 -14.0923 0)
(183.128 -104.288 0)
(107.286 -231.041 0)
(-42.7218 -372.832 0)
(-129.417 -468.869 0)
(-177.818 -494.503 0)
(-192.664 -466.412 0)
(-184.236 -411.644 0)
(-160.792 -341.562 0)
(-127.646 -265.226 0)
(-89.3089 -191.221 0)
(-49.7888 -124.767 0)
(-12.3745 -66.2283 0)
(29.0889 -26.9027 0)
(69.478 -1.17764 0)
(122.898 3.9799 0)
(160.321 -13.408 0)
(179.365 -35.2844 0)
(178.615 -43.4832 0)
(164.182 -31.3056 0)
(132.978 14.4379 0)
(79.0798 93.8991 0)
(21.1071 187.407 0)
(-32.8985 277.89 0)
(-79.4764 349.255 0)
(-114.298 389.5 0)
(-131.158 387.113 0)
(-134.438 353.991 0)
(-126.415 298.733 0)
(-108.4 230.635 0)
(-83.3858 159.864 0)
(-54.8741 95.1325 0)
(-25.4353 46.4014 0)
(1.89927 14.252 0)
(39.6899 -23.3986 0)
(66.9071 -30.0396 0)
(76.8793 -23.292 0)
(75.2899 -13.9464 0)
(67.0055 -13.0599 0)
(49.7497 -26.2394 0)
(22.8129 -57.6315 0)
(-5.62765 -105.089 0)
(-33.3181 -159.387 0)
(-58.0216 -210.596 0)
(-76.7058 -249.216 0)
(-84.4367 -265.503 0)
(-80.2652 -258.186 0)
(-68.9464 -235.503 0)
(-52.7537 -201.599 0)
(-33.7773 -160.24 0)
(-14.3997 -115.56 0)
(2.93325 -71.8026 0)
(26.2793 -31.7681 0)
(47.5428 -0.819032 0)
(66.1961 22.1723 0)
(75.6294 32.9729 0)
(76.2753 36.8353 0)
(72.6112 37.4993 0)
(64.8057 40.0125 0)
(52.6504 48.0888 0)
(38.035 62.7823 0)
(23.3654 83.8788 0)
(23.3654 83.8788 0)
(-16.8518 121.285 0)
)
;
    }
    procBoundary1to6
    {
        type            processor;
        value           uniform (-4.22563 132.715 0);
    }
}


// ************************************************************************* //
