/*--------------------------------*- C++ -*----------------------------------*\
| =========                 |                                                 |
| \\      /  F ield         | OpenFOAM: The Open Source CFD Toolbox           |
|  \\    /   O peration     | Version:  2206                                  |
|   \\  /    A nd           | Website:  www.openfoam.com                      |
|    \\/     M anipulation  |                                                 |
\*---------------------------------------------------------------------------*/
FoamFile
{
    version     2.0;
    format      ascii;
    arch        "LSB;label=32;scalar=64";
    class       surfaceScalarField;
    location    "19.2999";
    object      ddtCorrDdt0(phi);
}
// * * * * * * * * * * * * * * * * * * * * * * * * * * * * * * * * * * * * * //

dimensions      [0 3 -2 0 0 0 0];

oriented        oriented;

internalField   nonuniform List<scalar> 
3590
(
1.62539e-05
-4.58544e-05
7.46095e-06
-4.76459e-05
5.64388e-05
-1.18545e-06
-4.7612e-05
5.62584e-05
-9.37786e-06
-4.56661e-05
5.38585e-05
-1.6846e-05
-4.19121e-05
4.93803e-05
-2.34247e-05
-3.64953e-05
4.3074e-05
-2.9066e-05
-2.96766e-05
3.5318e-05
-3.36742e-05
-2.19405e-05
2.65487e-05
-3.71599e-05
-1.37159e-05
1.72016e-05
-3.95995e-05
-5.26678e-06
7.70641e-06
-4.10956e-05
3.20388e-06
-1.70778e-06
-4.15844e-05
1.15296e-05
-1.10408e-05
-4.09927e-05
1.94148e-05
-2.00064e-05
-3.92921e-05
2.64159e-05
-2.81165e-05
-3.63062e-05
3.21087e-05
-3.50946e-05
-3.19301e-05
3.63419e-05
-4.07181e-05
-2.62966e-05
3.90302e-05
-4.46637e-05
-1.98136e-05
4.02584e-05
-4.67413e-05
-1.2824e-05
4.00214e-05
-4.70111e-05
-5.61014e-06
3.84453e-05
-4.56591e-05
1.57157e-06
3.5626e-05
-4.28077e-05
8.59172e-06
3.16343e-05
-3.86544e-05
1.54556e-05
2.6523e-05
-3.33869e-05
2.17921e-05
2.08573e-05
-2.71938e-05
2.71973e-05
1.48657e-05
-2.02708e-05
3.15051e-05
8.81365e-06
-1.31215e-05
3.46222e-05
2.94312e-06
-6.06018e-06
3.65015e-05
-2.65058e-06
7.71296e-07
3.7083e-05
-7.90472e-06
7.32321e-06
3.62909e-05
-1.27387e-05
1.35308e-05
3.41676e-05
-1.70969e-05
1.92202e-05
3.09038e-05
-2.09319e-05
2.41957e-05
2.67162e-05
-2.42889e-05
2.84766e-05
2.17727e-05
-2.70953e-05
3.20388e-05
1.62764e-05
-2.92206e-05
3.47169e-05
1.05022e-05
-3.04392e-05
3.62134e-05
4.7153e-06
-3.06426e-05
3.64295e-05
-8.8789e-07
-2.97326e-05
3.53358e-05
-6.13895e-06
-2.77294e-05
3.29805e-05
-1.0931e-05
-2.46937e-05
2.94858e-05
-1.52353e-05
-2.07316e-05
2.50359e-05
-1.89498e-05
-1.61355e-05
1.985e-05
-2.19583e-05
-1.11419e-05
1.41504e-05
-2.42798e-05
-5.91746e-06
8.239e-06
-2.59873e-05
-6.44283e-07
2.35173e-06
-2.70911e-05
4.58134e-06
-3.47755e-06
-2.75026e-05
9.65017e-06
-9.23867e-06
-2.71832e-05
1.43714e-05
-1.46907e-05
-2.60307e-05
1.84027e-05
-1.95552e-05
-2.39335e-05
2.16168e-05
-2.37141e-05
-2.09003e-05
2.38957e-05
-2.69289e-05
-1.71058e-05
2.52776e-05
-2.90721e-05
-1.28174e-05
2.57226e-05
-3.0011e-05
-8.23531e-06
2.52685e-05
-2.98506e-05
-3.56955e-06
2.39815e-05
-2.86473e-05
1.01902e-06
2.19269e-05
-2.65155e-05
5.50673e-06
1.91049e-05
-2.35926e-05
9.89366e-06
1.56261e-05
-2.0013e-05
1.39129e-05
1.18514e-05
-1.58706e-05
1.73593e-05
7.85869e-06
-1.1305e-05
2.01686e-05
3.87442e-06
-6.68373e-06
2.22547e-05
2.59327e-08
-2.11208e-06
2.35755e-05
-3.63228e-06
2.31151e-06
2.40615e-05
-7.0443e-06
6.55831e-06
2.36399e-05
-1.0117e-05
1.05385e-05
2.23161e-05
-1.27914e-05
1.41152e-05
2.0193e-05
-1.50273e-05
1.71504e-05
1.74195e-05
-1.68698e-05
1.96433e-05
1.41386e-05
-1.82633e-05
2.15443e-05
1.0553e-05
-1.91155e-05
2.27011e-05
6.8339e-06
-1.93658e-05
2.30849e-05
3.14206e-06
-1.89713e-05
2.26632e-05
-4.00412e-07
-1.79192e-05
2.14617e-05
-3.71345e-06
-1.62358e-05
1.95488e-05
-6.78921e-06
-1.39477e-05
1.70235e-05
-9.57437e-06
-1.12198e-05
1.40049e-05
-1.19577e-05
-8.21517e-06
1.05986e-05
-1.39141e-05
-5.01653e-06
6.97288e-06
-1.54773e-05
-1.7709e-06
3.33411e-06
-1.6661e-05
1.44636e-06
-2.62701e-07
-1.74349e-05
4.58492e-06
-3.81096e-06
-1.77475e-05
7.57516e-06
-7.26256e-06
-1.7541e-05
1.02508e-05
-1.04573e-05
-1.67424e-05
1.24733e-05
-1.32719e-05
-1.53054e-05
1.41772e-05
-1.56142e-05
-1.32829e-05
1.53206e-05
-1.7343e-05
-1.0829e-05
1.59202e-05
-1.83742e-05
-8.08638e-06
1.59507e-05
-1.86933e-05
-5.1894e-06
1.54461e-05
-1.83431e-05
-2.27341e-06
1.44538e-05
-1.73698e-05
5.62516e-07
1.30165e-05
-1.58525e-05
3.3478e-06
1.10971e-05
-1.38824e-05
6.06966e-06
8.83424e-06
-1.15561e-05
8.55898e-06
6.42195e-06
-8.91127e-06
1.07209e-05
3.88821e-06
-6.05014e-06
1.25171e-05
1.39108e-06
-3.18728e-06
1.38881e-05
-1.00189e-06
-3.69129e-07
1.47992e-05
-3.2658e-06
2.35476e-06
1.51856e-05
-5.35111e-06
4.9647e-06
1.49951e-05
-7.18602e-06
7.37654e-06
1.42218e-05
-8.72914e-06
9.50239e-06
1.29221e-05
-9.95262e-06
1.12524e-05
1.11964e-05
-1.08952e-05
1.26209e-05
9.16189e-06
-1.15113e-05
1.35457e-05
6.94211e-06
-1.17617e-05
1.39815e-05
4.65077e-06
-1.16363e-05
1.39276e-05
2.3857e-06
-1.11291e-05
1.33942e-05
2.21963e-07
-1.02508e-05
1.24146e-05
-1.82468e-06
-8.99522e-06
1.10419e-05
-3.75727e-06
-7.41469e-06
9.34728e-06
-5.50539e-06
-5.64273e-06
7.39085e-06
-7.0091e-06
-3.72617e-06
5.22988e-06
-8.27296e-06
-1.74402e-06
3.00788e-06
-9.29402e-06
2.292e-07
7.91858e-07
-1.00656e-05
2.15212e-06
-1.38057e-06
-1.05583e-05
4.0032e-06
-3.51041e-06
-1.07299e-05
5.72272e-06
-5.55115e-06
-1.05253e-05
7.2049e-06
-7.40947e-06
-9.89773e-06
8.40711e-06
-9.03472e-06
-8.84659e-06
9.28208e-06
-1.03332e-05
-7.41822e-06
9.84481e-06
-1.12732e-05
-5.70973e-06
1.00577e-05
-1.17662e-05
-3.88358e-06
9.97698e-06
-1.18031e-05
-1.9145e-06
9.81258e-06
-1.17816e-05
8.40558e-06
-1.05006e-05
1.61727e-05
-3.69527e-05
7.05868e-06
-3.85319e-05
-2.02038e-06
-3.8533e-05
-1.08948e-05
-3.67917e-05
-1.92743e-05
-3.35326e-05
-2.68596e-05
-2.891e-05
-3.34352e-05
-2.3101e-05
-3.89145e-05
-1.64612e-05
-4.32871e-05
-9.34333e-06
-4.6532e-05
-2.02186e-06
-4.86051e-05
5.27698e-06
-4.93304e-05
1.22549e-05
-4.83751e-05
1.84595e-05
-4.55256e-05
2.35664e-05
-4.08705e-05
2.74536e-05
-3.46994e-05
3.01708e-05
-2.73762e-05
3.1707e-05
-1.92542e-05
3.21363e-05
-1.07336e-05
3.15008e-05
-2.03431e-06
2.9746e-05
6.81465e-06
2.6777e-05
1.53824e-05
2.30665e-05
2.31521e-05
1.87534e-05
2.97876e-05
1.42217e-05
3.49991e-05
9.65419e-06
3.86589e-05
5.15391e-06
4.08001e-05
8.01849e-07
4.1433e-05
-3.28343e-06
4.06085e-05
-7.08022e-06
3.85157e-05
-1.06459e-05
3.53633e-05
-1.39445e-05
3.13304e-05
-1.6899e-05
2.65315e-05
-1.949e-05
2.11132e-05
-2.1677e-05
1.52895e-05
-2.33969e-05
9.2003e-06
-2.435e-05
3.10251e-06
-2.45448e-05
-2.94091e-06
-2.36892e-05
-8.80433e-06
-2.1866e-05
-1.42636e-05
-1.92345e-05
-1.91517e-05
-1.58435e-05
-2.33822e-05
-1.1905e-05
-2.69108e-05
-7.61325e-06
-2.96954e-05
-3.13289e-06
-3.17211e-05
1.3815e-06
-3.29133e-05
5.77355e-06
-3.30595e-05
9.79636e-06
-3.19453e-05
1.32571e-05
-2.95677e-05
1.60251e-05
-2.60876e-05
1.81368e-05
-2.17284e-05
1.95365e-05
-1.67056e-05
2.02548e-05
-1.12866e-05
2.03036e-05
-5.68349e-06
1.96654e-05
4.30175e-08
1.8255e-05
5.821e-06
1.61489e-05
1.1312e-05
1.36139e-05
1.62346e-05
1.07035e-05
2.04156e-05
7.67036e-06
2.36662e-05
4.60815e-06
2.59386e-05
1.60202e-06
2.7235e-05
-1.27052e-06
2.75278e-05
-3.92506e-06
2.68287e-05
-6.34514e-06
2.52584e-05
-8.54668e-06
2.29646e-05
-1.04976e-05
2.00863e-05
-1.2149e-05
1.67202e-05
-1.35037e-05
1.29966e-05
-1.45397e-05
9.06566e-06
-1.51845e-05
5.06137e-06
-1.53616e-05
1.05127e-06
-1.49612e-05
-2.93351e-06
-1.39344e-05
-6.7521e-06
-1.24172e-05
-1.02673e-05
-1.04325e-05
-1.33981e-05
-8.08898e-06
-1.60966e-05
-5.51671e-06
-1.83008e-05
-2.81232e-06
-1.99963e-05
-7.54197e-08
-2.11615e-05
2.61161e-06
-2.16872e-05
5.11059e-06
-2.14309e-05
7.3188e-06
-2.03438e-05
9.16376e-06
-1.85012e-05
1.06307e-05
-1.60248e-05
1.17008e-05
-1.30643e-05
1.23601e-05
-9.76137e-06
1.26173e-05
-6.28358e-06
1.24729e-05
-2.72255e-06
1.18851e-05
9.36353e-07
1.07949e-05
4.56885e-06
9.38405e-06
7.96985e-06
7.69613e-06
1.09969e-05
5.80724e-06
1.35592e-05
3.85958e-06
1.55395e-05
1.90799e-06
1.69187e-05
1.18745e-08
1.76803e-05
-1.76356e-06
1.77886e-05
-3.37408e-06
1.72508e-05
-4.81326e-06
1.61475e-05
-6.08275e-06
1.45757e-05
-7.15739e-06
1.26368e-05
-8.01368e-06
1.04044e-05
-8.66276e-06
7.98107e-06
-9.08796e-06
5.46254e-06
-9.24318e-06
2.90974e-06
-9.08346e-06
3.27456e-07
-8.54685e-06
-2.22716e-06
-7.69623e-06
-4.64783e-06
-6.57454e-06
-6.85881e-06
-5.20371e-06
-8.81879e-06
-3.68276e-06
-1.04729e-05
-2.07205e-06
-1.17856e-05
-4.31311e-07
-1.27463e-05
1.18992e-06
-1.33097e-05
2.71545e-06
-1.33926e-05
4.08617e-06
-1.29364e-05
5.26645e-06
-1.1965e-05
6.23353e-06
-1.05515e-05
6.99367e-06
-8.77888e-06
7.50942e-06
-6.73092e-06
7.79684e-06
-4.53465e-06
7.86142e-06
-2.22957e-06
7.6719e-06
3.35678e-07
7.24733e-06
5.8888e-06
1.35634e-05
-2.81699e-05
4.35368e-06
-2.93223e-05
-5.13019e-06
-2.90491e-05
-1.45006e-05
-2.74213e-05
-2.33904e-05
-2.46428e-05
-3.14816e-05
-2.08188e-05
-3.84722e-05
-1.61104e-05
-4.4183e-05
-1.07504e-05
-4.85201e-05
-5.00622e-06
-5.13434e-05
8.01439e-07
-5.23285e-05
6.26212e-06
-5.11741e-05
1.11004e-05
-4.79183e-05
1.52037e-05
-4.28359e-05
1.8484e-05
-3.62495e-05
2.08672e-05
-2.85187e-05
2.244e-05
-2.0099e-05
2.32873e-05
-1.12992e-05
2.33366e-05
-2.2878e-06
2.24894e-05
6.72711e-06
2.07311e-05
1.52176e-05
1.82865e-05
2.27757e-05
1.55085e-05
2.89971e-05
1.25319e-05
3.37578e-05
9.46108e-06
3.70634e-05
6.34857e-06
3.89781e-05
3.23915e-06
3.95501e-05
2.29893e-07
3.89182e-05
-2.65149e-06
3.72796e-05
-5.44164e-06
3.4734e-05
-8.10034e-06
3.13626e-05
-1.05731e-05
2.72634e-05
-1.27998e-05
2.25192e-05
-1.47457e-05
1.72321e-05
-1.63899e-05
1.15084e-05
-1.76732e-05
5.55036e-06
-1.8392e-05
-6.56705e-07
-1.83377e-05
-6.89963e-06
-1.74463e-05
-1.29291e-05
-1.58366e-05
-1.85319e-05
-1.36316e-05
-2.34797e-05
-1.08957e-05
-2.76269e-05
-7.75782e-06
-3.08765e-05
-4.36361e-06
-3.31311e-05
-8.78358e-07
-3.42134e-05
2.46385e-06
-3.39356e-05
5.49571e-06
-3.23005e-05
8.16134e-06
-2.94605e-05
1.0417e-05
-2.56134e-05
1.2178e-05
-2.09469e-05
1.34703e-05
-1.57355e-05
1.43252e-05
-1.02163e-05
1.47356e-05
-4.51175e-06
1.4599e-05
1.33145e-06
1.38222e-05
7.01953e-06
1.25669e-05
1.22643e-05
1.09041e-05
1.68354e-05
9.04276e-06
2.05098e-05
7.0291e-06
2.32437e-05
4.93649e-06
2.50461e-05
2.80572e-06
2.5936e-05
7.12172e-07
2.59384e-05
-1.27293e-06
2.51596e-05
-3.14629e-06
2.37181e-05
-4.90361e-06
2.16813e-05
-6.50989e-06
1.91155e-05
-7.93179e-06
1.61057e-05
-9.13922e-06
1.27294e-05
-1.01274e-05
9.07826e-06
-1.08886e-05
5.22918e-06
-1.13354e-05
1.22913e-06
-1.13615e-05
-2.86053e-06
-1.08716e-05
-6.8638e-06
-9.9311e-06
-1.06323e-05
-8.6487e-06
-1.40042e-05
-7.06065e-06
-1.68603e-05
-5.23278e-06
-1.91319e-05
-3.24515e-06
-2.0763e-05
-1.18126e-06
-2.16654e-05
8.26984e-07
-2.17261e-05
2.67231e-06
-2.09433e-05
4.32788e-06
-1.94074e-05
5.78287e-06
-1.72223e-05
6.97867e-06
-1.45029e-05
7.91129e-06
-1.1394e-05
8.59186e-06
-8.04636e-06
9.01251e-06
-4.55173e-06
9.12264e-06
-9.35239e-07
8.85638e-06
2.6852e-06
8.26465e-06
6.1225e-06
7.35757e-06
9.23959e-06
6.26696e-06
1.18903e-05
5.04543e-06
1.39652e-05
3.73236e-06
1.5452e-05
2.37273e-06
1.63522e-05
1.00786e-06
1.66592e-05
-2.95145e-07
1.64079e-05
-1.51232e-06
1.56814e-05
-2.64758e-06
1.45423e-05
-3.67411e-06
1.30351e-05
-4.57556e-06
1.12132e-05
-5.33547e-06
9.14409e-06
-5.94457e-06
6.88799e-06
-6.40667e-06
4.49976e-06
-6.69973e-06
2.01025e-06
-6.75366e-06
-5.62608e-07
-6.5106e-06
-3.1145e-06
-5.99496e-06
-5.54616e-06
-5.26457e-06
-7.75882e-06
-4.36187e-06
-9.64908e-06
-3.31345e-06
-1.11663e-05
-2.16557e-06
-1.22761e-05
-9.62221e-07
-1.29335e-05
2.26117e-07
-1.30745e-05
1.33086e-06
-1.26957e-05
2.33673e-06
-1.18512e-05
3.24164e-06
-1.05978e-05
4.01302e-06
-9.00269e-06
4.63846e-06
-7.13816e-06
5.12913e-06
-5.08991e-06
5.46118e-06
-2.91818e-06
5.62511e-06
-6.4516e-07
5.5884e-06
1.75438e-06
5.27236e-06
4.16363e-06
4.83808e-06
3.77211e-06
7.62765e-06
-2.02615e-05
-8.03063e-07
-2.08915e-05
-9.48402e-06
-2.03681e-05
-1.78954e-05
-1.90099e-05
-2.56826e-05
-1.68556e-05
-3.25243e-05
-1.39771e-05
-3.81222e-05
-1.05125e-05
-4.22176e-05
-6.65506e-06
-4.45644e-05
-2.65935e-06
-4.49514e-05
1.18843e-06
-4.34256e-05
4.73627e-06
-4.02351e-05
7.90994e-06
-3.56242e-05
1.05928e-05
-2.98784e-05
1.27382e-05
-2.33528e-05
1.43416e-05
-1.63636e-05
1.54507e-05
-9.16391e-06
1.60876e-05
-1.83932e-06
1.6012e-05
5.28239e-06
1.53677e-05
1.18988e-05
1.41147e-05
1.76104e-05
1.25749e-05
2.23064e-05
1.08125e-05
2.59653e-05
8.87304e-06
2.86221e-05
6.80425e-06
3.03096e-05
4.66107e-06
3.10539e-05
2.49485e-06
3.09448e-05
3.3902e-07
3.00746e-05
-1.78131e-06
2.84739e-05
-3.8409e-06
2.6175e-05
-5.8015e-06
2.32193e-05
-7.61741e-06
1.96646e-05
-9.24509e-06
1.55724e-05
-1.06535e-05
1.10041e-05
-1.18216e-05
6.02368e-06
-1.26927e-05
7.48998e-07
-1.31173e-05
-4.72241e-06
-1.28663e-05
-1.00808e-05
-1.20879e-05
-1.50476e-05
-1.08697e-05
-1.94314e-05
-9.24784e-06
-2.30464e-05
-7.28071e-06
-2.5742e-05
-5.06228e-06
-2.7393e-05
-2.71259e-06
-2.78851e-05
-3.86261e-07
-2.72374e-05
1.81615e-06
-2.55944e-05
3.85278e-06
-2.30867e-05
5.65356e-06
-1.98516e-05
7.18198e-06
-1.60805e-05
8.40689e-06
-1.19435e-05
9.33324e-06
-7.58795e-06
9.96964e-06
-3.12385e-06
1.02715e-05
1.35394e-06
1.01212e-05
5.65516e-06
9.52101e-06
9.54993e-06
8.67214e-06
1.28479e-05
7.60615e-06
1.55146e-05
6.37608e-06
1.7531e-05
5.01269e-06
1.89041e-05
3.56336e-06
1.96329e-05
2.07691e-06
1.97471e-05
5.98039e-07
1.93107e-05
-8.36572e-07
1.83742e-05
-2.20972e-06
1.69681e-05
-3.49759e-06
1.51299e-05
-4.67167e-06
1.29034e-05
-5.70531e-06
1.03433e-05
-6.57914e-06
7.49964e-06
-7.2837e-06
4.41578e-06
-7.80476e-06
1.1635e-06
-8.08316e-06
-2.19742e-06
-8.00058e-06
-5.51889e-06
-7.5501e-06
-8.59802e-06
-6.85197e-06
-1.13193e-05
-5.92737e-06
-1.35776e-05
-4.80236e-06
-1.52883e-05
-3.52213e-06
-1.63849e-05
-2.14856e-06
-1.68048e-05
-7.61375e-07
-1.65581e-05
5.8034e-07
-1.57299e-05
1.8441e-06
-1.43936e-05
2.9916e-06
-1.26141e-05
4.00338e-06
-1.04896e-05
4.85416e-06
-8.11249e-06
5.53416e-06
-5.56316e-06
6.04254e-06
-2.90935e-06
6.35871e-06
-2.06543e-07
6.41983e-06
2.45371e-06
6.19612e-06
4.95048e-06
5.76787e-06
7.13175e-06
5.1763e-06
8.9435e-06
4.45521e-06
1.03617e-05
3.62719e-06
1.13759e-05
2.71826e-06
1.19819e-05
1.76664e-06
1.21822e-05
8.07638e-07
1.20137e-05
-1.26696e-07
1.15175e-05
-1.01607e-06
1.07164e-05
-1.84656e-06
9.6419e-06
-2.59956e-06
8.32447e-06
-3.25812e-06
6.79956e-06
-3.81056e-06
5.10347e-06
-4.24848e-06
3.2679e-06
-4.5711e-06
1.33124e-06
-4.76307e-06
-6.51543e-07
-4.77087e-06
-2.62177e-06
-4.54037e-06
-4.46212e-06
-4.15461e-06
-6.08955e-06
-3.63714e-06
-7.4475e-06
-3.00392e-06
-8.48655e-06
-2.27439e-06
-9.17059e-06
-1.48154e-06
-9.46649e-06
-6.66322e-07
-9.37807e-06
1.37704e-07
-8.95073e-06
9.03525e-07
-8.22582e-06
1.61181e-06
-7.23587e-06
2.25169e-06
-6.02936e-06
2.80651e-06
-4.6548e-06
3.2639e-06
-3.1515e-06
3.62584e-06
-1.55787e-06
3.86754e-06
1.09776e-07
3.95747e-06
1.80742e-06
3.89076e-06
3.47359e-06
3.60619e-06
4.99169e-06
3.31998e-06
2.51214e-06
2.67957e-06
-1.42436e-05
-3.67038e-06
-1.45416e-05
-9.94517e-06
-1.40933e-05
-1.58188e-05
-1.31363e-05
-2.10161e-05
-1.16582e-05
-2.52839e-05
-9.70938e-06
-2.84074e-05
-7.38892e-06
-3.02292e-05
-4.83325e-06
-3.07059e-05
-2.1827e-06
-2.99469e-05
4.2947e-07
-2.8109e-05
2.89838e-06
-2.53409e-05
5.14177e-06
-2.18321e-05
7.08411e-06
-1.77706e-05
8.67669e-06
-1.33322e-05
9.90321e-06
-8.65757e-06
1.07761e-05
-3.86296e-06
1.1293e-05
8.20621e-07
1.13284e-05
5.30538e-06
1.08829e-05
9.28511e-06
1.01349e-05
1.2716e-05
9.14392e-06
1.55819e-05
7.94662e-06
1.78636e-05
6.59132e-06
1.95436e-05
5.12429e-06
2.06151e-05
3.58957e-06
2.10909e-05
2.01906e-06
2.09978e-05
4.32132e-07
2.03547e-05
-1.13822e-06
1.9173e-05
-2.6592e-06
1.74727e-05
-4.10121e-06
1.52872e-05
-5.43187e-06
1.26602e-05
-6.61818e-06
9.6402e-06
-7.63349e-06
6.27502e-06
-8.45647e-06
2.6222e-06
-9.03987e-06
-1.19954e-06
-9.29557e-06
-5.00082e-06
-9.06501e-06
-8.57337e-06
-8.51531e-06
-1.17642e-05
-7.67896e-06
-1.44421e-05
-6.56985e-06
-1.64924e-05
-5.23041e-06
-1.78295e-05
-3.72522e-06
-1.84113e-05
-2.13082e-06
-1.82848e-05
-5.12688e-07
-1.75269e-05
1.05823e-06
-1.61997e-05
2.52558e-06
-1.43893e-05
3.84319e-06
-1.2182e-05
4.97462e-06
-9.67096e-06
5.89586e-06
-6.93918e-06
6.60147e-06
-4.06296e-06
7.09342e-06
-1.12666e-06
7.3352e-06
1.7687e-06
7.22584e-06
4.43866e-06
6.85105e-06
6.8182e-06
6.2926e-06
8.86066e-06
5.56369e-06
1.05398e-05
4.69698e-06
1.18249e-05
3.7275e-06
1.2697e-05
2.69133e-06
1.31501e-05
1.62377e-06
1.32022e-05
5.4594e-07
1.28797e-05
-5.14042e-07
1.21989e-05
-1.52889e-06
1.11803e-05
-2.47904e-06
9.85272e-06
-3.34407e-06
8.2517e-06
-4.10429e-06
6.41698e-06
-4.74442e-06
4.38761e-06
-5.25433e-06
2.1985e-06
-5.61566e-06
-8.72259e-08
-5.79743e-06
-2.36747e-06
-5.72033e-06
-4.51759e-06
-5.39998e-06
-6.45182e-06
-4.91775e-06
-8.10213e-06
-4.27705e-06
-9.4072e-06
-3.49729e-06
-1.03191e-05
-2.61026e-06
-1.08098e-05
-1.65784e-06
-1.08955e-05
-6.75681e-07
-1.06113e-05
2.96174e-07
-9.98795e-06
1.22075e-06
-9.06686e-06
2.07051e-06
-7.88724e-06
2.82377e-06
-6.49568e-06
3.46261e-06
-4.93839e-06
3.97687e-06
-3.25907e-06
4.36322e-06
-1.50719e-06
4.60683e-06
2.62986e-07
4.64966e-06
1.95079e-06
4.50832e-06
3.49193e-06
4.22674e-06
4.84672e-06
3.82151e-06
5.99137e-06
3.31056e-06
6.90187e-06
2.7167e-06
7.55636e-06
2.06376e-06
7.94471e-06
1.3783e-06
8.07309e-06
6.79266e-07
7.95873e-06
-1.23388e-08
7.61669e-06
-6.74026e-07
7.06173e-06
-1.2916e-06
6.31404e-06
-1.85187e-06
5.39846e-06
-2.34253e-06
4.34064e-06
-2.75274e-06
3.16813e-06
-3.07598e-06
1.90475e-06
-3.30772e-06
5.82821e-07
-3.44114e-06
-7.39214e-07
-3.44884e-06
-1.98648e-06
-3.2931e-06
-3.12286e-06
-3.01823e-06
-4.10646e-06
-2.65354e-06
-4.90304e-06
-2.20734e-06
-5.48331e-06
-1.69412e-06
-5.82887e-06
-1.13597e-06
-5.94144e-06
-5.53753e-07
-5.83622e-06
3.24788e-08
-5.5309e-06
5.98214e-07
-5.0446e-06
1.12551e-06
-4.39518e-06
1.60227e-06
-3.60499e-06
2.01632e-06
-2.69841e-06
2.35732e-06
-1.69388e-06
2.62132e-06
-6.22811e-07
2.79647e-06
4.85073e-07
2.84959e-06
1.58932e-06
2.78651e-06
2.62833e-06
2.56718e-06
3.59345e-06
2.35486e-06
1.6973e-06
1.48669e-06
-1.01437e-05
-2.71947e-06
-1.03354e-05
-6.77638e-06
-1.00364e-05
-1.05221e-05
-9.39049e-06
-1.37986e-05
-8.38172e-06
-1.64647e-05
-7.04337e-06
-1.84112e-05
-5.44241e-06
-1.95768e-05
-3.66763e-06
-1.99607e-05
-1.7988e-06
-1.96089e-05
7.77102e-08
-1.8581e-05
1.87046e-06
-1.69505e-05
3.51125e-06
-1.48106e-05
4.94423e-06
-1.22641e-05
6.13016e-06
-9.41025e-06
7.04939e-06
-6.3351e-06
7.70093e-06
-3.14549e-06
8.10337e-06
1.11827e-08
8.17174e-06
3.01449e-06
7.87962e-06
5.76177e-06
7.38766e-06
8.19827e-06
6.70742e-06
1.02792e-05
5.86567e-06
1.19717e-05
4.89881e-06
1.32554e-05
3.84061e-06
1.4121e-05
2.72393e-06
1.45648e-05
1.57533e-06
1.45903e-05
4.06622e-07
1.42064e-05
-7.5431e-07
1.34232e-05
-1.87598e-06
1.22586e-05
-2.93662e-06
1.07389e-05
-3.91219e-06
8.89848e-06
-4.77777e-06
6.77711e-06
-5.51212e-06
4.4288e-06
-6.10815e-06
1.90496e-06
-6.51603e-06
-7.18253e-07
-6.67235e-06
-3.27574e-06
-6.50752e-06
-5.66216e-06
-6.1289e-06
-7.79307e-06
-5.54804e-06
-9.59181e-06
-4.77111e-06
-1.09936e-05
-3.82859e-06
-1.1954e-05
-2.76485e-06
-1.2454e-05
-1.63086e-06
-1.24988e-05
-4.67883e-07
-1.21129e-05
6.72324e-07
-1.13292e-05
1.74197e-06
-1.01928e-05
2.70674e-06
-8.75744e-06
3.53926e-06
-7.07997e-06
4.2184e-06
-5.21555e-06
4.73704e-06
-3.21793e-06
5.09581e-06
-1.16519e-06
5.28245e-06
8.47527e-07
5.21313e-06
2.73331e-06
4.96527e-06
4.45114e-06
4.57476e-06
5.95291e-06
4.06193e-06
7.20351e-06
3.44638e-06
8.17901e-06
2.752e-06
8.86581e-06
2.00454e-06
9.26059e-06
1.22899e-06
9.36419e-06
4.42336e-07
9.18533e-06
-3.35179e-07
8.73879e-06
-1.08235e-06
8.04131e-06
-1.78156e-06
7.11448e-06
-2.41724e-06
5.98509e-06
-2.97489e-06
4.6832e-06
-3.44252e-06
3.24892e-06
-3.82005e-06
1.70894e-06
-4.07568e-06
1.03178e-07
-4.19167e-06
-1.48753e-06
-4.12962e-06
-2.98226e-06
-3.90524e-06
-4.3342e-06
-3.56581e-06
-5.5004e-06
-3.11085e-06
-6.4434e-06
-2.55428e-06
-7.13479e-06
-1.91887e-06
-7.55988e-06
-1.23274e-06
-7.71277e-06
-5.22794e-07
-7.60024e-06
1.83652e-07
-7.23992e-06
8.60426e-07
-6.65435e-06
1.48494e-06
-5.86972e-06
2.03914e-06
-4.91623e-06
2.50912e-06
-3.82603e-06
2.88667e-06
-2.63299e-06
3.17018e-06
-1.38543e-06
3.35927e-06
-9.30295e-08
3.35726e-06
1.12001e-06
3.29528e-06
2.25789e-06
3.08886e-06
3.27888e-06
2.80053e-06
4.154e-06
2.43544e-06
4.86193e-06
2.00877e-06
5.38846e-06
1.53723e-06
5.72777e-06
1.03898e-06
5.87747e-06
5.29568e-07
5.84247e-06
2.26667e-08
5.63389e-06
-4.65445e-07
5.26386e-06
-9.21568e-07
4.74756e-06
-1.33558e-06
4.10305e-06
-1.69802e-06
3.35089e-06
-2.00057e-06
2.51454e-06
-2.23963e-06
1.61471e-06
-2.40789e-06
6.76763e-07
-2.5032e-06
-2.66878e-07
-2.5052e-06
-1.16196e-06
-2.39802e-06
-1.98182e-06
-2.19836e-06
-2.69752e-06
-1.93784e-06
-3.28698e-06
-1.61788e-06
-3.73245e-06
-1.24865e-06
-4.02326e-06
-8.45161e-07
-4.15397e-06
-4.23038e-07
-4.126e-06
4.50595e-09
-3.94755e-06
4.19769e-07
-3.62982e-06
8.07787e-07
-3.18615e-06
1.1586e-06
-2.63207e-06
1.46223e-06
-1.9846e-06
1.70985e-06
-1.25899e-06
1.89571e-06
-4.80993e-07
2.01847e-06
3.20677e-07
2.04791e-06
1.11997e-06
1.98722e-06
1.87787e-06
1.80929e-06
2.60126e-06
1.63147e-06
1.08475e-06
1.35258e-06
-7.04469e-06
-1.71709e-06
-7.26574e-06
-4.68178e-06
-7.07174e-06
-7.43905e-06
-6.63321e-06
-9.88561e-06
-5.93516e-06
-1.19212e-05
-5.00775e-06
-1.34661e-05
-3.89758e-06
-1.44716e-05
-2.6621e-06
-1.49105e-05
-1.35987e-06
-1.47898e-05
-4.30409e-08
-1.41436e-05
1.22426e-06
-1.30206e-05
2.38829e-06
-1.14892e-05
3.41282e-06
-9.62494e-06
4.26591e-06
-7.50654e-06
4.93099e-06
-5.20549e-06
5.39988e-06
-2.78244e-06
5.68032e-06
-3.70282e-07
5.75958e-06
1.96909e-06
5.54025e-06
4.10733e-06
5.24943e-06
6.031e-06
4.78375e-06
7.69512e-06
4.20154e-06
9.06747e-06
3.52646e-06
1.0126e-05
2.78213e-06
1.08584e-05
1.99145e-06
1.12597e-05
1.17411e-06
1.13255e-05
3.40771e-07
1.10599e-05
-4.88715e-07
1.0474e-05
-1.29009e-06
9.58496e-06
-2.04755e-06
8.41523e-06
-2.74247e-06
6.99374e-06
-3.35627e-06
5.35536e-06
-3.87375e-06
3.53895e-06
-4.29174e-06
1.62334e-06
-4.60041e-06
-3.97467e-07
-4.65155e-06
-2.34974e-06
-4.55525e-06
-4.16907e-06
-4.30956e-06
-5.80584e-06
-3.91128e-06
-7.20404e-06
-3.3729e-06
-8.3136e-06
-2.71903e-06
-9.09839e-06
-1.98005e-06
-9.53911e-06
-1.19014e-06
-9.62864e-06
-3.78349e-07
-9.378e-06
4.21688e-07
-8.81218e-06
1.17615e-06
-7.96521e-06
1.85977e-06
-6.87742e-06
2.45148e-06
-5.59435e-06
2.93532e-06
-4.16056e-06
3.30326e-06
-2.61801e-06
3.55326e-06
-1.03419e-06
3.69863e-06
5.40156e-07
3.63879e-06
2.01399e-06
3.49144e-06
3.36539e-06
3.22336e-06
4.55463e-06
2.87269e-06
5.55405e-06
2.44695e-06
6.34256e-06
1.9635e-06
6.90661e-06
1.44049e-06
7.24034e-06
8.95256e-07
7.34223e-06
3.40445e-07
7.21726e-06
-2.10207e-07
6.87581e-06
-7.40894e-07
6.33211e-06
-1.23785e-06
5.60427e-06
-1.6894e-06
4.71399e-06
-2.08461e-06
3.6873e-06
-2.41584e-06
2.54871e-06
-2.68145e-06
1.34027e-06
-2.86723e-06
7.38399e-08
-2.92524e-06
-1.17624e-06
-2.87954e-06
-2.34561e-06
-2.73587e-06
-3.40812e-06
-2.50329e-06
-4.33178e-06
-2.1872e-06
-5.08648e-06
-1.79958e-06
-5.64849e-06
-1.35686e-06
-6.00329e-06
-8.77931e-07
-6.14371e-06
-3.82374e-07
-6.07214e-06
1.12085e-07
-5.80032e-06
5.88609e-07
-5.34515e-06
1.02978e-06
-4.72826e-06
1.42225e-06
-3.97496e-06
1.75583e-06
-3.11105e-06
2.02276e-06
-2.15911e-06
2.21824e-06
-1.14553e-06
2.34569e-06
-1.53211e-07
2.36494e-06
8.35867e-07
2.30621e-06
1.75532e-06
2.1694e-06
2.58252e-06
1.97333e-06
3.29633e-06
1.72164e-06
3.87983e-06
1.42528e-06
4.32073e-06
1.09633e-06
4.61253e-06
7.4719e-07
4.75257e-06
3.89529e-07
4.74261e-06
3.26289e-08
4.59012e-06
-3.12956e-07
4.30552e-06
-6.36965e-07
3.90103e-06
-9.31092e-07
3.39147e-06
-1.18845e-06
2.79395e-06
-1.40306e-06
2.12548e-06
-1.57116e-06
1.40908e-06
-1.69148e-06
6.6751e-07
-1.76163e-06
-8.54292e-08
-1.75226e-06
-8.07214e-07
-1.67624e-06
-1.46278e-06
-1.5428e-06
-2.03743e-06
-1.36318e-06
-2.51508e-06
-1.14023e-06
-2.88145e-06
-8.82281e-07
-3.12671e-06
-5.99894e-07
-3.2458e-06
-3.03951e-07
-3.23696e-06
-4.33726e-09
-3.10498e-06
2.87796e-07
-2.85945e-06
5.62259e-07
-2.51111e-06
8.10258e-07
-2.07292e-06
1.02404e-06
-1.56106e-06
1.19799e-06
-9.88936e-07
1.32358e-06
-3.70456e-07
1.39999e-06
2.59796e-07
1.41766e-06
8.90307e-07
1.35671e-06
1.47573e-06
1.22387e-06
2.03611e-06
1.0711e-06
6.23693e-07
1.3701e-06
-4.55411e-06
-1.26794e-06
-4.6277e-06
-3.78915e-06
-4.55052e-06
-6.13928e-06
-4.28309e-06
-8.23179e-06
-3.84264e-06
-9.98518e-06
-3.25436e-06
-1.13338e-05
-2.54897e-06
-1.22328e-05
-1.76306e-06
-1.26591e-05
-9.3358e-07
-1.26104e-05
-9.17373e-08
-1.2111e-05
7.24821e-07
-1.12015e-05
1.47878e-06
-9.93225e-06
2.14362e-06
-8.36851e-06
2.70216e-06
-6.57909e-06
3.14158e-06
-4.63457e-06
3.45535e-06
-2.59983e-06
3.64559e-06
-5.72886e-07
3.73262e-06
1.51158e-06
3.45578e-06
3.34512e-06
3.41588e-06
5.01592e-06
3.11295e-06
6.47319e-06
2.74427e-06
7.68474e-06
2.31491e-06
8.62744e-06
1.83942e-06
9.28703e-06
1.33187e-06
9.65708e-06
8.04041e-07
9.73289e-06
2.64969e-07
9.51635e-06
-2.72179e-07
9.02017e-06
-7.93904e-07
8.25975e-06
-1.28714e-06
7.25739e-06
-1.7401e-06
6.04188e-06
-2.14077e-06
4.64593e-06
-2.47779e-06
3.1093e-06
-2.75511e-06
1.46388e-06
-2.95498e-06
-2.4959e-07
-2.93809e-06
-1.8851e-06
-2.91972e-06
-3.42003e-06
-2.77464e-06
-4.80665e-06
-2.52465e-06
-5.99463e-06
-2.18492e-06
-6.9424e-06
-1.77126e-06
-7.61956e-06
-1.3029e-06
-8.00943e-06
-8.00268e-07
-8.10485e-06
-2.82937e-07
-7.91191e-06
2.28754e-07
-7.45059e-06
7.1483e-07
-6.74754e-06
1.15673e-06
-5.83727e-06
1.54121e-06
-4.75974e-06
1.8578e-06
-3.55937e-06
2.10289e-06
-2.27281e-06
2.2667e-06
-9.25306e-07
2.35112e-06
3.80458e-07
2.33303e-06
1.63618e-06
2.23571e-06
2.78416e-06
2.07539e-06
3.79696e-06
1.85988e-06
4.65015e-06
1.59377e-06
5.32532e-06
1.28833e-06
5.81012e-06
9.55695e-07
6.09824e-06
6.07134e-07
6.18779e-06
2.50894e-07
6.08175e-06
-1.04162e-07
5.78828e-06
-4.47425e-07
5.32043e-06
-7.70003e-07
4.6948e-06
-1.06377e-06
3.93184e-06
-1.32166e-06
3.05356e-06
-1.53755e-06
2.08309e-06
-1.71099e-06
1.05909e-06
-1.84323e-06
-2.86763e-08
-1.83748e-06
-1.07e-06
-1.83822e-06
-2.04878e-06
-1.75709e-06
-2.9399e-06
-1.61217e-06
-3.71377e-06
-1.41333e-06
-4.34448e-06
-1.16886e-06
-4.81204e-06
-8.89295e-07
-5.10359e-06
-5.86381e-07
-5.21449e-06
-2.71477e-07
-5.14722e-06
4.48268e-08
-4.90975e-06
3.51137e-07
-4.51534e-06
6.35372e-07
-3.98212e-06
8.89022e-07
-3.33182e-06
1.10553e-06
-2.58833e-06
1.27927e-06
-1.77611e-06
1.40603e-06
-9.17774e-07
1.48735e-06
-7.01197e-08
1.51729e-06
7.74149e-07
1.46194e-06
1.55579e-06
1.38776e-06
2.25943e-06
1.26968e-06
2.86735e-06
1.11373e-06
3.36457e-06
9.28049e-07
3.74036e-06
7.20544e-07
3.98843e-06
4.99116e-07
4.10658e-06
2.71388e-07
4.0963e-06
4.29123e-08
3.96297e-06
-1.79631e-07
3.71485e-06
-3.88844e-07
3.36307e-06
-5.79308e-07
2.92122e-06
-7.46602e-07
2.40488e-06
-8.8672e-07
1.83008e-06
-9.96352e-07
1.21442e-06
-1.07583e-06
5.80463e-07
-1.12767e-06
-7.16466e-08
-1.10015e-06
-6.81833e-07
-1.06605e-06
-1.23647e-06
-9.88159e-07
-1.72358e-06
-8.76081e-07
-2.12819e-06
-7.35611e-07
-2.43793e-06
-5.7255e-07
-2.64411e-06
-3.93712e-07
-2.74204e-06
-2.06018e-07
-2.73087e-06
-1.55092e-08
-2.61433e-06
1.71259e-07
-2.39956e-06
3.47492e-07
-2.09642e-06
5.07113e-07
-1.71782e-06
6.45448e-07
-1.27594e-06
7.56107e-07
-7.88578e-07
8.36224e-07
-2.71195e-07
8.82605e-07
2.49844e-07
8.96624e-07
7.80504e-07
8.26046e-07
1.24836e-06
7.56022e-07
1.68839e-06
6.31065e-07
2.98722e-07
1.20595e-06
-2.27095e-06
-1.31367e-06
-2.10807e-06
-3.62558e-06
-2.23862e-06
-5.78075e-06
-2.1279e-06
-7.70114e-06
-1.92226e-06
-9.31016e-06
-1.64532e-06
-1.0548e-05
-1.31113e-06
-1.13748e-05
-9.36218e-07
-1.17689e-05
-5.39495e-07
-1.17267e-05
-1.33914e-07
-1.12662e-05
2.64297e-07
-1.0423e-05
6.35584e-07
-9.24538e-06
9.6596e-07
-7.7906e-06
1.24739e-06
-6.12405e-06
1.47502e-06
-4.31371e-06
1.64502e-06
-2.43033e-06
1.7622e-06
-5.51367e-07
1.85367e-06
1.35592e-06
1.54848e-06
3.0913e-06
1.68051e-06
4.64733e-06
1.55691e-06
6.00672e-06
1.38489e-06
7.13944e-06
1.18218e-06
8.02217e-06
9.56705e-07
8.6399e-06
7.14121e-07
8.98376e-06
4.60195e-07
9.04925e-06
1.99472e-07
8.84138e-06
-6.43017e-08
8.37048e-06
-3.23017e-07
7.65205e-06
-5.68693e-07
6.70892e-06
-7.96975e-07
5.57094e-06
-1.00278e-06
4.27295e-06
-1.17981e-06
2.85291e-06
-1.33506e-06
1.38341e-06
-1.4855e-06
-2.92332e-07
-1.26233e-06
-1.763e-06
-1.44907e-06
-3.15632e-06
-1.3813e-06
-4.41943e-06
-1.26155e-06
-5.50378e-06
-1.10056e-06
-6.37012e-06
-9.04924e-07
-6.99056e-06
-6.82445e-07
-7.34848e-06
-4.42353e-07
-7.43785e-06
-1.93553e-07
-7.26476e-06
5.56522e-08
-6.84462e-06
2.94704e-07
-6.20171e-06
5.13799e-07
-5.36686e-06
7.06369e-07
-4.3772e-06
8.68128e-07
-3.27075e-06
9.9645e-07
-2.09379e-06
1.08973e-06
-8.84194e-07
1.14154e-06
3.24956e-07
1.12387e-06
1.49546e-06
1.06521e-06
2.54188e-06
1.02896e-06
3.46798e-06
9.3379e-07
4.25157e-06
8.10175e-07
4.87354e-06
6.66364e-07
5.3212e-06
5.08025e-07
5.58768e-06
3.40667e-07
5.6698e-06
1.68768e-07
5.57058e-06
-4.93636e-09
5.29813e-06
-1.74981e-07
4.8638e-06
-3.35659e-07
4.28377e-06
-4.83752e-07
3.57877e-06
-6.1665e-07
2.7719e-06
-7.3068e-07
1.88857e-06
-8.27648e-07
9.75826e-07
-9.30492e-07
-8.09045e-08
-7.80745e-07
-1.00367e-06
-9.15458e-07
-1.88445e-06
-8.76301e-07
-2.6891e-06
-8.07529e-07
-3.38824e-06
-7.14181e-07
-3.95772e-06
-5.99384e-07
-4.37984e-06
-4.67163e-07
-4.64347e-06
-3.22755e-07
-4.74315e-06
-1.71788e-07
-4.68021e-06
-1.81185e-08
-4.46119e-06
1.3212e-07
-4.09851e-06
2.7269e-07
-3.60927e-06
3.99789e-07
-3.01355e-06
5.09818e-07
-2.33438e-06
6.00101e-07
-1.59702e-06
6.68665e-07
-8.24686e-07
7.15018e-07
-5.64907e-08
7.49092e-07
7.36552e-07
6.689e-07
1.43943e-06
6.84883e-07
2.075e-06
6.34116e-07
2.62647e-06
5.62257e-07
3.07898e-06
4.75548e-07
3.42162e-06
3.77901e-07
3.64807e-06
2.72672e-07
3.75575e-06
1.637e-07
3.74596e-06
5.27077e-08
3.62308e-06
-5.67498e-08
3.39431e-06
-1.6007e-07
3.07014e-06
-2.5514e-07
2.6635e-06
-3.39957e-07
2.18969e-06
-4.12917e-07
1.66506e-06
-4.71717e-07
1.10713e-06
-5.17891e-07
5.41297e-07
-5.61842e-07
-8.36835e-08
-4.75167e-07
-6.20607e-07
-5.29125e-07
-1.11696e-06
-4.91809e-07
-1.55424e-06
-4.38798e-07
-1.91716e-06
-3.72692e-07
-2.19389e-06
-2.95821e-07
-2.37668e-06
-2.10918e-07
-2.46132e-06
-1.21372e-07
-2.44719e-06
-2.9643e-08
-2.33736e-06
6.14334e-08
-2.13785e-06
1.47981e-07
-1.85787e-06
2.27128e-07
-1.50845e-06
2.96032e-07
-1.10468e-06
3.52338e-07
-6.62888e-07
3.94428e-07
-2.00521e-07
4.20239e-07
2.67453e-07
4.28649e-07
7.09e-07
3.845e-07
1.10924e-06
3.55779e-07
1.45235e-06
2.87961e-07
1.06591e-07
1.90207e-06
-2.05997e-07
-2.44461e-06
-4.57251e-06
-6.49476e-06
-8.14009e-06
-9.45121e-06
-1.03874e-05
-1.09269e-05
-1.10608e-05
-1.07965e-05
-1.0161e-05
-9.195e-06
-7.94761e-06
-6.47258e-06
-4.82757e-06
-3.06536e-06
-1.2117e-06
3.36792e-07
2.0173e-06
3.57422e-06
4.9591e-06
6.14129e-06
7.09799e-06
7.81211e-06
8.2723e-06
8.47178e-06
8.40747e-06
8.08446e-06
7.51576e-06
6.7188e-06
5.71601e-06
4.53621e-06
3.20114e-06
1.71565e-06
4.53312e-07
-9.95749e-07
-2.37706e-06
-3.6386e-06
-4.73917e-06
-5.64409e-06
-6.32654e-06
-6.76889e-06
-6.96245e-06
-6.90679e-06
-6.61209e-06
-6.09829e-06
-5.39192e-06
-4.52379e-06
-3.52734e-06
-2.4376e-06
-1.29607e-06
-1.72192e-07
8.93011e-07
1.92198e-06
2.85576e-06
3.66594e-06
4.3323e-06
4.84033e-06
5.181e-06
5.34977e-06
5.34483e-06
5.16985e-06
4.83419e-06
4.35044e-06
3.73379e-06
3.00311e-06
2.17546e-06
1.24497e-06
4.64226e-07
-4.51228e-07
-1.32753e-06
-2.13506e-06
-2.84924e-06
-3.44862e-06
-3.91579e-06
-4.23854e-06
-4.41033e-06
-4.42844e-06
-4.29633e-06
-4.02363e-06
-3.62384e-06
-3.11402e-06
-2.51392e-06
-1.84526e-06
-1.13024e-06
-3.81144e-07
2.87754e-07
9.7264e-07
1.60675e-06
2.16901e-06
2.64456e-06
3.02246e-06
3.29513e-06
3.45884e-06
3.51154e-06
3.4548e-06
3.29472e-06
3.03959e-06
2.69963e-06
2.28671e-06
1.81499e-06
1.2971e-06
7.35262e-07
2.60097e-07
-2.69029e-07
-7.60837e-07
-1.19963e-06
-1.57233e-06
-1.86815e-06
-2.07906e-06
-2.20044e-06
-2.23008e-06
-2.16864e-06
-2.02066e-06
-1.79354e-06
-1.4975e-06
-1.14517e-06
-7.50738e-07
-3.305e-07
9.81487e-08
4.8265e-07
8.3843e-07
1.12639e-06
1.20071e-06
-7.91811e-05
1.9968e-06
-7.75259e-05
2.577e-06
-7.29933e-05
2.83947e-06
-6.55773e-05
2.70409e-06
-5.55862e-05
2.15633e-06
-4.365e-05
1.33316e-06
-3.08418e-05
6.41507e-07
-1.88567e-05
1.43492e-08
-9.02821e-06
-5.34463e-07
-3.60889e-06
-1.62322e-06
9.63887e-06
-2.42915e-06
2.19381e-05
-3.07475e-06
3.21296e-05
-3.47802e-06
4.10276e-05
-3.66091e-06
4.85204e-05
-3.57871e-06
5.46497e-05
-3.14734e-06
5.93295e-05
-2.35669e-06
6.19474e-05
-1.49803e-06
6.15705e-05
-6.69255e-07
5.90035e-05
9.69427e-08
5.41856e-05
7.60414e-07
4.72269e-05
1.24896e-06
3.85291e-05
1.4677e-06
2.88759e-05
1.2382e-06
1.93809e-05
5.95441e-07
1.10212e-05
4.50064e-07
4.71849e-06
1.07836e-06
-2.49939e-06
7.81832e-07
-1.3711e-05
6.25448e-07
-2.23062e-05
4.81329e-07
-2.99613e-05
3.8236e-07
-3.65787e-05
3.98778e-07
-4.215e-05
5.82904e-07
-4.66967e-05
9.29003e-07
-4.99017e-05
1.34592e-06
-5.05962e-05
1.63785e-06
-4.90071e-05
1.7625e-06
-4.55776e-05
1.69938e-06
-4.03659e-05
1.45727e-06
-3.35736e-05
1.05702e-06
-2.56683e-05
5.81426e-07
-1.75234e-05
2.92901e-07
-1.03173e-05
1.2138e-08
-4.73429e-06
-5.54848e-07
-1.10878e-06
-1.09304e-06
8.96665e-06
-1.53118e-06
1.592e-05
-1.90067e-06
2.21529e-05
-2.13741e-06
2.75477e-05
-2.23201e-06
3.2051e-05
-2.17554e-06
3.56694e-05
-1.95527e-06
3.83031e-05
-1.54783e-06
3.93294e-05
-1.10486e-06
3.86379e-05
-6.70918e-07
3.65574e-05
-2.72953e-07
3.30634e-05
7.78848e-08
2.82752e-05
3.53626e-07
2.25032e-05
4.87188e-07
1.62856e-05
3.3078e-07
1.04393e-05
5.97167e-08
5.54228e-06
3.6144e-07
2.17874e-06
4.63397e-07
-3.92384e-06
4.39853e-07
-1.01827e-05
4.42273e-07
-1.54301e-05
4.43149e-07
-2.00249e-05
4.70472e-07
-2.39356e-05
5.52577e-07
-2.7194e-05
7.14054e-07
-2.97624e-05
9.40657e-07
-3.12622e-05
1.15153e-06
-3.11248e-05
1.27343e-06
-2.98072e-05
1.29541e-06
-2.73413e-05
1.2173e-06
-2.37761e-05
1.03939e-06
-1.92926e-05
7.68674e-07
-1.4292e-05
4.8868e-07
-9.39675e-06
3.18551e-07
-5.23927e-06
1.46973e-07
-2.37455e-06
-2.31875e-07
1.0363e-06
-5.34482e-07
6.82857e-06
-8.2603e-07
1.09837e-05
-1.07389e-06
1.4678e-05
-1.25042e-06
1.78207e-05
-1.34001e-06
2.04094e-05
-1.32107e-06
2.2448e-05
-1.18725e-06
2.38113e-05
-9.76542e-07
2.40344e-05
-7.52536e-07
2.33588e-05
-5.24405e-07
2.18336e-05
-3.03227e-07
1.94616e-05
-1.07192e-07
1.63234e-05
4.35298e-08
1.26508e-05
1.15971e-07
8.86169e-06
2.47452e-08
5.49759e-06
-3.40786e-08
2.79942e-06
1.92233e-07
8.89664e-07
2.04448e-07
-3.61382e-06
2.14912e-07
-6.97405e-06
2.36956e-07
-9.97255e-06
2.60242e-07
-1.25929e-05
3.00832e-07
-1.48109e-05
3.73615e-07
-1.66331e-05
4.8636e-07
-1.79973e-05
6.17884e-07
-1.85933e-05
7.28353e-07
-1.82803e-05
7.91412e-07
-1.72713e-05
7.96705e-07
-1.55687e-05
7.42098e-07
-1.32417e-05
6.35354e-07
-1.04366e-05
4.91773e-07
-7.3932e-06
3.60554e-07
-4.51194e-06
2.53367e-07
-2.1371e-06
1.58799e-07
-6.53861e-07
-6.24842e-08
2.195e-06
-2.51068e-07
5.23946e-06
-4.2537e-07
7.74536e-06
-5.69428e-07
9.94451e-06
1.18332e-05
-2.35809e-06
-7.68052e-05
-3.88334e-06
-7.60007e-05
-4.85639e-06
-7.20203e-05
-5.52641e-06
-6.49073e-05
-6.0254e-06
-5.50872e-05
-6.27365e-06
-4.34017e-05
-6.05774e-06
-3.10577e-05
-5.39952e-06
-1.95149e-05
-4.72182e-06
-9.7059e-06
-6.46779e-06
-1.86292e-06
-7.53646e-06
1.07075e-05
-7.91727e-06
2.23189e-05
-8.03621e-06
3.22485e-05
-7.86106e-06
4.08524e-05
-7.45174e-06
4.81111e-05
-6.814e-06
5.40119e-05
-5.86306e-06
5.83786e-05
-4.31932e-06
6.04037e-05
-2.40292e-06
5.96541e-05
-1.86877e-07
5.67874e-05
2.13744e-06
5.18612e-05
4.27073e-06
4.50936e-05
5.86856e-06
3.69313e-05
6.67792e-06
2.80665e-05
6.73456e-06
1.93243e-05
6.42734e-06
1.13284e-05
7.11578e-06
4.03004e-06
8.80074e-06
-4.18435e-06
8.70427e-06
-1.36145e-05
8.26386e-06
-2.18658e-05
7.43197e-06
-2.91294e-05
6.28261e-06
-3.54294e-05
4.88287e-06
-4.07502e-05
3.27367e-06
-4.50875e-05
1.54126e-06
-4.81693e-05
-6.38104e-08
-4.89911e-05
-1.38319e-06
-4.76877e-05
-2.47304e-06
-4.44877e-05
-3.36226e-06
-3.94766e-05
-3.99155e-06
-3.29443e-05
-4.23788e-06
-2.5422e-05
-4.03994e-06
-1.77213e-05
-3.57009e-06
-1.07872e-05
-3.45069e-06
-4.85367e-06
-4.95303e-06
3.93566e-07
-5.11894e-06
9.13256e-06
-5.21688e-06
1.60179e-05
-5.1668e-06
2.21028e-05
-4.96609e-06
2.7347e-05
-4.636e-06
3.17209e-05
-4.1877e-06
3.52211e-05
-3.55334e-06
3.76688e-05
-2.61135e-06
3.83875e-05
-1.47952e-06
3.75061e-05
-2.02717e-07
3.52806e-05
1.0975e-06
3.17632e-05
2.25676e-06
2.7116e-05
3.08458e-06
2.16754e-05
3.41554e-06
1.59547e-05
3.32654e-06
1.05283e-05
3.22357e-06
5.64526e-06
4.15806e-06
1.24426e-06
4.78226e-06
-4.54804e-06
4.89085e-06
-1.02913e-05
4.77796e-06
-1.53172e-05
4.46439e-06
-1.97113e-05
3.98955e-06
-2.34608e-05
3.36115e-06
-2.65656e-05
2.57417e-06
-2.89754e-05
1.62704e-06
-3.03151e-05
6.84415e-07
-3.01822e-05
-1.97352e-07
-2.89254e-05
-9.98771e-07
-2.65399e-05
-1.6729e-06
-2.3102e-05
-2.14206e-06
-1.88235e-05
-2.32778e-06
-1.41063e-05
-2.22293e-06
-9.5016e-06
-1.93985e-06
-5.52235e-06
-2.18987e-06
-2.12452e-06
-2.96282e-06
1.80925e-06
-3.04273e-06
6.90847e-06
-3.06989e-06
1.10109e-05
-2.9984e-06
1.46066e-05
-2.85072e-06
1.76731e-05
-2.6441e-06
2.02028e-05
-2.37282e-06
2.21767e-05
-1.96429e-06
2.34028e-05
-1.42168e-06
2.34918e-05
-7.85702e-07
2.27228e-05
-7.55369e-08
2.11234e-05
6.42109e-07
1.8744e-05
1.25179e-06
1.57137e-05
1.6269e-06
1.22757e-05
1.71677e-06
8.77183e-06
1.64156e-06
5.57279e-06
1.71192e-06
2.72906e-06
2.43037e-06
1.71213e-07
2.59087e-06
-3.77432e-06
2.65267e-06
-7.03585e-06
2.62033e-06
-9.9402e-06
2.49708e-06
-1.24697e-05
2.29396e-06
-1.46078e-05
2.0045e-06
-1.63437e-05
1.60312e-06
-1.75959e-05
1.07164e-06
-1.80618e-05
5.2639e-07
-1.77351e-05
-8.73941e-09
-1.67362e-05
-5.04287e-07
-1.50731e-05
-9.21414e-07
-1.28246e-05
-1.20156e-06
-1.01565e-05
-1.28854e-06
-7.30622e-06
-1.20869e-06
-4.59179e-06
-1.06169e-06
-2.2841e-06
-1.35649e-06
-3.59062e-07
-1.59772e-06
2.43624e-06
-1.63063e-06
5.27237e-06
-1.59111e-06
7.70585e-06
-1.48566e-06
9.83905e-06
-1.32921e-06
1.16767e-05
-1.16174e-06
1.31954e-05
-8.85326e-07
1.44035e-05
-5.72792e-07
1.49968e-05
-1.92781e-07
1.52245e-05
1.41905e-05
-4.35104e-07
-7.14906e-05
-5.32101e-06
-7.11148e-05
-9.54705e-06
-6.77942e-05
-1.29043e-05
-6.155e-05
-1.51934e-05
-5.27981e-05
-1.62425e-05
-4.23526e-05
-1.60392e-05
-3.12609e-05
-1.5055e-05
-2.04992e-05
-1.4401e-05
-1.03598e-05
-1.61764e-05
-8.75617e-08
-1.65228e-05
1.10539e-05
-1.60729e-05
2.1869e-05
-1.52677e-05
3.14434e-05
-1.41132e-05
3.96979e-05
-1.2627e-05
4.66249e-05
-1.07463e-05
5.21312e-05
-8.31319e-06
5.59455e-05
-5.12676e-06
5.72172e-05
-1.64425e-06
5.61716e-05
1.96862e-06
5.31746e-05
5.44842e-06
4.83814e-05
8.47789e-06
4.20642e-05
1.07559e-05
3.46533e-05
1.21395e-05
2.6683e-05
1.28286e-05
1.86351e-05
1.34506e-05
1.07065e-05
1.47409e-05
2.73971e-06
1.58596e-05
-5.30302e-06
1.57819e-05
-1.35368e-05
1.50875e-05
-2.11715e-05
1.38442e-05
-2.78861e-05
1.21186e-05
-3.37038e-05
9.97707e-06
-3.86087e-05
7.43583e-06
-4.25463e-05
4.45465e-06
-4.51882e-05
1.25309e-06
-4.57896e-05
-1.86504e-06
-4.45696e-05
-4.72748e-06
-4.16253e-05
-7.13358e-06
-3.70705e-05
-8.86636e-06
-3.12115e-05
-9.74088e-06
-2.45474e-05
-9.78418e-06
-1.76781e-05
-9.50231e-06
-1.1069e-05
-9.68605e-06
-4.66993e-06
-1.11556e-05
1.86311e-06
-1.10655e-05
9.04248e-06
-1.07379e-05
1.56903e-05
-1.01536e-05
2.15185e-05
-9.35233e-06
2.65458e-05
-8.35884e-06
3.07274e-05
-7.126e-06
3.39882e-05
-5.48524e-06
3.6028e-05
-3.5066e-06
3.64088e-05
-1.33666e-06
3.53361e-05
8.8581e-07
3.30582e-05
3.00323e-06
2.96458e-05
4.80249e-06
2.53167e-05
6.08921e-06
2.03887e-05
6.80319e-06
1.52407e-05
7.16666e-06
1.01648e-05
7.64846e-06
5.16348e-06
8.79794e-06
9.47759e-08
9.40271e-06
-5.1528e-06
9.44974e-06
-1.03384e-05
9.15285e-06
-1.50203e-05
8.55036e-06
-1.91089e-05
7.69041e-06
-2.26008e-05
6.59237e-06
-2.54676e-05
5.21569e-06
-2.75987e-05
3.48105e-06
-2.85805e-05
1.63197e-06
-2.83331e-05
-2.45692e-07
-2.70478e-05
-2.02913e-06
-2.47565e-05
-3.55933e-06
-2.15718e-05
-4.65433e-06
-1.77285e-05
-5.19309e-06
-1.35675e-05
-5.26521e-06
-9.42948e-06
-5.32258e-06
-5.46498e-06
-5.95257e-06
-1.49453e-06
-6.74287e-06
2.59956e-06
-6.75716e-06
6.92277e-06
-6.59477e-06
1.08485e-05
-6.25843e-06
1.42702e-05
-5.79145e-06
1.72061e-05
-5.20647e-06
1.96178e-05
-4.46682e-06
2.14371e-05
-3.44503e-06
2.2381e-05
-2.26725e-06
2.2314e-05
-9.90689e-07
2.14462e-05
3.14948e-07
1.98178e-05
1.54272e-06
1.75162e-05
2.56014e-06
1.46963e-05
3.25148e-06
1.15843e-05
3.59307e-06
8.43024e-06
3.78547e-06
5.38039e-06
4.16854e-06
2.346e-06
5.06179e-06
-7.22035e-07
5.30369e-06
-4.01623e-06
5.36935e-06
-7.10151e-06
5.2614e-06
-9.83225e-06
4.99801e-06
-1.22063e-05
4.59962e-06
-1.42094e-05
4.05878e-06
-1.58028e-05
3.31174e-06
-1.68489e-05
2.36316e-06
-1.71133e-05
1.3266e-06
-1.66985e-05
2.53598e-07
-1.56632e-05
-7.72133e-07
-1.40474e-05
-1.64696e-06
-1.19497e-05
-2.26875e-06
-9.5347e-06
-2.56889e-06
-7.00607e-06
-2.61669e-06
-4.544e-06
-2.719e-06
-2.18179e-06
-3.29563e-06
2.17569e-07
-3.61892e-06
2.75953e-06
-3.64833e-06
5.30178e-06
-3.54062e-06
7.59814e-06
-3.31668e-06
9.61511e-06
-2.99475e-06
1.13548e-05
-2.61797e-06
1.28186e-05
-2.04154e-06
1.3827e-05
-1.32967e-06
1.42849e-05
-5.31882e-07
1.44267e-05
1.33175e-05
4.05538e-06
-6.45653e-05
-2.82511e-06
-6.42343e-05
-9.25323e-06
-6.13661e-05
-1.47617e-05
-5.60416e-05
-1.89665e-05
-4.85932e-05
-2.17088e-05
-3.96103e-05
-2.31942e-05
-2.97756e-05
-2.40399e-05
-1.96535e-05
-2.49289e-05
-9.47078e-06
-2.57799e-05
7.63415e-07
-2.57217e-05
1.09957e-05
-2.48094e-05
2.09568e-05
-2.3276e-05
2.991e-05
-2.12033e-05
3.76251e-05
-1.86183e-05
4.404e-05
-1.54593e-05
4.89722e-05
-1.14831e-05
5.19693e-05
-6.92348e-06
5.26576e-05
-2.21688e-06
5.1465e-05
2.42202e-06
4.85357e-05
6.73719e-06
4.40663e-05
1.04774e-05
3.8324e-05
1.34858e-05
3.16448e-05
1.58306e-05
2.43382e-05
1.78189e-05
1.66469e-05
1.96768e-05
8.84853e-06
2.12172e-05
1.1993e-06
2.21697e-05
-6.25554e-06
2.22026e-05
-1.35697e-05
2.13819e-05
-2.03508e-05
1.98279e-05
-2.63322e-05
1.7636e-05
-3.15119e-05
1.48939e-05
-3.58665e-05
1.15982e-05
-3.92507e-05
7.66902e-06
-4.1259e-05
3.45458e-06
-4.15752e-05
-7.49896e-07
-4.03651e-05
-4.70462e-06
-3.76706e-05
-8.14289e-06
-3.36323e-05
-1.08377e-05
-2.85167e-05
-1.27074e-05
-2.26778e-05
-1.39333e-05
-1.64521e-05
-1.49241e-05
-1.00782e-05
-1.59153e-05
-3.6787e-06
-1.67066e-05
2.65439e-06
-1.67329e-05
9.06876e-06
-1.6219e-05
1.51765e-05
-1.52887e-05
2.05882e-05
-1.39969e-05
2.5254e-05
-1.2361e-05
2.90916e-05
-1.03009e-05
3.19281e-05
-7.6839e-06
3.3411e-05
-4.76109e-06
3.3486e-05
-1.78453e-06
3.23595e-05
1.13063e-06
3.0143e-05
3.80796e-06
2.69684e-05
6.08537e-06
2.30393e-05
7.87605e-06
1.8598e-05
9.27338e-06
1.38434e-05
1.05368e-05
8.90145e-06
1.17896e-05
3.91067e-06
1.28415e-05
-9.5714e-07
1.34574e-05
-5.76871e-06
1.35389e-05
-1.04198e-05
1.31548e-05
-1.46363e-05
1.23553e-05
-1.83093e-05
1.11813e-05
-2.14269e-05
9.63711e-06
-2.39233e-05
7.619e-06
-2.55806e-05
5.23334e-06
-2.61948e-05
2.73155e-06
-2.58313e-05
2.28611e-07
-2.45448e-05
-2.1242e-06
-2.24036e-05
-4.16201e-06
-1.9534e-05
-5.75691e-06
-1.61336e-05
-6.90716e-06
-1.24172e-05
-7.79624e-06
-8.54039e-06
-8.65195e-06
-4.60926e-06
-9.4543e-06
-6.92179e-07
-1.00292e-05
3.17448e-06
-1.0152e-05
7.04559e-06
-9.94335e-06
1.06398e-05
-9.46965e-06
1.37965e-05
-8.7647e-06
1.65011e-05
-7.83041e-06
1.86835e-05
-6.56377e-06
2.01704e-05
-4.96317e-06
2.07804e-05
-3.22577e-06
2.05766e-05
-1.43295e-06
1.96534e-05
3.17058e-07
1.80678e-05
1.91414e-06
1.59191e-05
3.25188e-06
1.33585e-05
4.28472e-06
1.05515e-05
5.10756e-06
7.60741e-06
5.91102e-06
4.57692e-06
6.73288e-06
1.52413e-06
7.45361e-06
-1.44276e-06
7.83974e-06
-4.40236e-06
7.9421e-06
-7.20387e-06
7.80184e-06
-9.69198e-06
7.43316e-06
-1.18376e-05
6.84558e-06
-1.36218e-05
5.9888e-06
-1.4946e-05
4.8182e-06
-1.56783e-05
3.46205e-06
-1.57571e-05
2.03143e-06
-1.52679e-05
6.01718e-07
-1.42334e-05
-7.339e-07
-1.27118e-05
-1.87851e-06
-1.08051e-05
-2.76564e-06
-8.64756e-06
-3.4172e-06
-6.35452e-06
-3.97252e-06
-3.98867e-06
-4.55357e-06
-1.60074e-06
-5.08317e-06
7.47174e-07
-5.41533e-06
3.09169e-06
-5.50476e-06
5.39121e-06
-5.39804e-06
7.49142e-06
-5.12784e-06
9.3449e-06
-4.69422e-06
1.09212e-05
-4.07561e-06
1.22e-05
-3.20997e-06
1.29614e-05
-2.14283e-06
1.32178e-05
-9.92432e-07
1.32764e-05
1.20966e-05
6.45985e-06
-1.51605e-06
-9.02366e-06
-1.5685e-05
-2.12042e-05
-2.54966e-05
-2.87235e-05
-3.11754e-05
-3.29397e-05
-3.38841e-05
-3.39292e-05
-3.29788e-05
-3.11854e-05
-2.86548e-05
-2.53329e-05
-2.10244e-05
-1.57964e-05
-1.015e-05
-4.34413e-06
1.38386e-06
6.79569e-06
1.17327e-05
1.61838e-05
2.02511e-05
2.37766e-05
2.65649e-05
2.85355e-05
2.96032e-05
2.95643e-05
2.84337e-05
2.62972e-05
2.3262e-05
1.94342e-05
1.49004e-05
9.85486e-06
4.70915e-06
-3.20156e-07
-5.01027e-06
-9.15679e-06
-1.26375e-05
-1.54653e-05
-1.77671e-05
-1.96063e-05
-2.09333e-05
-2.17564e-05
-2.19263e-05
-2.14406e-05
-2.04076e-05
-1.88677e-05
-1.6705e-05
-1.3849e-05
-1.0449e-05
-6.81363e-06
-3.10135e-06
5.26148e-07
3.90195e-06
6.92823e-06
9.65559e-06
1.21939e-05
1.44117e-05
1.62103e-05
1.75646e-05
1.83542e-05
1.8473e-05
1.79519e-05
1.6793e-05
1.50094e-05
1.26303e-05
9.75082e-06
6.64092e-06
3.47282e-06
3.89636e-07
-2.46518e-06
-4.97566e-06
-7.1043e-06
-8.92298e-06
-1.04905e-05
-1.17656e-05
-1.27205e-05
-1.3357e-05
-1.3574e-05
-1.33914e-05
-1.28668e-05
-1.19799e-05
-1.06395e-05
-8.84318e-06
-6.75605e-06
-4.52257e-06
-2.23892e-06
-2.35816e-08
2.01315e-06
3.8156e-06
5.45583e-06
7.01309e-06
8.40274e-06
9.55774e-06
1.04697e-05
1.10321e-05
1.12048e-05
1.10152e-05
1.04299e-05
9.42905e-06
8.02876e-06
6.33198e-06
4.50248e-06
2.62878e-06
8.09919e-07
-8.60001e-07
-2.31785e-06
-3.57456e-06
-4.69919e-06
-5.67998e-06
-6.48886e-06
-7.12226e-06
-7.54098e-06
-7.70092e-06
-7.61897e-06
-7.30878e-06
-6.72085e-06
-5.79403e-06
-4.59881e-06
-3.18418e-06
-1.68947e-06
)
;

boundaryField
{
    inlet
    {
        type            calculated;
        value           nonuniform List<scalar> 0();
    }
    outlet
    {
        type            calculated;
        value           nonuniform List<scalar> 
14
(
2.76721e-07
3.41093e-07
2.28539e-07
-9.34938e-08
1.80523e-07
2.85246e-06
6.28032e-06
6.25165e-06
4.40829e-06
3.21381e-06
2.49716e-06
2.01336e-06
1.64448e-06
1.23298e-06
)
;
    }
    topWall
    {
        type            calculated;
        value           uniform 0;
    }
    lowerWall
    {
        type            calculated;
        value           nonuniform List<scalar> 0();
    }
    leadingEdge
    {
        type            calculated;
        value           nonuniform List<scalar> 0();
    }
    trailingEdge
    {
        type            calculated;
        value           nonuniform List<scalar> 0();
    }
    upperSurface
    {
        type            calculated;
        value           nonuniform List<scalar> 0();
    }
    lowerSurface
    {
        type            calculated;
        value           nonuniform List<scalar> 0();
    }
    frontAndBack
    {
        type            empty;
        value           nonuniform List<scalar> 0();
    }
    procBoundary7to3
    {
        type            processor;
        value           nonuniform List<scalar> 
125
(
7.82109e-05
7.67298e-05
7.2413e-05
6.53148e-05
5.57216e-05
4.41977e-05
3.16649e-05
1.95484e-05
9.6554e-06
4.1577e-06
-8.55013e-06
-2.11321e-05
-3.1484e-05
-4.06243e-05
-4.83376e-05
-5.47319e-05
-5.97609e-05
-6.27381e-05
-6.24292e-05
-5.98323e-05
-5.49517e-05
-4.78904e-05
-3.90177e-05
-2.90946e-05
-1.91514e-05
-1.03784e-05
-4.57314e-06
1.87111e-06
1.40076e-05
2.24626e-05
3.01054e-05
3.66777e-05
4.21336e-05
4.65126e-05
4.95556e-05
5.01793e-05
4.87152e-05
4.54529e-05
4.04289e-05
3.38157e-05
2.60686e-05
1.7999e-05
1.06058e-05
5.01506e-06
1.6758e-06
-8.42846e-06
-1.54819e-05
-2.17834e-05
-2.7311e-05
-3.19564e-05
-3.57259e-05
-3.85234e-05
-3.97368e-05
-3.90809e-05
-3.69914e-05
-3.34614e-05
-2.86261e-05
-2.27789e-05
-1.64192e-05
-1.02829e-05
-5.27119e-06
-2.48046e-06
3.82187e-06
1.02063e-05
1.54277e-05
2.0024e-05
2.39083e-05
2.71119e-05
2.9601e-05
3.10356e-05
3.09139e-05
2.96853e-05
2.73194e-05
2.38542e-05
1.94705e-05
1.45627e-05
9.67676e-06
5.40941e-06
2.54612e-06
-6.57438e-07
-6.52594e-06
-1.06922e-05
-1.44302e-05
-1.76442e-05
-2.03198e-05
-2.24669e-05
-2.39452e-05
-2.42451e-05
-2.35828e-05
-2.20617e-05
-1.96828e-05
-1.65194e-05
-1.28015e-05
-8.93414e-06
-5.40637e-06
-2.74059e-06
-1.11597e-06
3.6016e-06
6.96358e-06
9.95051e-06
1.25697e-05
1.47703e-05
1.65603e-05
1.78845e-05
1.84618e-05
1.81699e-05
1.72082e-05
1.55634e-05
1.32963e-05
1.05434e-05
7.53678e-06
4.64316e-06
2.24429e-06
7.48431e-07
-1.97372e-06
-5.05087e-06
-7.57105e-06
-9.80044e-06
-1.17345e-05
-6.68113e-07
-1.33629e-05
-1.46799e-05
-1.53093e-05
-1.56045e-05
-1.466e-05
)
;
    }
    procBoundary7to6
    {
        type            processor;
        value           nonuniform List<scalar> 
16
(
-2.48282e-05
5.44288e-05
-2.50743e-05
-2.23462e-05
-1.5536e-05
-8.6975e-06
-5.58652e-06
-4.45163e-06
-3.86066e-06
-3.48912e-06
-4.17301e-06
-2.30471e-07
-1.78557e-08
-4.87943e-06
-1.09808e-05
-1.45863e-05
)
;
    }
}


// ************************************************************************* //
