/*--------------------------------*- C++ -*----------------------------------*\
| =========                 |                                                 |
| \\      /  F ield         | OpenFOAM: The Open Source CFD Toolbox           |
|  \\    /   O peration     | Version:  2206                                  |
|   \\  /    A nd           | Website:  www.openfoam.com                      |
|    \\/     M anipulation  |                                                 |
\*---------------------------------------------------------------------------*/
FoamFile
{
    version     2.0;
    format      ascii;
    arch        "LSB;label=32;scalar=64";
    class       volVectorField;
    location    "19.5999";
    object      ddt0(U);
}
// * * * * * * * * * * * * * * * * * * * * * * * * * * * * * * * * * * * * * //

dimensions      [0 1 -2 0 0 0 0];

internalField   nonuniform List<vector> 
1878
(
(-15.3145 3.94699 0)
(-15.4218 7.48587 0)
(-15.1441 10.7581 0)
(-14.5198 13.6724 0)
(-13.5304 16.1482 0)
(-12.0863 18.0292 0)
(-10.1003 19.0924 0)
(-7.77444 19.4882 0)
(-5.2273 19.1897 0)
(-2.55398 18.2431 0)
(0.12693 16.7161 0)
(2.72826 14.7128 0)
(5.23674 12.3433 0)
(7.66392 9.65508 0)
(9.83977 6.65768 0)
(11.5394 3.60354 0)
(12.8487 0.746392 0)
(13.6914 -1.97592 0)
(14.0416 -4.57069 0)
(13.885 -6.97337 0)
(13.2335 -9.12388 0)
(12.1527 -10.9973 0)
(10.7011 -12.5441 0)
(8.94977 -13.7214 0)
(6.98961 -14.509 0)
(4.90593 -14.8414 0)
(2.79634 -14.6856 0)
(0.734144 -14.0516 0)
(-1.22584 -12.9676 0)
(-3.02146 -11.4876 0)
(-4.61073 -9.68458 0)
(-6.00504 -7.63156 0)
(-7.23905 -5.3851 0)
(-8.22375 -3.03053 0)
(-8.95067 -0.7166 0)
(-9.49642 1.54776 0)
(-9.81754 3.77058 0)
(-9.89665 5.87246 0)
(-9.74631 7.78667 0)
(-9.37004 9.47021 0)
(-8.73314 10.8557 0)
(-7.75347 11.7979 0)
(-6.47402 12.2877 0)
(-4.99555 12.3565 0)
(-3.37684 12.0009 0)
(-1.69417 11.2474 0)
(-0.0270234 10.1469 0)
(1.57405 8.77673 0)
(3.12816 7.21096 0)
(4.65744 5.45127 0)
(6.00478 3.47712 0)
(7.09725 1.52431 0)
(7.97863 -0.298206 0)
(8.58088 -2.05141 0)
(8.87606 -3.72464 0)
(8.84268 -5.25323 0)
(8.48464 -6.59057 0)
(7.83577 -7.71647 0)
(6.90142 -8.56323 0)
(5.76947 -9.15938 0)
(4.49428 -9.47536 0)
(3.14736 -9.4805 0)
(1.79791 -9.17189 0)
(0.4893 -8.56663 0)
(-0.73355 -7.69887 0)
(-1.83488 -6.61747 0)
(-2.81479 -5.37527 0)
(-3.70475 -4.00561 0)
(-4.47745 -2.53198 0)
(-5.06583 -1.05889 0)
(-5.5488 0.351093 0)
(-5.90227 1.7302 0)
(-6.1104 3.05547 0)
(-6.17008 4.28504 0)
(-6.08422 5.38706 0)
(-5.83877 6.32619 0)
(-5.3983 7.04025 0)
(-4.73334 7.45929 0)
(-3.91508 7.63569 0)
(-2.98625 7.54895 0)
(-1.98545 7.20746 0)
(-0.965823 6.63206 0)
(0.0212934 5.8654 0)
(0.954902 4.96212 0)
(1.86423 3.96678 0)
(2.7677 2.858 0)
(3.53689 1.62297 0)
(4.1975 0.444678 0)
(4.74067 -0.666761 0)
(5.12105 -1.74424 0)
(5.31985 -2.76286 0)
(5.32439 -3.6784 0)
(5.13439 -4.46529 0)
(4.75725 -5.10179 0)
(4.19369 -5.54399 0)
(3.5033 -5.81939 0)
(2.72041 -5.9081 0)
(1.89524 -5.79768 0)
(1.07231 -5.49633 0)
(0.281748 -5.02219 0)
(-0.445575 -4.40495 0)
(-1.09954 -3.68184 0)
(-1.69983 -2.88198 0)
(-2.2591 -2.00644 0)
(-2.70567 -1.08239 0)
(-3.08307 -0.203839 0)
(-3.39038 0.644742 0)
(-3.61008 1.47012 0)
(-3.73606 2.24794 0)
(-3.77007 2.95613 0)
(-3.70776 3.57494 0)
(-3.53526 4.07892 0)
(-3.22253 4.41716 0)
(-2.79171 4.59733 0)
(-2.27652 4.62454 0)
(-1.69918 4.49411 0)
(-1.0909 4.21418 0)
(-0.487089 3.80568 0)
(0.0815431 3.29986 0)
(0.624956 2.73902 0)
(1.16825 2.11817 0)
(1.71089 1.44471 0)
(2.17788 0.661668 0)
(2.60058 0.0573475 0)
(3.04325 -0.965179 0)
(-17.9701 4.31182 0)
(-18.1955 7.48559 0)
(-17.9369 10.401 0)
(-17.1066 12.8888 0)
(-15.5295 14.7178 0)
(-13.3777 15.9699 0)
(-10.7255 16.6365 0)
(-7.72467 16.6929 0)
(-4.52017 16.1662 0)
(-1.2323 15.1344 0)
(2.09753 13.681 0)
(5.43806 11.8101 0)
(8.54331 9.46675 0)
(11.1936 6.90994 0)
(13.3451 4.4267 0)
(14.8985 2.04167 0)
(15.8431 -0.262241 0)
(16.214 -2.44221 0)
(16.013 -4.45525 0)
(15.265 -6.27831 0)
(14.0955 -7.92078 0)
(12.5587 -9.36928 0)
(10.7255 -10.6105 0)
(8.66706 -11.6066 0)
(6.45961 -12.2838 0)
(4.18284 -12.5711 0)
(1.91786 -12.4379 0)
(-0.284754 -11.8915 0)
(-2.39506 -10.9604 0)
(-4.38798 -9.67758 0)
(-6.22602 -8.07359 0)
(-7.83992 -6.18852 0)
(-9.17743 -4.14938 0)
(-10.2843 -2.09667 0)
(-11.1519 -0.038873 0)
(-11.7809 2.01596 0)
(-12.1566 4.02756 0)
(-12.2272 5.91393 0)
(-11.9329 7.57563 0)
(-11.1699 8.88406 0)
(-9.98274 9.8251 0)
(-8.43973 10.4204 0)
(-6.61082 10.6526 0)
(-4.60246 10.5076 0)
(-2.50066 10.0229 0)
(-0.359173 9.25763 0)
(1.8226 8.24671 0)
(3.99517 6.94724 0)
(5.9408 5.32237 0)
(7.62121 3.64387 0)
(8.97832 2.02988 0)
(9.95714 0.480225 0)
(10.5534 -1.01261 0)
(10.7778 -2.41447 0)
(10.6162 -3.6902 0)
(10.073 -4.8085 0)
(9.24508 -5.77898 0)
(8.16685 -6.59696 0)
(6.89374 -7.25934 0)
(5.48177 -7.7366 0)
(3.98495 -7.97949 0)
(2.46269 -7.96689 0)
(0.967724 -7.69445 0)
(-0.483428 -7.17868 0)
(-1.87868 -6.43886 0)
(-3.19397 -5.48623 0)
(-4.37835 -4.33168 0)
(-5.38732 -3.0531 0)
(-6.2494 -1.76695 0)
(-6.95277 -0.487505 0)
(-7.49542 0.792889 0)
(-7.87368 2.05337 0)
(-8.05833 3.24779 0)
(-8.00864 4.31977 0)
(-7.66801 5.20037 0)
(-7.03327 5.85369 0)
(-6.16247 6.302 0)
(-5.08676 6.53849 0)
(-3.87157 6.55565 0)
(-2.57679 6.35395 0)
(-1.25009 5.96552 0)
(0.0981783 5.42797 0)
(1.47105 4.74216 0)
(2.80202 3.85405 0)
(3.97153 2.79629 0)
(4.98598 1.7429 0)
(5.80285 0.741673 0)
(6.39291 -0.221904 0)
(6.75256 -1.14594 0)
(6.87892 -2.00413 0)
(6.7526 -2.76833 0)
(6.3797 -3.41431 0)
(5.82382 -3.95439 0)
(5.10757 -4.38788 0)
(4.26962 -4.71185 0)
(3.34939 -4.90624 0)
(2.38441 -4.9474 0)
(1.41535 -4.83124 0)
(0.458796 -4.56976 0)
(-0.479204 -4.17381 0)
(-1.38669 -3.64398 0)
(-2.23092 -2.97345 0)
(-2.96758 -2.19334 0)
(-3.61529 -1.39835 0)
(-4.16313 -0.614449 0)
(-4.6027 0.168806 0)
(-4.93328 0.947285 0)
(-5.14185 1.69368 0)
(-5.2027 2.37455 0)
(-5.08923 2.95625 0)
(-4.77539 3.40025 0)
(-4.30902 3.72353 0)
(-3.70206 3.92189 0)
(-2.98965 3.99258 0)
(-2.2121 3.92834 0)
(-1.40553 3.7432 0)
(-0.587855 3.46257 0)
(0.249152 3.10512 0)
(1.09851 2.64698 0)
(1.89084 2.04705 0)
(2.5972 1.39255 0)
(3.22583 0.761846 0)
(3.73258 0.0992773 0)
(4.13006 -0.429259 0)
(4.32047 -1.24408 0)
(-20.4684 4.86969 0)
(-20.2856 7.4654 0)
(-19.2178 9.59129 0)
(-17.4378 11.2306 0)
(-14.9966 12.3838 0)
(-12.0295 13.074 0)
(-8.70398 13.3041 0)
(-5.19465 13.1017 0)
(-1.58216 12.5128 0)
(2.11586 11.5107 0)
(5.67629 9.96927 0)
(8.87136 8.19015 0)
(11.588 6.40768 0)
(13.6965 4.63414 0)
(15.1696 2.85791 0)
(16.0562 1.10226 0)
(16.3886 -0.581781 0)
(16.1852 -2.15962 0)
(15.5786 -3.65081 0)
(14.5988 -5.06693 0)
(13.2894 -6.38456 0)
(11.6837 -7.56137 0)
(9.81933 -8.56616 0)
(7.74173 -9.37253 0)
(5.50761 -9.93532 0)
(3.18161 -10.1923 0)
(0.814749 -10.1005 0)
(-1.57293 -9.63962 0)
(-3.90364 -8.77472 0)
(-6.09078 -7.57909 0)
(-8.08769 -6.15359 0)
(-9.83766 -4.55569 0)
(-11.2962 -2.82793 0)
(-12.44 -1.01057 0)
(-13.2603 0.830662 0)
(-13.7133 2.61041 0)
(-13.7186 4.24069 0)
(-13.147 5.60861 0)
(-12.1136 6.70033 0)
(-10.6435 7.51054 0)
(-8.81747 8.05496 0)
(-6.73567 8.33191 0)
(-4.50662 8.34648 0)
(-2.1959 8.11985 0)
(0.187437 7.65194 0)
(2.57588 6.85618 0)
(4.77981 5.75682 0)
(6.74168 4.60139 0)
(8.36614 3.44091 0)
(9.5881 2.27142 0)
(10.4112 1.09552 0)
(10.8663 -0.0515715 0)
(10.9438 -1.1281 0)
(10.6861 -2.12081 0)
(10.1566 -3.04052 0)
(9.37819 -3.88943 0)
(8.37947 -4.6506 0)
(7.19114 -5.29857 0)
(5.84895 -5.81706 0)
(4.39299 -6.19312 0)
(2.857 -6.39679 0)
(1.27563 -6.39091 0)
(-0.334336 -6.15967 0)
(-1.93254 -5.66515 0)
(-3.44793 -4.94176 0)
(-4.84771 -4.07325 0)
(-6.08921 -3.09502 0)
(-7.13762 -2.03324 0)
(-7.97275 -0.914048 0)
(-8.58398 0.218983 0)
(-8.94724 1.31127 0)
(-9.01789 2.31425 0)
(-8.72167 3.17082 0)
(-8.13344 3.87189 0)
(-7.26707 4.40941 0)
(-6.17195 4.79536 0)
(-4.90721 5.03162 0)
(-3.52778 5.11616 0)
(-2.09271 5.04975 0)
(-0.616608 4.84906 0)
(0.899492 4.47795 0)
(2.35096 3.86365 0)
(3.67459 3.14977 0)
(4.8301 2.41743 0)
(5.75988 1.68216 0)
(6.4375 0.939872 0)
(6.87132 0.200609 0)
(7.07486 -0.506923 0)
(7.02065 -1.15563 0)
(6.7731 -1.74578 0)
(6.3464 -2.27886 0)
(5.76226 -2.75486 0)
(5.04252 -3.16564 0)
(4.21007 -3.49858 0)
(3.29395 -3.74414 0)
(2.32254 -3.89139 0)
(1.31488 -3.92248 0)
(0.27461 -3.82406 0)
(-0.781338 -3.56483 0)
(-1.79778 -3.1432 0)
(-2.75252 -2.62923 0)
(-3.61511 -2.04944 0)
(-4.35402 -1.41981 0)
(-4.95014 -0.753212 0)
(-5.39632 -0.0726393 0)
(-5.68089 0.588242 0)
(-5.78457 1.20068 0)
(-5.65323 1.73127 0)
(-5.33988 2.17592 0)
(-4.85014 2.52658 0)
(-4.21373 2.79007 0)
(-3.4655 2.96963 0)
(-2.63842 3.06135 0)
(-1.76985 3.06437 0)
(-0.871339 2.99028 0)
(0.0610006 2.82708 0)
(0.989202 2.52106 0)
(1.85149 2.10014 0)
(2.6362 1.64991 0)
(3.30668 1.19394 0)
(3.83255 0.73008 0)
(4.22157 0.26682 0)
(4.40984 -0.22075 0)
(4.5552 -0.589555 0)
(4.32541 -1.17533 0)
(-19.3332 4.58981 0)
(-18.1228 6.2341 0)
(-16.234 7.5446 0)
(-13.7838 8.51746 0)
(-10.9237 9.15666 0)
(-7.8191 9.51501 0)
(-4.59824 9.61916 0)
(-1.3204 9.41988 0)
(1.94836 8.77808 0)
(4.98875 7.78589 0)
(7.68509 6.75085 0)
(9.9206 5.66765 0)
(11.6662 4.5088 0)
(12.9438 3.2891 0)
(13.7836 2.04076 0)
(14.2058 0.790194 0)
(14.213 -0.436844 0)
(13.8947 -1.63903 0)
(13.2498 -2.80931 0)
(12.2951 -3.91478 0)
(11.0492 -4.92637 0)
(9.53293 -5.82028 0)
(7.77683 -6.58054 0)
(5.82071 -7.19159 0)
(3.71006 -7.61614 0)
(1.47628 -7.7859 0)
(-0.845703 -7.6054 0)
(-3.16169 -7.08466 0)
(-5.38624 -6.33497 0)
(-7.42472 -5.36558 0)
(-9.20688 -4.20394 0)
(-10.6803 -2.895 0)
(-11.7982 -1.49674 0)
(-12.5186 -0.0881069 0)
(-12.7598 1.24769 0)
(-12.4674 2.43955 0)
(-11.7409 3.46246 0)
(-10.6096 4.31416 0)
(-9.13888 4.99235 0)
(-7.41035 5.48728 0)
(-5.51699 5.81634 0)
(-3.53812 5.99552 0)
(-1.50768 6.00083 0)
(0.55335 5.75135 0)
(2.52288 5.21109 0)
(4.32383 4.5953 0)
(5.87475 3.93341 0)
(7.12641 3.20727 0)
(8.07818 2.41405 0)
(8.73967 1.58177 0)
(9.12562 0.741313 0)
(9.21699 -0.0775046 0)
(9.07406 -0.862236 0)
(8.70919 -1.61805 0)
(8.13385 -2.33036 0)
(7.36367 -2.97527 0)
(6.41484 -3.53877 0)
(5.30732 -4.01335 0)
(4.06675 -4.39542 0)
(2.71959 -4.67298 0)
(1.29274 -4.80703 0)
(-0.199998 -4.72697 0)
(-1.70381 -4.42466 0)
(-3.15694 -3.98905 0)
(-4.492 -3.42701 0)
(-5.65824 -2.7486 0)
(-6.61904 -1.9772 0)
(-7.34127 -1.14781 0)
(-7.80268 -0.309256 0)
(-7.96215 0.488168 0)
(-7.80698 1.20626 0)
(-7.39433 1.83408 0)
(-6.74285 2.37463 0)
(-5.88829 2.82566 0)
(-4.87476 3.17585 0)
(-3.75283 3.4301 0)
(-2.56423 3.59925 0)
(-1.34343 3.6721 0)
(-0.0952666 3.59954 0)
(1.13792 3.33137 0)
(2.29273 2.97743 0)
(3.32103 2.5885 0)
(4.17683 2.1584 0)
(4.84767 1.67974 0)
(5.33455 1.16123 0)
(5.64293 0.626824 0)
(5.76558 0.102 0)
(5.71646 -0.393897 0)
(5.52369 -0.86484 0)
(5.19178 -1.31121 0)
(4.73176 -1.71671 0)
(4.15762 -2.06906 0)
(3.48254 -2.36428 0)
(2.72213 -2.60191 0)
(1.89362 -2.78009 0)
(1.0112 -2.88069 0)
(0.0839626 -2.86215 0)
(-0.853808 -2.69845 0)
(-1.76714 -2.45515 0)
(-2.61181 -2.14164 0)
(-3.35049 -1.76043 0)
(-3.96091 -1.32201 0)
(-4.42492 -0.844633 0)
(-4.72997 -0.355639 0)
(-4.85603 0.115665 0)
(-4.79348 0.54563 0)
(-4.57859 0.927332 0)
(-4.22165 1.26424 0)
(-3.74207 1.55627 0)
(-3.16355 1.79439 0)
(-2.51506 1.97768 0)
(-1.82089 2.11194 0)
(-1.0998 2.19153 0)
(-0.354197 2.19046 0)
(0.399145 2.07321 0)
(1.11942 1.87715 0)
(1.78123 1.65323 0)
(2.35186 1.40398 0)
(2.81131 1.12336 0)
(3.15994 0.810977 0)
(3.3968 0.477631 0)
(3.52452 0.147664 0)
(3.49793 -0.193171 0)
(3.50524 -0.456334 0)
(3.14064 -0.915642 0)
(-14.1787 3.16252 0)
(-12.7154 4.24597 0)
(-10.8808 5.12593 0)
(-8.78174 5.79993 0)
(-6.51865 6.28829 0)
(-4.17169 6.60696 0)
(-1.78742 6.71388 0)
(0.577705 6.50124 0)
(2.79576 6.05984 0)
(4.78914 5.53916 0)
(6.49878 4.90102 0)
(7.92279 4.15721 0)
(9.06518 3.34111 0)
(9.92128 2.47535 0)
(10.4913 1.57704 0)
(10.7661 0.661966 0)
(10.7533 -0.252945 0)
(10.4809 -1.15184 0)
(9.94096 -2.01717 0)
(9.14361 -2.83091 0)
(8.1031 -3.57351 0)
(6.83969 -4.22481 0)
(5.37977 -4.77273 0)
(3.75184 -5.20823 0)
(1.98309 -5.49794 0)
(0.105532 -5.55393 0)
(-1.79354 -5.33711 0)
(-3.62985 -4.95266 0)
(-5.31791 -4.39569 0)
(-6.78949 -3.68154 0)
(-7.98771 -2.84676 0)
(-8.8652 -1.93264 0)
(-9.39385 -0.984382 0)
(-9.51883 -0.0582134 0)
(-9.30769 0.803446 0)
(-8.78914 1.59993 0)
(-7.99825 2.31827 0)
(-6.98388 2.93069 0)
(-5.7974 3.42743 0)
(-4.48952 3.81091 0)
(-3.10539 4.08707 0)
(-1.67296 4.24251 0)
(-0.21776 4.22427 0)
(1.18722 4.0167 0)
(2.48908 3.73356 0)
(3.63819 3.3641 0)
(4.6173 2.90298 0)
(5.42059 2.37668 0)
(6.03963 1.807 0)
(6.46709 1.21121 0)
(6.69928 0.604544 0)
(6.73068 0.00135141 0)
(6.59278 -0.586025 0)
(6.28147 -1.14623 0)
(5.8052 -1.66733 0)
(5.17599 -2.13852 0)
(4.40857 -2.55061 0)
(3.52029 -2.89589 0)
(2.52988 -3.16968 0)
(1.45469 -3.3601 0)
(0.316304 -3.4255 0)
(-0.837652 -3.31961 0)
(-1.95375 -3.11151 0)
(-2.98404 -2.80273 0)
(-3.88714 -2.39916 0)
(-4.6301 -1.92165 0)
(-5.1864 -1.39306 0)
(-5.53981 -0.836888 0)
(-5.66595 -0.280546 0)
(-5.5935 0.25081 0)
(-5.34516 0.752123 0)
(-4.9363 1.21328 0)
(-4.39157 1.61721 0)
(-3.73653 1.95613 0)
(-2.99651 2.22794 0)
(-2.19662 2.43452 0)
(-1.35628 2.56985 0)
(-0.49061 2.60969 0)
(0.372839 2.52962 0)
(1.19144 2.38464 0)
(1.93092 2.18484 0)
(2.57286 1.92007 0)
(3.10962 1.60373 0)
(3.5343 1.25335 0)
(3.83946 0.881762 0)
(4.02292 0.500906 0)
(4.07186 0.120885 0)
(4.01399 -0.24872 0)
(3.84769 -0.601356 0)
(3.57852 -0.929089 0)
(3.21456 -1.22461 0)
(2.76587 -1.4826 0)
(2.24377 -1.69876 0)
(1.66027 -1.87091 0)
(1.02582 -1.99589 0)
(0.351215 -2.05756 0)
(-0.335445 -2.02123 0)
(-0.999152 -1.91463 0)
(-1.61703 -1.75101 0)
(-2.16513 -1.52995 0)
(-2.62385 -1.26251 0)
(-2.97816 -0.961114 0)
(-3.21804 -0.638405 0)
(-3.33276 -0.308887 0)
(-3.32779 0.0124609 0)
(-3.22227 0.319826 0)
(-3.02135 0.607136 0)
(-2.73743 0.864046 0)
(-2.38354 1.08562 0)
(-1.97302 1.26976 0)
(-1.52009 1.41636 0)
(-1.03632 1.52133 0)
(-0.529662 1.57095 0)
(-0.0114097 1.54842 0)
(0.491147 1.47893 0)
(0.954819 1.37594 0)
(1.36437 1.23079 0)
(1.71428 1.04679 0)
(1.99698 0.835974 0)
(2.21128 0.607343 0)
(2.34728 0.368156 0)
(2.41655 0.128158 0)
(2.37053 -0.126335 0)
(2.36843 -0.331223 0)
(2.0663 -0.68456 0)
(-10.2682 1.13352 0)
(-9.55104 2.0539 0)
(-8.55879 2.86028 0)
(-7.34421 3.52986 0)
(-5.9603 4.05476 0)
(-4.45639 4.43786 0)
(-2.87378 4.68613 0)
(-1.24821 4.78278 0)
(0.360615 4.66469 0)
(1.86975 4.40441 0)
(3.24775 4.03749 0)
(4.47052 3.5809 0)
(5.51921 3.05459 0)
(6.37738 2.47222 0)
(7.03333 1.84774 0)
(7.48227 1.19705 0)
(7.71845 0.531109 0)
(7.73069 -0.138819 0)
(7.54259 -0.7975 0)
(7.14703 -1.43042 0)
(6.5534 -2.02292 0)
(5.77513 -2.55948 0)
(4.82945 -3.02629 0)
(3.73841 -3.41311 0)
(2.52737 -3.71157 0)
(1.22209 -3.90074 0)
(-0.144232 -3.92713 0)
(-1.48852 -3.77296 0)
(-2.75361 -3.50695 0)
(-3.89557 -3.1286 0)
(-4.87118 -2.64829 0)
(-5.64528 -2.0849 0)
(-6.19446 -1.46355 0)
(-6.51147 -0.812485 0)
(-6.57715 -0.155569 0)
(-6.44016 0.481149 0)
(-6.10395 1.07514 0)
(-5.58971 1.60774 0)
(-4.92334 2.06478 0)
(-4.13249 2.43868 0)
(-3.24507 2.72703 0)
(-2.28667 2.93489 0)
(-1.27923 3.05501 0)
(-0.254219 3.05201 0)
(0.73305 2.92622 0)
(1.65457 2.72424 0)
(2.48755 2.45414 0)
(3.2147 2.1276 0)
(3.82078 1.75548 0)
(4.29405 1.3481 0)
(4.62826 0.918004 0)
(4.82343 0.477083 0)
(4.865 0.0344324 0)
(4.77753 -0.398152 0)
(4.55648 -0.810755 0)
(4.20957 -1.19486 0)
(3.74731 -1.54149 0)
(3.18171 -1.8419 0)
(2.52713 -2.08911 0)
(1.79942 -2.27933 0)
(1.01355 -2.40876 0)
(0.188465 -2.45782 0)
(-0.630081 -2.38977 0)
(-1.40423 -2.23892 0)
(-2.11411 -2.02323 0)
(-2.73289 -1.746 0)
(-3.23918 -1.41621 0)
(-3.61834 -1.04707 0)
(-3.86407 -0.654662 0)
(-3.96803 -0.253064 0)
(-3.94055 0.141258 0)
(-3.7937 0.513119 0)
(-3.53408 0.851628 0)
(-3.17537 1.14872 0)
(-2.73283 1.39954 0)
(-2.22255 1.60141 0)
(-1.66083 1.75468 0)
(-1.06268 1.85603 0)
(-0.438705 1.88755 0)
(0.179265 1.84051 0)
(0.76295 1.74009 0)
(1.29936 1.59178 0)
(1.77582 1.40297 0)
(2.18046 1.18113 0)
(2.50402 0.933064 0)
(2.74079 0.666656 0)
(2.88987 0.390943 0)
(2.94446 0.112296 0)
(2.91403 -0.161058 0)
(2.80172 -0.421479 0)
(2.61097 -0.664145 0)
(2.34851 -0.883677 0)
(2.02248 -1.07468 0)
(1.64192 -1.23255 0)
(1.21634 -1.35443 0)
(0.755216 -1.44007 0)
(0.268318 -1.48512 0)
(-0.224026 -1.47158 0)
(-0.692771 -1.39058 0)
(-1.12727 -1.27129 0)
(-1.51436 -1.11603 0)
(-1.83992 -0.928453 0)
(-2.09439 -0.71512 0)
(-2.27231 -0.48494 0)
(-2.37086 -0.246569 0)
(-2.38681 -0.00915768 0)
(-2.33195 0.217707 0)
(-2.20756 0.427157 0)
(-2.02089 0.614544 0)
(-1.78026 0.777306 0)
(-1.49456 0.913702 0)
(-1.17331 1.02317 0)
(-0.824824 1.1022 0)
(-0.455342 1.13877 0)
(-0.0815575 1.12524 0)
(0.27889 1.07916 0)
(0.614981 1.00104 0)
(0.918402 0.895047 0)
(1.1819 0.765542 0)
(1.39653 0.616883 0)
(1.56201 0.45252 0)
(1.66827 0.278718 0)
(1.73011 0.0997549 0)
(1.70251 -0.0893288 0)
(1.70719 -0.246532 0)
(1.47662 -0.511575 0)
(-7.63073 0.761801 0)
(-7.17968 1.41768 0)
(-6.5112 1.99404 0)
(-5.65979 2.47579 0)
(-4.66221 2.85343 0)
(-3.55643 3.12762 0)
(-2.37878 3.30787 0)
(-1.16127 3.38972 0)
(0.0681623 3.32169 0)
(1.23249 3.13755 0)
(2.30195 2.8884 0)
(3.25967 2.57496 0)
(4.08775 2.20516 0)
(4.77161 1.79112 0)
(5.30045 1.34521 0)
(5.66791 0.879137 0)
(5.87219 0.401171 0)
(5.89693 -0.0809932 0)
(5.76405 -0.555663 0)
(5.46749 -1.01103 0)
(5.01615 -1.43624 0)
(4.42199 -1.8203 0)
(3.69966 -2.15239 0)
(2.86724 -2.42356 0)
(1.94926 -2.62873 0)
(0.970184 -2.75945 0)
(-0.057066 -2.78096 0)
(-1.06212 -2.67083 0)
(-2.00082 -2.48661 0)
(-2.85213 -2.22429 0)
(-3.58832 -1.88854 0)
(-4.18489 -1.4933 0)
(-4.62458 -1.05695 0)
(-4.90009 -0.598994 0)
(-4.99919 -0.134427 0)
(-4.93236 0.317308 0)
(-4.71181 0.738936 0)
(-4.34853 1.11953 0)
(-3.86123 1.44894 0)
(-3.27094 1.71977 0)
(-2.5991 1.92995 0)
(-1.86663 2.08153 0)
(-1.09316 2.17239 0)
(-0.29904 2.1737 0)
(0.470374 2.08368 0)
(1.19064 1.94679 0)
(1.84631 1.76233 0)
(2.42247 1.5342 0)
(2.90685 1.27035 0)
(3.28976 0.980287 0)
(3.56493 0.673573 0)
(3.73138 0.358649 0)
(3.77921 0.0411129 0)
(3.72073 -0.270791 0)
(3.55656 -0.568455 0)
(3.29226 -0.845167 0)
(2.93654 -1.09449 0)
(2.4996 -1.30978 0)
(1.99395 -1.48605 0)
(1.43315 -1.62058 0)
(0.831985 -1.71107 0)
(0.200349 -1.74758 0)
(-0.430568 -1.70267 0)
(-1.0232 -1.59317 0)
(-1.5677 -1.44286 0)
(-2.04672 -1.24892 0)
(-2.44485 -1.01739 0)
(-2.75068 -0.758127 0)
(-2.95784 -0.482391 0)
(-3.06189 -0.199434 0)
(-3.05947 0.0801321 0)
(-2.96365 0.345508 0)
(-2.77749 0.589062 0)
(-2.51148 0.804389 0)
(-2.17732 0.986618 0)
(-1.78724 1.1332 0)
(-1.35472 1.24504 0)
(-0.895184 1.32301 0)
(-0.405467 1.35624 0)
(0.0824177 1.31588 0)
(0.537518 1.24531 0)
(0.959291 1.14425 0)
(1.33698 1.01279 0)
(1.66047 0.855546 0)
(1.92238 0.678712 0)
(2.11754 0.488793 0)
(2.24414 0.29201 0)
(2.29823 0.0925043 0)
(2.28185 -0.104281 0)
(2.20031 -0.292499 0)
(2.05557 -0.467898 0)
(1.85307 -0.626436 0)
(1.59957 -0.764127 0)
(1.30273 -0.878194 0)
(0.970521 -0.965701 0)
(0.611836 -1.02557 0)
(0.235714 -1.05607 0)
(-0.147332 -1.04846 0)
(-0.515931 -0.992899 0)
(-0.855253 -0.90894 0)
(-1.15849 -0.800434 0)
(-1.41627 -0.66867 0)
(-1.62121 -0.518561 0)
(-1.7684 -0.356411 0)
(-1.8562 -0.1883 0)
(-1.8787 -0.0198951 0)
(-1.84529 0.142487 0)
(-1.75629 0.293906 0)
(-1.61714 0.430444 0)
(-1.4341 0.549261 0)
(-1.21385 0.648818 0)
(-0.963561 0.729273 0)
(-0.689882 0.788054 0)
(-0.398833 0.811635 0)
(-0.106198 0.802053 0)
(0.17665 0.771468 0)
(0.441884 0.718788 0)
(0.682408 0.645177 0)
(0.892363 0.553151 0)
(1.06458 0.446278 0)
(1.20058 0.327746 0)
(1.28438 0.203046 0)
(1.34206 0.0713695 0)
(1.317 -0.0619863 0)
(1.32105 -0.181406 0)
(1.12981 -0.372785 0)
(-6.32171 0.490461 0)
(-5.96674 0.933116 0)
(-5.42825 1.32327 0)
(-4.73437 1.65048 0)
(-3.91529 1.90745 0)
(-3.00263 2.09208 0)
(-2.02737 2.21209 0)
(-1.01676 2.27156 0)
(0.0102871 2.2174 0)
(0.980607 2.10277 0)
(1.8755 1.94771 0)
(2.68069 1.74211 0)
(3.37989 1.49552 0)
(3.95891 1.21775 0)
(4.40727 0.917282 0)
(4.71857 0.602022 0)
(4.8913 0.278583 0)
(4.91222 -0.0481488 0)
(4.79895 -0.370411 0)
(4.54697 -0.679033 0)
(4.16491 -0.966126 0)
(3.66391 -1.22401 0)
(3.05808 -1.44504 0)
(2.36449 -1.62311 0)
(1.60336 -1.75714 0)
(0.794732 -1.84526 0)
(-0.0588162 -1.84347 0)
(-0.885822 -1.77888 0)
(-1.65626 -1.66502 0)
(-2.35677 -1.49294 0)
(-2.96531 -1.27022 0)
(-3.46121 -1.0076 0)
(-3.82953 -0.717124 0)
(-4.06303 -0.411391 0)
(-4.15223 -0.10088 0)
(-4.10335 0.202693 0)
(-3.92597 0.487844 0)
(-3.62829 0.745244 0)
(-3.22582 0.96783 0)
(-2.73585 1.15063 0)
(-2.1767 1.29106 0)
(-1.56744 1.39125 0)
(-0.926049 1.45447 0)
(-0.263467 1.45499 0)
(0.38079 1.39224 0)
(0.983668 1.30694 0)
(1.53409 1.18736 0)
(2.01971 1.03636 0)
(2.42909 0.86057 0)
(2.75357 0.666427 0)
(2.98748 0.460315 0)
(3.12918 0.248089 0)
(3.17176 0.0336644 0)
(3.12307 -0.177643 0)
(2.98464 -0.379578 0)
(2.76106 -0.566973 0)
(2.46029 -0.73509 0)
(2.09151 -0.879655 0)
(1.66541 -0.997318 0)
(1.19427 -1.08592 0)
(0.692493 -1.14607 0)
(0.170503 -1.173 0)
(-0.353855 -1.13593 0)
(-0.848718 -1.06573 0)
(-1.30138 -0.96837 0)
(-1.70043 -0.84018 0)
(-2.03361 -0.686322 0)
(-2.29114 -0.513476 0)
(-2.46716 -0.329059 0)
(-2.55866 -0.139718 0)
(-2.56129 0.0479171 0)
(-2.48584 0.22698 0)
(-2.33391 0.391498 0)
(-2.11408 0.537039 0)
(-1.83617 0.660146 0)
(-1.51056 0.758468 0)
(-1.14748 0.832342 0)
(-0.755304 0.886233 0)
(-0.355091 0.912332 0)
(0.041415 0.877262 0)
(0.429037 0.833965 0)
(0.785997 0.769573 0)
(1.10493 0.68301 0)
(1.37889 0.578692 0)
(1.60141 0.460856 0)
(1.76801 0.333708 0)
(1.87666 0.201422 0)
(1.92479 0.06703 0)
(1.91267 -0.0660057 0)
(1.8451 -0.193716 0)
(1.72344 -0.312625 0)
(1.55249 -0.419844 0)
(1.33821 -0.512798 0)
(1.08765 -0.589527 0)
(0.808013 -0.647878 0)
(0.507825 -0.687048 0)
(0.196309 -0.706811 0)
(-0.124807 -0.699168 0)
(-0.435482 -0.662727 0)
(-0.718219 -0.609677 0)
(-0.970923 -0.53837 0)
(-1.18671 -0.45085 0)
(-1.3591 -0.350804 0)
(-1.48379 -0.242422 0)
(-1.55904 -0.129949 0)
(-1.58057 -0.0168683 0)
(-1.55471 0.0927224 0)
(-1.48196 0.194907 0)
(-1.36665 0.286794 0)
(-1.21424 0.366396 0)
(-1.03047 0.43265 0)
(-0.82102 0.486248 0)
(-0.591069 0.527219 0)
(-0.347435 0.54201 0)
(-0.103764 0.533681 0)
(0.13296 0.515676 0)
(0.355162 0.482186 0)
(0.557226 0.433637 0)
(0.73352 0.372562 0)
(0.878496 0.301114 0)
(0.992354 0.222035 0)
(1.06151 0.137629 0)
(1.10876 0.0476447 0)
(1.08361 -0.0382193 0)
(1.08377 -0.125671 0)
(0.91482 -0.250645 0)
(-5.7056 0.244147 0)
(-5.38595 0.497848 0)
(-4.89971 0.7227 0)
(-4.27196 0.913071 0)
(-3.53035 1.06483 0)
(-2.70434 1.17611 0)
(-1.82766 1.24958 0)
(-0.943945 1.30495 0)
(0.00552855 1.33501 0)
(0.914535 1.25237 0)
(1.71198 1.14802 0)
(2.43472 1.02436 0)
(3.06715 0.881803 0)
(3.5916 0.723119 0)
(3.99731 0.552128 0)
(4.27768 0.372808 0)
(4.43021 0.188634 0)
(4.44597 0.00108762 0)
(4.33714 -0.185208 0)
(4.10139 -0.363713 0)
(3.74739 -0.530163 0)
(3.2861 -0.680444 0)
(2.73078 -0.810058 0)
(2.09823 -0.915312 0)
(1.41112 -0.996831 0)
(0.700865 -1.06753 0)
(-0.0841041 -1.10936 0)
(-0.842165 -1.05403 0)
(-1.51835 -0.973663 0)
(-2.13768 -0.869352 0)
(-2.67851 -0.740966 0)
(-3.11961 -0.592337 0)
(-3.44739 -0.429128 0)
(-3.65475 -0.257675 0)
(-3.7345 -0.0825927 0)
(-3.69097 0.0901233 0)
(-3.53108 0.253295 0)
(-3.26231 0.401447 0)
(-2.89845 0.530688 0)
(-2.45514 0.637813 0)
(-1.94956 0.720542 0)
(-1.40091 0.779023 0)
(-0.832937 0.822684 0)
(-0.235596 0.850291 0)
(0.357721 0.821488 0)
(0.901656 0.767802 0)
(1.39428 0.695616 0)
(1.83075 0.60822 0)
(2.1996 0.507988 0)
(2.49213 0.397918 0)
(2.70278 0.281239 0)
(2.82935 0.161024 0)
(2.86696 0.0386757 0)
(2.82097 -0.082868 0)
(2.69279 -0.199404 0)
(2.48684 -0.307896 0)
(2.21054 -0.405858 0)
(1.87257 -0.490963 0)
(1.48332 -0.56037 0)
(1.05524 -0.612119 0)
(0.604667 -0.649107 0)
(0.139152 -0.678645 0)
(-0.337638 -0.663722 0)
(-0.783468 -0.622655 0)
(-1.18555 -0.564158 0)
(-1.54091 -0.490073 0)
(-1.8382 -0.402727 0)
(-2.06827 -0.305429 0)
(-2.22559 -0.201848 0)
(-2.30728 -0.09527 0)
(-2.3102 0.0114185 0)
(-2.24211 0.114247 0)
(-2.10477 0.2091 0)
(-1.90574 0.293479 0)
(-1.65378 0.365437 0)
(-1.35855 0.423338 0)
(-1.03054 0.466121 0)
(-0.682664 0.495856 0)
(-0.327504 0.514476 0)
(0.0427205 0.516705 0)
(0.39568 0.491092 0)
(0.713075 0.450638 0)
(0.998804 0.3999 0)
(1.24543 0.340155 0)
(1.44614 0.273241 0)
(1.59657 0.201262 0)
(1.69446 0.126376 0)
(1.73781 0.05001 0)
(1.72667 -0.0262368 0)
(1.66459 -0.0998892 0)
(1.55308 -0.168664 0)
(1.39669 -0.231011 0)
(1.20073 -0.285478 0)
(0.971818 -0.330643 0)
(0.717325 -0.365676 0)
(0.446617 -0.390345 0)
(0.17329 -0.408706 0)
(-0.122561 -0.422344 0)
(-0.408378 -0.392927 0)
(-0.657155 -0.357691 0)
(-0.881811 -0.315162 0)
(-1.07494 -0.264845 0)
(-1.22961 -0.208131 0)
(-1.34172 -0.147019 0)
(-1.40949 -0.0836198 0)
(-1.42982 -0.0193612 0)
(-1.40691 0.0434537 0)
(-1.34149 0.102324 0)
(-1.23726 0.155683 0)
(-1.09899 0.202207 0)
(-0.93213 0.2409 0)
(-0.743003 0.271208 0)
(-0.538686 0.296236 0)
(-0.321948 0.311682 0)
(-0.0989133 0.314879 0)
(0.116486 0.303355 0)
(0.314666 0.282328 0)
(0.495288 0.253911 0)
(0.652969 0.2189 0)
(0.783214 0.178242 0)
(0.882652 0.133704 0)
(0.948335 0.0850896 0)
(0.979131 0.0351001 0)
(0.969307 -0.015555 0)
(0.956496 -0.07098 0)
(0.802411 -0.127026 0)
(-5.34542 0.0631262 0)
(-5.13808 0.141424 0)
(-4.76922 0.211412 0)
(-4.25895 0.27144 0)
(-3.62974 0.320516 0)
(-2.9052 0.358243 0)
(-2.10646 0.384118 0)
(-1.25058 0.403487 0)
(-0.447892 0.466179 0)
(0.337346 0.412018 0)
(1.1208 0.369085 0)
(1.84712 0.326424 0)
(2.49221 0.280558 0)
(3.04339 0.231211 0)
(3.48998 0.178783 0)
(3.82367 0.124156 0)
(4.03924 0.0680484 0)
(4.13221 0.0102225 0)
(4.10068 -0.0477674 0)
(3.94805 -0.103405 0)
(3.67863 -0.155658 0)
(3.30109 -0.203405 0)
(2.82623 -0.245403 0)
(2.26667 -0.280563 0)
(1.63448 -0.307552 0)
(0.941026 -0.331514 0)
(0.277943 -0.391905 0)
(-0.374296 -0.344932 0)
(-1.04285 -0.310376 0)
(-1.66158 -0.274599 0)
(-2.2082 -0.23383 0)
(-2.66746 -0.188168 0)
(-3.0267 -0.138665 0)
(-3.27728 -0.0869093 0)
(-3.41502 -0.0336452 0)
(-3.43602 0.0194394 0)
(-3.34715 0.0697982 0)
(-3.15339 0.115832 0)
(-2.86555 0.156434 0)
(-2.4961 0.190727 0)
(-2.05898 0.217982 0)
(-1.56828 0.237659 0)
(-1.03596 0.249822 0)
(-0.508241 0.271203 0)
(0.016366 0.272355 0)
(0.523351 0.244683 0)
(1.00765 0.221263 0)
(1.44626 0.19296 0)
(1.82708 0.161663 0)
(2.14164 0.127903 0)
(2.3835 0.0923801 0)
(2.54851 0.0558735 0)
(2.63421 0.0183134 0)
(2.63816 -0.0193919 0)
(2.56381 -0.0556379 0)
(2.41342 -0.0896308 0)
(2.19277 -0.120657 0)
(1.90902 -0.147849 0)
(1.57082 -0.170481 0)
(1.18801 -0.187661 0)
(0.77039 -0.198271 0)
(0.342721 -0.208473 0)
(-0.0853169 -0.21797 0)
(-0.494948 -0.197786 0)
(-0.888464 -0.178071 0)
(-1.24383 -0.154387 0)
(-1.54905 -0.127379 0)
(-1.7955 -0.0977573 0)
(-1.97701 -0.0664259 0)
(-2.09018 -0.0341845 0)
(-2.13276 -0.00153299 0)
(-2.10602 0.0301707 0)
(-2.01357 0.0595317 0)
(-1.86056 0.0859439 0)
(-1.65408 0.108799 0)
(-1.40217 0.127503 0)
(-1.11351 0.141593 0)
(-0.796401 0.149789 0)
(-0.462904 0.15458 0)
(-0.137848 0.175089 0)
(0.175073 0.15739 0)
(0.483972 0.143554 0)
(0.768711 0.126649 0)
(1.01968 0.107763 0)
(1.23098 0.0871363 0)
(1.39799 0.0652018 0)
(1.5175 0.0424806 0)
(1.58781 0.0191894 0)
(1.60724 -0.00434007 0)
(1.5773 -0.0271996 0)
(1.49965 -0.0486533 0)
(1.37757 -0.0682577 0)
(1.21538 -0.0855796 0)
(1.01827 -0.100136 0)
(0.792212 -0.111794 0)
(0.543022 -0.120426 0)
(0.275688 -0.127817 0)
(0.0234649 -0.148002 0)
(-0.222877 -0.128786 0)
(-0.470946 -0.114024 0)
(-0.697245 -0.0997659 0)
(-0.89449 -0.0839514 0)
(-1.05777 -0.0666027 0)
(-1.18309 -0.0481149 0)
(-1.26793 -0.0289587 0)
(-1.31085 -0.00929415 0)
(-1.31141 0.0101937 0)
(-1.27174 0.0285301 0)
(-1.19412 0.0452973 0)
(-1.08231 0.0601645 0)
(-0.940679 0.0726791 0)
(-0.774035 0.0823532 0)
(-0.586791 0.0885768 0)
(-0.38982 0.0948541 0)
(-0.19028 0.105011 0)
(0.00304048 0.0967195 0)
(0.195014 0.0900894 0)
(0.374076 0.0806718 0)
(0.533949 0.0696589 0)
(0.670246 0.0572952 0)
(0.77925 0.0438636 0)
(0.858765 0.0295975 0)
(0.903697 0.0146332 0)
(0.917977 -0.00163711 0)
(0.895505 -0.0112781 0)
(0.822504 -0.0260718 0)
(-0.534892 2.15489 0)
(-0.868012 7.79483 0)
(-1.01742 12.0881 0)
(-1.11945 15.9205 0)
(-1.18545 19.1582 0)
(-1.1818 21.7884 0)
(-1.16836 23.8456 0)
(-1.0253 25.2831 0)
(-0.759318 25.7308 0)
(-0.491105 25.2264 0)
(-0.248068 23.9095 0)
(-0.0403639 21.7203 0)
(0.135872 18.6496 0)
(0.264019 14.8173 0)
(0.319006 10.5728 0)
(0.247206 6.5013 0)
(0.0655828 3.2667 0)
(0.000127306 1.60268 0)
(0.0949438 -2.38254 0)
(0.15532 -6.59003 0)
(0.169058 -10.011 0)
(0.198769 -13.0293 0)
(0.244498 -15.5739 0)
(0.303289 -17.6647 0)
(0.392137 -19.328 0)
(0.529776 -20.4608 0)
(0.731579 -20.6229 0)
(0.857438 -20.0295 0)
(0.91039 -18.7463 0)
(0.880491 -16.7614 0)
(0.765574 -14.1038 0)
(0.577945 -10.9103 0)
(0.352627 -7.50748 0)
(0.173575 -4.38917 0)
(0.090979 -2.10035 0)
(-0.0365303 -0.920224 0)
(-0.304547 2.92665 0)
(-0.52389 5.88369 0)
(-0.649627 8.43906 0)
(-0.742268 10.678 0)
(-0.799524 12.5465 0)
(-0.805205 14.0539 0)
(-0.753671 15.2036 0)
(-0.638088 15.8928 0)
(-0.490758 15.8758 0)
(-0.351627 15.3718 0)
(-0.222684 14.3451 0)
(-0.108691 12.7552 0)
(-0.0169548 10.6101 0)
(0.0462551 8.04459 0)
(0.0683923 5.37046 0)
(0.0214806 3.02759 0)
(-0.0516807 1.45935 0)
(-0.0373449 0.444415 0)
(0.0140571 -2.79515 0)
(0.01473 -4.96589 0)
(0.0199747 -6.93004 0)
(0.0480185 -8.63985 0)
(0.0899876 -10.0683 0)
(0.150565 -11.2343 0)
(0.235987 -12.1283 0)
(0.357833 -12.5914 0)
(0.463565 -12.4746 0)
(0.542061 -11.9428 0)
(0.575393 -10.9761 0)
(0.560766 -9.5664 0)
(0.499842 -7.75809 0)
(0.400062 -5.69881 0)
(0.283697 -3.65266 0)
(0.195573 -1.94482 0)
(0.149146 -0.891005 0)
(0.0361397 0.40343 0)
(-0.126659 2.65068 0)
(-0.236335 4.30298 0)
(-0.32581 5.77053 0)
(-0.403682 7.01818 0)
(-0.456271 8.03824 0)
(-0.476829 8.84262 0)
(-0.454774 9.4185 0)
(-0.378615 9.63687 0)
(-0.302445 9.48046 0)
(-0.226733 9.01876 0)
(-0.155243 8.22381 0)
(-0.0921054 7.08134 0)
(-0.0395566 5.63202 0)
(-0.0014491 4.01592 0)
(0.00798282 2.47335 0)
(-0.0154208 1.26168 0)
(-0.0225672 0.60344 0)
(-0.00511163 -0.775342 0)
(-0.000906096 -2.33247 0)
(-0.00247399 -3.6026 0)
(0.0042954 -4.71808 0)
(0.0185724 -5.65857 0)
(0.0417606 -6.43346 0)
(0.0794797 -7.05611 0)
(0.136209 -7.49195 0)
(0.212566 -7.58313 0)
(0.265859 -7.39012 0)
(0.303274 -6.93874 0)
(0.316072 -6.21524 0)
(0.304171 -5.22749 0)
(0.269136 -4.03669 0)
(0.216486 -2.78017 0)
(0.166605 -1.64976 0)
(0.124156 -0.839901 0)
(0.0901737 -0.328672 0)
(0.0111537 1.08876 0)
(-0.0669385 2.13336 0)
(-0.132969 3.06695 0)
(-0.192133 3.88345 0)
(-0.241111 4.56278 0)
(-0.273615 5.10867 0)
(-0.284253 5.52734 0)
(-0.262075 5.7906 0)
(-0.220829 5.79597 0)
(-0.176755 5.61913 0)
(-0.131763 5.23733 0)
(-0.0872562 4.65888 0)
(-0.0447131 3.90752 0)
(-0.00411578 3.05111 0)
(0.0291842 2.16565 0)
(0.0429206 1.34256 0)
(-2.82791 2.68059 0)
(-3.33783 7.86857 0)
(-3.36051 12.183 0)
(-3.27119 15.9435 0)
(-3.13594 19.1152 0)
(-2.90505 21.7175 0)
(-2.64202 23.7707 0)
(-2.34196 25.1897 0)
(-1.93412 25.5692 0)
(-1.39537 25.0109 0)
(-0.751899 23.6112 0)
(-0.0162218 21.3482 0)
(0.747556 18.2637 0)
(1.41108 14.5231 0)
(1.79751 10.4749 0)
(1.67848 6.64473 0)
(1.66511 3.4285 0)
(1.82956 1.2815 0)
(2.46348 -2.74648 0)
(2.89754 -6.74878 0)
(2.94408 -10.1343 0)
(2.88872 -13.0955 0)
(2.75173 -15.5945 0)
(2.49395 -17.6495 0)
(2.13349 -19.2922 0)
(1.66608 -20.4185 0)
(1.11588 -20.5815 0)
(0.616439 -19.9901 0)
(0.165105 -18.6805 0)
(-0.261726 -16.6404 0)
(-0.657841 -13.9106 0)
(-0.97827 -10.6676 0)
(-1.1173 -7.28061 0)
(-0.922232 -4.27835 0)
(-0.947004 -2.02213 0)
(-1.08006 -0.68538 0)
(-1.57806 3.23474 0)
(-1.78738 6.06522 0)
(-1.80385 8.57717 0)
(-1.80269 10.7574 0)
(-1.75035 12.5737 0)
(-1.63568 14.0398 0)
(-1.48547 15.1629 0)
(-1.29511 15.8193 0)
(-1.03842 15.78 0)
(-0.718123 15.2421 0)
(-0.345555 14.174 0)
(0.0668539 12.5573 0)
(0.466546 10.4264 0)
(0.765294 7.92211 0)
(0.853128 5.34138 0)
(0.672451 3.10087 0)
(0.695122 1.4632 0)
(0.835232 0.245849 0)
(1.1873 -2.86047 0)
(1.25845 -5.04436 0)
(1.23298 -7.00079 0)
(1.21356 -8.70224 0)
(1.15925 -10.1258 0)
(1.06514 -11.2848 0)
(0.931488 -12.1675 0)
(0.736159 -12.615 0)
(0.508668 -12.4968 0)
(0.28928 -11.9549 0)
(0.0641835 -10.9622 0)
(-0.16518 -9.51152 0)
(-0.37517 -7.65786 0)
(-0.521303 -5.5659 0)
(-0.518702 -3.52388 0)
(-0.406763 -1.87853 0)
(-0.399959 -0.879948 0)
(-0.560562 0.561232 0)
(-0.799081 2.77663 0)
(-0.847794 4.42366 0)
(-0.843932 5.86838 0)
(-0.833559 7.08967 0)
(-0.789137 8.08583 0)
(-0.720799 8.87055 0)
(-0.641908 9.42413 0)
(-0.529538 9.60266 0)
(-0.369242 9.4316 0)
(-0.182333 8.94769 0)
(0.0298769 8.1305 0)
(0.252412 6.9795 0)
(0.444799 5.54134 0)
(0.55289 3.95616 0)
(0.506388 2.46025 0)
(0.455037 1.27028 0)
(0.442445 0.589665 0)
(0.571133 -0.833677 0)
(0.674665 -2.38329 0)
(0.660179 -3.64709 0)
(0.623846 -4.756 0)
(0.582366 -5.69457 0)
(0.521573 -6.46807 0)
(0.444114 -7.08585 0)
(0.342511 -7.51107 0)
(0.207706 -7.59092 0)
(0.0710104 -7.39494 0)
(-0.0653658 -6.93547 0)
(-0.203893 -6.19762 0)
(-0.333388 -5.1906 0)
(-0.431013 -3.9813 0)
(-0.459458 -2.71686 0)
(-0.376259 -1.6061 0)
(-0.365094 -0.790357 0)
(-0.380602 -0.337306 0)
(-0.505101 1.15324 0)
(-0.536562 2.20032 0)
(-0.516334 3.12681 0)
(-0.494082 3.9315 0)
(-0.458213 4.59953 0)
(-0.407843 5.13468 0)
(-0.351228 5.54277 0)
(-0.283923 5.79014 0)
(-0.19377 5.78144 0)
(-0.0825136 5.5877 0)
(0.0464189 5.19455 0)
(0.184664 4.60224 0)
(0.314987 3.8363 0)
(0.424224 2.97947 0)
(0.483002 2.12489 0)
(0.481479 1.3255 0)
(0.452599 0.619155 0)
(0.505164 -0.20063 0)
(-6.25657 3.36376 0)
(-6.52791 7.94809 0)
(-6.34227 12.122 0)
(-5.99975 15.7398 0)
(-5.5849 18.8088 0)
(-5.06723 21.3352 0)
(-4.46587 23.3204 0)
(-3.72519 24.6224 0)
(-2.75403 24.7558 0)
(-1.62893 24.0582 0)
(-0.405185 22.5298 0)
(0.857788 20.2138 0)
(2.05476 17.2212 0)
(3.0429 13.7619 0)
(3.6517 10.1363 0)
(3.79873 6.70634 0)
(4.07749 3.61204 0)
(4.60332 0.197126 0)
(5.2589 -3.38259 0)
(5.64108 -6.92282 0)
(5.61211 -10.1228 0)
(5.40532 -12.8907 0)
(5.0537 -15.2199 0)
(4.54714 -17.1082 0)
(3.90297 -18.5671 0)
(3.07541 -19.5042 0)
(2.04639 -19.6002 0)
(0.952727 -19.0492 0)
(-0.149376 -17.8061 0)
(-1.19903 -15.8714 0)
(-2.10251 -13.3323 0)
(-2.74506 -10.3997 0)
(-2.99234 -7.39836 0)
(-2.84105 -4.6996 0)
(-2.96289 -2.29003 0)
(-3.22124 0.429045 0)
(-3.6616 3.30521 0)
(-3.74508 6.0717 0)
(-3.62198 8.52624 0)
(-3.45125 10.6327 0)
(-3.21343 12.3905 0)
(-2.91354 13.8109 0)
(-2.56035 14.8827 0)
(-2.09739 15.4259 0)
(-1.51685 15.3072 0)
(-0.867879 14.6859 0)
(-0.169763 13.5529 0)
(0.540516 11.9316 0)
(1.18685 9.90385 0)
(1.66936 7.63257 0)
(1.86443 5.35232 0)
(1.77106 3.33543 0)
(1.95912 1.50308 0)
(2.27332 -0.642498 0)
(2.68719 -2.91069 0)
(2.79318 -5.05185 0)
(2.75294 -6.94648 0)
(2.66822 -8.58182 0)
(2.51275 -9.9457 0)
(2.29072 -11.0382 0)
(1.99919 -11.8369 0)
(1.58995 -12.1876 0)
(1.07596 -12.0383 0)
(0.515069 -11.4779 0)
(-0.0754233 -10.489 0)
(-0.650063 -9.09252 0)
(-1.13405 -7.37619 0)
(-1.43794 -5.50682 0)
(-1.46895 -3.71335 0)
(-1.36033 -2.20198 0)
(-1.54766 -0.683467 0)
(-1.75987 1.03455 0)
(-1.98776 2.78005 0)
(-1.9835 4.38994 0)
(-1.89829 5.78886 0)
(-1.78709 6.97222 0)
(-1.63387 7.94146 0)
(-1.45105 8.70515 0)
(-1.22917 9.22917 0)
(-0.936145 9.35512 0)
(-0.590026 9.14341 0)
(-0.213372 8.61836 0)
(0.182983 7.78141 0)
(0.568348 6.65878 0)
(0.889884 5.32492 0)
(1.08083 3.9082 0)
(1.07057 2.57908 0)
(0.998802 1.47962 0)
(1.15894 0.293194 0)
(1.33378 -1.04634 0)
(1.46614 -2.37735 0)
(1.45458 -3.59626 0)
(1.39709 -4.66354 0)
(1.31531 -5.5721 0)
(1.20025 -6.31825 0)
(1.05832 -6.90198 0)
(0.874001 -7.28423 0)
(0.624968 -7.32452 0)
(0.338996 -7.11646 0)
(0.0246556 -6.64945 0)
(-0.302716 -5.9266 0)
(-0.607154 -4.9802 0)
(-0.838468 -3.88841 0)
(-0.935759 -2.77367 0)
(-0.872921 -1.783 0)
(-0.910171 -0.930755 0)
(-1.01387 0.0761542 0)
(-1.18146 1.1396 0)
(-1.21093 2.15333 0)
(-1.16293 3.05696 0)
(-1.09652 3.83581 0)
(-1.00427 4.48567 0)
(-0.88926 5.0105 0)
(-0.756424 5.40929 0)
(-0.589293 5.62731 0)
(-0.382863 5.59697 0)
(-0.154357 5.37969 0)
(0.0890965 4.96948 0)
(0.334788 4.38651 0)
(0.556778 3.66333 0)
(0.728495 2.86974 0)
(0.81572 2.08856 0)
(0.875284 1.33821 0)
(0.888283 0.735614 0)
(0.988286 -0.386503 0)
(-9.6978 3.47506 0)
(-9.77642 7.78205 0)
(-9.48126 11.7392 0)
(-8.9492 15.1942 0)
(-8.25564 18.1399 0)
(-7.4142 20.5591 0)
(-6.41665 22.4042 0)
(-5.14396 23.4248 0)
(-3.60377 23.4095 0)
(-1.95116 22.6068 0)
(-0.257776 21.0482 0)
(1.39368 18.8109 0)
(2.8916 16.0223 0)
(4.11254 12.8653 0)
(4.97952 9.56381 0)
(5.71075 6.29262 0)
(6.61405 2.93836 0)
(7.27486 -0.408205 0)
(7.90466 -3.74044 0)
(8.21119 -7.01589 0)
(8.14053 -9.9672 0)
(7.7937 -12.5249 0)
(7.22105 -14.6887 0)
(6.45787 -16.4492 0)
(5.51544 -17.7782 0)
(4.32635 -18.4567 0)
(2.92962 -18.4003 0)
(1.45405 -17.7409 0)
(-0.0448761 -16.4763 0)
(-1.47557 -14.6423 0)
(-2.71508 -12.3407 0)
(-3.64216 -9.74808 0)
(-4.19501 -7.0849 0)
(-4.58835 -4.49586 0)
(-5.08022 -1.8832 0)
(-5.42184 0.710902 0)
(-5.7336 3.42165 0)
(-5.78239 6.02289 0)
(-5.61604 8.33001 0)
(-5.32102 10.327 0)
(-4.91937 12.0085 0)
(-4.42834 13.3626 0)
(-3.82596 14.3395 0)
(-3.03964 14.7099 0)
(-2.13598 14.5259 0)
(-1.17624 13.8562 0)
(-0.20083 12.7185 0)
(0.73526 11.161 0)
(1.55477 9.27796 0)
(2.17115 7.21112 0)
(2.54373 5.13807 0)
(2.91556 3.16587 0)
(3.41595 1.10126 0)
(3.82264 -0.960455 0)
(4.21295 -3.10187 0)
(4.37892 -5.12458 0)
(4.36799 -6.90469 0)
(4.23391 -8.44078 0)
(3.98445 -9.72251 0)
(3.62989 -10.7453 0)
(3.14207 -11.4539 0)
(2.47175 -11.6262 0)
(1.70013 -11.3978 0)
(0.876508 -10.7723 0)
(0.0373553 -9.76787 0)
(-0.752907 -8.43334 0)
(-1.41428 -6.86429 0)
(-1.87009 -5.19635 0)
(-2.12587 -3.57417 0)
(-2.42526 -2.01584 0)
(-2.71259 -0.39654 0)
(-2.96937 1.20131 0)
(-3.15054 2.84166 0)
(-3.16296 4.3574 0)
(-3.06693 5.67596 0)
(-2.89696 6.80221 0)
(-2.66386 7.73028 0)
(-2.37621 8.45024 0)
(-1.99985 8.8932 0)
(-1.52057 8.94266 0)
(-0.991751 8.69436 0)
(-0.439984 8.14894 0)
(0.108485 7.32233 0)
(0.613553 6.25547 0)
(1.02663 5.02588 0)
(1.29563 3.74041 0)
(1.43033 2.51707 0)
(1.65825 1.35856 0)
(1.86968 0.10658 0)
(2.08513 -1.16103 0)
(2.23751 -2.43131 0)
(2.27745 -3.59394 0)
(2.24299 -4.6095 0)
(2.14987 -5.47703 0)
(2.00258 -6.19032 0)
(1.79894 -6.74086 0)
(1.50471 -7.04564 0)
(1.11904 -7.03237 0)
(0.693003 -6.77473 0)
(0.241765 -6.27462 0)
(-0.208059 -5.55208 0)
(-0.614146 -4.65326 0)
(-0.928855 -3.65378 0)
(-1.114 -2.64787 0)
(-1.24132 -1.70746 0)
(-1.44463 -0.762991 0)
(-1.5964 0.201468 0)
(-1.74535 1.20734 0)
(-1.79829 2.16851 0)
(-1.77244 3.01978 0)
(-1.69745 3.75664 0)
(-1.57941 4.37621 0)
(-1.42589 4.87411 0)
(-1.23252 5.23814 0)
(-0.975103 5.39533 0)
(-0.669097 5.33775 0)
(-0.342665 5.10046 0)
(-0.0109412 4.68641 0)
(0.307324 4.11933 0)
(0.58929 3.4417 0)
(0.808269 2.70407 0)
(0.947538 1.9915 0)
(1.09808 1.23034 0)
(1.22079 0.617449 0)
(1.40442 -0.497922 0)
(-12.6787 3.69758 0)
(-12.7366 7.64241 0)
(-12.4055 11.286 0)
(-11.7694 14.4975 0)
(-10.8963 17.2331 0)
(-9.79086 19.4621 0)
(-8.37962 21.0622 0)
(-6.55666 21.6717 0)
(-4.53847 21.5244 0)
(-2.41387 20.6549 0)
(-0.269187 19.1237 0)
(1.79792 17.0115 0)
(3.68357 14.4342 0)
(5.33282 11.5471 0)
(6.83601 8.47834 0)
(8.31844 5.23199 0)
(9.44469 1.91065 0)
(10.3469 -1.22025 0)
(10.9527 -4.25847 0)
(11.1354 -7.13206 0)
(10.8875 -9.70977 0)
(10.2755 -11.956 0)
(9.35973 -13.865 0)
(8.16701 -15.3992 0)
(6.69231 -16.4287 0)
(4.97997 -16.8381 0)
(3.16655 -16.6992 0)
(1.34607 -16.0142 0)
(-0.426374 -14.8113 0)
(-2.06873 -13.1452 0)
(-3.49006 -11.1098 0)
(-4.62909 -8.82787 0)
(-5.53517 -6.4137 0)
(-6.36001 -3.90538 0)
(-6.98424 -1.35315 0)
(-7.4394 1.12807 0)
(-7.74426 3.60675 0)
(-7.79239 5.96486 0)
(-7.6078 8.08331 0)
(-7.25151 9.92518 0)
(-6.7533 11.4806 0)
(-6.09842 12.7166 0)
(-5.21194 13.4797 0)
(-4.10845 13.6779 0)
(-2.90119 13.4183 0)
(-1.63123 12.7165 0)
(-0.353763 11.6079 0)
(0.860926 10.1457 0)
(1.9374 8.41753 0)
(2.84319 6.54425 0)
(3.69154 4.61155 0)
(4.57597 2.56359 0)
(5.25675 0.488391 0)
(5.87178 -1.48501 0)
(6.30446 -3.42606 0)
(6.4804 -5.22741 0)
(6.4167 -6.81913 0)
(6.15068 -8.19809 0)
(5.69037 -9.34746 0)
(5.02796 -10.2141 0)
(4.13894 -10.6515 0)
(3.1125 -10.7171 0)
(2.03103 -10.4213 0)
(0.938691 -9.7794 0)
(-0.116783 -8.82369 0)
(-1.07296 -7.6079 0)
(-1.87269 -6.21116 0)
(-2.50283 -4.72485 0)
(-3.05898 -3.20052 0)
(-3.58465 -1.61677 0)
(-3.95658 -0.052703 0)
(-4.27646 1.46583 0)
(-4.46603 2.95514 0)
(-4.49672 4.32626 0)
(-4.39994 5.53118 0)
(-4.20649 6.56383 0)
(-3.92277 7.42 0)
(-3.52335 8.05639 0)
(-2.95817 8.33922 0)
(-2.30111 8.33219 0)
(-1.5873 8.0476 0)
(-0.844766 7.49941 0)
(-0.111114 6.71147 0)
(0.563168 5.72303 0)
(1.12722 4.60247 0)
(1.57615 3.43884 0)
(2.03394 2.27601 0)
(2.51012 1.03489 0)
(2.88662 -0.202708 0)
(3.23128 -1.40448 0)
(3.45974 -2.56321 0)
(3.55328 -3.61526 0)
(3.52926 -4.53945 0)
(3.3995 -5.33421 0)
(3.15577 -5.98005 0)
(2.77769 -6.42114 0)
(2.26118 -6.58019 0)
(1.67161 -6.51515 0)
(1.05247 -6.2273 0)
(0.428767 -5.73159 0)
(-0.162933 -5.05407 0)
(-0.680725 -4.23816 0)
(-1.09404 -3.34453 0)
(-1.4263 -2.43196 0)
(-1.7697 -1.50096 0)
(-2.04989 -0.532514 0)
(-2.28399 0.401018 0)
(-2.46632 1.32476 0)
(-2.55292 2.19598 0)
(-2.55359 2.97289 0)
(-2.48975 3.64569 0)
(-2.37097 4.21472 0)
(-2.19133 4.66982 0)
(-1.92506 4.96189 0)
(-1.57211 5.04413 0)
(-1.17146 4.95978 0)
(-0.743246 4.71197 0)
(-0.306889 4.31114 0)
(0.110506 3.77764 0)
(0.480416 3.14972 0)
(0.780792 2.4695 0)
(1.06319 1.82098 0)
(1.34767 1.0337 0)
(1.60084 0.424726 0)
(1.93615 -0.674848 0)
)
;

boundaryField
{
    inlet
    {
        type            calculated;
        value           nonuniform List<vector> 0();
    }
    outlet
    {
        type            calculated;
        value           nonuniform List<vector> 
14
(
(0.505164 -0.20063 0)
(0.988286 -0.386503 0)
(1.40442 -0.497922 0)
(1.93615 -0.674848 0)
(3.04325 -0.965179 0)
(4.32047 -1.24408 0)
(4.32541 -1.17533 0)
(3.14064 -0.915642 0)
(2.0663 -0.68456 0)
(1.47662 -0.511575 0)
(1.12981 -0.372785 0)
(0.91482 -0.250645 0)
(0.802411 -0.127026 0)
(0.822504 -0.0260718 0)
)
;
    }
    topWall
    {
        type            calculated;
        value           uniform (0 0 0);
    }
    lowerWall
    {
        type            calculated;
        value           nonuniform List<vector> 0();
    }
    leadingEdge
    {
        type            calculated;
        value           nonuniform List<vector> 0();
    }
    trailingEdge
    {
        type            calculated;
        value           nonuniform List<vector> 0();
    }
    upperSurface
    {
        type            calculated;
        value           nonuniform List<vector> 0();
    }
    lowerSurface
    {
        type            calculated;
        value           nonuniform List<vector> 0();
    }
    frontAndBack
    {
        type            empty;
    }
    procBoundary7to2
    {
        type            processor;
        value           uniform (-0.230927 -2.11286 0);
    }
    procBoundary7to3
    {
        type            processor;
        value           nonuniform List<vector> 
126
(
(0.264328 1.6648 0)
(0.432897 7.60771 0)
(0.430633 11.9502 0)
(0.419264 15.8267 0)
(0.428815 19.1271 0)
(0.444545 21.8512 0)
(0.490526 24.0579 0)
(0.611101 25.6702 0)
(0.822678 26.1701 0)
(0.962129 25.561 0)
(1.02112 24.0874 0)
(0.985627 21.7503 0)
(0.84588 18.5689 0)
(0.610174 14.6691 0)
(0.319951 10.3962 0)
(0.0844177 6.32444 0)
(-0.00455129 3.11357 0)
(-0.142312 1.47343 0)
(-0.445946 -2.66224 0)
(-0.719891 -6.74499 0)
(-0.860921 -10.1164 0)
(-0.954168 -13.084 0)
(-1.00549 -15.5703 0)
(-0.991248 -17.5826 0)
(-0.917951 -19.1393 0)
(-0.804367 -20.1637 0)
(-0.600602 -20.3114 0)
(-0.40416 -19.7972 0)
(-0.225489 -18.6241 0)
(-0.0746336 -16.7473 0)
(0.0453812 -14.1704 0)
(0.127505 -11.028 0)
(0.159889 -7.64484 0)
(0.105667 -4.51527 0)
(-0.0108929 -2.17675 0)
(-0.0262009 -1.0415 0)
(0.0388279 2.70678 0)
(0.0511663 5.76986 0)
(0.0582213 8.3591 0)
(0.0915347 10.6375 0)
(0.141171 12.5535 0)
(0.209276 14.1269 0)
(0.306378 15.3624 0)
(0.435901 16.1238 0)
(0.580335 16.0945 0)
(0.691024 15.5303 0)
(0.737576 14.4241 0)
(0.715199 12.7595 0)
(0.629714 10.562 0)
(0.493683 7.96717 0)
(0.335362 5.28162 0)
(0.20978 2.93778 0)
(0.128785 1.39781 0)
(-0.00425468 0.296818 0)
(-0.203993 -2.90785 0)
(-0.342208 -5.05237 0)
(-0.453445 -6.99274 0)
(-0.546314 -8.67379 0)
(-0.604953 -10.0638 0)
(-0.621573 -11.1735 0)
(-0.590575 -11.9971 0)
(-0.495735 -12.4148 0)
(-0.391202 -12.3172 0)
(-0.286004 -11.8316 0)
(-0.188712 -10.9198 0)
(-0.104655 -9.56042 0)
(-0.0379253 -7.79128 0)
(0.00862883 -5.75403 0)
(0.0266888 -3.71382 0)
(0.00103404 -1.9955 0)
(-0.0280955 -0.919398 0)
(-0.0233254 0.23096 0)
(-0.0102179 2.58018 0)
(-0.00421503 4.23796 0)
(0.00764941 5.71814 0)
(0.0294636 6.98705 0)
(0.0621281 8.03925 0)
(0.112287 8.89313 0)
(0.177534 9.52778 0)
(0.280748 9.77126 0)
(0.361841 9.59614 0)
(0.41221 9.09697 0)
(0.433064 8.26124 0)
(0.417394 7.08657 0)
(0.37054 5.61534 0)
(0.300371 3.98475 0)
(0.224862 2.43241 0)
(0.167454 1.22222 0)
(0.112627 0.573086 0)
(0.0265722 -0.888807 0)
(-0.0822253 -2.40854 0)
(-0.172345 -3.66321 0)
(-0.249562 -4.76479 0)
(-0.312914 -5.68694 0)
(-0.354965 -6.43356 0)
(-0.370229 -7.014 0)
(-0.351272 -7.40345 0)
(-0.293658 -7.47675 0)
(-0.237122 -7.30096 0)
(-0.177639 -6.87612 0)
(-0.121124 -6.18103 0)
(-0.0702723 -5.21881 0)
(-0.0273334 -4.04821 0)
(0.0039929 -2.8041 0)
(0.0095922 -1.67763 0)
(-0.00267214 -0.859842 0)
(0.00273718 -0.365715 0)
(0.0158721 1.0072 0)
(0.015583 2.07748 0)
(0.0163965 3.01641 0)
(0.0223043 3.84212 0)
(0.0317425 4.53647 0)
(0.0485129 5.1073 0)
(0.0772521 5.56354 0)
(0.126178 5.86388 0)
(0.175531 5.87413 0)
(0.208374 5.68239 0)
(0.226396 5.28365 0)
(0.228893 4.68625 0)
(0.212998 3.91498 0)
(0.18041 3.04446 0)
(0.137032 2.14663 0)
(0.0916322 1.30879 0)
(0.0258453 0.595278 0)
(0.0258453 0.595278 0)
(0.0261277 -0.109014 0)
)
;
    }
    procBoundary7to6
    {
        type            processor;
        value           nonuniform List<vector> 
15
(
(-14.8226 0.295489 0)
(-17.3325 1.0255 0)
(-19.9692 2.01273 0)
(-19.8198 2.6342 0)
(-15.1744 1.91215 0)
(-15.1744 1.91215 0)
(-10.6614 0.130576 0)
(-7.83553 0.0442001 0)
(-6.47126 0.0093734 0)
(-5.83938 -0.030479 0)
(-5.37844 -0.0214058 0)
(-2.30422 -1.787 0)
(-5.94992 -1.18462 0)
(-9.43458 -0.80525 0)
(-12.3017 -0.321822 0)
)
;
    }
}


// ************************************************************************* //
