/*--------------------------------*- C++ -*----------------------------------*\
| =========                 |                                                 |
| \\      /  F ield         | OpenFOAM: The Open Source CFD Toolbox           |
|  \\    /   O peration     | Version:  2206                                  |
|   \\  /    A nd           | Website:  www.openfoam.com                      |
|    \\/     M anipulation  |                                                 |
\*---------------------------------------------------------------------------*/
FoamFile
{
    version     2.0;
    format      ascii;
    arch        "LSB;label=32;scalar=64";
    class       volVectorField;
    location    "19.4001";
    object      U;
}
// * * * * * * * * * * * * * * * * * * * * * * * * * * * * * * * * * * * * * //

dimensions      [0 1 -1 0 0 0 0];

internalField   nonuniform List<vector> 
3025
(
(-0.300725 0.0485985 0)
(-0.375298 0.054882 0)
(-0.459343 0.0549847 0)
(-0.539764 0.0476568 0)
(-0.601928 0.0333159 0)
(-0.633263 0.0139054 0)
(-0.627274 -0.008427 0)
(-0.588392 -0.0268556 0)
(-0.521781 -0.0379383 0)
(-0.434944 -0.0413924 0)
(-0.345769 -0.0398272 0)
(-0.259984 -0.0345333 0)
(-0.184197 -0.0269181 0)
(-0.123654 -0.0179883 0)
(-0.0822195 -0.00911468 0)
(-0.0594454 -0.00136151 0)
(-0.0530672 0.00538651 0)
(-0.0594969 0.0103346 0)
(-0.0736437 0.0115476 0)
(-0.0879686 0.00906633 0)
(-0.09497 0.00371557 0)
(-0.0910631 -0.00412615 0)
(-0.0751889 -0.0119722 0)
(-0.0476529 -0.0186769 0)
(-0.00596111 -0.022561 0)
(0.0447861 -0.0242849 0)
(0.0995401 -0.0245616 0)
(0.158068 -0.024125 0)
(0.216901 -0.0230609 0)
(0.274442 -0.0210673 0)
(0.32839 -0.0181396 0)
(0.376925 -0.0146854 0)
(0.419155 -0.0111775 0)
(0.454337 -0.00795203 0)
(0.48238 -0.0052586 0)
(0.503658 -0.00325447 0)
(0.518939 -0.00198399 0)
(0.529321 -0.00138884 0)
(0.53621 -0.00136621 0)
(0.541233 -0.00185471 0)
(0.545831 -0.00290903 0)
(0.551053 -0.00439868 0)
(0.557831 -0.00623211 0)
(0.567051 -0.00821841 0)
(0.579747 -0.0101453 0)
(0.596801 -0.0120254 0)
(0.618655 -0.0139186 0)
(0.64547 -0.0158941 0)
(0.677466 -0.0180984 0)
(0.714887 -0.0208453 0)
(0.759399 -0.0247237 0)
(0.81059 -0.0307774 0)
(0.882203 -0.0453789 0)
(0.95012 -0.0572241 0)
(-0.159321 0.0844407 0)
(-0.207099 0.100603 0)
(-0.260201 0.102193 0)
(-0.303788 0.0857351 0)
(-0.325225 0.0518007 0)
(-0.317529 0.00266558 0)
(-0.281002 -0.0517127 0)
(-0.217402 -0.0965727 0)
(-0.137223 -0.124572 0)
(-0.0510843 -0.134718 0)
(0.0373064 -0.131553 0)
(0.123047 -0.119019 0)
(0.20061 -0.0987895 0)
(0.267517 -0.073503 0)
(0.321598 -0.046565 0)
(0.361947 -0.0214261 0)
(0.389402 -0.000830984 0)
(0.407484 0.012185 0)
(0.422659 0.0157777 0)
(0.438711 0.0116587 0)
(0.455482 -0.0023846 0)
(0.474647 -0.0216411 0)
(0.502537 -0.0424336 0)
(0.538806 -0.0625418 0)
(0.581683 -0.0791487 0)
(0.630426 -0.089933 0)
(0.683759 -0.0946414 0)
(0.739502 -0.0948051 0)
(0.794872 -0.0924002 0)
(0.848356 -0.0880446 0)
(0.899057 -0.0814218 0)
(0.946468 -0.072789 0)
(0.990213 -0.0628444 0)
(1.02989 -0.0522423 0)
(1.06525 -0.0415678 0)
(1.09619 -0.0313981 0)
(1.12274 -0.0223167 0)
(1.14514 -0.0149412 0)
(1.16399 -0.009915 0)
(1.18012 -0.00766351 0)
(1.19428 -0.00745749 0)
(1.20745 -0.00863883 0)
(1.22046 -0.0110079 0)
(1.23426 -0.0150367 0)
(1.24984 -0.0213408 0)
(1.26794 -0.0288399 0)
(1.28927 -0.0368185 0)
(1.31435 -0.0449612 0)
(1.34357 -0.0533066 0)
(1.37723 -0.0623162 0)
(1.41577 -0.0729172 0)
(1.45909 -0.0871337 0)
(1.50698 -0.108894 0)
(1.55221 -0.142028 0)
(0.301026 0.109459 0)
(0.318815 0.136763 0)
(0.336614 0.14147 0)
(0.360501 0.120713 0)
(0.398024 0.0627207 0)
(0.444586 -0.0198693 0)
(0.50192 -0.103946 0)
(0.569549 -0.169607 0)
(0.639155 -0.209739 0)
(0.706634 -0.224679 0)
(0.77091 -0.220301 0)
(0.830757 -0.203358 0)
(0.885521 -0.176693 0)
(0.934769 -0.143073 0)
(0.978716 -0.10611 0)
(1.01834 -0.0704797 0)
(1.05521 -0.0410872 0)
(1.09022 -0.0212037 0)
(1.12382 -0.0118207 0)
(1.15676 -0.0136771 0)
(1.18783 -0.0253486 0)
(1.21681 -0.0433715 0)
(1.2451 -0.0652218 0)
(1.27328 -0.0878586 0)
(1.30105 -0.10788 0)
(1.32892 -0.123491 0)
(1.35701 -0.133164 0)
(1.38518 -0.136324 0)
(1.41314 -0.134639 0)
(1.44093 -0.12931 0)
(1.46838 -0.120948 0)
(1.49489 -0.110439 0)
(1.52027 -0.0985875 0)
(1.54447 -0.0861291 0)
(1.56746 -0.0737363 0)
(1.58929 -0.0620154 0)
(1.61014 -0.0514808 0)
(1.63028 -0.0425926 0)
(1.64978 -0.0357602 0)
(1.66845 -0.0311905 0)
(1.68613 -0.0288456 0)
(1.70318 -0.0286748 0)
(1.72009 -0.0307324 0)
(1.73724 -0.0349632 0)
(1.75481 -0.0411142 0)
(1.77273 -0.0488062 0)
(1.79122 -0.0576771 0)
(1.81067 -0.0674854 0)
(1.83144 -0.0781984 0)
(1.85376 -0.0901059 0)
(1.87763 -0.103925 0)
(1.90244 -0.120905 0)
(1.92656 -0.143207 0)
(1.94642 -0.170262 0)
(1.00889 0.0525925 0)
(1.02803 0.0764651 0)
(1.06808 0.0786276 0)
(1.1227 0.05066 0)
(1.18954 -0.00627767 0)
(1.2584 -0.0846405 0)
(1.31743 -0.164252 0)
(1.36349 -0.226167 0)
(1.39919 -0.261339 0)
(1.43127 -0.271692 0)
(1.46236 -0.266161 0)
(1.49206 -0.249514 0)
(1.5211 -0.220229 0)
(1.55033 -0.184343 0)
(1.58076 -0.146121 0)
(1.61294 -0.109729 0)
(1.64638 -0.0797593 0)
(1.68 -0.059199 0)
(1.71289 -0.0492672 0)
(1.74402 -0.0494964 0)
(1.77171 -0.058073 0)
(1.79547 -0.0729446 0)
(1.81523 -0.0918278 0)
(1.83122 -0.111608 0)
(1.84396 -0.129304 0)
(1.85319 -0.142578 0)
(1.86023 -0.149102 0)
(1.86755 -0.149389 0)
(1.87472 -0.147787 0)
(1.88218 -0.143682 0)
(1.89018 -0.135791 0)
(1.89886 -0.125511 0)
(1.90826 -0.113742 0)
(1.91842 -0.101246 0)
(1.92939 -0.0886485 0)
(1.94112 -0.0766145 0)
(1.95347 -0.0658522 0)
(1.96637 -0.0568525 0)
(1.97969 -0.0499647 0)
(1.99321 -0.0454064 0)
(2.00679 -0.0432101 0)
(2.02047 -0.0433322 0)
(2.03416 -0.0456741 0)
(2.04786 -0.0501279 0)
(2.06146 -0.0565799 0)
(2.07487 -0.0647137 0)
(2.08809 -0.0741279 0)
(2.1012 -0.084542 0)
(2.11427 -0.095891 0)
(2.12726 -0.108354 0)
(2.1399 -0.122337 0)
(2.15151 -0.138361 0)
(2.16065 -0.157184 0)
(2.1654 -0.177507 0)
(1.8334 0.0703374 0)
(1.84853 0.0687522 0)
(1.87579 0.0507692 0)
(1.91257 0.0117133 0)
(1.9512 -0.0478605 0)
(1.98168 -0.121916 0)
(1.99563 -0.190912 0)
(1.99431 -0.244275 0)
(1.98656 -0.275085 0)
(1.97564 -0.280892 0)
(1.96737 -0.276649 0)
(1.96123 -0.259691 0)
(1.95868 -0.232609 0)
(1.96132 -0.200388 0)
(1.96989 -0.166711 0)
(1.98451 -0.134633 0)
(2.00414 -0.107874 0)
(2.02719 -0.0886167 0)
(2.0517 -0.0779064 0)
(2.07518 -0.0754387 0)
(2.09595 -0.0798702 0)
(2.11329 -0.090052 0)
(2.12619 -0.104185 0)
(2.13387 -0.11896 0)
(2.13663 -0.131549 0)
(2.13542 -0.141324 0)
(2.1319 -0.147712 0)
(2.12715 -0.149083 0)
(2.123 -0.147994 0)
(2.1192 -0.143876 0)
(2.11603 -0.136749 0)
(2.11413 -0.127621 0)
(2.11386 -0.11719 0)
(2.11524 -0.106165 0)
(2.1183 -0.0951524 0)
(2.12304 -0.0846848 0)
(2.12932 -0.0753787 0)
(2.13692 -0.0676271 0)
(2.14569 -0.0616381 0)
(2.15526 -0.0576155 0)
(2.16537 -0.055656 0)
(2.17577 -0.0558215 0)
(2.18625 -0.0580762 0)
(2.19658 -0.0623042 0)
(2.20645 -0.0683092 0)
(2.21566 -0.0758012 0)
(2.22408 -0.0844916 0)
(2.23167 -0.0941908 0)
(2.23841 -0.104836 0)
(2.24421 -0.116484 0)
(2.24882 -0.12925 0)
(2.25171 -0.143181 0)
(2.25184 -0.158233 0)
(2.24826 -0.173502 0)
(2.23153 0.047024 0)
(2.25615 0.0395608 0)
(2.28416 0.0166002 0)
(2.31283 -0.0223855 0)
(2.33425 -0.0748272 0)
(2.34046 -0.133748 0)
(2.33019 -0.184732 0)
(2.30774 -0.223586 0)
(2.27735 -0.248048 0)
(2.24717 -0.257136 0)
(2.22004 -0.253757 0)
(2.19628 -0.240243 0)
(2.17782 -0.219306 0)
(2.16624 -0.193995 0)
(2.16206 -0.167438 0)
(2.16482 -0.14229 0)
(2.1733 -0.121034 0)
(2.18578 -0.105395 0)
(2.20051 -0.0961093 0)
(2.21544 -0.0930891 0)
(2.22894 -0.0955657 0)
(2.23958 -0.102679 0)
(2.24574 -0.112385 0)
(2.24716 -0.122137 0)
(2.24465 -0.130887 0)
(2.23914 -0.13772 0)
(2.23167 -0.141665 0)
(2.22346 -0.142485 0)
(2.21551 -0.14065 0)
(2.20792 -0.136605 0)
(2.20102 -0.130617 0)
(2.19551 -0.123073 0)
(2.19171 -0.11442 0)
(2.18976 -0.105257 0)
(2.18962 -0.0961874 0)
(2.19127 -0.0875467 0)
(2.19466 -0.0797241 0)
(2.19942 -0.0733319 0)
(2.20551 -0.06853 0)
(2.21269 -0.0654003 0)
(2.22038 -0.0639779 0)
(2.22828 -0.064364 0)
(2.23611 -0.066559 0)
(2.2436 -0.0704363 0)
(2.25055 -0.0758239 0)
(2.25677 -0.0825369 0)
(2.26218 -0.0903892 0)
(2.26672 -0.0992334 0)
(2.27031 -0.108939 0)
(2.27286 -0.119459 0)
(2.27415 -0.130724 0)
(2.27376 -0.142524 0)
(2.27136 -0.1547 0)
(2.26678 -0.166479 0)
(2.38364 0.025584 0)
(2.40576 0.0139952 0)
(2.42681 -0.00771053 0)
(2.44246 -0.0399271 0)
(2.44903 -0.0801139 0)
(2.44423 -0.122777 0)
(2.42813 -0.162412 0)
(2.40473 -0.194485 0)
(2.37512 -0.216001 0)
(2.343 -0.225193 0)
(2.31314 -0.224418 0)
(2.2867 -0.215766 0)
(2.26526 -0.201156 0)
(2.25004 -0.183021 0)
(2.24119 -0.163584 0)
(2.23841 -0.144572 0)
(2.24084 -0.127993 0)
(2.24677 -0.115545 0)
(2.25501 -0.107687 0)
(2.26402 -0.104045 0)
(2.27156 -0.104297 0)
(2.27673 -0.107714 0)
(2.27875 -0.113009 0)
(2.27773 -0.118971 0)
(2.27403 -0.124705 0)
(2.26825 -0.129382 0)
(2.26118 -0.132305 0)
(2.25329 -0.133037 0)
(2.24525 -0.131769 0)
(2.23764 -0.128736 0)
(2.23075 -0.12402 0)
(2.22485 -0.117907 0)
(2.22037 -0.110987 0)
(2.21744 -0.103654 0)
(2.2161 -0.0962649 0)
(2.2163 -0.0893103 0)
(2.21791 -0.0832069 0)
(2.22112 -0.0780974 0)
(2.22505 -0.0742656 0)
(2.22947 -0.0718678 0)
(2.23488 -0.0709405 0)
(2.2406 -0.0715106 0)
(2.24639 -0.0735616 0)
(2.2521 -0.0770263 0)
(2.25751 -0.0818101 0)
(2.26243 -0.0877934 0)
(2.26671 -0.0948295 0)
(2.27027 -0.102754 0)
(2.27295 -0.111441 0)
(2.27488 -0.120772 0)
(2.27523 -0.130596 0)
(2.27419 -0.140727 0)
(2.27187 -0.1509 0)
(2.26722 -0.160432 0)
(2.41402 0.00637124 0)
(2.42957 -0.00590984 0)
(2.44455 -0.0244108 0)
(2.45895 -0.0493723 0)
(2.46091 -0.0795172 0)
(2.45799 -0.112215 0)
(2.44503 -0.143871 0)
(2.4233 -0.169912 0)
(2.39726 -0.187255 0)
(2.36967 -0.195973 0)
(2.34302 -0.19727 0)
(2.31907 -0.192431 0)
(2.29909 -0.182831 0)
(2.28389 -0.17012 0)
(2.27368 -0.156061 0)
(2.26816 -0.142108 0)
(2.26693 -0.129377 0)
(2.26905 -0.119356 0)
(2.27226 -0.112925 0)
(2.27599 -0.109486 0)
(2.28027 -0.108728 0)
(2.28328 -0.109924 0)
(2.28358 -0.112862 0)
(2.28285 -0.116758 0)
(2.27968 -0.120707 0)
(2.27461 -0.123978 0)
(2.26821 -0.125983 0)
(2.26106 -0.126314 0)
(2.25375 -0.124981 0)
(2.24671 -0.122191 0)
(2.24022 -0.118082 0)
(2.23464 -0.112945 0)
(2.23022 -0.107201 0)
(2.22705 -0.101184 0)
(2.22515 -0.0951772 0)
(2.22455 -0.0895151 0)
(2.22513 -0.0845681 0)
(2.22672 -0.0805269 0)
(2.22921 -0.077519 0)
(2.23253 -0.0756805 0)
(2.2364 -0.0751753 0)
(2.24053 -0.0759959 0)
(2.24479 -0.078107 0)
(2.24904 -0.0814714 0)
(2.2531 -0.0860089 0)
(2.25682 -0.0915995 0)
(2.26006 -0.0981058 0)
(2.26269 -0.105386 0)
(2.2646 -0.113297 0)
(2.26566 -0.121644 0)
(2.26577 -0.130263 0)
(2.26476 -0.139006 0)
(2.26245 -0.147568 0)
(2.2588 -0.155349 0)
(2.41183 -0.00574926 0)
(2.42297 -0.0176704 0)
(2.43284 -0.0343607 0)
(2.43963 -0.0551359 0)
(2.44182 -0.0788935 0)
(2.43782 -0.104369 0)
(2.42688 -0.12858 0)
(2.41012 -0.14853 0)
(2.38952 -0.162919 0)
(2.36731 -0.171311 0)
(2.34551 -0.174066 0)
(2.32556 -0.172005 0)
(2.30845 -0.166145 0)
(2.2948 -0.157626 0)
(2.28489 -0.147725 0)
(2.27865 -0.137777 0)
(2.2756 -0.128647 0)
(2.27517 -0.120724 0)
(2.27644 -0.114895 0)
(2.27811 -0.111784 0)
(2.27943 -0.110739 0)
(2.28039 -0.110965 0)
(2.28042 -0.11242 0)
(2.27897 -0.114666 0)
(2.27598 -0.116908 0)
(2.27171 -0.118593 0)
(2.26644 -0.1194 0)
(2.26051 -0.119126 0)
(2.25434 -0.117735 0)
(2.2483 -0.115311 0)
(2.24267 -0.111947 0)
(2.23776 -0.107838 0)
(2.23372 -0.103265 0)
(2.23065 -0.0984489 0)
(2.22859 -0.093649 0)
(2.22756 -0.0892043 0)
(2.22749 -0.0852495 0)
(2.2283 -0.0820567 0)
(2.22974 -0.0799127 0)
(2.2319 -0.0787488 0)
(2.23459 -0.0786987 0)
(2.23757 -0.0797847 0)
(2.24071 -0.0819937 0)
(2.24391 -0.085291 0)
(2.24701 -0.0896017 0)
(2.2499 -0.0948191 0)
(2.25244 -0.10082 0)
(2.25453 -0.10747 0)
(2.25605 -0.114624 0)
(2.25689 -0.122118 0)
(2.25696 -0.129799 0)
(2.25615 -0.137479 0)
(2.25439 -0.144881 0)
(2.25169 -0.151661 0)
(2.39872 -0.0151177 0)
(2.40654 -0.0266746 0)
(2.41318 -0.0412356 0)
(2.41733 -0.0584217 0)
(2.41789 -0.0774993 0)
(2.41403 -0.0972529 0)
(2.40539 -0.11601 0)
(2.39243 -0.132133 0)
(2.37656 -0.14434 0)
(2.35932 -0.152154 0)
(2.3421 -0.155704 0)
(2.32602 -0.155503 0)
(2.31184 -0.152237 0)
(2.30014 -0.146761 0)
(2.29122 -0.140052 0)
(2.28499 -0.132956 0)
(2.28112 -0.126153 0)
(2.27916 -0.120177 0)
(2.27863 -0.115457 0)
(2.27884 -0.112424 0)
(2.27904 -0.11113 0)
(2.27898 -0.11088 0)
(2.27824 -0.111336 0)
(2.27656 -0.112329 0)
(2.27384 -0.113397 0)
(2.27016 -0.114184 0)
(2.26572 -0.114421 0)
(2.26078 -0.113908 0)
(2.25565 -0.112552 0)
(2.2506 -0.110388 0)
(2.24582 -0.107491 0)
(2.24152 -0.103996 0)
(2.23787 -0.100153 0)
(2.23492 -0.0961418 0)
(2.23275 -0.0921483 0)
(2.23136 -0.0885217 0)
(2.23073 -0.0853582 0)
(2.23083 -0.0828019 0)
(2.23145 -0.0812839 0)
(2.2326 -0.0806162 0)
(2.23426 -0.0809119 0)
(2.23621 -0.0822284 0)
(2.23836 -0.0845522 0)
(2.24061 -0.0878496 0)
(2.24286 -0.0920528 0)
(2.245 -0.097061 0)
(2.24693 -0.102753 0)
(2.24854 -0.108992 0)
(2.24976 -0.115631 0)
(2.25047 -0.122513 0)
(2.25059 -0.129496 0)
(2.25005 -0.136369 0)
(2.2488 -0.142948 0)
(2.24687 -0.149024 0)
(2.38786 -0.0217206 0)
(2.39341 -0.0324622 0)
(2.39783 -0.045183 0)
(2.40024 -0.059658 0)
(2.3999 -0.0752861 0)
(2.39634 -0.0911838 0)
(2.38936 -0.106347 0)
(2.37933 -0.119554 0)
(2.36709 -0.129907 0)
(2.35366 -0.137035 0)
(2.34003 -0.14095 0)
(2.32704 -0.141942 0)
(2.31533 -0.140486 0)
(2.30538 -0.137206 0)
(2.29741 -0.132771 0)
(2.29139 -0.127804 0)
(2.28713 -0.122819 0)
(2.28434 -0.118267 0)
(2.28271 -0.114606 0)
(2.28184 -0.112143 0)
(2.28124 -0.110743 0)
(2.28036 -0.110026 0)
(2.27903 -0.109885 0)
(2.27711 -0.110103 0)
(2.2745 -0.110393 0)
(2.27122 -0.110482 0)
(2.26739 -0.110153 0)
(2.26319 -0.109265 0)
(2.25879 -0.107759 0)
(2.2544 -0.105668 0)
(2.25018 -0.103051 0)
(2.24626 -0.100001 0)
(2.24281 -0.0967416 0)
(2.23988 -0.0933971 0)
(2.2375 -0.0900976 0)
(2.23574 -0.0871779 0)
(2.23456 -0.0847276 0)
(2.23396 -0.0827136 0)
(2.2339 -0.0816962 0)
(2.23415 -0.0815604 0)
(2.23483 -0.0822249 0)
(2.23584 -0.0838258 0)
(2.23707 -0.0863422 0)
(2.23846 -0.0897376 0)
(2.23992 -0.0939423 0)
(2.24139 -0.0988536 0)
(2.24278 -0.10435 0)
(2.244 -0.110295 0)
(2.24496 -0.116542 0)
(2.24556 -0.122951 0)
(2.24574 -0.129376 0)
(2.2454 -0.135631 0)
(2.24451 -0.141599 0)
(2.24309 -0.147169 0)
(2.37925 -0.0265423 0)
(2.38325 -0.0365143 0)
(2.38619 -0.0477973 0)
(2.38751 -0.0601947 0)
(2.38671 -0.0732523 0)
(2.38351 -0.0863443 0)
(2.37782 -0.0987908 0)
(2.36989 -0.109761 0)
(2.36026 -0.118645 0)
(2.34962 -0.125125 0)
(2.33869 -0.129153 0)
(2.32809 -0.130895 0)
(2.31835 -0.130678 0)
(2.30983 -0.128935 0)
(2.3027 -0.12614 0)
(2.297 -0.122748 0)
(2.29264 -0.119174 0)
(2.28947 -0.115808 0)
(2.28728 -0.112997 0)
(2.28571 -0.110926 0)
(2.28432 -0.109518 0)
(2.2828 -0.108595 0)
(2.28105 -0.108047 0)
(2.27895 -0.107737 0)
(2.27638 -0.107471 0)
(2.27335 -0.107056 0)
(2.26991 -0.106341 0)
(2.26619 -0.105225 0)
(2.2623 -0.103658 0)
(2.25839 -0.101657 0)
(2.25457 -0.0992554 0)
(2.25093 -0.0965237 0)
(2.24765 -0.0936813 0)
(2.2447 -0.0907988 0)
(2.2421 -0.087967 0)
(2.24 -0.0855466 0)
(2.23834 -0.083629 0)
(2.23695 -0.0820805 0)
(2.23615 -0.0814948 0)
(2.23574 -0.0816402 0)
(2.23552 -0.082611 0)
(2.23561 -0.0844692 0)
(2.23595 -0.0871947 0)
(2.2365 -0.090746 0)
(2.23722 -0.09504 0)
(2.23806 -0.0999678 0)
(2.23894 -0.105404 0)
(2.23978 -0.111205 0)
(2.2405 -0.117215 0)
(2.24102 -0.12332 0)
(2.24124 -0.129329 0)
(2.24105 -0.135101 0)
(2.24037 -0.140569 0)
(2.23922 -0.145705 0)
(2.37164 -0.03032 0)
(2.37464 -0.0394546 0)
(2.37665 -0.0494443 0)
(2.37732 -0.0601303 0)
(2.37632 -0.0711811 0)
(2.37349 -0.0821571 0)
(2.3688 -0.0925927 0)
(2.36243 -0.101892 0)
(2.35476 -0.109615 0)
(2.34625 -0.115508 0)
(2.33742 -0.119506 0)
(2.32874 -0.1217 0)
(2.3206 -0.122308 0)
(2.3133 -0.121631 0)
(2.30699 -0.120013 0)
(2.30175 -0.117802 0)
(2.29753 -0.115338 0)
(2.29422 -0.112927 0)
(2.29165 -0.110816 0)
(2.28954 -0.109124 0)
(2.28764 -0.107822 0)
(2.28573 -0.106814 0)
(2.28372 -0.106043 0)
(2.28148 -0.105417 0)
(2.27895 -0.104796 0)
(2.27609 -0.104042 0)
(2.27295 -0.103049 0)
(2.26958 -0.10174 0)
(2.26606 -0.100078 0)
(2.2625 -0.0980772 0)
(2.25894 -0.0957573 0)
(2.25549 -0.093228 0)
(2.25225 -0.0906334 0)
(2.2491 -0.0879552 0)
(2.24623 -0.0854711 0)
(2.24373 -0.0834243 0)
(2.24134 -0.0816997 0)
(2.23925 -0.0806183 0)
(2.23768 -0.0803822 0)
(2.2363 -0.0808714 0)
(2.23511 -0.082122 0)
(2.23423 -0.0842308 0)
(2.23372 -0.0872135 0)
(2.23344 -0.0909949 0)
(2.2334 -0.095474 0)
(2.23357 -0.100536 0)
(2.2339 -0.106044 0)
(2.23431 -0.111833 0)
(2.23473 -0.117755 0)
(2.23506 -0.123669 0)
(2.23517 -0.12935 0)
(2.2349 -0.134696 0)
(2.23415 -0.139683 0)
(2.23287 -0.14436 0)
(2.36517 -0.0331742 0)
(2.36749 -0.0415112 0)
(2.36891 -0.0504159 0)
(2.3692 -0.0597575 0)
(2.36815 -0.0692859 0)
(2.36569 -0.0786948 0)
(2.36181 -0.0876397 0)
(2.35667 -0.0956696 0)
(2.35051 -0.102459 0)
(2.34366 -0.107832 0)
(2.33648 -0.111736 0)
(2.32934 -0.114213 0)
(2.32253 -0.115395 0)
(2.31629 -0.115486 0)
(2.31074 -0.114728 0)
(2.30594 -0.113382 0)
(2.30187 -0.111707 0)
(2.29847 -0.109948 0)
(2.29559 -0.108298 0)
(2.29306 -0.106859 0)
(2.29074 -0.105636 0)
(2.28848 -0.104591 0)
(2.28618 -0.103687 0)
(2.28377 -0.102853 0)
(2.28116 -0.101975 0)
(2.27832 -0.100956 0)
(2.27526 -0.0997276 0)
(2.27202 -0.0982389 0)
(2.26863 -0.096468 0)
(2.26514 -0.0944219 0)
(2.2616 -0.0921412 0)
(2.25807 -0.0897183 0)
(2.25454 -0.0872035 0)
(2.25105 -0.0847281 0)
(2.24777 -0.0825336 0)
(2.2445 -0.0806053 0)
(2.24138 -0.0791834 0)
(2.23868 -0.0784396 0)
(2.23587 -0.078397 0)
(2.23332 -0.079126 0)
(2.23118 -0.0806774 0)
(2.22928 -0.0831103 0)
(2.22763 -0.0864021 0)
(2.22625 -0.0904637 0)
(2.22517 -0.0952007 0)
(2.22438 -0.100492 0)
(2.22382 -0.106175 0)
(2.22345 -0.112057 0)
(2.22317 -0.118 0)
(2.22286 -0.123793 0)
(2.22233 -0.129189 0)
(2.22137 -0.134062 0)
(2.21981 -0.138477 0)
(2.2175 -0.14254 0)
(2.35981 -0.0356105 0)
(2.36167 -0.0431461 0)
(2.36271 -0.0510645 0)
(2.36276 -0.0592623 0)
(2.36173 -0.0675522 0)
(2.35958 -0.0756879 0)
(2.35631 -0.0834508 0)
(2.35206 -0.0905023 0)
(2.347 -0.0965287 0)
(2.34133 -0.101389 0)
(2.33531 -0.105074 0)
(2.32926 -0.107629 0)
(2.32341 -0.109139 0)
(2.31788 -0.109732 0)
(2.31281 -0.109577 0)
(2.3082 -0.108876 0)
(2.30407 -0.107818 0)
(2.3004 -0.106593 0)
(2.29713 -0.105375 0)
(2.29419 -0.104252 0)
(2.29144 -0.103221 0)
(2.28878 -0.102254 0)
(2.2861 -0.101319 0)
(2.28328 -0.100373 0)
(2.28035 -0.099345 0)
(2.27725 -0.0981639 0)
(2.27397 -0.0967718 0)
(2.27049 -0.0951296 0)
(2.26682 -0.0932225 0)
(2.26297 -0.0910655 0)
(2.25896 -0.0887025 0)
(2.25483 -0.0862042 0)
(2.25061 -0.0836686 0)
(2.24637 -0.0812227 0)
(2.24218 -0.0789995 0)
(2.23794 -0.0771382 0)
(2.23371 -0.075803 0)
(2.22953 -0.0751069 0)
(2.22536 -0.0751465 0)
(2.2213 -0.0760472 0)
(2.21734 -0.0778619 0)
(2.21354 -0.0805697 0)
(2.20996 -0.0841307 0)
(2.20663 -0.088482 0)
(2.20356 -0.0935256 0)
(2.20074 -0.0991107 0)
(2.19815 -0.105034 0)
(2.19573 -0.111117 0)
(2.19336 -0.117126 0)
(2.19089 -0.122738 0)
(2.18812 -0.127716 0)
(2.18473 -0.132054 0)
(2.18042 -0.135712 0)
(2.17492 -0.138782 0)
(2.35531 -0.0377543 0)
(2.35674 -0.0445447 0)
(2.35736 -0.0516133 0)
(2.35711 -0.0588665 0)
(2.35592 -0.0661672 0)
(2.35379 -0.0733383 0)
(2.35073 -0.0801403 0)
(2.34672 -0.086358 0)
(2.34196 -0.0917941 0)
(2.33691 -0.0963215 0)
(2.33156 -0.0998792 0)
(2.32598 -0.102467 0)
(2.32032 -0.104132 0)
(2.31471 -0.104972 0)
(2.30928 -0.105135 0)
(2.30414 -0.104785 0)
(2.29936 -0.104091 0)
(2.29504 -0.103208 0)
(2.29094 -0.102247 0)
(2.28701 -0.101273 0)
(2.28315 -0.100306 0)
(2.2793 -0.0993308 0)
(2.27539 -0.0983196 0)
(2.27135 -0.0972428 0)
(2.26713 -0.0960557 0)
(2.26267 -0.0946954 0)
(2.25796 -0.0931051 0)
(2.25299 -0.0912523 0)
(2.24777 -0.0891339 0)
(2.24229 -0.0867755 0)
(2.23657 -0.0842292 0)
(2.23063 -0.0815783 0)
(2.22447 -0.0789289 0)
(2.2181 -0.0764035 0)
(2.21152 -0.0741339 0)
(2.20473 -0.0722444 0)
(2.19777 -0.0708801 0)
(2.19064 -0.0701737 0)
(2.18338 -0.070238 0)
(2.17603 -0.0711784 0)
(2.16861 -0.0730438 0)
(2.16114 -0.0758354 0)
(2.15367 -0.0795296 0)
(2.14625 -0.0840606 0)
(2.13888 -0.0893037 0)
(2.13156 -0.0950797 0)
(2.12424 -0.101173 0)
(2.11684 -0.107302 0)
(2.10923 -0.113128 0)
(2.10118 -0.118545 0)
(2.09243 -0.122951 0)
(2.08266 -0.12628 0)
(2.07145 -0.128557 0)
(2.05841 -0.129958 0)
(2.34462 -0.0388772 0)
(2.345 -0.044877 0)
(2.34453 -0.0511051 0)
(2.34317 -0.0574815 0)
(2.3409 -0.0638837 0)
(2.3377 -0.0701582 0)
(2.33363 -0.0761214 0)
(2.32877 -0.081596 0)
(2.32317 -0.0864618 0)
(2.31695 -0.0906094 0)
(2.31025 -0.0939166 0)
(2.30321 -0.0963349 0)
(2.29596 -0.0979146 0)
(2.2886 -0.0987752 0)
(2.28119 -0.0990639 0)
(2.27376 -0.0989317 0)
(2.26634 -0.0985234 0)
(2.25891 -0.0979254 0)
(2.25146 -0.0971696 0)
(2.24397 -0.0962951 0)
(2.23637 -0.0953315 0)
(2.22862 -0.0942762 0)
(2.22065 -0.0931134 0)
(2.21242 -0.0918212 0)
(2.20387 -0.0903652 0)
(2.19497 -0.0887033 0)
(2.18569 -0.0867972 0)
(2.17602 -0.084626 0)
(2.16598 -0.0821921 0)
(2.15557 -0.0795213 0)
(2.14482 -0.0766632 0)
(2.13375 -0.0736957 0)
(2.12233 -0.0707199 0)
(2.11061 -0.0678561 0)
(2.09859 -0.0652395 0)
(2.08627 -0.063013 0)
(2.07365 -0.0613324 0)
(2.06072 -0.0603463 0)
(2.04746 -0.0601738 0)
(2.03384 -0.0609058 0)
(2.01986 -0.0625953 0)
(2.00548 -0.0652458 0)
(1.99068 -0.0688159 0)
(1.97543 -0.0732183 0)
(1.95967 -0.0783149 0)
(1.94332 -0.0839158 0)
(1.92631 -0.0897826 0)
(1.90855 -0.0956305 0)
(1.88994 -0.101107 0)
(1.87032 -0.10578 0)
(1.84941 -0.109239 0)
(1.82691 -0.111227 0)
(1.80244 -0.111715 0)
(1.77563 -0.11093 0)
(2.29407 -0.0397237 0)
(2.29162 -0.0448612 0)
(2.28803 -0.0501942 0)
(2.28323 -0.0556508 0)
(2.27721 -0.0611151 0)
(2.26996 -0.0664381 0)
(2.26151 -0.0717132 0)
(2.25191 -0.076224 0)
(2.24122 -0.0803186 0)
(2.22954 -0.0837814 0)
(2.21695 -0.086488 0)
(2.2036 -0.0884284 0)
(2.18959 -0.0896514 0)
(2.17503 -0.090243 0)
(2.16 -0.0903171 0)
(2.14458 -0.0899879 0)
(2.12881 -0.0893613 0)
(2.11272 -0.0885364 0)
(2.09631 -0.0875848 0)
(2.07956 -0.0865435 0)
(2.06235 -0.0854135 0)
(2.04466 -0.0841666 0)
(2.02649 -0.0827624 0)
(2.00779 -0.0811629 0)
(1.98855 -0.0793407 0)
(1.96879 -0.0772825 0)
(1.94854 -0.0749788 0)
(1.92786 -0.0724278 0)
(1.90684 -0.0696462 0)
(1.88556 -0.0666667 0)
(1.86414 -0.0635356 0)
(1.84263 -0.0603078 0)
(1.82111 -0.0570603 0)
(1.79962 -0.0539066 0)
(1.77819 -0.0509615 0)
(1.75671 -0.0483302 0)
(1.73511 -0.0461542 0)
(1.71329 -0.0445966 0)
(1.6911 -0.0437891 0)
(1.66839 -0.0438298 0)
(1.64498 -0.0447992 0)
(1.62065 -0.0467175 0)
(1.59511 -0.0495244 0)
(1.56812 -0.0531007 0)
(1.53943 -0.0572683 0)
(1.50882 -0.0617901 0)
(1.47615 -0.0663865 0)
(1.44136 -0.0707599 0)
(1.40454 -0.0745761 0)
(1.36589 -0.0774443 0)
(1.32567 -0.0789302 0)
(1.28405 -0.0787009 0)
(1.24105 -0.0767074 0)
(1.19659 -0.0732481 0)
(2.08122 -0.0338233 0)
(2.06977 -0.0374648 0)
(2.05641 -0.0412499 0)
(2.04105 -0.0451163 0)
(2.02365 -0.0489954 0)
(2.00423 -0.0527973 0)
(1.98279 -0.0564089 0)
(1.95943 -0.0597161 0)
(1.93431 -0.0626052 0)
(1.90757 -0.0649749 0)
(1.8794 -0.0667528 0)
(1.84988 -0.0679112 0)
(1.81924 -0.0684683 0)
(1.78775 -0.0684909 0)
(1.75561 -0.0680683 0)
(1.72293 -0.0673005 0)
(1.68994 -0.0661901 0)
(1.65607 -0.0647187 0)
(1.62112 -0.063003 0)
(1.58521 -0.061146 0)
(1.54848 -0.0592188 0)
(1.51103 -0.0572396 0)
(1.47298 -0.0551646 0)
(1.43445 -0.0529262 0)
(1.39562 -0.0504677 0)
(1.35665 -0.0477894 0)
(1.31777 -0.044903 0)
(1.27931 -0.0418418 0)
(1.24154 -0.0386529 0)
(1.20475 -0.0354012 0)
(1.16922 -0.0321619 0)
(1.13517 -0.0290116 0)
(1.10275 -0.0260347 0)
(1.07197 -0.0233182 0)
(1.04275 -0.0209233 0)
(1.01496 -0.0188837 0)
(0.988293 -0.0172235 0)
(0.962181 -0.0159686 0)
(0.936103 -0.0151432 0)
(0.909631 -0.0147405 0)
(0.882112 -0.0147103 0)
(0.853132 -0.0149996 0)
(0.822494 -0.0155926 0)
(0.78996 -0.0164996 0)
(0.755415 -0.0177309 0)
(0.718927 -0.019292 0)
(0.68072 -0.0211882 0)
(0.641142 -0.0234078 0)
(0.600581 -0.0258082 0)
(0.5597 -0.0279202 0)
(0.519648 -0.0290653 0)
(0.480783 -0.0287267 0)
(0.442985 -0.0264545 0)
(0.405821 -0.0220535 0)
(1.24724 -0.0201633 0)
(1.21911 -0.0216309 0)
(1.18846 -0.023159 0)
(1.15518 -0.0246862 0)
(1.1192 -0.0261568 0)
(1.08056 -0.0275099 0)
(1.03938 -0.0286882 0)
(0.995918 -0.0295753 0)
(0.950506 -0.0301156 0)
(0.903547 -0.0302822 0)
(0.855517 -0.0300448 0)
(0.806973 -0.0294152 0)
(0.758355 -0.0284808 0)
(0.710197 -0.0273806 0)
(0.662644 -0.0262216 0)
(0.616188 -0.0250875 0)
(0.570206 -0.0237579 0)
(0.526671 -0.0220147 0)
(0.485246 -0.0198324 0)
(0.446269 -0.0172628 0)
(0.409513 -0.0143958 0)
(0.374952 -0.0113609 0)
(0.342746 -0.0083213 0)
(0.312979 -0.00542995 0)
(0.285638 -0.00280905 0)
(0.260695 -0.000533632 0)
(0.238127 0.00138548 0)
(0.217854 0.00285749 0)
(0.199747 0.00389108 0)
(0.183658 0.00454331 0)
(0.169427 0.00489861 0)
(0.156888 0.00506254 0)
(0.145893 0.00514377 0)
(0.136311 0.00523801 0)
(0.128023 0.0054317 0)
(0.120947 0.00580288 0)
(0.11505 0.0063984 0)
(0.110309 0.0072074 0)
(0.106658 0.00819699 0)
(0.103971 0.00931156 0)
(0.102029 0.0103003 0)
(0.100522 0.0108545 0)
(0.0990805 0.01087 0)
(0.0973248 0.0103053 0)
(0.0948695 0.0091563 0)
(0.0913141 0.00752073 0)
(0.0862621 0.00556781 0)
(0.0793494 0.003535 0)
(0.0702843 0.00173123 0)
(0.0589069 0.000568325 0)
(0.0454377 0.000442908 0)
(0.030837 0.00148816 0)
(0.0170789 0.0035711 0)
(0.0061439 0.00594997 0)
(1.05234 -0.182224 0)
(1.049 -0.238862 0)
(1.01534 -0.284991 0)
(0.958744 -0.30268 0)
(0.88303 -0.284604 0)
(0.802164 -0.231739 0)
(0.744679 -0.146413 0)
(0.739612 -0.0328734 0)
(0.799218 0.0961471 0)
(0.912467 0.216576 0)
(1.06731 0.305627 0)
(1.25035 0.348722 0)
(1.44747 0.339144 0)
(1.64666 0.273914 0)
(1.84606 0.146338 0)
(2.0391 -0.0372333 0)
(2.18946 -0.23173 0)
(2.28455 -0.408096 0)
(2.32934 -0.553645 0)
(2.3332 -0.664476 0)
(2.3073 -0.742196 0)
(2.25887 -0.789508 0)
(2.19522 -0.808591 0)
(2.12458 -0.806629 0)
(2.05239 -0.791413 0)
(1.98298 -0.768437 0)
(1.91757 -0.74117 0)
(1.85593 -0.711808 0)
(1.79721 -0.681677 0)
(1.74074 -0.650996 0)
(1.68654 -0.618676 0)
(1.63414 -0.584153 0)
(1.58007 -0.550406 0)
(1.51772 -0.523134 0)
(1.44356 -0.503926 0)
(1.36502 -0.483072 0)
(1.29707 -0.443291 0)
(1.25387 -0.370904 0)
(1.2414 -0.265071 0)
(1.25387 -0.134121 0)
(1.29229 0.00904335 0)
(1.34185 0.148681 0)
(1.39755 0.275251 0)
(1.45517 0.384516 0)
(1.51119 0.47511 0)
(1.56317 0.547856 0)
(1.60965 0.605143 0)
(1.65015 0.65015 0)
(1.68502 0.685909 0)
(1.71523 0.714549 0)
(1.74183 0.736764 0)
(1.76664 0.751328 0)
(1.79294 0.753927 0)
(1.82297 0.738152 0)
(1.85795 0.696928 0)
(1.89723 0.626087 0)
(1.94017 0.525171 0)
(1.98567 0.397271 0)
(2.03149 0.24998 0)
(2.07358 0.0963051 0)
(2.10829 -0.051127 0)
(2.13389 -0.184627 0)
(2.14962 -0.299203 0)
(2.15552 -0.392548 0)
(2.15235 -0.464414 0)
(2.14137 -0.516111 0)
(2.12361 -0.549669 0)
(2.09893 -0.566885 0)
(2.06863 -0.569538 0)
(2.03395 -0.561575 0)
(1.99575 -0.546791 0)
(1.95469 -0.528654 0)
(1.91111 -0.510168 0)
(1.86542 -0.493296 0)
(1.81829 -0.478424 0)
(1.7708 -0.46413 0)
(1.72434 -0.44739 0)
(1.68053 -0.424362 0)
(1.58709 -0.214065 0)
(1.58235 -0.260575 0)
(1.55559 -0.275809 0)
(1.52235 -0.265592 0)
(1.4901 -0.228109 0)
(1.46395 -0.16635 0)
(1.44858 -0.0882568 0)
(1.44624 -0.00799062 0)
(1.46729 0.0641885 0)
(1.52498 0.125511 0)
(1.62115 0.168239 0)
(1.74909 0.182779 0)
(1.89854 0.159354 0)
(2.0623 0.0877806 0)
(2.2274 -0.0340711 0)
(2.35789 -0.178527 0)
(2.43854 -0.319233 0)
(2.47117 -0.445526 0)
(2.46416 -0.552139 0)
(2.43294 -0.634384 0)
(2.37887 -0.690712 0)
(2.3104 -0.722152 0)
(2.23522 -0.733839 0)
(2.15876 -0.731301 0)
(2.08493 -0.718936 0)
(2.01519 -0.700112 0)
(1.94985 -0.677139 0)
(1.8886 -0.651459 0)
(1.83061 -0.62404 0)
(1.77491 -0.595475 0)
(1.72107 -0.565448 0)
(1.66943 -0.532632 0)
(1.61961 -0.496683 0)
(1.56766 -0.460796 0)
(1.50683 -0.430581 0)
(1.43444 -0.407022 0)
(1.36008 -0.380059 0)
(1.29951 -0.333077 0)
(1.26587 -0.256645 0)
(1.26237 -0.152644 0)
(1.28477 -0.0297189 0)
(1.32612 0.0989518 0)
(1.37658 0.220186 0)
(1.43121 0.328211 0)
(1.48644 0.42062 0)
(1.53963 0.497247 0)
(1.58911 0.559494 0)
(1.63423 0.609626 0)
(1.67514 0.649939 0)
(1.71256 0.682009 0)
(1.74779 0.706003 0)
(1.78337 0.719967 0)
(1.82149 0.719569 0)
(1.86375 0.699376 0)
(1.91078 0.6537 0)
(1.96179 0.579239 0)
(2.01552 0.475956 0)
(2.07012 0.347773 0)
(2.1223 0.203608 0)
(2.16711 0.0573179 0)
(2.20149 -0.0806123 0)
(2.22418 -0.203494 0)
(2.23503 -0.307367 0)
(2.23475 -0.390714 0)
(2.22476 -0.45373 0)
(2.20654 -0.497834 0)
(2.18068 -0.52463 0)
(2.14796 -0.535443 0)
(2.11036 -0.533243 0)
(2.06894 -0.521709 0)
(2.02472 -0.504087 0)
(1.97826 -0.483559 0)
(1.92985 -0.463033 0)
(1.8798 -0.44463 0)
(1.82876 -0.429067 0)
(1.77769 -0.415247 0)
(1.72783 -0.400438 0)
(1.68064 -0.380907 0)
(1.95592 -0.209881 0)
(1.94603 -0.233792 0)
(1.92131 -0.242165 0)
(1.89323 -0.231772 0)
(1.86896 -0.203373 0)
(1.85351 -0.159698 0)
(1.85354 -0.104927 0)
(1.87438 -0.0440023 0)
(1.91747 0.0141341 0)
(1.98299 0.0576868 0)
(2.06728 0.0787011 0)
(2.16666 0.0716751 0)
(2.2803 0.0326663 0)
(2.3887 -0.0379347 0)
(2.47155 -0.13323 0)
(2.5217 -0.24175 0)
(2.53795 -0.345287 0)
(2.53536 -0.438445 0)
(2.5076 -0.519664 0)
(2.45726 -0.581367 0)
(2.39363 -0.622983 0)
(2.32208 -0.647211 0)
(2.248 -0.657497 0)
(2.17491 -0.656939 0)
(2.10474 -0.648223 0)
(2.0383 -0.633596 0)
(1.9757 -0.614723 0)
(1.91668 -0.592672 0)
(1.86077 -0.568106 0)
(1.80726 -0.54152 0)
(1.75545 -0.513194 0)
(1.70521 -0.482654 0)
(1.65727 -0.448598 0)
(1.61136 -0.410601 0)
(1.56357 -0.371601 0)
(1.50728 -0.337 0)
(1.43999 -0.308174 0)
(1.37128 -0.276503 0)
(1.31713 -0.227158 0)
(1.29026 -0.152615 0)
(1.29283 -0.0550159 0)
(1.32061 0.0568001 0)
(1.36376 0.170074 0)
(1.41402 0.274475 0)
(1.46715 0.366577 0)
(1.52031 0.445137 0)
(1.57172 0.510545 0)
(1.62059 0.564166 0)
(1.66693 0.607542 0)
(1.71144 0.641569 0)
(1.75568 0.665733 0)
(1.80192 0.677658 0)
(1.85143 0.673451 0)
(1.90546 0.648619 0)
(1.96399 0.598798 0)
(2.02589 0.521466 0)
(2.08942 0.417212 0)
(2.15192 0.29107 0)
(2.20878 0.15341 0)
(2.25472 0.0176892 0)
(2.28751 -0.107965 0)
(2.30639 -0.218098 0)
(2.31187 -0.309808 0)
(2.30534 -0.382283 0)
(2.28866 -0.435966 0)
(2.26307 -0.472073 0)
(2.22929 -0.491653 0)
(2.18952 -0.496639 0)
(2.14531 -0.49043 0)
(2.098 -0.475995 0)
(2.04855 -0.45616 0)
(1.99745 -0.433805 0)
(1.94496 -0.411747 0)
(1.89142 -0.392278 0)
(1.83724 -0.376361 0)
(1.78324 -0.363212 0)
(1.73065 -0.350421 0)
(1.68089 -0.334528 0)
(2.16166 -0.200649 0)
(2.14765 -0.217108 0)
(2.12591 -0.221153 0)
(2.10332 -0.21105 0)
(2.08585 -0.188086 0)
(2.07795 -0.154318 0)
(2.08339 -0.113404 0)
(2.10512 -0.0713553 0)
(2.14477 -0.0347087 0)
(2.1993 -0.0103367 0)
(2.26534 -0.00382974 0)
(2.33849 -0.0193875 0)
(2.40998 -0.0565608 0)
(2.47373 -0.111845 0)
(2.52534 -0.178503 0)
(2.54879 -0.254503 0)
(2.54959 -0.336033 0)
(2.53424 -0.412323 0)
(2.49424 -0.474882 0)
(2.44173 -0.522065 0)
(2.3808 -0.555567 0)
(2.31513 -0.57662 0)
(2.24812 -0.586897 0)
(2.18191 -0.588263 0)
(2.11773 -0.582515 0)
(2.05623 -0.571224 0)
(1.9976 -0.555627 0)
(1.94176 -0.536598 0)
(1.88856 -0.514695 0)
(1.8377 -0.490236 0)
(1.78874 -0.463441 0)
(1.7412 -0.434428 0)
(1.69527 -0.402737 0)
(1.65182 -0.36705 0)
(1.6109 -0.326734 0)
(1.56917 -0.284233 0)
(1.52045 -0.244693 0)
(1.46151 -0.210427 0)
(1.39967 -0.175602 0)
(1.35037 -0.127928 0)
(1.32615 -0.059461 0)
(1.33047 0.0282214 0)
(1.35935 0.126555 0)
(1.40262 0.224698 0)
(1.45216 0.31425 0)
(1.5042 0.392611 0)
(1.55663 0.459177 0)
(1.60854 0.514419 0)
(1.65987 0.559037 0)
(1.71136 0.59316 0)
(1.7646 0.615723 0)
(1.82099 0.624338 0)
(1.88143 0.615847 0)
(1.94649 0.586584 0)
(2.01557 0.533182 0)
(2.08724 0.453919 0)
(2.15932 0.350277 0)
(2.22814 0.228644 0)
(2.28752 0.101359 0)
(2.33316 -0.0211079 0)
(2.36318 -0.132139 0)
(2.37748 -0.22785 0)
(2.37733 -0.306365 0)
(2.36469 -0.367376 0)
(2.34139 -0.411348 0)
(2.30843 -0.439004 0)
(2.26789 -0.451418 0)
(2.2219 -0.451403 0)
(2.17207 -0.441791 0)
(2.11978 -0.425035 0)
(2.06591 -0.403583 0)
(2.01098 -0.380016 0)
(1.95537 -0.357049 0)
(1.89924 -0.336982 0)
(1.84279 -0.321005 0)
(1.78671 -0.308728 0)
(1.73212 -0.298077 0)
(1.68046 -0.285827 0)
(2.23979 -0.188308 0)
(2.22604 -0.19871 0)
(2.20896 -0.200488 0)
(2.19208 -0.192569 0)
(2.1796 -0.17613 0)
(2.17505 -0.153058 0)
(2.18088 -0.126236 0)
(2.19861 -0.0997876 0)
(2.22875 -0.0778261 0)
(2.27023 -0.0644159 0)
(2.31988 -0.0636237 0)
(2.3727 -0.0780145 0)
(2.42275 -0.108248 0)
(2.46408 -0.152445 0)
(2.49314 -0.206306 0)
(2.50829 -0.26581 0)
(2.50628 -0.327439 0)
(2.48673 -0.384016 0)
(2.45274 -0.431451 0)
(2.40857 -0.469098 0)
(2.35746 -0.49693 0)
(2.30187 -0.515186 0)
(2.244 -0.524743 0)
(2.18561 -0.526836 0)
(2.12785 -0.522751 0)
(2.07151 -0.513631 0)
(2.01703 -0.500385 0)
(1.96461 -0.483712 0)
(1.91433 -0.464097 0)
(1.86619 -0.441767 0)
(1.82006 -0.41678 0)
(1.77572 -0.389221 0)
(1.733 -0.359148 0)
(1.69219 -0.326076 0)
(1.65421 -0.288837 0)
(1.61938 -0.246642 0)
(1.58511 -0.201009 0)
(1.54579 -0.156259 0)
(1.49734 -0.116184 0)
(1.44417 -0.0789034 0)
(1.39882 -0.0351027 0)
(1.37428 0.0240302 0)
(1.376 0.0987295 0)
(1.40036 0.181785 0)
(1.44206 0.264816 0)
(1.49089 0.340649 0)
(1.54325 0.406256 0)
(1.59763 0.460927 0)
(1.65367 0.50461 0)
(1.71203 0.536804 0)
(1.77388 0.556165 0)
(1.83978 0.56063 0)
(1.91034 0.547646 0)
(1.98541 0.514241 0)
(2.06398 0.457895 0)
(2.14435 0.377752 0)
(2.2237 0.276561 0)
(2.29661 0.162885 0)
(2.35658 0.0488255 0)
(2.4003 -0.0577747 0)
(2.42632 -0.152208 0)
(2.4353 -0.232251 0)
(2.42933 -0.296984 0)
(2.41065 -0.346193 0)
(2.38059 -0.380099 0)
(2.34113 -0.399049 0)
(2.29481 -0.40512 0)
(2.24355 -0.400859 0)
(2.18907 -0.388421 0)
(2.13263 -0.369903 0)
(2.07515 -0.347427 0)
(2.01733 -0.323306 0)
(1.95963 -0.30003 0)
(1.902 -0.279757 0)
(1.84444 -0.263939 0)
(1.78739 -0.252642 0)
(1.73179 -0.244193 0)
(1.67901 -0.235579 0)
(2.25925 -0.177077 0)
(2.24823 -0.184287 0)
(2.23551 -0.185741 0)
(2.2237 -0.180674 0)
(2.21564 -0.169864 0)
(2.21368 -0.154891 0)
(2.21973 -0.137769 0)
(2.23486 -0.121197 0)
(2.25893 -0.108345 0)
(2.29063 -0.102396 0)
(2.32753 -0.106019 0)
(2.36619 -0.120669 0)
(2.40255 -0.146348 0)
(2.43266 -0.18154 0)
(2.45359 -0.223364 0)
(2.46338 -0.268807 0)
(2.46046 -0.315073 0)
(2.44453 -0.358536 0)
(2.41733 -0.396015 0)
(2.38145 -0.426095 0)
(2.33903 -0.448395 0)
(2.29186 -0.46304 0)
(2.24162 -0.470649 0)
(2.18977 -0.47213 0)
(2.1374 -0.468436 0)
(2.08543 -0.460433 0)
(2.03458 -0.44878 0)
(1.98526 -0.433956 0)
(1.93774 -0.416318 0)
(1.89222 -0.396008 0)
(1.84881 -0.373033 0)
(1.80759 -0.347449 0)
(1.76849 -0.319235 0)
(1.73151 -0.288168 0)
(1.69677 -0.253695 0)
(1.6649 -0.214933 0)
(1.63663 -0.171225 0)
(1.61068 -0.123409 0)
(1.58243 -0.0747933 0)
(1.54648 -0.0294619 0)
(1.50337 0.0113706 0)
(1.46267 0.0518517 0)
(1.4365 0.10024 0)
(1.43369 0.159023 0)
(1.45064 0.224743 0)
(1.48661 0.291341 0)
(1.53398 0.352321 0)
(1.58813 0.403926 0)
(1.64772 0.444582 0)
(1.71236 0.473061 0)
(1.78199 0.487946 0)
(1.85685 0.48763 0)
(1.93694 0.469976 0)
(2.02154 0.432711 0)
(2.1093 0.37409 0)
(2.19806 0.294187 0)
(2.28325 0.197831 0)
(2.35728 0.095895 0)
(2.41529 -0.00228217 0)
(2.45474 -0.0907554 0)
(2.47513 -0.167109 0)
(2.47798 -0.230826 0)
(2.46596 -0.281554 0)
(2.44097 -0.318834 0)
(2.40474 -0.342318 0)
(2.35991 -0.353292 0)
(2.30868 -0.35385 0)
(2.25307 -0.345809 0)
(2.19466 -0.33099 0)
(2.13475 -0.311211 0)
(2.07447 -0.288381 0)
(2.01486 -0.264567 0)
(1.9562 -0.241744 0)
(1.8984 -0.221863 0)
(1.84121 -0.206505 0)
(1.78467 -0.196184 0)
(1.72939 -0.189752 0)
(1.67656 -0.184545 0)
(2.26054 -0.168475 0)
(2.25211 -0.174015 0)
(2.24321 -0.175504 0)
(2.23565 -0.172861 0)
(2.2309 -0.16653 0)
(2.23099 -0.157625 0)
(2.2371 -0.14773 0)
(2.24973 -0.13887 0)
(2.26874 -0.13321 0)
(2.2932 -0.132746 0)
(2.32131 -0.139082 0)
(2.35054 -0.153123 0)
(2.37795 -0.174831 0)
(2.40079 -0.203244 0)
(2.41697 -0.236493 0)
(2.42474 -0.271853 0)
(2.42286 -0.307142 0)
(2.41091 -0.340053 0)
(2.38976 -0.368379 0)
(2.3608 -0.390941 0)
(2.32542 -0.407397 0)
(2.28495 -0.41785 0)
(2.24076 -0.422735 0)
(2.1941 -0.422715 0)
(2.14612 -0.418551 0)
(2.09776 -0.410922 0)
(2.04979 -0.400275 0)
(2.00295 -0.386932 0)
(1.95774 -0.371126 0)
(1.91459 -0.352903 0)
(1.87379 -0.332155 0)
(1.83552 -0.308912 0)
(1.79992 -0.283149 0)
(1.76699 -0.254381 0)
(1.73674 -0.222162 0)
(1.70896 -0.186244 0)
(1.68396 -0.146328 0)
(1.66243 -0.101743 0)
(1.64428 -0.0526365 0)
(1.62689 -0.00172714 0)
(1.60515 0.0468198 0)
(1.57607 0.0902302 0)
(1.5449 0.128987 0)
(1.52114 0.168125 0)
(1.51347 0.211667 0)
(1.52545 0.258377 0)
(1.55478 0.304987 0)
(1.59911 0.346911 0)
(1.65553 0.38025 0)
(1.72186 0.402337 0)
(1.79685 0.411257 0)
(1.87952 0.405245 0)
(1.96871 0.382526 0)
(2.06269 0.341434 0)
(2.15921 0.281031 0)
(2.25428 0.20362 0)
(2.34028 0.117329 0)
(2.41095 0.0309412 0)
(2.46245 -0.048552 0)
(2.49409 -0.11744 0)
(2.50683 -0.175033 0)
(2.50355 -0.222679 0)
(2.48528 -0.260131 0)
(2.45432 -0.285488 0)
(2.41301 -0.299175 0)
(2.36344 -0.303003 0)
(2.30798 -0.298439 0)
(2.2485 -0.286985 0)
(2.18659 -0.270222 0)
(2.12379 -0.249849 0)
(2.06173 -0.227647 0)
(2.00138 -0.205107 0)
(1.94311 -0.183652 0)
(1.8868 -0.164893 0)
(1.83188 -0.150374 0)
(1.77792 -0.14099 0)
(1.7249 -0.136194 0)
(1.67361 -0.133845 0)
(2.25396 -0.161905 0)
(2.24827 -0.166699 0)
(2.24243 -0.168968 0)
(2.23814 -0.168243 0)
(2.23597 -0.165474 0)
(2.23737 -0.161232 0)
(2.24333 -0.156719 0)
(2.25411 -0.153337 0)
(2.26957 -0.15254 0)
(2.28898 -0.155699 0)
(2.31104 -0.163871 0)
(2.33394 -0.177531 0)
(2.35553 -0.196495 0)
(2.37401 -0.2203 0)
(2.3877 -0.247203 0)
(2.39509 -0.274565 0)
(2.39492 -0.300958 0)
(2.38645 -0.325234 0)
(2.37007 -0.345765 0)
(2.34656 -0.361565 0)
(2.3167 -0.372342 0)
(2.28142 -0.378259 0)
(2.24176 -0.379765 0)
(2.19882 -0.377494 0)
(2.15378 -0.372139 0)
(2.1077 -0.364252 0)
(2.06147 -0.354136 0)
(2.01611 -0.34205 0)
(1.97241 -0.328141 0)
(1.93105 -0.312282 0)
(1.89247 -0.294133 0)
(1.85699 -0.273623 0)
(1.82483 -0.250818 0)
(1.79601 -0.225063 0)
(1.7706 -0.19561 0)
(1.74817 -0.162119 0)
(1.72814 -0.124603 0)
(1.7104 -0.0833152 0)
(1.69557 -0.0384236 0)
(1.68433 0.0103827 0)
(1.67549 0.0616344 0)
(1.66625 0.10991 0)
(1.6541 0.152194 0)
(1.64015 0.188197 0)
(1.62949 0.219904 0)
(1.62828 0.250137 0)
(1.64147 0.278589 0)
(1.67096 0.303192 0)
(1.71678 0.321529 0)
(1.77764 0.331018 0)
(1.8516 0.32933 0)
(1.93635 0.314632 0)
(2.02895 0.285571 0)
(2.12598 0.241123 0)
(2.22333 0.181833 0)
(2.31409 0.112735 0)
(2.39218 0.0410068 0)
(2.45299 -0.0261797 0)
(2.49421 -0.0848317 0)
(2.51489 -0.134865 0)
(2.51845 -0.176406 0)
(2.51142 -0.209352 0)
(2.48633 -0.233119 0)
(2.45012 -0.246629 0)
(2.40387 -0.251346 0)
(2.34975 -0.248431 0)
(2.29008 -0.239076 0)
(2.22672 -0.224577 0)
(2.16151 -0.206459 0)
(2.09667 -0.186493 0)
(2.03386 -0.166052 0)
(1.97404 -0.146014 0)
(1.91775 -0.127226 0)
(1.86487 -0.11074 0)
(1.8146 -0.0977961 0)
(1.76593 -0.0893867 0)
(1.71803 -0.0855923 0)
(1.67096 -0.0850828 0)
(2.24824 -0.157503 0)
(2.24437 -0.162099 0)
(2.24065 -0.165066 0)
(2.23801 -0.166178 0)
(2.23746 -0.165903 0)
(2.23936 -0.16523 0)
(2.24498 -0.164729 0)
(2.25415 -0.165423 0)
(2.26686 -0.168323 0)
(2.28261 -0.174333 0)
(2.30048 -0.184042 0)
(2.31913 -0.19753 0)
(2.33702 -0.214634 0)
(2.35292 -0.235201 0)
(2.36535 -0.25739 0)
(2.37301 -0.278667 0)
(2.37475 -0.297866 0)
(2.36943 -0.314801 0)
(2.35698 -0.328257 0)
(2.33777 -0.337389 0)
(2.31201 -0.342131 0)
(2.28025 -0.342839 0)
(2.2433 -0.340126 0)
(2.20224 -0.334742 0)
(2.1583 -0.327429 0)
(2.11274 -0.318685 0)
(2.06662 -0.308739 0)
(2.02134 -0.29785 0)
(1.97798 -0.28608 0)
(1.93752 -0.273097 0)
(1.90063 -0.258285 0)
(1.86778 -0.241405 0)
(1.83922 -0.222491 0)
(1.81483 -0.200519 0)
(1.79463 -0.174368 0)
(1.7781 -0.143668 0)
(1.76436 -0.108466 0)
(1.75263 -0.0691573 0)
(1.74235 -0.0265735 0)
(1.73379 0.0186684 0)
(1.72764 0.0664466 0)
(1.72392 0.11354 0)
(1.72227 0.156013 0)
(1.72298 0.191786 0)
(1.72708 0.220693 0)
(1.7362 0.243574 0)
(1.75309 0.260257 0)
(1.78061 0.269874 0)
(1.82116 0.272149 0)
(1.87545 0.266352 0)
(1.9426 0.251579 0)
(2.02032 0.22716 0)
(2.10518 0.192548 0)
(2.19333 0.147333 0)
(2.27954 0.0932968 0)
(2.35722 0.0352392 0)
(2.42138 -0.0212725 0)
(2.46948 -0.0707946 0)
(2.5006 -0.110369 0)
(2.51334 -0.143179 0)
(2.51261 -0.170111 0)
(2.49612 -0.189804 0)
(2.46601 -0.200099 0)
(2.42433 -0.202743 0)
(2.37275 -0.198873 0)
(2.3136 -0.189417 0)
(2.2492 -0.175528 0)
(2.18182 -0.158586 0)
(2.11425 -0.140366 0)
(2.04873 -0.122298 0)
(1.98671 -0.1051 0)
(1.92927 -0.0891025 0)
(1.87692 -0.0745467 0)
(1.82957 -0.0618361 0)
(1.78644 -0.0516427 0)
(1.74618 -0.0447342 0)
(1.70714 -0.0415005 0)
(1.66828 -0.0414133 0)
(2.24444 -0.154411 0)
(2.24177 -0.158955 0)
(2.23933 -0.16249 0)
(2.23775 -0.165005 0)
(2.23773 -0.167025 0)
(2.23992 -0.169011 0)
(2.24468 -0.171598 0)
(2.25224 -0.175449 0)
(2.2626 -0.18124 0)
(2.27544 -0.18954 0)
(2.29013 -0.200586 0)
(2.30572 -0.214205 0)
(2.32116 -0.230246 0)
(2.33555 -0.248592 0)
(2.34749 -0.267323 0)
(2.35572 -0.28386 0)
(2.35915 -0.296953 0)
(2.35662 -0.307327 0)
(2.3474 -0.314096 0)
(2.33135 -0.31648 0)
(2.3082 -0.314682 0)
(2.27813 -0.309414 0)
(2.24187 -0.301636 0)
(2.20053 -0.292379 0)
(2.1556 -0.282537 0)
(2.10853 -0.272571 0)
(2.06071 -0.262711 0)
(2.01396 -0.253272 0)
(1.96961 -0.244187 0)
(1.92892 -0.234834 0)
(1.89289 -0.224197 0)
(1.86233 -0.211735 0)
(1.83766 -0.197571 0)
(1.81842 -0.180493 0)
(1.80437 -0.158812 0)
(1.79485 -0.131906 0)
(1.78854 -0.0991862 0)
(1.78383 -0.0609192 0)
(1.7797 -0.0189453 0)
(1.77571 0.0253051 0)
(1.77176 0.0714596 0)
(1.76823 0.115766 0)
(1.76647 0.154367 0)
(1.76859 0.185311 0)
(1.77644 0.20904 0)
(1.79113 0.226192 0)
(1.8131 0.235293 0)
(1.84372 0.23555 0)
(1.88454 0.227005 0)
(1.93618 0.209929 0)
(1.99802 0.184817 0)
(2.06804 0.152356 0)
(2.14338 0.113025 0)
(2.22127 0.0673339 0)
(2.2965 0.0184803 0)
(2.36346 -0.0290362 0)
(2.41745 -0.0712843 0)
(2.45536 -0.105019 0)
(2.47711 -0.128988 0)
(2.48482 -0.146042 0)
(2.47724 -0.158801 0)
(2.45408 -0.163742 0)
(2.41702 -0.161403 0)
(2.36808 -0.15331 0)
(2.30966 -0.140803 0)
(2.24435 -0.125159 0)
(2.17487 -0.107696 0)
(2.10462 -0.0900706 0)
(2.03652 -0.0736779 0)
(1.97243 -0.0591902 0)
(1.91381 -0.0468059 0)
(1.86157 -0.0363904 0)
(1.81607 -0.0276247 0)
(1.77705 -0.0202692 0)
(1.74364 -0.0143425 0)
(1.71432 -0.0100885 0)
(1.68716 -0.00773461 0)
(1.66044 -0.00713902 0)
(2.24127 -0.152261 0)
(2.23928 -0.156833 0)
(2.23748 -0.160878 0)
(2.23632 -0.164542 0)
(2.23635 -0.168183 0)
(2.238 -0.17223 0)
(2.24162 -0.177184 0)
(2.24747 -0.183529 0)
(2.25562 -0.191718 0)
(2.26592 -0.202053 0)
(2.27802 -0.214498 0)
(2.29127 -0.228698 0)
(2.30505 -0.244482 0)
(2.3187 -0.261528 0)
(2.33078 -0.277705 0)
(2.33975 -0.290368 0)
(2.34429 -0.298251 0)
(2.34385 -0.302533 0)
(2.3368 -0.302585 0)
(2.32245 -0.297618 0)
(2.3001 -0.288393 0)
(2.26966 -0.276118 0)
(2.23179 -0.262269 0)
(2.18786 -0.248321 0)
(2.13971 -0.235385 0)
(2.08903 -0.223944 0)
(2.03793 -0.214371 0)
(1.98839 -0.206899 0)
(1.94194 -0.201295 0)
(1.90017 -0.196834 0)
(1.86475 -0.192235 0)
(1.8372 -0.186424 0)
(1.81765 -0.178891 0)
(1.80416 -0.167534 0)
(1.79752 -0.150555 0)
(1.796 -0.127432 0)
(1.79708 -0.0976154 0)
(1.80004 -0.0608676 0)
(1.80362 -0.0187093 0)
(1.80402 0.0266927 0)
(1.8035 0.0743275 0)
(1.8009 0.119035 0)
(1.79723 0.155625 0)
(1.79529 0.181278 0)
(1.79861 0.197974 0)
(1.80999 0.207822 0)
(1.82945 0.208715 0)
(1.85799 0.199696 0)
(1.89646 0.181052 0)
(1.94463 0.154069 0)
(2.00133 0.120543 0)
(2.06477 0.0822159 0)
(2.13371 0.0396378 0)
(2.20624 -0.00607643 0)
(2.27525 -0.0495382 0)
(2.33433 -0.0861711 0)
(2.37833 -0.113536 0)
(2.40503 -0.130836 0)
(2.41607 -0.139317 0)
(2.41495 -0.142485 0)
(2.3973 -0.139566 0)
(2.36372 -0.12955 0)
(2.31666 -0.114354 0)
(2.25874 -0.0959173 0)
(2.19262 -0.075703 0)
(2.12127 -0.0551529 0)
(2.04897 -0.0362417 0)
(1.97935 -0.0204361 0)
(1.91485 -0.00826377 0)
(1.85731 0.000376036 0)
(1.80757 0.00587192 0)
(1.76591 0.00884232 0)
(1.73208 0.0101708 0)
(1.70536 0.0107659 0)
(1.6845 0.0112129 0)
(1.66773 0.0116804 0)
(1.65313 0.0121998 0)
(1.63908 0.0129186 0)
(2.23767 -0.150518 0)
(2.23587 -0.155064 0)
(2.2341 -0.159455 0)
(2.23269 -0.163895 0)
(2.23206 -0.168717 0)
(2.23256 -0.174328 0)
(2.23455 -0.181137 0)
(2.23827 -0.189525 0)
(2.24392 -0.199793 0)
(2.2515 -0.212054 0)
(2.26087 -0.226059 0)
(2.27169 -0.241373 0)
(2.28372 -0.257758 0)
(2.29641 -0.274357 0)
(2.30836 -0.288689 0)
(2.31754 -0.297839 0)
(2.32208 -0.300854 0)
(2.32269 -0.299801 0)
(2.31679 -0.292659 0)
(2.30231 -0.279492 0)
(2.27837 -0.261556 0)
(2.24489 -0.240863 0)
(2.20269 -0.219747 0)
(2.15362 -0.200299 0)
(2.09989 -0.183812 0)
(2.04363 -0.17088 0)
(1.98779 -0.162002 0)
(1.93431 -0.157115 0)
(1.88499 -0.155823 0)
(1.84144 -0.15761 0)
(1.80568 -0.161313 0)
(1.7807 -0.164551 0)
(1.76728 -0.16532 0)
(1.7612 -0.161747 0)
(1.76195 -0.150634 0)
(1.76909 -0.131248 0)
(1.77932 -0.102939 0)
(1.79032 -0.0658569 0)
(1.8015 -0.0222998 0)
(1.80973 0.0250628 0)
(1.81358 0.0750454 0)
(1.81092 0.122431 0)
(1.80542 0.159914 0)
(1.79983 0.183036 0)
(1.79826 0.193211 0)
(1.80375 0.195416 0)
(1.81741 0.187042 0)
(1.83971 0.168046 0)
(1.87191 0.139726 0)
(1.91366 0.104071 0)
(1.96363 0.0633272 0)
(2.02118 0.0184924 0)
(2.08605 -0.0297863 0)
(2.15122 -0.0750021 0)
(2.20756 -0.110151 0)
(2.249 -0.132122 0)
(2.27403 -0.141713 0)
(2.2845 -0.143154 0)
(2.28346 -0.140162 0)
(2.266 -0.128179 0)
(2.23282 -0.108545 0)
(2.18621 -0.0842171 0)
(2.12856 -0.0572508 0)
(2.06229 -0.0295554 0)
(1.99144 -0.00356259 0)
(1.92145 0.0180265 0)
(1.85555 0.0339605 0)
(1.79613 0.0439433 0)
(1.74491 0.0482551 0)
(1.7027 0.0479632 0)
(1.66947 0.0444672 0)
(1.6447 0.0390999 0)
(1.62745 0.0331822 0)
(1.61646 0.0277758 0)
(1.6101 0.0237468 0)
(1.60691 0.0218226 0)
(1.60527 0.0212954 0)
(1.60346 0.021984 0)
(2.23104 -0.148814 0)
(2.22877 -0.153158 0)
(2.22622 -0.157605 0)
(2.22366 -0.162436 0)
(2.22139 -0.168006 0)
(2.21974 -0.174698 0)
(2.21902 -0.18289 0)
(2.21952 -0.192905 0)
(2.22148 -0.204959 0)
(2.22505 -0.21902 0)
(2.23024 -0.234704 0)
(2.23703 -0.251593 0)
(2.24537 -0.269278 0)
(2.25459 -0.2862 0)
(2.26334 -0.299029 0)
(2.26939 -0.303949 0)
(2.27228 -0.303459 0)
(2.27164 -0.297672 0)
(2.26377 -0.28244 0)
(2.24639 -0.259501 0)
(2.21828 -0.231163 0)
(2.17926 -0.200538 0)
(2.13058 -0.171163 0)
(2.07465 -0.145843 0)
(2.01393 -0.12601 0)
(1.95175 -0.112467 0)
(1.891 -0.105332 0)
(1.83357 -0.10414 0)
(1.78144 -0.108271 0)
(1.73644 -0.11726 0)
(1.6998 -0.130939 0)
(1.67423 -0.146761 0)
(1.6626 -0.158136 0)
(1.66133 -0.162049 0)
(1.66741 -0.159244 0)
(1.68 -0.146029 0)
(1.69888 -0.121506 0)
(1.72248 -0.0853284 0)
(1.74534 -0.0385553 0)
(1.76233 0.0152027 0)
(1.77136 0.0735891 0)
(1.77198 0.127768 0)
(1.7665 0.168062 0)
(1.75951 0.189323 0)
(1.75537 0.194107 0)
(1.75612 0.189544 0)
(1.7632 0.172846 0)
(1.77793 0.144446 0)
(1.80137 0.106817 0)
(1.83322 0.0628833 0)
(1.87273 0.013369 0)
(1.91903 -0.0406736 0)
(1.96595 -0.0909825 0)
(2.00467 -0.127645 0)
(2.02995 -0.14726 0)
(2.04307 -0.151835 0)
(2.04636 -0.150868 0)
(2.03939 -0.141144 0)
(2.0184 -0.120505 0)
(1.98424 -0.0927037 0)
(1.9394 -0.0602693 0)
(1.88572 -0.0254552 0)
(1.82567 0.00924111 0)
(1.76451 0.0399654 0)
(1.70586 0.0640507 0)
(1.65244 0.0803606 0)
(1.60607 0.0888659 0)
(1.56771 0.0899429 0)
(1.53819 0.0851049 0)
(1.51755 0.0761722 0)
(1.50511 0.0644338 0)
(1.5001 0.051359 0)
(1.50165 0.0386951 0)
(1.50815 0.0282014 0)
(1.51762 0.0207149 0)
(1.52877 0.0164973 0)
(1.54041 0.0157019 0)
(1.55077 0.0180502 0)
(2.21435 -0.146359 0)
(2.21035 -0.150168 0)
(2.20558 -0.154262 0)
(2.20022 -0.158984 0)
(2.19448 -0.164718 0)
(2.18863 -0.171874 0)
(2.18291 -0.180833 0)
(2.17759 -0.191897 0)
(2.17292 -0.205238 0)
(2.16908 -0.220721 0)
(2.16625 -0.237901 0)
(2.16445 -0.256445 0)
(2.16338 -0.275197 0)
(2.16258 -0.292127 0)
(2.16187 -0.303992 0)
(2.15962 -0.306384 0)
(2.15495 -0.303936 0)
(2.14595 -0.291653 0)
(2.12999 -0.26779 0)
(2.10528 -0.23456 0)
(2.07032 -0.195051 0)
(2.02448 -0.153759 0)
(1.96904 -0.115465 0)
(1.90639 -0.083709 0)
(1.8405 -0.0608805 0)
(1.77502 -0.0477357 0)
(1.71268 -0.0436245 0)
(1.65479 -0.0475374 0)
(1.60203 -0.0587566 0)
(1.55618 -0.0761774 0)
(1.51857 -0.0989965 0)
(1.48953 -0.126856 0)
(1.47219 -0.153271 0)
(1.46747 -0.167012 0)
(1.4709 -0.168297 0)
(1.48056 -0.164207 0)
(1.49646 -0.14673 0)
(1.51941 -0.113525 0)
(1.5465 -0.0656012 0)
(1.57463 -0.00609865 0)
(1.59873 0.0608454 0)
(1.61313 0.123858 0)
(1.61755 0.17073 0)
(1.61635 0.193121 0)
(1.61423 0.195547 0)
(1.6136 0.190023 0)
(1.61498 0.168427 0)
(1.62075 0.133207 0)
(1.63232 0.0872694 0)
(1.64746 0.0334376 0)
(1.66077 -0.0218024 0)
(1.66954 -0.0716153 0)
(1.67532 -0.111227 0)
(1.67917 -0.135928 0)
(1.6798 -0.146337 0)
(1.67634 -0.147496 0)
(1.66773 -0.136666 0)
(1.65118 -0.114729 0)
(1.62463 -0.0849005 0)
(1.58912 -0.0495123 0)
(1.5461 -0.0103484 0)
(1.49899 0.0290616 0)
(1.45279 0.063862 0)
(1.41072 0.0912611 0)
(1.3754 0.109628 0)
(1.34774 0.118573 0)
(1.32699 0.119128 0)
(1.31265 0.113266 0)
(1.30634 0.0995468 0)
(1.30908 0.0821267 0)
(1.32 0.062836 0)
(1.33767 0.0431958 0)
(1.35974 0.0255796 0)
(1.38243 0.012165 0)
(1.40318 0.0033182 0)
(1.42147 -0.00109028 0)
(1.43804 -0.000906438 0)
(1.45285 0.00368651 0)
(2.16802 -0.141518 0)
(2.15962 -0.144253 0)
(2.14973 -0.147353 0)
(2.13838 -0.151212 0)
(2.12568 -0.156246 0)
(2.11171 -0.162893 0)
(2.09659 -0.171556 0)
(2.08046 -0.182529 0)
(2.06342 -0.195974 0)
(2.04561 -0.21183 0)
(2.02714 -0.229634 0)
(2.00795 -0.248473 0)
(1.98771 -0.267447 0)
(1.96656 -0.285498 0)
(1.94355 -0.296174 0)
(1.9194 -0.298835 0)
(1.89418 -0.292708 0)
(1.8668 -0.274637 0)
(1.83655 -0.243923 0)
(1.80237 -0.201713 0)
(1.76225 -0.15211 0)
(1.71454 -0.101658 0)
(1.65895 -0.0563769 0)
(1.59742 -0.0205946 0)
(1.53423 0.00317594 0)
(1.47276 0.0148622 0)
(1.41537 0.0162711 0)
(1.36287 0.00950616 0)
(1.31426 -0.00586774 0)
(1.26968 -0.0311361 0)
(1.22958 -0.063827 0)
(1.18971 -0.0988355 0)
(1.14972 -0.132183 0)
(1.11942 -0.157205 0)
(1.10489 -0.167349 0)
(1.10235 -0.167947 0)
(1.10824 -0.160496 0)
(1.1265 -0.135626 0)
(1.15442 -0.0930818 0)
(1.18682 -0.0345246 0)
(1.22152 0.0365692 0)
(1.25147 0.107883 0)
(1.2727 0.162675 0)
(1.28529 0.190021 0)
(1.29227 0.194782 0)
(1.29688 0.18822 0)
(1.29675 0.163975 0)
(1.28978 0.126401 0)
(1.27416 0.0828616 0)
(1.25209 0.0395282 0)
(1.2325 -0.00478488 0)
(1.22599 -0.0567908 0)
(1.23275 -0.105598 0)
(1.24292 -0.136095 0)
(1.24942 -0.147096 0)
(1.25248 -0.145781 0)
(1.24779 -0.129882 0)
(1.22929 -0.0985823 0)
(1.19864 -0.0575109 0)
(1.16098 -0.0114998 0)
(1.12344 0.0328011 0)
(1.09022 0.0707029 0)
(1.06378 0.0997991 0)
(1.04533 0.118997 0)
(1.03489 0.12817 0)
(1.0314 0.129784 0)
(1.03483 0.125887 0)
(1.04755 0.111111 0)
(1.0689 0.0886167 0)
(1.09635 0.0617012 0)
(1.126 0.0344749 0)
(1.15348 0.0107496 0)
(1.17658 -0.00706617 0)
(1.19589 -0.0159909 0)
(1.21065 -0.0191899 0)
(1.22192 -0.0191888 0)
(1.23077 -0.0169758 0)
(1.23739 -0.00939228 0)
(2.04321 -0.130827 0)
(2.0257 -0.131589 0)
(2.00578 -0.132678 0)
(1.98337 -0.134514 0)
(1.95832 -0.137521 0)
(1.93048 -0.142157 0)
(1.89966 -0.148861 0)
(1.86563 -0.157921 0)
(1.82808 -0.169481 0)
(1.78669 -0.183482 0)
(1.74109 -0.199393 0)
(1.69107 -0.216461 0)
(1.63613 -0.233005 0)
(1.57505 -0.246307 0)
(1.50999 -0.254457 0)
(1.44579 -0.255923 0)
(1.38741 -0.249766 0)
(1.33744 -0.234055 0)
(1.2961 -0.205359 0)
(1.26235 -0.162609 0)
(1.23056 -0.108308 0)
(1.19493 -0.0486454 0)
(1.15411 0.00394527 0)
(1.11103 0.0415682 0)
(1.0701 0.0618115 0)
(1.03238 0.0672091 0)
(0.996328 0.0610914 0)
(0.959712 0.0477686 0)
(0.916124 0.0303203 0)
(0.860484 0.011123 0)
(0.798979 -0.0102953 0)
(0.741623 -0.0407942 0)
(0.694449 -0.0816252 0)
(0.661703 -0.122895 0)
(0.642854 -0.153469 0)
(0.635368 -0.167929 0)
(0.634883 -0.169612 0)
(0.642428 -0.159361 0)
(0.659344 -0.125365 0)
(0.684298 -0.0721851 0)
(0.714952 -0.00265336 0)
(0.74688 0.0712042 0)
(0.77596 0.131375 0)
(0.796903 0.168555 0)
(0.806289 0.184468 0)
(0.80402 0.188151 0)
(0.788129 0.179354 0)
(0.767194 0.156735 0)
(0.753967 0.119101 0)
(0.756905 0.0622171 0)
(0.7753 -0.0114935 0)
(0.797286 -0.0808422 0)
(0.812418 -0.129073 0)
(0.818641 -0.151957 0)
(0.817324 -0.1554 0)
(0.807026 -0.143165 0)
(0.787827 -0.107693 0)
(0.762358 -0.0619951 0)
(0.735317 -0.0156617 0)
(0.712724 0.0258453 0)
(0.697469 0.0612689 0)
(0.689591 0.0893874 0)
(0.688989 0.109353 0)
(0.695779 0.120781 0)
(0.710052 0.123444 0)
(0.730661 0.118055 0)
(0.757327 0.101326 0)
(0.787847 0.0768798 0)
(0.816684 0.0500602 0)
(0.839553 0.0259204 0)
(0.855227 0.00680095 0)
(0.863831 -0.00701575 0)
(0.866743 -0.0161454 0)
(0.866279 -0.0209418 0)
(0.864267 -0.0220335 0)
(0.862167 -0.0208092 0)
(0.860057 -0.0153132 0)
(0.858135 -0.00669279 0)
(1.74615 -0.109318 0)
(1.71382 -0.107386 0)
(1.67852 -0.105562 0)
(1.63999 -0.104201 0)
(1.59781 -0.103706 0)
(1.55145 -0.104518 0)
(1.49957 -0.106968 0)
(1.44115 -0.111226 0)
(1.37489 -0.1171 0)
(1.29921 -0.123979 0)
(1.2131 -0.130507 0)
(1.11733 -0.136559 0)
(1.01401 -0.143621 0)
(0.914761 -0.152708 0)
(0.824787 -0.163033 0)
(0.745725 -0.173126 0)
(0.680614 -0.180217 0)
(0.632546 -0.179689 0)
(0.599086 -0.16557 0)
(0.579183 -0.133124 0)
(0.569966 -0.0843662 0)
(0.560561 -0.0275527 0)
(0.548235 0.0228588 0)
(0.532715 0.0608228 0)
(0.508493 0.0849085 0)
(0.476557 0.0963179 0)
(0.442301 0.099522 0)
(0.409883 0.0982489 0)
(0.381166 0.0926397 0)
(0.358863 0.0726068 0)
(0.345975 0.0340897 0)
(0.337066 -0.0160672 0)
(0.324056 -0.0661182 0)
(0.303559 -0.108837 0)
(0.277702 -0.140009 0)
(0.250264 -0.157548 0)
(0.223951 -0.161365 0)
(0.200487 -0.149482 0)
(0.182613 -0.119326 0)
(0.173342 -0.0710496 0)
(0.172794 -0.00767032 0)
(0.185107 0.0609622 0)
(0.207449 0.119811 0)
(0.23137 0.161745 0)
(0.253622 0.18576 0)
(0.277173 0.192943 0)
(0.30435 0.183358 0)
(0.335918 0.144825 0)
(0.370684 0.0861124 0)
(0.403023 0.018651 0)
(0.422796 -0.0439362 0)
(0.427059 -0.0938018 0)
(0.420013 -0.126414 0)
(0.405667 -0.139767 0)
(0.387033 -0.133759 0)
(0.367255 -0.111842 0)
(0.348099 -0.0790669 0)
(0.333107 -0.0409876 0)
(0.324029 -0.00294002 0)
(0.32238 0.0320796 0)
(0.327917 0.0603119 0)
(0.340441 0.081476 0)
(0.358747 0.094462 0)
(0.381373 0.0985487 0)
(0.406756 0.0940456 0)
(0.433119 0.0831014 0)
(0.457327 0.0682066 0)
(0.4761 0.051719 0)
(0.488468 0.035556 0)
(0.495109 0.0207837 0)
(0.497383 0.0079234 0)
(0.496668 -0.00258991 0)
(0.494142 -0.0100591 0)
(0.490846 -0.0142602 0)
(0.487431 -0.0157108 0)
(0.484169 -0.0147602 0)
(0.481488 -0.0113334 0)
(0.480058 -0.00528612 0)
(1.15046 -0.0689505 0)
(1.10258 -0.0644211 0)
(1.05286 -0.0598165 0)
(1.00091 -0.0550809 0)
(0.945657 -0.0500546 0)
(0.885415 -0.0444375 0)
(0.819923 -0.0380648 0)
(0.748962 -0.0310296 0)
(0.673326 -0.0245178 0)
(0.594413 -0.0214503 0)
(0.519605 -0.0254793 0)
(0.453874 -0.0360567 0)
(0.396215 -0.0525224 0)
(0.342216 -0.0736144 0)
(0.287502 -0.0949133 0)
(0.231966 -0.115293 0)
(0.176579 -0.13274 0)
(0.122332 -0.139984 0)
(0.0720861 -0.130592 0)
(0.0302534 -0.102699 0)
(5.25324e-05 -0.0586638 0)
(-0.0179502 -0.00636633 0)
(-0.0209455 0.0446516 0)
(-0.0119698 0.0826366 0)
(0.00380019 0.10492 0)
(0.0226436 0.112118 0)
(0.0422419 0.107636 0)
(0.0623246 0.0958628 0)
(0.081843 0.0770994 0)
(0.0985232 0.050192 0)
(0.108283 0.0188264 0)
(0.106693 -0.0137194 0)
(0.0913783 -0.0467044 0)
(0.0637851 -0.077267 0)
(0.0271382 -0.101321 0)
(-0.0165465 -0.11614 0)
(-0.063119 -0.120029 0)
(-0.107571 -0.111146 0)
(-0.14573 -0.0877393 0)
(-0.172109 -0.0508158 0)
(-0.181592 -0.00336328 0)
(-0.173142 0.0493311 0)
(-0.148579 0.0953503 0)
(-0.110614 0.128414 0)
(-0.0641186 0.145483 0)
(-0.0116591 0.144344 0)
(0.0429805 0.124705 0)
(0.0929561 0.0906635 0)
(0.130824 0.047888 0)
(0.151127 0.00189064 0)
(0.153672 -0.0427223 0)
(0.140126 -0.078681 0)
(0.114078 -0.102367 0)
(0.0815064 -0.111106 0)
(0.0476187 -0.105998 0)
(0.0185941 -0.0894222 0)
(-0.002002 -0.0637961 0)
(-0.0128309 -0.0338685 0)
(-0.0150318 -0.00433798 0)
(-0.0092767 0.0217884 0)
(0.00455142 0.0422254 0)
(0.0249715 0.0566676 0)
(0.0489938 0.0651033 0)
(0.0751867 0.0678799 0)
(0.101419 0.0658101 0)
(0.125673 0.0599142 0)
(0.146657 0.0508027 0)
(0.163511 0.0394653 0)
(0.175962 0.027224 0)
(0.184153 0.0153719 0)
(0.188529 0.00496806 0)
(0.189762 -0.00340762 0)
(0.188755 -0.00942192 0)
(0.186402 -0.0129568 0)
(0.183433 -0.014154 0)
(0.180456 -0.0132119 0)
(0.178048 -0.0101375 0)
(0.176956 -0.00523351 0)
(0.368734 -0.0160959 0)
(0.331542 -0.00972367 0)
(0.296442 -0.0036793 0)
(0.264433 0.00250341 0)
(0.237567 0.00953179 0)
(0.215531 0.0173592 0)
(0.197998 0.0245728 0)
(0.184747 0.0291276 0)
(0.175609 0.0288156 0)
(0.168328 0.0206977 0)
(0.160748 0.00560137 0)
(0.148985 -0.00937735 0)
(0.129102 -0.0228247 0)
(0.100414 -0.036377 0)
(0.0634538 -0.0509785 0)
(0.0165126 -0.0655916 0)
(-0.0382064 -0.0771807 0)
(-0.0981171 -0.0821619 0)
(-0.157336 -0.077739 0)
(-0.208559 -0.0625807 0)
(-0.245247 -0.0374026 0)
(-0.259757 -0.00574669 0)
(-0.253173 0.0260811 0)
(-0.230984 0.051737 0)
(-0.195454 0.067839 0)
(-0.153109 0.0736007 0)
(-0.109756 0.071843 0)
(-0.0685118 0.0650648 0)
(-0.0324207 0.0540125 0)
(-0.00508614 0.0385881 0)
(0.0100126 0.0193819 0)
(0.0120612 -0.00236976 0)
(-0.000798468 -0.0242589 0)
(-0.028563 -0.043746 0)
(-0.0679037 -0.0598426 0)
(-0.115936 -0.071051 0)
(-0.168195 -0.0749389 0)
(-0.218978 -0.070988 0)
(-0.262257 -0.0580409 0)
(-0.290879 -0.0366251 0)
(-0.303458 -0.00804073 0)
(-0.293017 0.022825 0)
(-0.264974 0.0513767 0)
(-0.2209 0.0726907 0)
(-0.166079 0.0835464 0)
(-0.106798 0.0836502 0)
(-0.0498939 0.0731032 0)
(-0.00312979 0.0538506 0)
(0.0273315 0.0281353 0)
(0.0387571 -0.000729063 0)
(0.0301002 -0.0275217 0)
(0.00252481 -0.0492015 0)
(-0.0374915 -0.0639302 0)
(-0.0829015 -0.0703073 0)
(-0.127508 -0.068315 0)
(-0.167671 -0.0591207 0)
(-0.199372 -0.0442159 0)
(-0.219643 -0.0261525 0)
(-0.226055 -0.00761319 0)
(-0.22065 0.00938773 0)
(-0.205956 0.0233822 0)
(-0.18394 0.0332061 0)
(-0.157434 0.0392697 0)
(-0.128749 0.0416237 0)
(-0.100105 0.0406027 0)
(-0.0733498 0.0367841 0)
(-0.049914 0.0308813 0)
(-0.0309593 0.0237716 0)
(-0.0170062 0.0162853 0)
(-0.00799941 0.00913634 0)
(-0.00359998 0.00279175 0)
(-0.00304305 -0.00250891 0)
(-0.005382 -0.00636734 0)
(-0.00957655 -0.00871021 0)
(-0.0146291 -0.00963324 0)
(-0.0196336 -0.00923467 0)
(-0.0236981 -0.00755401 0)
(-0.0259952 -0.00477004 0)
(-0.000915433 0.0078386 0)
(-0.00345278 0.00846393 0)
(-0.00232852 0.00801321 0)
(0.000983934 0.00689539 0)
(0.00618931 0.00535203 0)
(0.0139565 0.00379032 0)
(0.0239208 0.00240855 0)
(0.0359457 0.00150891 0)
(0.0486027 0.00119822 0)
(0.0590638 0.000562026 0)
(0.064622 -0.000677691 0)
(0.0635351 -0.00375289 0)
(0.0547687 -0.00815883 0)
(0.0378484 -0.0131475 0)
(0.0113062 -0.018611 0)
(-0.0266255 -0.0245775 0)
(-0.0754021 -0.029142 0)
(-0.1305 -0.0308143 0)
(-0.185747 -0.0289376 0)
(-0.233966 -0.023395 0)
(-0.268007 -0.0148113 0)
(-0.282911 -0.00430042 0)
(-0.27766 0.00592984 0)
(-0.254797 0.0154003 0)
(-0.218142 0.0222608 0)
(-0.173257 0.0256193 0)
(-0.12557 0.0258873 0)
(-0.0799443 0.0238114 0)
(-0.039348 0.0199472 0)
(-0.00737152 0.0143286 0)
(0.0128027 0.0076451 0)
(0.0196442 0.000426312 0)
(0.0126352 -0.00745465 0)
(-0.00913522 -0.0145769 0)
(-0.0439729 -0.0208294 0)
(-0.0878225 -0.0247739 0)
(-0.136704 -0.026021 0)
(-0.185582 -0.0245105 0)
(-0.228801 -0.0200535 0)
(-0.260132 -0.0125373 0)
(-0.274297 -0.00280509 0)
(-0.269534 0.00764693 0)
(-0.245601 0.0178649 0)
(-0.204191 0.0256507 0)
(-0.1506 0.0297189 0)
(-0.0933134 0.0297249 0)
(-0.0386592 0.0257079 0)
(0.00583095 0.0181219 0)
(0.0338881 0.00814931 0)
(0.0432057 -0.0029304 0)
(0.0339834 -0.0134507 0)
(0.0058961 -0.0218193 0)
(-0.0361573 -0.0273579 0)
(-0.0846094 -0.028983 0)
(-0.133436 -0.0272008 0)
(-0.177949 -0.0229608 0)
(-0.213769 -0.0171024 0)
(-0.238178 -0.0105492 0)
(-0.250117 -0.00397842 0)
(-0.250461 0.0022507 0)
(-0.240866 0.00763029 0)
(-0.222924 0.0114211 0)
(-0.199104 0.0136376 0)
(-0.172032 0.0143996 0)
(-0.144251 0.0139242 0)
(-0.117927 0.0124901 0)
(-0.0947628 0.0103684 0)
(-0.0759728 0.00783009 0)
(-0.0621808 0.00516264 0)
(-0.0535023 0.00258648 0)
(-0.0496346 0.000234644 0)
(-0.0497952 -0.00173783 0)
(-0.0531058 -0.00314705 0)
(-0.0586915 -0.00400863 0)
(-0.0655203 -0.00437255 0)
(-0.072624 -0.0042653 0)
(-0.0790959 -0.00372672 0)
(-0.0840682 -0.00281419 0)
(-0.053889 -0.539285 0)
(-0.180456 -0.585994 0)
(-0.286358 -0.606082 0)
(-0.35438 -0.572228 0)
(-0.395816 -0.443927 0)
(-0.397814 -0.213636 0)
(-0.342661 0.0873767 0)
(-0.253961 0.397455 0)
(-0.147567 0.673454 0)
(-0.0470209 0.893388 0)
(0.0338496 1.05787 0)
(0.0949414 1.17127 0)
(0.14003 1.23026 0)
(0.181253 1.23549 0)
(0.240127 1.15732 0)
(0.346958 0.982439 0)
(0.505673 0.718905 0)
(0.696455 0.398767 0)
(0.893171 0.0710746 0)
(1.07458 -0.224488 0)
(1.23063 -0.470054 0)
(1.35701 -0.659615 0)
(1.45348 -0.794684 0)
(1.52224 -0.882019 0)
(1.56632 -0.929784 0)
(1.59017 -0.94875 0)
(1.59828 -0.950883 0)
(1.59409 -0.935259 0)
(1.57579 -0.912105 0)
(1.54392 -0.895147 0)
(1.49806 -0.890649 0)
(1.44216 -0.894653 0)
(1.38458 -0.893434 0)
(1.33405 -0.867353 0)
(1.30094 -0.799578 0)
(1.29308 -0.678539 0)
(1.31354 -0.506161 0)
(1.35923 -0.29879 0)
(1.42147 -0.0805166 0)
(1.49009 0.124738 0)
(1.55853 0.304452 0)
(1.62176 0.45178 0)
(1.67617 0.564936 0)
(1.71992 0.646024 0)
(1.75268 0.699651 0)
(1.77481 0.731319 0)
(1.78738 0.746929 0)
(1.79201 0.7525 0)
(1.78868 0.752223 0)
(1.77733 0.749996 0)
(1.7597 0.749825 0)
(1.73747 0.752244 0)
(1.7126 0.754328 0)
(1.6871 0.749969 0)
(1.66369 0.73008 0)
(1.64541 0.686527 0)
(1.63425 0.614319 0)
(1.63123 0.512742 0)
(1.6366 0.385537 0)
(1.64985 0.240378 0)
(1.66942 0.0877621 0)
(1.69286 -0.0605445 0)
(1.71808 -0.197418 0)
(1.74329 -0.317984 0)
(1.76676 -0.419099 0)
(1.7872 -0.499904 0)
(1.80378 -0.561279 0)
(1.81587 -0.604933 0)
(1.82329 -0.633906 0)
(1.82613 -0.651467 0)
(1.82408 -0.660296 0)
(1.81643 -0.663237 0)
(1.80406 -0.662085 0)
(-0.0742128 -0.407145 0)
(-0.215828 -0.460382 0)
(-0.336604 -0.510125 0)
(-0.426025 -0.501285 0)
(-0.479484 -0.410488 0)
(-0.49863 -0.225045 0)
(-0.462613 0.0266697 0)
(-0.388307 0.307157 0)
(-0.288463 0.575358 0)
(-0.181138 0.804719 0)
(-0.0788858 0.982458 0)
(0.0164947 1.10673 0)
(0.108526 1.16574 0)
(0.222016 1.14379 0)
(0.372119 1.02798 0)
(0.560249 0.815316 0)
(0.773789 0.523207 0)
(0.991965 0.194976 0)
(1.18897 -0.117219 0)
(1.3537 -0.385866 0)
(1.48317 -0.59922 0)
(1.57833 -0.75713 0)
(1.64226 -0.862891 0)
(1.68079 -0.923422 0)
(1.69782 -0.950737 0)
(1.69866 -0.95542 0)
(1.68352 -0.942359 0)
(1.65716 -0.914382 0)
(1.62549 -0.881931 0)
(1.58763 -0.852859 0)
(1.53875 -0.835388 0)
(1.47684 -0.831751 0)
(1.40807 -0.832204 0)
(1.34314 -0.817849 0)
(1.29211 -0.768701 0)
(1.26395 -0.673381 0)
(1.26387 -0.529273 0)
(1.29234 -0.345462 0)
(1.34259 -0.141615 0)
(1.40457 0.0579409 0)
(1.47068 0.237982 0)
(1.53566 0.390462 0)
(1.59517 0.512021 0)
(1.64635 0.603205 0)
(1.68782 0.667303 0)
(1.71928 0.709098 0)
(1.74114 0.733995 0)
(1.75434 0.747197 0)
(1.75991 0.754312 0)
(1.75751 0.759661 0)
(1.7481 0.765116 0)
(1.73419 0.771046 0)
(1.71829 0.774533 0)
(1.70222 0.769333 0)
(1.68845 0.745812 0)
(1.6802 0.696303 0)
(1.67897 0.616893 0)
(1.68511 0.507595 0)
(1.69849 0.372932 0)
(1.71828 0.221358 0)
(1.74242 0.064647 0)
(1.76821 -0.0855673 0)
(1.79371 -0.222484 0)
(1.81719 -0.341245 0)
(1.83721 -0.439287 0)
(1.85288 -0.516108 0)
(1.86372 -0.57287 0)
(1.86959 -0.611758 0)
(1.87082 -0.635839 0)
(1.8672 -0.648475 0)
(1.85773 -0.652179 0)
(1.84305 -0.649665 0)
(1.82372 -0.644334 0)
(1.80082 -0.637432 0)
(1.77552 -0.628162 0)
(1.74913 -0.614003 0)
(1.72303 -0.591551 0)
(1.69847 -0.557413 0)
(-0.0781271 -0.238187 0)
(-0.202204 -0.333518 0)
(-0.29454 -0.399341 0)
(-0.392917 -0.422142 0)
(-0.454648 -0.365826 0)
(-0.47716 -0.223712 0)
(-0.454805 -0.0154471 0)
(-0.389401 0.227574 0)
(-0.294023 0.470548 0)
(-0.177619 0.687455 0)
(-0.0482973 0.86138 0)
(0.0937932 0.977826 0)
(0.256568 1.01799 0)
(0.449843 0.970447 0)
(0.669534 0.828537 0)
(0.904297 0.597251 0)
(1.1387 0.302344 0)
(1.34794 -0.00541651 0)
(1.5178 -0.284995 0)
(1.64802 -0.516992 0)
(1.73997 -0.693974 0)
(1.79757 -0.818898 0)
(1.82605 -0.897728 0)
(1.83257 -0.938827 0)
(1.8219 -0.947201 0)
(1.79613 -0.935498 0)
(1.75919 -0.909284 0)
(1.71646 -0.877188 0)
(1.67274 -0.842432 0)
(1.62825 -0.808079 0)
(1.57871 -0.779854 0)
(1.51793 -0.764251 0)
(1.44509 -0.759874 0)
(1.36951 -0.752393 0)
(1.30344 -0.721412 0)
(1.25825 -0.650019 0)
(1.2409 -0.533272 0)
(1.24941 -0.376399 0)
(1.28633 -0.192607 0)
(1.33968 -0.00300148 0)
(1.40102 0.173246 0)
(1.46495 0.327163 0)
(1.52671 0.454161 0)
(1.58271 0.553357 0)
(1.6308 0.626702 0)
(1.67 0.677986 0)
(1.70012 0.711964 0)
(1.72135 0.733902 0)
(1.73431 0.74903 0)
(1.73988 0.761605 0)
(1.73961 0.773246 0)
(1.73567 0.782342 0)
(1.73015 0.785603 0)
(1.72466 0.780939 0)
(1.72141 0.751814 0)
(1.72398 0.695824 0)
(1.73326 0.609619 0)
(1.74905 0.493642 0)
(1.77079 0.352997 0)
(1.79717 0.196836 0)
(1.82541 0.0384115 0)
(1.85285 -0.111577 0)
(1.87765 -0.246298 0)
(1.89831 -0.361381 0)
(1.91377 -0.454799 0)
(1.9236 -0.526486 0)
(1.9278 -0.578048 0)
(1.92693 -0.611924 0)
(1.92132 -0.631139 0)
(1.90975 -0.638604 0)
(1.89294 -0.636374 0)
(1.87118 -0.629066 0)
(1.84521 -0.619825 0)
(1.8159 -0.610022 0)
(1.78431 -0.599086 0)
(1.75178 -0.584647 0)
(1.71975 -0.563255 0)
(1.68957 -0.531353 0)
(-0.0492819 -0.0926157 0)
(-0.146366 -0.264189 0)
(-0.16371 -0.341551 0)
(-0.192558 -0.368366 0)
(-0.221156 -0.334452 0)
(-0.24112 -0.230994 0)
(-0.232009 -0.0668217 0)
(-0.181075 0.137205 0)
(-0.0900248 0.349721 0)
(0.0353397 0.543266 0)
(0.192381 0.695576 0)
(0.380256 0.787173 0)
(0.597855 0.801716 0)
(0.837323 0.73238 0)
(1.08303 0.581771 0)
(1.31941 0.360133 0)
(1.53364 0.0922048 0)
(1.70719 -0.176808 0)
(1.83738 -0.415704 0)
(1.92559 -0.607804 0)
(1.97564 -0.749184 0)
(1.9941 -0.842745 0)
(1.98957 -0.896541 0)
(1.96405 -0.919555 0)
(1.92413 -0.915134 0)
(1.87605 -0.892747 0)
(1.82388 -0.861903 0)
(1.77057 -0.828088 0)
(1.71819 -0.793784 0)
(1.66738 -0.758978 0)
(1.61625 -0.725443 0)
(1.55938 -0.698751 0)
(1.4905 -0.684066 0)
(1.41122 -0.67652 0)
(1.33416 -0.658696 0)
(1.27236 -0.610706 0)
(1.23831 -0.520783 0)
(1.23167 -0.390912 0)
(1.24955 -0.230923 0)
(1.29386 -0.0566067 0)
(1.3489 0.112384 0)
(1.40962 0.264479 0)
(1.47129 0.394022 0)
(1.52983 0.498918 0)
(1.5825 0.579872 0)
(1.62771 0.639674 0)
(1.66468 0.682487 0)
(1.69327 0.713127 0)
(1.71393 0.736193 0)
(1.72785 0.754764 0)
(1.73655 0.769676 0)
(1.74237 0.779928 0)
(1.74681 0.784169 0)
(1.75235 0.779205 0)
(1.76162 0.746264 0)
(1.77612 0.684423 0)
(1.79632 0.592129 0)
(1.82202 0.470584 0)
(1.85219 0.325545 0)
(1.88474 0.167267 0)
(1.91632 0.00959945 0)
(1.94441 -0.137577 0)
(1.96736 -0.267813 0)
(1.98405 -0.377299 0)
(1.99394 -0.464598 0)
(1.99717 -0.530225 0)
(1.99429 -0.576101 0)
(1.98617 -0.604785 0)
(1.9723 -0.619023 0)
(1.9528 -0.620487 0)
(1.92849 -0.613368 0)
(1.89989 -0.601873 0)
(1.86763 -0.589067 0)
(1.83237 -0.576565 0)
(1.79502 -0.56409 0)
(1.75687 -0.549515 0)
(1.71943 -0.529433 0)
(1.68415 -0.500132 0)
(0.216035 -0.179576 0)
(0.113255 -0.269197 0)
(0.151263 -0.349409 0)
(0.139694 -0.372519 0)
(0.122398 -0.339101 0)
(0.124878 -0.248003 0)
(0.153957 -0.11151 0)
(0.214852 0.0549698 0)
(0.311846 0.230053 0)
(0.446231 0.38694 0)
(0.618124 0.504076 0)
(0.822517 0.564949 0)
(1.0475 0.560543 0)
(1.27647 0.490643 0)
(1.49592 0.357221 0)
(1.70385 0.159335 0)
(1.88692 -0.0793913 0)
(2.0239 -0.30935 0)
(2.1135 -0.505016 0)
(2.15927 -0.656347 0)
(2.16927 -0.763222 0)
(2.15286 -0.831439 0)
(2.11489 -0.867544 0)
(2.06163 -0.874131 0)
(2.00087 -0.860059 0)
(1.93787 -0.834783 0)
(1.87618 -0.804082 0)
(1.81698 -0.771648 0)
(1.75984 -0.739128 0)
(1.70485 -0.706151 0)
(1.65182 -0.672006 0)
(1.598 -0.638966 0)
(1.53713 -0.612709 0)
(1.46411 -0.596581 0)
(1.38337 -0.582958 0)
(1.30855 -0.553621 0)
(1.25396 -0.491033 0)
(1.23279 -0.389378 0)
(1.23469 -0.255478 0)
(1.26584 -0.101169 0)
(1.31336 0.0572356 0)
(1.36909 0.204475 0)
(1.42862 0.333799 0)
(1.48762 0.442026 0)
(1.54287 0.528758 0)
(1.59226 0.595797 0)
(1.6346 0.64649 0)
(1.66953 0.684894 0)
(1.69752 0.714808 0)
(1.71986 0.738826 0)
(1.73801 0.757845 0)
(1.75308 0.771367 0)
(1.76765 0.776475 0)
(1.7851 0.764806 0)
(1.80754 0.727809 0)
(1.83459 0.661256 0)
(1.86618 0.564 0)
(1.90189 0.438403 0)
(1.9402 0.291049 0)
(1.97813 0.133331 0)
(2.01189 -0.0206686 0)
(2.03932 -0.16233 0)
(2.05915 -0.285784 0)
(2.07079 -0.387936 0)
(2.07437 -0.46797 0)
(2.07058 -0.526871 0)
(2.06046 -0.566725 0)
(2.04442 -0.589985 0)
(2.022 -0.598334 0)
(1.99477 -0.594627 0)
(1.96326 -0.583331 0)
(1.92818 -0.568201 0)
(1.89002 -0.552297 0)
(1.84926 -0.537422 0)
(1.8067 -0.523626 0)
(1.76353 -0.509108 0)
(1.72125 -0.490604 0)
(1.68142 -0.464283 0)
)
;

boundaryField
{
    inlet
    {
        type            fixedValue;
        value           nonuniform List<vector> 0();
    }
    outlet
    {
        type            zeroGradient;
    }
    topWall
    {
        type            noSlip;
    }
    lowerWall
    {
        type            noSlip;
    }
    leadingEdge
    {
        type            noSlip;
    }
    trailingEdge
    {
        type            noSlip;
    }
    upperSurface
    {
        type            noSlip;
    }
    lowerSurface
    {
        type            noSlip;
    }
    frontAndBack
    {
        type            empty;
    }
    procBoundary5to1
    {
        type            processor;
        value           nonuniform List<vector> 
79
(
(-0.0223328 -0.628458 0)
(-0.100377 -0.675163 0)
(-0.158874 -0.673171 0)
(-0.192227 -0.60889 0)
(-0.203876 -0.447975 0)
(-0.166237 -0.171872 0)
(-0.0754885 0.169673 0)
(0.0380602 0.503219 0)
(0.153861 0.774995 0)
(0.243988 0.970872 0)
(0.297701 1.10744 0)
(0.312486 1.19686 0)
(0.303284 1.24675 0)
(0.277526 1.251 0)
(0.266751 1.20305 0)
(0.288587 1.07711 0)
(0.363829 0.86129 0)
(0.500923 0.573946 0)
(0.670324 0.254666 0)
(0.844931 -0.0515534 0)
(1.00917 -0.318507 0)
(1.15397 -0.534854 0)
(1.27437 -0.698053 0)
(1.36872 -0.811794 0)
(1.43815 -0.883642 0)
(1.48562 -0.923563 0)
(1.51489 -0.938145 0)
(1.5276 -0.937961 0)
(1.52392 -0.931499 0)
(1.50036 -0.93001 0)
(1.46289 -0.936791 0)
(1.41956 -0.944687 0)
(1.37692 -0.938993 0)
(1.34408 -0.900184 0)
(1.33272 -0.810124 0)
(1.34786 -0.661765 0)
(1.38944 -0.464112 0)
(1.45159 -0.237941 0)
(1.52357 -0.0114728 0)
(1.59634 0.194847 0)
(1.66404 0.369765 0)
(1.72224 0.508236 0)
(1.76847 0.610273 0)
(1.80224 0.679751 0)
(1.82434 0.722173 0)
(1.8361 0.743832 0)
(1.83922 0.750802 0)
(1.83393 0.748678 0)
(1.82065 0.739542 0)
(1.8009 0.730496 0)
(1.77559 0.725091 0)
(1.7457 0.723981 0)
(1.7128 0.724538 0)
(1.67899 0.720818 0)
(1.64689 0.704408 0)
(1.61953 0.667026 0)
(1.5994 0.602656 0)
(1.58795 0.509658 0)
(1.5858 0.391053 0)
(1.59271 0.25374 0)
(1.60756 0.10729 0)
(1.62814 -0.0371559 0)
(1.65233 -0.172116 0)
(1.67829 -0.29259 0)
(1.70419 -0.395302 0)
(1.72846 -0.479004 0)
(1.74986 -0.544095 0)
(1.7675 -0.592091 0)
(1.78082 -0.625823 0)
(1.78939 -0.647951 0)
(1.79329 -0.661659 0)
(1.79244 -0.669709 0)
(1.78696 -0.672907 0)
(1.78802 -0.658212 0)
(1.78802 -0.658212 0)
(1.76947 -0.65081 0)
(1.74966 -0.637108 0)
(1.72992 -0.613818 0)
(1.7115 -0.57776 0)
)
;
    }
    procBoundary5to4
    {
        type            processor;
        value           nonuniform List<vector> 
20
(
(-0.244699 0.0375492 0)
(-0.125942 0.0593707 0)
(0.277541 0.0653105 0)
(1.01399 0.0210777 0)
(1.82949 0.0635135 0)
(2.21246 0.0432468 0)
(2.36441 0.0282959 0)
(2.39997 0.0130649 0)
(2.40128 0.00221578 0)
(2.39089 -0.00631768 0)
(2.38198 -0.0128321 0)
(2.37474 -0.0178322 0)
(2.36804 -0.022033 0)
(2.36218 -0.0254165 0)
(2.35724 -0.0284816 0)
(2.35316 -0.0312689 0)
(2.34344 -0.0331383 0)
(2.29539 -0.0348265 0)
(2.09081 -0.0303788 0)
(1.27271 -0.0188432 0)
)
;
    }
    procBoundary5to6
    {
        type            processor;
        value           nonuniform List<vector> 
24
(
(1.64091 -0.391542 0)
(1.63785 -0.352994 0)
(1.63548 -0.311767 0)
(1.63321 -0.268363 0)
(1.63056 -0.223303 0)
(1.62766 -0.177195 0)
(1.62539 -0.130833 0)
(1.62544 -0.0853009 0)
(1.62907 -0.0429062 0)
(1.63279 -0.00760997 0)
(1.62431 0.0142171 0)
(1.60033 0.0241058 0)
(1.55838 0.0227666 0)
(1.46479 0.0118074 0)
(1.242 0.00161185 0)
(0.857597 0.00398306 0)
(0.480501 0.00294015 0)
(0.177728 0.000915617 0)
(-0.026 -0.00122627 0)
(-0.0868389 -0.00160128 0)
(1.67654 -0.509013 0)
(1.66238 -0.486195 0)
(1.65227 -0.458641 0)
(1.64541 -0.426909 0)
)
;
    }
}


// ************************************************************************* //
