/*--------------------------------*- C++ -*----------------------------------*\
| =========                 |                                                 |
| \\      /  F ield         | OpenFOAM: The Open Source CFD Toolbox           |
|  \\    /   O peration     | Version:  2206                                  |
|   \\  /    A nd           | Website:  www.openfoam.com                      |
|    \\/     M anipulation  |                                                 |
\*---------------------------------------------------------------------------*/
FoamFile
{
    version     2.0;
    format      ascii;
    arch        "LSB;label=32;scalar=64";
    class       surfaceScalarField;
    location    "19.5999";
    object      ddtCorrDdt0(phi);
}
// * * * * * * * * * * * * * * * * * * * * * * * * * * * * * * * * * * * * * //

dimensions      [0 3 -2 0 0 0 0];

oriented        oriented;

internalField   nonuniform List<scalar> 
3492
(
5.50557e-05
3.42847e-05
-2.8531e-05
4.73958e-05
4.56108e-05
-3.79508e-05
3.83708e-05
5.61166e-05
-4.70917e-05
2.84149e-05
6.55988e-05
-5.56429e-05
1.77319e-05
7.36202e-05
-6.29372e-05
6.61316e-06
7.93837e-05
-6.8265e-05
-4.02671e-06
8.12123e-05
-7.05725e-05
-1.36718e-05
7.87848e-05
-6.91397e-05
-2.19136e-05
7.27842e-05
-6.45424e-05
-2.84296e-05
6.36688e-05
-5.71528e-05
-3.31539e-05
5.23112e-05
-4.75869e-05
-3.6379e-05
3.97922e-05
-3.65671e-05
-3.86358e-05
2.70507e-05
-2.47938e-05
-4.02284e-05
1.4419e-05
-1.28264e-05
-4.10282e-05
1.72081e-06
-9.21033e-07
-4.06403e-05
-1.13197e-05
1.09318e-05
-3.91275e-05
-2.38228e-05
2.23099e-05
-3.66725e-05
-3.49715e-05
3.25165e-05
-3.33736e-05
-4.45485e-05
4.12495e-05
-2.91977e-05
-5.24537e-05
4.82779e-05
-2.39297e-05
-5.85337e-05
5.32656e-05
-1.75817e-05
-6.24721e-05
5.61241e-05
-1.05895e-05
-6.37226e-05
5.67304e-05
-3.38332e-06
-6.25966e-05
5.53904e-05
3.78997e-06
-5.94336e-05
5.22603e-05
1.06951e-05
-5.44339e-05
4.75288e-05
1.71877e-05
-4.78565e-05
4.13639e-05
2.32452e-05
-4.00162e-05
3.39586e-05
2.87334e-05
-3.12411e-05
2.57529e-05
3.32554e-05
-2.18798e-05
1.73577e-05
3.66008e-05
-1.23616e-05
9.01632e-06
3.86978e-05
-3.01629e-06
9.19308e-07
3.94454e-05
6.11258e-06
-6.86022e-06
3.86968e-05
1.4991e-05
-1.42424e-05
3.64458e-05
2.33146e-05
-2.10635e-05
3.28388e-05
3.08667e-05
-2.72597e-05
2.80617e-05
3.7594e-05
-3.28169e-05
2.22936e-05
4.34414e-05
-3.76732e-05
1.56938e-05
4.82402e-05
-4.16405e-05
8.5034e-06
5.14699e-05
-4.42794e-05
1.33492e-06
5.23588e-05
-4.51904e-05
-5.41527e-06
5.09954e-05
-4.42452e-05
-1.14461e-05
4.74992e-05
-4.14684e-05
-1.6508e-05
4.20992e-05
-3.70373e-05
-2.04769e-05
3.52232e-05
-3.12543e-05
-2.34189e-05
2.74266e-05
-2.44846e-05
-2.55627e-05
1.92258e-05
-1.7082e-05
-2.71093e-05
1.09923e-05
-9.44572e-06
-2.80248e-05
2.81799e-06
-1.9025e-06
-2.82267e-05
-5.29086e-06
5.49273e-06
-2.76164e-05
-1.33164e-05
1.27062e-05
-2.6242e-05
-2.07434e-05
1.9369e-05
-2.42314e-05
-2.71373e-05
2.51266e-05
-2.14593e-05
-3.24192e-05
2.96471e-05
-1.78191e-05
-3.64401e-05
3.27999e-05
-1.34227e-05
-3.88182e-05
3.44219e-05
-8.71554e-06
-3.93787e-05
3.46715e-05
-3.93005e-06
-3.84456e-05
3.36601e-05
7.10436e-07
-3.61523e-05
3.15118e-05
5.01496e-06
-3.26882e-05
2.83836e-05
8.90653e-06
-2.82906e-05
2.4399e-05
1.24825e-05
-2.32132e-05
1.96372e-05
1.57399e-05
-1.7662e-05
1.44046e-05
1.84569e-05
-1.18175e-05
9.10049e-06
2.05568e-05
-5.92807e-06
3.82818e-06
2.1988e-05
-1.11199e-07
-1.32003e-06
2.25617e-05
5.73298e-06
-6.30667e-06
2.22121e-05
1.13522e-05
-1.10026e-05
2.09738e-05
1.64299e-05
-1.51916e-05
1.88909e-05
2.09126e-05
-1.88297e-05
1.60325e-05
2.47975e-05
-2.19391e-05
1.24716e-05
2.8023e-05
-2.4462e-05
8.34143e-06
3.03253e-05
-2.61951e-05
4.0078e-06
3.13302e-05
-2.69965e-05
-2.48451e-07
3.09832e-05
-2.6727e-05
-4.20775e-06
2.93253e-05
-2.5366e-05
-7.67466e-06
2.64507e-05
-2.29838e-05
-1.05548e-05
2.26022e-05
-1.97221e-05
-1.2905e-05
1.81162e-05
-1.5766e-05
-1.48483e-05
1.32925e-05
-1.13493e-05
-1.63827e-05
8.27852e-06
-6.74416e-06
-1.74481e-05
3.09171e-06
-2.02625e-06
-1.79547e-05
-2.30404e-06
2.81064e-06
-1.7819e-05
-7.7362e-06
7.60047e-06
-1.71193e-05
-1.27749e-05
1.20752e-05
-1.5939e-05
-1.72581e-05
1.60778e-05
-1.43387e-05
-2.11163e-05
1.9516e-05
-1.2321e-05
-2.42806e-05
2.22629e-05
-9.79016e-06
-2.66522e-05
2.41214e-05
-6.8318e-06
-2.79108e-05
2.49524e-05
-3.70524e-06
-2.79548e-05
2.48282e-05
-5.33904e-07
-2.70123e-05
2.38409e-05
2.54239e-06
-2.51497e-05
2.20734e-05
5.40583e-06
-2.24793e-05
1.96158e-05
8.00384e-06
-1.91621e-05
1.65641e-05
1.0386e-05
-1.53747e-05
1.29925e-05
1.2548e-05
-1.12591e-05
9.09711e-06
1.43537e-05
-6.9454e-06
5.13963e-06
1.57403e-05
-2.60234e-06
1.21575e-06
1.66927e-05
1.64299e-06
-2.59541e-06
1.71398e-05
5.77516e-06
-6.22227e-06
1.70389e-05
9.67046e-06
-9.56953e-06
1.63924e-05
1.31923e-05
-1.25458e-05
1.51791e-05
1.62583e-05
-1.50451e-05
1.34144e-05
1.88424e-05
-1.70777e-05
1.11386e-05
2.08953e-05
-1.86195e-05
8.44452e-06
2.23001e-05
-1.9606e-05
5.53404e-06
2.29245e-05
-2.0014e-05
2.56056e-06
2.27833e-05
-1.98098e-05
-3.58226e-07
2.19315e-05
-1.90128e-05
-3.1072e-06
2.04101e-05
-1.76611e-05
-5.58555e-06
1.82895e-05
-1.58111e-05
-7.71924e-06
1.56773e-05
-1.35436e-05
-9.47598e-06
1.27138e-05
-1.0957e-05
-1.08816e-05
9.54438e-06
-8.1388e-06
-1.19839e-05
6.3094e-06
-5.20702e-06
-1.27745e-05
3.08333e-06
-2.29281e-06
-1.32782e-05
7.07637e-08
4.32979e-07
-1.35109e-05
-2.87261e-06
3.10535e-06
-1.34341e-05
-5.3456e-06
5.2687e-06
-8.65313e-06
7.90875e-06
4.14951e-05
3.82587e-05
3.57104e-05
5.13954e-05
2.85383e-05
6.32887e-05
2.03928e-05
7.37444e-05
1.15687e-05
8.24444e-05
2.42887e-06
8.85235e-05
-6.00637e-06
8.96476e-05
-1.34339e-05
8.62124e-05
-1.94546e-05
7.88049e-05
-2.37288e-05
6.7943e-05
-2.61272e-05
5.47096e-05
-2.69547e-05
4.06197e-05
-2.70407e-05
2.71367e-05
-2.73728e-05
1.47511e-05
-2.85505e-05
2.89849e-06
-2.81331e-05
-1.1737e-05
-2.68826e-05
-2.50733e-05
-2.49276e-05
-3.69265e-05
-2.22932e-05
-4.71829e-05
-1.90097e-05
-5.57371e-05
-1.50485e-05
-6.24949e-05
-1.02553e-05
-6.72653e-05
-4.74525e-06
-6.92327e-05
8.69586e-07
-6.82114e-05
6.3438e-06
-6.49078e-05
1.14023e-05
-5.94924e-05
1.57845e-05
-5.22386e-05
1.93436e-05
-4.35752e-05
2.21573e-05
-3.40548e-05
2.44999e-05
-2.42224e-05
2.65333e-05
-1.4395e-05
2.79467e-05
-4.42969e-06
2.83721e-05
5.68721e-06
2.76876e-05
1.56754e-05
2.58646e-05
2.51376e-05
2.30089e-05
3.37224e-05
1.92673e-05
4.13355e-05
1.47924e-05
4.79163e-05
9.69366e-06
5.3339e-05
4.02034e-06
5.71432e-05
-1.71653e-06
5.80957e-05
-7.06751e-06
5.63463e-05
-1.17532e-05
5.21848e-05
-1.54883e-05
4.58343e-05
-1.80789e-05
3.78138e-05
-1.95361e-05
2.88838e-05
-2.01566e-05
1.98464e-05
-2.05019e-05
1.13375e-05
-2.09405e-05
3.25666e-06
-2.10583e-05
-5.17304e-06
-2.02045e-05
-1.41702e-05
-1.87542e-05
-2.21938e-05
-1.68447e-05
-2.90468e-05
-1.4487e-05
-3.47768e-05
-1.16354e-05
-3.92918e-05
-8.11002e-06
-4.23436e-05
-4.20578e-06
-4.32829e-05
-2.85973e-07
-4.23654e-05
3.42971e-06
-3.9868e-05
6.73078e-06
-3.59892e-05
9.45067e-06
-3.10105e-05
1.15508e-05
-2.53133e-05
1.31869e-05
-1.92981e-05
1.46146e-05
-1.32452e-05
1.58402e-05
-7.15369e-06
1.6669e-05
-9.40053e-07
1.67351e-05
5.66688e-06
1.60853e-05
1.20021e-05
1.48082e-05
1.77069e-05
1.29691e-05
2.27516e-05
1.06455e-05
2.71212e-05
7.87604e-06
3.07924e-05
4.60951e-06
3.35918e-05
1.06365e-06
3.4876e-05
-2.42336e-06
3.44703e-05
-5.64193e-06
3.25438e-05
-8.35247e-06
2.91612e-05
-1.03798e-05
2.46295e-05
-1.17305e-05
1.9467e-05
-1.2679e-05
1.4241e-05
-1.35709e-05
9.17038e-06
-1.43846e-05
3.90547e-06
-1.4584e-05
-2.10469e-06
-1.4228e-05
-8.09214e-06
-1.34381e-05
-1.35648e-05
-1.22617e-05
-1.84345e-05
-1.0753e-05
-2.2625e-05
-8.95258e-06
-2.6081e-05
-6.83609e-06
-2.87687e-05
-4.29837e-06
-3.04485e-05
-1.60078e-06
-3.06524e-05
1.13562e-06
-2.97487e-05
3.7705e-06
-2.77846e-05
6.15948e-06
-2.48682e-05
8.18114e-06
-2.11838e-05
9.807e-06
-1.70005e-05
1.11442e-05
-1.25964e-05
1.23135e-05
-8.11471e-06
1.32322e-05
-3.52102e-06
1.37731e-05
1.10215e-06
1.39209e-05
5.62736e-06
1.36488e-05
9.9425e-06
1.29734e-05
1.38677e-05
1.19251e-05
1.73066e-05
1.05418e-05
2.02257e-05
8.82456e-06
2.26125e-05
6.72215e-06
2.44025e-05
4.32613e-06
2.53205e-05
1.8674e-06
2.5242e-05
-5.61691e-07
2.43606e-05
-2.86559e-06
2.2714e-05
-4.95115e-06
2.0375e-05
-6.72869e-06
1.74549e-05
-8.1276e-06
1.41127e-05
-9.1351e-06
1.05519e-05
-9.81456e-06
6.98885e-06
-1.02906e-05
3.55941e-06
-1.06195e-05
3.99596e-07
-1.08783e-05
-2.61382e-06
-1.0941e-05
-5.28281e-06
-9.18932e-06
2.33669e-05
4.08384e-05
1.94669e-05
5.52954e-05
1.45738e-05
6.81818e-05
9.03531e-06
7.92829e-05
3.22723e-06
8.82525e-05
-2.31345e-06
9.40642e-05
-6.76866e-06
9.41028e-05
-1.03693e-05
8.9813e-05
-1.30858e-05
8.15213e-05
-1.48397e-05
6.96969e-05
-1.54403e-05
5.53102e-05
-1.48098e-05
3.99892e-05
-1.34754e-05
2.58023e-05
-1.26155e-05
1.38912e-05
-1.48293e-05
5.11233e-06
-1.52928e-05
-1.12735e-05
-1.50871e-05
-2.5279e-05
-1.43934e-05
-3.76202e-05
-1.31438e-05
-4.84324e-05
-1.13234e-05
-5.75576e-05
-8.85859e-06
-6.49598e-05
-5.65265e-06
-7.04712e-05
-1.58987e-06
-7.32954e-05
2.71028e-06
-7.25115e-05
6.97261e-06
-6.91701e-05
1.0865e-05
-6.33848e-05
1.40334e-05
-5.54071e-05
1.61833e-05
-4.57252e-05
1.72371e-05
-3.51085e-05
1.75319e-05
-2.45173e-05
1.7805e-05
-1.4668e-05
1.8389e-05
-5.01366e-06
1.82966e-05
5.77959e-06
1.72565e-05
1.67155e-05
1.54341e-05
2.69601e-05
1.29472e-05
3.62093e-05
9.92473e-06
4.4358e-05
6.50731e-06
5.13337e-05
2.79902e-06
5.70472e-05
-1.08606e-06
6.10283e-05
-4.75352e-06
6.17632e-05
-8.00328e-06
5.95961e-05
-1.07192e-05
5.49008e-05
-1.27614e-05
4.78765e-05
-1.39779e-05
3.90303e-05
-1.42354e-05
2.91413e-05
-1.35647e-05
1.91757e-05
-1.25591e-05
1.0332e-05
-1.23147e-05
3.01226e-06
-1.35235e-05
-3.96424e-06
-1.28042e-05
-1.48896e-05
-1.18747e-05
-2.31233e-05
-1.06458e-05
-3.02756e-05
-9.12116e-06
-3.63015e-05
-7.24618e-06
-4.11668e-05
-4.87679e-06
-4.4713e-05
-1.95199e-06
-4.62078e-05
1.09465e-06
-4.5412e-05
4.05999e-06
-4.28333e-05
6.69363e-06
-3.86229e-05
8.76226e-06
-3.30791e-05
1.01161e-05
-2.66671e-05
1.08066e-05
-1.99886e-05
1.11683e-05
-1.36069e-05
1.15831e-05
-7.56843e-06
1.2536e-05
-1.89303e-06
1.22178e-05
5.98508e-06
1.13541e-05
1.28658e-05
1.00298e-05
1.90312e-05
8.29448e-06
2.4487e-05
6.21094e-06
2.92047e-05
3.81822e-06
3.31851e-05
1.17136e-06
3.62387e-05
-1.55725e-06
3.76046e-05
-4.1533e-06
3.70663e-05
-6.46952e-06
3.48601e-05
-8.29512e-06
3.09868e-05
-9.41342e-06
2.57478e-05
-9.72434e-06
1.97779e-05
-9.4496e-06
1.39663e-05
-9.21675e-06
8.93752e-06
-1.03368e-05
5.02552e-06
-1.03871e-05
-2.05443e-06
-9.99235e-06
-8.48684e-06
-9.35909e-06
-1.4198e-05
-8.50216e-06
-1.92915e-05
-7.46391e-06
-2.36633e-05
-6.25186e-06
-2.72931e-05
-4.82835e-06
-3.01922e-05
-3.07902e-06
-3.21978e-05
-1.07431e-06
-3.26571e-05
1.05891e-06
-3.18819e-05
3.21048e-06
-2.99361e-05
5.21383e-06
-2.68716e-05
6.88398e-06
-2.28539e-05
8.10362e-06
-1.82202e-05
8.93816e-06
-1.34309e-05
9.64795e-06
-8.82451e-06
1.03972e-05
-4.27024e-06
1.08934e-05
6.05936e-07
1.10249e-05
5.49585e-06
1.07842e-05
1.01831e-05
1.02062e-05
1.44458e-05
9.33264e-06
1.81801e-05
8.21287e-06
2.13455e-05
6.88645e-06
2.39389e-05
5.34767e-06
2.59413e-05
3.51919e-06
2.7149e-05
1.59872e-06
2.71624e-05
-3.23521e-07
2.62829e-05
-2.17132e-06
2.45618e-05
-3.86617e-06
2.20699e-05
-5.3223e-06
1.8911e-05
-6.44656e-06
1.5237e-05
-7.1618e-06
1.12671e-05
-7.4638e-06
7.29085e-06
-7.513e-06
3.6086e-06
-7.42356e-06
3.10175e-07
-7.84166e-06
-2.19573e-06
-8.29392e-06
-4.83055e-06
-9.66861e-06
5.08655e-06
4.24017e-05
3.10961e-06
5.72724e-05
1.0113e-06
7.02801e-05
-9.18699e-07
8.12129e-05
-2.36942e-06
8.97032e-05
-2.92766e-06
9.46224e-05
-2.58439e-06
9.37595e-05
-1.9979e-06
8.92266e-05
-1.57439e-06
8.10978e-05
-1.57657e-06
6.96991e-05
-1.96455e-06
5.56982e-05
-2.35969e-06
4.03843e-05
-2.22543e-06
2.56681e-05
-2.12726e-06
1.37931e-05
-3.66733e-06
6.6524e-06
-5.32711e-06
-9.61376e-06
-6.34547e-06
-2.42607e-05
-6.91382e-06
-3.70518e-05
-6.95005e-06
-4.83962e-05
-6.44356e-06
-5.80641e-05
-5.36013e-06
-6.60432e-05
-3.72535e-06
-7.2106e-05
-1.28247e-06
-7.57383e-05
1.4867e-06
-7.52807e-05
4.38406e-06
-7.20675e-05
7.10685e-06
-6.61076e-05
9.31848e-06
-5.76187e-05
1.07166e-05
-4.71233e-05
1.10251e-05
-3.5417e-05
1.02483e-05
-2.37405e-05
9.15263e-06
-1.35724e-05
9.02545e-06
-4.88647e-06
8.90117e-06
5.90386e-06
7.74838e-06
1.78683e-05
6.14713e-06
2.85613e-05
4.23576e-06
3.81207e-05
2.1817e-06
4.6412e-05
1.41703e-07
5.33737e-05
-1.75536e-06
5.89443e-05
-3.38084e-06
6.26538e-05
-4.45057e-06
6.28329e-05
-5.0915e-06
6.0237e-05
-5.43335e-06
5.52426e-05
-5.65444e-06
4.80976e-05
-5.8298e-06
3.92057e-05
-5.86097e-06
2.91725e-05
-5.55512e-06
1.88699e-05
-4.90186e-06
9.67869e-06
-4.68337e-06
2.79377e-06
-5.87965e-06
-2.76796e-06
-5.81098e-06
-1.49582e-05
-5.73471e-06
-2.31996e-05
-5.49692e-06
-3.05134e-05
-5.06151e-06
-3.67369e-05
-4.37247e-06
-4.18558e-05
-3.32214e-06
-4.57633e-05
-1.75232e-06
-4.77776e-05
9.71019e-08
-4.72615e-05
2.04107e-06
-4.47773e-05
3.8535e-06
-4.04353e-05
5.30761e-06
-3.45332e-05
6.15652e-06
-2.7516e-05
6.31857e-06
-2.01507e-05
6.10198e-06
-1.33903e-05
6.03254e-06
-7.49899e-06
7.15125e-06
-3.01174e-06
6.77937e-06
6.35695e-06
6.04214e-06
1.36031e-05
4.98842e-06
2.0085e-05
3.64982e-06
2.58256e-05
2.10557e-06
3.07489e-05
3.99661e-07
3.4891e-05
-1.28827e-06
3.79266e-05
-2.66697e-06
3.89833e-05
-3.78131e-06
3.81806e-05
-4.63742e-06
3.57162e-05
-5.19062e-06
3.154e-05
-5.34952e-06
2.59067e-05
-5.06998e-06
1.94984e-05
-4.50825e-06
1.34045e-05
-3.98924e-06
8.41851e-06
-4.7639e-06
5.80018e-06
-4.88174e-06
-1.9366e-06
-4.77383e-06
-8.59475e-06
-4.57772e-06
-1.43942e-05
-4.27253e-06
-1.95967e-05
-3.88599e-06
-2.40498e-05
-3.42899e-06
-2.77501e-05
-2.87652e-06
-3.07447e-05
-2.13495e-06
-3.29394e-05
-1.12656e-06
-3.36655e-05
5.76082e-08
-3.30661e-05
1.38392e-06
-3.12625e-05
2.7438e-06
-2.82315e-05
3.95617e-06
-2.40663e-05
4.8122e-06
-1.90762e-05
5.21905e-06
-1.38377e-05
5.41893e-06
-9.0244e-06
5.90368e-06
-4.75499e-06
6.50136e-06
8.25701e-09
6.79206e-06
5.20515e-06
6.79504e-06
1.01801e-05
6.5392e-06
1.47016e-05
6.05986e-06
1.86595e-05
5.40169e-06
2.20036e-05
4.60403e-06
2.47366e-05
3.67426e-06
2.68711e-05
2.53849e-06
2.82847e-05
1.27663e-06
2.84243e-05
2.67387e-08
2.75327e-05
-1.11178e-06
2.57003e-05
-2.11992e-06
2.3078e-05
-2.97546e-06
1.97665e-05
-3.64193e-06
1.59034e-05
-4.05919e-06
1.16844e-05
-4.17292e-06
7.40457e-06
-4.07926e-06
3.51495e-06
-3.89398e-06
1.24899e-07
-4.23375e-06
-1.85595e-06
-4.71496e-06
-4.34934e-06
-9.90709e-06
-5.80116e-06
-5.77724e-06
-5.12514e-06
-3.81536e-06
-1.93035e-06
4.07966e-07
2.46427e-06
3.99709e-06
4.92154e-06
5.18426e-06
4.70117e-06
3.5517e-06
2.02849e-06
6.27826e-07
3.62703e-07
-1.41411e-06
-2.61748e-06
-3.44562e-06
-3.82799e-06
-3.73521e-06
-3.19718e-06
-2.14756e-06
-7.11367e-07
8.61949e-07
2.4259e-06
3.80134e-06
4.78099e-06
5.17019e-06
4.87703e-06
3.88879e-06
2.30514e-06
1.39997e-06
8.65432e-07
-6.96125e-09
-7.49571e-07
-1.31394e-06
-1.64385e-06
-1.6835e-06
-1.38824e-06
-7.13321e-07
1.71312e-07
9.24357e-07
1.45217e-06
1.69681e-06
1.58521e-06
1.13681e-06
4.20756e-07
-2.7619e-07
-8.07842e-07
-1.33363e-06
-2.09349e-06
-2.68711e-06
-3.09039e-06
-3.22512e-06
-3.05507e-06
-2.58348e-06
-1.78786e-06
-9.42315e-07
-1.16097e-07
6.18488e-07
1.20129e-06
1.55767e-06
1.57511e-06
1.10498e-06
6.56282e-07
1.03958e-06
5.20954e-07
1.00367e-07
-2.80183e-07
-5.881e-07
-7.75956e-07
-7.47779e-07
-5.51925e-07
-2.82811e-07
-7.66608e-08
5.79243e-08
1.11565e-07
7.10955e-08
-5.58609e-08
-1.13966e-07
-2.53465e-07
-3.52539e-07
-6.56987e-07
-9.62489e-07
-1.2515e-06
-1.47565e-06
-1.59823e-06
-1.57883e-06
-1.40082e-06
-1.09703e-06
-6.84437e-07
-2.215e-07
2.87564e-07
8.23018e-07
1.33311e-06
1.72117e-06
1.85481e-06
1.64997e-06
1.62398e-06
1.91813e-06
1.95474e-06
1.89672e-06
1.79717e-06
1.64874e-06
1.46431e-06
1.26079e-06
1.05786e-06
8.79503e-07
7.73908e-07
7.14874e-07
6.14193e-07
4.59175e-07
2.48466e-07
-1.81366e-08
-3.41758e-07
-6.72381e-07
-8.76291e-07
-1.07762e-06
-1.29855e-06
-1.56208e-06
9.982e-06
1.52638e-06
8.03587e-06
1.94615e-06
5.7542e-06
2.28164e-06
3.42345e-06
2.33077e-06
7.47284e-07
2.67617e-06
-2.00471e-06
2.75203e-06
-4.69589e-06
2.69115e-06
-7.20967e-06
2.51383e-06
-9.43974e-06
2.23008e-06
-1.12957e-05
1.85605e-06
-1.27084e-05
1.41263e-06
-1.36328e-05
9.24472e-07
-1.40438e-05
4.10998e-07
-1.39395e-05
-1.04282e-07
-1.33481e-05
-5.9145e-07
-1.23189e-05
-1.0291e-06
-1.09127e-05
-1.40616e-06
-9.19787e-06
-1.71481e-06
-7.24985e-06
-1.94807e-06
-5.14595e-06
-2.10383e-06
-2.96154e-06
-2.18441e-06
-7.60248e-07
-2.20122e-06
1.21385e-06
-1.97415e-06
3.1331e-06
-1.91917e-06
4.89839e-06
-1.76527e-06
6.44255e-06
-1.54408e-06
7.73134e-06
-1.28886e-06
8.74056e-06
-1.00913e-06
9.45332e-06
-7.12755e-07
9.85957e-06
-4.06153e-07
9.95446e-06
-9.49656e-08
9.73955e-06
2.15015e-07
9.2188e-06
5.20766e-07
8.40871e-06
8.10199e-07
7.33852e-06
1.0701e-06
6.03421e-06
1.30441e-06
4.55081e-06
1.4834e-06
2.92615e-06
1.62476e-06
1.23631e-06
1.68973e-06
-4.4755e-07
1.68396e-06
-2.06182e-06
1.61427e-06
-3.54214e-06
1.48042e-06
-4.82363e-06
1.28138e-06
-5.85614e-06
1.03259e-06
-6.60407e-06
7.47911e-07
-7.04598e-06
4.42002e-07
-7.17515e-06
1.29052e-07
-6.99668e-06
-1.78372e-07
-6.53013e-06
-4.66538e-07
-5.80689e-06
-7.23148e-07
-4.86665e-06
-9.40345e-07
-3.75948e-06
-1.10708e-06
-2.5246e-06
-1.23488e-06
-1.32528e-06
-1.19923e-06
-4.08113e-08
-1.28458e-06
1.19556e-06
-1.23625e-06
2.33352e-06
-1.13795e-06
3.33653e-06
-1.0029e-06
4.17767e-06
-8.41254e-07
4.836e-06
-6.58231e-07
5.29629e-06
-4.60307e-07
5.55138e-06
-2.55001e-07
5.59454e-06
-4.3288e-08
5.42808e-06
1.66554e-07
5.05806e-06
3.7001e-07
4.44731e-06
6.10827e-07
3.85802e-06
5.89153e-07
3.03021e-06
8.27877e-07
2.06323e-06
9.6694e-07
9.93981e-07
1.06931e-06
-1.38963e-07
1.13282e-06
-1.29947e-06
1.16057e-06
-2.44849e-06
1.149e-06
-3.54558e-06
1.09715e-06
-4.55121e-06
1.00552e-06
-5.42826e-06
8.77098e-07
-6.14471e-06
7.16428e-07
-6.67119e-06
5.26529e-07
-6.98725e-06
3.15968e-07
-7.08357e-06
9.63829e-08
-6.95636e-06
-1.27215e-07
-6.60897e-06
-3.47338e-07
-6.05159e-06
-5.57474e-07
-5.30223e-06
-7.49306e-07
-4.38301e-06
-9.19239e-07
-3.32408e-06
-1.05888e-06
-2.15728e-06
-1.16689e-06
-8.79586e-07
-1.27764e-06
2.30593e-07
-1.11018e-06
1.43741e-06
-1.20677e-06
2.6039e-06
-1.16658e-06
3.6805e-06
-1.07656e-06
4.63561e-06
-9.55129e-07
5.44522e-06
-8.09574e-07
6.09041e-06
-6.45268e-07
6.55833e-06
-4.67877e-07
6.84184e-06
-2.83514e-07
6.93712e-06
-9.52466e-08
6.84521e-06
9.18386e-08
6.57531e-06
2.69916e-07
6.14348e-06
4.31808e-07
5.56887e-06
5.74624e-07
4.87039e-06
6.98415e-07
4.06713e-06
8.03272e-07
3.1807e-06
8.86412e-07
2.23335e-06
9.47361e-07
1.24711e-06
9.86195e-07
2.41829e-07
1.0053e-06
-7.64939e-07
1.00676e-06
-1.73142e-06
9.66511e-07
-2.50675e-06
7.75282e-07
-3.28343e-06
7.76712e-07
-3.97306e-06
6.8962e-07
-4.55982e-06
5.86794e-07
-5.03708e-06
4.77213e-07
-5.4135e-06
3.76446e-07
-5.69038e-06
2.76889e-07
-5.88499e-06
1.94613e-07
-6.01444e-06
1.29446e-07
1.24233e-07
1.06423e-05
2.32921e-06
8.98847e-06
3.18019e-06
7.08179e-06
3.85282e-06
4.74805e-06
4.61539e-06
2.0073e-06
5.07153e-06
-7.41056e-07
5.42453e-06
-3.52301e-06
5.53399e-06
-6.22356e-06
5.39172e-06
-8.71773e-06
5.00802e-06
-1.08909e-05
4.40327e-06
-1.26484e-05
3.61357e-06
-1.39199e-05
2.68415e-06
-1.46618e-05
1.66633e-06
-1.48567e-05
6.0597e-07
-1.45179e-05
-4.43146e-07
-1.36806e-05
-1.42868e-06
-1.23974e-05
-2.31226e-06
-1.07372e-05
-3.06641e-06
-8.77948e-06
-3.67249e-06
-6.60949e-06
-4.11804e-06
-4.31634e-06
-4.39697e-06
-1.98874e-06
-4.512e-06
3.02375e-07
-4.49233e-06
2.46515e-06
-4.13691e-06
4.49388e-06
-3.94786e-06
6.2692e-06
-3.54057e-06
7.78561e-06
-3.06048e-06
9.01769e-06
-2.52092e-06
9.9454e-06
-1.9368e-06
1.05562e-05
-1.32349e-06
1.0843e-05
-6.92967e-07
1.07986e-05
-5.05376e-08
1.04278e-05
5.85831e-07
9.74718e-06
1.20141e-06
8.78308e-06
1.7743e-06
7.5631e-06
2.2901e-06
6.12476e-06
2.74278e-06
4.52218e-06
3.08599e-06
2.7976e-06
3.34933e-06
1.02813e-06
3.45921e-06
-7.52215e-07
3.46435e-06
-2.4271e-06
3.28919e-06
-3.94716e-06
3.00047e-06
-5.24203e-06
2.57625e-06
-6.26557e-06
2.05616e-06
-6.98393e-06
1.46627e-06
-7.37759e-06
8.35649e-07
-7.44404e-06
1.95513e-07
-7.19922e-06
-4.23155e-07
-6.66802e-06
-9.97711e-07
-5.88029e-06
-1.51089e-06
-4.89335e-06
-1.92728e-06
-3.74611e-06
-2.25429e-06
-2.51398e-06
-2.467e-06
-1.22969e-06
-2.48353e-06
3.36347e-08
-2.54788e-06
1.22705e-06
-2.42962e-06
2.31153e-06
-2.22241e-06
3.2388e-06
-1.93017e-06
3.9876e-06
-1.59005e-06
4.54306e-06
-1.21366e-06
4.8993e-06
-8.16544e-07
5.05432e-06
-4.10042e-07
5.00638e-06
4.65862e-09
4.75504e-06
4.1792e-07
4.32459e-06
8.00475e-07
3.79023e-06
1.14516e-06
2.94894e-06
1.43044e-06
2.05455e-06
1.72226e-06
1.06266e-06
1.95882e-06
-3.97565e-09
2.13592e-06
-1.11717e-06
2.24601e-06
-2.23836e-06
2.28177e-06
-3.32567e-06
2.23632e-06
-4.33696e-06
2.10841e-06
-5.23177e-06
1.90032e-06
-5.97324e-06
1.61857e-06
-6.52928e-06
1.27246e-06
-6.87764e-06
8.74866e-07
-7.00395e-06
4.42283e-07
-6.89657e-06
-1.09861e-08
-6.55624e-06
-4.67538e-07
-5.99146e-06
-9.1213e-07
-5.21809e-06
-1.33085e-06
-4.26406e-06
-1.70332e-06
-3.15401e-06
-2.0293e-06
-1.9142e-06
-2.2987e-06
-6.12006e-07
-2.46909e-06
6.74411e-07
-2.56404e-06
2.10115e-06
-2.53692e-06
3.3786e-06
-2.48423e-06
4.55867e-06
-2.34665e-06
5.61604e-06
-2.13394e-06
6.52039e-06
-1.85948e-06
7.24657e-06
-1.53578e-06
7.77732e-06
-1.17602e-06
8.10269e-06
-7.93241e-07
8.21606e-06
-3.96883e-07
8.11809e-06
2.7104e-09
7.81969e-06
3.90233e-07
7.33419e-06
7.55411e-07
6.67581e-06
1.09018e-06
5.86565e-06
1.38476e-06
4.93139e-06
1.63266e-06
3.90173e-06
1.83293e-06
2.80303e-06
1.98511e-06
1.66213e-06
2.08824e-06
5.05209e-07
2.14312e-06
-6.53627e-07
2.16414e-06
-1.7983e-06
2.15143e-06
-2.78567e-06
1.95387e-06
-3.83553e-06
1.82514e-06
-4.70634e-06
1.64752e-06
-5.45858e-06
1.44187e-06
-6.08983e-06
1.21804e-06
-6.59921e-06
9.86596e-07
-6.99033e-06
7.67572e-07
-7.27027e-06
5.56827e-07
-7.44716e-06
3.71511e-07
-7.54062e-06
2.22906e-07
1.6511e-07
1.1017e-05
3.44361e-06
9.46615e-06
4.73107e-06
7.49024e-06
5.82872e-06
5.17093e-06
6.9347e-06
2.49966e-06
7.7428e-06
-3.36366e-07
8.26055e-06
-3.22595e-06
8.42358e-06
-6.04041e-06
8.20618e-06
-8.64843e-06
7.61605e-06
-1.09267e-05
6.68159e-06
-1.27696e-05
5.4564e-06
-1.40995e-05
4.01411e-06
-1.48681e-05
2.43491e-06
-1.50607e-05
7.98612e-07
-1.46932e-05
-8.10661e-07
-1.38023e-05
-2.31957e-06
-1.24462e-05
-3.66832e-06
-1.06996e-05
-4.81301e-06
-8.64672e-06
-5.7254e-06
-6.3743e-06
-6.39046e-06
-3.96899e-06
-6.80227e-06
-1.52088e-06
-6.9601e-06
8.50429e-07
-6.86364e-06
3.17013e-06
-6.4566e-06
5.23169e-06
-6.0094e-06
7.06122e-06
-5.37009e-06
8.618e-06
-4.61726e-06
9.87431e-06
-3.77722e-06
1.08135e-05
-2.87595e-06
1.1424e-05
-1.93404e-06
1.16967e-05
-9.6562e-07
1.16288e-05
1.73931e-08
1.12216e-05
9.92987e-07
1.04909e-05
1.93221e-06
9.4545e-06
2.81067e-06
8.13826e-06
3.60634e-06
6.58861e-06
4.29243e-06
4.83768e-06
4.83693e-06
2.9568e-06
5.23022e-06
9.90547e-07
5.42547e-06
-9.86753e-07
5.44166e-06
-2.90266e-06
5.20511e-06
-4.62842e-06
4.72622e-06
-6.09696e-06
4.04479e-06
-7.26902e-06
3.22821e-06
-8.10742e-06
2.30467e-06
-8.59053e-06
1.31876e-06
-8.71155e-06
3.16536e-07
-8.4816e-06
-6.53085e-07
-7.93337e-06
-1.54593e-06
-7.10599e-06
-2.33827e-06
-6.04264e-06
-2.99063e-06
-4.81499e-06
-3.48195e-06
-3.48358e-06
-3.7984e-06
-2.02777e-06
-3.93934e-06
-6.5276e-07
-3.92287e-06
6.85421e-07
-3.76779e-06
1.91777e-06
-3.45474e-06
2.98736e-06
-2.99976e-06
3.86544e-06
-2.46812e-06
4.54242e-06
-1.89064e-06
5.00491e-06
-1.27903e-06
5.25032e-06
-6.55457e-07
5.28661e-06
-3.1636e-08
5.12243e-06
5.82111e-07
4.75359e-06
1.16932e-06
4.24076e-06
1.65797e-06
3.52059e-06
2.1506e-06
2.66797e-06
2.57487e-06
1.69679e-06
2.92998e-06
6.32871e-07
3.19982e-06
-4.92708e-07
3.37158e-06
-1.64191e-06
3.43097e-06
-2.77046e-06
3.36486e-06
-3.83226e-06
3.1702e-06
-4.78346e-06
2.8515e-06
-5.58246e-06
2.41756e-06
-6.1925e-06
1.88249e-06
-6.5894e-06
1.27175e-06
-6.7581e-06
6.10983e-07
-6.68895e-06
-8.01373e-08
-6.37899e-06
-7.77502e-07
-5.83631e-06
-1.45481e-06
-5.07674e-06
-2.09042e-06
-4.11269e-06
-2.66738e-06
-2.9797e-06
-3.1623e-06
-1.68809e-06
-3.59032e-06
-4.03253e-07
-3.75393e-06
9.57577e-07
-3.92487e-06
2.33031e-06
-3.90965e-06
3.63139e-06
-3.78532e-06
4.82867e-06
-3.54394e-06
5.88864e-06
-3.19392e-06
6.78185e-06
-2.75269e-06
7.485e-06
-2.23894e-06
7.98189e-06
-1.67292e-06
8.26243e-06
-1.07378e-06
8.32025e-06
-4.54704e-07
8.1625e-06
1.60446e-07
7.80367e-06
7.49054e-07
7.25896e-06
1.30011e-06
6.54776e-06
1.80138e-06
5.69328e-06
2.23923e-06
4.72176e-06
2.60417e-06
3.66031e-06
2.89437e-06
2.53389e-06
3.11152e-06
1.36414e-06
3.25799e-06
1.67528e-07
3.33972e-06
-1.03196e-06
3.36363e-06
-2.20153e-06
3.321e-06
-3.3027e-06
3.05504e-06
-4.28987e-06
2.81231e-06
-5.15642e-06
2.51408e-06
-5.895e-06
2.18045e-06
-6.50216e-06
1.8252e-06
-6.97695e-06
1.46139e-06
-7.32024e-06
1.11087e-06
-7.54342e-06
7.80013e-07
-7.65167e-06
4.79762e-07
-7.66371e-06
2.34947e-07
6.9975e-08
1.22203e-05
4.57055e-06
1.06108e-05
6.34059e-06
8.45852e-06
7.981e-06
5.91969e-06
9.47352e-06
3.00947e-06
1.0653e-05
-1.30959e-07
1.1401e-05
-3.35409e-06
1.16467e-05
-6.50477e-06
1.13569e-05
-9.42532e-06
1.05366e-05
-1.19666e-05
9.22286e-06
-1.40029e-05
7.4927e-06
-1.54453e-05
5.45652e-06
-1.62456e-05
3.23523e-06
-1.63948e-05
9.47784e-07
-1.59157e-05
-1.28974e-06
-1.48577e-05
-3.37758e-06
-1.32939e-05
-5.23213e-06
-1.1312e-05
-6.79483e-06
-9.00225e-06
-8.03517e-06
-6.44646e-06
-8.94625e-06
-3.73135e-06
-9.51738e-06
-1.01108e-06
-9.68037e-06
1.57613e-06
-9.45084e-06
4.06263e-06
-8.94308e-06
6.29059e-06
-8.23735e-06
8.25574e-06
-7.33524e-06
9.91924e-06
-6.28075e-06
1.12575e-05
-5.11547e-06
1.22556e-05
-3.87401e-06
1.29045e-05
-2.58302e-06
1.31966e-05
-1.25767e-06
1.31208e-05
9.31733e-08
1.26802e-05
1.4336e-06
1.18861e-05
2.72637e-06
1.07508e-05
3.94598e-06
9.29979e-06
5.05732e-06
7.56862e-06
6.0236e-06
5.59299e-06
6.81256e-06
3.45503e-06
7.36817e-06
1.20308e-06
7.67741e-06
-1.09212e-06
7.73687e-06
-3.3108e-06
7.42379e-06
-5.37199e-06
6.78741e-06
-7.14519e-06
5.81799e-06
-8.5814e-06
4.66442e-06
-9.64095e-06
3.36421e-06
-1.02972e-05
1.975e-06
-1.05405e-05
5.59811e-07
-1.03724e-05
-8.21136e-07
-9.81853e-06
-2.09981e-06
-8.9353e-06
-3.2215e-06
-7.77054e-06
-4.1554e-06
-6.40013e-06
-4.85235e-06
-4.8728e-06
-5.32573e-06
-3.26378e-06
-5.54835e-06
-1.6466e-06
-5.54005e-06
-7.18327e-08
-5.34255e-06
1.39637e-06
-4.92294e-06
2.69569e-06
-4.29907e-06
3.78667e-06
-3.55911e-06
4.65415e-06
-2.75812e-06
5.28862e-06
-1.91351e-06
5.68505e-06
-1.05188e-06
5.85046e-06
-1.97053e-07
5.79828e-06
6.34283e-07
5.54336e-06
1.42423e-06
5.05374e-06
2.14758e-06
4.39068e-06
2.81365e-06
3.56471e-06
3.40082e-06
2.59708e-06
3.8976e-06
1.5099e-06
4.28698e-06
3.31649e-07
4.54982e-06
-8.98761e-07
4.66137e-06
-2.12815e-06
4.59424e-06
-3.30414e-06
4.34618e-06
-4.37699e-06
3.92434e-06
-5.29982e-06
3.34038e-06
-6.03193e-06
2.61459e-06
-6.53692e-06
1.77673e-06
-6.79405e-06
8.68111e-07
-6.79806e-06
-7.61308e-08
-6.54536e-06
-1.03021e-06
-6.03515e-06
-1.96503e-06
-5.27961e-06
-2.84597e-06
-4.30137e-06
-3.64563e-06
-3.14696e-06
-4.31672e-06
-1.89805e-06
-4.83924e-06
-4.88747e-07
-5.16323e-06
9.28791e-07
-5.34242e-06
2.34705e-06
-5.32792e-06
3.70107e-06
-5.13934e-06
4.94481e-06
-4.78769e-06
6.04068e-06
-4.2898e-06
6.95679e-06
-3.66881e-06
7.66863e-06
-2.95079e-06
8.15972e-06
-2.16402e-06
8.41889e-06
-1.33295e-06
8.44624e-06
-4.82065e-07
8.25405e-06
3.5263e-07
7.85628e-06
1.14682e-06
7.27006e-06
1.88633e-06
6.51551e-06
2.55592e-06
5.61571e-06
3.13902e-06
4.59682e-06
3.62305e-06
3.48605e-06
4.00514e-06
2.30712e-06
4.29045e-06
1.08004e-06
4.48506e-06
-1.74084e-07
4.59385e-06
-1.40941e-06
4.59895e-06
-2.56464e-06
4.47623e-06
-3.69521e-06
4.18561e-06
-4.68626e-06
3.80336e-06
-5.53502e-06
3.36284e-06
-6.23208e-06
2.87751e-06
-6.78483e-06
2.37794e-06
-7.18712e-06
1.86368e-06
-7.44025e-06
1.36401e-06
-7.56445e-06
9.04216e-07
-7.56206e-06
4.77379e-07
-7.46123e-06
1.34116e-07
-1.62682e-07
1.65387e-05
6.049e-06
1.44129e-05
8.46634e-06
1.1609e-05
1.07849e-05
8.19682e-06
1.28857e-05
4.25582e-06
1.4594e-05
-5.49635e-08
1.57118e-05
-4.42728e-06
1.6019e-05
-8.65499e-06
1.55846e-05
-1.25288e-05
1.44104e-05
-1.58417e-05
1.25357e-05
-1.84227e-05
1.00737e-05
-2.0161e-05
7.19478e-06
-2.10201e-05
4.09438e-06
-2.10265e-05
9.54159e-07
-2.02383e-05
-2.07794e-06
-1.87319e-05
-4.88396e-06
-1.66093e-05
-7.35476e-06
-1.39837e-05
-9.42034e-06
-1.09641e-05
-1.10549e-05
-7.65612e-06
-1.22542e-05
-4.19392e-06
-1.29796e-05
-7.87667e-07
-1.30866e-05
2.47053e-06
-1.2709e-05
5.51719e-06
-1.19897e-05
8.24778e-06
-1.09679e-05
1.06146e-05
-9.70202e-06
1.25876e-05
-8.2538e-06
1.41491e-05
-6.67694e-06
1.52909e-05
-5.01581e-06
1.60137e-05
-3.30584e-06
1.63018e-05
-1.54575e-06
1.61517e-05
2.43235e-07
1.55724e-05
2.01289e-06
1.45657e-05
3.7331e-06
1.31446e-05
5.36712e-06
1.13331e-05
6.86875e-06
9.17172e-06
8.185e-06
6.72037e-06
9.26391e-06
4.03552e-06
1.0053e-05
1.19066e-06
1.05223e-05
-1.70005e-06
1.06276e-05
-4.51433e-06
1.02381e-05
-7.05877e-06
9.33184e-06
-9.25773e-06
8.01694e-06
-1.10232e-05
6.42985e-06
-1.23025e-05
4.64355e-06
-1.3072e-05
2.74445e-06
-1.33216e-05
8.09445e-07
-1.30609e-05
-1.08185e-06
-1.23306e-05
-2.83007e-06
-1.11935e-05
-4.35863e-06
-9.72713e-06
-5.62179e-06
-7.99834e-06
-6.58115e-06
-6.0994e-06
-7.22468e-06
-4.09138e-06
-7.55638e-06
-2.02839e-06
-7.60304e-06
-3.14083e-08
-7.33953e-06
1.7866e-06
-6.74096e-06
3.39479e-06
-5.90726e-06
4.76595e-06
-4.93027e-06
5.86365e-06
-3.85583e-06
6.67342e-06
-2.72329e-06
7.19267e-06
-1.57114e-06
7.42976e-06
-4.34154e-07
7.39779e-06
6.66249e-07
7.10988e-06
1.71213e-06
6.56521e-06
2.69224e-06
5.79185e-06
3.587e-06
4.81628e-06
4.37637e-06
3.66082e-06
5.05305e-06
2.34836e-06
5.59942e-06
9.10601e-07
5.98757e-06
-6.10037e-07
6.182e-06
-2.14149e-06
6.12568e-06
-3.59785e-06
5.80253e-06
-4.92856e-06
5.25504e-06
-6.07792e-06
4.48973e-06
-6.99702e-06
3.53367e-06
-7.64931e-06
2.42902e-06
-8.00886e-06
1.22765e-06
-8.0628e-06
-2.22053e-08
-7.80665e-06
-1.28636e-06
-7.23843e-06
-2.53326e-06
-6.38055e-06
-3.70386e-06
-5.28302e-06
-4.74317e-06
-3.98799e-06
-5.61176e-06
-2.53832e-06
-6.28892e-06
-9.58703e-07
-6.74285e-06
6.60828e-07
-6.96195e-06
2.27572e-06
-6.94281e-06
3.8231e-06
-6.68673e-06
5.244e-06
-6.20861e-06
6.49228e-06
-5.53809e-06
7.53066e-06
-4.70719e-06
8.33045e-06
-3.75059e-06
8.87255e-06
-2.70613e-06
9.14637e-06
-1.60677e-06
9.15853e-06
-4.94232e-07
8.92445e-06
5.86696e-07
8.45996e-06
1.6113e-06
7.78653e-06
2.55975e-06
6.9288e-06
3.41365e-06
5.91287e-06
4.15495e-06
4.76668e-06
4.76923e-06
3.51884e-06
5.25298e-06
2.19544e-06
5.61385e-06
8.22658e-07
5.85784e-06
-5.60197e-07
5.9767e-06
-1.9037e-06
5.94245e-06
-3.1491e-06
5.72163e-06
-4.2966e-06
5.3331e-06
-5.30004e-06
4.8068e-06
-6.1375e-06
4.20031e-06
-6.79161e-06
3.53162e-06
-7.25749e-06
2.84382e-06
-7.53242e-06
2.13862e-06
-7.63764e-06
1.46922e-06
-7.60216e-06
8.68736e-07
-7.42484e-06
3.00074e-07
-7.12475e-06
-1.65974e-07
-6.08551e-07
2.65887e-05
8.46791e-06
2.32389e-05
1.18162e-05
1.89388e-05
1.5085e-05
1.36985e-05
1.8126e-05
7.56518e-06
2.07274e-05
6.78918e-07
2.2598e-05
-6.50855e-06
2.32065e-05
-1.34506e-05
2.25266e-05
-1.98025e-05
2.07623e-05
-2.52084e-05
1.79416e-05
-2.9359e-05
1.42243e-05
-3.2027e-05
9.86278e-06
-3.31083e-05
5.17575e-06
-3.27078e-05
5.53648e-07
-3.10207e-05
-3.76504e-06
-2.82227e-05
-7.68201e-06
-2.45435e-05
-1.1034e-05
-2.02033e-05
-1.37605e-05
-1.54041e-05
-1.58541e-05
-1.03184e-05
-1.73399e-05
-5.11477e-06
-1.81832e-05
3.66044e-08
-1.8238e-05
4.83469e-06
-1.75071e-05
9.1265e-06
-1.62815e-05
1.28496e-05
-1.4691e-05
1.59943e-05
-1.28467e-05
1.85459e-05
-1.08053e-05
2.04978e-05
-8.62889e-06
2.18524e-05
-6.37037e-06
2.26158e-05
-4.06924e-06
2.28019e-05
-1.73189e-06
2.24245e-05
6.20649e-07
2.14757e-05
2.96164e-06
1.99536e-05
5.25528e-06
1.78714e-05
7.44922e-06
1.52617e-05
9.47854e-06
1.21741e-05
1.12726e-05
8.67319e-06
1.27648e-05
4.82606e-06
1.39001e-05
7.08085e-07
1.46402e-05
-3.52791e-06
1.48636e-05
-7.56019e-06
1.42703e-05
-1.11727e-05
1.29443e-05
-1.42588e-05
1.11031e-05
-1.66684e-05
8.83944e-06
-1.82985e-05
6.27364e-06
-1.91066e-05
3.55255e-06
-1.91254e-05
8.28224e-07
-1.84403e-05
-1.76703e-06
-1.71309e-05
-4.13941e-06
-1.52813e-05
-6.20823e-06
-1.30023e-05
-7.90086e-06
-1.04048e-05
-9.17864e-06
-7.59892e-06
-1.00306e-05
-4.65942e-06
-1.04959e-05
-1.67859e-06
-1.05839e-05
1.17624e-06
-1.01944e-05
3.74312e-06
-9.30784e-06
6.00046e-06
-8.16461e-06
7.91252e-06
-6.84233e-06
9.44149e-06
-5.38481e-06
1.05669e-05
-3.84868e-06
1.12844e-05
-2.28865e-06
1.16008e-05
-7.50599e-07
1.15331e-05
7.33953e-07
1.10963e-05
2.14894e-06
1.03008e-05
3.48771e-06
9.15934e-06
4.72844e-06
7.69774e-06
5.83796e-06
5.96172e-06
6.78906e-06
3.99207e-06
7.56906e-06
1.82055e-06
8.15909e-06
-5.07252e-07
8.50979e-06
-2.89475e-06
8.51317e-06
-5.15436e-06
8.06213e-06
-7.188e-06
7.28867e-06
-8.91393e-06
6.21564e-06
-1.02559e-05
4.87567e-06
-1.11588e-05
3.33186e-06
-1.15948e-05
1.6637e-06
-1.15744e-05
-4.26606e-08
-1.11356e-05
-1.72511e-06
-1.03055e-05
-3.36337e-06
-9.11604e-06
-4.89336e-06
-7.6056e-06
-6.25361e-06
-5.83377e-06
-7.3836e-06
-3.86813e-06
-8.25457e-06
-1.78333e-06
-8.82766e-06
3.03906e-07
-9.0492e-06
2.32932e-06
-8.96823e-06
4.2347e-06
-8.59212e-06
5.96419e-06
-7.93811e-06
7.47693e-06
-7.05084e-06
8.7308e-06
-5.96107e-06
9.69264e-06
-4.71244e-06
1.03441e-05
-3.35762e-06
1.06784e-05
-1.94101e-06
1.07054e-05
-5.21307e-07
1.0438e-05
8.54123e-07
9.88989e-06
2.1594e-06
9.08355e-06
3.36608e-06
8.0471e-06
4.45009e-06
6.81181e-06
5.39024e-06
5.41151e-06
6.16952e-06
3.87965e-06
6.78485e-06
2.24946e-06
7.24404e-06
5.62316e-07
7.54498e-06
-1.12044e-06
7.65945e-06
-2.72814e-06
7.55015e-06
-4.19921e-06
7.19269e-06
-5.49536e-06
6.62925e-06
-6.59555e-06
5.90698e-06
-7.46369e-06
5.06844e-06
-8.07268e-06
4.1406e-06
-8.43074e-06
3.20189e-06
-8.53569e-06
2.24356e-06
-8.42229e-06
1.35583e-06
-8.08126e-06
5.27703e-07
-7.57846e-06
-2.02721e-07
-6.95219e-06
-7.92241e-07
-1.41384e-06
4.32107e-05
1.20976e-05
3.82923e-05
1.67346e-05
3.20741e-05
2.13032e-05
2.45563e-05
2.56438e-05
1.58211e-05
2.94626e-05
5.95993e-06
3.24592e-05
-4.71454e-06
3.3881e-05
-1.54395e-05
3.32516e-05
-2.56092e-05
3.09321e-05
-3.47124e-05
2.70448e-05
-4.2286e-05
2.17978e-05
-4.79552e-05
1.55321e-05
-5.14275e-05
8.64805e-06
-5.24383e-05
1.56442e-06
-5.10231e-05
-5.18025e-06
-4.75103e-05
-1.11948e-05
-4.22379e-05
-1.63064e-05
-3.55878e-05
-2.04105e-05
-2.80063e-05
-2.34356e-05
-1.98664e-05
-2.54798e-05
-1.14353e-05
-2.66144e-05
-2.91339e-06
-2.67599e-05
5.31681e-06
-2.57373e-05
1.28299e-05
-2.37946e-05
1.9235e-05
-2.10961e-05
2.44867e-05
-1.80985e-05
2.8603e-05
-1.49216e-05
3.16462e-05
-1.16721e-05
3.36628e-05
-8.38694e-06
3.46935e-05
-5.09999e-06
3.48372e-05
-1.87556e-06
3.41739e-05
1.28391e-06
3.27095e-05
4.42604e-06
3.04445e-05
7.52032e-06
2.73934e-05
1.05004e-05
2.35926e-05
1.32792e-05
1.90997e-05
1.57655e-05
1.39806e-05
1.78839e-05
8.29936e-06
1.95814e-05
2.15332e-06
2.07863e-05
-4.23114e-06
2.1248e-05
-1.05587e-05
2.05979e-05
-1.64583e-05
1.8844e-05
-2.16426e-05
1.62873e-05
-2.58463e-05
1.30431e-05
-2.88664e-05
9.29373e-06
-3.05511e-05
5.23723e-06
-3.08356e-05
1.11271e-06
-2.9825e-05
-2.77765e-06
-2.7701e-05
-6.26334e-06
-2.46257e-05
-9.2836e-06
-2.08073e-05
-1.17192e-05
-1.64704e-05
-1.35155e-05
-1.18238e-05
-1.46771e-05
-7.02356e-06
-1.52961e-05
-2.19516e-06
-1.54123e-05
2.4948e-06
-1.48843e-05
6.85705e-06
-1.36701e-05
1.05971e-05
-1.19047e-05
1.36777e-05
-9.92299e-06
1.60837e-05
-7.79072e-06
1.78353e-05
-5.60029e-06
1.89411e-05
-3.39452e-06
1.94116e-05
-1.22105e-06
1.92924e-05
8.53076e-07
1.86384e-05
2.80299e-06
1.74679e-05
4.65818e-06
1.58013e-05
6.39502e-06
1.36622e-05
7.97704e-06
1.10869e-05
9.36443e-06
8.13043e-06
1.05255e-05
4.83824e-06
1.14513e-05
1.25609e-06
1.20919e-05
-2.52814e-06
1.22974e-05
-6.34246e-06
1.18765e-05
-9.90016e-06
1.08464e-05
-1.30446e-05
9.36004e-06
-1.5629e-05
7.4601e-06
-1.75403e-05
5.24313e-06
-1.86889e-05
2.81231e-06
-1.9008e-05
2.76481e-07
-1.85222e-05
-2.21099e-06
-1.73405e-05
-4.54509e-06
-1.55702e-05
-6.66359e-06
-1.32731e-05
-8.55073e-06
-1.05414e-05
-1.01154e-05
-7.47552e-06
-1.13204e-05
-4.20368e-06
-1.20995e-05
-8.72874e-07
-1.238e-05
2.37296e-06
-1.22141e-05
5.39343e-06
-1.16126e-05
8.04215e-06
-1.05868e-05
1.02705e-05
-9.27916e-06
1.20448e-05
-7.73537e-06
1.33499e-05
-6.01762e-06
1.41786e-05
-4.18631e-06
1.45465e-05
-2.30894e-06
1.4496e-05
-4.70806e-07
1.40552e-05
1.29495e-06
1.32474e-05
2.96717e-06
1.21077e-05
4.5058e-06
1.06679e-05
5.88986e-06
8.96435e-06
7.0938e-06
7.03756e-06
8.09631e-06
4.92536e-06
8.89705e-06
2.67082e-06
9.49858e-06
3.38442e-07
9.87735e-06
-1.98342e-06
9.98131e-06
-4.19755e-06
9.76429e-06
-6.21779e-06
9.21292e-06
-7.97868e-06
8.39014e-06
-9.43234e-06
7.36064e-06
-1.05212e-05
6.15735e-06
-1.12292e-05
4.84855e-06
-1.15323e-05
3.505e-06
-1.14488e-05
2.16e-06
-1.10123e-05
9.19404e-07
-1.02365e-05
-2.48099e-07
-9.2425e-06
-1.19676e-06
-8.06467e-06
-1.97007e-06
-2.83839e-06
5.83397e-05
1.68345e-05
5.20827e-05
2.29916e-05
4.43246e-05
2.90613e-05
3.50777e-05
3.48906e-05
2.44896e-05
4.00507e-05
1.28837e-05
4.40652e-05
5.42412e-07
4.62222e-05
-1.19996e-05
4.57936e-05
-2.40876e-05
4.30201e-05
-3.51804e-05
3.81375e-05
-4.4865e-05
3.14825e-05
-5.28523e-05
2.35193e-05
-5.89642e-05
1.476e-05
-6.30356e-05
5.63582e-06
-6.46988e-05
-3.51701e-06
-6.35904e-05
-1.23032e-05
-5.97629e-05
-2.01338e-05
-5.35927e-05
-2.65807e-05
-4.5518e-05
-3.15103e-05
-3.60392e-05
-3.49586e-05
-2.5706e-05
-3.69475e-05
-1.48688e-05
-3.75971e-05
-3.67708e-06
-3.69291e-05
7.39441e-06
-3.48661e-05
1.77254e-05
-3.14272e-05
2.67795e-05
-2.71525e-05
3.41919e-05
-2.2334e-05
3.9895e-05
-1.73753e-05
4.39184e-05
-1.24102e-05
4.63533e-05
-7.5349e-06
4.72714e-05
-2.79373e-06
4.68415e-05
1.71383e-06
4.5258e-05
6.00959e-06
4.25902e-05
1.01881e-05
3.89037e-05
1.41869e-05
3.42584e-05
1.79246e-05
2.87254e-05
2.12986e-05
2.23818e-05
2.42275e-05
1.53447e-05
2.66184e-05
7.78808e-06
2.83429e-05
-7.12169e-08
2.91073e-05
-8.07546e-06
2.86022e-05
-1.5888e-05
2.66565e-05
-2.31358e-05
2.35351e-05
-2.9466e-05
1.93734e-05
-3.46493e-05
1.4477e-05
-3.85318e-05
9.11964e-06
-4.096e-05
3.54093e-06
-4.16906e-05
-2.04704e-06
-4.06155e-05
-7.33841e-06
-3.78877e-05
-1.20114e-05
-3.37493e-05
-1.58576e-05
-2.84527e-05
-1.88122e-05
-2.23411e-05
-2.07887e-05
-1.5776e-05
-2.18612e-05
-9.03057e-06
-2.21577e-05
-2.19197e-06
-2.17229e-05
4.59446e-06
-2.04565e-05
1.09369e-05
-1.82471e-05
1.64971e-05
-1.54832e-05
2.10062e-05
-1.22998e-05
2.44316e-05
-9.02569e-06
2.67905e-05
-5.75341e-06
2.8131e-05
-2.5616e-06
2.84719e-05
5.12229e-07
2.7905e-05
3.36983e-06
2.65695e-05
5.99367e-06
2.45302e-05
8.43437e-06
2.18544e-05
1.06528e-05
1.86043e-05
1.26145e-05
1.4843e-05
1.42868e-05
1.06649e-05
1.56294e-05
6.15106e-06
1.66057e-05
1.36823e-06
1.70802e-05
-3.61096e-06
1.68556e-05
-8.53841e-06
1.57738e-05
-1.31718e-05
1.39934e-05
-1.72778e-05
1.15661e-05
-2.07205e-05
8.68591e-06
-2.33971e-05
5.48888e-06
-2.52225e-05
2.10187e-06
-2.60677e-05
-1.36585e-06
-2.58076e-05
-4.80512e-06
-2.44715e-05
-7.99972e-06
-2.22062e-05
-1.0816e-05
-1.91733e-05
-1.31483e-05
-1.55275e-05
-1.49662e-05
-1.14133e-05
-1.62137e-05
-6.91098e-06
-1.68824e-05
-2.20774e-06
-1.69173e-05
2.46486e-06
-1.62852e-05
6.88969e-06
-1.50117e-05
1.08988e-05
-1.32883e-05
1.43006e-05
-1.11371e-05
1.69823e-05
-8.69935e-06
1.89206e-05
-6.12461e-06
2.01151e-05
-3.50351e-06
2.05661e-05
-9.21721e-07
2.03316e-05
1.52944e-06
1.95131e-05
3.7856e-06
1.81832e-05
5.83574e-06
1.63963e-05
7.67678e-06
1.42148e-05
9.27532e-06
1.17044e-05
1.06067e-05
8.91743e-06
1.1684e-05
5.91567e-06
1.25003e-05
2.77537e-06
1.30177e-05
-4.23114e-07
1.31798e-05
-3.58929e-06
1.29305e-05
-6.63466e-06
1.22583e-05
-9.45002e-06
1.12055e-05
-1.193e-05
9.84059e-06
-1.39597e-05
8.18705e-06
-1.54523e-05
6.34117e-06
-1.6339e-05
4.39167e-06
-1.6632e-05
2.45303e-06
-1.63526e-05
6.3998e-07
-1.54915e-05
-1.10914e-06
-1.41405e-05
-2.54776e-06
-1.24796e-05
-3.631e-06
-4.88117e-06
6.43327e-05
2.24002e-05
5.71784e-05
3.01459e-05
4.84758e-05
3.7764e-05
3.83196e-05
4.50467e-05
2.68954e-05
5.14749e-05
1.4735e-05
5.62255e-05
2.17684e-06
5.87804e-05
-1.01421e-05
5.81125e-05
-2.17733e-05
5.46513e-05
-3.22696e-05
4.86338e-05
-4.13328e-05
4.05457e-05
-4.88186e-05
3.10051e-05
-5.47328e-05
2.06742e-05
-5.91133e-05
1.00163e-05
-6.19069e-05
-7.23441e-07
-6.28612e-05
-1.13489e-05
-6.15861e-05
-2.14089e-05
-5.79079e-05
-3.02589e-05
-5.19811e-05
-3.74372e-05
-4.41491e-05
-4.27906e-05
-3.4871e-05
-4.62257e-05
-2.45638e-05
-4.79043e-05
-1.36887e-05
-4.78041e-05
-2.46539e-06
-4.60894e-05
8.94248e-06
-4.2835e-05
1.98638e-05
-3.80738e-05
2.97058e-05
-3.2176e-05
3.80068e-05
-2.56763e-05
4.44117e-05
-1.88151e-05
4.88618e-05
-1.1985e-05
5.14254e-05
-5.35726e-06
5.21307e-05
1.00854e-06
5.11239e-05
7.01639e-06
4.86784e-05
1.26336e-05
4.49676e-05
1.78976e-05
4.01101e-05
2.27821e-05
3.42235e-05
2.71852e-05
2.74278e-05
3.10231e-05
1.98802e-05
3.41661e-05
1.18642e-05
3.63589e-05
3.69632e-06
3.72751e-05
-4.38739e-06
3.66859e-05
-1.22461e-05
3.45153e-05
-1.95557e-05
3.08447e-05
-2.60545e-05
2.58721e-05
-3.159e-05
2.00125e-05
-3.60775e-05
1.36072e-05
-3.94631e-05
6.9265e-06
-4.17228e-05
2.12644e-07
-4.26832e-05
-6.37801e-06
-4.20158e-05
-1.26788e-05
-3.96139e-05
-1.82596e-05
-3.56579e-05
-2.27682e-05
-3.04239e-05
-2.60228e-05
-2.41965e-05
-2.80886e-05
-1.73672e-05
-2.8987e-05
-1.03351e-05
-2.8755e-05
-3.16281e-06
-2.76288e-05
4.13967e-06
-2.55496e-05
1.11563e-05
-2.24999e-05
1.74949e-05
-1.86383e-05
2.28638e-05
-1.43946e-05
2.70348e-05
-9.92444e-06
2.99798e-05
-5.50655e-06
3.17214e-05
-1.22937e-06
3.22177e-05
2.87347e-06
3.14939e-05
6.71747e-06
2.97286e-05
1.01996e-05
2.71077e-05
1.32738e-05
2.37429e-05
1.59793e-05
1.97336e-05
1.82961e-05
1.52009e-05
2.0162e-05
1.03292e-05
2.14774e-05
5.28943e-06
2.212e-05
2.10051e-07
2.1935e-05
-4.84533e-06
2.08292e-05
-9.64667e-06
1.87947e-05
-1.40104e-05
1.59298e-05
-1.78392e-05
1.25147e-05
-2.10422e-05
8.69192e-06
-2.35847e-05
4.64437e-06
-2.54269e-05
4.7631e-07
-2.64881e-05
-3.74389e-06
-2.66236e-05
-7.86427e-06
-2.57382e-05
-1.17014e-05
-2.38335e-05
-1.50529e-05
-2.10174e-05
-1.77824e-05
-1.74348e-05
-1.97962e-05
-1.33258e-05
-2.09914e-05
-8.84655e-06
-2.13966e-05
-4.10604e-06
-2.10257e-05
8.20234e-07
-1.99379e-05
5.69828e-06
-1.81664e-05
1.02717e-05
-1.57106e-05
1.43559e-05
-1.27835e-05
1.7798e-05
-9.56671e-06
2.04541e-05
-6.15961e-06
2.22887e-05
-2.75633e-06
2.32825e-05
5.35606e-07
2.34028e-05
3.66535e-06
2.26864e-05
6.55207e-06
2.12521e-05
9.11112e-06
1.92226e-05
1.13048e-05
1.67125e-05
1.31168e-05
1.37998e-05
1.45967e-05
1.05891e-05
1.5711e-05
7.1887e-06
1.64181e-05
3.68689e-06
1.66816e-05
1.63662e-07
1.64537e-05
-3.32485e-06
1.57468e-05
-6.69585e-06
1.45765e-05
-9.81977e-06
1.29645e-05
-1.25933e-05
1.09605e-05
-1.49446e-05
8.6925e-06
-1.68156e-05
6.26264e-06
-1.81047e-05
3.7422e-06
-1.87536e-05
1.28883e-06
-1.88044e-05
-1.05838e-06
-1.8123e-05
-3.22906e-06
-1.68847e-05
-4.86933e-06
-6.74175e-06
6.20346e-05
5.42296e-05
4.49019e-05
3.43058e-05
2.28435e-05
1.0804e-05
-9.88034e-07
-1.20152e-05
-2.19063e-05
-3.04253e-05
-3.74665e-05
-4.30285e-05
-4.71481e-05
-4.99582e-05
-5.16027e-05
-5.20197e-05
-5.11188e-05
-4.88611e-05
-4.50488e-05
-3.95615e-05
-3.25216e-05
-2.43017e-05
-1.53754e-05
-6.0743e-06
3.35096e-06
1.28059e-05
2.19938e-05
3.02762e-05
3.72139e-05
4.25867e-05
4.62457e-05
4.81736e-05
4.83297e-05
4.67209e-05
4.3555e-05
3.90773e-05
3.34456e-05
2.67955e-05
1.93211e-05
1.14006e-05
3.48536e-06
-4.07394e-06
-1.1027e-05
-1.72197e-05
-2.26018e-05
-2.7074e-05
-3.05488e-05
-3.3068e-05
-3.47579e-05
-3.56432e-05
-3.56158e-05
-3.45064e-05
-3.21479e-05
-2.85236e-05
-2.38123e-05
-1.83774e-05
-1.24609e-05
-6.42967e-06
-4.67478e-07
5.4163e-06
1.1177e-05
1.64196e-05
2.08998e-05
2.44937e-05
2.70925e-05
2.86459e-05
2.90568e-05
2.82538e-05
2.63359e-05
2.34855e-05
1.98425e-05
1.55425e-05
1.08248e-05
5.94826e-06
1.15628e-06
-3.38052e-06
-7.56956e-06
-1.13619e-05
-1.46132e-05
-1.72706e-05
-1.93703e-05
-2.09203e-05
-2.18535e-05
-2.21173e-05
-2.17435e-05
-2.07187e-05
-1.89851e-05
-1.65185e-05
-1.33885e-05
-9.83264e-06
-6.03014e-06
-2.12716e-06
1.77984e-06
5.6851e-06
9.46574e-06
1.28916e-05
1.58291e-05
1.82124e-05
1.99637e-05
2.10337e-05
2.13634e-05
2.0905e-05
1.9664e-05
1.77358e-05
1.52548e-05
1.23463e-05
9.1584e-06
5.826e-06
2.46989e-06
-7.96072e-07
-3.88073e-06
-6.72734e-06
-9.31043e-06
-1.1575e-05
-1.34511e-05
-1.4916e-05
-1.59199e-05
-1.65453e-05
-1.66691e-05
-1.62697e-05
)
;

boundaryField
{
    inlet
    {
        type            calculated;
        value           nonuniform List<scalar> 0();
    }
    outlet
    {
        type            calculated;
        value           nonuniform List<scalar> 
15
(
-6.13868e-06
-7.58149e-06
-7.56857e-06
-7.22857e-06
-6.67889e-06
-6.1469e-06
-6.64012e-06
-1.04368e-05
-1.50241e-05
-1.51027e-05
-1.26897e-05
-1.04049e-05
-7.81463e-06
-4.47648e-06
-1.71252e-06
)
;
    }
    topWall
    {
        type            calculated;
        value           nonuniform List<scalar> 0();
    }
    lowerWall
    {
        type            calculated;
        value           uniform 0;
    }
    leadingEdge
    {
        type            calculated;
        value           nonuniform List<scalar> 0();
    }
    trailingEdge
    {
        type            calculated;
        value           nonuniform List<scalar> 0();
    }
    upperSurface
    {
        type            calculated;
        value           nonuniform List<scalar> 0();
    }
    lowerSurface
    {
        type            calculated;
        value           nonuniform List<scalar> 0();
    }
    frontAndBack
    {
        type            empty;
        value           nonuniform List<scalar> 0();
    }
    procBoundary3to2
    {
        type            processor;
        value           nonuniform List<scalar> 
16
(
-6.08094e-05
-4.5469e-05
-2.59467e-05
-6.64985e-06
5.29342e-06
-1.15084e-05
-1.09395e-06
-1.18776e-05
-1.21314e-05
-1.33473e-05
-1.80171e-05
-2.90077e-05
-4.68404e-05
-6.30766e-05
-6.98984e-05
-6.81655e-05
)
;
    }
    procBoundary3to7
    {
        type            processor;
        value           nonuniform List<scalar> 
121
(
4.29094e-05
5.72485e-05
6.9628e-05
7.99031e-05
8.78182e-05
9.22841e-05
9.17032e-05
8.76937e-05
8.01734e-05
6.94364e-05
5.61813e-05
4.15338e-05
2.71913e-05
1.51937e-05
6.91753e-06
-7.83695e-06
-2.30573e-05
-3.62237e-05
-4.80138e-05
-5.81568e-05
-6.65812e-05
-7.31556e-05
-7.71745e-05
-7.6854e-05
-7.36314e-05
-6.7483e-05
-5.85983e-05
-4.75125e-05
-3.51238e-05
-2.27522e-05
-1.19887e-05
-3.9813e-06
6.4384e-06
1.87407e-05
2.9304e-05
3.8685e-05
4.6742e-05
5.34134e-05
5.8649e-05
6.19788e-05
6.19483e-05
5.9484e-05
5.47148e-05
4.7853e-05
3.93173e-05
2.96209e-05
1.95859e-05
1.03756e-05
3.32543e-06
-2.24218e-06
-1.41984e-05
-2.2606e-05
-3.01102e-05
-3.66022e-05
-4.20259e-05
-4.62349e-05
-4.85732e-05
-4.8107e-05
-4.56035e-05
-4.11699e-05
-3.5116e-05
-2.78724e-05
-2.01681e-05
-1.29202e-05
-7.0503e-06
-3.39504e-06
6.87558e-06
1.40236e-05
2.04655e-05
2.61335e-05
3.09368e-05
3.48629e-05
3.77307e-05
3.87142e-05
3.79745e-05
3.55816e-05
3.14864e-05
2.59472e-05
1.96253e-05
1.34626e-05
8.558e-06
5.89925e-06
-1.63216e-06
-8.28925e-06
-1.41052e-05
-1.93725e-05
-2.39272e-05
-2.77695e-05
-3.09227e-05
-3.32432e-05
-3.40781e-05
-3.3529e-05
-3.17715e-05
-2.87669e-05
-2.45764e-05
-1.94643e-05
-1.39714e-05
-8.81957e-06
-4.729e-06
-2.85901e-07
5.16854e-06
1.02382e-05
1.48012e-05
1.88079e-05
2.21881e-05
2.49401e-05
2.7074e-05
2.84631e-05
2.85299e-05
2.75918e-05
2.5801e-05
2.3233e-05
1.99773e-05
1.617e-05
1.2008e-05
7.73519e-06
3.71885e-06
3.26227e-07
-1.63502e-06
-4.0858e-06
-9.75666e-06
)
;
    }
}


// ************************************************************************* //
