/*--------------------------------*- C++ -*----------------------------------*\
| =========                 |                                                 |
| \\      /  F ield         | OpenFOAM: The Open Source CFD Toolbox           |
|  \\    /   O peration     | Version:  2206                                  |
|   \\  /    A nd           | Website:  www.openfoam.com                      |
|    \\/     M anipulation  |                                                 |
\*---------------------------------------------------------------------------*/
FoamFile
{
    version     2.0;
    format      ascii;
    arch        "LSB;label=32;scalar=64";
    class       volVectorField;
    location    "19.5";
    object      U_0;
}
// * * * * * * * * * * * * * * * * * * * * * * * * * * * * * * * * * * * * * //

dimensions      [0 1 -1 0 0 0 0];

internalField   nonuniform List<vector> 
1850
(
(1.92475 0.0335874 0)
(1.93153 0.0237771 0)
(1.93687 0.0134938 0)
(1.9406 0.00311919 0)
(1.94261 -0.00696598 0)
(1.94289 -0.0164145 0)
(1.94147 -0.0249322 0)
(1.9384 -0.0322789 0)
(1.93374 -0.0382395 0)
(1.92768 -0.042618 0)
(1.9205 -0.0453528 0)
(1.91249 -0.0465194 0)
(1.90394 -0.0461956 0)
(1.89518 -0.0444512 0)
(1.88652 -0.0413789 0)
(1.87828 -0.0371003 0)
(1.87075 -0.0317593 0)
(1.86414 -0.025487 0)
(1.85865 -0.0184262 0)
(1.85442 -0.0107523 0)
(1.85157 -0.00269439 0)
(1.85015 0.00545798 0)
(1.85011 0.0133856 0)
(1.85138 0.0207741 0)
(1.85383 0.0273379 0)
(1.85733 0.0328385 0)
(1.86171 0.03709 0)
(1.86684 0.0399587 0)
(1.87251 0.0413795 0)
(1.87854 0.0413743 0)
(1.88481 0.0399782 0)
(1.89114 0.0372326 0)
(1.89736 0.0332292 0)
(1.9033 0.0281193 0)
(1.90877 0.0221062 0)
(1.91354 0.0154712 0)
(1.91742 0.00849866 0)
(1.92027 0.00145173 0)
(1.92204 -0.00540131 0)
(1.92269 -0.0118156 0)
(1.92225 -0.017584 0)
(1.92077 -0.0225448 0)
(1.91828 -0.0265672 0)
(1.91487 -0.0295246 0)
(1.91068 -0.0313278 0)
(1.90591 -0.0320186 0)
(1.90072 -0.0316691 0)
(1.89531 -0.0303334 0)
(1.88987 -0.028078 0)
(1.88462 -0.024998 0)
(1.87976 -0.0212137 0)
(1.87549 -0.016861 0)
(1.87192 -0.0120619 0)
(1.86917 -0.00695362 0)
(1.86731 -0.00169972 0)
(1.86636 0.00351224 0)
(1.8663 0.00849185 0)
(1.86707 0.0130617 0)
(1.86861 0.0170665 0)
(1.87084 0.0203783 0)
(1.87367 0.0228936 0)
(1.87701 0.0245359 0)
(1.88072 0.0252843 0)
(1.88471 0.0251702 0)
(1.88888 0.0242164 0)
(1.89314 0.0224488 0)
(1.89736 0.0199236 0)
(1.90142 0.0167386 0)
(1.90518 0.0130323 0)
(1.90847 0.00898144 0)
(1.91118 0.00474174 0)
(1.91322 0.000472935 0)
(1.91455 -0.00366443 0)
(1.91516 -0.00752275 0)
(1.91506 -0.0109793 0)
(1.91429 -0.0139405 0)
(1.91286 -0.0163293 0)
(1.91081 -0.018056 0)
(1.90825 -0.0190597 0)
(1.90526 -0.0193705 0)
(1.90196 -0.0190258 0)
(1.89846 -0.0180553 0)
(1.89488 -0.0165012 0)
(1.89136 -0.0144279 0)
(1.88804 -0.0119208 0)
(1.88506 -0.00908577 0)
(1.8825 -0.00601179 0)
(1.88045 -0.00279377 0)
(1.87896 0.000463366 0)
(1.87805 0.00364542 0)
(1.87769 0.00664091 0)
(1.87787 0.00934912 0)
(1.87853 0.0116877 0)
(1.87964 0.0135907 0)
(1.88117 0.0149981 0)
(1.88304 0.015858 0)
(1.88518 0.0161713 0)
(1.88754 0.0159634 0)
(1.89005 0.0152496 0)
(1.89266 0.0140487 0)
(1.89528 0.0123976 0)
(1.89782 0.0103558 0)
(1.90021 0.00800572 0)
(1.90234 0.00545466 0)
(1.90412 0.00279785 0)
(1.90552 0.0001329 0)
(1.90648 -0.00244118 0)
(1.90701 -0.0048343 0)
(1.90711 -0.00697243 0)
(1.90681 -0.00880094 0)
(1.90611 -0.0102796 0)
(1.90503 -0.0113615 0)
(1.90362 -0.0119989 0)
(1.90193 -0.0122039 0)
(1.90003 -0.0120046 0)
(1.89796 -0.0114212 0)
(1.89581 -0.0104738 0)
(1.89367 -0.00921977 0)
(1.89158 -0.00765975 0)
(1.88969 -0.00598073 0)
(1.88797 -0.00398489 0)
(1.88663 -0.00232018 0)
(1.88525 0.000706019 0)
(1.79694 0.0330167 0)
(1.8059 0.0252672 0)
(1.81329 0.0169543 0)
(1.81885 0.00839885 0)
(1.82244 -8.1477e-05 0)
(1.82398 -0.00819565 0)
(1.82345 -0.0156943 0)
(1.82084 -0.0223274 0)
(1.81626 -0.0278008 0)
(1.80996 -0.0319965 0)
(1.80224 -0.0349293 0)
(1.79348 -0.036631 0)
(1.78405 -0.0371353 0)
(1.77431 -0.0364961 0)
(1.76462 -0.0347944 0)
(1.75532 -0.0321174 0)
(1.74665 -0.0285425 0)
(1.73883 -0.0241472 0)
(1.73207 -0.0190194 0)
(1.72652 -0.0132615 0)
(1.72232 -0.00700645 0)
(1.71956 -0.000431759 0)
(1.71826 0.00623051 0)
(1.71843 0.012719 0)
(1.72001 0.0187717 0)
(1.72293 0.024135 0)
(1.72707 0.0285676 0)
(1.73226 0.0318852 0)
(1.73832 0.0340026 0)
(1.74507 0.034886 0)
(1.7523 0.0345192 0)
(1.75983 0.0329091 0)
(1.76744 0.0301146 0)
(1.77486 0.0262644 0)
(1.78178 0.0215745 0)
(1.78792 0.0162725 0)
(1.79304 0.0105769 0)
(1.79698 0.00470713 0)
(1.79963 -0.00111385 0)
(1.80093 -0.00667997 0)
(1.80088 -0.0118171 0)
(1.79947 -0.0163648 0)
(1.79676 -0.0201393 0)
(1.79292 -0.0229945 0)
(1.78813 -0.0249256 0)
(1.78261 -0.0259633 0)
(1.77663 -0.026141 0)
(1.77041 -0.0255033 0)
(1.76418 -0.024116 0)
(1.7582 -0.0220602 0)
(1.75264 -0.019415 0)
(1.74766 -0.0162616 0)
(1.7434 -0.0126797 0)
(1.73997 -0.00875376 0)
(1.73744 -0.00458816 0)
(1.73586 -0.000311275 0)
(1.73525 0.00392961 0)
(1.73558 0.00798371 0)
(1.73685 0.0117002 0)
(1.739 0.0149239 0)
(1.74194 0.017515 0)
(1.74557 0.0193982 0)
(1.74977 0.0205374 0)
(1.75441 0.0209157 0)
(1.75937 0.0205268 0)
(1.76452 0.0193901 0)
(1.76968 0.0175607 0)
(1.77468 0.0151379 0)
(1.77929 0.0122547 0)
(1.78336 0.00903845 0)
(1.78673 0.00561455 0)
(1.78932 0.00210969 0)
(1.79106 -0.00134774 0)
(1.79193 -0.00464288 0)
(1.79194 -0.00767844 0)
(1.79105 -0.0103534 0)
(1.78933 -0.0125336 0)
(1.78686 -0.0141375 0)
(1.78376 -0.0151648 0)
(1.78016 -0.0156316 0)
(1.77622 -0.0155538 0)
(1.7721 -0.0149588 0)
(1.76793 -0.0138906 0)
(1.7639 -0.0124102 0)
(1.76013 -0.0105804 0)
(1.75674 -0.008463 0)
(1.75382 -0.00611738 0)
(1.75144 -0.00360464 0)
(1.74966 -0.000996026 0)
(1.7485 0.00162806 0)
(1.74796 0.00418259 0)
(1.74804 0.0065838 0)
(1.74872 0.0087469 0)
(1.74997 0.0105778 0)
(1.75175 0.0119903 0)
(1.75398 0.0129528 0)
(1.75659 0.0134557 0)
(1.7595 0.0134952 0)
(1.76262 0.0130731 0)
(1.76586 0.0122088 0)
(1.76911 0.0109417 0)
(1.77224 0.00933524 0)
(1.77513 0.00746705 0)
(1.77767 0.00541113 0)
(1.77979 0.00324158 0)
(1.78143 0.00103489 0)
(1.78254 -0.00113112 0)
(1.78313 -0.00318704 0)
(1.78318 -0.00507529 0)
(1.78269 -0.00673819 0)
(1.78168 -0.00809731 0)
(1.78021 -0.00909174 0)
(1.77834 -0.00971841 0)
(1.77616 -0.0099906 0)
(1.77375 -0.00992224 0)
(1.77122 -0.00953247 0)
(1.76865 -0.00884883 0)
(1.76614 -0.00791341 0)
(1.7638 -0.00676822 0)
(1.76167 -0.00543515 0)
(1.75984 -0.00401644 0)
(1.75835 -0.00239285 0)
(1.75713 -0.00096067 0)
(1.75632 0.0015261 0)
(1.67341 0.0229337 0)
(1.68126 0.0168672 0)
(1.68721 0.0105339 0)
(1.69111 0.00414909 0)
(1.69291 -0.00209464 0)
(1.69258 -0.00799237 0)
(1.69013 -0.0132459 0)
(1.68574 -0.0176569 0)
(1.67967 -0.0212141 0)
(1.67226 -0.0239206 0)
(1.66386 -0.0257758 0)
(1.65483 -0.0267873 0)
(1.64548 -0.0269784 0)
(1.63613 -0.026388 0)
(1.62704 -0.0250525 0)
(1.61844 -0.0229933 0)
(1.61052 -0.0202407 0)
(1.60348 -0.0168483 0)
(1.59747 -0.0128875 0)
(1.59265 -0.00844258 0)
(1.58913 -0.00360877 0)
(1.58701 0.00148347 0)
(1.58634 0.00664953 0)
(1.58717 0.0116559 0)
(1.58946 0.0162363 0)
(1.59313 0.0201901 0)
(1.59806 0.0233602 0)
(1.60406 0.0256202 0)
(1.61091 0.0268808 0)
(1.61838 0.0270969 0)
(1.62621 0.0262779 0)
(1.63412 0.0244928 0)
(1.64173 0.0218719 0)
(1.64875 0.0185712 0)
(1.65491 0.0147542 0)
(1.65997 0.01058 0)
(1.6638 0.00620406 0)
(1.66629 0.00177541 0)
(1.66742 -0.00256253 0)
(1.66716 -0.00666239 0)
(1.66554 -0.0103326 0)
(1.66268 -0.0134198 0)
(1.65876 -0.015896 0)
(1.65398 -0.0177528 0)
(1.64858 -0.0189804 0)
(1.6428 -0.0195767 0)
(1.63685 -0.0195613 0)
(1.63094 -0.0189746 0)
(1.62526 -0.0178607 0)
(1.61994 -0.0162567 0)
(1.61512 -0.0142032 0)
(1.61094 -0.0117558 0)
(1.60748 -0.00898032 0)
(1.60483 -0.00594611 0)
(1.60306 -0.00273099 0)
(1.60221 0.000568805 0)
(1.60232 0.00382769 0)
(1.6034 0.00688562 0)
(1.60541 0.00960696 0)
(1.6083 0.0118982 0)
(1.61195 0.0136791 0)
(1.61623 0.0148862 0)
(1.62099 0.0154794 0)
(1.62608 0.0154501 0)
(1.6313 0.0148259 0)
(1.63644 0.0136704 0)
(1.6413 0.0120654 0)
(1.64571 0.0100987 0)
(1.6495 0.00785687 0)
(1.65256 0.00542491 0)
(1.65482 0.00288905 0)
(1.65624 0.00032718 0)
(1.65679 -0.00218316 0)
(1.65647 -0.00454677 0)
(1.65529 -0.00662371 0)
(1.65333 -0.00833987 0)
(1.6507 -0.00967983 0)
(1.64752 -0.0106347 0)
(1.64395 -0.0111948 0)
(1.64013 -0.0113576 0)
(1.63621 -0.0111381 0)
(1.63232 -0.0105676 0)
(1.62859 -0.00968166 0)
(1.62512 -0.00851193 0)
(1.622 -0.0070895 0)
(1.61931 -0.00545733 0)
(1.61712 -0.00366131 0)
(1.61547 -0.00174994 0)
(1.6144 0.000227039 0)
(1.61392 0.002212 0)
(1.61406 0.00413055 0)
(1.61481 0.00588243 0)
(1.61615 0.00738735 0)
(1.61802 0.00860153 0)
(1.62035 0.00949006 0)
(1.62305 0.0100253 0)
(1.62602 0.0101919 0)
(1.62915 0.00999363 0)
(1.63233 0.00945506 0)
(1.63541 0.00861825 0)
(1.63829 0.00753015 0)
(1.64086 0.00623909 0)
(1.64305 0.00479186 0)
(1.64479 0.00323641 0)
(1.64604 0.00162175 0)
(1.64678 -4.75116e-06 0)
(1.647 -0.00159255 0)
(1.64668 -0.00307684 0)
(1.64586 -0.00437478 0)
(1.64458 -0.0054465 0)
(1.6429 -0.00628051 0)
(1.64091 -0.00687092 0)
(1.63869 -0.00721189 0)
(1.63634 -0.00730316 0)
(1.63394 -0.00715621 0)
(1.6316 -0.00679315 0)
(1.62936 -0.00623624 0)
(1.62732 -0.0055104 0)
(1.62549 -0.00463006 0)
(1.62396 -0.00361989 0)
(1.62271 -0.00254269 0)
(1.62186 -0.0012809 0)
(1.62114 -0.000161237 0)
(1.62132 0.00168244 0)
(1.53461 0.0153087 0)
(1.5394 0.0112095 0)
(1.5425 0.00694177 0)
(1.54389 0.00262282 0)
(1.54354 -0.00156952 0)
(1.54153 -0.00538632 0)
(1.53803 -0.00874991 0)
(1.53325 -0.0116418 0)
(1.52746 -0.0140259 0)
(1.5209 -0.0158722 0)
(1.51382 -0.0171659 0)
(1.50642 -0.0179002 0)
(1.49893 -0.0180746 0)
(1.49154 -0.0176938 0)
(1.48442 -0.0167615 0)
(1.47772 -0.0152891 0)
(1.47162 -0.0133042 0)
(1.46627 -0.0108497 0)
(1.4618 -0.00798141 0)
(1.45834 -0.00476559 0)
(1.456 -0.00127365 0)
(1.45486 0.00239132 0)
(1.45501 0.00606691 0)
(1.45647 0.00953857 0)
(1.45919 0.0126599 0)
(1.46305 0.0153024 0)
(1.46789 0.0173489 0)
(1.47349 0.0187117 0)
(1.47962 0.0193435 0)
(1.48601 0.0192437 0)
(1.49235 0.0184612 0)
(1.49837 0.0170753 0)
(1.50385 0.015168 0)
(1.5086 0.0128252 0)
(1.51245 0.0101457 0)
(1.51532 0.00722607 0)
(1.51714 0.00415784 0)
(1.51789 0.00104043 0)
(1.51757 -0.00199463 0)
(1.51624 -0.00479507 0)
(1.51399 -0.0072959 0)
(1.51095 -0.00946057 0)
(1.5073 -0.0112448 0)
(1.50318 -0.0126089 0)
(1.49875 -0.013532 0)
(1.49417 -0.0140092 0)
(1.48957 -0.0140497 0)
(1.48509 -0.0136707 0)
(1.48084 -0.0128915 0)
(1.47694 -0.0117408 0)
(1.47348 -0.0102567 0)
(1.47055 -0.00848422 0)
(1.46825 -0.00647237 0)
(1.46662 -0.00427246 0)
(1.46574 -0.00194517 0)
(1.46563 0.000422216 0)
(1.46632 0.00270538 0)
(1.4678 0.00481249 0)
(1.47 0.00667258 0)
(1.47284 0.00821679 0)
(1.47618 0.00938768 0)
(1.4799 0.0101487 0)
(1.48384 0.0104866 0)
(1.48783 0.0104138 0)
(1.49169 0.009966 0)
(1.4953 0.00918347 0)
(1.49853 0.00810623 0)
(1.50127 0.00678338 0)
(1.50346 0.00527042 0)
(1.50504 0.00361951 0)
(1.50598 0.00187831 0)
(1.50628 0.000108847 0)
(1.50591 -0.00159467 0)
(1.50492 -0.00314504 0)
(1.50337 -0.00451351 0)
(1.50133 -0.00567374 0)
(1.49892 -0.00659433 0)
(1.49622 -0.00725101 0)
(1.49334 -0.00763293 0)
(1.49037 -0.0077402 0)
(1.48743 -0.00758398 0)
(1.48458 -0.0071799 0)
(1.4819 -0.00654434 0)
(1.47948 -0.00569959 0)
(1.47736 -0.00467443 0)
(1.4756 -0.00350041 0)
(1.47424 -0.00221238 0)
(1.47332 -0.000844796 0)
(1.47286 0.00056474 0)
(1.47289 0.00196337 0)
(1.47339 0.00327611 0)
(1.47436 0.00445353 0)
(1.47573 0.00546154 0)
(1.47746 0.00626603 0)
(1.47945 0.00683889 0)
(1.48162 0.0071647 0)
(1.48388 0.00724106 0)
(1.48612 0.00707946 0)
(1.48827 0.00670087 0)
(1.49026 0.00612571 0)
(1.492 0.00537567 0)
(1.49346 0.0044788 0)
(1.49459 0.00346617 0)
(1.49537 0.00236854 0)
(1.49577 0.00121944 0)
(1.4958 6.26812e-05 0)
(1.49545 -0.00104113 0)
(1.49475 -0.00205409 0)
(1.49373 -0.00295628 0)
(1.49244 -0.00372723 0)
(1.49096 -0.00434504 0)
(1.48933 -0.00479265 0)
(1.48761 -0.00506273 0)
(1.48587 -0.00515686 0)
(1.48416 -0.00508399 0)
(1.48254 -0.00485381 0)
(1.48103 -0.00447661 0)
(1.4797 -0.00396857 0)
(1.47855 -0.0033458 0)
(1.47764 -0.00262423 0)
(1.47694 -0.00185242 0)
(1.47659 -0.00092195 0)
(1.47628 -0.000146368 0)
(1.47686 0.00118154 0)
(1.36362 0.0115357 0)
(1.36603 0.00883293 0)
(1.36734 0.00596881 0)
(1.36756 0.00305707 0)
(1.36669 0.000248095 0)
(1.36483 -0.00238032 0)
(1.3621 -0.00477212 0)
(1.35864 -0.00686647 0)
(1.35459 -0.00862125 0)
(1.35007 -0.0100092 0)
(1.34522 -0.0110115 0)
(1.34017 -0.0116163 0)
(1.33505 -0.0118162 0)
(1.32999 -0.0116067 0)
(1.32511 -0.0109905 0)
(1.32053 -0.00998 0)
(1.31638 -0.00859655 0)
(1.31276 -0.00687118 0)
(1.30978 -0.00484591 0)
(1.30753 -0.00257379 0)
(1.30609 -0.000121124 0)
(1.30554 0.00243006 0)
(1.3059 0.00495834 0)
(1.30717 0.00733574 0)
(1.30927 0.00947246 0)
(1.3121 0.0112822 0)
(1.31551 0.0126925 0)
(1.31933 0.0136508 0)
(1.3234 0.0141281 0)
(1.32751 0.0141214 0)
(1.33149 0.0136484 0)
(1.3352 0.0127384 0)
(1.33852 0.0114354 0)
(1.34133 0.00979784 0)
(1.34356 0.00789336 0)
(1.34515 0.00579339 0)
(1.34607 0.00357033 0)
(1.34629 0.00130408 0)
(1.34583 -0.000910401 0)
(1.34474 -0.00299861 0)
(1.34307 -0.00490203 0)
(1.34092 -0.00656493 0)
(1.33837 -0.00794751 0)
(1.33551 -0.00902339 0)
(1.33244 -0.00977708 0)
(1.32926 -0.0102021 0)
(1.32606 -0.010299 0)
(1.32294 -0.0100774 0)
(1.31998 -0.00955466 0)
(1.31726 -0.00875346 0)
(1.31487 -0.0077016 0)
(1.31285 -0.00643328 0)
(1.31128 -0.00498698 0)
(1.3102 -0.0034049 0)
(1.30965 -0.00173579 0)
(1.30965 -4.40744e-05 0)
(1.3102 0.00158898 0)
(1.31125 0.0031044 0)
(1.31277 0.00445006 0)
(1.31467 0.00558049 0)
(1.31686 0.00645957 0)
(1.31926 0.0070631 0)
(1.32174 0.0073801 0)
(1.32421 0.00741241 0)
(1.32657 0.00717192 0)
(1.32875 0.006679 0)
(1.33066 0.00596346 0)
(1.33227 0.0050615 0)
(1.3335 0.00401117 0)
(1.33435 0.00285292 0)
(1.33477 0.00162532 0)
(1.33476 0.000382599 0)
(1.33433 -0.000814148 0)
(1.3335 -0.00192903 0)
(1.33232 -0.00292571 0)
(1.33084 -0.00377191 0)
(1.32912 -0.00444525 0)
(1.32722 -0.00493134 0)
(1.32521 -0.0052226 0)
(1.32314 -0.00531736 0)
(1.32109 -0.00521925 0)
(1.31911 -0.00493694 0)
(1.31725 -0.00448346 0)
(1.31556 -0.00387565 0)
(1.31409 -0.00313374 0)
(1.31287 -0.00228145 0)
(1.31194 -0.00134546 0)
(1.3113 -0.000354128 0)
(1.31099 0.000662416 0)
(1.31101 0.0016683 0)
(1.31134 0.00261721 0)
(1.31197 0.00347359 0)
(1.31285 0.0042099 0)
(1.31394 0.00480271 0)
(1.31519 0.00523417 0)
(1.31654 0.00549303 0)
(1.31793 0.00557487 0)
(1.31931 0.00548152 0)
(1.32062 0.00522102 0)
(1.32183 0.00480724 0)
(1.32288 0.00425841 0)
(1.32376 0.00359632 0)
(1.32443 0.00284477 0)
(1.32487 0.0020286 0)
(1.32506 0.00117475 0)
(1.32501 0.00031555 0)
(1.32471 -0.000516522 0)
(1.3242 -0.00129612 0)
(1.32348 -0.00199664 0)
(1.32259 -0.00259697 0)
(1.32157 -0.00308239 0)
(1.32045 -0.00344325 0)
(1.31927 -0.00367476 0)
(1.31808 -0.00377537 0)
(1.31689 -0.00374787 0)
(1.31576 -0.00359897 0)
(1.31471 -0.00333763 0)
(1.31377 -0.00297556 0)
(1.31296 -0.00252464 0)
(1.31232 -0.00199571 0)
(1.31182 -0.00142723 0)
(1.31156 -0.000739128 0)
(1.31133 -0.00015937 0)
(1.3117 0.000860557 0)
(1.15332 0.00931363 0)
(1.15504 0.00741235 0)
(1.15608 0.00538856 0)
(1.15641 0.00331292 0)
(1.15605 0.00127683 0)
(1.15505 -0.000640272 0)
(1.15347 -0.00239142 0)
(1.15138 -0.00393577 0)
(1.14886 -0.00524079 0)
(1.14599 -0.00628178 0)
(1.14287 -0.00704131 0)
(1.13958 -0.00750878 0)
(1.13622 -0.00767691 0)
(1.13286 -0.00754142 0)
(1.12962 -0.00710424 0)
(1.12657 -0.00637519 0)
(1.1238 -0.00537128 0)
(1.12139 -0.00411701 0)
(1.11943 -0.0026455 0)
(1.11797 -0.00100375 0)
(1.11707 0.000762419 0)
(1.11678 0.00259144 0)
(1.1171 0.00439651 0)
(1.11803 0.0060972 0)
(1.1195 0.00762984 0)
(1.12145 0.00893229 0)
(1.12379 0.00995045 0)
(1.12642 0.0106434 0)
(1.12923 0.0109869 0)
(1.13211 0.0109723 0)
(1.13494 0.0106069 0)
(1.13761 0.00991375 0)
(1.14004 0.00892808 0)
(1.14215 0.0076937 0)
(1.14387 0.00626106 0)
(1.14514 0.00468302 0)
(1.14595 0.00301299 0)
(1.14625 0.00130704 0)
(1.14607 -0.000368163 0)
(1.14541 -0.00194837 0)
(1.14433 -0.00338884 0)
(1.14287 -0.00465422 0)
(1.1411 -0.0057158 0)
(1.13907 -0.00655186 0)
(1.13686 -0.00714864 0)
(1.13454 -0.00749991 0)
(1.13219 -0.00760417 0)
(1.12987 -0.00746728 0)
(1.12765 -0.00710204 0)
(1.1256 -0.0065256 0)
(1.12377 -0.00576 0)
(1.12221 -0.00483174 0)
(1.12096 -0.00377031 0)
(1.12006 -0.00261008 0)
(1.11954 -0.00138707 0)
(1.1194 -0.000144611 0)
(1.11965 0.00106182 0)
(1.12025 0.00218255 0)
(1.12117 0.00318326 0)
(1.12236 0.00403192 0)
(1.12376 0.00470183 0)
(1.12532 0.00517446 0)
(1.12695 0.00544028 0)
(1.1286 0.00549725 0)
(1.13019 0.00535319 0)
(1.13168 0.00502421 0)
(1.133 0.00453137 0)
(1.13411 0.00390018 0)
(1.13498 0.00315912 0)
(1.13557 0.00233599 0)
(1.13588 0.00146235 0)
(1.13587 0.000574872 0)
(1.13558 -0.000283829 0)
(1.135 -0.00108455 0)
(1.13418 -0.00180168 0)
(1.13314 -0.0024138 0)
(1.13192 -0.00290387 0)
(1.13057 -0.00325936 0)
(1.12912 -0.0034732 0)
(1.12764 -0.00354337 0)
(1.12616 -0.00347164 0)
(1.12473 -0.00326374 0)
(1.12338 -0.00292907 0)
(1.12215 -0.00248034 0)
(1.12109 -0.00193267 0)
(1.1202 -0.00130321 0)
(1.11953 -0.000612063 0)
(1.11907 0.00011846 0)
(1.11885 0.00086495 0)
(1.11887 0.00160127 0)
(1.11912 0.00229347 0)
(1.11958 0.00291679 0)
(1.12024 0.00345241 0)
(1.12105 0.00388292 0)
(1.12198 0.00419438 0)
(1.123 0.00437783 0)
(1.12407 0.00442965 0)
(1.12514 0.00435099 0)
(1.12617 0.00414811 0)
(1.12714 0.00383136 0)
(1.128 0.00341389 0)
(1.12874 0.00291195 0)
(1.12933 0.00234331 0)
(1.12974 0.00172678 0)
(1.12998 0.00108171 0)
(1.13003 0.000429452 0)
(1.1299 -0.000204204 0)
(1.12959 -0.00079587 0)
(1.12913 -0.00132926 0)
(1.12854 -0.00179059 0)
(1.12783 -0.00216855 0)
(1.12703 -0.00245486 0)
(1.12618 -0.00264493 0)
(1.1253 -0.0027369 0)
(1.12442 -0.00273186 0)
(1.12357 -0.00263434 0)
(1.12278 -0.00245093 0)
(1.12205 -0.00218976 0)
(1.12142 -0.00185983 0)
(1.12091 -0.00147039 0)
(1.12051 -0.00104461 0)
(1.12028 -0.000539384 0)
(1.12008 -8.87296e-05 0)
(1.12032 0.000675611 0)
(0.909106 0.00733935 0)
(0.910873 0.00598863 0)
(0.912141 0.00454708 0)
(0.912893 0.00306764 0)
(0.913132 0.00160265 0)
(0.912875 0.000206214 0)
(0.912166 -0.00107056 0)
(0.911057 -0.00220091 0)
(0.909605 -0.00315984 0)
(0.907871 -0.00392768 0)
(0.905924 -0.0044902 0)
(0.903834 -0.00483831 0)
(0.901668 -0.00496625 0)
(0.899505 -0.00487172 0)
(0.897416 -0.00455632 0)
(0.895473 -0.00402777 0)
(0.893746 -0.00330016 0)
(0.8923 -0.00239273 0)
(0.891185 -0.00132862 0)
(0.890456 -0.000135452 0)
(0.890166 0.00114204 0)
(0.890334 0.00244641 0)
(0.890963 0.00372689 0)
(0.892038 0.00493419 0)
(0.893524 0.00601894 0)
(0.895371 0.00693589 0)
(0.897516 0.00764688 0)
(0.899882 0.00812354 0)
(0.902384 0.00834903 0)
(0.904935 0.008318 0)
(0.907442 0.00803558 0)
(0.909825 0.00751615 0)
(0.912006 0.00678341 0)
(0.91392 0.00586883 0)
(0.915511 0.00480922 0)
(0.916738 0.00364425 0)
(0.917573 0.00241373 0)
(0.918002 0.00115629 0)
(0.918021 -8.73345e-05 0)
(0.917641 -0.00126281 0)
(0.916898 -0.00233496 0)
(0.915834 -0.00328005 0)
(0.914495 -0.00407634 0)
(0.912935 -0.00470734 0)
(0.911211 -0.00516241 0)
(0.909381 -0.00543652 0)
(0.907506 -0.00552858 0)
(0.905646 -0.005442 0)
(0.903856 -0.00518573 0)
(0.902187 -0.00477287 0)
(0.900687 -0.00421947 0)
(0.899399 -0.00354521 0)
(0.898357 -0.00277405 0)
(0.897588 -0.00192951 0)
(0.897114 -0.00103744 0)
(0.896944 -0.000129378 0)
(0.897078 0.000754867 0)
(0.897494 0.00157867 0)
(0.898167 0.00231825 0)
(0.899061 0.00295013 0)
(0.900132 0.00345487 0)
(0.901334 0.00381877 0)
(0.902615 0.00403445 0)
(0.903923 0.00409918 0)
(0.905205 0.00401778 0)
(0.906416 0.00380082 0)
(0.907513 0.00346299 0)
(0.908459 0.00302249 0)
(0.909226 0.00250081 0)
(0.909788 0.00192029 0)
(0.910133 0.00130287 0)
(0.910251 0.000672848 0)
(0.910144 5.82729e-05 0)
(0.909826 -0.000515005 0)
(0.909318 -0.00102996 0)
(0.908644 -0.00147056 0)
(0.907834 -0.00182401 0)
(0.906921 -0.00208121 0)
(0.90594 -0.00223687 0)
(0.904928 -0.00228923 0)
(0.90392 -0.00223939 0)
(0.902951 -0.00209119 0)
(0.902053 -0.00185115 0)
(0.901257 -0.00152863 0)
(0.900589 -0.00113418 0)
(0.900072 -0.000679506 0)
(0.89972 -0.000179108 0)
(0.89955 0.00035009 0)
(0.899571 0.000887079 0)
(0.899783 0.00140898 0)
(0.900179 0.0018996 0)
(0.900745 0.00234213 0)
(0.901459 0.00272116 0)
(0.902298 0.00302361 0)
(0.903234 0.0032395 0)
(0.904236 0.00336239 0)
(0.905271 0.00338965 0)
(0.906305 0.00332229 0)
(0.907307 0.0031645 0)
(0.908247 0.00292327 0)
(0.909099 0.00260838 0)
(0.909838 0.00223173 0)
(0.910448 0.00180699 0)
(0.910913 0.00134873 0)
(0.911223 0.000871273 0)
(0.911375 0.000388918 0)
(0.911368 -8.18628e-05 0)
(0.91121 -0.000522651 0)
(0.910916 -0.000919463 0)
(0.910501 -0.00126317 0)
(0.909984 -0.00154571 0)
(0.909389 -0.00176116 0)
(0.908737 -0.00190601 0)
(0.908054 -0.00197888 0)
(0.907363 -0.00198023 0)
(0.906688 -0.00191281 0)
(0.90605 -0.00178158 0)
(0.905468 -0.00159163 0)
(0.904958 -0.00135061 0)
(0.90454 -0.00106467 0)
(0.904208 -0.000745696 0)
(0.904022 -0.0003805 0)
(0.903857 -2.87961e-05 0)
(0.904067 0.000528524 0)
(0.649447 0.00517852 0)
(0.651441 0.00425918 0)
(0.653017 0.00327652 0)
(0.654158 0.00227613 0)
(0.65487 0.00128198 0)
(0.655159 0.000332423 0)
(0.655052 -0.000548108 0)
(0.654593 -0.00132524 0)
(0.653832 -0.00198344 0)
(0.65282 -0.00251108 0)
(0.651617 -0.0028981 0)
(0.650283 -0.00313705 0)
(0.648882 -0.00322306 0)
(0.64748 -0.00315404 0)
(0.64614 -0.002933 0)
(0.644923 -0.00256769 0)
(0.643891 -0.00206855 0)
(0.643098 -0.00144837 0)
(0.642595 -0.000720867 0)
(0.642421 9.9555e-05 0)
(0.642611 0.000957378 0)
(0.643182 0.00183558 0)
(0.644136 0.00270192 0)
(0.645456 0.00351795 0)
(0.647112 0.00424917 0)
(0.649061 0.0048652 0)
(0.651247 0.00534064 0)
(0.653603 0.0056566 0)
(0.656057 0.00580172 0)
(0.658532 0.00577241 0)
(0.660951 0.00557186 0)
(0.663243 0.00520951 0)
(0.665342 0.00470192 0)
(0.667191 0.00407063 0)
(0.668741 0.00334093 0)
(0.669957 0.00254019 0)
(0.670815 0.00169608 0)
(0.671303 0.000833137 0)
(0.671419 -2.54235e-05 0)
(0.671175 -0.000832244 0)
(0.6706 -0.00156794 0)
(0.66973 -0.00221864 0)
(0.668607 -0.00276866 0)
(0.667279 -0.00320591 0)
(0.665798 -0.00352252 0)
(0.664215 -0.0037147 0)
(0.662585 -0.0037815 0)
(0.660962 -0.00372479 0)
(0.659397 -0.00355047 0)
(0.657936 -0.00326758 0)
(0.656624 -0.00288834 0)
(0.655496 -0.00242641 0)
(0.654585 -0.0018974 0)
(0.653917 -0.00131677 0)
(0.653509 -0.000704311 0)
(0.653368 -8.03734e-05 0)
(0.653495 0.000523962 0)
(0.653878 0.00108907 0)
(0.654491 0.00159854 0)
(0.655307 0.00203536 0)
(0.656287 0.00238611 0)
(0.657395 0.00264112 0)
(0.658584 0.00279527 0)
(0.659812 0.002847 0)
(0.661032 0.00279881 0)
(0.662205 0.00265705 0)
(0.66329 0.00243331 0)
(0.66426 0.00213851 0)
(0.665084 0.00178718 0)
(0.665743 0.00139551 0)
(0.666223 0.000981459 0)
(0.66652 0.000558127 0)
(0.666632 0.000143006 0)
(0.666567 -0.000249137 0)
(0.666342 -0.000600257 0)
(0.665978 -0.000901536 0)
(0.665499 -0.00114455 0)
(0.664933 -0.00132301 0)
(0.664309 -0.00143304 0)
(0.663657 -0.00147293 0)
(0.663009 -0.0014429 0)
(0.662393 -0.00134528 0)
(0.661838 -0.001185 0)
(0.661368 -0.000968546 0)
(0.661007 -0.000703478 0)
(0.660771 -0.000397759 0)
(0.660678 -6.04742e-05 0)
(0.660737 0.000291328 0)
(0.660955 0.000645987 0)
(0.661331 0.000994724 0)
(0.661856 0.00132364 0)
(0.662519 0.00161998 0)
(0.663301 0.00187328 0)
(0.664182 0.00207488 0)
(0.665137 0.00221818 0)
(0.666138 0.00229892 0)
(0.667158 0.00231538 0)
(0.668166 0.00226815 0)
(0.669137 0.0021598 0)
(0.670045 0.00199503 0)
(0.670866 0.00178055 0)
(0.671581 0.00152445 0)
(0.672174 0.00123596 0)
(0.672633 0.000924931 0)
(0.672951 0.000601447 0)
(0.673126 0.000274708 0)
(0.673157 -4.56955e-05 0)
(0.67305 -0.000344507 0)
(0.672817 -0.00061333 0)
(0.672476 -0.000846753 0)
(0.672043 -0.00103899 0)
(0.671537 -0.00118582 0)
(0.670979 -0.00128461 0)
(0.670392 -0.00133451 0)
(0.669795 -0.00133574 0)
(0.66921 -0.00128971 0)
(0.668656 -0.00119961 0)
(0.668151 -0.0010688 0)
(0.667711 -0.00090327 0)
(0.667351 -0.000706008 0)
(0.667074 -0.000483623 0)
(0.666919 -0.000239899 0)
(0.666795 1.63463e-05 0)
(0.667015 0.00038094 0)
(0.390346 0.00283258 0)
(0.392325 0.00230326 0)
(0.39392 0.00173613 0)
(0.395106 0.00115252 0)
(0.395891 0.000571908 0)
(0.396287 8.33629e-06 0)
(0.396311 -0.000515165 0)
(0.396006 -0.00097389 0)
(0.39542 -0.00136173 0)
(0.394602 -0.00167356 0)
(0.393609 -0.00190311 0)
(0.392496 -0.0020456 0)
(0.391324 -0.00209942 0)
(0.390156 -0.00206439 0)
(0.389052 -0.00194101 0)
(0.388072 -0.00173203 0)
(0.38727 -0.00144299 0)
(0.386696 -0.00108231 0)
(0.386396 -0.000656346 0)
(0.386396 -0.000177166 0)
(0.386735 0.000348265 0)
(0.387435 0.000883579 0)
(0.38848 0.00140327 0)
(0.389854 0.00188934 0)
(0.391529 0.00232458 0)
(0.393464 0.00269286 0)
(0.395607 0.00298045 0)
(0.397896 0.00317716 0)
(0.400265 0.00327704 0)
(0.402642 0.00327755 0)
(0.404958 0.00317945 0)
(0.407147 0.00298773 0)
(0.409148 0.00271153 0)
(0.410906 0.00236279 0)
(0.412379 0.00195539 0)
(0.413533 0.0015049 0)
(0.414347 0.00102748 0)
(0.414813 0.000537673 0)
(0.414937 4.40065e-05 0)
(0.414716 -0.000432809 0)
(0.414179 -0.00086568 0)
(0.413368 -0.00124661 0)
(0.412321 -0.00156869 0)
(0.411081 -0.00182652 0)
(0.409697 -0.00201604 0)
(0.40822 -0.00213409 0)
(0.406698 -0.00218014 0)
(0.405184 -0.00215591 0)
(0.403725 -0.00206442 0)
(0.402365 -0.00191025 0)
(0.401147 -0.0016999 0)
(0.400108 -0.00144077 0)
(0.399275 -0.00114099 0)
(0.398671 -0.000813422 0)
(0.398308 -0.000468859 0)
(0.398191 -0.000112483 0)
(0.398331 0.000242833 0)
(0.398715 0.000572113 0)
(0.399312 0.000866137 0)
(0.400096 0.00111672 0)
(0.401038 0.00131715 0)
(0.402098 0.00146302 0)
(0.403237 0.00155157 0)
(0.404414 0.00158126 0)
(0.405588 0.0015536 0)
(0.406721 0.00147263 0)
(0.407774 0.00134408 0)
(0.408721 0.00117372 0)
(0.409535 0.000970468 0)
(0.410199 0.000743402 0)
(0.410697 0.000502253 0)
(0.411027 0.000254912 0)
(0.41119 8.39173e-06 0)
(0.411188 -0.000225578 0)
(0.411038 -0.000433585 0)
(0.410761 -0.000611698 0)
(0.410378 -0.000755839 0)
(0.409914 -0.000862349 0)
(0.409397 -0.000928963 0)
(0.408853 -0.00095502 0)
(0.408312 -0.000940871 0)
(0.407799 -0.000887934 0)
(0.407342 -0.000798621 0)
(0.406964 -0.000676281 0)
(0.406684 -0.000525221 0)
(0.406519 -0.000349511 0)
(0.406483 -0.000152905 0)
(0.406585 5.78694e-05 0)
(0.406834 0.000275082 0)
(0.407226 0.000485706 0)
(0.40775 0.000682611 0)
(0.408397 0.000860004 0)
(0.409149 0.00101252 0)
(0.409988 0.00113553 0)
(0.410891 0.00122539 0)
(0.411834 0.00127975 0)
(0.41279 0.0012975 0)
(0.413734 0.00127864 0)
(0.414641 0.00122431 0)
(0.415487 0.00113708 0)
(0.416251 0.00102064 0)
(0.416916 0.000879648 0)
(0.417467 0.000719391 0)
(0.417893 0.000545594 0)
(0.418188 0.00036419 0)
(0.418352 0.000179937 0)
(0.418385 -5.94822e-06 0)
(0.41829 -0.000180641 0)
(0.41808 -0.00033703 0)
(0.417771 -0.000472596 0)
(0.417378 -0.000584527 0)
(0.416919 -0.000670613 0)
(0.416413 -0.000729491 0)
(0.415879 -0.000760648 0)
(0.415339 -0.000763802 0)
(0.41481 -0.000739754 0)
(0.414312 -0.000690059 0)
(0.41386 -0.000616874 0)
(0.413472 -0.000522641 0)
(0.413157 -0.000409106 0)
(0.412929 -0.000282665 0)
(0.4128 -0.000141034 0)
(0.412731 1.12849e-05 0)
(0.412946 0.000193571 0)
(0.133977 0.000762235 0)
(0.13563 0.000600419 0)
(0.136925 0.000423411 0)
(0.137843 0.000237515 0)
(0.138373 5.66252e-05 0)
(0.138535 -0.000129431 0)
(0.138351 -0.00029877 0)
(0.137842 -0.000444191 0)
(0.137046 -0.000567145 0)
(0.13601 -0.000665789 0)
(0.134785 -0.000738807 0)
(0.133425 -0.00078502 0)
(0.131989 -0.000803322 0)
(0.130537 -0.000792658 0)
(0.129128 -0.000753055 0)
(0.127821 -0.000686003 0)
(0.126674 -0.000593289 0)
(0.125739 -0.000477057 0)
(0.125067 -0.000340695 0)
(0.124701 -0.000188013 0)
(0.124649 1.42132e-06 0)
(0.124921 0.000185075 0)
(0.125537 0.000357808 0)
(0.126491 0.000518326 0)
(0.127759 0.000661763 0)
(0.129304 0.000783903 0)
(0.131081 0.000880826 0)
(0.133034 0.00094966 0)
(0.135101 0.000988741 0)
(0.137218 0.000997003 0)
(0.139319 0.000974189 0)
(0.14134 0.000921863 0)
(0.143221 0.000842761 0)
(0.144908 0.000740615 0)
(0.146356 0.000619336 0)
(0.147528 0.000483275 0)
(0.148397 0.00033758 0)
(0.148947 0.000187891 0)
(0.149176 3.68381e-05 0)
(0.149101 -0.000123785 0)
(0.148739 -0.000264312 0)
(0.148107 -0.0003873 0)
(0.147236 -0.000490993 0)
(0.146166 -0.000573935 0)
(0.144938 -0.000635504 0)
(0.143598 -0.000676251 0)
(0.142192 -0.000695846 0)
(0.140768 -0.000693457 0)
(0.139372 -0.000669386 0)
(0.138048 -0.000625447 0)
(0.136835 -0.000562954 0)
(0.135769 -0.000485265 0)
(0.134882 -0.00039646 0)
(0.134198 -0.000298482 0)
(0.133734 -0.000194177 0)
(0.133503 -8.65223e-05 0)
(0.133495 3.17616e-05 0)
(0.1337 0.000136109 0)
(0.134111 0.000227756 0)
(0.134704 0.000305546 0)
(0.135452 0.000367489 0)
(0.13632 0.00041253 0)
(0.137271 0.000439938 0)
(0.138267 0.000449705 0)
(0.13927 0.000441751 0)
(0.140243 0.000416768 0)
(0.141152 0.000376846 0)
(0.141968 0.000324757 0)
(0.142662 0.000261926 0)
(0.143218 0.000190457 0)
(0.143619 0.000114222 0)
(0.143858 3.70584e-05 0)
(0.143938 -4.44795e-05 0)
(0.143865 -0.000120543 0)
(0.143646 -0.000186596 0)
(0.143298 -0.000242965 0)
(0.142839 -0.000288621 0)
(0.142292 -0.000322804 0)
(0.141683 -0.000344958 0)
(0.141037 -0.000354575 0)
(0.140383 -0.000351252 0)
(0.139747 -0.000335196 0)
(0.139154 -0.000307291 0)
(0.138628 -0.000268759 0)
(0.138191 -0.000220978 0)
(0.137861 -0.000165627 0)
(0.137656 -0.000103788 0)
(0.137582 -3.20598e-05 0)
(0.13764 4.38885e-05 0)
(0.137834 0.000113878 0)
(0.138163 0.000179196 0)
(0.138619 0.00023768 0)
(0.139188 0.000288003 0)
(0.139853 0.000329033 0)
(0.140595 0.000359834 0)
(0.14139 0.000379684 0)
(0.142215 0.000388182 0)
(0.143047 0.000385216 0)
(0.14386 0.000371181 0)
(0.144632 0.000346783 0)
(0.145342 0.000313046 0)
(0.145972 0.000271445 0)
(0.146506 0.000223611 0)
(0.146933 0.000171264 0)
(0.147243 0.000116128 0)
(0.147431 5.99354e-05 0)
(0.147501 2.13602e-06 0)
(0.147457 -5.51743e-05 0)
(0.147308 -0.000104882 0)
(0.147061 -0.000147731 0)
(0.146729 -0.00018318 0)
(0.14633 -0.000210653 0)
(0.145879 -0.000229781 0)
(0.145396 -0.00024034 0)
(0.144897 -0.000242453 0)
(0.144402 -0.00023644 0)
(0.143928 -0.000222403 0)
(0.143491 -0.000200741 0)
(0.143108 -0.000172141 0)
(0.142791 -0.000138414 0)
(0.142553 -9.96457e-05 0)
(0.142401 -5.68731e-05 0)
(0.142348 -2.19884e-05 0)
(0.142419 2.64868e-05 0)
(2.27849 0.0517325 0)
(2.27916 0.0388724 0)
(2.27974 0.0248164 0)
(2.28014 0.00996861 0)
(2.28029 -0.00501004 0)
(2.28019 -0.0194569 0)
(2.27985 -0.0327998 0)
(2.27928 -0.0444948 0)
(2.27852 -0.0541057 0)
(2.27765 -0.0613112 0)
(2.27676 -0.0660404 0)
(2.27599 -0.0684693 0)
(2.27543 -0.0691554 0)
(2.27489 -0.0683982 0)
(2.2743 -0.0650289 0)
(2.27377 -0.0594455 0)
(2.27333 -0.0519651 0)
(2.27295 -0.0428597 0)
(2.27261 -0.0324123 0)
(2.27227 -0.0208984 0)
(2.27186 -0.00866773 0)
(2.27134 0.00368564 0)
(2.2707 0.0155644 0)
(2.26999 0.0265077 0)
(2.26925 0.0360793 0)
(2.26852 0.0439053 0)
(2.26788 0.0497487 0)
(2.26739 0.0535362 0)
(2.26705 0.055427 0)
(2.26683 0.0559025 0)
(2.26667 0.0553317 0)
(2.26664 0.0524672 0)
(2.26676 0.0478647 0)
(2.267 0.0417818 0)
(2.26734 0.0344391 0)
(2.26772 0.0260793 0)
(2.26811 0.0169379 0)
(2.26847 0.00728311 0)
(2.26874 -0.00245684 0)
(2.26891 -0.0118618 0)
(2.26898 -0.0205722 0)
(2.26894 -0.028226 0)
(2.26884 -0.03451 0)
(2.26867 -0.0392195 0)
(2.26848 -0.0422759 0)
(2.26833 -0.0438004 0)
(2.26826 -0.0442205 0)
(2.26818 -0.0439294 0)
(2.26806 -0.0418078 0)
(2.26795 -0.0382429 0)
(2.26787 -0.0334745 0)
(2.2678 -0.0276782 0)
(2.26773 -0.0210412 0)
(2.26766 -0.013744 0)
(2.26755 -0.00600151 0)
(2.26737 0.00181425 0)
(2.26714 0.00933242 0)
(2.26688 0.016262 0)
(2.26661 0.0223201 0)
(2.26636 0.0272648 0)
(2.26616 0.0309407 0)
(2.26601 0.0333066 0)
(2.26592 0.0344739 0)
(2.26585 0.0347793 0)
(2.26583 0.0345111 0)
(2.26589 0.0327808 0)
(2.26602 0.0299464 0)
(2.26621 0.0261903 0)
(2.26644 0.0216542 0)
(2.26669 0.0164899 0)
(2.26694 0.010846 0)
(2.26716 0.00489283 0)
(2.26732 -0.00110521 0)
(2.26741 -0.00688657 0)
(2.26744 -0.0122358 0)
(2.2674 -0.0169403 0)
(2.2673 -0.0208074 0)
(2.26714 -0.0237165 0)
(2.26695 -0.0256378 0)
(2.26676 -0.0266468 0)
(2.2666 -0.0269626 0)
(2.26643 -0.0266591 0)
(2.26622 -0.0254025 0)
(2.266 -0.0232838 0)
(2.26577 -0.0204293 0)
(2.26554 -0.016952 0)
(2.2653 -0.0129645 0)
(2.26505 -0.0085755 0)
(2.26478 -0.00391463 0)
(2.26446 0.000795454 0)
(2.26413 0.00533108 0)
(2.26378 0.00951219 0)
(2.26342 0.0131787 0)
(2.26308 0.0161879 0)
(2.26276 0.0184494 0)
(2.26249 0.019939 0)
(2.26227 0.0207157 0)
(2.26211 0.0209443 0)
(2.26196 0.0206938 0)
(2.26185 0.0196647 0)
(2.26179 0.0179861 0)
(2.26178 0.015749 0)
(2.26182 0.0130401 0)
(2.26189 0.0099515 0)
(2.26198 0.00657365 0)
(2.26207 0.00301023 0)
(2.26214 -0.000581012 0)
(2.26219 -0.00404621 0)
(2.26222 -0.0072523 0)
(2.26221 -0.0100768 0)
(2.26218 -0.0124046 0)
(2.26213 -0.0141656 0)
(2.26206 -0.0153363 0)
(2.262 -0.0159728 0)
(2.26194 -0.0162018 0)
(2.26188 -0.016094 0)
(2.26181 -0.0154285 0)
(2.26173 -0.0142629 0)
(2.26165 -0.0126703 0)
(2.26053 0.050914 0)
(2.26197 0.0380745 0)
(2.2632 0.0240902 0)
(2.26412 0.00938851 0)
(2.26459 -0.00532857 0)
(2.26451 -0.0194443 0)
(2.26383 -0.0324175 0)
(2.26256 -0.0437409 0)
(2.26079 -0.0530125 0)
(2.25868 -0.0600148 0)
(2.25645 -0.0647516 0)
(2.25435 -0.0674555 0)
(2.25221 -0.0683282 0)
(2.24995 -0.0672261 0)
(2.24755 -0.0638068 0)
(2.24522 -0.0582977 0)
(2.24316 -0.0509376 0)
(2.24141 -0.0419866 0)
(2.24005 -0.0316993 0)
(2.23912 -0.0203232 0)
(2.23864 -0.00818035 0)
(2.23858 0.00416553 0)
(2.23882 0.0160891 0)
(2.23927 0.0270908 0)
(2.23987 0.0366902 0)
(2.24059 0.0444787 0)
(2.24139 0.0502006 0)
(2.24219 0.0538249 0)
(2.24285 0.0555944 0)
(2.2435 0.0559559 0)
(2.2442 0.0553525 0)
(2.24512 0.0523682 0)
(2.24611 0.0476466 0)
(2.24709 0.0414637 0)
(2.24804 0.0340518 0)
(2.24894 0.0256484 0)
(2.24975 0.0164841 0)
(2.25042 0.00683432 0)
(2.2509 -0.00283935 0)
(2.2511 -0.0121349 0)
(2.251 -0.0206955 0)
(2.25057 -0.0281921 0)
(2.24986 -0.0343279 0)
(2.24893 -0.0389188 0)
(2.24792 -0.0419558 0)
(2.24699 -0.0435989 0)
(2.24604 -0.0440553 0)
(2.24502 -0.0435541 0)
(2.2438 -0.0413662 0)
(2.24257 -0.0377924 0)
(2.24145 -0.0330342 0)
(2.24046 -0.027269 0)
(2.23963 -0.0206751 0)
(2.239 -0.0134236 0)
(2.23862 -0.00572381 0)
(2.23849 0.00205685 0)
(2.23859 0.00955084 0)
(2.2389 0.0164606 0)
(2.23938 0.0224909 0)
(2.23998 0.0273914 0)
(2.24066 0.0310139 0)
(2.24133 0.0333402 0)
(2.2419 0.0345073 0)
(2.24245 0.0347586 0)
(2.24302 0.0344113 0)
(2.24374 0.0326218 0)
(2.24448 0.0297385 0)
(2.24518 0.0259423 0)
(2.24584 0.0213814 0)
(2.24644 0.0162067 0)
(2.24696 0.010565 0)
(2.24739 0.00462805 0)
(2.24768 -0.001325 0)
(2.24781 -0.00704321 0)
(2.24775 -0.0123116 0)
(2.24749 -0.0169167 0)
(2.24705 -0.020685 0)
(2.24648 -0.0235083 0)
(2.24585 -0.0253852 0)
(2.24525 -0.0264264 0)
(2.24461 -0.0267531 0)
(2.24391 -0.0263994 0)
(2.24311 -0.0250674 0)
(2.24227 -0.0229021 0)
(2.24145 -0.0200162 0)
(2.24066 -0.0165201 0)
(2.23993 -0.012523 0)
(2.23929 -0.00813319 0)
(2.23874 -0.00348102 0)
(2.23834 0.00121041 0)
(2.23807 0.00572988 0)
(2.23794 0.00990053 0)
(2.23793 0.0135473 0)
(2.23803 0.0165212 0)
(2.2382 0.0187273 0)
(2.23842 0.0201461 0)
(2.23862 0.0208484 0)
(2.23883 0.0210125 0)
(2.23905 0.0208274 0)
(2.23934 0.019755 0)
(2.23964 0.0180247 0)
(2.23994 0.0157451 0)
(2.24022 0.0130021 0)
(2.24048 0.00988752 0)
(2.24071 0.00649129 0)
(2.24089 0.0029182 0)
(2.24101 -0.000666005 0)
(2.24105 -0.00411287 0)
(2.241 -0.0072928 0)
(2.24086 -0.010083 0)
(2.24062 -0.0123709 0)
(2.24032 -0.0140933 0)
(2.23999 -0.0152484 0)
(2.23968 -0.0158982 0)
(2.23935 -0.016118 0)
(2.23901 -0.0160057 0)
(2.2386 -0.0153019 0)
(2.23816 -0.0141034 0)
(2.23772 -0.012483 0)
(2.2373 -0.0105892 0)
(2.23687 -0.00814965 0)
(2.23652 -0.00614558 0)
(2.23604 -0.0022219 0)
(2.21238 0.0487406 0)
(2.21484 0.0362048 0)
(2.21679 0.0226341 0)
(2.21806 0.00852508 0)
(2.21851 -0.0054416 0)
(2.21807 -0.0187424 0)
(2.21673 -0.0309012 0)
(2.21458 -0.0415086 0)
(2.21176 -0.0502549 0)
(2.2085 -0.0569607 0)
(2.20501 -0.0616052 0)
(2.20141 -0.0642695 0)
(2.1976 -0.0649639 0)
(2.19367 -0.0636434 0)
(2.18968 -0.0602965 0)
(2.18583 -0.0550268 0)
(2.18231 -0.0480532 0)
(2.17924 -0.0396137 0)
(2.17672 -0.0299444 0)
(2.17484 -0.0192779 0)
(2.1737 -0.00788728 0)
(2.17334 0.00377333 0)
(2.17375 0.0151132 0)
(2.17485 0.0256476 0)
(2.17654 0.0349093 0)
(2.17867 0.0425121 0)
(2.18103 0.0482409 0)
(2.1834 0.052083 0)
(2.18559 0.0542189 0)
(2.18775 0.0547734 0)
(2.19001 0.0535798 0)
(2.19241 0.0505911 0)
(2.19474 0.0459407 0)
(2.1969 0.0398589 0)
(2.19886 0.0325861 0)
(2.20058 0.0243563 0)
(2.20201 0.0154133 0)
(2.20307 0.00607812 0)
(2.20366 -0.00319011 0)
(2.20373 -0.0120269 0)
(2.20327 -0.0201071 0)
(2.2023 -0.0271456 0)
(2.20089 -0.0329223 0)
(2.19917 -0.0373098 0)
(2.1973 -0.0403011 0)
(2.1954 -0.0419919 0)
(2.1934 -0.0424353 0)
(2.19126 -0.041573 0)
(2.18899 -0.0393657 0)
(2.18674 -0.0358873 0)
(2.18466 -0.0313019 0)
(2.18279 -0.0257814 0)
(2.1812 -0.0194947 0)
(2.17994 -0.0126138 0)
(2.17908 -0.00533939 0)
(2.17867 0.001995 0)
(2.17874 0.00907026 0)
(2.17927 0.0156072 0)
(2.18021 0.0213433 0)
(2.18147 0.0260612 0)
(2.18295 0.0296383 0)
(2.18448 0.0320613 0)
(2.18594 0.0334247 0)
(2.18742 0.0337988 0)
(2.18899 0.0331104 0)
(2.19066 0.0313232 0)
(2.1923 0.0285084 0)
(2.19382 0.0248069 0)
(2.19521 0.0203656 0)
(2.19644 0.0153283 0)
(2.19748 0.00984635 0)
(2.19828 0.00411755 0)
(2.19878 -0.00157662 0)
(2.19896 -0.00700774 0)
(2.19879 -0.0119728 0)
(2.1983 -0.0162969 0)
(2.19752 -0.0198452 0)
(2.19653 -0.0225419 0)
(2.19543 -0.0243849 0)
(2.19429 -0.0254345 0)
(2.19304 -0.0257011 0)
(2.19169 -0.0251405 0)
(2.19024 -0.0237617 0)
(2.18877 -0.0216131 0)
(2.18734 -0.0187878 0)
(2.186 -0.0153905 0)
(2.18478 -0.0115258 0)
(2.18371 -0.00730387 0)
(2.18283 -0.0028664 0)
(2.18221 0.00157353 0)
(2.18185 0.00583678 0)
(2.18176 0.00975814 0)
(2.18194 0.0131864 0)
(2.18235 0.0159974 0)
(2.18293 0.0181209 0)
(2.18358 0.0195533 0)
(2.18422 0.0203572 0)
(2.18491 0.0205818 0)
(2.18567 0.0201519 0)
(2.18653 0.0190658 0)
(2.1874 0.0173708 0)
(2.18823 0.0151429 0)
(2.189 0.0124676 0)
(2.18969 0.00943128 0)
(2.19029 0.00612382 0)
(2.19077 0.00266127 0)
(2.1911 -0.000787638 0)
(2.19125 -0.00408415 0)
(2.19122 -0.00710408 0)
(2.19101 -0.00974044 0)
(2.19064 -0.011909 0)
(2.19014 -0.0135624 0)
(2.18959 -0.0147011 0)
(2.18901 -0.0153666 0)
(2.18838 -0.0155871 0)
(2.18769 -0.0153252 0)
(2.18691 -0.0145799 0)
(2.1861 -0.0133867 0)
(2.1853 -0.0117876 0)
(2.18453 -0.00992507 0)
(2.18375 -0.00754516 0)
(2.18312 -0.00558859 0)
(2.18229 -0.00178895 0)
(2.13599 0.0453797 0)
(2.13974 0.033505 0)
(2.14266 0.0207271 0)
(2.14455 0.00757519 0)
(2.1453 -0.00536739 0)
(2.14491 -0.0176532 0)
(2.14341 -0.028872 0)
(2.14092 -0.0386765 0)
(2.13761 -0.0468038 0)
(2.13366 -0.0530901 0)
(2.12924 -0.0574675 0)
(2.12438 -0.0599101 0)
(2.11916 -0.0604023 0)
(2.11375 -0.0589975 0)
(2.1083 -0.0557331 0)
(2.10301 -0.0507211 0)
(2.09809 -0.0441558 0)
(2.09373 -0.036248 0)
(2.09005 -0.0272097 0)
(2.08716 -0.01726 0)
(2.08519 -0.00667856 0)
(2.08425 0.00405993 0)
(2.08436 0.0144874 0)
(2.08548 0.0241786 0)
(2.08748 0.032737 0)
(2.09019 0.039845 0)
(2.09336 0.0453082 0)
(2.09677 0.0490739 0)
(2.10033 0.0511713 0)
(2.10407 0.0516021 0)
(2.10787 0.0503901 0)
(2.1117 0.0474958 0)
(2.11538 0.0430271 0)
(2.11879 0.0372029 0)
(2.12186 0.0302484 0)
(2.12451 0.0223959 0)
(2.12667 0.0139035 0)
(2.12821 0.00512693 0)
(2.12905 -0.00352257 0)
(2.12917 -0.0117333 0)
(2.12859 -0.0192177 0)
(2.12737 -0.0257351 0)
(2.12562 -0.0311037 0)
(2.12346 -0.0352166 0)
(2.12103 -0.0380466 0)
(2.11834 -0.0396022 0)
(2.11542 -0.0398754 0)
(2.11234 -0.0389147 0)
(2.10916 -0.0367142 0)
(2.10604 -0.0333469 0)
(2.10309 -0.0289625 0)
(2.10043 -0.0237171 0)
(2.09812 -0.0177639 0)
(2.09626 -0.0112662 0)
(2.09493 -0.00445136 0)
(2.09421 0.00235515 0)
(2.09412 0.00888983 0)
(2.09465 0.0149059 0)
(2.09572 0.020183 0)
(2.09726 0.0245491 0)
(2.09913 0.0279022 0)
(2.1012 0.0302132 0)
(2.10343 0.0314913 0)
(2.10582 0.0317384 0)
(2.10829 0.0309909 0)
(2.11082 0.0292252 0)
(2.1133 0.0264992 0)
(2.11563 0.022943 0)
(2.11776 0.0186913 0)
(2.11965 0.0138819 0)
(2.12124 0.00867329 0)
(2.12243 0.00329519 0)
(2.12318 -0.00200668 0)
(2.12346 -0.00703617 0)
(2.12329 -0.0116148 0)
(2.12269 -0.0155923 0)
(2.12174 -0.0188583 0)
(2.12052 -0.0213529 0)
(2.11909 -0.0230626 0)
(2.11746 -0.0239882 0)
(2.11566 -0.0241121 0)
(2.11373 -0.0234618 0)
(2.11171 -0.0220486 0)
(2.10968 -0.0199217 0)
(2.10771 -0.0171708 0)
(2.10586 -0.0138924 0)
(2.10418 -0.0101821 0)
(2.10273 -0.00615012 0)
(2.10157 -0.00196457 0)
(2.10078 0.00218407 0)
(2.10035 0.00613984 0)
(2.10029 0.00975343 0)
(2.10057 0.012896 0)
(2.10114 0.0154721 0)
(2.10194 0.0174294 0)
(2.10288 0.0187619 0)
(2.10395 0.0194843 0)
(2.10515 0.0195855 0)
(2.10645 0.0190855 0)
(2.10782 0.0179754 0)
(2.10919 0.0162906 0)
(2.11052 0.014108 0)
(2.11177 0.011507 0)
(2.11291 0.00856947 0)
(2.11389 0.00538897 0)
(2.11468 0.00210156 0)
(2.11522 -0.00114046 0)
(2.1155 -0.00421864 0)
(2.11552 -0.00702269 0)
(2.11531 -0.00946015 0)
(2.11487 -0.0114632 0)
(2.11428 -0.0129962 0)
(2.11356 -0.0140566 0)
(2.11274 -0.0146562 0)
(2.11179 -0.014783 0)
(2.11076 -0.01445 0)
(2.10965 -0.0136615 0)
(2.10851 -0.0124522 0)
(2.10737 -0.0108602 0)
(2.10627 -0.00901592 0)
(2.10517 -0.00668729 0)
(2.10429 -0.00476951 0)
(2.10319 -0.00110287 0)
(2.03722 0.0403413 0)
(2.04251 0.0293729 0)
(2.04667 0.0176809 0)
(2.04952 0.00579761 0)
(2.05097 -0.00585107 0)
(2.05101 -0.0168689 0)
(2.0497 -0.0269015 0)
(2.04713 -0.0356456 0)
(2.04343 -0.0428702 0)
(2.03873 -0.0484147 0)
(2.03312 -0.0521642 0)
(2.02679 -0.0540607 0)
(2.01998 -0.0541645 0)
(2.01289 -0.0525725 0)
(2.00577 -0.0493597 0)
(1.99888 -0.0446457 0)
(1.99248 -0.0385966 0)
(1.98679 -0.0313913 0)
(1.982 -0.0232102 0)
(1.97825 -0.0142576 0)
(1.97569 -0.00483348 0)
(1.9744 0.00468682 0)
(1.97438 0.0139329 0)
(1.97553 0.0225401 0)
(1.97775 0.0301762 0)
(1.98085 0.0365714 0)
(1.98462 0.0415401 0)
(1.98889 0.0449758 0)
(1.99358 0.0468227 0)
(1.99853 0.0470748 0)
(2.00361 0.0457741 0)
(2.0087 0.0429494 0)
(2.01364 0.0387108 0)
(2.01827 0.0332416 0)
(2.02249 0.026743 0)
(2.02619 0.0194348 0)
(2.02922 0.0116046 0)
(2.03143 0.00362458 0)
(2.03277 -0.00420431 0)
(2.03322 -0.0116054 0)
(2.03281 -0.0183316 0)
(2.0316 -0.0241738 0)
(2.02968 -0.0289749 0)
(2.02717 -0.0326382 0)
(2.0241 -0.0351053 0)
(2.02055 -0.0363299 0)
(2.01665 -0.0363368 0)
(2.01252 -0.0352005 0)
(2.00828 -0.0329667 0)
(2.0041 -0.0297216 0)
(2.00014 -0.0255901 0)
(1.99655 -0.0207081 0)
(1.99347 -0.0152211 0)
(1.991 -0.00930772 0)
(1.98928 -0.00320415 0)
(1.98834 0.00286754 0)
(1.98817 0.00868329 0)
(1.98875 0.0140327 0)
(1.98999 0.0187308 0)
(1.9918 0.0226318 0)
(1.99406 0.0256385 0)
(1.9967 0.0276923 0)
(1.99964 0.0287591 0)
(2.00279 0.0288481 0)
(2.00607 0.0279991 0)
(2.00941 0.0262319 0)
(2.0127 0.0236125 0)
(2.01584 0.0202472 0)
(2.01875 0.0162523 0)
(2.02135 0.011766 0)
(2.02352 0.0069817 0)
(2.02517 0.002114 0)
(2.02626 -0.00265683 0)
(2.02677 -0.00715809 0)
(2.02671 -0.0112364 0)
(2.02614 -0.014765 0)
(2.0251 -0.017652 0)
(2.02367 -0.0198422 0)
(2.02187 -0.0212983 0)
(2.01973 -0.0219826 0)
(2.01734 -0.0219105 0)
(2.01475 -0.0211229 0)
(2.01206 -0.0196516 0)
(2.00934 -0.0175531 0)
(2.0067 -0.0149035 0)
(2.00423 -0.0117897 0)
(2.00202 -0.00831404 0)
(2.00017 -0.00461975 0)
(1.99875 -0.000848494 0)
(1.99781 0.00286336 0)
(1.99734 0.00638164 0)
(1.99732 0.00958328 0)
(1.99773 0.0123622 0)
(1.99849 0.0146386 0)
(1.99955 0.0163672 0)
(2.00086 0.0175231 0)
(2.0024 0.0180802 0)
(2.00411 0.0180416 0)
(2.00594 0.0174372 0)
(2.00785 0.016282 0)
(2.00978 0.0146193 0)
(2.01165 0.012513 0)
(2.01344 0.0100308 0)
(2.01506 0.00725358 0)
(2.01647 0.00429544 0)
(2.01759 0.00129018 0)
(2.01839 -0.0016522 0)
(2.01885 -0.00442643 0)
(2.01898 -0.00693826 0)
(2.0188 -0.00910926 0)
(2.01834 -0.0108837 0)
(2.01765 -0.0122331 0)
(2.01674 -0.0131455 0)
(2.01562 -0.0135988 0)
(2.01433 -0.0135909 0)
(2.01291 -0.0131526 0)
(2.01138 -0.0122996 0)
(2.0098 -0.0110772 0)
(2.00822 -0.00950152 0)
(2.0067 -0.0076996 0)
(2.00524 -0.00549353 0)
(2.00408 -0.00367778 0)
(2.00273 -0.00027203 0)
)
;

boundaryField
{
    inlet
    {
        type            fixedValue;
        value           nonuniform List<vector> 0();
    }
    outlet
    {
        type            zeroGradient;
    }
    topWall
    {
        type            noSlip;
    }
    lowerWall
    {
        type            noSlip;
    }
    leadingEdge
    {
        type            noSlip;
    }
    trailingEdge
    {
        type            noSlip;
    }
    upperSurface
    {
        type            noSlip;
    }
    lowerSurface
    {
        type            noSlip;
    }
    frontAndBack
    {
        type            empty;
    }
    procBoundary7to2
    {
        type            processor;
        value           uniform (2.27783 0.0630483 0);
    }
    procBoundary7to3
    {
        type            processor;
        value           nonuniform List<vector> 
124
(
(2.27888 0.052257 0)
(2.27877 0.0392587 0)
(2.27862 0.0249465 0)
(2.27835 0.00976713 0)
(2.27786 -0.00550238 0)
(2.27718 -0.0201483 0)
(2.27634 -0.0336073 0)
(2.27542 -0.0453462 0)
(2.27447 -0.0549132 0)
(2.2736 -0.0620244 0)
(2.27289 -0.0666249 0)
(2.27238 -0.0689171 0)
(2.27204 -0.0694794 0)
(2.27175 -0.0686393 0)
(2.2716 -0.0650334 0)
(2.27163 -0.0593057 0)
(2.27181 -0.0517455 0)
(2.27207 -0.0426226 0)
(2.27238 -0.032233 0)
(2.27267 -0.0208642 0)
(2.2729 -0.00884441 0)
(2.27299 0.00330327 0)
(2.27293 0.0150403 0)
(2.27272 0.0259049 0)
(2.27237 0.0354581 0)
(2.2719 0.0433289 0)
(2.27135 0.0492493 0)
(2.27079 0.0531436 0)
(2.27031 0.0551383 0)
(2.26998 0.055713 0)
(2.26966 0.0551937 0)
(2.2693 0.0525239 0)
(2.26897 0.0480532 0)
(2.26871 0.0420537 0)
(2.2685 0.0347487 0)
(2.26831 0.0263708 0)
(2.26812 0.0171456 0)
(2.2679 0.00734559 0)
(2.26761 -0.00255172 0)
(2.26725 -0.0120728 0)
(2.26685 -0.0208448 0)
(2.26645 -0.0285133 0)
(2.26609 -0.0347738 0)
(2.2658 -0.0394236 0)
(2.26561 -0.0424154 0)
(2.2655 -0.0438799 0)
(2.26544 -0.0442465 0)
(2.26546 -0.0438762 0)
(2.26562 -0.0416292 0)
(2.26587 -0.0379808 0)
(2.26621 -0.0331567 0)
(2.26661 -0.0273358 0)
(2.26704 -0.0207141 0)
(2.26746 -0.0134797 0)
(2.26786 -0.00584736 0)
(2.26819 0.00183918 0)
(2.26843 0.0092534 0)
(2.26857 0.016115 0)
(2.26864 0.0221399 0)
(2.26863 0.0270834 0)
(2.26857 0.0307851 0)
(2.26846 0.0331911 0)
(2.26836 0.0343981 0)
(2.2683 0.0347361 0)
(2.26823 0.034482 0)
(2.2681 0.0328322 0)
(2.26796 0.030056 0)
(2.26782 0.0263387 0)
(2.26768 0.0218206 0)
(2.26753 0.0166469 0)
(2.26735 0.0109578 0)
(2.26714 0.00492109 0)
(2.26688 -0.00117438 0)
(2.26657 -0.00704128 0)
(2.26623 -0.0124507 0)
(2.26588 -0.0171817 0)
(2.26553 -0.0210565 0)
(2.26521 -0.0239607 0)
(2.26494 -0.0258582 0)
(2.26473 -0.0268347 0)
(2.26457 -0.0271193 0)
(2.26442 -0.0268425 0)
(2.26431 -0.0255164 0)
(2.26426 -0.023343 0)
(2.26426 -0.0204492 0)
(2.26431 -0.0169458 0)
(2.26438 -0.0129515 0)
(2.26447 -0.00858183 0)
(2.26455 -0.00396799 0)
(2.2646 0.000678524 0)
(2.26461 0.00515629 0)
(2.26457 0.00930429 0)
(2.26449 0.0129541 0)
(2.26438 0.015957 0)
(2.26423 0.0182197 0)
(2.26406 0.0197246 0)
(2.26389 0.0205286 0)
(2.26375 0.0207827 0)
(2.2636 0.0205278 0)
(2.26344 0.0195611 0)
(2.26327 0.0179341 0)
(2.2631 0.0157375 0)
(2.26293 0.0130599 0)
(2.26276 0.0099886 0)
(2.26259 0.0066069 0)
(2.2624 0.00301529 0)
(2.26219 -0.000618105 0)
(2.26197 -0.00412175 0)
(2.26173 -0.0073588 0)
(2.2615 -0.010197 0)
(2.26129 -0.0125293 0)
(2.26109 -0.0142866 0)
(2.26094 -0.0154494 0)
(2.26082 -0.0160647 0)
(2.26073 -0.0162699 0)
(2.26067 -0.0161619 0)
(2.26064 -0.0154501 0)
(2.26066 -0.0142468 0)
(2.26072 -0.012623 0)
(2.26157 -0.0108017 0)
(2.26157 -0.0108017 0)
(2.26148 -0.00838444 0)
(2.26138 -0.00639678 0)
(2.26125 -0.00247901 0)
)
;
    }
    procBoundary7to6
    {
        type            processor;
        value           nonuniform List<vector> 
15
(
(1.9168 0.0425266 0)
(1.9168 0.0425266 0)
(1.78675 0.0398635 0)
(1.6639 0.0284826 0)
(1.52822 0.0191083 0)
(1.36015 0.0139824 0)
(1.15096 0.0110183 0)
(0.906878 0.00854194 0)
(0.647068 0.00599183 0)
(0.388014 0.00329892 0)
(0.132003 0.000905297 0)
(2.25896 0.0622601 0)
(2.2095 0.0598692 0)
(2.13153 0.0559575 0)
(2.03104 0.0501429 0)
)
;
    }
}


// ************************************************************************* //
