/*--------------------------------*- C++ -*----------------------------------*\
| =========                 |                                                 |
| \\      /  F ield         | OpenFOAM: The Open Source CFD Toolbox           |
|  \\    /   O peration     | Version:  2206                                  |
|   \\  /    A nd           | Website:  www.openfoam.com                      |
|    \\/     M anipulation  |                                                 |
\*---------------------------------------------------------------------------*/
FoamFile
{
    version     2.0;
    format      ascii;
    arch        "LSB;label=32;scalar=64";
    class       volVectorField;
    location    "19.5999";
    object      U;
}
// * * * * * * * * * * * * * * * * * * * * * * * * * * * * * * * * * * * * * //

dimensions      [0 1 -1 0 0 0 0];

internalField   nonuniform List<vector> 
1827
(
(1.93489 -0.0520134 0)
(1.92227 -0.0535102 0)
(1.90978 -0.0533311 0)
(1.89782 -0.0515435 0)
(1.88674 -0.0482221 0)
(1.87683 -0.0434621 0)
(1.86836 -0.0373504 0)
(1.86155 -0.0299532 0)
(1.8566 -0.0213897 0)
(1.85363 -0.0119366 0)
(1.85268 -0.00198105 0)
(1.85372 0.00798674 0)
(1.85666 0.0174831 0)
(1.8613 0.0260763 0)
(1.86743 0.0333982 0)
(1.87478 0.0391616 0)
(1.88307 0.0431824 0)
(1.892 0.0453865 0)
(1.90133 0.0457912 0)
(1.91086 0.0444289 0)
(1.92037 0.0413454 0)
(1.92964 0.0366753 0)
(1.93836 0.0307022 0)
(1.94615 0.0238345 0)
(1.95271 0.0164284 0)
(1.95778 0.0087859 0)
(1.96123 0.00116405 0)
(1.96299 -0.00619697 0)
(1.96309 -0.0130692 0)
(1.96153 -0.0192475 0)
(1.95833 -0.0245043 0)
(1.95361 -0.0286093 0)
(1.94757 -0.0315064 0)
(1.94046 -0.0332168 0)
(1.93257 -0.033767 0)
(1.92419 -0.0331796 0)
(1.91563 -0.0315003 0)
(1.90719 -0.0288147 0)
(1.89921 -0.0252437 0)
(1.89193 -0.0208976 0)
(1.88557 -0.0158985 0)
(1.88031 -0.0103632 0)
(1.87629 -0.00441061 0)
(1.8736 0.00180626 0)
(1.87227 0.00807284 0)
(1.87226 0.0141329 0)
(1.87347 0.0197285 0)
(1.8758 0.0246273 0)
(1.87916 0.0286243 0)
(1.88338 0.0315428 0)
(1.88828 0.0332748 0)
(1.8937 0.0338176 0)
(1.89949 0.0331871 0)
(1.9055 0.0313993 0)
(1.91159 0.0284974 0)
(1.91759 0.0245681 0)
(1.92335 0.0197577 0)
(1.92864 0.0142985 0)
(1.93324 0.00846241 0)
(1.93697 0.00248722 0)
(1.93973 -0.00339018 0)
(1.94144 -0.00895298 0)
(1.9421 -0.0140167 0)
(1.94175 -0.0184385 0)
(1.94043 -0.0221166 0)
(1.93814 -0.0249442 0)
(1.93498 -0.0267914 0)
(1.93112 -0.0276619 0)
(1.92668 -0.0276238 0)
(1.92186 -0.0267299 0)
(1.91681 -0.0250305 0)
(1.91172 -0.0225896 0)
(1.90678 -0.0194959 0)
(1.90217 -0.0158739 0)
(1.89807 -0.011848 0)
(1.8946 -0.00753158 0)
(1.89187 -0.00304478 0)
(1.88993 0.00147683 0)
(1.88881 0.00588477 0)
(1.88847 0.0100273 0)
(1.88888 0.0137609 0)
(1.88996 0.0169657 0)
(1.89164 0.0195478 0)
(1.89385 0.0214253 0)
(1.89652 0.022533 0)
(1.89952 0.0228743 0)
(1.90277 0.0224785 0)
(1.90619 0.0213643 0)
(1.90966 0.019565 0)
(1.91309 0.0171424 0)
(1.91635 0.0141887 0)
(1.91932 0.0108272 0)
(1.92186 0.00721773 0)
(1.9239 0.00349824 0)
(1.92536 -0.000186704 0)
(1.92622 -0.00369642 0)
(1.92647 -0.00690882 0)
(1.92614 -0.0097275 0)
(1.92525 -0.0120795 0)
(1.92381 -0.013898 0)
(1.92189 -0.0151121 0)
(1.91958 -0.0157059 0)
(1.91697 -0.0157195 0)
(1.91415 -0.0151857 0)
(1.91124 -0.0141378 0)
(1.90833 -0.0126238 0)
(1.90557 -0.0107091 0)
(1.90305 -0.00847839 0)
(1.90088 -0.00601023 0)
(1.89913 -0.00338221 0)
(1.89785 -0.000681094 0)
(1.89706 0.00199791 0)
(1.89676 0.0045602 0)
(1.89693 0.00691922 0)
(1.89756 0.00900211 0)
(1.89862 0.0107453 0)
(1.90007 0.0120894 0)
(1.90188 0.0129765 0)
(1.9039 0.0134561 0)
(1.90646 0.0133623 0)
(1.90844 0.013211 0)
(1.91255 0.0114497 0)
(1.8013 -0.0384371 0)
(1.78777 -0.0399515 0)
(1.7746 -0.0402274 0)
(1.76215 -0.0392514 0)
(1.75071 -0.0370326 0)
(1.74053 -0.033622 0)
(1.73184 -0.0291005 0)
(1.72484 -0.0235402 0)
(1.71971 -0.0169971 0)
(1.71657 -0.00962332 0)
(1.71551 -0.00176171 0)
(1.71654 0.0061411 0)
(1.71961 0.0136781 0)
(1.72459 0.020486 0)
(1.73129 0.0262555 0)
(1.73947 0.0307511 0)
(1.74884 0.0338165 0)
(1.75914 0.0353572 0)
(1.77007 0.0353228 0)
(1.78137 0.0337256 0)
(1.79265 0.0306841 0)
(1.80342 0.0264576 0)
(1.81327 0.0213666 0)
(1.82178 0.0157478 0)
(1.82863 0.00989706 0)
(1.83363 0.00403423 0)
(1.83669 -0.00169467 0)
(1.83783 -0.00715576 0)
(1.837 -0.0121805 0)
(1.83418 -0.0164528 0)
(1.82953 -0.0198247 0)
(1.82325 -0.0223018 0)
(1.81568 -0.0239032 0)
(1.80715 -0.0246495 0)
(1.798 -0.0245654 0)
(1.78857 -0.0236925 0)
(1.77923 -0.0221011 0)
(1.77029 -0.0198546 0)
(1.76198 -0.016998 0)
(1.75452 -0.0135834 0)
(1.7481 -0.00968957 0)
(1.74286 -0.00541136 0)
(1.73891 -0.000832647 0)
(1.73634 0.00395524 0)
(1.73515 0.00880974 0)
(1.73532 0.0135281 0)
(1.73685 0.0178733 0)
(1.73964 0.0215902 0)
(1.7436 0.0245082 0)
(1.74856 0.0265236 0)
(1.75435 0.0275687 0)
(1.76079 0.0275993 0)
(1.7677 0.0265959 0)
(1.77489 0.0245708 0)
(1.78215 0.0215897 0)
(1.78921 0.0177995 0)
(1.79574 0.0134234 0)
(1.80149 0.00867163 0)
(1.80624 0.00374927 0)
(1.80985 -0.00114445 0)
(1.81224 -0.00583191 0)
(1.81339 -0.0101702 0)
(1.81331 -0.0140477 0)
(1.81201 -0.0173474 0)
(1.80956 -0.0198862 0)
(1.80609 -0.0216 0)
(1.80178 -0.0225303 0)
(1.79683 -0.0227199 0)
(1.79146 -0.0222067 0)
(1.78587 -0.0210357 0)
(1.78023 -0.0192656 0)
(1.77476 -0.0169792 0)
(1.76965 -0.014261 0)
(1.76502 -0.0111878 0)
(1.76101 -0.00783595 0)
(1.75773 -0.00429058 0)
(1.75525 -0.000645398 0)
(1.75361 0.00300179 0)
(1.75283 0.00654475 0)
(1.75289 0.00986707 0)
(1.75376 0.0128501 0)
(1.7554 0.0153699 0)
(1.75774 0.017306 0)
(1.76068 0.0186062 0)
(1.76411 0.0192592 0)
(1.76792 0.0192616 0)
(1.77197 0.0186177 0)
(1.77614 0.0173545 0)
(1.78029 0.0155279 0)
(1.78423 0.013231 0)
(1.78781 0.0105761 0)
(1.79089 0.00767089 0)
(1.79336 0.00462491 0)
(1.79515 0.00155419 0)
(1.79622 -0.00142865 0)
(1.79655 -0.00422611 0)
(1.79615 -0.00675055 0)
(1.79501 -0.0089049 0)
(1.79322 -0.0105867 0)
(1.79087 -0.0117645 0)
(1.78807 -0.0124492 0)
(1.78495 -0.0126605 0)
(1.78164 -0.0124223 0)
(1.77828 -0.0117685 0)
(1.775 -0.0107449 0)
(1.77191 -0.00940027 0)
(1.76913 -0.00778452 0)
(1.76671 -0.00594732 0)
(1.76474 -0.00394075 0)
(1.76326 -0.00182245 0)
(1.76229 0.000340244 0)
(1.76185 0.00247693 0)
(1.76196 0.00451696 0)
(1.7626 0.00638168 0)
(1.76377 0.00797968 0)
(1.76541 0.00924897 0)
(1.76747 0.010159 0)
(1.76992 0.0106848 0)
(1.77258 0.0108478 0)
(1.77578 0.0104949 0)
(1.77828 0.0101011 0)
(1.78292 0.00830877 0)
(1.65735 -0.0244356 0)
(1.64465 -0.0262615 0)
(1.63247 -0.027195 0)
(1.62109 -0.0271679 0)
(1.61073 -0.026153 0)
(1.60161 -0.0241671 0)
(1.59391 -0.021262 0)
(1.58781 -0.0174939 0)
(1.58348 -0.0128993 0)
(1.58106 -0.00757956 0)
(1.5807 -0.00184762 0)
(1.58245 0.00389678 0)
(1.58628 0.00934536 0)
(1.59206 0.0142152 0)
(1.59961 0.0182548 0)
(1.60865 0.0212619 0)
(1.61889 0.0230938 0)
(1.62998 0.0236818 0)
(1.64152 0.0230566 0)
(1.65299 0.0213566 0)
(1.6639 0.0187829 0)
(1.6738 0.0155569 0)
(1.68232 0.0119161 0)
(1.68915 0.00810462 0)
(1.69413 0.00429298 0)
(1.69722 0.000551804 0)
(1.69845 -0.0031062 0)
(1.69776 -0.00652991 0)
(1.69517 -0.00938408 0)
(1.69083 -0.011639 0)
(1.68498 -0.0133234 0)
(1.67792 -0.0144567 0)
(1.66995 -0.0150645 0)
(1.6614 -0.0151742 0)
(1.65254 -0.0148128 0)
(1.64371 -0.0140168 0)
(1.63516 -0.0128046 0)
(1.62711 -0.0111749 0)
(1.61975 -0.00913354 0)
(1.61325 -0.00671504 0)
(1.60776 -0.00396719 0)
(1.60341 -0.000950835 0)
(1.60028 0.00228141 0)
(1.59843 0.00568104 0)
(1.59791 0.00914323 0)
(1.59875 0.0124511 0)
(1.60094 0.0153696 0)
(1.60441 0.0177647 0)
(1.60903 0.0195205 0)
(1.6146 0.0205421 0)
(1.62094 0.0207642 0)
(1.62782 0.0201582 0)
(1.63499 0.018742 0)
(1.64216 0.0165933 0)
(1.649 0.0138516 0)
(1.65523 0.0106634 0)
(1.66063 0.00717809 0)
(1.665 0.00354363 0)
(1.66825 -9.75499e-05 0)
(1.67031 -0.00363299 0)
(1.67119 -0.00697359 0)
(1.67091 -0.0100187 0)
(1.66951 -0.0126134 0)
(1.66709 -0.0146312 0)
(1.66379 -0.016078 0)
(1.65979 -0.016968 0)
(1.65527 -0.0173073 0)
(1.65041 -0.0171124 0)
(1.64537 -0.0164124 0)
(1.64031 -0.0152466 0)
(1.63539 -0.0136717 0)
(1.63075 -0.0117416 0)
(1.62651 -0.0095078 0)
(1.62277 -0.0070307 0)
(1.61964 -0.00437797 0)
(1.61719 -0.0016178 0)
(1.61549 0.00118332 0)
(1.61458 0.00395833 0)
(1.61447 0.00662825 0)
(1.61517 0.0090869 0)
(1.61664 0.0112039 0)
(1.61882 0.0129019 0)
(1.62162 0.0141376 0)
(1.62492 0.0148774 0)
(1.62857 0.0151024 0)
(1.63242 0.0148159 0)
(1.63634 0.0140465 0)
(1.64013 0.0128498 0)
(1.64364 0.0112919 0)
(1.64674 0.0094428 0)
(1.64933 0.00737182 0)
(1.65131 0.00515445 0)
(1.65263 0.00286729 0)
(1.65326 0.000585613 0)
(1.65319 -0.00160801 0)
(1.65242 -0.00361216 0)
(1.65102 -0.00533904 0)
(1.64908 -0.0067585 0)
(1.64669 -0.00785554 0)
(1.64397 -0.00861862 0)
(1.64106 -0.0090419 0)
(1.63805 -0.00913149 0)
(1.63508 -0.00890598 0)
(1.63222 -0.00839147 0)
(1.62957 -0.00761281 0)
(1.62719 -0.00659525 0)
(1.62514 -0.00537078 0)
(1.62348 -0.00397903 0)
(1.62226 -0.00246146 0)
(1.62149 -0.000864109 0)
(1.62121 0.000760284 0)
(1.62144 0.00234213 0)
(1.62217 0.00379832 0)
(1.62339 0.0050766 0)
(1.62506 0.00613544 0)
(1.62711 0.00693935 0)
(1.62947 0.00745924 0)
(1.63207 0.00767893 0)
(1.63475 0.00760439 0)
(1.63767 0.00717468 0)
(1.63995 0.00673843 0)
(1.64357 0.00526742 0)
(1.5019 -0.0122389 0)
(1.49212 -0.0145351 0)
(1.48283 -0.0161676 0)
(1.47421 -0.0170514 0)
(1.46643 -0.017146 0)
(1.45968 -0.0164559 0)
(1.4541 -0.0150262 0)
(1.44986 -0.0129173 0)
(1.44709 -0.0101616 0)
(1.44597 -0.00683173 0)
(1.44667 -0.00323907 0)
(1.44916 0.00035576 0)
(1.45338 0.00374679 0)
(1.45919 0.00674209 0)
(1.46636 0.00917698 0)
(1.47458 0.0109303 0)
(1.48351 0.0119366 0)
(1.49274 0.0122003 0)
(1.50182 0.0117976 0)
(1.51039 0.0108333 0)
(1.51813 0.00941128 0)
(1.52475 0.00765436 0)
(1.53008 0.00570535 0)
(1.53398 0.00369679 0)
(1.53645 0.00169672 0)
(1.53752 -0.000319568 0)
(1.53712 -0.00226379 0)
(1.53525 -0.00386187 0)
(1.53204 -0.00511239 0)
(1.52766 -0.00603564 0)
(1.52234 -0.00664693 0)
(1.51628 -0.00697396 0)
(1.50971 -0.00704617 0)
(1.50285 -0.0068882 0)
(1.49592 -0.00652107 0)
(1.48912 -0.00595056 0)
(1.48261 -0.00515855 0)
(1.47656 -0.0041272 0)
(1.4711 -0.00285378 0)
(1.46638 -0.00135294 0)
(1.4625 0.000349346 0)
(1.45956 0.00221802 0)
(1.45762 0.00422535 0)
(1.45672 0.00634754 0)
(1.45695 0.00847368 0)
(1.45832 0.0103959 0)
(1.46077 0.0120215 0)
(1.46418 0.0132629 0)
(1.4684 0.0140434 0)
(1.47323 0.0143119 0)
(1.47846 0.0140447 0)
(1.48386 0.0132482 0)
(1.48919 0.0119703 0)
(1.49422 0.0102805 0)
(1.49877 0.00824792 0)
(1.5027 0.00594876 0)
(1.5059 0.00347435 0)
(1.5083 0.000914967 0)
(1.50987 -0.00164503 0)
(1.5106 -0.00412814 0)
(1.51051 -0.00645109 0)
(1.50963 -0.00850902 0)
(1.50803 -0.0102064 0)
(1.5058 -0.011521 0)
(1.50304 -0.012427 0)
(1.49987 -0.0129082 0)
(1.4964 -0.0129693 0)
(1.49274 -0.0126288 0)
(1.489 -0.0119139 0)
(1.48529 -0.0108624 0)
(1.48173 -0.00952028 0)
(1.47841 -0.00793104 0)
(1.47541 -0.00614175 0)
(1.47283 -0.00420261 0)
(1.47072 -0.00216534 0)
(1.46914 -8.21258e-05 0)
(1.46814 0.00199654 0)
(1.46774 0.00402215 0)
(1.46797 0.00593552 0)
(1.46879 0.00765278 0)
(1.47015 0.00910556 0)
(1.47198 0.0102531 0)
(1.47418 0.0110614 0)
(1.47664 0.0115116 0)
(1.47923 0.011601 0)
(1.48183 0.011343 0)
(1.48433 0.0107643 0)
(1.48662 0.00989536 0)
(1.48863 0.00877002 0)
(1.49027 0.00743196 0)
(1.4915 0.00592915 0)
(1.49228 0.00431424 0)
(1.4926 0.00264617 0)
(1.49244 0.000990842 0)
(1.49183 -0.000586357 0)
(1.49081 -0.00204646 0)
(1.48945 -0.00335321 0)
(1.4878 -0.00446942 0)
(1.48596 -0.00536222 0)
(1.48397 -0.00601093 0)
(1.48193 -0.00640794 0)
(1.47989 -0.006557 0)
(1.47791 -0.0064656 0)
(1.47605 -0.00614552 0)
(1.47436 -0.00561527 0)
(1.47289 -0.00489935 0)
(1.47168 -0.00402514 0)
(1.47076 -0.00302219 0)
(1.47017 -0.00192349 0)
(1.46993 -0.000769877 0)
(1.47005 0.000385722 0)
(1.47053 0.00149285 0)
(1.47136 0.00251653 0)
(1.4725 0.00342092 0)
(1.4739 0.00417085 0)
(1.47549 0.00473958 0)
(1.47723 0.00510889 0)
(1.47904 0.00527013 0)
(1.48084 0.00522233 0)
(1.48262 0.00494876 0)
(1.48408 0.00463325 0)
(1.48607 0.00352059 0)
(1.32436 -0.00417258 0)
(1.31848 -0.00681678 0)
(1.31277 -0.00893922 0)
(1.30736 -0.0104645 0)
(1.3024 -0.0113538 0)
(1.29804 -0.011606 0)
(1.29442 -0.0112551 0)
(1.29166 -0.0103605 0)
(1.28989 -0.00897685 0)
(1.28925 -0.00715351 0)
(1.28987 -0.00510094 0)
(1.29169 -0.00297164 0)
(1.29466 -0.000901993 0)
(1.29862 0.000975806 0)
(1.3034 0.00255677 0)
(1.30877 0.00376677 0)
(1.31447 0.00456969 0)
(1.32023 0.00496599 0)
(1.3258 0.00498283 0)
(1.33096 0.0046635 0)
(1.33551 0.00407738 0)
(1.33932 0.00330533 0)
(1.34225 0.00243176 0)
(1.34426 0.0015398 0)
(1.34532 0.000682989 0)
(1.34546 -0.000174496 0)
(1.34458 -0.000871779 0)
(1.34275 -0.00134607 0)
(1.3401 -0.00162169 0)
(1.33678 -0.00172493 0)
(1.33293 -0.00169009 0)
(1.32871 -0.00155132 0)
(1.32424 -0.00133997 0)
(1.31968 -0.00108098 0)
(1.31516 -0.000784027 0)
(1.31078 -0.000431413 0)
(1.30663 7.12075e-06 0)
(1.30281 0.000557353 0)
(1.2994 0.00123462 0)
(1.29649 0.00204368 0)
(1.29415 0.00297231 0)
(1.29242 0.0040075 0)
(1.29134 0.00513679 0)
(1.29095 0.00633668 0)
(1.29132 0.00750688 0)
(1.29242 0.00854316 0)
(1.29418 0.00939272 0)
(1.29652 0.00999922 0)
(1.29934 0.0103127 0)
(1.30249 0.0102955 0)
(1.30586 0.00992622 0)
(1.3093 0.00920277 0)
(1.31268 0.00814299 0)
(1.31587 0.00678102 0)
(1.31878 0.00516514 0)
(1.32131 0.00336019 0)
(1.32338 0.00143912 0)
(1.32494 -0.000526606 0)
(1.32596 -0.00246268 0)
(1.32642 -0.00430444 0)
(1.32631 -0.00599619 0)
(1.32565 -0.00747082 0)
(1.32445 -0.00864735 0)
(1.3228 -0.00949203 0)
(1.32075 -0.00999504 0)
(1.31839 -0.0101606 0)
(1.31581 -0.0100022 0)
(1.3131 -0.00954038 0)
(1.31033 -0.00880288 0)
(1.30759 -0.00782551 0)
(1.30497 -0.00664687 0)
(1.30253 -0.00529982 0)
(1.30034 -0.00382164 0)
(1.29843 -0.00225309 0)
(1.29687 -0.000634724 0)
(1.29568 0.00099166 0)
(1.29488 0.00258636 0)
(1.29449 0.00411321 0)
(1.2945 0.00553817 0)
(1.29489 0.00682032 0)
(1.29563 0.00791069 0)
(1.29665 0.00876706 0)
(1.29791 0.00936975 0)
(1.29932 0.00970807 0)
(1.30082 0.00977874 0)
(1.30234 0.0095851 0)
(1.30382 0.00913688 0)
(1.3052 0.00845363 0)
(1.30643 0.00756377 0)
(1.30746 0.00650269 0)
(1.30827 0.0053095 0)
(1.30882 0.00402603 0)
(1.30909 0.00269504 0)
(1.30909 0.00135957 0)
(1.30882 6.3757e-05 0)
(1.3083 -0.0011489 0)
(1.30755 -0.00223834 0)
(1.30661 -0.00317239 0)
(1.30551 -0.00392733 0)
(1.3043 -0.00448879 0)
(1.30303 -0.00485006 0)
(1.30173 -0.0050108 0)
(1.30045 -0.0049769 0)
(1.29923 -0.00476002 0)
(1.29812 -0.00437656 0)
(1.29714 -0.00384557 0)
(1.29633 -0.00318914 0)
(1.29572 -0.00243277 0)
(1.29533 -0.00160379 0)
(1.29517 -0.000734037 0)
(1.29524 0.000140754 0)
(1.29554 0.000987175 0)
(1.29605 0.00177445 0)
(1.29674 0.0024738 0)
(1.29759 0.00306072 0)
(1.29854 0.00351466 0)
(1.29958 0.00382066 0)
(1.30062 0.00396601 0)
(1.30169 0.00394999 0)
(1.30269 0.00374928 0)
(1.30358 0.00349241 0)
(1.30462 0.00257639 0)
(1.11041 -0.000106144 0)
(1.10717 -0.00264301 0)
(1.10376 -0.00476212 0)
(1.10032 -0.00641845 0)
(1.09698 -0.00758845 0)
(1.0939 -0.00826788 0)
(1.0912 -0.00847764 0)
(1.08901 -0.00826366 0)
(1.08745 -0.00769562 0)
(1.08657 -0.00683105 0)
(1.08648 -0.00573843 0)
(1.08719 -0.00455883 0)
(1.08862 -0.00336856 0)
(1.0907 -0.00224649 0)
(1.09329 -0.00125693 0)
(1.09624 -0.000442509 0)
(1.09938 0.000179471 0)
(1.10253 0.000606644 0)
(1.10554 0.000852301 0)
(1.10828 0.000940132 0)
(1.11063 0.00090964 0)
(1.11249 0.000821434 0)
(1.11381 0.000712352 0)
(1.11454 0.000606441 0)
(1.11472 0.000513321 0)
(1.11434 0.000490536 0)
(1.11339 0.000585445 0)
(1.11198 0.000773278 0)
(1.11021 0.00103109 0)
(1.10817 0.00132845 0)
(1.10594 0.00163431 0)
(1.10359 0.00191934 0)
(1.10121 0.00216569 0)
(1.09886 0.00237503 0)
(1.09655 0.00256374 0)
(1.09433 0.00275556 0)
(1.09224 0.00297806 0)
(1.09033 0.00325518 0)
(1.08864 0.00360818 0)
(1.08723 0.0040288 0)
(1.08616 0.00453662 0)
(1.08548 0.00511506 0)
(1.08521 0.00575497 0)
(1.08541 0.00639878 0)
(1.0861 0.00698333 0)
(1.08726 0.00747106 0)
(1.08886 0.00781866 0)
(1.09084 0.00798304 0)
(1.09314 0.00792762 0)
(1.09566 0.00762771 0)
(1.09833 0.00707519 0)
(1.10103 0.00627973 0)
(1.10364 0.0052669 0)
(1.10609 0.00406643 0)
(1.10827 0.00271682 0)
(1.11011 0.00127112 0)
(1.11155 -0.000224848 0)
(1.11255 -0.00171411 0)
(1.11309 -0.00314668 0)
(1.11316 -0.0044783 0)
(1.11273 -0.00565448 0)
(1.11184 -0.00660778 0)
(1.11053 -0.00731473 0)
(1.10887 -0.00776516 0)
(1.10693 -0.00795519 0)
(1.10478 -0.00788884 0)
(1.10249 -0.00757774 0)
(1.10013 -0.00704181 0)
(1.09778 -0.00630729 0)
(1.09551 -0.0054041 0)
(1.09336 -0.00435936 0)
(1.09138 -0.00319708 0)
(1.08963 -0.00195054 0)
(1.08812 -0.00065626 0)
(1.08691 0.000656778 0)
(1.086 0.00195982 0)
(1.0854 0.00322494 0)
(1.08512 0.00442544 0)
(1.08517 0.00553335 0)
(1.08554 0.00651426 0)
(1.0862 0.0073268 0)
(1.08711 0.00794614 0)
(1.08824 0.00835938 0)
(1.08953 0.00855759 0)
(1.09094 0.00853822 0)
(1.09242 0.00830542 0)
(1.0939 0.00787045 0)
(1.09535 0.00725182 0)
(1.09671 0.00647527 0)
(1.09794 0.00556878 0)
(1.099 0.00456276 0)
(1.09986 0.00349209 0)
(1.10051 0.00239181 0)
(1.10092 0.0012967 0)
(1.10111 0.000240699 0)
(1.10107 -0.00074518 0)
(1.10081 -0.00163228 0)
(1.10037 -0.00239683 0)
(1.09977 -0.0030195 0)
(1.09903 -0.00348671 0)
(1.0982 -0.00379399 0)
(1.09732 -0.00394213 0)
(1.09641 -0.00393589 0)
(1.09552 -0.00378415 0)
(1.09468 -0.0034994 0)
(1.09391 -0.00309722 0)
(1.09325 -0.00259546 0)
(1.09272 -0.00201341 0)
(1.09232 -0.00137262 0)
(1.09208 -0.000695401 0)
(1.092 -8.91036e-06 0)
(1.09207 0.000661343 0)
(1.09228 0.00129129 0)
(1.09262 0.00185598 0)
(1.09307 0.00233862 0)
(1.0936 0.00271754 0)
(1.09419 0.00298495 0)
(1.0948 0.00312467 0)
(1.09545 0.00313487 0)
(1.09603 0.00298962 0)
(1.09661 0.00279528 0)
(1.09716 0.00203755 0)
(0.862219 0.00208188 0)
(0.860793 -9.27741e-05 0)
(0.858999 -0.00199299 0)
(0.856971 -0.0035699 0)
(0.854824 -0.00480278 0)
(0.852694 -0.00568505 0)
(0.850678 -0.00622941 0)
(0.848879 -0.00645578 0)
(0.847373 -0.0063988 0)
(0.84623 -0.00611298 0)
(0.845482 -0.0056541 0)
(0.845139 -0.0050626 0)
(0.845199 -0.00439854 0)
(0.845612 -0.00370731 0)
(0.846306 -0.00302672 0)
(0.847204 -0.0023917 0)
(0.848227 -0.0018171 0)
(0.849292 -0.00132032 0)
(0.850318 -0.000902412 0)
(0.851242 -0.000544328 0)
(0.851998 -0.000240189 0)
(0.852573 2.98024e-05 0)
(0.852946 0.000278336 0)
(0.853112 0.000546 0)
(0.853068 0.000839615 0)
(0.852841 0.00116191 0)
(0.852474 0.00151201 0)
(0.852015 0.00188487 0)
(0.851506 0.00226781 0)
(0.850984 0.00264058 0)
(0.85047 0.00298442 0)
(0.849969 0.00328505 0)
(0.849511 0.00353013 0)
(0.849108 0.00372329 0)
(0.848756 0.00387765 0)
(0.848466 0.00400707 0)
(0.848261 0.00412901 0)
(0.84817 0.00426566 0)
(0.848229 0.00442517 0)
(0.848469 0.00460726 0)
(0.84892 0.00479027 0)
(0.849613 0.0049865 0)
(0.850572 0.00522097 0)
(0.851808 0.00545613 0)
(0.853317 0.00563647 0)
(0.855078 0.00574188 0)
(0.857054 0.00574846 0)
(0.859194 0.00563405 0)
(0.861436 0.00538105 0)
(0.863706 0.00497851 0)
(0.865917 0.00442859 0)
(0.867998 0.00373897 0)
(0.869874 0.00292545 0)
(0.871479 0.00200619 0)
(0.872765 0.00100835 0)
(0.873681 -3.89362e-05 0)
(0.874194 -0.00110314 0)
(0.874289 -0.00214571 0)
(0.87396 -0.00311294 0)
(0.873225 -0.00396049 0)
(0.872115 -0.00467078 0)
(0.870676 -0.00522393 0)
(0.868967 -0.00559906 0)
(0.867053 -0.00578382 0)
(0.865001 -0.00577668 0)
(0.862876 -0.00558352 0)
(0.860746 -0.00521669 0)
(0.858677 -0.00469381 0)
(0.856721 -0.00403495 0)
(0.854928 -0.00326083 0)
(0.853338 -0.00239143 0)
(0.851991 -0.00144978 0)
(0.850909 -0.000455421 0)
(0.850124 0.000561263 0)
(0.849654 0.00157653 0)
(0.849505 0.00257074 0)
(0.849683 0.00351724 0)
(0.850184 0.00438189 0)
(0.850997 0.00514825 0)
(0.852102 0.00579967 0)
(0.85347 0.00631808 0)
(0.855059 0.00668685 0)
(0.856825 0.00689439 0)
(0.858718 0.00693584 0)
(0.860686 0.00681238 0)
(0.862674 0.00653082 0)
(0.864625 0.00610289 0)
(0.866491 0.00554442 0)
(0.868226 0.00487437 0)
(0.869788 0.00411473 0)
(0.871144 0.00329083 0)
(0.872265 0.00242902 0)
(0.873134 0.00155649 0)
(0.873741 0.000698507 0)
(0.874088 -0.00012 0)
(0.874183 -0.000877257 0)
(0.874036 -0.00155212 0)
(0.87367 -0.00212057 0)
(0.873116 -0.00256845 0)
(0.872408 -0.0028936 0)
(0.871584 -0.00309387 0)
(0.87068 -0.00316967 0)
(0.869733 -0.00312532 0)
(0.86878 -0.00296827 0)
(0.867858 -0.00270938 0)
(0.866996 -0.00236072 0)
(0.86622 -0.0019367 0)
(0.865555 -0.00145288 0)
(0.865019 -0.000926937 0)
(0.864624 -0.000376718 0)
(0.864378 0.000179005 0)
(0.864285 0.000720722 0)
(0.86434 0.00122994 0)
(0.864534 0.00168705 0)
(0.864854 0.0020741 0)
(0.865277 0.00237774 0)
(0.865787 0.00258796 0)
(0.866352 0.00269363 0)
(0.86696 0.00268999 0)
(0.867566 0.00255153 0)
(0.868166 0.00237471 0)
(0.868836 0.00168919 0)
(0.605346 0.00220854 0)
(0.605433 0.000525603 0)
(0.604944 -0.00098836 0)
(0.603978 -0.00228213 0)
(0.602637 -0.00333446 0)
(0.60103 -0.00413262 0)
(0.599249 -0.00467302 0)
(0.597395 -0.00497061 0)
(0.595554 -0.00505181 0)
(0.593807 -0.00494821 0)
(0.592212 -0.00469817 0)
(0.590814 -0.00434492 0)
(0.58963 -0.00392253 0)
(0.588675 -0.00343061 0)
(0.587945 -0.00291943 0)
(0.587419 -0.00242111 0)
(0.587075 -0.0019393 0)
(0.586889 -0.00149471 0)
(0.586826 -0.00109322 0)
(0.586859 -0.000720639 0)
(0.586967 -0.000370012 0)
(0.587133 -3.75142e-05 0)
(0.587352 0.000284643 0)
(0.587624 0.000604619 0)
(0.587955 0.000919171 0)
(0.588356 0.0012329 0)
(0.588832 0.00156314 0)
(0.5894 0.00190042 0)
(0.590075 0.00222721 0)
(0.590856 0.00251084 0)
(0.591746 0.00279327 0)
(0.592725 0.00295991 0)
(0.593783 0.00306991 0)
(0.594907 0.00316046 0)
(0.596079 0.00322794 0)
(0.597289 0.0032604 0)
(0.598534 0.00327026 0)
(0.599813 0.00327457 0)
(0.601133 0.00328565 0)
(0.6025 0.00331077 0)
(0.603917 0.00335418 0)
(0.605386 0.00341403 0)
(0.606917 0.00348394 0)
(0.608519 0.00355046 0)
(0.610181 0.00359676 0)
(0.611881 0.00360655 0)
(0.613595 0.00356325 0)
(0.615286 0.00345403 0)
(0.616919 0.00326672 0)
(0.618452 0.00299389 0)
(0.619837 0.00263523 0)
(0.621039 0.00219012 0)
(0.622014 0.00166914 0)
(0.622732 0.00108671 0)
(0.623169 0.000452896 0)
(0.623305 -0.000218478 0)
(0.623128 -0.000875937 0)
(0.622644 -0.00150584 0)
(0.62187 -0.00209273 0)
(0.620835 -0.00261644 0)
(0.619578 -0.00305554 0)
(0.61814 -0.00338984 0)
(0.616573 -0.00360642 0)
(0.614927 -0.00369784 0)
(0.613267 -0.00366497 0)
(0.611642 -0.00351123 0)
(0.610107 -0.00324613 0)
(0.608708 -0.00287966 0)
(0.607486 -0.00242301 0)
(0.606485 -0.00189691 0)
(0.605724 -0.00130806 0)
(0.605238 -0.000673895 0)
(0.605035 -2.61291e-06 0)
(0.60513 0.000681783 0)
(0.605528 0.00134119 0)
(0.606226 0.00197558 0)
(0.607209 0.00257246 0)
(0.608459 0.00311765 0)
(0.60995 0.00359744 0)
(0.611651 0.003998 0)
(0.613525 0.00430632 0)
(0.615528 0.00451261 0)
(0.617612 0.0046114 0)
(0.619728 0.0046011 0)
(0.621823 0.00448389 0)
(0.623849 0.00426553 0)
(0.625763 0.00395391 0)
(0.627521 0.00355976 0)
(0.629087 0.00309753 0)
(0.630432 0.00258246 0)
(0.631535 0.00203223 0)
(0.632383 0.00146168 0)
(0.632968 0.000888214 0)
(0.633292 0.000326622 0)
(0.633364 -0.000207099 0)
(0.633195 -0.000691771 0)
(0.632813 -0.0011103 0)
(0.632248 -0.00145866 0)
(0.631536 -0.00173074 0)
(0.630711 -0.00192139 0)
(0.629812 -0.00202851 0)
(0.628874 -0.00205288 0)
(0.627937 -0.00199817 0)
(0.627033 -0.00187013 0)
(0.626193 -0.0016761 0)
(0.625445 -0.00142361 0)
(0.624813 -0.00112284 0)
(0.624319 -0.000785311 0)
(0.623973 -0.00042174 0)
(0.623787 -4.28585e-05 0)
(0.623768 0.000339511 0)
(0.623917 0.000703099 0)
(0.624222 0.0010373 0)
(0.624672 0.0013321 0)
(0.625247 0.00157724 0)
(0.625926 0.00176255 0)
(0.626686 0.00188001 0)
(0.627491 0.00192235 0)
(0.62833 0.00187989 0)
(0.629146 0.00174091 0)
(0.629904 0.00155928 0)
(0.630772 0.000981518 0)
(0.361336 0.0012404 0)
(0.361822 0.000352142 0)
(0.361649 -0.000484518 0)
(0.360864 -0.00119131 0)
(0.359585 -0.00175527 0)
(0.357923 -0.00217776 0)
(0.35599 -0.0024643 0)
(0.353891 -0.00262653 0)
(0.351722 -0.00267754 0)
(0.349573 -0.00263224 0)
(0.347508 -0.00251192 0)
(0.34558 -0.00233975 0)
(0.343829 -0.00213422 0)
(0.342287 -0.00190887 0)
(0.340971 -0.00167539 0)
(0.339883 -0.00144535 0)
(0.339023 -0.00122747 0)
(0.338374 -0.00102618 0)
(0.337927 -0.000843111 0)
(0.337672 -0.00067617 0)
(0.337597 -0.000522799 0)
(0.337687 -0.00037821 0)
(0.337934 -0.000234068 0)
(0.338336 -9.26777e-05 0)
(0.338877 5.19746e-05 0)
(0.339556 0.000212248 0)
(0.34037 0.000381721 0)
(0.341319 0.000549579 0)
(0.342397 0.00071087 0)
(0.343593 0.000868927 0)
(0.344904 0.00102056 0)
(0.346301 0.00115437 0)
(0.347748 0.00126318 0)
(0.349223 0.00134822 0)
(0.350715 0.00141574 0)
(0.352211 0.00147264 0)
(0.353697 0.00152557 0)
(0.355167 0.00158102 0)
(0.356622 0.00164358 0)
(0.358066 0.00171514 0)
(0.359504 0.00179526 0)
(0.360943 0.00188401 0)
(0.362388 0.00197957 0)
(0.363846 0.00207145 0)
(0.36531 0.00214729 0)
(0.366772 0.0021961 0)
(0.368213 0.00220803 0)
(0.369611 0.00217423 0)
(0.370941 0.00208633 0)
(0.372166 0.00194238 0)
(0.373255 0.00173979 0)
(0.374176 0.0014801 0)
(0.374898 0.00117085 0)
(0.375394 0.000818356 0)
(0.375645 0.000425313 0)
(0.375644 6.18746e-06 0)
(0.375373 -0.000424717 0)
(0.374841 -0.000841553 0)
(0.374075 -0.00122854 0)
(0.373098 -0.00157336 0)
(0.371942 -0.00186515 0)
(0.370648 -0.00209424 0)
(0.36926 -0.00225394 0)
(0.367827 -0.00234063 0)
(0.366402 -0.00235382 0)
(0.365031 -0.00229413 0)
(0.36376 -0.00216643 0)
(0.362633 -0.00197697 0)
(0.361685 -0.00173277 0)
(0.360948 -0.00144243 0)
(0.360443 -0.00111234 0)
(0.360187 -0.000750526 0)
(0.3602 -0.000366183 0)
(0.360476 3.1445e-05 0)
(0.361022 0.000442719 0)
(0.361838 0.000840153 0)
(0.362897 0.00121225 0)
(0.364177 0.00155188 0)
(0.365655 0.00185288 0)
(0.367299 0.00210889 0)
(0.369075 0.00231323 0)
(0.370943 0.00246074 0)
(0.372861 0.00254794 0)
(0.374785 0.00257279 0)
(0.376671 0.00253568 0)
(0.378479 0.00243843 0)
(0.380169 0.00228459 0)
(0.381709 0.00208033 0)
(0.383066 0.00183409 0)
(0.384219 0.00155337 0)
(0.385148 0.0012464 0)
(0.385846 0.000922955 0)
(0.38631 0.00059465 0)
(0.386547 0.000268606 0)
(0.386561 -5.20475e-05 0)
(0.386364 -0.000344777 0)
(0.385986 -0.000601767 0)
(0.385456 -0.000818362 0)
(0.384803 -0.000990322 0)
(0.384062 -0.00111541 0)
(0.383265 -0.00119271 0)
(0.382446 -0.00122256 0)
(0.381639 -0.00120648 0)
(0.380874 -0.0011472 0)
(0.380178 -0.00104791 0)
(0.379578 -0.000913401 0)
(0.379092 -0.000750342 0)
(0.378739 -0.000565521 0)
(0.37853 -0.000363436 0)
(0.378472 -0.000146378 0)
(0.378569 7.49453e-05 0)
(0.378817 0.000288319 0)
(0.379206 0.000485403 0)
(0.379721 0.000659588 0)
(0.380343 0.000804838 0)
(0.381051 0.000915416 0)
(0.381817 0.000987177 0)
(0.382613 0.00101359 0)
(0.383412 0.000990311 0)
(0.38416 0.0009104 0)
(0.384859 0.000761545 0)
(0.385467 0.000418409 0)
(0.127428 0.000446938 0)
(0.128023 0.000199528 0)
(0.12809 -4.10057e-05 0)
(0.127667 -0.000251408 0)
(0.126842 -0.000417661 0)
(0.125697 -0.00054997 0)
(0.124312 -0.000645918 0)
(0.12277 -0.000707251 0)
(0.121145 -0.00073897 0)
(0.119508 -0.000752905 0)
(0.117907 -0.000747908 0)
(0.116385 -0.000725105 0)
(0.11497 -0.000690085 0)
(0.113678 -0.000646498 0)
(0.11252 -0.000599408 0)
(0.111495 -0.000552709 0)
(0.110596 -0.000507944 0)
(0.109814 -0.00046803 0)
(0.109131 -0.000434767 0)
(0.108536 -0.000406953 0)
(0.108021 -0.00038153 0)
(0.107584 -0.000355206 0)
(0.107228 -0.000325673 0)
(0.106954 -0.000291411 0)
(0.106768 -0.000253049 0)
(0.10668 -0.000219612 0)
(0.106702 -0.000185414 0)
(0.106844 -0.000125905 0)
(0.107083 -4.80046e-05 0)
(0.107435 3.3192e-05 0)
(0.107891 0.000100819 0)
(0.108439 0.000153688 0)
(0.109066 0.000202564 0)
(0.109759 0.000248845 0)
(0.11051 0.000291282 0)
(0.111313 0.000329206 0)
(0.112164 0.000364463 0)
(0.113061 0.00039949 0)
(0.11401 0.00043564 0)
(0.115015 0.000473733 0)
(0.116083 0.00051356 0)
(0.117221 0.00055513 0)
(0.118434 0.00059684 0)
(0.119721 0.000636071 0)
(0.121076 0.000668985 0)
(0.122485 0.000692022 0)
(0.123925 0.000703055 0)
(0.12537 0.000698363 0)
(0.126784 0.000676466 0)
(0.128132 0.000635579 0)
(0.129374 0.000574062 0)
(0.130469 0.000494566 0)
(0.13138 0.000397327 0)
(0.132072 0.000282543 0)
(0.132514 0.000157095 0)
(0.132689 1.87001e-05 0)
(0.132599 -0.000140314 0)
(0.132247 -0.000286872 0)
(0.131626 -0.000420651 0)
(0.130754 -0.000539796 0)
(0.12966 -0.000641875 0)
(0.128378 -0.000724372 0)
(0.126951 -0.00078485 0)
(0.125426 -0.000822819 0)
(0.123852 -0.000836991 0)
(0.122277 -0.000828301 0)
(0.120749 -0.00079779 0)
(0.119312 -0.000746133 0)
(0.118007 -0.000676124 0)
(0.116871 -0.000588342 0)
(0.115933 -0.000487856 0)
(0.115223 -0.000377787 0)
(0.114762 -0.000258679 0)
(0.114562 -0.00013105 0)
(0.114611 1.76015e-05 0)
(0.114906 0.000152528 0)
(0.115452 0.000277793 0)
(0.116238 0.000391901 0)
(0.117242 0.000493004 0)
(0.118439 0.000579402 0)
(0.119799 0.000649315 0)
(0.121286 0.000701393 0)
(0.122863 0.000734586 0)
(0.124488 0.000748485 0)
(0.126121 0.000742627 0)
(0.12772 0.000717948 0)
(0.129247 0.000675897 0)
(0.130665 0.000617688 0)
(0.131942 0.000544964 0)
(0.133053 0.000461276 0)
(0.133975 0.000370239 0)
(0.134694 0.000274113 0)
(0.135199 0.000175193 0)
(0.135489 7.61324e-05 0)
(0.135574 -2.54157e-05 0)
(0.135467 -0.000119671 0)
(0.135182 -0.000200661 0)
(0.134739 -0.000268801 0)
(0.134163 -0.000323298 0)
(0.133484 -0.000363538 0)
(0.132733 -0.000389239 0)
(0.13194 -0.000400479 0)
(0.131138 -0.000397471 0)
(0.130354 -0.000380595 0)
(0.129617 -0.000351317 0)
(0.128953 -0.000311378 0)
(0.128384 -0.000262022 0)
(0.127927 -0.000205016 0)
(0.127598 -0.000142893 0)
(0.127408 -7.76261e-05 0)
(0.127356 -6.67216e-06 0)
(0.127437 6.27404e-05 0)
(0.127651 0.00012475 0)
(0.127988 0.000179203 0)
(0.128433 0.000224333 0)
(0.128966 0.000258642 0)
(0.129562 0.000280179 0)
(0.130196 0.000287051 0)
(0.130836 0.00027805 0)
(0.131445 0.000246249 0)
(0.131983 0.000187469 0)
(0.132349 8.75097e-05 0)
(2.32088 -0.0872699 0)
(2.31946 -0.0889288 0)
(2.31838 -0.0886109 0)
(2.31765 -0.0851392 0)
(2.31724 -0.0786203 0)
(2.3171 -0.0694916 0)
(2.31718 -0.0580925 0)
(2.3174 -0.044801 0)
(2.31765 -0.030001 0)
(2.31785 -0.014151 0)
(2.31788 0.00192547 0)
(2.31774 0.0173564 0)
(2.31748 0.0315454 0)
(2.3172 0.0439189 0)
(2.31699 0.0539884 0)
(2.31693 0.0614772 0)
(2.31703 0.0663769 0)
(2.31724 0.0689075 0)
(2.31746 0.0695771 0)
(2.31792 0.0685607 0)
(2.31867 0.0649171 0)
(2.31956 0.0590631 0)
(2.32048 0.0512776 0)
(2.32139 0.0418684 0)
(2.32222 0.0311454 0)
(2.32286 0.0194051 0)
(2.32322 0.00702831 0)
(2.32326 -0.00541316 0)
(2.32298 -0.0173378 0)
(2.32238 -0.0282463 0)
(2.32148 -0.0377135 0)
(2.32035 -0.0453923 0)
(2.31906 -0.0510988 0)
(2.31774 -0.0547782 0)
(2.31653 -0.0566966 0)
(2.31542 -0.0571896 0)
(2.31432 -0.0558882 0)
(2.31326 -0.0526332 0)
(2.3123 -0.0475881 0)
(2.31146 -0.0409802 0)
(2.31073 -0.0330371 0)
(2.31009 -0.0239868 0)
(2.30951 -0.0140744 0)
(2.30893 -0.00362846 0)
(2.30831 0.00679827 0)
(2.30767 0.0167363 0)
(2.30703 0.0257896 0)
(2.30644 0.0335818 0)
(2.30594 0.0398194 0)
(2.30559 0.0442693 0)
(2.30541 0.0469377 0)
(2.30534 0.0480875 0)
(2.30536 0.0482488 0)
(2.30555 0.0471414 0)
(2.30595 0.0440506 0)
(2.30648 0.0395411 0)
(2.30712 0.0337958 0)
(2.30783 0.0270259 0)
(2.30859 0.0194432 0)
(2.30934 0.0112572 0)
(2.31003 0.00273685 0)
(2.31059 -0.00571744 0)
(2.311 -0.0137661 0)
(2.31126 -0.021093 0)
(2.31138 -0.0274099 0)
(2.31135 -0.0324732 0)
(2.31121 -0.0361069 0)
(2.31099 -0.0383406 0)
(2.31076 -0.0393723 0)
(2.31054 -0.0395291 0)
(2.31023 -0.0387434 0)
(2.30982 -0.0364546 0)
(2.30938 -0.0330144 0)
(2.30892 -0.0285761 0)
(2.30844 -0.0233017 0)
(2.30794 -0.0173496 0)
(2.30739 -0.0108721 0)
(2.3068 -0.00410155 0)
(2.30615 0.00261546 0)
(2.30543 0.00898979 0)
(2.30468 0.0147714 0)
(2.30392 0.0197483 0)
(2.30317 0.0237657 0)
(2.30248 0.026726 0)
(2.30187 0.0286285 0)
(2.30139 0.0295688 0)
(2.30098 0.0297453 0)
(2.30061 0.028982 0)
(2.3003 0.0271937 0)
(2.30009 0.0245355 0)
(2.29999 0.0211181 0)
(2.29996 0.0170702 0)
(2.3 0.012522 0)
(2.30009 0.007605 0)
(2.30019 0.00250866 0)
(2.30027 -0.00251165 0)
(2.30033 -0.00726498 0)
(2.30037 -0.0115644 0)
(2.30037 -0.0152303 0)
(2.30036 -0.0181222 0)
(2.30032 -0.0201695 0)
(2.30029 -0.0213724 0)
(2.30029 -0.0218558 0)
(2.30029 -0.0219169 0)
(2.30028 -0.0213484 0)
(2.30026 -0.019828 0)
(2.30025 -0.0176444 0)
(2.30023 -0.0148842 0)
(2.30022 -0.0116427 0)
(2.30019 -0.00801487 0)
(2.30014 -0.00410254 0)
(2.30006 -5.52965e-05 0)
(2.29994 0.00390272 0)
(2.2998 0.00761585 0)
(2.29964 0.0109343 0)
(2.29948 0.0137217 0)
(2.29932 0.0159205 0)
(2.29917 0.0174943 0)
(2.29905 0.0185112 0)
(2.29816 -0.0849113 0)
(2.29483 -0.0872885 0)
(2.29149 -0.086976 0)
(2.28836 -0.0836635 0)
(2.28556 -0.077513 0)
(2.28331 -0.0687747 0)
(2.28172 -0.0577503 0)
(2.28081 -0.0447699 0)
(2.2806 -0.0301706 0)
(2.28101 -0.0144053 0)
(2.28194 0.00174894 0)
(2.28316 0.0173266 0)
(2.28455 0.0316173 0)
(2.28606 0.0439909 0)
(2.28766 0.0539803 0)
(2.28929 0.0613324 0)
(2.29083 0.0660584 0)
(2.2922 0.0684962 0)
(2.29356 0.0691518 0)
(2.29505 0.0678703 0)
(2.29678 0.0640443 0)
(2.2986 0.058066 0)
(2.30035 0.0502282 0)
(2.302 0.0408396 0)
(2.30346 0.0302067 0)
(2.30464 0.0186313 0)
(2.30543 0.00650778 0)
(2.30567 -0.0055589 0)
(2.30528 -0.0170592 0)
(2.30424 -0.0275256 0)
(2.30262 -0.036562 0)
(2.30053 -0.0438984 0)
(2.29813 -0.049413 0)
(2.29565 -0.0531421 0)
(2.29318 -0.055244 0)
(2.29057 -0.0556874 0)
(2.2879 -0.0542706 0)
(2.28525 -0.0510272 0)
(2.28276 -0.0460923 0)
(2.28055 -0.0396503 0)
(2.2787 -0.0319056 0)
(2.27727 -0.0230623 0)
(2.2763 -0.0133378 0)
(2.27581 -0.00302555 0)
(2.27574 0.00734148 0)
(2.276 0.0172599 0)
(2.27651 0.0262877 0)
(2.27721 0.0340125 0)
(2.27809 0.0401156 0)
(2.27906 0.0444083 0)
(2.27998 0.0469578 0)
(2.28084 0.0480186 0)
(2.28171 0.048081 0)
(2.28274 0.0467728 0)
(2.28397 0.0435626 0)
(2.28524 0.0389385 0)
(2.28648 0.0331074 0)
(2.2877 0.0262777 0)
(2.28885 0.0186544 0)
(2.2899 0.0104525 0)
(2.2908 0.00197259 0)
(2.29146 -0.00636728 0)
(2.29181 -0.0142566 0)
(2.29181 -0.0213943 0)
(2.29145 -0.0274969 0)
(2.29078 -0.0323366 0)
(2.28986 -0.0358128 0)
(2.28887 -0.0379885 0)
(2.28786 -0.0390318 0)
(2.28674 -0.0391238 0)
(2.28547 -0.0381197 0)
(2.28402 -0.0357446 0)
(2.28257 -0.0322475 0)
(2.28118 -0.0277835 0)
(2.27989 -0.0225063 0)
(2.27874 -0.0165636 0)
(2.27776 -0.0101098 0)
(2.27698 -0.00335543 0)
(2.27642 0.00335272 0)
(2.27607 0.0097332 0)
(2.27588 0.0155254 0)
(2.27584 0.0205058 0)
(2.27592 0.0244901 0)
(2.27608 0.027332 0)
(2.2763 0.0290516 0)
(2.2765 0.0298313 0)
(2.27674 0.0299605 0)
(2.27701 0.0293457 0)
(2.27733 0.0274657 0)
(2.27768 0.0247172 0)
(2.27803 0.021217 0)
(2.27836 0.017094 0)
(2.27867 0.0124826 0)
(2.27894 0.00752079 0)
(2.27915 0.00239705 0)
(2.27926 -0.00262453 0)
(2.27925 -0.00735074 0)
(2.2791 -0.0116072 0)
(2.27881 -0.0152324 0)
(2.27841 -0.0180789 0)
(2.27793 -0.020094 0)
(2.27747 -0.0213149 0)
(2.27703 -0.0218278 0)
(2.27656 -0.0218577 0)
(2.27601 -0.0212086 0)
(2.27537 -0.0196638 0)
(2.27476 -0.0174573 0)
(2.27418 -0.0146816 0)
(2.27366 -0.0114311 0)
(2.27321 -0.00780033 0)
(2.27286 -0.00389614 0)
(2.27262 0.000134508 0)
(2.27253 0.00407605 0)
(2.27257 0.00776473 0)
(2.27272 0.011064 0)
(2.27297 0.0138362 0)
(2.27329 0.0160045 0)
(2.27365 0.0175585 0)
(2.27397 0.018555 0)
(2.27434 0.0190073 0)
(2.27459 0.0191148 0)
(2.2752 0.0181701 0)
(2.24095 -0.0801698 0)
(2.23514 -0.0824777 0)
(2.22924 -0.0821169 0)
(2.22353 -0.0790845 0)
(2.21821 -0.0734737 0)
(2.21359 -0.0654858 0)
(2.20986 -0.0553791 0)
(2.20718 -0.0434287 0)
(2.20565 -0.0299265 0)
(2.20535 -0.0152328 0)
(2.20626 4.53696e-05 0)
(2.20824 0.0149688 0)
(2.21108 0.0288031 0)
(2.21456 0.040912 0)
(2.21844 0.0508269 0)
(2.22246 0.0583076 0)
(2.22636 0.0633643 0)
(2.23001 0.0661863 0)
(2.23364 0.0668513 0)
(2.23727 0.0652474 0)
(2.2409 0.0614066 0)
(2.24438 0.0555154 0)
(2.24759 0.0478567 0)
(2.25043 0.038732 0)
(2.25284 0.0284564 0)
(2.25467 0.0173719 0)
(2.25576 0.00593151 0)
(2.25596 -0.0053223 0)
(2.25523 -0.0159751 0)
(2.25362 -0.0256479 0)
(2.25123 -0.0340307 0)
(2.24822 -0.0409068 0)
(2.2448 -0.0461606 0)
(2.24114 -0.0497574 0)
(2.23726 -0.0516995 0)
(2.23318 -0.0519528 0)
(2.22904 -0.0505142 0)
(2.22496 -0.0474285 0)
(2.22109 -0.0427987 0)
(2.21758 -0.0367904 0)
(2.21456 -0.0295911 0)
(2.21211 -0.0213934 0)
(2.21034 -0.0123897 0)
(2.20931 -0.00282273 0)
(2.20908 0.00686396 0)
(2.2096 0.0161954 0)
(2.2108 0.0247523 0)
(2.21256 0.0321413 0)
(2.21473 0.0380741 0)
(2.2171 0.042409 0)
(2.21945 0.045178 0)
(2.22172 0.04652 0)
(2.22407 0.0464074 0)
(2.22655 0.0447638 0)
(2.22911 0.041587 0)
(2.23158 0.0370309 0)
(2.23387 0.0313081 0)
(2.23597 0.0246238 0)
(2.23782 0.0171848 0)
(2.23937 0.0092284 0)
(2.2405 0.00111515 0)
(2.24114 -0.00678802 0)
(2.24124 -0.0141849 0)
(2.24079 -0.020807 0)
(2.23982 -0.0264386 0)
(2.23842 -0.0309272 0)
(2.23674 -0.034207 0)
(2.2349 -0.0363203 0)
(2.23293 -0.0373278 0)
(2.2308 -0.0372019 0)
(2.22851 -0.0359482 0)
(2.22611 -0.0335646 0)
(2.22375 -0.0301456 0)
(2.22153 -0.025835 0)
(2.2195 -0.0207749 0)
(2.21771 -0.0151079 0)
(2.21623 -0.00898574 0)
(2.2151 -0.00262433 0)
(2.21438 0.00368338 0)
(2.21409 0.00969041 0)
(2.21421 0.0151513 0)
(2.21468 0.0198539 0)
(2.21544 0.0236427 0)
(2.2164 0.0264377 0)
(2.21741 0.0282575 0)
(2.21837 0.0292094 0)
(2.21943 0.0292855 0)
(2.22058 0.0283784 0)
(2.22181 0.0265335 0)
(2.223 0.0238418 0)
(2.2241 0.0204204 0)
(2.22509 0.0163973 0)
(2.22596 0.011902 0)
(2.22665 0.00707964 0)
(2.22714 0.00214598 0)
(2.22737 -0.00266043 0)
(2.22732 -0.00715864 0)
(2.22702 -0.0111802 0)
(2.22646 -0.0145888 0)
(2.22569 -0.0172903 0)
(2.22479 -0.0192441 0)
(2.22385 -0.0204768 0)
(2.22287 -0.0210458 0)
(2.22181 -0.0209298 0)
(2.22064 -0.0201081 0)
(2.2194 -0.0185845 0)
(2.21821 -0.0164317 0)
(2.21709 -0.0137456 0)
(2.21608 -0.0106183 0)
(2.21521 -0.00714358 0)
(2.21451 -0.00342947 0)
(2.21403 0.000361718 0)
(2.2138 0.00405912 0)
(2.21383 0.00751788 0)
(2.21409 0.0106101 0)
(2.21457 0.0132256 0)
(2.21521 0.0153121 0)
(2.21595 0.0168331 0)
(2.2167 0.017867 0)
(2.21763 0.0183134 0)
(2.2183 0.0185717 0)
(2.21984 0.0171983 0)
(2.15926 -0.0731895 0)
(2.15108 -0.0753308 0)
(2.14273 -0.0750014 0)
(2.13455 -0.0722834 0)
(2.12685 -0.0672822 0)
(2.11994 -0.0601673 0)
(2.11411 -0.0511426 0)
(2.10957 -0.0404271 0)
(2.10647 -0.028271 0)
(2.10494 -0.0150184 0)
(2.10504 -0.00119966 0)
(2.10674 0.0124137 0)
(2.10984 0.0251572 0)
(2.11409 0.0364657 0)
(2.11917 0.045909 0)
(2.12475 0.0532211 0)
(2.13055 0.0583041 0)
(2.13646 0.061161 0)
(2.14247 0.0618227 0)
(2.14841 0.0603271 0)
(2.15419 0.0567257 0)
(2.15963 0.0511895 0)
(2.1646 0.0439905 0)
(2.16898 0.0354311 0)
(2.17266 0.0258383 0)
(2.17543 0.0155959 0)
(2.17711 0.00517665 0)
(2.17763 -0.00502819 0)
(2.17699 -0.0146662 0)
(2.17529 -0.0234246 0)
(2.17264 -0.0310415 0)
(2.1692 -0.0373214 0)
(2.16514 -0.0421381 0)
(2.16055 -0.0454128 0)
(2.15551 -0.0471015 0)
(2.1502 -0.0472083 0)
(2.14475 -0.0457703 0)
(2.13934 -0.0428352 0)
(2.13415 -0.0385116 0)
(2.12936 -0.0329507 0)
(2.12512 -0.026315 0)
(2.12157 -0.0187724 0)
(2.11885 -0.0105083 0)
(2.11708 -0.00179072 0)
(2.11635 0.00697734 0)
(2.11664 0.0154233 0)
(2.11789 0.023182 0)
(2.11996 0.029929 0)
(2.12266 0.0354208 0)
(2.12577 0.0395158 0)
(2.12914 0.0421701 0)
(2.13274 0.0433731 0)
(2.13648 0.0431403 0)
(2.14032 0.041491 0)
(2.14413 0.0384138 0)
(2.14778 0.0340453 0)
(2.15117 0.0285815 0)
(2.15421 0.0222165 0)
(2.15684 0.0151602 0)
(2.15896 0.00768347 0)
(2.16045 0.000160334 0)
(2.16124 -0.00711766 0)
(2.16133 -0.013889 0)
(2.16075 -0.0199279 0)
(2.15955 -0.0250548 0)
(2.15786 -0.0291498 0)
(2.15579 -0.0321566 0)
(2.15341 -0.0340662 0)
(2.15073 -0.0348631 0)
(2.14783 -0.0345696 0)
(2.14476 -0.0332293 0)
(2.14162 -0.0308533 0)
(2.13853 -0.0275338 0)
(2.13559 -0.0234023 0)
(2.1329 -0.0185874 0)
(2.13053 -0.013217 0)
(2.12856 -0.00744441 0)
(2.1271 -0.00151801 0)
(2.12619 0.00432194 0)
(2.12584 0.00985207 0)
(2.12603 0.0148615 0)
(2.12671 0.0191731 0)
(2.12777 0.0226597 0)
(2.12912 0.0252553 0)
(2.13064 0.0269636 0)
(2.13233 0.0277958 0)
(2.13416 0.0277325 0)
(2.1361 0.026793 0)
(2.13807 0.0249734 0)
(2.13998 0.0223532 0)
(2.14176 0.0190509 0)
(2.14338 0.0151852 0)
(2.14476 0.010885 0)
(2.14587 0.00630694 0)
(2.14664 0.00167863 0)
(2.14702 -0.00280438 0)
(2.14702 -0.00697652 0)
(2.14666 -0.0106951 0)
(2.14597 -0.0138451 0)
(2.14502 -0.0163478 0)
(2.14387 -0.0181691 0)
(2.14257 -0.0193091 0)
(2.14111 -0.0197639 0)
(2.13954 -0.0195478 0)
(2.13787 -0.0186814 0)
(2.13617 -0.0171676 0)
(2.13452 -0.0150755 0)
(2.13298 -0.0124947 0)
(2.13158 -0.00950849 0)
(2.13038 -0.006206 0)
(2.12944 -0.00270664 0)
(2.12881 0.000823682 0)
(2.12852 0.00424392 0)
(2.12855 0.00742367 0)
(2.1289 0.010255 0)
(2.12953 0.012649 0)
(2.13037 0.0145583 0)
(2.1314 0.0159583 0)
(2.13252 0.0168862 0)
(2.13397 0.0171766 0)
(2.13507 0.0173331 0)
(2.13745 0.0158523 0)
(2.05562 -0.0639059 0)
(2.04499 -0.0656359 0)
(2.03425 -0.0652472 0)
(2.02379 -0.0628476 0)
(2.01397 -0.0585366 0)
(2.00515 -0.0524437 0)
(1.99764 -0.0447288 0)
(1.9917 -0.0355533 0)
(1.98747 -0.0251068 0)
(1.98507 -0.0136758 0)
(1.98456 -0.00170931 0)
(1.98592 0.0101655 0)
(1.98897 0.0213832 0)
(1.9935 0.0314552 0)
(1.9992 0.039986 0)
(2.00578 0.0466904 0)
(2.01299 0.0513933 0)
(2.02063 0.0540279 0)
(2.02849 0.0546183 0)
(2.03635 0.0532246 0)
(2.04404 0.0499239 0)
(2.05138 0.0448641 0)
(2.05821 0.0382731 0)
(2.06433 0.0304545 0)
(2.0695 0.0218173 0)
(2.07348 0.0127716 0)
(2.07611 0.00363896 0)
(2.07735 -0.00526891 0)
(2.07722 -0.0136587 0)
(2.07577 -0.0212623 0)
(2.07313 -0.0278573 0)
(2.06936 -0.0332713 0)
(2.06455 -0.0373538 0)
(2.0589 -0.0399925 0)
(2.05261 -0.0411875 0)
(2.04587 -0.0409956 0)
(2.03891 -0.0394573 0)
(2.03195 -0.0366303 0)
(2.02524 -0.0326175 0)
(2.019 -0.0275557 0)
(2.01347 -0.0215988 0)
(2.00884 -0.0149253 0)
(2.00528 -0.00771491 0)
(2.00292 -0.000182848 0)
(2.0018 0.00739603 0)
(2.00188 0.0147116 0)
(2.00309 0.0214562 0)
(2.00528 0.0273542 0)
(2.00828 0.0321886 0)
(2.01192 0.0358058 0)
(2.0161 0.0381051 0)
(2.02067 0.0390441 0)
(2.02547 0.038648 0)
(2.0304 0.036943 0)
(2.03532 0.0339692 0)
(2.04008 0.0298457 0)
(2.04456 0.0247311 0)
(2.04867 0.0187998 0)
(2.05226 0.0122858 0)
(2.05517 0.00551374 0)
(2.0573 -0.0012451 0)
(2.0586 -0.00773688 0)
(2.05906 -0.013737 0)
(2.0587 -0.0190558 0)
(2.0576 -0.0235457 0)
(2.05585 -0.0271093 0)
(2.05349 -0.0296856 0)
(2.05057 -0.0312109 0)
(2.04721 -0.0316678 0)
(2.0435 -0.031123 0)
(2.03955 -0.029624 0)
(2.0355 -0.0272251 0)
(2.0315 -0.0240145 0)
(2.02768 -0.0200986 0)
(2.02418 -0.0155939 0)
(2.02112 -0.0106452 0)
(2.01865 -0.00544187 0)
(2.01684 -0.000157754 0)
(2.01574 0.00502184 0)
(2.01533 0.0099107 0)
(2.01558 0.014334 0)
(2.0164 0.0181442 0)
(2.01772 0.0212335 0)
(2.01942 0.0235372 0)
(2.02145 0.0250177 0)
(2.02377 0.0256452 0)
(2.02627 0.0254306 0)
(2.0289 0.0244034 0)
(2.03156 0.0225927 0)
(2.03417 0.0200759 0)
(2.03664 0.0169527 0)
(2.0389 0.0133274 0)
(2.04087 0.00932735 0)
(2.04245 0.00514138 0)
(2.04359 0.000950104 0)
(2.04425 -0.00308856 0)
(2.04444 -0.00683015 0)
(2.04417 -0.0101499 0)
(2.04349 -0.0129491 0)
(2.04245 -0.0151625 0)
(2.0411 -0.016755 0)
(2.03945 -0.0176984 0)
(2.03756 -0.0179789 0)
(2.0355 -0.0176339 0)
(2.03331 -0.0166924 0)
(2.03108 -0.015187 0)
(2.02889 -0.0131781 0)
(2.02683 -0.0107411 0)
(2.02499 -0.00795893 0)
(2.02343 -0.00493437 0)
(2.02224 -0.0017966 0)
(2.02146 0.00134297 0)
(2.0211 0.00437033 0)
(2.02115 0.00717611 0)
(2.02159 0.00966666 0)
(2.02236 0.0117683 0)
(2.02342 0.0134355 0)
(2.02478 0.0146301 0)
(2.0263 0.0153697 0)
(2.02825 0.0154856 0)
(2.02974 0.0155163 0)
(2.03293 0.0138934 0)
)
;

boundaryField
{
    inlet
    {
        type            fixedValue;
        value           nonuniform List<vector> 0();
    }
    outlet
    {
        type            zeroGradient;
    }
    topWall
    {
        type            noSlip;
    }
    lowerWall
    {
        type            noSlip;
    }
    leadingEdge
    {
        type            noSlip;
    }
    trailingEdge
    {
        type            noSlip;
    }
    upperSurface
    {
        type            noSlip;
    }
    lowerSurface
    {
        type            noSlip;
    }
    frontAndBack
    {
        type            empty;
    }
    procBoundary7to2
    {
        type            processor;
        value           uniform (2.32293 -0.0829722 0);
    }
    procBoundary7to3
    {
        type            processor;
        value           nonuniform List<vector> 
123
(
(2.31712 -0.0887422 0)
(2.31603 -0.0900643 0)
(2.3152 -0.0889676 0)
(2.31482 -0.084903 0)
(2.31491 -0.0780605 0)
(2.31539 -0.0687275 0)
(2.31613 -0.0572425 0)
(2.31701 -0.0439875 0)
(2.31796 -0.0293397 0)
(2.31883 -0.01375 0)
(2.31951 0.00205793 0)
(2.31997 0.017328 0)
(2.32023 0.0314492 0)
(2.32034 0.0438332 0)
(2.32034 0.0539846 0)
(2.32029 0.0615922 0)
(2.32025 0.0665457 0)
(2.32027 0.0690584 0)
(2.32037 0.0697852 0)
(2.32053 0.069323 0)
(2.32077 0.0658003 0)
(2.32106 0.0599252 0)
(2.32134 0.0520852 0)
(2.3216 0.0425452 0)
(2.32178 0.0315864 0)
(2.32182 0.0194999 0)
(2.32166 0.00673011 0)
(2.32119 -0.00604707 0)
(2.32044 -0.0182225 0)
(2.31946 -0.0292962 0)
(2.31829 -0.0388492 0)
(2.31701 -0.0465654 0)
(2.31572 -0.0522534 0)
(2.31452 -0.0559014 0)
(2.31354 -0.0577444 0)
(2.31265 -0.0581215 0)
(2.31183 -0.0565636 0)
(2.3111 -0.0531013 0)
(2.31055 -0.0479063 0)
(2.3102 -0.0411826 0)
(2.31 -0.0331694 0)
(2.30991 -0.0241155 0)
(2.30989 -0.0142738 0)
(2.30987 -0.0039476 0)
(2.30979 0.00637697 0)
(2.30965 0.0162607 0)
(2.30943 0.0253014 0)
(2.30916 0.033157 0)
(2.30884 0.0394862 0)
(2.30853 0.0440446 0)
(2.30827 0.0468302 0)
(2.30813 0.048084 0)
(2.30809 0.0483221 0)
(2.30808 0.0474797 0)
(2.30809 0.0445392 0)
(2.30818 0.0401399 0)
(2.30834 0.034465 0)
(2.30854 0.0277179 0)
(2.30876 0.0200986 0)
(2.30896 0.0118019 0)
(2.30912 0.0031071 0)
(2.30918 -0.00552964 0)
(2.30916 -0.0137326 0)
(2.30907 -0.0211705 0)
(2.30894 -0.0275701 0)
(2.30878 -0.0326662 0)
(2.3086 -0.0363153 0)
(2.30843 -0.0385343 0)
(2.30826 -0.039539 0)
(2.30812 -0.0397167 0)
(2.30796 -0.0389785 0)
(2.30782 -0.0366255 0)
(2.30772 -0.0331543 0)
(2.30764 -0.0287066 0)
(2.30757 -0.0234448 0)
(2.3075 -0.0175299 0)
(2.3074 -0.011137 0)
(2.30726 -0.0044758 0)
(2.30704 0.00213768 0)
(2.30672 0.00843035 0)
(2.30632 0.014167 0)
(2.30585 0.0191385 0)
(2.30531 0.0231725 0)
(2.30474 0.0261389 0)
(2.30416 0.0280576 0)
(2.30363 0.0290381 0)
(2.30317 0.0292586 0)
(2.3027 0.0285999 0)
(2.30224 0.0269401 0)
(2.3018 0.0243781 0)
(2.30141 0.0210394 0)
(2.30105 0.0170497 0)
(2.30072 0.0125328 0)
(2.30041 0.00761519 0)
(2.3001 0.00248264 0)
(2.2998 -0.00258302 0)
(2.29949 -0.00737068 0)
(2.2992 -0.011687 0)
(2.29894 -0.0153541 0)
(2.29874 -0.0182286 0)
(2.29859 -0.0202437 0)
(2.2985 -0.0214153 0)
(2.29845 -0.0218698 0)
(2.29843 -0.0219081 0)
(2.29849 -0.021263 0)
(2.29863 -0.0196896 0)
(2.29882 -0.0174618 0)
(2.29906 -0.0146692 0)
(2.29932 -0.0114135 0)
(2.2996 -0.00779819 0)
(2.29988 -0.00393242 0)
(2.30012 4.34851e-05 0)
(2.30031 0.00392891 0)
(2.30044 0.00757374 0)
(2.30052 0.0108474 0)
(2.30054 0.0136007 0)
(2.30051 0.0157858 0)
(2.30043 0.0173532 0)
(2.30031 0.0183997 0)
(2.29895 0.0189901 0)
(2.29895 0.0189901 0)
(2.29887 0.0191196 0)
(2.29879 0.0182343 0)
)
;
    }
    procBoundary7to6
    {
        type            processor;
        value           nonuniform List<vector> 
14
(
(1.94718 -0.0487703 0)
(1.81481 -0.0356906 0)
(1.67028 -0.0218098 0)
(1.51198 -0.00940708 0)
(1.33031 -0.00111678 0)
(1.11336 0.00277849 0)
(0.863191 0.00449545 0)
(0.60462 0.00403228 0)
(0.360139 0.00223477 0)
(0.126195 0.000731 0)
(2.30178 -0.0800519 0)
(2.24664 -0.0752568 0)
(2.16703 -0.068533 0)
(2.06575 -0.0599401 0)
)
;
    }
}


// ************************************************************************* //
