/*--------------------------------*- C++ -*----------------------------------*\
| =========                 |                                                 |
| \\      /  F ield         | OpenFOAM: The Open Source CFD Toolbox           |
|  \\    /   O peration     | Version:  2206                                  |
|   \\  /    A nd           | Website:  www.openfoam.com                      |
|    \\/     M anipulation  |                                                 |
\*---------------------------------------------------------------------------*/
FoamFile
{
    version     2.0;
    format      ascii;
    arch        "LSB;label=32;scalar=64";
    class       surfaceScalarField;
    location    "19.5999";
    object      phi;
}
// * * * * * * * * * * * * * * * * * * * * * * * * * * * * * * * * * * * * * //

dimensions      [0 3 -1 0 0 0 0];

oriented        oriented;

internalField   nonuniform List<scalar> 
3538
(
5.87986e-06
5.95079e-07
-4.4839e-07
5.76042e-06
5.67899e-07
-4.48458e-07
5.66532e-06
5.31474e-07
-4.36376e-07
5.59241e-06
4.77801e-07
-4.04895e-07
5.53999e-06
4.02263e-07
-3.4984e-07
5.50707e-06
3.04174e-07
-2.71255e-07
5.49312e-06
1.85138e-07
-1.71191e-07
5.49792e-06
4.93983e-08
-5.41919e-08
5.52109e-06
-9.63766e-08
7.32014e-08
5.5609e-06
-2.42722e-07
2.02911e-07
5.61518e-06
-3.80459e-07
3.26185e-07
5.68159e-06
-5.03057e-07
4.36647e-07
5.75766e-06
-6.05455e-07
5.2938e-07
5.84117e-06
-6.84309e-07
6.00805e-07
5.93037e-06
-7.37763e-07
6.48563e-07
6.02374e-06
-7.64771e-07
6.71401e-07
6.11934e-06
-7.64532e-07
6.68924e-07
6.21513e-06
-7.37213e-07
6.41422e-07
6.3093e-06
-6.83985e-07
5.89817e-07
6.4008e-06
-6.0747e-07
5.15967e-07
6.48906e-06
-5.10758e-07
4.22501e-07
6.57276e-06
-3.9683e-07
3.13133e-07
6.64834e-06
-2.69711e-07
1.94129e-07
6.71118e-06
-1.35568e-07
7.2731e-08
6.75681e-06
-1.16377e-09
-4.44685e-08
6.78148e-06
1.27612e-07
-1.52285e-07
6.78199e-06
2.45765e-07
-2.46275e-07
6.75457e-06
3.49062e-07
-3.21641e-07
6.69668e-06
4.33122e-07
-3.75225e-07
6.6103e-06
4.93477e-07
-4.07104e-07
6.50192e-06
5.2944e-07
-4.21053e-07
6.38172e-06
5.43109e-07
-4.22913e-07
6.26057e-06
5.39586e-07
-4.18438e-07
6.14639e-06
5.24911e-07
-4.1073e-07
6.04352e-06
5.02924e-07
-4.00056e-07
5.95414e-06
4.74565e-07
-3.85187e-07
5.87889e-06
4.39384e-07
-3.64124e-07
5.81774e-06
3.95679e-07
-3.34536e-07
5.77072e-06
3.41205e-07
-2.94181e-07
5.73745e-06
2.7538e-07
-2.42113e-07
5.71741e-06
1.98718e-07
-1.78675e-07
5.70995e-06
1.1246e-07
-1.05003e-07
5.71456e-06
1.89106e-08
-2.35198e-08
5.73044e-06
-7.80103e-08
6.21351e-08
5.75621e-06
-1.7271e-07
1.46931e-07
5.79057e-06
-2.60519e-07
2.26161e-07
5.83191e-06
-3.37665e-07
2.96324e-07
5.87855e-06
-4.01312e-07
3.54678e-07
5.92896e-06
-4.49774e-07
3.99359e-07
5.98205e-06
-4.82336e-07
4.29252e-07
6.03698e-06
-4.98733e-07
4.43803e-07
6.09273e-06
-4.9863e-07
4.42876e-07
6.14813e-06
-4.82119e-07
4.26719e-07
6.20199e-06
-4.49667e-07
3.9581e-07
6.25324e-06
-4.02474e-07
3.51218e-07
6.301e-06
-3.42383e-07
2.9463e-07
6.34418e-06
-2.71491e-07
2.28311e-07
6.38092e-06
-1.92171e-07
1.55424e-07
6.40892e-06
-1.07461e-07
7.94637e-08
6.42624e-06
-2.12008e-08
3.88511e-09
6.43161e-06
6.29398e-08
-6.83146e-08
6.42422e-06
1.41877e-07
-1.3449e-07
6.40366e-06
2.12841e-07
-1.92283e-07
6.36996e-06
2.73421e-07
-2.39719e-07
6.32439e-06
3.21663e-07
-2.76088e-07
6.26961e-06
3.56361e-07
-3.0158e-07
6.20902e-06
3.77606e-07
-3.17025e-07
6.14628e-06
3.86325e-07
-3.23577e-07
6.0845e-06
3.84058e-07
-3.22282e-07
6.02598e-06
3.72094e-07
-3.13576e-07
5.97265e-06
3.50642e-07
-2.97305e-07
5.92602e-06
3.19776e-07
-2.73155e-07
5.88721e-06
2.79712e-07
-2.40899e-07
5.85688e-06
2.30882e-07
-2.0055e-07
5.83541e-06
1.74034e-07
-1.52569e-07
5.82304e-06
1.10308e-07
-9.79364e-08
5.81992e-06
4.14469e-08
-3.83212e-08
5.8258e-06
-2.97404e-08
2.38612e-08
5.83988e-06
-9.92808e-08
8.52013e-08
5.86107e-06
-1.63887e-07
1.4269e-07
5.888e-06
-2.20719e-07
1.93795e-07
5.91914e-06
-2.67654e-07
2.36515e-07
5.9531e-06
-3.03439e-07
2.69476e-07
5.98883e-06
-3.27634e-07
2.919e-07
6.02566e-06
-3.40348e-07
3.0352e-07
6.06289e-06
-3.41666e-07
3.04434e-07
6.09971e-06
-3.31793e-07
2.94979e-07
6.13524e-06
-3.11116e-07
2.75586e-07
6.16866e-06
-2.80492e-07
2.47072e-07
6.19925e-06
-2.41254e-07
2.10662e-07
6.22628e-06
-1.94848e-07
1.67815e-07
6.24876e-06
-1.42845e-07
1.20364e-07
6.26557e-06
-8.71024e-08
7.02965e-08
6.27586e-06
-3.00025e-08
1.97101e-08
6.27929e-06
2.61432e-08
-2.95686e-08
6.27575e-06
7.94212e-08
-7.58888e-08
6.26542e-06
1.28125e-07
-1.17793e-07
6.24862e-06
1.70804e-07
-1.54001e-07
6.22581e-06
2.06264e-07
-1.83458e-07
6.19773e-06
2.33602e-07
-2.05522e-07
6.16558e-06
2.52284e-07
-2.20131e-07
6.13077e-06
2.6229e-07
-2.27481e-07
6.09467e-06
2.6405e-07
-2.27955e-07
6.05861e-06
2.58014e-07
-2.21947e-07
6.02401e-06
2.44359e-07
-2.09762e-07
5.99226e-06
2.23435e-07
-1.91678e-07
5.96441e-06
1.95868e-07
-1.68025e-07
5.94127e-06
1.62294e-07
-1.39154e-07
5.92342e-06
1.23389e-07
-1.05534e-07
5.91132e-06
7.99681e-08
-6.78758e-08
5.9054e-06
3.31043e-08
-2.71779e-08
5.90586e-06
-1.54578e-08
1.4998e-08
5.91239e-06
-6.31473e-08
5.66164e-08
5.92436e-06
-1.07795e-07
9.58197e-08
5.94086e-06
-1.47395e-07
1.30894e-07
5.96078e-06
-1.80333e-07
1.60412e-07
5.98304e-06
-2.05594e-07
1.83339e-07
6.00678e-06
-2.22819e-07
1.99077e-07
6.03147e-06
-2.32095e-07
2.07411e-07
6.05658e-06
-2.33519e-07
2.08405e-07
6.0815e-06
-2.2717e-07
2.0225e-07
6.10552e-06
-2.13201e-07
1.89177e-07
1.69756e-07
6.25507e-06
7.41005e-07
6.13547e-06
6.87507e-07
6.04195e-06
6.24991e-07
5.97316e-06
5.46589e-07
5.92669e-06
4.48732e-07
5.90045e-06
3.30416e-07
5.89268e-06
1.92911e-07
5.90215e-06
3.99215e-08
5.92755e-06
-1.21772e-07
5.96657e-06
-2.81743e-07
6.01723e-06
-4.31116e-07
6.07703e-06
-5.62859e-07
6.14332e-06
-6.71745e-07
6.21367e-06
-7.54655e-07
6.28658e-06
-8.10675e-07
6.36173e-06
-8.39921e-07
6.43838e-06
-8.41185e-07
6.51462e-06
-8.13452e-07
6.58847e-06
-7.57833e-07
6.65883e-06
-6.77836e-07
6.72532e-06
-5.77242e-07
6.78773e-06
-4.59247e-07
6.84558e-06
-3.27558e-07
6.89724e-06
-1.87228e-07
6.94017e-06
-4.40887e-08
6.97116e-06
9.66129e-08
6.98669e-06
2.30238e-07
6.98364e-06
3.52118e-07
6.95929e-06
4.57472e-07
6.91121e-06
5.41551e-07
6.84014e-06
6.00511e-07
6.75015e-06
6.33097e-07
6.64832e-06
6.41423e-07
6.54295e-06
6.30273e-07
6.4423e-06
6.0358e-07
6.35216e-06
5.64701e-07
6.27529e-06
5.16258e-07
6.21286e-06
4.58105e-07
6.16514e-06
3.88929e-07
6.13168e-06
3.08834e-07
6.11163e-06
2.18769e-07
6.10404e-06
1.20048e-07
6.108e-06
1.49566e-08
6.1221e-06
-9.21106e-08
6.14492e-06
-1.95527e-07
6.17503e-06
-2.90634e-07
6.21076e-06
-3.734e-07
6.25032e-06
-4.40872e-07
6.29207e-06
-4.9152e-07
6.33496e-06
-5.25228e-07
6.37878e-06
-5.42546e-07
6.42324e-06
-5.43092e-07
6.46747e-06
-5.26347e-07
6.51021e-06
-4.92415e-07
6.55028e-06
-4.42544e-07
6.58674e-06
-3.78841e-07
6.61893e-06
-3.03675e-07
6.64626e-06
-2.19506e-07
6.66768e-06
-1.28879e-07
6.68177e-06
-3.52956e-08
6.68759e-06
5.71235e-08
6.68437e-06
1.45096e-07
6.67172e-06
2.25493e-07
6.6496e-06
2.95543e-07
6.61825e-06
3.53014e-07
6.57834e-06
3.96265e-07
6.53163e-06
4.24322e-07
6.48054e-06
4.37412e-07
6.42779e-06
4.36807e-07
6.37588e-06
4.24007e-07
6.32803e-06
3.98489e-07
6.28638e-06
3.61431e-07
6.25208e-06
3.14009e-07
6.22582e-06
2.57145e-07
6.20792e-06
1.91929e-07
6.19851e-06
1.19719e-07
6.19754e-06
4.24223e-08
6.20439e-06
-3.65975e-08
6.21811e-06
-1.12994e-07
6.23746e-06
-1.83242e-07
6.261e-06
-2.44253e-07
6.28717e-06
-2.93824e-07
6.31456e-06
-3.30835e-07
6.34223e-06
-3.55306e-07
6.37001e-06
-3.68127e-07
6.39803e-06
-3.69684e-07
6.42596e-06
-3.59725e-07
6.45301e-06
-3.3816e-07
6.4784e-06
-3.05891e-07
6.50148e-06
-2.64328e-07
6.52159e-06
-2.14957e-07
6.53809e-06
-1.59351e-07
6.55026e-06
-9.92658e-08
6.55727e-06
-3.70112e-08
6.55885e-06
2.45624e-08
6.555e-06
8.32702e-08
6.54595e-06
1.37174e-07
6.53216e-06
1.84596e-07
6.51424e-06
2.24184e-07
6.49284e-06
2.54996e-07
6.46858e-06
2.76546e-07
6.44209e-06
2.88785e-07
6.41414e-06
2.91997e-07
6.38561e-06
2.86542e-07
6.35788e-06
2.72095e-07
6.33225e-06
2.49062e-07
6.30977e-06
2.18346e-07
6.29126e-06
1.80808e-07
6.27733e-06
1.37321e-07
6.26846e-06
8.88312e-08
6.26507e-06
3.65011e-08
6.26724e-06
-1.76321e-08
6.27457e-06
-7.04788e-08
6.28633e-06
-1.19552e-07
6.30147e-06
-1.62541e-07
6.31877e-06
-1.9763e-07
6.33703e-06
-2.23848e-07
6.35541e-06
-2.41202e-07
6.3737e-06
-2.50391e-07
6.39211e-06
-2.51924e-07
6.41045e-06
-2.45513e-07
-2.30741e-07
6.57886e-06
8.67696e-07
6.47367e-06
7.92688e-07
6.3921e-06
7.0657e-07
6.33354e-06
6.05144e-07
6.29602e-06
4.86251e-07
6.27722e-06
3.49218e-07
6.27507e-06
1.95059e-07
6.28782e-06
2.71775e-08
6.31327e-06
-1.47223e-07
6.34899e-06
-3.17465e-07
6.39305e-06
-4.75176e-07
6.44319e-06
-6.13e-07
6.49693e-06
-7.25481e-07
6.55151e-06
-8.09239e-07
6.60514e-06
-8.64305e-07
6.65817e-06
-8.92951e-07
6.71216e-06
-8.95171e-07
6.7654e-06
-8.66699e-07
6.81568e-06
-8.08107e-07
6.86271e-06
-7.24871e-07
6.90698e-06
-6.21511e-07
6.94926e-06
-5.01528e-07
6.98979e-06
-3.68087e-07
7.02704e-06
-2.24475e-07
7.05778e-06
-7.4827e-08
7.08026e-06
7.41282e-08
7.09425e-06
2.16254e-07
7.09955e-06
3.46809e-07
7.09519e-06
4.61841e-07
7.07977e-06
5.5697e-07
7.04992e-06
6.30354e-07
7.00217e-06
6.80846e-07
6.93824e-06
7.0536e-07
6.86292e-06
7.05587e-07
6.78265e-06
6.83852e-07
6.70545e-06
6.41904e-07
6.636e-06
5.85705e-07
6.5774e-06
5.1671e-07
6.53119e-06
4.35132e-07
6.49776e-06
3.42268e-07
6.47666e-06
2.3987e-07
6.46703e-06
1.29674e-07
6.46771e-06
1.4282e-08
6.47694e-06
-1.01346e-07
6.49341e-06
-2.11991e-07
6.51574e-06
-3.12971e-07
6.54251e-06
-4.00163e-07
6.57204e-06
-4.70408e-07
6.60266e-06
-5.22135e-07
6.63318e-06
-5.55751e-07
6.6637e-06
-5.73063e-07
6.69512e-06
-5.74511e-07
6.72703e-06
-5.58263e-07
6.75795e-06
-5.23333e-07
6.7868e-06
-4.71388e-07
6.81271e-06
-4.04754e-07
6.83508e-06
-3.26046e-07
6.85355e-06
-2.37979e-07
6.86779e-06
-1.43113e-07
6.87729e-06
-4.47957e-08
6.88161e-06
5.27998e-08
6.88031e-06
1.46397e-07
6.87297e-06
2.3283e-07
6.85947e-06
3.09046e-07
6.84007e-06
3.72414e-07
6.81536e-06
4.20976e-07
6.78603e-06
4.53653e-07
6.75285e-06
4.70591e-07
6.71699e-06
4.72661e-07
6.67831e-06
4.6269e-07
6.64155e-06
4.3525e-07
6.60889e-06
3.94089e-07
6.58183e-06
3.41069e-07
6.56128e-06
2.77699e-07
6.54765e-06
2.05562e-07
6.54101e-06
1.26352e-07
6.541e-06
4.24333e-08
6.54655e-06
-4.21447e-08
6.55649e-06
-1.22939e-07
6.56978e-06
-1.96526e-07
6.5854e-06
-2.59874e-07
6.60238e-06
-3.10802e-07
6.61968e-06
-3.48141e-07
6.63641e-06
-3.72029e-07
6.65248e-06
-3.84202e-07
6.66906e-06
-3.86258e-07
6.68696e-06
-3.77629e-07
6.70493e-06
-3.56129e-07
6.7223e-06
-3.23263e-07
6.7384e-06
-2.80422e-07
6.75255e-06
-2.29109e-07
6.76414e-06
-1.70945e-07
6.77258e-06
-1.07708e-07
6.77712e-06
-4.15518e-08
6.77744e-06
2.42493e-08
6.77354e-06
8.71699e-08
6.76566e-06
1.4505e-07
6.75426e-06
1.95992e-07
6.74005e-06
2.38402e-07
6.72389e-06
2.71149e-07
6.70663e-06
2.93805e-07
6.68865e-06
3.0677e-07
6.66986e-06
3.10792e-07
6.64977e-06
3.0663e-07
6.63019e-06
2.91673e-07
6.6123e-06
2.66946e-07
6.597e-06
2.33646e-07
6.58501e-06
1.928e-07
6.57685e-06
1.45479e-07
6.57286e-06
9.28249e-08
6.57318e-06
3.61819e-08
6.57732e-06
-2.17687e-08
6.58453e-06
-7.7697e-08
6.59411e-06
-1.29125e-07
6.60528e-06
-1.7371e-07
6.61719e-06
-2.09549e-07
6.62896e-06
-2.3561e-07
6.63982e-06
-2.52064e-07
6.64965e-06
-2.60222e-07
6.65935e-06
-2.61622e-07
6.6701e-06
-2.56271e-07
-2.41211e-07
6.82231e-06
6.74262e-06
6.68195e-06
6.64025e-06
6.46843e-07
6.61608e-06
5.10418e-07
6.60755e-06
3.57757e-07
6.61273e-06
1.89876e-07
6.62949e-06
1.04136e-08
6.65467e-06
-1.72399e-07
6.68567e-06
-3.48471e-07
6.72047e-06
-5.09972e-07
6.75757e-06
-6.50095e-07
6.7952e-06
-7.63113e-07
6.83121e-06
-8.45254e-07
6.86366e-06
-8.9675e-07
6.89235e-06
-9.21645e-07
6.92137e-06
-9.24185e-07
6.94848e-06
-8.93808e-07
6.97182e-06
-8.31453e-07
6.99276e-06
-7.4581e-07
7.01267e-06
-6.4142e-07
7.03323e-06
-5.22088e-07
7.05498e-06
-3.89837e-07
7.07642e-06
-2.45919e-07
7.09523e-06
-9.36369e-08
7.10972e-06
5.96452e-08
7.11925e-06
2.06724e-07
7.12409e-06
3.41966e-07
7.12474e-06
4.6119e-07
7.12022e-06
5.6149e-07
7.10958e-06
6.41e-07
7.09379e-06
6.9663e-07
7.07218e-06
7.26968e-07
7.04287e-06
7.34903e-07
7.00124e-06
7.25476e-07
6.95222e-06
6.90927e-07
6.90249e-06
6.35435e-07
6.85742e-06
5.61784e-07
6.82022e-06
4.72328e-07
6.79232e-06
3.70167e-07
6.77391e-06
2.58281e-07
6.76439e-06
1.39191e-07
6.7625e-06
1.61761e-08
6.76636e-06
-1.05203e-07
6.77476e-06
-2.20396e-07
6.78683e-06
-3.25044e-07
6.80197e-06
-4.15297e-07
6.81933e-06
-4.87775e-07
6.83755e-06
-5.40355e-07
6.85506e-06
-5.73257e-07
6.87147e-06
-5.89474e-07
6.88891e-06
-5.91947e-07
6.90845e-06
-5.77803e-07
6.92709e-06
-5.41975e-07
6.94405e-06
-4.88348e-07
6.95874e-06
-4.19445e-07
6.97081e-06
-3.38116e-07
6.97992e-06
-2.47093e-07
6.98584e-06
-1.49027e-07
6.98864e-06
-4.76017e-08
6.98878e-06
5.26656e-08
6.98666e-06
1.48515e-07
6.98253e-06
2.36964e-07
6.97647e-06
3.15101e-07
6.96866e-06
3.80223e-07
6.95959e-06
4.30042e-07
6.94999e-06
4.63255e-07
6.93999e-06
4.80591e-07
6.92789e-06
4.84768e-07
6.91093e-06
4.79647e-07
6.89236e-06
4.5382e-07
6.87424e-06
4.12205e-07
6.85816e-06
3.57154e-07
6.84505e-06
2.90806e-07
6.83533e-06
2.15281e-07
6.82897e-06
1.32711e-07
6.82532e-06
4.60839e-08
6.82385e-06
-4.06734e-08
6.8238e-06
-1.22892e-07
6.82497e-06
-1.97695e-07
6.8274e-06
-2.62298e-07
6.83112e-06
-3.14529e-07
6.83587e-06
-3.52886e-07
6.84112e-06
-3.77277e-07
6.84639e-06
-3.89475e-07
6.85247e-06
-3.92336e-07
6.86148e-06
-3.86638e-07
6.87165e-06
-3.66298e-07
6.8821e-06
-3.33718e-07
6.89213e-06
-2.90447e-07
6.9011e-06
-2.3808e-07
6.9085e-06
-1.7835e-07
6.91386e-06
-1.13063e-07
6.91667e-06
-4.43699e-08
6.91669e-06
2.4232e-08
6.91399e-06
8.98738e-08
6.90877e-06
1.50263e-07
6.90138e-06
2.0339e-07
6.89236e-06
2.4742e-07
6.88254e-06
2.80968e-07
6.87297e-06
3.03379e-07
6.86427e-06
3.15466e-07
6.85581e-06
3.19251e-07
6.84585e-06
3.16594e-07
6.83625e-06
3.0127e-07
6.82783e-06
2.75368e-07
6.82109e-06
2.40386e-07
6.81636e-06
1.97525e-07
6.81376e-06
1.48086e-07
6.81316e-06
9.34222e-08
6.81418e-06
3.51633e-08
6.81601e-06
-2.36006e-08
6.8181e-06
-7.97897e-08
6.82025e-06
-1.31276e-07
6.82248e-06
-1.75934e-07
6.82486e-06
-2.11925e-07
6.82736e-06
-2.38119e-07
6.82977e-06
-2.54474e-07
6.8318e-06
-2.62247e-07
6.83392e-06
-2.63746e-07
6.83768e-06
-2.60028e-07
-2.45534e-07
6.87303e-06
6.86583e-06
6.87014e-06
6.88442e-06
6.90614e-06
6.9314e-06
6.95722e-06
6.98139e-06
7.00264e-06
7.02064e-06
7.03532e-06
7.04515e-06
7.04892e-06
7.04801e-06
7.04428e-06
7.04135e-06
7.04026e-06
7.04134e-06
7.04399e-06
7.04815e-06
7.05489e-06
7.06408e-06
7.07393e-06
7.08277e-06
7.08915e-06
7.09204e-06
7.09109e-06
7.08784e-06
7.08454e-06
7.08167e-06
7.07658e-06
7.06481e-06
7.0492e-06
7.03323e-06
7.0179e-06
7.00311e-06
6.98975e-06
6.97933e-06
6.97244e-06
6.96847e-06
6.96637e-06
6.96557e-06
6.96616e-06
6.96854e-06
6.97281e-06
6.97837e-06
6.98415e-06
6.98872e-06
6.99316e-06
6.99927e-06
7.0046e-06
7.0093e-06
7.01327e-06
7.01633e-06
7.01818e-06
7.01854e-06
7.01686e-06
7.01296e-06
7.00741e-06
7.00111e-06
6.99485e-06
6.98956e-06
6.98599e-06
6.98443e-06
6.98456e-06
6.98485e-06
6.98554e-06
6.98587e-06
6.9857e-06
6.985e-06
6.98368e-06
6.98154e-06
6.97822e-06
6.97351e-06
6.96709e-06
6.95987e-06
6.95249e-06
6.94571e-06
6.94033e-06
6.93689e-06
6.93539e-06
6.93519e-06
6.93584e-06
6.939e-06
6.94328e-06
6.94793e-06
6.95254e-06
6.95672e-06
6.96006e-06
6.9622e-06
6.96293e-06
6.96211e-06
6.9597e-06
6.95573e-06
6.95064e-06
6.94529e-06
6.94053e-06
6.93689e-06
6.9348e-06
6.93378e-06
6.93268e-06
6.93222e-06
6.9322e-06
6.93244e-06
6.93272e-06
6.93277e-06
6.93228e-06
6.93085e-06
6.92826e-06
6.92477e-06
6.92069e-06
6.91641e-06
6.91236e-06
6.909e-06
6.90665e-06
6.90517e-06
6.90425e-06
6.90412e-06
-6.03195e-08
1.12401e-08
-7.05387e-08
1.02191e-08
-7.91555e-08
8.61676e-09
-8.56813e-08
6.52568e-09
-8.97069e-08
4.02569e-09
-9.09044e-08
1.19737e-09
-8.94125e-08
-1.49202e-09
-8.4476e-08
-4.9365e-09
-7.58576e-08
-8.61843e-09
-6.35158e-08
-1.23418e-08
-4.76263e-08
-1.58896e-08
-2.84604e-08
-1.91659e-08
-6.54499e-09
-2.19153e-08
1.74633e-08
-2.40083e-08
4.27908e-08
-2.53274e-08
6.85919e-08
-2.58011e-08
9.39927e-08
-2.54007e-08
1.18184e-07
-2.4191e-08
1.40464e-07
-2.22799e-08
1.60236e-07
-1.97725e-08
1.77049e-07
-1.68122e-08
1.90605e-07
-1.35564e-08
2.00776e-07
-1.0171e-08
2.07589e-07
-6.81332e-09
2.11229e-07
-3.63965e-09
2.11877e-07
-6.48147e-10
2.10091e-07
1.78557e-09
2.05924e-07
4.16741e-09
1.99699e-07
6.22524e-09
1.91736e-07
7.96317e-09
1.82329e-07
9.4063e-09
1.71763e-07
1.05663e-08
1.60326e-07
1.14372e-08
1.4833e-07
1.19954e-08
1.36131e-07
1.21994e-08
1.24126e-07
1.20049e-08
1.12757e-07
1.1369e-08
1.02514e-07
1.02427e-08
9.39283e-08
8.58589e-09
8.75616e-08
6.36675e-09
8.39808e-08
3.58081e-09
8.33869e-08
5.93971e-10
8.57221e-08
-2.33527e-09
9.15028e-08
-5.78068e-09
1.00694e-07
-9.19092e-09
1.13085e-07
-1.23911e-08
1.28312e-07
-1.52272e-08
1.45872e-07
-1.75601e-08
1.65151e-07
-1.9279e-08
1.85472e-07
-2.0321e-08
2.06133e-07
-2.06612e-08
2.26445e-07
-2.03113e-08
2.45764e-07
-1.93195e-08
2.63532e-07
-1.77683e-08
2.79286e-07
-1.57531e-08
2.92668e-07
-1.33821e-08
3.03444e-07
-1.07761e-08
3.11501e-07
-8.05705e-09
3.16809e-07
-5.30779e-09
3.19391e-07
-2.58283e-09
3.19557e-07
-1.65759e-10
3.17468e-07
2.08943e-09
3.13284e-07
4.18418e-09
3.07266e-07
6.01753e-09
2.99686e-07
7.58028e-09
2.90831e-07
8.85493e-09
2.81012e-07
9.81921e-09
2.70565e-07
1.04465e-08
2.59854e-07
1.07114e-08
2.49249e-07
1.06045e-08
2.39155e-07
1.00946e-08
2.29984e-07
9.17057e-09
2.22157e-07
7.82754e-09
2.1608e-07
6.07692e-09
2.1212e-07
3.95993e-09
2.10589e-07
1.53115e-09
2.11272e-07
-6.83249e-10
2.14492e-07
-3.22062e-09
2.2023e-07
-5.73795e-09
2.28316e-07
-8.08594e-09
2.38474e-07
-1.01574e-08
2.5034e-07
-1.18663e-08
2.63485e-07
-1.31454e-08
2.77435e-07
-1.39495e-08
2.91696e-07
-1.42611e-08
3.05779e-07
-1.40831e-08
3.19222e-07
-1.34435e-08
3.31616e-07
-1.23934e-08
3.42616e-07
-1.10005e-08
3.51953e-07
-9.33626e-09
3.59426e-07
-7.47351e-09
3.64911e-07
-5.48464e-09
3.68374e-07
-3.46305e-09
3.69807e-07
-1.43339e-09
3.69443e-07
3.64304e-10
3.67316e-07
2.12692e-09
3.63594e-07
3.72189e-09
3.58487e-07
5.10701e-09
3.52229e-07
6.25763e-09
3.45073e-07
7.15606e-09
3.37279e-07
7.79492e-09
3.29112e-07
8.16641e-09
3.20857e-07
8.25566e-09
3.12806e-07
8.05062e-09
3.05258e-07
7.54817e-09
2.98501e-07
6.75721e-09
2.92809e-07
5.69115e-09
2.88438e-07
4.37119e-09
2.85614e-07
2.82426e-09
2.84533e-07
1.08067e-09
2.85026e-07
-4.93041e-10
2.87294e-07
-2.26749e-09
2.91304e-07
-4.0099e-09
2.96931e-07
-5.62777e-09
3.03987e-07
-7.05586e-09
3.12228e-07
-8.2404e-09
3.21365e-07
-9.13721e-09
3.31081e-07
-9.71606e-09
3.41046e-07
-9.96541e-09
3.50931e-07
-9.88489e-09
3.6042e-07
-9.48898e-09
3.69229e-07
-8.80841e-09
-7.88253e-09
3.46544e-07
1.63775e-08
3.42496e-07
1.42663e-08
3.40006e-07
1.1107e-08
3.39422e-07
7.1095e-09
3.41161e-07
2.28718e-09
3.45023e-07
-2.66525e-09
3.52163e-07
-8.63137e-09
3.62534e-07
-1.53083e-08
3.76376e-07
-2.24596e-08
3.93775e-07
-2.9741e-08
4.14643e-07
-3.6758e-08
4.38605e-07
-4.31283e-08
4.65157e-07
-4.84673e-08
4.93594e-07
-5.24448e-08
5.23085e-07
-5.48189e-08
5.52723e-07
-5.5439e-08
5.81638e-07
-5.43152e-08
6.09025e-07
-5.15784e-08
6.34177e-07
-4.74316e-08
6.56538e-07
-4.21339e-08
6.75708e-07
-3.59819e-08
6.91455e-07
-2.93035e-08
7.03723e-07
-2.2439e-08
7.12609e-07
-1.56995e-08
7.18351e-07
-9.38103e-09
7.21295e-07
-3.59188e-09
7.21688e-07
1.39258e-09
7.19938e-07
5.91692e-09
7.16382e-07
9.78127e-09
7.11349e-07
1.29962e-08
7.05116e-07
1.56394e-08
6.97961e-07
1.77216e-08
6.90178e-07
1.922e-08
6.8208e-07
2.00933e-08
6.74003e-07
2.02765e-08
6.66296e-07
1.97119e-08
6.59322e-07
1.83432e-08
6.53525e-07
1.60389e-08
6.49375e-07
1.27365e-08
6.47374e-07
8.36721e-09
6.47992e-07
2.96326e-09
6.51255e-07
-2.66867e-09
6.5802e-07
-9.10115e-09
6.68108e-07
-1.58681e-08
6.81493e-07
-2.25759e-08
6.97965e-07
-2.88627e-08
7.17134e-07
-3.4397e-08
7.38464e-07
-3.88898e-08
7.61313e-07
-4.21277e-08
7.84972e-07
-4.398e-08
8.08711e-07
-4.44001e-08
8.31821e-07
-4.34214e-08
8.53654e-07
-4.11523e-08
8.73647e-07
-3.77621e-08
8.91354e-07
-3.34592e-08
9.06453e-07
-2.84814e-08
9.18755e-07
-2.30787e-08
9.28189e-07
-1.7491e-08
9.34786e-07
-1.19046e-08
9.38701e-07
-6.4973e-09
9.39994e-07
-1.4592e-09
9.38979e-07
3.10402e-09
9.35928e-07
7.23563e-09
9.31137e-07
1.08081e-08
9.24918e-07
1.37998e-08
9.17593e-07
1.61795e-08
9.09498e-07
1.79142e-08
9.0097e-07
1.89752e-08
8.92348e-07
1.9333e-08
8.84017e-07
1.89361e-08
8.76355e-07
1.77566e-08
8.69751e-07
1.57744e-08
8.64584e-07
1.29939e-08
8.61237e-07
9.42446e-09
8.60016e-07
5.18033e-09
8.60929e-07
6.1872e-10
8.64544e-07
-4.29885e-09
8.70715e-07
-9.39128e-09
8.7936e-07
-1.43832e-08
8.90297e-07
-1.9023e-08
9.0323e-07
-2.309e-08
9.17764e-07
-2.64007e-08
9.33436e-07
-2.88172e-08
9.49738e-07
-3.02511e-08
9.66146e-07
-3.06692e-08
9.82158e-07
-3.00952e-08
9.9731e-07
-2.85951e-08
1.01119e-06
-2.62764e-08
1.02347e-06
-2.32787e-08
1.03389e-06
-1.97548e-08
1.04228e-06
-1.58656e-08
1.04857e-06
-1.17712e-08
1.05273e-06
-7.62191e-09
1.05483e-06
-3.53313e-09
1.05494e-06
2.51989e-10
1.05327e-06
3.79776e-09
1.05005e-06
6.94208e-09
1.04552e-06
9.63634e-09
1.03994e-06
1.18411e-08
1.03356e-06
1.35289e-08
1.02668e-06
1.46742e-08
1.01959e-06
1.52595e-08
1.01258e-06
1.527e-08
1.00593e-06
1.4698e-08
9.99929e-07
1.35475e-08
9.94848e-07
1.18377e-08
9.90949e-07
9.59071e-09
9.88453e-07
6.86677e-09
9.87558e-07
3.71938e-09
9.88264e-07
3.74794e-10
9.90914e-07
-3.14265e-09
9.9537e-07
-6.72353e-09
1.00156e-06
-1.01952e-08
1.00933e-06
-1.34036e-08
1.01849e-06
-1.62135e-08
1.02876e-06
-1.85095e-08
1.03982e-06
-2.02015e-08
1.05134e-06
-2.12322e-08
1.06295e-06
-2.15814e-08
1.07433e-06
-2.12583e-08
1.08514e-06
-2.02992e-08
1.0951e-06
-1.87683e-08
-1.67506e-08
1.17076e-06
2.10769e-08
1.16674e-06
1.82922e-08
1.16387e-06
1.39691e-08
1.16256e-06
8.42464e-09
1.16298e-06
1.86942e-09
1.16585e-06
-5.53605e-09
1.17149e-06
-1.42771e-08
1.18031e-06
-2.41224e-08
1.19261e-06
-3.47597e-08
1.20851e-06
-4.56477e-08
1.22794e-06
-5.6183e-08
1.25055e-06
-6.5743e-08
1.27581e-06
-7.37223e-08
1.30298e-06
-7.96186e-08
1.33124e-06
-8.30713e-08
1.35967e-06
-8.38702e-08
1.38737e-06
-8.20211e-08
1.41354e-06
-7.77485e-08
1.4375e-06
-7.1391e-08
1.45871e-06
-6.33442e-08
1.47679e-06
-5.40636e-08
1.49154e-06
-4.40481e-08
1.50291e-06
-3.38146e-08
1.51107e-06
-2.38525e-08
1.51623e-06
-1.45467e-08
1.51875e-06
-6.10427e-09
1.51893e-06
1.2089e-09
1.51723e-06
7.61256e-09
1.51396e-06
1.30524e-08
1.50939e-06
1.75725e-08
1.5037e-06
2.13276e-08
1.49711e-06
2.43145e-08
1.48984e-06
2.64836e-08
1.48214e-06
2.77995e-08
1.47422e-06
2.81899e-08
1.46642e-06
2.75183e-08
1.45912e-06
2.56434e-08
1.45272e-06
2.24373e-08
1.4477e-06
1.77509e-08
1.44454e-06
1.15331e-08
1.44386e-06
3.64388e-09
1.4459e-06
-4.71402e-09
1.4512e-06
-1.43964e-08
1.45984e-06
-2.45134e-08
1.47182e-06
-3.45535e-08
1.48694e-06
-4.39818e-08
1.50483e-06
-5.22932e-08
1.52499e-06
-5.90481e-08
1.54678e-06
-6.39123e-08
1.56948e-06
-6.66779e-08
1.59234e-06
-6.72627e-08
1.61464e-06
-6.5721e-08
1.63571e-06
-6.22236e-08
1.65498e-06
-5.70346e-08
1.67201e-06
-5.04856e-08
1.68647e-06
-4.29425e-08
1.69817e-06
-3.47844e-08
1.70703e-06
-2.63499e-08
1.71309e-06
-1.79573e-08
1.71647e-06
-9.87992e-09
1.71736e-06
-2.34923e-09
1.71601e-06
4.45218e-09
1.71271e-06
1.05373e-08
1.70774e-06
1.57821e-08
1.70137e-06
2.01669e-08
1.69388e-06
2.36642e-08
1.68556e-06
2.62363e-08
1.6767e-06
2.78361e-08
1.66764e-06
2.83983e-08
1.65871e-06
2.78581e-08
1.65031e-06
2.61559e-08
1.64283e-06
2.32567e-08
1.63667e-06
1.91594e-08
1.63222e-06
1.38725e-08
1.62987e-06
7.52425e-09
1.62984e-06
6.51486e-10
1.63244e-06
-6.89871e-09
1.63771e-06
-1.46631e-08
1.6456e-06
-2.2265e-08
1.65591e-06
-2.93353e-08
1.66836e-06
-3.55377e-08
1.68254e-06
-4.05854e-08
1.69798e-06
-4.42613e-08
1.71416e-06
-4.64298e-08
1.73053e-06
-4.70395e-08
1.74656e-06
-4.6123e-08
1.76176e-06
-4.37914e-08
1.7757e-06
-4.02151e-08
1.78802e-06
-3.56036e-08
1.79847e-06
-3.02008e-08
1.80686e-06
-2.42578e-08
1.8131e-06
-1.80167e-08
1.81719e-06
-1.17044e-08
1.81917e-06
-5.51703e-09
1.81915e-06
2.70363e-10
1.81734e-06
5.61106e-09
1.81395e-06
1.03293e-08
1.80923e-06
1.43594e-08
1.80342e-06
1.76501e-08
1.79679e-06
2.01604e-08
1.78961e-06
2.18566e-08
1.78215e-06
2.27134e-08
1.77471e-06
2.27136e-08
1.76756e-06
2.1847e-08
1.76099e-06
2.01132e-08
1.7553e-06
1.75348e-08
1.75073e-06
1.41572e-08
1.74756e-06
1.00392e-08
1.74603e-06
5.2427e-09
1.74625e-06
1.63081e-10
1.74839e-06
-5.28233e-09
1.75244e-06
-1.07766e-08
1.75834e-06
-1.60924e-08
1.76593e-06
-2.10013e-08
1.77501e-06
-2.52941e-08
1.7853e-06
-2.87908e-08
1.79645e-06
-3.13538e-08
1.80811e-06
-3.28956e-08
1.81991e-06
-3.33817e-08
1.83148e-06
-3.28282e-08
1.84248e-06
-3.12949e-08
1.85259e-06
-2.88836e-08
-2.57293e-08
2.28614e-06
2.96288e-08
2.27691e-06
2.75273e-08
2.26775e-06
2.31232e-08
2.25937e-06
1.68055e-08
2.25258e-06
8.66774e-09
2.24836e-06
-1.31807e-09
2.24747e-06
-1.3388e-08
2.25064e-06
-2.72906e-08
2.25839e-06
-4.25104e-08
2.27077e-06
-5.80258e-08
2.28748e-06
-7.29015e-08
2.30795e-06
-8.62061e-08
2.33127e-06
-9.70426e-08
2.35637e-06
-1.04721e-07
2.38212e-06
-1.08822e-07
2.40744e-06
-1.09189e-07
2.43137e-06
-1.05954e-07
2.45314e-06
-9.95183e-08
2.4722e-06
-9.0446e-08
2.4882e-06
-7.93477e-08
2.50099e-06
-6.68549e-08
2.51055e-06
-5.36082e-08
2.51699e-06
-4.02534e-08
2.52057e-06
-2.74268e-08
2.52164e-06
-1.5618e-08
2.52051e-06
-4.97343e-09
2.51749e-06
4.22261e-09
2.51285e-06
1.22563e-08
2.50681e-06
1.909e-08
2.49962e-06
2.47666e-08
2.49126e-06
2.96838e-08
2.48185e-06
3.37279e-08
2.47158e-06
3.67553e-08
2.46065e-06
3.872e-08
2.44934e-06
3.95064e-08
2.43792e-06
3.89385e-08
2.42676e-06
3.68037e-08
2.41634e-06
3.28546e-08
2.40723e-06
2.68647e-08
2.40002e-06
1.87437e-08
2.39508e-06
8.57903e-09
2.39353e-06
-3.15911e-09
2.3954e-06
-1.62719e-08
2.40094e-06
-3.00536e-08
2.41012e-06
-4.37287e-08
2.42271e-06
-5.65724e-08
2.43829e-06
-6.78739e-08
2.45625e-06
-7.70114e-08
2.47587e-06
-8.3528e-08
2.49635e-06
-8.71601e-08
2.5169e-06
-8.78147e-08
2.53677e-06
-8.55859e-08
2.55527e-06
-8.07292e-08
2.57186e-06
-7.36236e-08
2.58611e-06
-6.473e-08
2.59771e-06
-5.45522e-08
2.60652e-06
-4.35874e-08
2.61246e-06
-3.22918e-08
2.61558e-06
-2.1078e-08
2.61604e-06
-1.03426e-08
2.61409e-06
-3.97483e-10
2.60995e-06
8.5984e-09
2.60393e-06
1.65528e-08
2.59629e-06
2.3419e-08
2.58728e-06
2.9179e-08
2.57713e-06
3.38118e-08
2.56609e-06
3.72747e-08
2.55443e-06
3.94989e-08
2.54244e-06
4.03902e-08
2.53046e-06
3.98339e-08
2.5189e-06
3.77171e-08
2.5082e-06
3.39609e-08
2.49881e-06
2.85501e-08
2.49114e-06
2.15381e-08
2.48558e-06
1.30832e-08
2.48272e-06
3.51309e-09
2.48272e-06
-6.89835e-09
2.4857e-06
-1.76444e-08
2.49159e-06
-2.81533e-08
2.50019e-06
-3.79376e-08
2.51119e-06
-4.65306e-08
2.52413e-06
-5.35249e-08
2.53848e-06
-5.8614e-08
2.55367e-06
-6.16178e-08
2.56909e-06
-6.2466e-08
2.58418e-06
-6.12078e-08
2.59839e-06
-5.80079e-08
2.61129e-06
-5.31065e-08
2.62248e-06
-4.68025e-08
2.63171e-06
-3.9429e-08
2.63878e-06
-3.13291e-08
2.6436e-06
-2.28356e-08
2.64615e-06
-1.42482e-08
2.6465e-06
-5.86747e-09
2.64476e-06
2.00959e-09
2.64117e-06
9.20241e-09
2.63594e-06
1.55592e-08
2.62931e-06
2.09904e-08
2.62153e-06
2.54295e-08
2.61286e-06
2.88265e-08
2.60357e-06
3.11434e-08
2.59394e-06
3.23486e-08
2.58424e-06
3.24111e-08
2.57478e-06
3.13027e-08
2.56589e-06
2.90112e-08
2.55787e-06
2.55553e-08
2.55103e-06
2.0991e-08
2.54567e-06
1.54045e-08
2.54197e-06
8.93688e-09
2.54031e-06
1.82905e-09
2.54074e-06
-5.72015e-09
2.54334e-06
-1.33667e-08
2.548e-06
-2.07539e-08
2.55458e-06
-2.75815e-08
2.56284e-06
-3.35581e-08
2.57248e-06
-3.84272e-08
2.58312e-06
-4.19932e-08
2.59436e-06
-4.41357e-08
2.60578e-06
-4.4804e-08
2.61697e-06
-4.40199e-08
2.62755e-06
-4.18772e-08
2.63719e-06
-3.85224e-08
-3.41431e-08
3.4095e-06
5.0956e-08
3.38507e-06
5.19514e-08
3.35915e-06
4.90481e-08
3.33349e-06
4.24629e-08
3.3099e-06
3.22549e-08
3.29019e-06
1.83979e-08
3.27615e-06
6.47811e-10
3.26917e-06
-2.03073e-08
3.27047e-06
-4.38136e-08
3.2804e-06
-6.79503e-08
3.29843e-06
-9.09387e-08
3.32345e-06
-1.11223e-07
3.35372e-06
-1.27317e-07
3.38717e-06
-1.38166e-07
3.42161e-06
-1.43268e-07
3.45506e-06
-1.4263e-07
3.48579e-06
-1.36687e-07
3.51243e-06
-1.26156e-07
3.53398e-06
-1.11993e-07
3.54988e-06
-9.52574e-08
3.56002e-06
-7.69905e-08
3.5646e-06
-5.81868e-08
3.56414e-06
-3.9791e-08
3.55949e-06
-2.27851e-08
3.5517e-06
-7.82502e-09
3.54162e-06
5.10911e-09
3.5298e-06
1.60422e-08
3.51673e-06
2.5329e-08
3.50255e-06
3.32621e-08
3.48728e-06
4.0045e-08
3.47083e-06
4.61345e-08
3.45313e-06
5.14258e-08
3.43416e-06
5.57199e-08
3.41402e-06
5.88598e-08
3.39295e-06
6.05796e-08
3.37136e-06
6.05333e-08
3.34985e-06
5.83076e-08
3.32922e-06
5.34902e-08
3.31032e-06
4.57597e-08
3.29413e-06
3.49331e-08
3.28162e-06
2.10857e-08
3.27388e-06
4.58451e-09
3.27164e-06
-1.4027e-08
3.27534e-06
-3.37522e-08
3.28488e-06
-5.32764e-08
3.29983e-06
-7.15147e-08
3.31935e-06
-8.73968e-08
3.34233e-06
-9.99915e-08
3.36744e-06
-1.08636e-07
3.39329e-06
-1.13011e-07
3.41861e-06
-1.13133e-07
3.4423e-06
-1.09278e-07
3.46346e-06
-1.01891e-07
3.48141e-06
-9.15768e-08
3.49572e-06
-7.90336e-08
3.50614e-06
-6.49773e-08
3.51264e-06
-5.00844e-08
3.51529e-06
-3.49406e-08
3.51427e-06
-2.00651e-08
3.50998e-06
-6.05079e-09
3.50285e-06
6.7383e-09
3.49322e-06
1.82295e-08
3.48143e-06
2.83402e-08
3.46778e-06
3.70659e-08
3.45254e-06
4.44218e-08
3.43594e-06
5.04065e-08
3.41824e-06
5.49744e-08
3.39972e-06
5.80216e-08
3.38072e-06
5.93876e-08
3.3617e-06
5.88615e-08
3.34317e-06
5.62404e-08
3.32575e-06
5.13832e-08
3.31007e-06
4.42359e-08
3.29675e-06
3.48553e-08
3.28646e-06
2.33684e-08
3.27982e-06
1.01608e-08
3.27725e-06
-4.33279e-09
3.27902e-06
-1.94194e-08
3.28504e-06
-3.41663e-08
3.29493e-06
-4.7835e-08
3.30816e-06
-5.97569e-08
3.32398e-06
-6.93434e-08
3.34153e-06
-7.61671e-08
3.35992e-06
-8.00004e-08
3.37827e-06
-8.08177e-08
3.39583e-06
-7.87705e-08
3.41195e-06
-7.41276e-08
3.42609e-06
-6.72467e-08
3.43785e-06
-5.85593e-08
3.44695e-06
-4.85309e-08
3.45324e-06
-3.76163e-08
3.45663e-06
-2.62325e-08
3.45715e-06
-1.47657e-08
3.45493e-06
-3.64827e-09
3.45021e-06
6.73474e-09
3.44324e-06
1.61704e-08
3.4343e-06
2.44982e-08
3.42368e-06
3.16047e-08
3.4117e-06
3.74147e-08
3.39865e-06
4.18746e-08
3.38485e-06
4.49402e-08
3.37063e-06
4.65699e-08
3.35633e-06
4.67096e-08
3.34234e-06
4.53011e-08
3.32903e-06
4.23135e-08
3.31683e-06
3.77577e-08
3.30613e-06
3.16876e-08
3.29733e-06
2.42092e-08
3.29077e-06
1.54971e-08
3.28679e-06
5.8117e-09
3.2856e-06
-4.53302e-09
3.28731e-06
-1.50757e-08
3.2918e-06
-2.52446e-08
3.29883e-06
-3.4612e-08
3.30804e-06
-4.27724e-08
3.31898e-06
-4.93669e-08
3.33112e-06
-5.4127e-08
3.34389e-06
-5.69039e-08
3.35674e-06
-5.76554e-08
3.36916e-06
-5.64424e-08
3.3807e-06
-5.34128e-08
3.39095e-06
-4.87754e-08
-4.27928e-08
4.25027e-06
9.20941e-08
4.20062e-06
1.01607e-07
4.14621e-06
1.03454e-07
4.09125e-06
9.74292e-08
4.03993e-06
8.35753e-08
3.99616e-06
6.21677e-08
3.96318e-06
3.36205e-08
3.94415e-06
-1.27181e-09
3.94123e-06
-4.09005e-08
3.9552e-06
-8.19128e-08
3.98515e-06
-1.20887e-07
4.02877e-06
-1.54849e-07
4.08268e-06
-1.81221e-07
4.14265e-06
-1.98141e-07
4.20415e-06
-2.0477e-07
4.26309e-06
-2.01563e-07
4.31626e-06
-1.89857e-07
4.3614e-06
-1.71299e-07
4.39725e-06
-1.47847e-07
4.42338e-06
-1.21383e-07
4.43994e-06
-9.3549e-08
4.44747e-06
-6.5726e-08
4.44666e-06
-3.89778e-08
4.43872e-06
-1.48484e-08
4.42495e-06
5.94596e-09
4.40656e-06
2.35035e-08
4.38444e-06
3.81607e-08
4.35933e-06
5.04366e-08
4.33169e-06
6.09046e-08
4.30168e-06
7.00544e-08
4.26954e-06
7.82773e-08
4.23528e-06
8.56811e-08
4.19887e-06
9.21383e-08
4.16042e-06
9.73079e-08
4.12037e-06
1.0063e-07
4.07949e-06
1.01408e-07
4.03888e-06
9.89237e-08
3.99984e-06
9.25282e-08
3.96388e-06
8.17164e-08
3.93259e-06
6.62271e-08
3.90756e-06
4.61114e-08
3.89042e-06
2.17286e-08
3.88261e-06
-6.22312e-09
3.88521e-06
-3.63529e-08
3.89841e-06
-6.64761e-08
3.92161e-06
-9.47141e-08
3.95354e-06
-1.19319e-07
3.99233e-06
-1.38788e-07
4.03571e-06
-1.52017e-07
4.0811e-06
-1.58394e-07
4.12591e-06
-1.57949e-07
4.16793e-06
-1.51292e-07
4.20534e-06
-1.39303e-07
4.2368e-06
-1.23036e-07
4.26144e-06
-1.03679e-07
4.27887e-06
-8.24072e-08
4.28903e-06
-6.02397e-08
4.29209e-06
-3.79989e-08
4.28841e-06
-1.6385e-08
4.27869e-06
3.67062e-09
4.26384e-06
2.15841e-08
4.24484e-06
3.72264e-08
4.2225e-06
5.06809e-08
4.19747e-06
6.20941e-08
4.17028e-06
7.16185e-08
4.14133e-06
7.93543e-08
4.11101e-06
8.52991e-08
4.07971e-06
8.93204e-08
4.04793e-06
9.11601e-08
4.01633e-06
9.04703e-08
3.98565e-06
8.69167e-08
3.95678e-06
8.02521e-08
3.93068e-06
7.03385e-08
3.90835e-06
5.71824e-08
3.89076e-06
4.09598e-08
3.87886e-06
2.20551e-08
3.87349e-06
1.0426e-09
3.87521e-06
-2.11355e-08
3.8841e-06
-4.30575e-08
3.89971e-06
-6.3448e-08
3.9212e-06
-8.12431e-08
3.94736e-06
-9.55094e-08
3.97674e-06
-1.05547e-07
4.00769e-06
-1.10949e-07
4.03854e-06
-1.1167e-07
4.06782e-06
-1.08051e-07
4.09432e-06
-1.00626e-07
4.11708e-06
-9.00073e-08
4.13545e-06
-7.69228e-08
4.14903e-06
-6.21198e-08
4.1577e-06
-4.62823e-08
4.16146e-06
-2.99921e-08
4.16047e-06
-1.37789e-08
4.15505e-06
1.7797e-09
4.1457e-06
1.60808e-08
4.13304e-06
2.88313e-08
4.11762e-06
3.99142e-08
4.09996e-06
4.92674e-08
4.08052e-06
5.68536e-08
4.05975e-06
6.26427e-08
4.03809e-06
6.65999e-08
4.01599e-06
6.86779e-08
3.9939e-06
6.87918e-08
3.97236e-06
6.68444e-08
3.9519e-06
6.27705e-08
3.93311e-06
5.65524e-08
3.91656e-06
4.82353e-08
3.90283e-06
3.79389e-08
3.89246e-06
2.58703e-08
3.88593e-06
1.23349e-08
3.88367e-06
-2.27302e-09
3.88593e-06
-1.73304e-08
3.89264e-06
-3.19538e-08
3.90345e-06
-4.54253e-08
3.9178e-06
-5.71236e-08
3.93493e-06
-6.64974e-08
3.95393e-06
-7.31279e-08
3.9738e-06
-7.67732e-08
3.99356e-06
-7.74134e-08
4.01234e-06
-7.52243e-08
4.02942e-06
-7.04846e-08
4.04419e-06
-6.3547e-08
-5.4826e-08
4.63524e-06
1.48589e-07
4.56788e-06
1.68965e-07
4.49427e-06
1.77067e-07
4.42016e-06
1.71539e-07
4.35148e-06
1.52248e-07
4.29371e-06
1.19944e-07
4.25168e-06
7.56489e-08
4.22946e-06
2.09442e-08
4.22948e-06
-4.09153e-08
4.2528e-06
-1.05237e-07
4.299e-06
-1.6708e-07
4.36617e-06
-2.2202e-07
4.45119e-06
-2.66246e-07
4.54978e-06
-2.96734e-07
4.6564e-06
-3.11386e-07
4.76408e-06
-3.09247e-07
4.86537e-06
-2.91139e-07
4.95375e-06
-2.59687e-07
5.02458e-06
-2.18667e-07
5.07531e-06
-1.72118e-07
5.10559e-06
-1.23828e-07
5.11653e-06
-7.66637e-08
5.11035e-06
-3.28039e-08
5.09e-06
5.51014e-09
5.05928e-06
3.66585e-08
5.02219e-06
6.05956e-08
4.98162e-06
7.87298e-08
4.93926e-06
9.2796e-08
4.89578e-06
1.0439e-07
4.85112e-06
1.14707e-07
4.80483e-06
1.24567e-07
4.75623e-06
1.34288e-07
4.70474e-06
1.43624e-07
4.65022e-06
1.51826e-07
4.5931e-06
1.57751e-07
4.53447e-06
1.60039e-07
4.47602e-06
1.57378e-07
4.41977e-06
1.48775e-07
4.3679e-06
1.3359e-07
4.32263e-06
1.11492e-07
4.28624e-06
8.25027e-08
4.26088e-06
4.70909e-08
4.24832e-06
6.33405e-09
4.24973e-06
-3.77603e-08
4.26553e-06
-8.22812e-08
4.29524e-06
-1.24422e-07
4.33757e-06
-1.61653e-07
4.39064e-06
-1.91853e-07
4.45203e-06
-2.13406e-07
4.51889e-06
-2.25261e-07
4.58791e-06
-2.26967e-07
4.65543e-06
-2.18808e-07
4.71805e-06
-2.0192e-07
4.77301e-06
-1.77997e-07
4.81827e-06
-1.48939e-07
4.85262e-06
-1.16759e-07
4.8756e-06
-8.32235e-08
4.88733e-06
-4.97238e-08
4.88808e-06
-1.71395e-08
4.87874e-06
1.3015e-08
4.8603e-06
4.00233e-08
4.83441e-06
6.31161e-08
4.80255e-06
8.2535e-08
4.76598e-06
9.86681e-08
4.7257e-06
1.11895e-07
4.68256e-06
1.22495e-07
4.6373e-06
1.30568e-07
4.59063e-06
1.35982e-07
4.54344e-06
1.38353e-07
4.49672e-06
1.37196e-07
4.45154e-06
1.3209e-07
4.40911e-06
1.22685e-07
4.3707e-06
1.08749e-07
4.33762e-06
9.02608e-08
4.31117e-06
6.7412e-08
4.29258e-06
4.06448e-08
4.28291e-06
1.07076e-08
4.2828e-06
-2.10233e-08
4.29254e-06
-5.27958e-08
4.31177e-06
-8.26826e-08
4.33966e-06
-1.09131e-07
4.37496e-06
-1.30809e-07
4.4161e-06
-1.4669e-07
4.46126e-06
-1.56107e-07
4.50837e-06
-1.58775e-07
4.55511e-06
-1.54798e-07
4.59928e-06
-1.44789e-07
4.63899e-06
-1.29722e-07
4.67276e-06
-1.10688e-07
4.69951e-06
-8.88704e-08
4.71863e-06
-6.54084e-08
4.72992e-06
-4.12761e-08
4.73339e-06
-1.72547e-08
4.72928e-06
5.89506e-09
4.7181e-06
2.72544e-08
4.70081e-06
4.61191e-08
4.67854e-06
6.21867e-08
4.65236e-06
7.54477e-08
4.62325e-06
8.59706e-08
4.59206e-06
9.38239e-08
4.55961e-06
9.90497e-08
4.52664e-06
1.0165e-07
4.49386e-06
1.01571e-07
4.46199e-06
9.87221e-08
4.43175e-06
9.30095e-08
4.40391e-06
8.43931e-08
4.37923e-06
7.29126e-08
4.35847e-06
5.86967e-08
4.34238e-06
4.19571e-08
4.33161e-06
2.31111e-08
4.32671e-06
2.62062e-09
4.32809e-06
-1.87062e-08
4.33587e-06
-3.97331e-08
4.34978e-06
-5.93377e-08
4.36925e-06
-7.65891e-08
4.39342e-06
-9.06726e-08
4.42123e-06
-1.00939e-07
4.45142e-06
-1.06957e-07
4.48254e-06
-1.0854e-07
4.51312e-06
-1.05798e-07
4.54177e-06
-9.91359e-08
4.56735e-06
-8.91266e-08
-7.64064e-08
4.86645e-06
2.21854e-07
4.7867e-06
2.4871e-07
4.70382e-06
2.59948e-07
4.62283e-06
2.52533e-07
4.5494e-06
2.25674e-07
4.4892e-06
1.80141e-07
4.44739e-06
1.17466e-07
4.42763e-06
4.07028e-08
4.43147e-06
-4.47574e-08
4.45944e-06
-1.3321e-07
4.51082e-06
-2.1846e-07
4.58395e-06
-2.95147e-07
4.67651e-06
-3.58811e-07
4.78575e-06
-4.05969e-07
4.90849e-06
-4.34128e-07
5.04097e-06
-4.4172e-07
5.1779e-06
-4.28078e-07
5.31187e-06
-3.93655e-07
5.43422e-06
-3.41013e-07
5.53688e-06
-2.74778e-07
5.61389e-06
-2.00844e-07
5.66205e-06
-1.24815e-07
5.68073e-06
-5.14865e-08
5.67061e-06
1.56284e-08
5.63466e-06
7.2604e-08
5.57845e-06
1.16809e-07
5.50947e-06
1.47714e-07
5.43456e-06
1.677e-07
5.35866e-06
1.80294e-07
5.28424e-06
1.89128e-07
5.21195e-06
1.96854e-07
5.14145e-06
2.04786e-07
5.07198e-06
2.13094e-07
5.00288e-06
2.20928e-07
4.93396e-06
2.26674e-07
4.86567e-06
2.28328e-07
4.79912e-06
2.23923e-07
4.73604e-06
2.11863e-07
4.67857e-06
1.91052e-07
4.62912e-06
1.60941e-07
4.59008e-06
1.21545e-07
4.56369e-06
7.34859e-08
4.55161e-06
1.84122e-08
4.5546e-06
-4.07525e-08
4.57279e-06
-1.00475e-07
4.60552e-06
-1.57149e-07
4.65149e-06
-2.07624e-07
4.70903e-06
-2.49395e-07
4.77618e-06
-2.80551e-07
4.85071e-06
-2.99795e-07
4.93021e-06
-3.06467e-07
5.01183e-06
-3.00425e-07
5.09201e-06
-2.82095e-07
5.16682e-06
-2.52808e-07
5.23262e-06
-2.14741e-07
5.2865e-06
-1.70638e-07
5.32644e-06
-1.23167e-07
5.35149e-06
-7.47779e-08
5.36172e-06
-2.73638e-08
5.35736e-06
1.7373e-08
5.33948e-06
5.79034e-08
5.30985e-06
9.2745e-08
5.2709e-06
1.21484e-07
5.22496e-06
1.4461e-07
5.174e-06
1.62856e-07
5.1196e-06
1.7689e-07
5.06305e-06
1.87123e-07
5.00549e-06
1.9354e-07
4.94806e-06
1.95786e-07
4.89186e-06
1.93392e-07
4.83809e-06
1.8586e-07
4.78803e-06
1.72751e-07
4.74298e-06
1.5379e-07
4.70434e-06
1.28904e-07
4.67347e-06
9.82799e-08
4.65166e-06
6.24552e-08
4.64004e-06
2.23257e-08
4.63883e-06
-1.98092e-08
4.64824e-06
-6.22103e-08
4.66786e-06
-1.02295e-07
4.69684e-06
-1.38109e-07
4.73402e-06
-1.67992e-07
4.778e-06
-1.90672e-07
4.82719e-06
-2.053e-07
4.87992e-06
-2.115e-07
4.93439e-06
-2.0927e-07
4.98851e-06
-1.98906e-07
5.03994e-06
-1.81151e-07
5.08648e-06
-1.57226e-07
5.12627e-06
-1.28661e-07
5.15785e-06
-9.69952e-08
5.1803e-06
-6.37253e-08
5.19319e-06
-3.01402e-08
5.19643e-06
2.65034e-09
5.19013e-06
3.35623e-08
5.17479e-06
6.1454e-08
5.1515e-06
8.54746e-08
5.12173e-06
1.05217e-07
5.08701e-06
1.20692e-07
5.04881e-06
1.32027e-07
5.00848e-06
1.39384e-07
4.96724e-06
1.42882e-07
4.92621e-06
1.42601e-07
4.88636e-06
1.38576e-07
4.84859e-06
1.30775e-07
4.8138e-06
1.19184e-07
4.78285e-06
1.03869e-07
4.75655e-06
8.4992e-08
4.73568e-06
6.28249e-08
4.72099e-06
3.78029e-08
4.71303e-06
1.05797e-08
4.7121e-06
-1.77792e-08
4.71833e-06
-4.59552e-08
4.73151e-06
-7.2517e-08
4.75114e-06
-9.62218e-08
4.77646e-06
-1.15994e-07
4.80649e-06
-1.30966e-07
4.84012e-06
-1.40587e-07
4.87619e-06
-1.44612e-07
4.91342e-06
-1.43029e-07
4.9503e-06
-1.36014e-07
4.98521e-06
-1.24044e-07
-1.07892e-07
5.14442e-06
3.20677e-07
5.05228e-06
3.40848e-07
4.96641e-06
3.4582e-07
4.88868e-06
3.30257e-07
4.82268e-06
2.91681e-07
4.77216e-06
2.3066e-07
4.74026e-06
1.49365e-07
4.7289e-06
5.20634e-08
4.73922e-06
-5.50812e-08
4.77123e-06
-1.6522e-07
4.82367e-06
-2.70902e-07
4.89458e-06
-3.66051e-07
4.98164e-06
-4.45875e-07
5.08249e-06
-5.06818e-07
5.19492e-06
-5.46555e-07
5.3169e-06
-5.63705e-07
5.44636e-06
-5.57536e-07
5.58062e-06
-5.27917e-07
5.71514e-06
-4.75535e-07
5.84284e-06
-4.02476e-07
5.95533e-06
-3.1333e-07
6.04483e-06
-2.14314e-07
6.10596e-06
-1.12623e-07
6.13583e-06
-1.42406e-08
6.13255e-06
7.5885e-08
6.09579e-06
1.53574e-07
6.02927e-06
2.1423e-07
5.94061e-06
2.56362e-07
5.83937e-06
2.81531e-07
5.73425e-06
2.94249e-07
5.63119e-06
2.99918e-07
5.53311e-06
3.02859e-07
5.44106e-06
3.05145e-07
5.35502e-06
3.06965e-07
5.27467e-06
3.07034e-07
5.19983e-06
3.03164e-07
5.13079e-06
2.92958e-07
5.06841e-06
2.74247e-07
5.01412e-06
2.45339e-07
4.96971e-06
2.05353e-07
4.93688e-06
1.54374e-07
4.91697e-06
9.33967e-08
4.91073e-06
2.46505e-08
4.91847e-06
-4.84911e-08
4.93979e-06
-1.21794e-07
4.97355e-06
-1.90905e-07
5.01835e-06
-2.52425e-07
5.07266e-06
-3.03704e-07
5.13486e-06
-3.42751e-07
5.20341e-06
-3.68344e-07
5.27689e-06
-3.79949e-07
5.35381e-06
-3.77349e-07
5.43234e-06
-3.60619e-07
5.50982e-06
-3.30287e-07
5.58272e-06
-2.87647e-07
5.64723e-06
-2.35148e-07
5.69996e-06
-1.75892e-07
5.73842e-06
-1.13239e-07
5.76109e-06
-5.00344e-08
5.76734e-06
1.11226e-08
5.75722e-06
6.80226e-08
5.73147e-06
1.18494e-07
5.69209e-06
1.60862e-07
5.64207e-06
1.94636e-07
5.58464e-06
2.2028e-07
5.52281e-06
2.38725e-07
5.45905e-06
2.50881e-07
5.39529e-06
2.57296e-07
5.33296e-06
2.58122e-07
5.27321e-06
2.5314e-07
5.21717e-06
2.41897e-07
5.166e-06
2.23925e-07
5.12089e-06
1.989e-07
5.08308e-06
1.66715e-07
5.05373e-06
1.27627e-07
5.03388e-06
8.23052e-08
5.02391e-06
3.22933e-08
5.02435e-06
-2.02427e-08
5.03468e-06
-7.25469e-08
5.0543e-06
-1.2191e-07
5.08226e-06
-1.66069e-07
5.11741e-06
-2.0314e-07
5.15844e-06
-2.317e-07
5.20402e-06
-2.50879e-07
5.25291e-06
-2.60397e-07
5.30392e-06
-2.60279e-07
5.35575e-06
-2.50736e-07
5.40681e-06
-2.32211e-07
5.45515e-06
-2.0556e-07
5.4987e-06
-1.7222e-07
5.53564e-06
-1.33933e-07
5.5645e-06
-9.25852e-08
5.58426e-06
-4.98942e-08
5.59437e-06
-7.46525e-09
5.59469e-06
3.32417e-08
5.58524e-06
7.09061e-08
5.56645e-06
1.04261e-07
5.53939e-06
1.32281e-07
5.50554e-06
1.5454e-07
5.46669e-06
1.70875e-07
5.42463e-06
1.81443e-07
5.38102e-06
1.86499e-07
5.33732e-06
1.86303e-07
5.2948e-06
1.81092e-07
5.25456e-06
1.71017e-07
5.21757e-06
1.5617e-07
5.18473e-06
1.36706e-07
5.15688e-06
1.12851e-07
5.13476e-06
8.49444e-08
5.11902e-06
5.35432e-08
5.11013e-06
1.94638e-08
5.10824e-06
-1.58911e-08
5.11327e-06
-5.09827e-08
5.12493e-06
-8.4172e-08
5.14268e-06
-1.13973e-07
5.16576e-06
-1.39082e-07
5.19328e-06
-1.5848e-07
5.22427e-06
-1.71579e-07
5.25782e-06
-1.78157e-07
5.29299e-06
-1.78198e-07
5.32879e-06
-1.7182e-07
5.36405e-06
-1.59305e-07
-1.4124e-07
5.49405e-06
5.38644e-06
5.29589e-06
5.22125e-06
5.16309e-06
5.12249e-06
5.10067e-06
5.09854e-06
5.11666e-06
5.15435e-06
5.20963e-06
5.28023e-06
5.36374e-06
5.45772e-06
5.55973e-06
5.66743e-06
5.77882e-06
5.89232e-06
6.0066e-06
6.12009e-06
6.22926e-06
6.32808e-06
6.40959e-06
6.46808e-06
6.4995e-06
6.50079e-06
6.46874e-06
6.40346e-06
6.30977e-06
6.19691e-06
6.07578e-06
5.95572e-06
5.84243e-06
5.73867e-06
5.64564e-06
5.56362e-06
5.49246e-06
5.43217e-06
5.38332e-06
5.34656e-06
5.32226e-06
5.31066e-06
5.31179e-06
5.32543e-06
5.35057e-06
5.38582e-06
5.42972e-06
5.4807e-06
5.53731e-06
5.59821e-06
5.66207e-06
5.7276e-06
5.7937e-06
5.85922e-06
5.92279e-06
5.98227e-06
6.03469e-06
6.07688e-06
6.1063e-06
6.12131e-06
6.12102e-06
6.10502e-06
6.0736e-06
6.02852e-06
5.97271e-06
5.90986e-06
5.84371e-06
5.77743e-06
5.71327e-06
5.65284e-06
5.59743e-06
5.5482e-06
5.5062e-06
5.47237e-06
5.44742e-06
5.43179e-06
5.42576e-06
5.42938e-06
5.44204e-06
5.46282e-06
5.49054e-06
5.52392e-06
5.56169e-06
5.60271e-06
5.64584e-06
5.68999e-06
5.73423e-06
5.77761e-06
5.81912e-06
5.85756e-06
5.89145e-06
5.91922e-06
5.93963e-06
5.95187e-06
5.95555e-06
5.95056e-06
5.93703e-06
5.91531e-06
5.88639e-06
5.85175e-06
5.81306e-06
5.77208e-06
5.73042e-06
5.68957e-06
5.65082e-06
5.61531e-06
5.584e-06
5.55769e-06
5.5371e-06
5.52277e-06
5.51506e-06
5.51416e-06
5.5198e-06
5.53145e-06
5.54837e-06
5.5697e-06
5.59456e-06
5.62206e-06
5.65131e-06
5.68152e-06
5.71195e-06
5.74182e-06
)
;

boundaryField
{
    inlet
    {
        type            calculated;
        value           nonuniform List<scalar> 0();
    }
    outlet
    {
        type            calculated;
        value           nonuniform List<scalar> 0();
    }
    topWall
    {
        type            calculated;
        value           nonuniform List<scalar> 0();
    }
    lowerWall
    {
        type            calculated;
        value           uniform 0;
    }
    leadingEdge
    {
        type            calculated;
        value           nonuniform List<scalar> 0();
    }
    trailingEdge
    {
        type            calculated;
        value           nonuniform List<scalar> 0();
    }
    upperSurface
    {
        type            calculated;
        value           nonuniform List<scalar> 0();
    }
    lowerSurface
    {
        type            calculated;
        value           nonuniform List<scalar> 0();
    }
    frontAndBack
    {
        type            empty;
        value           nonuniform List<scalar> 0();
    }
    procBoundary2to1
    {
        type            processor;
        value           nonuniform List<scalar> 
14
(
-6.02655e-06
-6.401e-06
-6.70555e-06
-6.91781e-06
4.90794e-08
-3.51681e-07
-1.17546e-06
-2.2947e-06
-3.43082e-06
-4.29141e-06
-4.69173e-06
-4.93971e-06
-5.24324e-06
-5.62176e-06
)
;
    }
    procBoundary2to3
    {
        type            processor;
        value           nonuniform List<scalar> 
16
(
6.128e-06
-1.9223e-07
6.42799e-06
6.68058e-06
6.842e-06
6.90492e-06
3.77111e-07
1.10397e-06
1.86157e-06
2.64561e-06
3.3996e-06
4.05622e-06
4.58893e-06
5.0167e-06
5.3974e-06
5.77033e-06
)
;
    }
    procBoundary2to6
    {
        type            processor;
        value           nonuniform List<scalar> 
123
(
9.63198e-07
8.72374e-07
7.67242e-07
-6.89283e-06
6.66646e-07
5.17618e-07
3.53451e-07
1.75595e-07
-1.13102e-08
-1.97662e-07
-3.74287e-07
-5.34145e-07
-6.71339e-07
-7.81115e-07
-8.59933e-07
-9.06589e-07
-9.25407e-07
-9.23282e-07
-8.90075e-07
-8.28518e-07
-7.44725e-07
-6.42496e-07
-5.24738e-07
-3.94005e-07
-2.52656e-07
-1.02828e-07
4.97977e-08
1.97885e-07
3.35584e-07
4.58306e-07
5.6243e-07
6.44253e-07
6.99928e-07
7.29841e-07
7.3999e-07
7.37249e-07
7.06536e-07
6.51404e-07
5.77121e-07
4.87119e-07
3.83519e-07
2.68702e-07
1.46084e-07
2.01433e-08
-1.031e-07
-2.19599e-07
-3.2563e-07
-4.17674e-07
-4.92054e-07
-5.45914e-07
-5.79034e-07
-5.94039e-07
-5.96388e-07
-5.83913e-07
-5.47309e-07
-4.93048e-07
-4.23418e-07
-3.41172e-07
-2.48938e-07
-1.49388e-07
-4.592e-08
5.65652e-08
1.54063e-07
2.43266e-07
3.21356e-07
3.85521e-07
4.33606e-07
4.64819e-07
4.80454e-07
4.84478e-07
4.78962e-07
4.53492e-07
4.12367e-07
3.57854e-07
2.92132e-07
2.1742e-07
1.3603e-07
5.07968e-08
-3.4258e-08
-1.15666e-07
-1.90313e-07
-2.55519e-07
-3.0915e-07
-3.49444e-07
-3.75778e-07
-3.89279e-07
-3.92987e-07
-3.89795e-07
-3.70582e-07
-3.38367e-07
-2.95057e-07
-2.42258e-07
-1.81691e-07
-1.15203e-07
-4.50979e-08
2.50445e-08
9.2285e-08
1.54234e-07
2.08485e-07
2.52764e-07
2.85728e-07
3.07017e-07
3.17556e-07
3.20272e-07
3.177e-07
3.0173e-07
2.75389e-07
2.40146e-07
1.9724e-07
1.48036e-07
9.39156e-08
3.65916e-08
-2.10085e-08
-7.62973e-08
-1.27201e-07
-1.71653e-07
-2.07872e-07
-2.34766e-07
-2.52123e-07
-2.60761e-07
-2.62832e-07
-2.59899e-07
-2.46328e-07
)
;
    }
}


// ************************************************************************* //
