/*--------------------------------*- C++ -*----------------------------------*\
| =========                 |                                                 |
| \\      /  F ield         | OpenFOAM: The Open Source CFD Toolbox           |
|  \\    /   O peration     | Version:  2206                                  |
|   \\  /    A nd           | Website:  www.openfoam.com                      |
|    \\/     M anipulation  |                                                 |
\*---------------------------------------------------------------------------*/
FoamFile
{
    version     2.0;
    format      ascii;
    arch        "LSB;label=32;scalar=64";
    class       surfaceScalarField;
    location    "18.6";
    object      phi;
}
// * * * * * * * * * * * * * * * * * * * * * * * * * * * * * * * * * * * * * //

dimensions      [0 3 -1 0 0 0 0];

oriented        oriented;

internalField   nonuniform List<scalar> 
3600
(
4.43327e-06
-2.29234e-09
1.82258e-09
4.43468e-06
-6.89324e-09
5.47932e-09
4.43698e-06
-1.12855e-08
8.99397e-09
4.44003e-06
-1.53145e-08
1.22599e-08
4.44372e-06
-1.89097e-08
1.52177e-08
4.44794e-06
-2.20778e-08
1.78571e-08
4.45261e-06
-2.48576e-08
2.01934e-08
4.45764e-06
-2.72836e-08
2.22482e-08
4.46299e-06
-2.93888e-08
2.40444e-08
4.46859e-06
-3.12099e-08
2.56076e-08
4.47441e-06
-3.27852e-08
2.69658e-08
4.48041e-06
-3.41505e-08
2.81463e-08
4.48658e-06
-3.53372e-08
2.91738e-08
4.49288e-06
-3.63722e-08
3.00698e-08
4.4993e-06
-3.72772e-08
3.08526e-08
4.50584e-06
-3.80699e-08
3.1537e-08
4.51246e-06
-3.87641e-08
3.21356e-08
4.51918e-06
-3.93717e-08
3.26583e-08
4.52597e-06
-3.99022e-08
3.31136e-08
4.53282e-06
-4.03631e-08
3.35082e-08
4.53973e-06
-4.07602e-08
3.38471e-08
4.5467e-06
-4.10979e-08
3.41345e-08
4.5537e-06
-4.13793e-08
3.43732e-08
4.56075e-06
-4.16068e-08
3.45653e-08
4.56781e-06
-4.17817e-08
3.47124e-08
4.5749e-06
-4.19044e-08
3.48149e-08
4.58201e-06
-4.19749e-08
3.48732e-08
4.58911e-06
-4.1993e-08
3.48872e-08
4.59621e-06
-4.19582e-08
3.48566e-08
4.6033e-06
-4.187e-08
3.47809e-08
4.61037e-06
-4.17272e-08
3.46593e-08
4.61741e-06
-4.1528e-08
3.44909e-08
4.6244e-06
-4.12707e-08
3.42745e-08
4.63135e-06
-4.09549e-08
3.401e-08
4.63823e-06
-4.05806e-08
3.36972e-08
4.64504e-06
-4.01484e-08
3.33367e-08
4.65177e-06
-3.96592e-08
3.29293e-08
4.65841e-06
-3.91146e-08
3.24761e-08
4.66495e-06
-3.85164e-08
3.19786e-08
4.67138e-06
-3.78667e-08
3.14385e-08
4.67769e-06
-3.71681e-08
3.08579e-08
4.68387e-06
-3.64235e-08
3.0239e-08
4.68992e-06
-3.56364e-08
2.95847e-08
4.69584e-06
-3.48103e-08
2.88973e-08
4.70161e-06
-3.39482e-08
2.81796e-08
4.70723e-06
-3.30531e-08
2.74339e-08
4.71269e-06
-3.21282e-08
2.66629e-08
4.718e-06
-3.11769e-08
2.5869e-08
4.72315e-06
-3.02026e-08
2.50548e-08
4.72813e-06
-2.92088e-08
2.42227e-08
4.73296e-06
-2.81987e-08
2.33743e-08
4.73762e-06
-2.71735e-08
2.2511e-08
4.74212e-06
-2.61328e-08
2.1632e-08
4.74646e-06
-2.50752e-08
2.07362e-08
4.75064e-06
-2.39986e-08
1.98217e-08
4.75465e-06
-2.29002e-08
1.88854e-08
4.7585e-06
-2.17758e-08
1.79238e-08
4.76219e-06
-2.06199e-08
1.69314e-08
4.76571e-06
-1.94252e-08
1.59022e-08
4.76907e-06
-1.8183e-08
1.48274e-08
4.77225e-06
-1.68821e-08
1.36984e-08
4.77526e-06
-1.55099e-08
1.25022e-08
4.77808e-06
-1.40498e-08
1.12262e-08
4.78072e-06
-1.24849e-08
9.8528e-09
4.78315e-06
-1.07928e-08
8.36368e-09
4.78536e-06
-8.94928e-09
6.73788e-09
4.78734e-06
-6.92714e-09
4.94864e-09
4.78906e-06
-4.6918e-09
2.97127e-09
4.79049e-06
-2.20333e-09
7.66521e-10
4.79162e-06
5.82192e-10
-1.70488e-09
4.79239e-06
3.71905e-09
-4.4907e-09
4.79277e-06
7.2665e-09
-7.64447e-09
4.7927e-06
1.12962e-08
-1.1231e-08
4.79213e-06
1.58912e-08
-1.5325e-08
4.791e-06
2.11493e-08
-2.00146e-08
4.78922e-06
2.71852e-08
-2.54044e-08
4.7867e-06
3.41349e-08
-3.16188e-08
4.78335e-06
4.21619e-08
-3.88072e-08
4.77903e-06
5.1463e-08
-4.71494e-08
4.77362e-06
6.22736e-08
-5.68628e-08
4.76696e-06
7.48776e-08
-6.82106e-08
4.75885e-06
8.9619e-08
-8.15136e-08
4.7491e-06
1.06919e-07
-9.71653e-08
4.73746e-06
1.27292e-07
-1.1565e-07
4.72365e-06
1.51369e-07
-1.37566e-07
4.70739e-06
1.79923e-07
-1.63658e-07
4.68833e-06
2.13916e-07
-1.94856e-07
4.66611e-06
2.54553e-07
-2.32336e-07
4.64036e-06
3.03348e-07
-2.77594e-07
4.61068e-06
3.62223e-07
-3.32545e-07
4.57671e-06
4.33631e-07
-3.99664e-07
4.53816e-06
5.20732e-07
-4.82179e-07
4.49487e-06
6.27621e-07
-5.84338e-07
4.44703e-06
7.59712e-07
-7.11866e-07
4.39525e-06
9.24206e-07
-8.72433e-07
4.34131e-06
1.13132e-06
-1.07738e-06
4.28784e-06
1.39477e-06
-1.3413e-06
4.24383e-06
1.73778e-06
-1.69378e-06
4.22344e-06
2.18224e-06
-2.16185e-06
4.33444e-06
2.78925e-06
-2.90025e-06
4.80708e-06
3.42383e-06
-3.89647e-06
4.64623e-06
6.8479e-06
-6.68706e-06
4.43335e-06
-2.84135e-09
4.435e-06
-8.54675e-09
4.43765e-06
-1.39334e-08
4.44112e-06
-1.87813e-08
4.44523e-06
-2.30236e-08
4.44986e-06
-2.6702e-08
4.4549e-06
-2.98972e-08
4.46027e-06
-3.26599e-08
4.46592e-06
-3.50358e-08
4.47178e-06
-3.70765e-08
4.47783e-06
-3.8833e-08
4.48403e-06
-4.03509e-08
4.49037e-06
-4.16692e-08
4.49681e-06
-4.28203e-08
4.50337e-06
-4.38294e-08
4.51001e-06
-4.47153e-08
4.51674e-06
-4.54932e-08
4.52354e-06
-4.6176e-08
4.53042e-06
-4.67742e-08
4.53735e-06
-4.72957e-08
4.54434e-06
-4.77466e-08
4.55137e-06
-4.81315e-08
4.55844e-06
-4.84536e-08
4.56555e-06
-4.87152e-08
4.57269e-06
-4.89177e-08
4.57984e-06
-4.90607e-08
4.58701e-06
-4.91437e-08
4.59419e-06
-4.91664e-08
4.60136e-06
-4.91287e-08
4.60852e-06
-4.90298e-08
4.61566e-06
-4.88675e-08
4.62277e-06
-4.86387e-08
4.62984e-06
-4.8341e-08
4.63686e-06
-4.79738e-08
4.64381e-06
-4.75373e-08
4.6507e-06
-4.70322e-08
4.6575e-06
-4.64598e-08
4.6642e-06
-4.5822e-08
4.67081e-06
-4.51207e-08
4.6773e-06
-4.43586e-08
4.68367e-06
-4.35386e-08
4.68991e-06
-4.26647e-08
4.69602e-06
-4.17414e-08
4.70198e-06
-4.07732e-08
4.7078e-06
-3.97632e-08
4.71346e-06
-3.87149e-08
4.71896e-06
-3.76324e-08
4.7243e-06
-3.65197e-08
4.72948e-06
-3.53813e-08
4.7345e-06
-3.42225e-08
4.73935e-06
-3.30491e-08
4.74404e-06
-3.18629e-08
4.74857e-06
-3.06618e-08
4.75293e-06
-2.94442e-08
4.75714e-06
-2.82084e-08
4.7612e-06
-2.69518e-08
4.76509e-06
-2.56702e-08
4.76883e-06
-2.43577e-08
4.77241e-06
-2.30068e-08
4.77583e-06
-2.16078e-08
4.7791e-06
-2.01492e-08
4.78221e-06
-1.86161e-08
4.78515e-06
-1.69925e-08
4.78792e-06
-1.52575e-08
4.79052e-06
-1.33886e-08
4.79293e-06
-1.13587e-08
4.79514e-06
-9.13602e-09
4.79713e-06
-6.68345e-09
4.79888e-06
-3.95842e-09
4.80038e-06
-9.12384e-10
4.80159e-06
2.51167e-09
4.80247e-06
6.37942e-09
4.803e-06
1.07653e-08
4.80314e-06
1.57596e-08
4.80282e-06
2.14665e-08
4.802e-06
2.80066e-08
4.80061e-06
3.55211e-08
4.79859e-06
4.41818e-08
4.79586e-06
5.41949e-08
4.79233e-06
6.58049e-08
4.7879e-06
7.93036e-08
4.78248e-06
9.50417e-08
4.77595e-06
1.13449e-07
4.76819e-06
1.35048e-07
4.75909e-06
1.60469e-07
4.74855e-06
1.90471e-07
4.73647e-06
2.25988e-07
4.72285e-06
2.68178e-07
4.70773e-06
3.18469e-07
4.6913e-06
3.78654e-07
4.67395e-06
4.5098e-07
4.65641e-06
5.38267e-07
4.63998e-06
6.44055e-07
4.62692e-06
7.72773e-07
4.62105e-06
9.30074e-07
4.62951e-06
1.12287e-06
4.66435e-06
1.35993e-06
4.75262e-06
1.64951e-06
4.9371e-06
1.99776e-06
5.31203e-06
2.41432e-06
5.95891e-06
2.77695e-06
3.6397e-06
6.96544e-06
4.43346e-06
-3.50527e-09
4.43549e-06
-1.05694e-08
4.43866e-06
-1.7104e-08
4.44269e-06
-2.28163e-08
4.44735e-06
-2.76806e-08
4.45248e-06
-3.18319e-08
4.45798e-06
-3.54007e-08
4.46377e-06
-3.8451e-08
4.46978e-06
-4.10459e-08
4.47597e-06
-4.32583e-08
4.48228e-06
-4.5152e-08
4.48872e-06
-4.67831e-08
4.49525e-06
-4.82e-08
4.50187e-06
-4.94412e-08
4.50857e-06
-5.05333e-08
4.51535e-06
-5.14948e-08
4.5222e-06
-5.2342e-08
4.52911e-06
-5.30888e-08
4.53609e-06
-5.37459e-08
4.54311e-06
-5.43213e-08
4.55018e-06
-5.48208e-08
4.5573e-06
-5.52491e-08
4.56446e-06
-5.56092e-08
4.57165e-06
-5.59039e-08
4.57886e-06
-5.61336e-08
4.5861e-06
-5.62967e-08
4.59335e-06
-5.63922e-08
4.6006e-06
-5.64192e-08
4.60785e-06
-5.63791e-08
4.61509e-06
-5.62724e-08
4.62232e-06
-5.60945e-08
4.62952e-06
-5.58389e-08
4.63668e-06
-5.55014e-08
4.64379e-06
-5.5083e-08
4.65084e-06
-5.45833e-08
4.65781e-06
-5.40042e-08
4.66469e-06
-5.33465e-08
4.67149e-06
-5.26135e-08
4.67817e-06
-5.18064e-08
4.68474e-06
-5.09291e-08
4.69119e-06
-4.99833e-08
4.6975e-06
-4.89754e-08
4.70367e-06
-4.79112e-08
4.70969e-06
-4.67979e-08
4.71557e-06
-4.56361e-08
4.72128e-06
-4.44311e-08
4.72684e-06
-4.31863e-08
4.73222e-06
-4.19082e-08
4.73744e-06
-4.05999e-08
4.74249e-06
-3.92704e-08
4.74737e-06
-3.79305e-08
4.75209e-06
-3.65833e-08
4.75665e-06
-3.52224e-08
4.76106e-06
-3.38472e-08
4.7653e-06
-3.24552e-08
4.7694e-06
-3.10447e-08
4.77334e-06
-2.96117e-08
4.77713e-06
-2.81501e-08
4.78077e-06
-2.66524e-08
4.78428e-06
-2.51086e-08
4.78763e-06
-2.35061e-08
4.79085e-06
-2.18302e-08
4.79392e-06
-2.00623e-08
4.79684e-06
-1.81819e-08
4.79962e-06
-1.61641e-08
4.80224e-06
-1.39795e-08
4.8047e-06
-1.15943e-08
4.80698e-06
-8.96856e-09
4.80908e-06
-6.0567e-09
4.81097e-06
-2.80751e-09
4.81265e-06
8.35742e-10
4.81408e-06
4.94566e-09
4.81525e-06
9.59636e-09
4.81613e-06
1.48827e-08
4.81668e-06
2.09121e-08
4.81688e-06
2.78057e-08
4.8167e-06
3.57062e-08
4.81609e-06
4.47889e-08
4.81503e-06
5.52609e-08
4.81347e-06
6.73656e-08
4.81138e-06
8.13894e-08
4.80875e-06
9.76758e-08
4.80555e-06
1.16649e-07
4.80178e-06
1.38818e-07
4.79747e-06
1.64778e-07
4.7927e-06
1.95236e-07
4.78763e-06
2.3106e-07
4.78252e-06
2.73291e-07
4.7778e-06
3.23183e-07
4.77416e-06
3.82295e-07
4.77259e-06
4.5255e-07
4.77459e-06
5.36272e-07
4.78245e-06
6.36193e-07
4.79975e-06
7.55471e-07
4.83202e-06
8.97804e-07
4.88796e-06
1.06692e-06
4.98116e-06
1.26673e-06
5.13239e-06
1.49827e-06
5.37086e-06
1.75929e-06
5.72911e-06
2.05607e-06
6.2086e-06
2.29746e-06
2.7366e-06
7.1117e-06
4.43364e-06
-4.35025e-09
4.43626e-06
-1.31859e-08
4.44021e-06
-2.10574e-08
4.44503e-06
-2.76301e-08
4.45039e-06
-3.30407e-08
4.45615e-06
-3.75902e-08
4.4622e-06
-4.14534e-08
4.46846e-06
-4.47156e-08
4.47488e-06
-4.74587e-08
4.4814e-06
-4.97785e-08
4.488e-06
-5.17533e-08
4.49467e-06
-5.34522e-08
4.5014e-06
-5.49328e-08
4.5082e-06
-5.62396e-08
4.51506e-06
-5.73957e-08
4.52198e-06
-5.84168e-08
4.52896e-06
-5.932e-08
4.53599e-06
-6.01208e-08
4.54308e-06
-6.08294e-08
4.55021e-06
-6.14532e-08
4.55739e-06
-6.19976e-08
4.5646e-06
-6.24665e-08
4.57186e-06
-6.28629e-08
4.57915e-06
-6.31921e-08
4.58646e-06
-6.34512e-08
4.5938e-06
-6.36364e-08
4.60116e-06
-6.37462e-08
4.60851e-06
-6.37776e-08
4.61587e-06
-6.37349e-08
4.62322e-06
-6.36233e-08
4.63056e-06
-6.34351e-08
4.63788e-06
-6.31555e-08
4.64516e-06
-6.27801e-08
4.65239e-06
-6.23116e-08
4.65955e-06
-6.17479e-08
4.66664e-06
-6.10939e-08
4.67364e-06
-6.0348e-08
4.68055e-06
-5.95177e-08
4.68734e-06
-5.86013e-08
4.69402e-06
-5.76073e-08
4.70057e-06
-5.65302e-08
4.70697e-06
-5.53837e-08
4.71323e-06
-5.41718e-08
4.71935e-06
-5.2911e-08
4.7253e-06
-5.15902e-08
4.7311e-06
-5.02252e-08
4.73672e-06
-4.88098e-08
4.74217e-06
-4.73607e-08
4.74744e-06
-4.58722e-08
4.75254e-06
-4.43665e-08
4.75747e-06
-4.28583e-08
4.76223e-06
-4.13489e-08
4.76684e-06
-3.98255e-08
4.77128e-06
-3.82914e-08
4.77557e-06
-3.6744e-08
4.77971e-06
-3.51819e-08
4.7837e-06
-3.36014e-08
4.78754e-06
-3.1997e-08
4.79125e-06
-3.03612e-08
4.79483e-06
-2.86833e-08
4.79827e-06
-2.69509e-08
4.80159e-06
-2.51481e-08
4.80478e-06
-2.32565e-08
4.80786e-06
-2.12542e-08
4.81081e-06
-1.9115e-08
4.81364e-06
-1.68085e-08
4.81634e-06
-1.42983e-08
4.81891e-06
-1.15425e-08
4.82135e-06
-8.49395e-09
4.82364e-06
-5.10025e-09
4.82578e-06
-1.30389e-09
4.82777e-06
2.96319e-09
4.82958e-06
7.78526e-09
4.8312e-06
1.32574e-08
4.83263e-06
1.94866e-08
4.83386e-06
2.65779e-08
4.83489e-06
3.46766e-08
4.83571e-06
4.39636e-08
4.83633e-06
5.46397e-08
4.83676e-06
6.69413e-08
4.83703e-06
8.11174e-08
4.83721e-06
9.74961e-08
4.83735e-06
1.16508e-07
4.83753e-06
1.38638e-07
4.8379e-06
1.64402e-07
4.83873e-06
1.94409e-07
4.84035e-06
2.29441e-07
4.84328e-06
2.70366e-07
4.84824e-06
3.18215e-07
4.8563e-06
3.7424e-07
4.86885e-06
4.4e-07
4.88782e-06
5.17302e-07
4.91598e-06
6.0803e-07
4.95734e-06
7.14109e-07
5.01758e-06
8.3757e-07
5.10438e-06
9.80121e-07
5.22841e-06
1.1427e-06
5.4022e-06
1.32448e-06
5.64284e-06
1.51865e-06
5.9715e-06
1.72741e-06
6.38121e-06
1.88776e-06
2.0626e-06
7.0552e-06
4.43399e-06
-5.53922e-09
4.43757e-06
-1.67641e-08
4.44263e-06
-2.61248e-08
4.44847e-06
-3.34665e-08
4.45474e-06
-3.93138e-08
4.46132e-06
-4.41656e-08
4.46808e-06
-4.82144e-08
4.47494e-06
-5.15785e-08
4.48186e-06
-5.43772e-08
4.4888e-06
-5.67212e-08
4.49575e-06
-5.86975e-08
4.50269e-06
-6.03952e-08
4.50965e-06
-6.18923e-08
4.51665e-06
-6.3239e-08
4.52369e-06
-6.44396e-08
4.53078e-06
-6.55037e-08
4.53791e-06
-6.64501e-08
4.54509e-06
-6.72953e-08
4.5523e-06
-6.80475e-08
4.55957e-06
-6.87144e-08
4.56687e-06
-6.93004e-08
4.57421e-06
-6.98083e-08
4.58158e-06
-7.02371e-08
4.589e-06
-7.06037e-08
4.59644e-06
-7.08947e-08
4.60391e-06
-7.11056e-08
4.61139e-06
-7.12321e-08
4.61889e-06
-7.12692e-08
4.62638e-06
-7.12325e-08
4.63389e-06
-7.11272e-08
4.64138e-06
-7.09326e-08
4.64886e-06
-7.06295e-08
4.65629e-06
-7.02162e-08
4.66368e-06
-6.96966e-08
4.671e-06
-6.9066e-08
4.67824e-06
-6.83343e-08
4.68539e-06
-6.74957e-08
4.69243e-06
-6.65645e-08
4.69936e-06
-6.55311e-08
4.70617e-06
-6.44118e-08
4.71282e-06
-6.31866e-08
4.71933e-06
-6.1892e-08
4.72567e-06
-6.05139e-08
4.73185e-06
-5.90872e-08
4.73784e-06
-5.75788e-08
4.74365e-06
-5.604e-08
4.74927e-06
-5.44302e-08
4.7547e-06
-5.2789e-08
4.75991e-06
-5.10777e-08
4.76492e-06
-4.93818e-08
4.76978e-06
-4.77125e-08
4.77447e-06
-4.60389e-08
4.77899e-06
-4.43475e-08
4.78334e-06
-4.26443e-08
4.78753e-06
-4.09325e-08
4.79156e-06
-3.92117e-08
4.79544e-06
-3.74797e-08
4.79917e-06
-3.5731e-08
4.80277e-06
-3.39596e-08
4.80624e-06
-3.21544e-08
4.80959e-06
-3.03029e-08
4.81284e-06
-2.83889e-08
4.81597e-06
-2.63929e-08
4.81901e-06
-2.42942e-08
4.82196e-06
-2.20655e-08
4.82483e-06
-1.96758e-08
4.82762e-06
-1.70848e-08
4.83032e-06
-1.42495e-08
4.83295e-06
-1.11224e-08
4.8355e-06
-7.65074e-09
4.83798e-06
-3.778e-09
4.84039e-06
5.45223e-10
4.84275e-06
5.43435e-09
4.84507e-06
1.09314e-08
4.8474e-06
1.71614e-08
4.84971e-06
2.4263e-08
4.85201e-06
3.23736e-08
4.85433e-06
4.16483e-08
4.85669e-06
5.22815e-08
4.85914e-06
6.44873e-08
4.86172e-06
7.85398e-08
4.86449e-06
9.47236e-08
4.86769e-06
1.13315e-07
4.87163e-06
1.34696e-07
4.87666e-06
1.59367e-07
4.88301e-06
1.88057e-07
4.8911e-06
2.21357e-07
4.90169e-06
2.59776e-07
4.91572e-06
3.04184e-07
4.93445e-06
3.55507e-07
4.95946e-06
4.14997e-07
4.99278e-06
4.83974e-07
5.03732e-06
5.63491e-07
5.09696e-06
6.54469e-07
5.1768e-06
7.57735e-07
5.28313e-06
8.73791e-07
5.42372e-06
1.00211e-06
5.60764e-06
1.14056e-06
5.84503e-06
1.28127e-06
6.15254e-06
1.41989e-06
6.51465e-06
1.52565e-06
1.60112e-06
6.97613e-06
4.43481e-06
-7.55283e-09
4.44013e-06
-2.20842e-08
4.44679e-06
-3.27784e-08
4.45385e-06
-4.05296e-08
4.46114e-06
-4.65992e-08
4.46859e-06
-5.16228e-08
4.47608e-06
-5.57033e-08
4.48355e-06
-5.9046e-08
4.49098e-06
-6.18046e-08
4.49837e-06
-6.41134e-08
4.50568e-06
-6.60131e-08
4.51294e-06
-6.76458e-08
4.52017e-06
-6.91315e-08
4.52744e-06
-7.05009e-08
4.53472e-06
-7.17239e-08
4.54203e-06
-7.28179e-08
4.54938e-06
-7.37998e-08
4.55677e-06
-7.46856e-08
4.5642e-06
-7.54763e-08
4.57167e-06
-7.61842e-08
4.57918e-06
-7.68079e-08
4.58672e-06
-7.73522e-08
4.5943e-06
-7.78083e-08
4.60189e-06
-7.8193e-08
4.60948e-06
-7.84866e-08
4.61707e-06
-7.87032e-08
4.62464e-06
-7.87941e-08
4.63214e-06
-7.87761e-08
4.63966e-06
-7.87439e-08
4.64718e-06
-7.86571e-08
4.65469e-06
-7.84353e-08
4.66213e-06
-7.80767e-08
4.6695e-06
-7.75853e-08
4.67678e-06
-7.69735e-08
4.68395e-06
-7.62362e-08
4.691e-06
-7.53836e-08
4.69791e-06
-7.44101e-08
4.70469e-06
-7.33381e-08
4.71132e-06
-7.21587e-08
4.71778e-06
-7.08741e-08
4.72405e-06
-6.94538e-08
4.73011e-06
-6.79549e-08
4.73598e-06
-6.63901e-08
4.74168e-06
-6.47819e-08
4.74718e-06
-6.30756e-08
4.75247e-06
-6.13374e-08
4.75758e-06
-5.95358e-08
4.76252e-06
-5.77349e-08
4.76738e-06
-5.59311e-08
4.77206e-06
-5.40683e-08
4.7765e-06
-5.21476e-08
4.78068e-06
-5.02166e-08
4.78462e-06
-4.82931e-08
4.78836e-06
-4.63781e-08
4.7919e-06
-4.44711e-08
4.79525e-06
-4.25714e-08
4.79845e-06
-4.06759e-08
4.8015e-06
-3.8779e-08
4.80441e-06
-3.6873e-08
4.80721e-06
-3.49471e-08
4.80989e-06
-3.29882e-08
4.81248e-06
-3.09799e-08
4.81499e-06
-2.89029e-08
4.81743e-06
-2.67343e-08
4.81981e-06
-2.44462e-08
4.82214e-06
-2.20073e-08
4.82445e-06
-1.93866e-08
4.82674e-06
-1.65428e-08
4.82903e-06
-1.3411e-08
4.83133e-06
-9.95255e-09
4.83366e-06
-6.11213e-09
4.83604e-06
-1.83092e-09
4.83849e-06
2.9853e-09
4.841e-06
8.42148e-09
4.84361e-06
1.45494e-08
4.84638e-06
2.14921e-08
4.84936e-06
2.93969e-08
4.8526e-06
3.84092e-08
4.85619e-06
4.8692e-08
4.86023e-06
6.04437e-08
4.86488e-06
7.38944e-08
4.87029e-06
8.93064e-08
4.87663e-06
1.06977e-07
4.88411e-06
1.27219e-07
4.89305e-06
1.50429e-07
4.90417e-06
1.7693e-07
4.9183e-06
2.07232e-07
4.9361e-06
2.41979e-07
4.95881e-06
2.81471e-07
4.98801e-06
3.26305e-07
5.02499e-06
3.78022e-07
5.07143e-06
4.37532e-07
5.13026e-06
5.04655e-07
5.20513e-06
5.79602e-07
5.30034e-06
6.62524e-07
5.42078e-06
7.53348e-07
5.57184e-06
8.5106e-07
5.75992e-06
9.52475e-07
5.99012e-06
1.05107e-06
6.26927e-06
1.14074e-06
6.58709e-06
1.20783e-06
1.24389e-06
6.94432e-06
4.43657e-06
-1.13195e-08
4.44509e-06
-3.06042e-08
4.45425e-06
-4.19433e-08
4.46325e-06
-4.95268e-08
4.47206e-06
-5.54092e-08
4.48072e-06
-6.02877e-08
4.48913e-06
-6.41101e-08
4.49735e-06
-6.72672e-08
4.50538e-06
-6.9834e-08
4.51325e-06
-7.19822e-08
4.52087e-06
-7.36359e-08
4.52831e-06
-7.50781e-08
4.53573e-06
-7.65602e-08
4.54313e-06
-7.78948e-08
4.55046e-06
-7.90531e-08
4.55771e-06
-8.0073e-08
4.5649e-06
-8.09891e-08
4.57203e-06
-8.18109e-08
4.5791e-06
-8.25501e-08
4.58613e-06
-8.32163e-08
4.59312e-06
-8.37914e-08
4.60004e-06
-8.42746e-08
4.6069e-06
-8.46656e-08
4.61373e-06
-8.50302e-08
4.62053e-06
-8.52865e-08
4.6273e-06
-8.54654e-08
4.63413e-06
-8.56248e-08
4.64107e-06
-8.57193e-08
4.64793e-06
-8.5604e-08
4.65461e-06
-8.53393e-08
4.66109e-06
-8.49111e-08
4.66736e-06
-8.43476e-08
4.67342e-06
-8.36516e-08
4.67927e-06
-8.28227e-08
4.6849e-06
-8.18625e-08
4.69029e-06
-8.07746e-08
4.69544e-06
-7.95619e-08
4.70033e-06
-7.8221e-08
4.70492e-06
-7.67568e-08
4.70924e-06
-7.51918e-08
4.71331e-06
-7.35251e-08
4.71713e-06
-7.17712e-08
4.7207e-06
-6.99602e-08
4.72401e-06
-6.80892e-08
4.72707e-06
-6.61383e-08
4.72987e-06
-6.41375e-08
4.73243e-06
-6.20932e-08
4.73472e-06
-6.00254e-08
4.73673e-06
-5.79423e-08
4.7385e-06
-5.58408e-08
4.74007e-06
-5.37182e-08
4.74144e-06
-5.15874e-08
4.74262e-06
-4.94667e-08
4.7436e-06
-4.73645e-08
4.74442e-06
-4.52843e-08
4.74507e-06
-4.32256e-08
4.74558e-06
-4.11877e-08
4.74597e-06
-3.91652e-08
4.74625e-06
-3.71524e-08
4.74644e-06
-3.51383e-08
4.74656e-06
-3.3111e-08
4.74663e-06
-3.10538e-08
4.74668e-06
-2.89497e-08
4.74672e-06
-2.67756e-08
4.74679e-06
-2.45082e-08
4.74689e-06
-2.21167e-08
4.74708e-06
-1.95768e-08
4.7474e-06
-1.68576e-08
4.74783e-06
-1.38437e-08
4.74843e-06
-1.05524e-08
4.74923e-06
-6.90864e-09
4.7503e-06
-2.89852e-09
4.75168e-06
1.59931e-09
4.75339e-06
6.70955e-09
4.75554e-06
1.24023e-08
4.7582e-06
1.88352e-08
4.76147e-06
2.61223e-08
4.76549e-06
3.43896e-08
4.7704e-06
4.37833e-08
4.77637e-06
5.44724e-08
4.78362e-06
6.6651e-08
4.79239e-06
8.05359e-08
4.803e-06
9.63675e-08
4.81581e-06
1.14401e-07
4.83132e-06
1.34919e-07
4.85001e-06
1.58239e-07
4.87254e-06
1.84702e-07
4.89976e-06
2.14762e-07
4.93225e-06
2.4898e-07
4.97085e-06
2.87711e-07
5.01829e-06
3.30576e-07
5.07788e-06
3.77948e-07
5.15172e-06
4.30817e-07
5.2423e-06
4.89021e-07
5.35381e-06
5.51008e-07
5.48879e-06
6.1837e-07
5.64975e-06
6.90101e-07
5.84152e-06
7.60703e-07
6.06653e-06
8.26057e-07
6.32583e-06
8.81439e-07
6.61419e-06
9.19475e-07
9.33039e-07
6.92504e-06
4.4409e-06
-1.94194e-08
4.45342e-06
-4.31262e-08
4.46495e-06
-5.347e-08
4.47611e-06
-6.06901e-08
4.48659e-06
-6.58896e-08
4.49643e-06
-7.01233e-08
4.50542e-06
-7.30974e-08
4.51375e-06
-7.55992e-08
4.52146e-06
-7.75445e-08
4.52866e-06
-7.91874e-08
4.53569e-06
-8.06663e-08
4.54251e-06
-8.18982e-08
4.54873e-06
-8.27752e-08
4.55439e-06
-8.35515e-08
4.55961e-06
-8.42743e-08
4.56445e-06
-8.49192e-08
4.56895e-06
-8.54848e-08
4.57309e-06
-8.59568e-08
4.57688e-06
-8.63353e-08
4.58029e-06
-8.66226e-08
4.58333e-06
-8.68319e-08
4.58603e-06
-8.69746e-08
4.58838e-06
-8.70238e-08
4.5904e-06
-8.70419e-08
4.59206e-06
-8.69458e-08
4.59337e-06
-8.67837e-08
4.59432e-06
-8.65736e-08
4.5949e-06
-8.62974e-08
4.59516e-06
-8.58677e-08
4.59509e-06
-8.5269e-08
4.59465e-06
-8.44676e-08
4.59382e-06
-8.35196e-08
4.59261e-06
-8.24368e-08
4.591e-06
-8.12192e-08
4.58901e-06
-7.98712e-08
4.58664e-06
-7.83986e-08
4.58388e-06
-7.68077e-08
4.58076e-06
-7.51002e-08
4.57729e-06
-7.32809e-08
4.57346e-06
-7.13617e-08
4.56929e-06
-6.93567e-08
4.5648e-06
-6.72819e-08
4.55999e-06
-6.51531e-08
4.55489e-06
-6.29847e-08
4.54951e-06
-6.07655e-08
4.54387e-06
-5.8497e-08
4.53799e-06
-5.62102e-08
4.53188e-06
-5.39172e-08
4.52557e-06
-5.16317e-08
4.51908e-06
-4.93458e-08
4.51243e-06
-4.7073e-08
4.50566e-06
-4.48173e-08
4.49879e-06
-4.25961e-08
4.49184e-06
-4.04154e-08
4.48484e-06
-3.82839e-08
4.47781e-06
-3.61964e-08
4.47078e-06
-3.41577e-08
4.46377e-06
-3.21572e-08
4.45682e-06
-3.01984e-08
4.44994e-06
-2.82626e-08
4.44318e-06
-2.63473e-08
4.43656e-06
-2.44299e-08
4.43011e-06
-2.25043e-08
4.42388e-06
-2.0542e-08
4.4179e-06
-1.85324e-08
4.41222e-06
-1.64366e-08
4.40689e-06
-1.42444e-08
4.40194e-06
-1.19124e-08
4.39749e-06
-9.38692e-09
4.39358e-06
-6.64457e-09
4.3903e-06
-3.62982e-09
4.38775e-06
-3.44632e-10
4.38591e-06
3.43248e-09
4.38499e-06
7.62847e-09
4.38519e-06
1.22037e-08
4.38665e-06
1.7379e-08
4.38958e-06
2.31944e-08
4.39421e-06
2.97556e-08
4.40082e-06
3.71748e-08
4.40971e-06
4.5581e-08
4.42125e-06
5.5115e-08
4.43585e-06
6.59316e-08
4.45402e-06
7.82031e-08
4.4763e-06
9.2116e-08
4.50335e-06
1.07874e-07
4.53587e-06
1.25711e-07
4.57467e-06
1.45909e-07
4.62061e-06
1.68818e-07
4.67475e-06
1.94842e-07
4.73814e-06
2.24313e-07
4.8117e-06
2.5702e-07
4.89699e-06
2.92658e-07
4.99631e-06
3.31501e-07
5.1114e-06
3.73926e-07
5.24272e-06
4.19691e-07
5.39573e-06
4.65364e-07
5.5762e-06
5.09623e-07
5.78398e-06
5.52932e-07
6.01812e-06
5.91916e-07
6.27722e-06
6.22338e-07
6.55703e-06
6.39661e-07
6.39829e-07
6.85024e-06
4.45657e-06
-4.31911e-08
4.47444e-06
-6.09957e-08
4.48639e-06
-6.54182e-08
4.49368e-06
-6.79812e-08
4.49803e-06
-7.02424e-08
4.50003e-06
-7.21216e-08
4.49995e-06
-7.3018e-08
4.49804e-06
-7.36825e-08
4.4945e-06
-7.40068e-08
4.48946e-06
-7.41541e-08
4.48298e-06
-7.41832e-08
4.47518e-06
-7.40935e-08
4.46626e-06
-7.38613e-08
4.45625e-06
-7.3536e-08
4.44514e-06
-7.31676e-08
4.43298e-06
-7.27588e-08
4.4198e-06
-7.23035e-08
4.40564e-06
-7.17972e-08
4.39054e-06
-7.12393e-08
4.37455e-06
-7.06301e-08
4.35769e-06
-6.99742e-08
4.33999e-06
-6.92758e-08
4.3215e-06
-6.85319e-08
4.30221e-06
-6.77539e-08
4.28219e-06
-6.69249e-08
4.26148e-06
-6.60679e-08
4.24012e-06
-6.52136e-08
4.21823e-06
-6.44083e-08
4.19584e-06
-6.34788e-08
4.17289e-06
-6.23234e-08
4.14946e-06
-6.10354e-08
4.1256e-06
-5.96549e-08
4.10135e-06
-5.81877e-08
4.07677e-06
-5.66387e-08
4.05191e-06
-5.50142e-08
4.02683e-06
-5.33196e-08
4.00158e-06
-5.15598e-08
3.97622e-06
-4.9739e-08
3.9508e-06
-4.78623e-08
3.92538e-06
-4.59395e-08
3.90001e-06
-4.39821e-08
3.87472e-06
-4.19985e-08
3.84957e-06
-3.9996e-08
3.82453e-06
-3.79482e-08
3.79966e-06
-3.58974e-08
3.77506e-06
-3.38992e-08
3.75079e-06
-3.19321e-08
3.72686e-06
-2.99941e-08
3.70333e-06
-2.80976e-08
3.68022e-06
-2.62343e-08
3.65756e-06
-2.44174e-08
3.6354e-06
-2.26506e-08
3.61374e-06
-2.09437e-08
3.59263e-06
-1.93004e-08
3.57207e-06
-1.77248e-08
3.55209e-06
-1.62142e-08
3.5327e-06
-1.4769e-08
3.51392e-06
-1.33807e-08
3.49578e-06
-1.20565e-08
3.4783e-06
-1.07801e-08
3.4615e-06
-9.54901e-09
3.44541e-06
-8.34542e-09
3.43008e-06
-7.16973e-09
3.41553e-06
-5.99581e-09
3.40183e-06
-4.82672e-09
3.38902e-06
-3.62836e-09
3.37718e-06
-2.40459e-09
3.36634e-06
-1.06816e-09
3.3566e-06
3.47557e-10
3.34807e-06
1.88953e-09
3.34082e-06
3.62037e-09
3.33501e-06
5.46691e-09
3.33098e-06
7.45495e-09
3.32892e-06
9.69569e-09
3.32901e-06
1.21104e-08
3.3315e-06
1.48874e-08
3.33677e-06
1.79268e-08
3.34517e-06
2.1353e-08
3.35713e-06
2.52158e-08
3.3731e-06
2.96067e-08
3.39362e-06
3.46019e-08
3.41927e-06
4.02774e-08
3.45074e-06
4.6731e-08
3.48879e-06
5.40658e-08
3.53428e-06
6.23913e-08
3.58818e-06
7.1812e-08
3.65163e-06
8.24497e-08
3.72597e-06
9.44787e-08
3.81272e-06
1.08098e-07
3.91353e-06
1.23497e-07
4.0298e-06
1.40758e-07
4.16262e-06
1.59832e-07
4.31296e-06
1.81161e-07
4.48205e-06
2.04837e-07
4.67127e-06
2.30471e-07
4.88081e-06
2.55826e-07
5.11147e-06
2.7896e-07
5.36416e-06
3.00244e-07
5.63747e-06
3.18609e-07
5.92816e-06
3.3164e-07
6.23081e-06
3.37015e-07
3.32815e-07
6.53782e-06
4.38961e-06
4.32861e-06
4.26319e-06
4.19521e-06
4.12497e-06
4.05285e-06
3.97983e-06
3.90615e-06
3.83214e-06
3.75799e-06
3.68381e-06
3.60971e-06
3.53585e-06
3.46231e-06
3.38915e-06
3.31639e-06
3.24408e-06
3.17229e-06
3.10105e-06
3.03042e-06
2.96044e-06
2.89117e-06
2.82264e-06
2.75488e-06
2.68796e-06
2.62189e-06
2.55668e-06
2.49227e-06
2.42879e-06
2.36647e-06
2.30543e-06
2.24577e-06
2.18759e-06
2.13095e-06
2.07593e-06
2.02261e-06
1.97105e-06
1.92132e-06
1.87345e-06
1.82751e-06
1.78353e-06
1.74153e-06
1.70154e-06
1.66359e-06
1.62769e-06
1.59379e-06
1.56186e-06
1.53187e-06
1.50377e-06
1.47753e-06
1.45312e-06
1.43047e-06
1.40952e-06
1.39022e-06
1.3725e-06
1.35628e-06
1.34151e-06
1.32813e-06
1.31608e-06
1.3053e-06
1.29575e-06
1.2874e-06
1.28023e-06
1.27424e-06
1.26941e-06
1.26578e-06
1.26338e-06
1.26231e-06
1.26266e-06
1.26455e-06
1.26817e-06
1.27363e-06
1.28109e-06
1.29078e-06
1.30289e-06
1.31778e-06
1.33571e-06
1.35706e-06
1.38228e-06
1.41188e-06
1.44649e-06
1.48676e-06
1.53349e-06
1.58756e-06
1.64995e-06
1.72176e-06
1.80421e-06
1.89869e-06
2.00679e-06
2.13029e-06
2.27105e-06
2.43088e-06
2.61204e-06
2.81688e-06
3.04735e-06
3.30317e-06
3.58213e-06
3.88238e-06
4.20099e-06
4.53263e-06
4.86964e-06
5.20246e-06
3.88046e-06
2.96745e-06
1.87233e-06
2.00812e-06
6.93126e-07
1.17921e-06
9.17284e-08
6.01398e-07
-2.53179e-07
3.44908e-07
-4.19447e-07
1.66267e-07
-4.72767e-07
5.33202e-08
-4.60249e-07
-1.25176e-08
-3.9884e-07
-6.14096e-08
-3.2545e-07
-7.33891e-08
-2.69439e-07
-5.60111e-08
-2.43599e-07
-2.58402e-08
-2.49471e-07
5.87146e-09
-2.90809e-07
4.13388e-08
-3.60398e-07
6.95882e-08
-4.31423e-07
7.10255e-08
-4.58635e-07
2.72123e-08
-4.33278e-07
-2.53572e-08
-3.53587e-07
-7.96914e-08
-2.27036e-07
-1.26551e-07
-6.3269e-08
-1.63767e-07
1.23883e-07
-1.87152e-07
3.21977e-07
-1.98094e-07
5.229e-07
-2.00923e-07
7.23102e-07
-2.00202e-07
9.21653e-07
-1.98551e-07
1.11952e-06
-1.97867e-07
1.31877e-06
-1.99246e-07
1.52148e-06
-2.0271e-07
1.7271e-06
-2.05622e-07
-2.01239e-07
1.92834e-06
6.74177e-06
3.19112e-06
6.27042e-06
2.47948e-06
5.56437e-06
1.88526e-06
4.77204e-06
1.39373e-06
4.11151e-06
1.00543e-06
3.56548e-06
7.12306e-07
3.12877e-06
4.9003e-07
2.7881e-06
3.28152e-07
2.51986e-06
2.06828e-07
2.31673e-06
1.29743e-07
2.17791e-06
8.28032e-08
2.09732e-06
5.47476e-08
2.06295e-06
4.02462e-08
2.07475e-06
2.95401e-08
2.13681e-06
7.52763e-09
2.24659e-06
-3.87576e-08
2.37746e-06
-1.03652e-07
2.5276e-06
-1.75502e-07
2.69646e-06
-2.48554e-07
2.8774e-06
-3.07491e-07
3.0639e-06
-3.50264e-07
3.25626e-06
-3.79516e-07
3.45147e-06
-3.93304e-07
3.6485e-06
-3.97952e-07
3.84636e-06
-3.98059e-07
4.04512e-06
-3.97307e-07
4.24573e-06
-3.98485e-07
4.44982e-06
-4.03331e-07
4.66004e-06
-4.12931e-07
4.88207e-06
-4.27654e-07
-4.48194e-07
5.12903e-06
7.67778e-06
2.62503e-06
7.93273e-06
2.22454e-06
7.93831e-06
1.87967e-06
7.7959e-06
1.53613e-06
7.59723e-06
1.2041e-06
7.38956e-06
9.19981e-07
7.18465e-06
6.94939e-07
6.996e-06
5.16798e-07
6.82617e-06
3.76656e-07
6.6839e-06
2.72014e-07
6.57028e-06
1.96423e-07
6.48387e-06
1.41162e-07
6.42689e-06
9.72195e-08
6.4005e-06
5.59308e-08
6.3976e-06
1.04254e-08
6.41488e-06
-5.60327e-08
6.44179e-06
-1.3056e-07
6.47693e-06
-2.10644e-07
6.51439e-06
-2.86017e-07
6.55488e-06
-3.4798e-07
6.59916e-06
-3.9454e-07
6.64887e-06
-4.29227e-07
6.70569e-06
-4.50126e-07
6.76983e-06
-4.62093e-07
6.84098e-06
-4.69205e-07
6.91916e-06
-4.75487e-07
7.00447e-06
-4.83801e-07
7.09734e-06
-4.96201e-07
7.19911e-06
-5.14697e-07
7.31259e-06
-5.41141e-07
-5.77694e-07
7.44209e-06
7.64093e-06
2.0393e-06
8.01967e-06
1.8458e-06
8.26544e-06
1.6339e-06
8.40971e-06
1.39186e-06
8.47457e-06
1.13925e-06
8.48153e-06
9.13017e-07
8.46195e-06
7.14525e-07
8.42754e-06
5.51204e-07
8.38845e-06
4.15751e-07
8.3523e-06
3.0816e-07
8.3242e-06
2.24524e-07
8.30599e-06
1.59373e-07
8.29821e-06
1.04995e-07
8.30154e-06
5.26083e-08
8.31524e-06
-3.27356e-09
8.32552e-06
-6.63197e-08
8.32991e-06
-1.34946e-07
8.32369e-06
-2.04428e-07
8.30715e-06
-2.69477e-07
8.28501e-06
-3.25842e-07
8.2615e-06
-3.71026e-07
8.23779e-06
-4.05519e-07
8.21823e-06
-4.30568e-07
8.2048e-06
-4.48663e-07
8.19794e-06
-4.62336e-07
8.19754e-06
-4.75089e-07
8.2038e-06
-4.90058e-07
8.21688e-06
-5.09286e-07
8.23694e-06
-5.34754e-07
8.26427e-06
-5.68476e-07
-6.12527e-07
8.29911e-06
7.43575e-06
1.57968e-06
7.8117e-06
1.46985e-06
8.12847e-06
1.31714e-06
8.36614e-06
1.15419e-06
8.53376e-06
9.71627e-07
8.64809e-06
7.98689e-07
8.72413e-06
6.38481e-07
8.77437e-06
5.00965e-07
8.80557e-06
3.84552e-07
8.82486e-06
2.88866e-07
8.83912e-06
2.10271e-07
8.85265e-06
1.45837e-07
8.86779e-06
8.98608e-08
8.88261e-06
3.77828e-08
8.8935e-06
-1.4158e-08
8.89637e-06
-6.91956e-08
8.88838e-06
-1.26954e-07
8.86805e-06
-1.84094e-07
8.83736e-06
-2.38793e-07
8.79926e-06
-2.87736e-07
8.75695e-06
-3.28715e-07
8.71323e-06
-3.61808e-07
8.67079e-06
-3.88128e-07
8.6314e-06
-4.09266e-07
8.59644e-06
-4.27376e-07
8.56637e-06
-4.45019e-07
8.54103e-06
-4.64723e-07
8.52028e-06
-4.88538e-07
8.504e-06
-5.18466e-07
8.49229e-06
-5.56772e-07
-6.06093e-07
8.48586e-06
7.30715e-06
1.21685e-06
7.63362e-06
1.14339e-06
7.92074e-06
1.03002e-06
8.16822e-06
9.0671e-07
8.36613e-06
7.73715e-07
8.52138e-06
6.43439e-07
8.6378e-06
5.2206e-07
8.72436e-06
4.14407e-07
8.78892e-06
3.19987e-07
8.8381e-06
2.39694e-07
8.87599e-06
1.72374e-07
8.90715e-06
1.14678e-07
8.93327e-06
6.37441e-08
8.95429e-06
1.67677e-08
8.96994e-06
-2.98154e-08
8.97614e-06
-7.539e-08
8.9713e-06
-1.22121e-07
8.95615e-06
-1.68945e-07
8.93056e-06
-2.13196e-07
8.89619e-06
-2.53372e-07
8.85586e-06
-2.88381e-07
8.81217e-06
-3.18123e-07
8.76732e-06
-3.43276e-07
8.72316e-06
-3.651e-07
8.681e-06
-3.85221e-07
8.64139e-06
-4.0541e-07
8.60436e-06
-4.27693e-07
8.57018e-06
-4.54354e-07
8.53906e-06
-4.87352e-07
8.51072e-06
-5.28432e-07
-5.79213e-07
8.48384e-06
7.23815e-06
9.0374e-07
7.53123e-06
8.50298e-07
7.7919e-06
7.69352e-07
8.02063e-06
6.77973e-07
8.21312e-06
5.81226e-07
8.372e-06
4.84563e-07
8.50091e-06
3.93146e-07
8.60448e-06
3.10843e-07
8.68675e-06
2.37719e-07
8.7517e-06
1.74745e-07
8.80339e-06
1.20675e-07
8.84447e-06
7.36022e-08
8.87653e-06
3.168e-08
8.90077e-06
-7.46913e-09
8.91664e-06
-4.56874e-08
8.92392e-06
-8.26705e-08
8.92117e-06
-1.19371e-07
8.90803e-06
-1.55799e-07
8.88547e-06
-1.90636e-07
8.85475e-06
-2.22656e-07
8.81766e-06
-2.51285e-07
8.77606e-06
-2.76526e-07
8.73165e-06
-2.98865e-07
8.68577e-06
-3.19219e-07
8.63939e-06
-3.38842e-07
8.59319e-06
-3.59209e-07
8.54746e-06
-3.81965e-07
8.50199e-06
-4.08884e-07
8.45632e-06
-4.41679e-07
8.40989e-06
-4.82e-07
-5.31357e-07
8.36203e-06
7.14177e-06
6.12215e-07
7.41954e-06
5.72522e-07
7.67185e-06
5.17049e-07
7.89622e-06
4.53601e-07
8.09082e-06
3.86624e-07
8.25581e-06
3.19572e-07
8.39305e-06
2.55905e-07
8.50589e-06
1.98011e-07
8.59721e-06
1.46398e-07
8.67037e-06
1.01577e-07
8.72885e-06
6.21983e-08
8.77468e-06
2.7772e-08
8.8094e-06
-3.03621e-09
8.83429e-06
-3.23669e-08
8.84867e-06
-6.00648e-08
8.85288e-06
-8.68767e-08
8.84687e-06
-1.13359e-07
8.83066e-06
-1.39591e-07
8.80486e-06
-1.64835e-07
8.7706e-06
-1.88401e-07
8.72928e-06
-2.09962e-07
8.68229e-06
-2.29541e-07
8.63088e-06
-2.47457e-07
8.57599e-06
-2.64326e-07
8.51818e-06
-2.81032e-07
8.45763e-06
-2.98658e-07
8.39412e-06
-3.18452e-07
8.32705e-06
-3.41822e-07
8.2556e-06
-3.70225e-07
8.17875e-06
-4.05152e-07
-4.47791e-07
8.09519e-06
6.83586e-06
3.14177e-07
7.11881e-06
2.89578e-07
7.379e-06
2.56851e-07
7.61229e-06
2.20311e-07
7.81592e-06
1.83e-07
7.98916e-06
1.46331e-07
8.13347e-06
1.11592e-07
8.25182e-06
7.9659e-08
8.34717e-06
5.10549e-08
8.42156e-06
2.71895e-08
8.4785e-06
5.24841e-09
8.51925e-06
-1.2978e-08
8.54595e-06
-2.97359e-08
8.55938e-06
-4.57898e-08
8.56012e-06
-6.0809e-08
8.54841e-06
-7.51614e-08
8.52449e-06
-8.9446e-08
8.48846e-06
-1.03553e-07
8.44082e-06
-1.17203e-07
8.38254e-06
-1.30112e-07
8.31459e-06
-1.4202e-07
8.23798e-06
-1.52927e-07
8.15352e-06
-1.62995e-07
8.06174e-06
-1.72549e-07
7.96278e-06
-1.8207e-07
7.8563e-06
-1.92175e-07
7.74144e-06
-2.03599e-07
7.61685e-06
-2.17224e-07
7.48065e-06
-2.34029e-07
7.33107e-06
-2.55578e-07
-2.8228e-07
7.16556e-06
5.51663e-06
5.80621e-06
6.06306e-06
6.28337e-06
6.46637e-06
6.6127e-06
6.72429e-06
6.80395e-06
6.85501e-06
6.8822e-06
6.88745e-06
6.87447e-06
6.84473e-06
6.79894e-06
6.73813e-06
6.66297e-06
6.57353e-06
6.46997e-06
6.35277e-06
6.22266e-06
6.08064e-06
5.92771e-06
5.76471e-06
5.59217e-06
5.4101e-06
5.21792e-06
5.01432e-06
4.7971e-06
4.56307e-06
4.30749e-06
4.02521e-06
2.31585e-06
-1.77118e-07
-2.10396e-07
-1.65434e-07
-3.43178e-07
5.43315e-06
-4.81238e-07
-5.31805e-07
7.59631e-06
-6.35454e-07
-7.09408e-07
8.34178e-06
-6.78132e-07
-7.55641e-07
8.48413e-06
-6.76406e-07
-7.55993e-07
8.45704e-06
-6.496e-07
-7.27575e-07
8.31051e-06
-5.98079e-07
-6.70115e-07
8.00182e-06
-5.04714e-07
-5.65145e-07
6.97827e-06
-3.17423e-07
-3.54184e-07
3.70779e-06
4.43313e-06
8.01416e-13
4.43413e-06
2.33016e-12
4.43578e-06
3.87593e-12
4.43804e-06
5.3876e-12
4.44088e-06
6.82263e-12
4.44423e-06
8.14546e-12
4.44806e-06
9.32786e-12
1.03506e-11
4.43313e-06
-3.32038e-10
4.43413e-06
-9.9768e-10
4.43578e-06
-1.64436e-09
4.43804e-06
-2.25752e-09
4.44088e-06
-2.82698e-09
4.44423e-06
-3.34749e-09
4.44806e-06
-3.81752e-09
4.45231e-06
-4.23793e-09
4.45693e-06
-4.61105e-09
4.46188e-06
-4.94017e-09
4.46712e-06
-5.2292e-09
4.47262e-06
-5.48234e-09
4.47834e-06
-5.7037e-09
4.48425e-06
-5.89712e-09
4.49033e-06
-6.06605e-09
4.49655e-06
-6.21347e-09
4.50291e-06
-6.34194e-09
4.50938e-06
-6.45361e-09
4.51594e-06
-6.55026e-09
4.52259e-06
-6.63333e-09
4.52931e-06
-6.70399e-09
4.5361e-06
-6.76314e-09
4.54293e-06
-6.81147e-09
4.5498e-06
-6.84948e-09
4.5567e-06
-6.87752e-09
4.56363e-06
-6.89584e-09
4.57057e-06
-6.90448e-09
4.57751e-06
-6.90379e-09
4.58444e-06
-6.89287e-09
4.59136e-06
-6.87282e-09
4.59826e-06
-6.84255e-09
4.60513e-06
-6.80286e-09
4.61195e-06
-6.75296e-09
4.61872e-06
-6.69317e-09
4.62543e-06
-6.62314e-09
4.63208e-06
-6.5433e-09
4.63864e-06
-6.45332e-09
4.64512e-06
-6.35383e-09
4.6515e-06
-6.2444e-09
4.65777e-06
-6.12604e-09
4.66394e-06
-5.99801e-09
4.66999e-06
-5.86183e-09
4.67591e-06
-5.71627e-09
4.6817e-06
-5.56342e-09
4.68736e-06
-5.40148e-09
4.69287e-06
-5.23299e-09
4.69824e-06
-5.05569e-09
4.70345e-06
-4.87225e-09
4.70851e-06
-4.68025e-09
4.71341e-06
-4.48199e-09
4.71816e-06
-4.27522e-09
4.72274e-06
-4.06135e-09
4.72715e-06
-3.83832e-09
4.73139e-06
-3.60676e-09
4.73546e-06
-3.36396e-09
4.73936e-06
-3.11106e-09
4.74307e-06
-2.84277e-09
4.7466e-06
-2.56268e-09
4.74994e-06
-2.26086e-09
4.75307e-06
-1.94474e-09
4.756e-06
-1.59829e-09
4.7587e-06
-1.234e-09
4.76115e-06
-8.27035e-10
4.76336e-06
-3.9894e-10
4.76528e-06
9.04695e-11
4.76689e-06
6.05269e-10
4.76817e-06
1.20527e-09
4.76905e-06
1.84662e-09
4.76952e-06
2.59381e-09
4.76953e-06
3.38271e-09
4.76899e-06
4.28893e-09
4.76784e-06
5.30603e-09
4.76598e-06
6.45719e-09
4.76331e-06
7.76529e-09
4.75971e-06
9.25343e-09
4.75503e-06
1.09502e-08
4.74909e-06
1.28908e-08
4.74167e-06
1.51174e-08
4.73254e-06
1.76801e-08
4.72137e-06
2.06395e-08
4.70781e-06
2.4069e-08
4.6914e-06
2.80584e-08
4.67161e-06
3.27178e-08
4.64776e-06
3.81831e-08
4.61904e-06
4.46236e-08
4.58443e-06
5.22513e-08
4.54268e-06
6.1334e-08
4.49221e-06
7.22115e-08
4.43103e-06
8.53187e-08
4.35662e-06
1.01214e-07
4.26579e-06
1.20617e-07
4.15441e-06
1.44457e-07
4.01725e-06
1.73927e-07
3.84755e-06
2.10544e-07
3.63672e-06
2.56199e-07
3.37391e-06
3.13151e-07
3.0458e-06
3.83888e-07
2.63674e-06
4.70655e-07
2.13007e-06
5.74309e-07
1.51204e-06
6.91561e-07
7.78838e-07
8.12053e-07
8.57929e-07
4.43314e-06
-6.72047e-10
4.43416e-06
-2.01935e-09
4.43584e-06
-3.32689e-09
4.43815e-06
-4.56415e-09
4.44103e-06
-5.71018e-09
4.44444e-06
-6.75482e-09
4.44832e-06
-7.69584e-09
4.45262e-06
-8.53573e-09
4.45729e-06
-9.27972e-09
4.46228e-06
-9.93485e-09
4.46756e-06
-1.05093e-08
4.47309e-06
-1.10119e-08
4.47884e-06
-1.1451e-08
4.48478e-06
-1.18345e-08
4.49088e-06
-1.21695e-08
4.49713e-06
-1.24618e-08
4.5035e-06
-1.27168e-08
4.50999e-06
-1.29387e-08
4.51657e-06
-1.31311e-08
4.52323e-06
-1.32968e-08
4.52997e-06
-1.34383e-08
4.53676e-06
-1.35574e-08
4.5436e-06
-1.36555e-08
4.55049e-06
-1.37335e-08
4.5574e-06
-1.37922e-08
4.56434e-06
-1.3832e-08
4.57129e-06
-1.38532e-08
4.57824e-06
-1.38562e-08
4.58519e-06
-1.38399e-08
4.59212e-06
-1.38054e-08
4.59903e-06
-1.3752e-08
4.60591e-06
-1.36795e-08
4.61274e-06
-1.35878e-08
4.61952e-06
-1.34768e-08
4.62625e-06
-1.33464e-08
4.6329e-06
-1.3197e-08
4.63948e-06
-1.30285e-08
4.64596e-06
-1.28416e-08
4.65236e-06
-1.26365e-08
4.65864e-06
-1.24143e-08
4.66482e-06
-1.21748e-08
4.67088e-06
-1.19198e-08
4.67681e-06
-1.1649e-08
4.68261e-06
-1.13644e-08
4.68828e-06
-1.10655e-08
4.6938e-06
-1.07545e-08
4.69917e-06
-1.04307e-08
4.7044e-06
-1.00961e-08
4.70947e-06
-9.75004e-09
4.71438e-06
-9.39388e-09
4.71913e-06
-9.02717e-09
4.72372e-06
-8.65009e-09
4.72814e-06
-8.26193e-09
4.7324e-06
-7.86195e-09
4.73648e-06
-7.44843e-09
4.74039e-06
-7.02034e-09
4.74412e-06
-6.57414e-09
4.74767e-06
-6.10897e-09
4.75103e-06
-5.61836e-09
4.75419e-06
-5.10254e-09
4.75714e-06
-4.55014e-09
4.75987e-06
-3.96406e-09
4.76237e-06
-3.32551e-09
4.76461e-06
-2.64081e-09
4.76658e-06
-1.88345e-09
4.76825e-06
-1.05856e-09
4.76959e-06
-1.37832e-10
4.77055e-06
8.82342e-10
4.77113e-06
2.01852e-09
4.77123e-06
3.27677e-09
4.77082e-06
4.70424e-09
4.76981e-06
6.31759e-09
4.76811e-06
8.15045e-09
4.76564e-06
1.02413e-08
4.76226e-06
1.2633e-08
4.75783e-06
1.53762e-08
4.75219e-06
1.85331e-08
4.74513e-06
2.21784e-08
4.73641e-06
2.64023e-08
4.72573e-06
3.1314e-08
4.71275e-06
3.70468e-08
4.69705e-06
4.3764e-08
4.6781e-06
5.16672e-08
4.65528e-06
6.10064e-08
4.62781e-06
7.2094e-08
4.59473e-06
8.53228e-08
4.55488e-06
1.0119e-07
4.50676e-06
1.2033e-07
4.44852e-06
1.43557e-07
4.37782e-06
1.71919e-07
4.29166e-06
2.06777e-07
4.18621e-06
2.49899e-07
4.05656e-06
3.03578e-07
3.89633e-06
3.70774e-07
3.69727e-06
4.55258e-07
3.44872e-06
5.617e-07
3.13703e-06
6.9558e-07
2.74512e-06
8.62571e-07
2.25275e-06
1.06668e-06
1.63979e-06
1.30451e-06
8.90339e-07
1.56151e-06
1.74827e-06
4.43316e-06
-1.02708e-09
4.43422e-06
-3.08644e-09
4.43598e-06
-5.08109e-09
4.43837e-06
-6.96162e-09
4.44136e-06
-8.69526e-09
4.44487e-06
-1.0268e-08
4.44886e-06
-1.16789e-08
4.45325e-06
-1.29338e-08
4.45802e-06
-1.40419e-08
4.4631e-06
-1.5015e-08
4.46845e-06
-1.58664e-08
4.47405e-06
-1.66099e-08
4.47986e-06
-1.72589e-08
4.48585e-06
-1.78255e-08
4.492e-06
-1.83201e-08
4.49829e-06
-1.87521e-08
4.5047e-06
-1.9129e-08
4.51122e-06
-1.94573e-08
4.51783e-06
-1.97422e-08
4.52452e-06
-1.99882e-08
4.53128e-06
-2.01986e-08
4.5381e-06
-2.03761e-08
4.54497e-06
-2.05227e-08
4.55188e-06
-2.064e-08
4.55881e-06
-2.07288e-08
4.56577e-06
-2.07899e-08
4.57274e-06
-2.08236e-08
4.57972e-06
-2.08301e-08
4.58668e-06
-2.08089e-08
4.59364e-06
-2.07602e-08
4.60057e-06
-2.06836e-08
4.60747e-06
-2.05787e-08
4.61433e-06
-2.04453e-08
4.62113e-06
-2.02831e-08
4.62788e-06
-2.00923e-08
4.63456e-06
-1.9873e-08
4.64115e-06
-1.96256e-08
4.64766e-06
-1.93509e-08
4.65407e-06
-1.90495e-08
4.66038e-06
-1.87226e-08
4.66658e-06
-1.83711e-08
4.67266e-06
-1.79963e-08
4.67861e-06
-1.75995e-08
4.68442e-06
-1.71822e-08
4.6901e-06
-1.67456e-08
4.69564e-06
-1.62911e-08
4.70103e-06
-1.58201e-08
4.70627e-06
-1.53336e-08
4.71135e-06
-1.4833e-08
4.71628e-06
-1.43188e-08
4.72104e-06
-1.37921e-08
4.72564e-06
-1.32524e-08
4.73008e-06
-1.26999e-08
4.73435e-06
-1.21328e-08
4.73845e-06
-1.15502e-08
4.74238e-06
-1.09494e-08
4.74614e-06
-1.03277e-08
4.74971e-06
-9.68144e-09
4.7531e-06
-9.00578e-09
4.75629e-06
-8.29551e-09
4.75928e-06
-7.54319e-09
4.76206e-06
-6.7417e-09
4.76461e-06
-5.8802e-09
4.76692e-06
-4.94851e-09
4.76897e-06
-3.93279e-09
4.77073e-06
-2.81647e-09
4.77218e-06
-1.58644e-09
4.77328e-06
-2.16701e-10
4.774e-06
1.29824e-09
4.77427e-06
3.00143e-09
4.77405e-06
4.92316e-09
4.77327e-06
7.09985e-09
4.77185e-06
9.576e-09
4.76968e-06
1.24036e-08
4.76667e-06
1.56432e-08
4.76268e-06
1.93668e-08
4.75755e-06
2.36611e-08
4.7511e-06
2.86304e-08
4.7431e-06
3.44007e-08
4.73329e-06
4.11247e-08
4.72135e-06
4.89888e-08
4.70689e-06
5.82214e-08
4.68946e-06
6.91043e-08
4.66848e-06
8.19872e-08
4.64326e-06
9.73061e-08
4.61298e-06
1.15609e-07
4.57658e-06
1.37589e-07
4.53278e-06
1.64128e-07
4.47998e-06
1.9636e-07
4.41615e-06
2.35745e-07
4.33875e-06
2.84184e-07
4.24449e-06
3.44157e-07
4.12915e-06
4.18915e-07
3.9872e-06
5.12729e-07
3.81126e-06
6.31192e-07
3.59138e-06
7.81587e-07
3.31383e-06
9.7313e-07
2.95893e-06
1.21747e-06
2.49805e-06
1.52756e-06
1.88615e-06
1.91642e-06
1.05109e-06
2.39657e-06
2.79935e-06
4.43318e-06
-1.40653e-09
4.43432e-06
-4.22745e-09
4.43619e-06
-6.95128e-09
4.43873e-06
-9.5045e-09
4.44188e-06
-1.18413e-08
4.44556e-06
-1.39464e-08
4.4497e-06
-1.58238e-08
4.45425e-06
-1.74855e-08
4.45916e-06
-1.89464e-08
4.46437e-06
-2.02243e-08
4.46984e-06
-2.13389e-08
4.47554e-06
-2.23102e-08
4.48144e-06
-2.31569e-08
4.48751e-06
-2.38956e-08
4.49373e-06
-2.45407e-08
4.50008e-06
-2.51043e-08
4.50655e-06
-2.55964e-08
4.51312e-06
-2.60256e-08
4.51977e-06
-2.63987e-08
4.52651e-06
-2.67213e-08
4.53331e-06
-2.69978e-08
4.54016e-06
-2.72315e-08
4.54706e-06
-2.74251e-08
4.554e-06
-2.75805e-08
4.56097e-06
-2.76988e-08
4.56797e-06
-2.77808e-08
4.57497e-06
-2.78268e-08
4.58198e-06
-2.78369e-08
4.58898e-06
-2.78109e-08
4.59597e-06
-2.77483e-08
4.60293e-06
-2.76489e-08
4.60986e-06
-2.75119e-08
4.61676e-06
-2.73369e-08
4.6236e-06
-2.71235e-08
4.63038e-06
-2.68719e-08
4.63709e-06
-2.65823e-08
4.64372e-06
-2.62554e-08
4.65026e-06
-2.5892e-08
4.6567e-06
-2.54933e-08
4.66304e-06
-2.50606e-08
4.66926e-06
-2.45955e-08
4.67537e-06
-2.40997e-08
4.68134e-06
-2.35752e-08
4.68718e-06
-2.30238e-08
4.69289e-06
-2.24478e-08
4.69844e-06
-2.18487e-08
4.70385e-06
-2.12288e-08
4.70911e-06
-2.05895e-08
4.71421e-06
-1.9933e-08
4.71915e-06
-1.92604e-08
4.72393e-06
-1.85733e-08
4.72855e-06
-1.78716e-08
4.73301e-06
-1.71554e-08
4.7373e-06
-1.64232e-08
4.74142e-06
-1.56733e-08
4.74537e-06
-1.4903e-08
4.74915e-06
-1.41092e-08
4.75276e-06
-1.32868e-08
4.75618e-06
-1.24311e-08
4.75942e-06
-1.15341e-08
4.76247e-06
-1.05888e-08
4.76531e-06
-9.58314e-09
4.76794e-06
-8.5081e-09
4.77033e-06
-7.34562e-09
4.77249e-06
-6.08485e-09
4.77437e-06
-4.70036e-09
4.77596e-06
-3.17855e-09
4.77724e-06
-1.49076e-09
4.77815e-06
3.87069e-10
4.77865e-06
2.49622e-09
4.7787e-06
4.87366e-09
4.77824e-06
7.56729e-09
4.77718e-06
1.06322e-08
4.77545e-06
1.41328e-08
4.77295e-06
1.81447e-08
4.76956e-06
2.27581e-08
4.76514e-06
2.80805e-08
4.75953e-06
3.42414e-08
4.75253e-06
4.13971e-08
4.74392e-06
4.97369e-08
4.73342e-06
5.94912e-08
4.7207e-06
7.09418e-08
4.70536e-06
8.44353e-08
4.68695e-06
1.00401e-07
4.66489e-06
1.19371e-07
4.63848e-06
1.42014e-07
4.6069e-06
1.69169e-07
4.56912e-06
2.01905e-07
4.5239e-06
2.41586e-07
4.46967e-06
2.89973e-07
4.4045e-06
3.4935e-07
4.32595e-06
4.22708e-07
4.23087e-06
5.13994e-07
4.11512e-06
6.28478e-07
3.9731e-06
7.7322e-07
3.79666e-06
9.58023e-07
3.57402e-06
1.19577e-06
3.28494e-06
1.50655e-06
2.90138e-06
1.91111e-06
2.35764e-06
2.46015e-06
1.62903e-06
3.12519e-06
4.42838e-06
4.43322e-06
4.43447e-06
4.43651e-06
4.43927e-06
4.44264e-06
4.44655e-06
4.45092e-06
4.45569e-06
4.46078e-06
4.46617e-06
4.47179e-06
4.47763e-06
4.48365e-06
4.48982e-06
4.49613e-06
4.50257e-06
4.5091e-06
4.51574e-06
4.52245e-06
4.52924e-06
4.53609e-06
4.54299e-06
4.54994e-06
4.55692e-06
4.56394e-06
4.57097e-06
4.57802e-06
4.58507e-06
4.59211e-06
4.59915e-06
4.60616e-06
4.61314e-06
4.62007e-06
4.62696e-06
4.63379e-06
4.64054e-06
4.64721e-06
4.6538e-06
4.66028e-06
4.66666e-06
4.67292e-06
4.67906e-06
4.68507e-06
4.69095e-06
4.69668e-06
4.70226e-06
4.7077e-06
4.71298e-06
4.7181e-06
4.72306e-06
4.72786e-06
4.7325e-06
4.73698e-06
4.74129e-06
4.74544e-06
4.74942e-06
4.75324e-06
4.75688e-06
4.76035e-06
4.76365e-06
4.76675e-06
4.76967e-06
4.77239e-06
4.7749e-06
4.77718e-06
4.77922e-06
4.78099e-06
4.78247e-06
4.78362e-06
4.78441e-06
4.78479e-06
4.78472e-06
4.78412e-06
4.78293e-06
4.78106e-06
4.77841e-06
4.77487e-06
4.77031e-06
4.76455e-06
4.75743e-06
4.74871e-06
4.73814e-06
4.72541e-06
4.71016e-06
4.69196e-06
4.67032e-06
4.64463e-06
4.6142e-06
4.57819e-06
4.53562e-06
4.48531e-06
4.42583e-06
4.35549e-06
4.2721e-06
4.17289e-06
4.05354e-06
3.90801e-06
3.72078e-06
3.47005e-06
3.02996e-06
2.25867e-06
-1.78101e-07
1.25802e-06
1.32571e-06
-4.35217e-08
1.30154e-06
1.41364e-06
1.39167e-07
1.16237e-06
1.29695e-06
3.33327e-07
8.29044e-07
9.29444e-07
6.18648e-07
)
;

boundaryField
{
    inlet
    {
        type            calculated;
        value           nonuniform List<scalar> 
16
(
-4.4328e-06
-4.4328e-06
-4.4328e-06
-4.4328e-06
-4.4328e-06
-4.4328e-06
-4.4328e-06
-4.4328e-06
-4.4328e-06
-4.4328e-06
-4.4328e-06
-4.4328e-06
-4.4328e-06
-4.4328e-06
-4.4328e-06
-4.4328e-06
)
;
    }
    outlet
    {
        type            calculated;
        value           nonuniform List<scalar> 0();
    }
    topWall
    {
        type            calculated;
        value           uniform 0;
    }
    lowerWall
    {
        type            calculated;
        value           nonuniform List<scalar> 0();
    }
    leadingEdge
    {
        type            calculated;
        value           uniform 0;
    }
    trailingEdge
    {
        type            calculated;
        value           uniform 0;
    }
    upperSurface
    {
        type            calculated;
        value           uniform 0;
    }
    lowerSurface
    {
        type            calculated;
        value           nonuniform List<scalar> 0();
    }
    frontAndBack
    {
        type            empty;
        value           nonuniform List<scalar> 0();
    }
    procBoundary4to0
    {
        type            processor;
        value           nonuniform List<scalar> 
105
(
-3.33633e-10
-1.00232e-09
-1.65207e-09
-2.26824e-09
-2.84055e-09
-3.36369e-09
-3.83608e-09
-4.25852e-09
4.45231e-06
-1.1206e-11
-1.18946e-11
-1.24281e-11
-1.28247e-11
-1.31147e-11
-1.33354e-11
-1.3532e-11
-1.37531e-11
-1.40526e-11
-1.44863e-11
-1.51114e-11
-1.59831e-11
-1.71558e-11
-1.86808e-11
-2.06077e-11
-2.29797e-11
-2.58367e-11
-2.92176e-11
-3.3148e-11
-3.76859e-11
-4.28091e-11
-4.85962e-11
-5.50178e-11
-6.21078e-11
-7.01736e-11
-7.87078e-11
-8.83968e-11
-9.87253e-11
-1.10226e-10
-1.22757e-10
-1.3638e-10
-1.51605e-10
-1.67884e-10
-1.86354e-10
-2.06119e-10
-2.28461e-10
-2.52837e-10
-2.79844e-10
-3.10189e-10
-3.42979e-10
-3.80772e-10
-4.20955e-10
-4.6773e-10
-5.1752e-10
-5.74935e-10
-6.37112e-10
-7.07239e-10
-7.84956e-10
-8.70721e-10
-9.67235e-10
-1.0729e-09
-1.19137e-09
-1.3229e-09
-1.46667e-09
-1.63147e-09
-1.80489e-09
-2.01178e-09
-2.21961e-09
-2.48058e-09
-2.72972e-09
-3.06575e-09
-3.38892e-09
-3.75007e-09
-4.1507e-09
-4.59937e-09
-5.09906e-09
-5.65311e-09
-6.2674e-09
-6.94887e-09
-7.70501e-09
-8.54363e-09
-9.47396e-09
-1.0506e-08
-1.16513e-08
-1.29227e-08
-1.43346e-08
-1.59031e-08
-1.76463e-08
-1.95843e-08
-2.17398e-08
-2.4138e-08
-2.68071e-08
-2.9778e-08
-3.30846e-08
-3.67621e-08
-4.08457e-08
-4.53663e-08
-5.03443e-08
-5.57749e-08
-6.15962e-08
-6.76451e-08
-7.35226e-08
-7.88561e-08
-7.90913e-08
-1.07991e-06
-1.09704e-06
)
;
    }
    procBoundary4to5
    {
        type            processor;
        value           nonuniform List<scalar> 
15
(
2.82446e-06
5.79952e-06
7.77391e-06
8.38802e-06
8.48448e-06
8.42862e-06
8.25305e-06
7.89685e-06
6.76731e-06
3.3536e-06
-4.06765e-07
-1.3145e-07
2.55849e-07
7.00836e-07
1.20491e-06
)
;
    }
}


// ************************************************************************* //
