/*--------------------------------*- C++ -*----------------------------------*\
| =========                 |                                                 |
| \\      /  F ield         | OpenFOAM: The Open Source CFD Toolbox           |
|  \\    /   O peration     | Version:  2206                                  |
|   \\  /    A nd           | Website:  www.openfoam.com                      |
|    \\/     M anipulation  |                                                 |
\*---------------------------------------------------------------------------*/
FoamFile
{
    version     2.0;
    format      ascii;
    arch        "LSB;label=32;scalar=64";
    class       volScalarField;
    location    "18.0999";
    object      p;
}
// * * * * * * * * * * * * * * * * * * * * * * * * * * * * * * * * * * * * * //

dimensions      [0 2 -2 0 0 0 0];

internalField   nonuniform List<scalar> 
4830
(
-0.0149486
-0.0158361
-0.0167418
-0.0176942
-0.0187197
-0.0198568
-0.0212522
-0.0230354
-0.0248209
-0.0265129
-0.0283309
-0.0302533
-0.0322115
-0.0341544
-0.0360215
-0.0377447
-0.0392553
-0.0404866
-0.0413784
-0.0418789
-0.0419414
-0.041587
-0.0407822
-0.0395633
-0.0379694
-0.0360464
-0.0338509
-0.0314546
-0.0289268
-0.0263412
-0.0237717
-0.0212884
-0.0189566
-0.0168459
-0.0150311
-0.0133623
-0.0117472
-0.0108682
-0.0108183
-0.0106998
-0.0109233
-0.0115092
-0.0123757
-0.0134725
-0.0147304
-0.0160673
-0.0174087
-0.0186898
-0.0198475
-0.0208274
-0.0215931
-0.0221478
-0.0224776
-0.0225969
-0.022546
-0.0223777
-0.0221507
-0.0219382
-0.0218147
-0.0218581
-0.0221514
-0.0227452
-0.0237213
-0.0251544
-0.0270546
-0.0291693
-0.0316188
-0.0353853
-0.0392355
-0.0434042
-0.0479869
-0.0528452
-0.0578749
-0.0629703
-0.0680086
-0.0728617
-0.0774
-0.0814969
-0.0850339
-0.0879047
-0.0900251
-0.0913516
-0.0918502
-0.091515
-0.0903642
-0.0884387
-0.0858021
-0.0825328
-0.078723
-0.0744744
-0.0698954
-0.0650905
-0.0601663
-0.055243
-0.0503075
-0.0451258
-0.0403519
-0.0361027
-0.0321188
-0.028475
-0.025236
-0.022406
-0.0199821
-0.017951
-0.016287
-0.0149564
-0.0139196
-0.0131328
-0.0125509
-0.0121285
-0.0118114
-0.0115705
-0.0113762
-0.0111992
-0.0110182
-0.0108202
-0.0105979
-0.0103503
-0.0100829
-0.00980552
-0.00953071
-0.00927338
-0.00907069
-0.00901993
-0.00911794
-0.00912812
-0.00903735
-0.00897762
-0.00892687
-0.00884143
-0.0086882
-0.00842436
-0.00800881
-0.00737708
-0.00651256
-0.00511378
-0.00354611
-0.00084801
-0.0225658
-0.0228993
-0.0232005
-0.023505
-0.0238468
-0.0242603
-0.0248722
-0.0259074
-0.0270144
-0.028002
-0.0291109
-0.0303657
-0.0317029
-0.0330796
-0.0344445
-0.0357358
-0.0368894
-0.037842
-0.0385347
-0.0389162
-0.038945
-0.0386042
-0.0378899
-0.0368122
-0.0354012
-0.0336955
-0.0317435
-0.0296078
-0.027349
-0.0250344
-0.0227358
-0.0205186
-0.0184421
-0.0165631
-0.0149378
-0.0135907
-0.0124021
-0.0115967
-0.0118405
-0.0119091
-0.0122875
-0.0130493
-0.0140898
-0.0153391
-0.0167225
-0.0181662
-0.0196024
-0.0209591
-0.0221694
-0.0231782
-0.0239488
-0.0244848
-0.024772
-0.0248265
-0.0246888
-0.0244101
-0.0240535
-0.0236907
-0.0233943
-0.023245
-0.0233296
-0.0236986
-0.0244092
-0.0255651
-0.0271952
-0.0289845
-0.0310695
-0.0344391
-0.0379434
-0.0417883
-0.04603
-0.0505477
-0.0552449
-0.0600217
-0.0647623
-0.0693454
-0.0736481
-0.0775505
-0.0809402
-0.0837163
-0.0858004
-0.0871475
-0.087725
-0.0875247
-0.0865617
-0.0848742
-0.0825214
-0.0795714
-0.0761141
-0.0722449
-0.0680632
-0.0636689
-0.0591587
-0.054643
-0.0501871
-0.045513
-0.0411053
-0.0373141
-0.0336806
-0.0303635
-0.0274366
-0.0248911
-0.0227222
-0.0209143
-0.01944
-0.0182644
-0.017347
-0.0166433
-0.0161071
-0.0156934
-0.015356
-0.0150566
-0.0147701
-0.0144699
-0.0141372
-0.0137624
-0.0133416
-0.0128786
-0.0123823
-0.0118654
-0.0113438
-0.0108337
-0.0103657
-0.01004
-0.00992088
-0.00974514
-0.00944631
-0.0091934
-0.00898021
-0.00875988
-0.00850086
-0.00816255
-0.00770372
-0.00706023
-0.00621857
-0.00486995
-0.00339888
-0.000779908
-0.0306725
-0.0303795
-0.0299989
-0.029573
-0.0291449
-0.0287563
-0.0285171
-0.0286948
-0.0290494
-0.0293064
-0.029659
-0.0302005
-0.030873
-0.0316403
-0.0324615
-0.0332815
-0.0340422
-0.034684
-0.0351493
-0.0353871
-0.0353546
-0.0350112
-0.0343777
-0.0334338
-0.0322021
-0.0307129
-0.0290103
-0.0271429
-0.0251656
-0.0231404
-0.0211313
-0.019199
-0.0174035
-0.0158015
-0.0144376
-0.0133678
-0.0126248
-0.012326
-0.0122903
-0.0126237
-0.0132796
-0.0142516
-0.0154687
-0.0168607
-0.0183713
-0.0199322
-0.0214652
-0.0228951
-0.0241544
-0.025187
-0.0259564
-0.0264652
-0.0266998
-0.026679
-0.0264434
-0.0260452
-0.0255467
-0.0250212
-0.0245462
-0.0241981
-0.0240542
-0.0241796
-0.0246302
-0.0254736
-0.0266769
-0.0280166
-0.0299788
-0.0328001
-0.0359815
-0.0394904
-0.0433527
-0.047495
-0.0518275
-0.0562543
-0.0606681
-0.0649554
-0.0690009
-0.0726918
-0.0759224
-0.0785982
-0.080646
-0.0820213
-0.0826904
-0.0826456
-0.0818988
-0.0804827
-0.0784516
-0.0758698
-0.0728185
-0.0693852
-0.0656605
-0.0617406
-0.0577127
-0.0536713
-0.0497003
-0.0456248
-0.0416408
-0.0384845
-0.0352352
-0.0322969
-0.0297429
-0.0275378
-0.0256752
-0.0241369
-0.0228918
-0.0219028
-0.0211285
-0.020524
-0.0200434
-0.0196428
-0.0192764
-0.0189109
-0.018523
-0.0180865
-0.0175858
-0.0170138
-0.0163712
-0.0156656
-0.0149095
-0.0141194
-0.0133161
-0.0125196
-0.0117581
-0.0111305
-0.0107574
-0.010369
-0.00984526
-0.00937664
-0.00897892
-0.00860478
-0.00822469
-0.00780067
-0.00729223
-0.00663629
-0.00582252
-0.00454249
-0.00318942
-0.000697903
-0.0391455
-0.0381868
-0.0370812
-0.035882
-0.0346427
-0.0334096
-0.0322744
-0.0315213
-0.0310355
-0.0304846
-0.0300084
-0.0297788
-0.0297521
-0.0298873
-0.0301474
-0.0304769
-0.0308233
-0.0311323
-0.0313481
-0.0314197
-0.0313022
-0.030952
-0.0303821
-0.0295573
-0.0284964
-0.02722
-0.0257621
-0.0241638
-0.0224735
-0.0207436
-0.0190307
-0.0173981
-0.0159054
-0.0146012
-0.0135322
-0.0127316
-0.0123149
-0.0125079
-0.0124562
-0.0129941
-0.0139099
-0.0150671
-0.0164388
-0.0179844
-0.0196353
-0.0213137
-0.0229409
-0.0244411
-0.0257458
-0.0267973
-0.0275596
-0.0280356
-0.0282123
-0.0281101
-0.0277701
-0.0272452
-0.026599
-0.0259045
-0.0252382
-0.0246771
-0.0242964
-0.0241618
-0.0243339
-0.0248504
-0.0256282
-0.0266297
-0.028301
-0.0306764
-0.0334594
-0.0365925
-0.04006
-0.043801
-0.0477431
-0.0517976
-0.0558641
-0.0598369
-0.0636089
-0.0670752
-0.0701371
-0.0727073
-0.0747179
-0.0761242
-0.0768952
-0.0770197
-0.0765079
-0.0753876
-0.0737071
-0.0715309
-0.0689248
-0.0659682
-0.0627526
-0.0593616
-0.0558701
-0.0523564
-0.0489016
-0.0454988
-0.0421644
-0.0394153
-0.0366653
-0.0342054
-0.0320846
-0.0302752
-0.0287661
-0.027536
-0.0265528
-0.0257788
-0.0251725
-0.0246846
-0.0242651
-0.0238735
-0.0234706
-0.0230355
-0.0225358
-0.0219475
-0.0212604
-0.0204727
-0.0195902
-0.0186242
-0.0175911
-0.0165118
-0.01541
-0.0143073
-0.0132307
-0.0122753
-0.0116007
-0.0109645
-0.0102076
-0.00950948
-0.00891426
-0.00837455
-0.00786326
-0.00734598
-0.00678429
-0.00611678
-0.00533517
-0.00414022
-0.00292337
-0.000604538
-0.0477297
-0.0460372
-0.0441509
-0.0421368
-0.0400626
-0.0379817
-0.0359698
-0.0342991
-0.0329607
-0.0315948
-0.0302778
-0.0292423
-0.0284678
-0.0279231
-0.0275832
-0.0274053
-0.0273306
-0.027301
-0.0272574
-0.0271494
-0.0269316
-0.0265621
-0.0260334
-0.0253132
-0.0244087
-0.0233334
-0.0221094
-0.0207689
-0.0193547
-0.0179148
-0.0165007
-0.0151657
-0.013964
-0.012946
-0.0121537
-0.0115997
-0.0114319
-0.0118483
-0.0123838
-0.0131063
-0.0141446
-0.0154604
-0.0169982
-0.0186946
-0.0204758
-0.0222632
-0.0239768
-0.0255397
-0.0268824
-0.0279461
-0.0286955
-0.0291344
-0.02925
-0.0290648
-0.0286201
-0.0279692
-0.0271764
-0.0263132
-0.0254562
-0.0246819
-0.0240621
-0.0236616
-0.0235392
-0.0237085
-0.0240919
-0.0247968
-0.0261501
-0.0281001
-0.0304521
-0.0331786
-0.0362464
-0.0395874
-0.0431291
-0.0467968
-0.050503
-0.0541499
-0.0576383
-0.0608715
-0.0637582
-0.0662178
-0.0681893
-0.069628
-0.0705049
-0.0708059
-0.0705406
-0.0697324
-0.0684214
-0.066669
-0.0645362
-0.0620914
-0.0594166
-0.0565844
-0.0536691
-0.0507494
-0.0478835
-0.045135
-0.0426977
-0.0401264
-0.0379556
-0.0360532
-0.0344112
-0.0330405
-0.0319275
-0.0310469
-0.0303562
-0.0298096
-0.0293652
-0.0289794
-0.0286213
-0.0282526
-0.0278248
-0.0273123
-0.0266851
-0.0259272
-0.0250342
-0.0240107
-0.0228673
-0.021621
-0.0202949
-0.0189152
-0.0175101
-0.0161038
-0.0147192
-0.0134384
-0.0124479
-0.0115414
-0.010528
-0.00957969
-0.00877309
-0.00806303
-0.00741927
-0.00680761
-0.00619256
-0.00551613
-0.00477176
-0.00367624
-0.00260978
-0.000503375
0.0706713
0.0746231
0.0775668
0.0795616
0.0806771
0.0809861
0.0804492
0.0790768
0.077103
0.074502
0.0712992
0.0675707
0.0634247
0.0589167
0.054069
0.0489689
0.0437317
0.0384768
0.0333062
0.0283109
0.0235802
0.0192038
0.0152798
0.0118991
0.00912271
0.00698219
0.00549139
0.00466377
0.00448884
0.00476953
0.00556055
0.00678571
0.00835404
0.0101943
0.0122292
0.014385
0.016596
0.0188057
0.0209681
0.0230464
0.0250147
0.0268569
0.0285657
0.0301415
0.0315912
0.0329248
0.0341591
0.0353143
0.0364104
0.0374684
0.0385073
0.0395397
0.04057
0.0415915
0.0425996
0.0435864
0.0445353
0.0454297
0.0462459
0.0469605
0.0475552
0.0480008
0.0482557
0.0482797
0.0480443
0.0475167
0.0467196
0.0456314
0.0442256
0.0424945
0.0404369
0.0380571
0.035365
0.0323731
0.0290967
0.0255549
0.0217697
0.0177657
0.0135705
0.00921398
0.00472795
0.000145617
-0.00449908
-0.00917241
-0.0138423
-0.0184798
-0.0230606
-0.0275656
-0.0319813
-0.0362974
-0.040505
-0.0445938
-0.0485481
-0.052345
-0.055956
-0.0593444
-0.0624651
-0.06527
-0.0677119
-0.0697487
-0.0713462
-0.0724795
-0.0731307
-0.0732835
-0.0729214
-0.072046
-0.0706253
-0.06878
-0.0664648
-0.0636981
-0.0605108
-0.0569446
-0.0530505
-0.0488874
-0.0445186
-0.040008
-0.0354207
-0.0308267
-0.0262958
-0.021893
-0.0176783
-0.0137022
-0.0100073
-0.00663184
-0.00360448
-0.000945919
0.00132823
0.003207
0.00468435
0.00575775
0.006431
0.00671079
0.00661334
0.00614749
0.00533681
0.00419458
0.00274137
0.00103289
0.0713432
0.075362
0.078349
0.0803459
0.0814126
0.0817212
0.0811724
0.0799033
0.0778958
0.0752287
0.0719141
0.0680489
0.0638383
0.059303
0.0543584
0.0491436
0.0437912
0.0384402
0.0331905
0.028127
0.0233287
0.0188779
0.0148814
0.0114495
0.0086338
0.00646526
0.00497028
0.0041464
0.00382648
0.00421293
0.00509525
0.00639637
0.00801015
0.00990471
0.0119916
0.0141944
0.0164491
0.0186982
0.0208931
0.0229966
0.0249843
0.0268417
0.0285614
0.0301444
0.0315987
0.0329357
0.0341713
0.035324
0.0364139
0.0374661
0.0385034
0.039538
0.0405679
0.0415992
0.0426296
0.0436388
0.0446027
0.0455189
0.0463542
0.0470836
0.04771
0.0482025
0.0484995
0.0485512
0.0483503
0.047888
0.0471158
0.0460304
0.044626
0.0428934
0.0408308
0.0384425
0.0357381
0.0327304
0.0294354
0.0258724
0.0220639
0.018035
0.0138133
0.00942905
0.00491485
0.000304518
-0.00436711
-0.00906507
-0.0137562
-0.0184108
-0.0230049
-0.0275208
-0.0319463
-0.0362723
-0.0404921
-0.0445989
-0.0485777
-0.0524042
-0.0560465
-0.0594698
-0.0626334
-0.0654871
-0.0679796
-0.0700649
-0.0717074
-0.0728827
-0.0735681
-0.0737416
-0.0733991
-0.0725536
-0.0712204
-0.069341
-0.0670047
-0.0642188
-0.0610096
-0.0574176
-0.0534929
-0.0492955
-0.0448911
-0.0403424
-0.0357111
-0.0310701
-0.0264934
-0.0220449
-0.0177847
-0.0137671
-0.0100355
-0.00662633
-0.00356687
-0.000877382
0.00142655
0.00333323
0.00483692
0.00593263
0.00662476
0.00691714
0.00683129
0.00636895
0.00556171
0.00440689
0.00292175
0.00113707
0.0715274
0.0755069
0.0784684
0.0804738
0.0815499
0.0818253
0.0813789
0.0801352
0.0780965
0.0753792
0.072105
0.0683287
0.064105
0.0594926
0.0545175
0.0492558
0.0438375
0.0384544
0.0331298
0.0279727
0.0230715
0.0184926
0.0143682
0.0108915
0.00806766
0.00590526
0.00441702
0.00355994
0.00340932
0.00382193
0.00473878
0.00608274
0.00776877
0.00972028
0.0118606
0.0141112
0.016403
0.0186722
0.0208789
0.0229872
0.0249695
0.0268125
0.0285088
0.0300617
0.0314824
0.0327866
0.0339909
0.0351145
0.0361776
0.0372125
0.0382426
0.0392857
0.0403468
0.0414264
0.0425078
0.0435646
0.0445853
0.0455609
0.0464719
0.047289
0.0479886
0.048536
0.0488834
0.0489896
0.0488303
0.0483882
0.0476403
0.046573
0.0451747
0.0434375
0.0413603
0.0389489
0.0362127
0.0331643
0.0298196
0.0261994
0.0223269
0.0182279
0.013931
0.00946831
0.00487432
0.000183336
-0.00456877
-0.00934388
-0.014106
-0.0188226
-0.0234672
-0.0280205
-0.032471
-0.0368124
-0.041041
-0.0451511
-0.0491311
-0.0529604
-0.0566085
-0.0600363
-0.0631978
-0.0660416
-0.0685161
-0.0705742
-0.0721797
-0.0733082
-0.0739429
-0.0740733
-0.0736857
-0.0728413
-0.0714753
-0.0696072
-0.0672669
-0.0644727
-0.0612524
-0.057645
-0.0536999
-0.0494787
-0.0450513
-0.0404788
-0.0358189
-0.0311458
-0.0265281
-0.0220388
-0.0177463
-0.013697
-0.00993405
-0.00649646
-0.00341062
-0.000696863
0.00162858
0.0035532
0.00507223
0.00617781
0.00687371
0.00716679
0.00707702
0.00660636
0.00577495
0.00459048
0.00302219
0.00123081
0.071065
0.075065
0.0780437
0.0800721
0.0812144
0.0814139
0.0809014
0.0796329
0.0776081
0.0749232
0.0716946
0.0679444
0.0636465
0.058953
0.0540046
0.0487459
0.0433694
0.0380524
0.0328316
0.0278005
0.0229933
0.0184791
0.0144799
0.0110447
0.00822597
0.00606461
0.00457334
0.00374261
0.00354745
0.00393136
0.00482869
0.00615476
0.00782981
0.00972471
0.011804
0.0140089
0.0162678
0.0184937
0.0206637
0.02274
0.0246937
0.0265086
0.0281761
0.0297029
0.031104
0.032397
0.0336003
0.0347196
0.0357552
0.0367987
0.037863
0.0389438
0.0400442
0.0411618
0.0422846
0.0433899
0.0444619
0.0454901
0.0464645
0.0473538
0.0481071
0.0486956
0.0490961
0.0492663
0.0491572
0.0487561
0.0480483
0.0470119
0.0456292
0.0438881
0.0417853
0.0393289
0.0365337
0.0334148
0.0299892
0.0262824
0.0223208
0.0181306
0.0137432
0.00919318
0.00451622
-0.000250683
-0.00506953
-0.0099034
-0.0147144
-0.0194693
-0.0241445
-0.0287217
-0.0331879
-0.0375349
-0.0417564
-0.0458455
-0.0497898
-0.0535674
-0.0571476
-0.0604944
-0.0635669
-0.0663171
-0.0686962
-0.0706616
-0.0721814
-0.0732335
-0.073811
-0.0739178
-0.0735569
-0.0726321
-0.0712367
-0.0693588
-0.067012
-0.0642218
-0.0610133
-0.057424
-0.0535038
-0.049318
-0.0449346
-0.0403961
-0.0357651
-0.0311468
-0.0265769
-0.0221216
-0.0178595
-0.0138342
-0.0100944
-0.00667364
-0.00359219
-0.000870131
0.00147123
0.00342082
0.00497746
0.00612208
0.00683976
0.00716342
0.00709786
0.00666568
0.00583466
0.00468034
0.00308575
0.00138708
0.0694736
0.0734573
0.076453
0.0785087
0.0796615
0.0799524
0.0794721
0.0782308
0.0762637
0.0736508
0.0704669
0.0667675
0.0626017
0.0580575
0.0532139
0.0481225
0.0429368
0.0377372
0.0327034
0.0278763
0.023239
0.018948
0.0151344
0.0117824
0.00903822
0.00695115
0.00550798
0.00470051
0.00450895
0.00486028
0.00569014
0.00691631
0.00846173
0.0102442
0.0121988
0.0142653
0.0163741
0.0184605
0.0204703
0.0224159
0.0242803
0.0259967
0.0275526
0.0289819
0.0303082
0.03154
0.0326908
0.0337877
0.0348413
0.0358859
0.0369602
0.0380729
0.0392255
0.0404177
0.0416366
0.042858
0.0440309
0.0451217
0.0461766
0.0472001
0.0481212
0.0488172
0.0492831
0.0495116
0.0494514
0.0490641
0.0483428
0.047275
0.0458461
0.0440513
0.0418933
0.0393862
0.0365373
0.0333551
0.0298524
0.0260621
0.022012
0.0177259
0.0132397
0.00859296
0.00382415
-0.0010284
-0.00592416
-0.0108219
-0.0156857
-0.0204841
-0.0251906
-0.0297828
-0.0342424
-0.0385543
-0.0427083
-0.0466983
-0.0505152
-0.0541398
-0.0575398
-0.0606806
-0.0635335
-0.0660633
-0.0682343
-0.0700117
-0.0713617
-0.0722609
-0.0727053
-0.072694
-0.0722121
-0.0712395
-0.0697996
-0.0679043
-0.0655705
-0.0628202
-0.0596771
-0.0561733
-0.0523524
-0.0482824
-0.0440395
-0.0396478
-0.0351766
-0.0306971
-0.0262569
-0.0219513
-0.0178355
-0.0139074
-0.0102552
-0.00691502
-0.00390256
-0.00123906
0.00105607
0.00297084
0.00449636
0.00562476
0.00635206
0.00669391
0.00665066
0.00625625
0.00545415
0.00438643
0.00280434
0.00136715
0.0664079
0.0703473
0.0733431
0.0754335
0.0766611
0.0770826
0.0767455
0.0756691
0.0738771
0.0714179
0.0683851
0.0648525
0.060871
0.0565231
0.0518878
0.0470357
0.042065
0.0370999
0.0323004
0.0277004
0.0233487
0.0193305
0.0157166
0.0126439
0.0101347
0.00821104
0.00687364
0.00610786
0.00589421
0.00618587
0.00691902
0.00801806
0.00941795
0.0110424
0.0128202
0.0146922
0.0166228
0.0185513
0.0203463
0.022087
0.0237703
0.0253406
0.026767
0.0280796
0.0293197
0.0304832
0.0315881
0.0326872
0.0337714
0.0348129
0.0358818
0.0370151
0.0382034
0.0394332
0.0406895
0.0419554
0.0432141
0.044436
0.0456062
0.0466789
0.0476276
0.048418
0.0489634
0.0491938
0.049125
0.0488376
0.0482138
0.0472304
0.0458743
0.0441064
0.0418961
0.0392994
0.0363482
0.033063
0.029437
0.0255387
0.0213935
0.0169992
0.0124159
0.0076884
0.00285056
-0.00205801
-0.00700161
-0.0119406
-0.0168316
-0.0216391
-0.0263338
-0.0308904
-0.0352889
-0.0395118
-0.0435448
-0.0473758
-0.0509877
-0.0543546
-0.0574562
-0.0602987
-0.062853
-0.0650813
-0.0669566
-0.0684535
-0.0695476
-0.0702248
-0.0704803
-0.070314
-0.0697102
-0.0686683
-0.0671976
-0.0653114
-0.0630259
-0.0603581
-0.0573311
-0.053976
-0.0503377
-0.0464681
-0.0424238
-0.0382658
-0.0340493
-0.0297948
-0.02556
-0.021446
-0.0175345
-0.0138308
-0.0103622
-0.00717618
-0.0043044
-0.00176529
0.000427215
0.00226117
0.00372331
0.00481957
0.00556371
0.00593171
0.00594456
0.00560377
0.00490923
0.00394633
0.00250124
0.00119558
0.0620739
0.0659326
0.0689143
0.0710328
0.0723236
0.0728484
0.0726438
0.0717444
0.0701934
0.0680368
0.0653246
0.0620941
0.058397
0.0543369
0.0499837
0.0453967
0.0407011
0.0360305
0.0314924
0.0271725
0.0231749
0.0195255
0.0162427
0.0134111
0.011113
0.00935651
0.00814182
0.007456
0.00727685
0.00755991
0.00824125
0.00925231
0.0105201
0.0119822
0.013597
0.0152934
0.0170069
0.0187243
0.0203967
0.0219509
0.0233876
0.0247354
0.0259813
0.0271395
0.0282576
0.0293268
0.030344
0.0313669
0.0323947
0.0334414
0.0345431
0.0357129
0.0369469
0.0382379
0.0395734
0.0409333
0.0422968
0.0436192
0.0448245
0.045878
0.0467837
0.0476072
0.0482394
0.0485471
0.0485074
0.0481999
0.0475628
0.0464917
0.0449927
0.0431423
0.0409938
0.0385013
0.0356381
0.0323744
0.0287112
0.0247415
0.0205905
0.0161265
0.0114595
0.00663511
0.00171365
-0.00324832
-0.00822389
-0.0131728
-0.0180547
-0.0228419
-0.0275008
-0.0319938
-0.0362914
-0.0403723
-0.0442177
-0.0478104
-0.0511395
-0.0542088
-0.0570182
-0.0595358
-0.0617249
-0.0635821
-0.065095
-0.0662488
-0.0670319
-0.0674352
-0.0674565
-0.0670931
-0.0663366
-0.0651897
-0.0636734
-0.061796
-0.0595691
-0.0570091
-0.054135
-0.050975
-0.0475685
-0.0439627
-0.0402032
-0.0363212
-0.0323751
-0.0284606
-0.0245818
-0.0207505
-0.0170813
-0.0136467
-0.0104134
-0.00741953
-0.00471029
-0.0023065
-0.000220801
0.00153396
0.00294737
0.00400221
0.00471738
0.00508382
0.00513816
0.0048459
0.00428102
0.00340492
0.00221097
0.000773979
0.0570151
0.060704
0.0635815
0.0656701
0.0670192
0.0676621
0.067607
0.0668875
0.0655531
0.0636381
0.0611825
0.0582785
0.0549887
0.0513484
0.0474118
0.043235
0.0389643
0.0347048
0.0305462
0.0265713
0.0228533
0.0195063
0.0165224
0.0139438
0.0118736
0.0103162
0.00926302
0.00869082
0.00857222
0.00886588
0.00951399
0.0104557
0.0116284
0.0129726
0.014433
0.0159568
0.0174848
0.0189882
0.0204678
0.0218251
0.0230609
0.0242036
0.0252764
0.0262787
0.0272143
0.0281449
0.0291286
0.0301062
0.0310785
0.0320934
0.0331771
0.034337
0.0355734
0.0368781
0.0382341
0.0396183
0.0410029
0.0423535
0.0436297
0.0447952
0.0458157
0.0466593
0.047252
0.0475333
0.0475135
0.0471573
0.0464701
0.0453501
0.0438044
0.0419014
0.0396788
0.0370224
0.0339297
0.0305657
0.0270202
0.0231902
0.0190453
0.0145928
0.00998052
0.00524737
0.000383829
-0.00453572
-0.00952281
-0.0144856
-0.019344
-0.0240757
-0.0286489
-0.0330263
-0.037184
-0.0410967
-0.0447367
-0.0480796
-0.0511119
-0.0538466
-0.056304
-0.0584599
-0.0602878
-0.0617706
-0.0629041
-0.0636894
-0.0641333
-0.0642416
-0.0640155
-0.0634511
-0.0625424
-0.0612966
-0.0597376
-0.0578745
-0.0557167
-0.0532784
-0.0505767
-0.0476366
-0.0444898
-0.0411677
-0.0377082
-0.0341529
-0.0305313
-0.0269001
-0.0233665
-0.0199356
-0.01658
-0.013382
-0.0103816
-0.00760546
-0.0050845
-0.0028393
-0.000883541
0.000771108
0.00211731
0.0031492
0.00387258
0.00427948
0.00440198
0.00419297
0.00375983
0.00293151
0.00205001
0.000310106
0.0520532
0.0554608
0.0581539
0.0601521
0.0614788
0.0621331
0.0621447
0.0615656
0.0604149
0.0587068
0.0565023
0.0538743
0.0508794
0.0475517
0.0440255
0.0403761
0.036615
0.0327979
0.0290571
0.0255055
0.0222113
0.0192378
0.0166146
0.0143785
0.012557
0.0111891
0.0102998
0.00985343
0.00981447
0.010142
0.0107826
0.0116803
0.0127745
0.0140057
0.0153258
0.0166899
0.018046
0.0193576
0.0206035
0.0217529
0.0228023
0.0237628
0.0246478
0.0254693
0.0262501
0.027048
0.0279235
0.0288085
0.0296974
0.0306456
0.0316873
0.032824
0.0340525
0.0353627
0.0367355
0.0381453
0.0395595
0.0409385
0.0422378
0.0434153
0.0444349
0.0452609
0.045844
0.0461355
0.0461078
0.0457168
0.0449308
0.0437554
0.0421855
0.0402004
0.0378233
0.0350345
0.0318685
0.0284473
0.0247771
0.0207682
0.0164975
0.0122303
0.00780365
0.00315998
-0.0016199
-0.00638973
-0.0111975
-0.0159549
-0.0206525
-0.0252897
-0.0297684
-0.0340038
-0.0379822
-0.0416833
-0.0450851
-0.0481719
-0.0509241
-0.0533422
-0.055441
-0.0572231
-0.0586777
-0.0597961
-0.0605891
-0.0610594
-0.0612064
-0.061037
-0.0605632
-0.0597956
-0.0587433
-0.0574106
-0.0558053
-0.0539438
-0.0518425
-0.0495127
-0.0469686
-0.0442333
-0.0413319
-0.0382897
-0.0351344
-0.0319003
-0.0286268
-0.0253532
-0.0221434
-0.0190331
-0.0160058
-0.0130995
-0.010361
-0.00782167
-0.00550124
-0.00341875
-0.00159055
-2.94766e-05
0.00125711
0.00226479
0.00299695
0.00345419
0.00366386
0.00358326
0.00333475
0.00253227
0.00198057
-7.5445e-05
0.0475674
0.050646
0.0530887
0.0549052
0.0561092
0.0567156
0.0567499
0.0562277
0.0551618
0.0536172
0.0516242
0.0492164
0.0464598
0.0434233
0.0402086
0.0368948
0.0335285
0.0302523
0.0270828
0.023994
0.0211169
0.0185429
0.0163057
0.0144288
0.0129446
0.0118846
0.0112151
0.0108995
0.0109486
0.0113298
0.0119803
0.0128465
0.0138746
0.0150126
0.0162111
0.0174238
0.0186089
0.0197346
0.0207812
0.0217334
0.0225869
0.0233511
0.0240438
0.024686
0.0253089
0.0259702
0.0267151
0.0274926
0.0282841
0.0291523
0.0301325
0.0312226
0.0324172
0.0337045
0.0350633
0.0364651
0.037875
0.0392529
0.0405548
0.0417356
0.0427506
0.0435541
0.0440978
0.0443381
0.0442423
0.0437815
0.042934
0.0416857
0.0400036
0.0379224
0.0354629
0.0325928
0.0293431
0.025785
0.0219438
0.0178336
0.0135701
0.00923615
0.00472845
0.000216753
-0.00422493
-0.00876815
-0.0133938
-0.017943
-0.0223947
-0.0267173
-0.0308557
-0.0348115
-0.0385807
-0.0420684
-0.0452178
-0.0480373
-0.050498
-0.052603
-0.0543655
-0.0557921
-0.0568868
-0.0576587
-0.0581226
-0.0582888
-0.0581618
-0.0577554
-0.0570855
-0.0561625
-0.0549958
-0.053597
-0.0519751
-0.05014
-0.0481052
-0.0458853
-0.0434962
-0.0409575
-0.0382865
-0.0355019
-0.0326339
-0.0297157
-0.0267751
-0.0238367
-0.020941
-0.0181275
-0.015402
-0.0127796
-0.0103017
-0.00799606
-0.00588093
-0.00397596
-0.00229008
-0.000831818
0.000392097
0.00137666
0.00212101
0.00262021
0.00289834
0.00293085
0.00286596
0.00216023
0.00188654
-0.000304463
0.0436861
0.0463955
0.0485382
0.0501233
0.051156
0.0516432
0.0516012
0.0510525
0.0500261
0.0485512
0.0466702
0.0444393
0.0418999
0.0391154
0.0361614
0.0331067
0.0300339
0.0270698
0.0242788
0.0217215
0.0193832
0.0172368
0.0154155
0.0139479
0.0128336
0.0120784
0.0116734
0.0116121
0.0118484
0.0123169
0.0130038
0.0138745
0.0148688
0.0159343
0.0170265
0.0181061
0.0191383
0.0200951
0.0209586
0.02172
0.0223809
0.0229545
0.0234611
0.0239267
0.0243901
0.0249065
0.0255065
0.0261501
0.026826
0.0275966
0.0284957
0.0295201
0.0306624
0.0319084
0.0332344
0.0346093
0.0359951
0.0373489
0.0386237
0.0397713
0.0407435
0.0414928
0.0419725
0.0421395
0.0419575
0.0413965
0.0404348
0.0390602
0.0372669
0.0350658
0.0324611
0.0294808
0.0261519
0.0225095
0.0185876
0.0144307
0.0101145
0.00568548
0.00117471
-0.00328623
-0.00767792
-0.0120086
-0.0161731
-0.0203257
-0.0244666
-0.0284491
-0.0322383
-0.0358251
-0.0391708
-0.0422222
-0.0450229
-0.0475376
-0.0496711
-0.0514548
-0.0528976
-0.0540065
-0.0547878
-0.0552547
-0.0554263
-0.0553206
-0.0549535
-0.0543446
-0.0535119
-0.0524671
-0.0512208
-0.0497845
-0.0481694
-0.0463851
-0.0444433
-0.0423555
-0.0401337
-0.0377933
-0.035352
-0.0328211
-0.030223
-0.0275889
-0.024942
-0.0223051
-0.019709
-0.017181
-0.0147339
-0.0123856
-0.0101643
-0.00809148
-0.00618464
-0.004454
-0.00291094
-0.00156942
-0.000430848
0.000502562
0.0012389
0.00177702
0.00213988
0.00226279
0.00233535
0.00177974
0.00170457
-0.000352931
0.040407
0.0427154
0.0445218
0.0458291
0.0466379
0.0469522
0.0467842
0.0461521
0.0450816
0.0436074
0.0417729
0.0396238
0.0372176
0.0346228
0.0318929
0.0290954
0.0263035
0.023594
0.0210474
0.0187849
0.0168622
0.0152357
0.013848
0.012773
0.0120457
0.0116502
0.0115641
0.0117623
0.0122103
0.0128797
0.0137006
0.0146133
0.0156073
0.0166377
0.0176606
0.0186395
0.0195453
0.0203557
0.0210575
0.0216473
0.0221317
0.022527
0.0228575
0.0231549
0.0234626
0.0238299
0.0242771
0.0247759
0.0253258
0.0259878
0.0267923
0.0277346
0.0288058
0.0299895
0.0312597
0.0325827
0.0339182
0.0352209
0.0364416
0.0375294
0.0384334
0.0391033
0.0394913
0.0395542
0.0392554
0.0385657
0.037465
0.0359419
0.0339946
0.031633
0.0288733
0.0257415
0.0222808
0.018531
0.0145283
0.0103267
0.00599011
0.0015691
-0.00288273
-0.00729666
-0.0116393
-0.0158372
-0.0197911
-0.02352
-0.0270618
-0.0305556
-0.0338854
-0.0369677
-0.0398113
-0.0424101
-0.044743
-0.0467546
-0.0484784
-0.0499148
-0.0510044
-0.0517787
-0.0522524
-0.052442
-0.0523656
-0.0520416
-0.0514886
-0.050726
-0.0497744
-0.0486494
-0.047361
-0.0459214
-0.0443408
-0.0426283
-0.0407932
-0.0388453
-0.0367964
-0.034661
-0.0324577
-0.0301945
-0.0278685
-0.0255005
-0.0231297
-0.0207767
-0.0184607
-0.0162028
-0.0140198
-0.0119286
-0.00994855
-0.00809647
-0.00638554
-0.00482599
-0.00343111
-0.00220475
-0.00115445
-0.000280697
0.000428331
0.000967617
0.00138176
0.00157273
0.00175416
0.00139511
0.00143154
-0.000318965
0.0376601
0.039543
0.040982
0.0419721
0.0425092
0.0425949
0.0422391
0.0414597
0.0402827
0.0387429
0.0368823
0.0347527
0.0324167
0.0299389
0.0273671
0.0247697
0.022215
0.0197686
0.0175013
0.0154776
0.0137693
0.0124919
0.0115733
0.0109208
0.0105521
0.0105096
0.0107596
0.0112596
0.0119695
0.0128447
0.0138375
0.0149074
0.015976
0.0170105
0.0180064
0.018928
0.019747
0.020447
0.02102
0.0214673
0.0218
0.0220383
0.0222106
0.0223532
0.0225114
0.0227286
0.0230195
0.0233673
0.023782
0.0243259
0.0250232
0.0258685
0.0268519
0.0279549
0.0291492
0.0303986
0.0316605
0.0328872
0.0340271
0.0350271
0.0358338
0.0363955
0.0366636
0.0365942
0.0361505
0.0353037
0.0340346
0.032334
0.0302041
0.0276571
0.0247146
0.0214072
0.0177817
0.0138922
0.00978724
0.00552101
0.00115808
-0.00324362
-0.00762407
-0.0119188
-0.0160826
-0.0200697
-0.0238243
-0.0273377
-0.0304941
-0.0333345
-0.0359771
-0.0384842
-0.0407333
-0.0427309
-0.0444764
-0.0459568
-0.0471733
-0.048095
-0.0487679
-0.0491983
-0.0493501
-0.0492597
-0.0489488
-0.0484325
-0.0477283
-0.0468537
-0.0458266
-0.0446643
-0.0433776
-0.0419744
-0.0404628
-0.0388506
-0.037145
-0.0353532
-0.0334832
-0.0315456
-0.0295559
-0.0275345
-0.0254933
-0.0234182
-0.0213151
-0.0192302
-0.0171832
-0.0151879
-0.0132597
-0.0114133
-0.00966367
-0.00802421
-0.00650593
-0.00511732
-0.00386477
-0.00275378
-0.00178942
-0.000973647
-0.000295908
0.000229672
0.000662446
0.000910065
0.00115817
0.00100342
0.00113183
-0.000273168
0.035387
0.0368094
0.0378356
0.0384553
0.0386623
0.038458
0.0378522
0.0368631
0.0355177
0.0338519
0.0319083
0.0297378
0.0274159
0.0249906
0.0225239
0.0200774
0.0177191
0.0155023
0.0134905
0.0117581
0.0102843
0.00919885
0.00860873
0.00837574
0.00838386
0.00866993
0.00924607
0.0100562
0.011048
0.0121714
0.0133733
0.0146053
0.0158225
0.0169572
0.0179754
0.0188837
0.0196624
0.0202953
0.0207789
0.0211193
0.0213315
0.02144
0.0214772
0.0214832
0.0215034
0.0215756
0.0217125
0.0219061
0.0221833
0.0226051
0.0231871
0.0239245
0.0248068
0.0258134
0.0269136
0.0280692
0.0292355
0.0303623
0.0313963
0.0322821
0.0329652
0.0333924
0.033514
0.0332855
0.0326698
0.0316388
0.0301744
0.0282696
0.0259292
0.0231696
0.0200184
0.0165133
0.0127019
0.00864574
0.00440813
5.36121e-05
-0.00435248
-0.00874263
-0.0130518
-0.0172272
-0.0212406
-0.0250084
-0.0283564
-0.0314643
-0.0344139
-0.0369068
-0.0388214
-0.0404656
-0.0420726
-0.0434347
-0.0445095
-0.0453408
-0.0459443
-0.0463238
-0.0464947
-0.0464551
-0.0462417
-0.0458479
-0.0452892
-0.0445805
-0.0437363
-0.0427701
-0.041694
-0.0405199
-0.0392591
-0.0379188
-0.0365025
-0.0350147
-0.0334602
-0.0318428
-0.0301673
-0.0284391
-0.0266683
-0.0248695
-0.0230673
-0.0212801
-0.0194781
-0.0176594
-0.0158724
-0.014135
-0.0124563
-0.010849
-0.00932554
-0.00789629
-0.00656962
-0.00535179
-0.00424701
-0.00325727
-0.002382
-0.00162442
-0.000980127
-0.000458961
-6.40345e-06
0.000296905
0.00059294
0.000595166
0.000828755
-0.00025837
0.0334877
0.0344296
0.0350101
0.0352188
0.0350483
0.0345011
0.033588
0.0323292
0.0307541
0.028901
0.0268157
0.0245515
0.0221768
0.0197498
0.0173338
0.0149882
0.0127712
0.0107144
0.00891522
0.00759631
0.00634392
0.00539109
0.00512773
0.00520651
0.00557596
0.00621015
0.00708959
0.00819757
0.00947479
0.0108598
0.0122953
0.0137262
0.0151029
0.0163816
0.0175091
0.0184584
0.0192399
0.0198508
0.0202881
0.0205609
0.0206886
0.0206988
0.0206279
0.0205186
0.020415
0.0203515
0.0203385
0.0203766
0.0205209
0.0208194
0.0212803
0.0219013
0.0226715
0.0235685
0.0245587
0.0256029
0.0266546
0.0276619
0.0285688
0.0293178
0.0298529
0.0301204
0.0300704
0.0296583
0.0288465
0.0276071
0.0259232
0.0237897
0.0212144
0.0182182
0.0148342
0.011107
0.00709166
0.00285119
-0.0015385
-0.00600374
-0.0104686
-0.0148625
-0.0191101
-0.0231469
-0.0269213
-0.0304001
-0.0335522
-0.0361733
-0.0384265
-0.040859
-0.0424824
-0.0430734
-0.0438045
-0.0445145
-0.0449086
-0.0450495
-0.0449931
-0.0447563
-0.0443631
-0.0438325
-0.0431698
-0.0424159
-0.0415809
-0.0406566
-0.039658
-0.0385944
-0.0374726
-0.0362978
-0.0350742
-0.0338065
-0.0324952
-0.0311411
-0.0297471
-0.0283138
-0.0268418
-0.0253326
-0.0237908
-0.0222242
-0.0206466
-0.0190949
-0.0175847
-0.0160629
-0.0145336
-0.0130472
-0.0116157
-0.0102452
-0.00894546
-0.00772452
-0.00658826
-0.0055409
-0.00458494
-0.00372089
-0.0029465
-0.0022559
-0.00165952
-0.00113747
-0.000671104
-0.000303212
5.59912e-05
0.000179306
0.000531422
-0.000281267
0.0319102
0.0323709
0.0324858
0.0322529
0.0316687
0.0307361
0.0294685
0.0278887
0.0260289
0.0239304
0.0216434
0.019225
0.01674
0.0142611
0.011838
0.00954268
0.00742883
0.00553528
0.00394905
0.00290868
0.00185441
0.00107011
0.00113533
0.00147885
0.00214215
0.00315175
0.00436576
0.00575906
0.00731579
0.00896642
0.0106453
0.0122945
0.0138598
0.0152953
0.0165637
0.0176224
0.018456
0.0190834
0.019514
0.0197575
0.0198357
0.0197798
0.0196283
0.019426
0.0192166
0.0190277
0.0188628
0.0187579
0.01878
0.0189557
0.0192939
0.019795
0.0204484
0.0212305
0.0220992
0.0230159
0.0239338
0.0247997
0.0255574
0.026149
0.0265185
0.0266097
0.026369
0.0257526
0.0247246
0.023257
0.0213337
0.018952
0.0161225
0.0128708
0.00923503
0.00526636
0.0010269
-0.00341252
-0.00797168
-0.0125613
-0.0171074
-0.0215164
-0.0257167
-0.0296356
-0.0332176
-0.0364212
-0.0392093
-0.0414362
-0.0432031
-0.0450059
-0.0462542
-0.0465272
-0.0464477
-0.0462716
-0.04593
-0.0453405
-0.0445605
-0.0436417
-0.0426205
-0.0415257
-0.0403793
-0.0392044
-0.0380215
-0.0368397
-0.0356546
-0.0344658
-0.0332761
-0.0320851
-0.0308917
-0.029693
-0.0284879
-0.0272615
-0.0260233
-0.0247676
-0.023491
-0.0221936
-0.0208782
-0.019554
-0.0182292
-0.0169195
-0.0156523
-0.0144257
-0.0131867
-0.0119504
-0.0107616
-0.00962713
-0.00855113
-0.00753977
-0.00659664
-0.00572319
-0.00491914
-0.00418241
-0.00350977
-0.00289443
-0.00234026
-0.00181797
-0.00134779
-0.000921689
-0.000484379
-0.00025032
0.00021629
-0.000342605
0.0305769
0.0305492
0.0302026
0.0295184
0.0285018
0.0271604
0.0255092
0.0235741
0.0213906
0.0190039
0.0164675
0.0138428
0.0111969
0.00860328
0.00612765
0.00382027
0.00176347
1.3018e-06
-0.00141636
-0.0024423
-0.00314069
-0.00345476
-0.00326321
-0.00270798
-0.00177653
-0.000461486
0.00111269
0.00282303
0.00465123
0.00656459
0.00849095
0.0103663
0.0121351
0.0137483
0.0151667
0.0163613
0.0173019
0.0179869
0.0184442
0.0186928
0.0187538
0.0186606
0.0184554
0.018184
0.0178835
0.0175642
0.0172607
0.0170402
0.016946
0.0170007
0.0172166
0.0175965
0.0181294
0.0187809
0.019521
0.0203078
0.0210906
0.0218126
0.0224121
0.0228246
0.0229965
0.0228869
0.0224455
0.0216139
0.0203553
0.0186454
0.016469
0.0138249
0.0107274
0.00720598
0.00330441
-0.000919994
-0.0053977
-0.0100493
-0.0147884
-0.0195211
-0.0241515
-0.0285926
-0.032759
-0.0365739
-0.0399764
-0.0429194
-0.04537
-0.0473037
-0.048752
-0.0497925
-0.0503334
-0.0503028
-0.0497228
-0.0486836
-0.0475221
-0.0462254
-0.0447335
-0.0431173
-0.0414347
-0.0397302
-0.0380409
-0.0363956
-0.0348136
-0.0333122
-0.031895
-0.0305429
-0.0292506
-0.0280131
-0.0268221
-0.0256686
-0.0245416
-0.0234413
-0.0223489
-0.0212629
-0.0201797
-0.019094
-0.0180032
-0.0169127
-0.0158258
-0.0147435
-0.0136946
-0.0127122
-0.0117671
-0.0108056
-0.0098593
-0.00896169
-0.0081134
-0.00731602
-0.00657143
-0.00587866
-0.00523468
-0.00463474
-0.00407398
-0.00354421
-0.00304035
-0.00254086
-0.00207478
-0.00156222
-0.000986248
-0.000670722
-0.000183017
-0.000471988
0.0294637
0.0289102
0.028092
0.0269663
0.0255154
0.0237557
0.0217072
0.0193978
0.0168666
0.0141625
0.0113431
0.00847355
0.00562466
0.00287127
0.000289583
-0.00206049
-0.00411337
-0.00580506
-0.00710202
-0.00799122
-0.0084664
-0.00849785
-0.00807614
-0.00724947
-0.00604944
-0.00449433
-0.00262133
-0.000561204
0.00156231
0.00373057
0.00590396
0.00800975
0.00998854
0.0117909
0.0133752
0.014711
0.0157789
0.0165649
0.0170797
0.0173592
0.0174304
0.017328
0.0170956
0.0167696
0.0163689
0.0159327
0.0155286
0.0152064
0.0150004
0.0149382
0.0150345
0.0152934
0.0156984
0.0162138
0.0168208
0.0174737
0.0181179
0.0186947
0.0191405
0.019388
0.0193685
0.0190273
0.0183453
0.0172904
0.0157989
0.01384
0.0114039
0.00849141
0.00511967
0.00132169
-0.00285274
-0.00734019
-0.0120642
-0.0169375
-0.0218658
-0.026748
-0.0314703
-0.0359548
-0.0400933
-0.0438111
-0.0470401
-0.04973
-0.0518523
-0.0534046
-0.0544095
-0.0548801
-0.0548058
-0.0542164
-0.0531164
-0.0514358
-0.0494574
-0.0474455
-0.0453022
-0.0430305
-0.0407122
-0.0384096
-0.0361711
-0.0340348
-0.0320271
-0.030173
-0.0284699
-0.0269139
-0.0254825
-0.0241638
-0.0229456
-0.0218129
-0.0207515
-0.0197491
-0.0187873
-0.0178575
-0.0169528
-0.0160647
-0.0151858
-0.0143131
-0.013449
-0.0125995
-0.0117784
-0.0110083
-0.0103101
-0.0096323
-0.0089355
-0.00826577
-0.00764067
-0.00705574
-0.00650936
-0.00599876
-0.00551842
-0.00506094
-0.00461831
-0.00417916
-0.00373486
-0.00326115
-0.00279258
-0.00227693
-0.00155887
-0.00101966
-0.000590095
-0.000662027
0.0284511
0.0274228
0.026106
0.02454
0.022676
0.0205085
0.018067
0.0153838
0.0124999
0.00946791
0.00634956
0.00321411
0.000136573
-0.00280514
-0.00553111
-0.00795662
-0.0100476
-0.0117243
-0.0129516
-0.0137183
-0.0140112
-0.013822
-0.0131674
-0.0120857
-0.0106187
-0.00880974
-0.00669734
-0.00433831
-0.00188094
0.000556287
0.00296308
0.00529724
0.00748789
0.00948253
0.01124
0.0127281
0.0139259
0.0148249
0.0154337
0.0157689
0.0158689
0.0157775
0.0155229
0.0151326
0.014651
0.0141414
0.0136553
0.0132373
0.0129264
0.0127522
0.0127323
0.0128719
0.0131447
0.0135337
0.0140112
0.0145293
0.0150329
0.0154614
0.0157498
0.0158314
0.0156377
0.0150991
0.0141658
0.0128458
0.0111175
0.00891644
0.00622272
0.00304355
-0.00060098
-0.00467366
-0.00911984
-0.0138698
-0.0188401
-0.0239361
-0.0290547
-0.0340874
-0.0389198
-0.04344
-0.0475683
-0.0511988
-0.0542683
-0.0567272
-0.0585495
-0.0597329
-0.0602915
-0.0602426
-0.0596084
-0.0584351
-0.0567686
-0.0545675
-0.0518471
-0.0490103
-0.046187
-0.043273
-0.0403351
-0.0374546
-0.0346843
-0.0320672
-0.0296358
-0.0274112
-0.0254101
-0.0236178
-0.0220232
-0.0206004
-0.0193308
-0.0181953
-0.0171736
-0.016247
-0.0153965
-0.0146032
-0.0138564
-0.0131458
-0.0124612
-0.0117962
-0.0111479
-0.0105197
-0.00992015
-0.00936135
-0.00886861
-0.00844574
-0.00801442
-0.00756869
-0.00715722
-0.00678002
-0.00642916
-0.00609949
-0.00578335
-0.00547021
-0.00514896
-0.00480553
-0.00442862
-0.00398916
-0.00352079
-0.00295641
-0.00228258
-0.00166592
-0.000807787
-0.000555445
0.0273785
0.025972
0.0242103
0.0221865
0.019931
0.0173895
0.0145791
0.0115413
0.00831987
0.00496971
0.00155614
-0.00184766
-0.0051625
-0.00830591
-0.0111946
-0.0137444
-0.0158882
-0.0175889
-0.0187795
-0.0194543
-0.0196072
-0.0192431
-0.0183875
-0.017081
-0.015373
-0.0133195
-0.0109764
-0.00838943
-0.00563195
-0.00287729
-0.000233627
0.00230974
0.00470672
0.00689145
0.00882095
0.0104638
0.0117985
0.0128156
0.0135184
0.0139266
0.0140726
0.0139895
0.0137115
0.0132829
0.012757
0.0121867
0.0116242
0.0111182
0.0107097
0.0104299
0.0102988
0.0103214
0.0104718
0.0107389
0.0110899
0.0114773
0.0118457
0.0121325
0.0122705
0.0121915
0.0118281
0.0111109
0.00997153
0.00838391
0.00638837
0.00395416
0.00101835
-0.00241608
-0.00632201
-0.010658
-0.0153656
-0.0203686
-0.0255772
-0.0308893
-0.0361942
-0.0413758
-0.0463143
-0.0508853
-0.0550046
-0.0585588
-0.0614834
-0.0637287
-0.0652683
-0.066098
-0.0662325
-0.0657005
-0.0645423
-0.0628109
-0.0605707
-0.057852
-0.0545981
-0.0510058
-0.0474647
-0.0439485
-0.0404177
-0.0369669
-0.033668
-0.0305702
-0.0277118
-0.0251173
-0.0227998
-0.0207605
-0.0189737
-0.0174236
-0.0160774
-0.0149113
-0.0139017
-0.0130245
-0.0122581
-0.0115797
-0.0109694
-0.0104157
-0.00990561
-0.00942875
-0.00897895
-0.00855546
-0.00816245
-0.00780693
-0.00750488
-0.00728339
-0.00710441
-0.00689243
-0.00668153
-0.00650034
-0.00633741
-0.00618293
-0.00602739
-0.00585753
-0.00565927
-0.00541501
-0.00511093
-0.00471849
-0.00426678
-0.00367358
-0.00296414
-0.002228
-0.00117137
-0.000601842
0.0261338
0.0244028
0.0223121
0.0198827
0.017232
0.0143604
0.0112291
0.00787532
0.00435091
0.000712445
-0.00297225
-0.00662647
-0.0101674
-0.0135087
-0.0165636
-0.0192466
-0.0214742
-0.0232128
-0.0244024
-0.0250228
-0.0250774
-0.0245788
-0.0235581
-0.0220624
-0.0201481
-0.0178786
-0.0153215
-0.0125384
-0.00957802
-0.00653096
-0.0035956
-0.000852122
0.00172802
0.00409212
0.00618515
0.00797512
0.00944075
0.0105718
0.0113706
0.011852
0.0120427
0.0119774
0.011697
0.0112482
0.0106838
0.0100588
0.00942811
0.0088418
0.00834192
0.00796292
0.00772778
0.00764068
0.00768179
0.00783396
0.0080635
0.00832952
0.00857283
0.00872847
0.00872814
0.0085024
0.00798315
0.00710319
0.00578972
0.00398279
0.00171672
-0.000960374
-0.00411359
-0.00777945
-0.0119255
-0.0165044
-0.0214526
-0.0266894
-0.0321186
-0.0376317
-0.0431105
-0.0484316
-0.0534695
-0.0580977
-0.0621986
-0.0656954
-0.0684902
-0.0705398
-0.071819
-0.0723229
-0.0720698
-0.0710967
-0.0694556
-0.0672094
-0.0644317
-0.0611953
-0.0574942
-0.0533137
-0.0490565
-0.0449478
-0.0408792
-0.0369011
-0.0331066
-0.0295532
-0.0262829
-0.0233248
-0.0206933
-0.0183893
-0.0163999
-0.0147
-0.0132547
-0.012035
-0.0110132
-0.0101614
-0.0094533
-0.00886394
-0.00836841
-0.00794843
-0.00758958
-0.00727817
-0.00700455
-0.00676406
-0.00655697
-0.00638705
-0.00626247
-0.00620718
-0.00623425
-0.00625535
-0.00623765
-0.00623434
-0.00624589
-0.0062563
-0.00625328
-0.00622146
-0.00614367
-0.00599922
-0.00577137
-0.00543557
-0.00499295
-0.00437724
-0.00362277
-0.00275795
-0.00155719
-0.000664882
0.0246145
0.0226102
0.0202699
0.0175573
0.014555
0.0113806
0.0079947
0.00438665
0.000613313
-0.0032639
-0.00717636
-0.0110449
-0.0147833
-0.0183019
-0.0215106
-0.0243216
-0.0266514
-0.0284331
-0.0296497
-0.0302465
-0.0302381
-0.0296438
-0.0284985
-0.0268542
-0.0247736
-0.0223271
-0.0195892
-0.016633
-0.0135182
-0.0102949
-0.00708661
-0.00409367
-0.0013505
0.00116731
0.00340824
0.0053313
0.00691511
0.00814858
0.00903251
0.00958016
0.00981608
0.00977417
0.00949619
0.009031
0.008433
0.00775925
0.00706599
0.00640505
0.00582203
0.00535278
0.00501939
0.00482694
0.00477809
0.00482931
0.0049407
0.00510018
0.0052339
0.0052746
0.00515379
0.00480097
0.00414711
0.00312658
0.00166945
-0.000302959
-0.00280623
-0.00572655
-0.00907456
-0.0129365
-0.0172905
-0.0220804
-0.0272393
-0.032681
-0.0383031
-0.0439922
-0.0496239
-0.055068
-0.060193
-0.0648672
-0.0689587
-0.0724051
-0.0750841
-0.0769595
-0.0780065
-0.0782209
-0.077624
-0.0762591
-0.0741868
-0.0714803
-0.0682207
-0.0644974
-0.0603661
-0.0557795
-0.0509087
-0.0461942
-0.0416441
-0.0371997
-0.0329549
-0.0289839
-0.0253322
-0.022032
-0.0191005
-0.0165404
-0.014349
-0.0124872
-0.0109292
-0.00963998
-0.00858727
-0.00774006
-0.00706815
-0.00654324
-0.0061379
-0.00582703
-0.00559379
-0.00542177
-0.00529793
-0.0052141
-0.00516703
-0.00515776
-0.00519037
-0.00527943
-0.00545387
-0.00567763
-0.00585426
-0.0060074
-0.00617139
-0.0063297
-0.00646495
-0.00656005
-0.00659525
-0.00654709
-0.00639579
-0.00611515
-0.00568317
-0.0050544
-0.00425989
-0.00327837
-0.00195119
-0.000731455
0.0227067
0.0204886
0.0179626
0.0150858
0.011843
0.0084011
0.00482354
0.00104144
-0.00290736
-0.00695345
-0.0110273
-0.0150494
-0.018932
-0.0225851
-0.0259162
-0.0288345
-0.0312547
-0.0330964
-0.034346
-0.0349467
-0.0349091
-0.0342578
-0.0330303
-0.0312815
-0.0290797
-0.026501
-0.0236253
-0.0205326
-0.0172967
-0.01397
-0.0106046
-0.00736541
-0.00443226
-0.00179247
0.000568126
0.00260316
0.00428546
0.00560406
0.00655857
0.00716062
0.00743328
0.00740975
0.00713222
0.00665055
0.00602025
0.00529971
0.00454714
0.00381711
0.00315679
0.0026031
0.00218282
0.00190546
0.00175536
0.00171456
0.00174756
0.0018146
0.00185457
0.00180032
0.00158152
0.00112666
0.000365886
-0.000765888
-0.00233384
-0.00442384
-0.00709727
-0.0102374
-0.0137679
-0.0177809
-0.0222987
-0.0272584
-0.0325863
-0.038194
-0.043974
-0.0498046
-0.0555583
-0.0611005
-0.0662935
-0.0710015
-0.075094
-0.0784764
-0.0810567
-0.082784
-0.0836319
-0.0835985
-0.0827083
-0.0810088
-0.0785672
-0.0754652
-0.0717928
-0.0676466
-0.0631196
-0.0582149
-0.0529087
-0.047635
-0.0426372
-0.0377987
-0.033165
-0.0288277
-0.0248392
-0.0212334
-0.0180307
-0.0152365
-0.0128435
-0.0108299
-0.00915407
-0.00778643
-0.00669087
-0.00583255
-0.00517811
-0.00469591
-0.00435636
-0.00413066
-0.00399664
-0.00393582
-0.00393235
-0.00397487
-0.00405701
-0.00417726
-0.00433746
-0.00454485
-0.00482574
-0.00519407
-0.00554859
-0.00584257
-0.00613106
-0.00641421
-0.0066687
-0.00687445
-0.00700974
-0.00704822
-0.00696619
-0.00673372
-0.00632373
-0.0056853
-0.00485803
-0.00376726
-0.00232799
-0.000794962
0.0203026
0.0179466
0.0153057
0.012351
0.00902421
0.00540413
0.00167955
-0.00217949
-0.00620672
-0.0103338
-0.014487
-0.0185892
-0.0225539
-0.0262872
-0.0296935
-0.0326812
-0.035165
-0.0370679
-0.038338
-0.038967
-0.0389284
-0.038255
-0.0369871
-0.0351805
-0.0329064
-0.0302447
-0.0272797
-0.0240967
-0.0207776
-0.0173904
-0.0139745
-0.0105918
-0.0074497
-0.00468675
-0.00224604
-0.000129113
0.00162608
0.00300539
0.00400871
0.00464647
0.00494063
0.00492382
0.00463817
0.00413403
0.00346776
0.00269915
0.00188814
0.00109116
0.000357783
-0.000271569
-0.000768396
-0.00112496
-0.00135624
-0.00146882
-0.00150384
-0.00150799
-0.00153828
-0.00166213
-0.00195131
-0.00247822
-0.00331323
-0.00452129
-0.00616218
-0.0083176
-0.0110899
-0.014408
-0.0180941
-0.0222087
-0.0268372
-0.0319167
-0.0373639
-0.0430875
-0.0489776
-0.0549107
-0.0607512
-0.0663585
-0.0715935
-0.0763191
-0.080402
-0.0837202
-0.0862193
-0.0878237
-0.0885073
-0.0882719
-0.0871438
-0.0851736
-0.0824334
-0.0790111
-0.0750037
-0.0705144
-0.0656504
-0.0604749
-0.0549235
-0.049204
-0.0437765
-0.0386218
-0.0336778
-0.0290387
-0.0247703
-0.0209081
-0.0174745
-0.0144767
-0.0119081
-0.00975093
-0.00797045
-0.0065243
-0.00538021
-0.00450133
-0.00385083
-0.00339409
-0.00309862
-0.0029332
-0.00287155
-0.00289243
-0.00297777
-0.00311382
-0.00329166
-0.00350726
-0.00376081
-0.00405577
-0.00440991
-0.00485763
-0.00535034
-0.00577311
-0.00615268
-0.00652726
-0.0068734
-0.00716649
-0.00738311
-0.00749408
-0.00747134
-0.00728157
-0.00689549
-0.00625299
-0.00540233
-0.00421278
-0.00267706
-0.000852298
0.0173294
0.0149173
0.012244
0.00929419
0.00600804
0.00235295
-0.00144724
-0.00530259
-0.00930494
-0.0134163
-0.017556
-0.021648
-0.0256079
-0.0293438
-0.0327623
-0.0357715
-0.0382851
-0.040224
-0.0415155
-0.0421797
-0.0421595
-0.041494
-0.040225
-0.0384068
-0.0361107
-0.0334179
-0.030416
-0.0271941
-0.0238384
-0.0204269
-0.0170174
-0.0136344
-0.0103568
-0.00743626
-0.00494178
-0.00278567
-0.000990133
0.000419989
0.00144447
0.00209386
0.00238914
0.00236217
0.00205481
0.00151761
0.000807739
-1.37267e-05
-0.000885102
-0.00174757
-0.0025488
-0.00324636
-0.00381115
-0.00423412
-0.00452937
-0.0046986
-0.00478225
-0.00483429
-0.00490952
-0.00507508
-0.00540373
-0.00596901
-0.00684111
-0.00808587
-0.00976033
-0.0119315
-0.0147253
-0.0181599
-0.0219618
-0.026126
-0.0308048
-0.0359472
-0.041457
-0.0472407
-0.053187
-0.0591684
-0.0650487
-0.0706862
-0.0759357
-0.0806554
-0.0847111
-0.0879788
-0.0904069
-0.091909
-0.0924642
-0.0920753
-0.0907688
-0.0885972
-0.0856355
-0.0819752
-0.0777195
-0.0729771
-0.0678595
-0.0624681
-0.0567857
-0.0507949
-0.0450061
-0.0395963
-0.0344287
-0.0295642
-0.0250829
-0.0210241
-0.0174108
-0.0142523
-0.0115434
-0.00926693
-0.00739568
-0.00588724
-0.00469934
-0.00379642
-0.00314164
-0.00269709
-0.0024274
-0.00229943
-0.00228407
-0.00235797
-0.00250062
-0.00269572
-0.00293244
-0.00320498
-0.00351188
-0.00385551
-0.00424599
-0.00471879
-0.00528613
-0.00581297
-0.00625612
-0.00668509
-0.0070921
-0.0074455
-0.00771885
-0.00788176
-0.00790309
-0.00774687
-0.00738158
-0.00674009
-0.00587487
-0.00459915
-0.00298564
-0.000899051
0.0137076
0.0113261
0.00871131
0.00585283
0.00270738
-0.00080977
-0.00457226
-0.0083575
-0.0122213
-0.0162031
-0.020225
-0.0242083
-0.0280734
-0.0317315
-0.0350906
-0.0380594
-0.0405517
-0.0424897
-0.0438062
-0.0444794
-0.0444929
-0.0438618
-0.0426271
-0.0408414
-0.0385729
-0.0359028
-0.0329194
-0.0297132
-0.0263719
-0.0229787
-0.0196071
-0.0162982
-0.0130575
-0.0100168
-0.00742721
-0.00527366
-0.00348306
-0.0020777
-0.00106539
-0.000434273
-0.000163534
-0.000222498
-0.000569661
-0.00115426
-0.00191847
-0.00279994
-0.00373502
-0.0046627
-0.00552848
-0.00628723
-0.00690883
-0.00738521
-0.00772829
-0.00794008
-0.00805361
-0.00812508
-0.00821864
-0.00839714
-0.00873173
-0.0092981
-0.0101672
-0.0114062
-0.0130707
-0.0152099
-0.0179505
-0.0214238
-0.0252918
-0.029452
-0.0341143
-0.0392574
-0.0447684
-0.0505512
-0.0564951
-0.0624711
-0.0683411
-0.0739615
-0.0791867
-0.0838749
-0.0878909
-0.0911102
-0.0934745
-0.0948978
-0.0953614
-0.0948685
-0.0934449
-0.0911442
-0.0880422
-0.0842321
-0.0798204
-0.07492
-0.0696462
-0.0641152
-0.0583694
-0.0523045
-0.0462675
-0.0406478
-0.0353491
-0.0303478
-0.0257306
-0.0215447
-0.0178131
-0.0145466
-0.0117416
-0.00938176
-0.00744116
-0.00588587
-0.00466929
-0.00374847
-0.00308553
-0.00264455
-0.00238719
-0.00227716
-0.00228286
-0.00238
-0.00254621
-0.00276363
-0.00302005
-0.00330841
-0.00362648
-0.00397667
-0.00436586
-0.00482251
-0.00538812
-0.00597504
-0.00646532
-0.00690696
-0.0073336
-0.00771282
-0.00801419
-0.00820646
-0.00825555
-0.00812135
-0.00777007
-0.00713233
-0.00626023
-0.00491357
-0.00324364
-0.000932352
0.00939009
0.00712908
0.00466787
0.00199661
-0.000913386
-0.00415588
-0.00773423
-0.0113556
-0.0149795
-0.0187162
-0.0225105
-0.0262808
-0.0299525
-0.0334422
-0.0366615
-0.0395218
-0.0419382
-0.0438348
-0.0451461
-0.0458141
-0.0458721
-0.0452924
-0.0441196
-0.0424037
-0.040208
-0.0376112
-0.0346999
-0.0315626
-0.0282874
-0.0249608
-0.0216643
-0.0184629
-0.0153706
-0.0123723
-0.00967937
-0.00751466
-0.0057794
-0.00442195
-0.00345869
-0.00287912
-0.00266119
-0.00277626
-0.00318352
-0.0038321
-0.00466355
-0.00561408
-0.00661811
-0.00761231
-0.00853938
-0.00935193
-0.0100192
-0.0105377
-0.0109104
-0.011145
-0.0112735
-0.0113418
-0.0114206
-0.0115807
-0.011888
-0.0124183
-0.0132434
-0.014433
-0.0160434
-0.018108
-0.0207245
-0.0241217
-0.0280034
-0.0321225
-0.036701
-0.0417779
-0.0472252
-0.052943
-0.0588224
-0.064734
-0.0705403
-0.0760981
-0.0812621
-0.0858903
-0.0898479
-0.0930142
-0.0953193
-0.0966872
-0.0970971
-0.0965506
-0.095073
-0.0927166
-0.0895565
-0.0856864
-0.0812143
-0.0762538
-0.0709222
-0.0653414
-0.0596027
-0.0536167
-0.0474697
-0.0417135
-0.0363738
-0.0313284
-0.0266573
-0.0224189
-0.0186366
-0.0153218
-0.0124727
-0.0100744
-0.00810178
-0.00652191
-0.00529533
-0.00437245
-0.00370719
-0.00326274
-0.00300489
-0.00289493
-0.00289922
-0.00299148
-0.00314837
-0.0033513
-0.00358745
-0.00384941
-0.00413486
-0.00444604
-0.00478939
-0.00518704
-0.0056915
-0.00627814
-0.00678156
-0.00719918
-0.00760501
-0.00797516
-0.00827357
-0.00846785
-0.00852243
-0.00839504
-0.00805019
-0.00741804
-0.0065457
-0.00514491
-0.00344229
-0.00095031
0.00434992
0.00229991
8.83021e-05
-0.00229642
-0.00487441
-0.00772937
-0.0109628
-0.014309
-0.0176045
-0.02098
-0.0244343
-0.0278864
-0.0312653
-0.0344951
-0.037492
-0.0401712
-0.0424506
-0.0442555
-0.0455201
-0.046186
-0.0462747
-0.0457511
-0.0446586
-0.0430434
-0.0409622
-0.0384867
-0.0356977
-0.0326817
-0.0295273
-0.0263205
-0.0231408
-0.0200631
-0.0171435
-0.0143582
-0.0116781
-0.0094497
-0.00779446
-0.006539
-0.00566793
-0.00517561
-0.00504094
-0.0052385
-0.00572821
-0.00645941
-0.0073732
-0.0084042
-0.00948453
-0.010548
-0.0115337
-0.0123943
-0.0130981
-0.013645
-0.0140294
-0.0142639
-0.0143844
-0.0144355
-0.0144773
-0.0145814
-0.0148249
-0.0152841
-0.0160291
-0.0171268
-0.0186397
-0.0206012
-0.0230538
-0.0262616
-0.0300948
-0.0340525
-0.0385025
-0.0434626
-0.0487794
-0.0543683
-0.0601215
-0.0659099
-0.0715985
-0.0770458
-0.0821085
-0.0866463
-0.0905276
-0.0936349
-0.0958825
-0.0972155
-0.0976051
-0.0970511
-0.0955785
-0.0932369
-0.0901004
-0.0862612
-0.0818246
-0.0769051
-0.0716202
-0.0660885
-0.0604258
-0.0546205
-0.0485423
-0.0427467
-0.0374409
-0.0324481
-0.0278121
-0.0236018
-0.0198432
-0.0165469
-0.0137121
-0.0113248
-0.00936054
-0.00778652
-0.00656414
-0.00565117
-0.00499685
-0.00455058
-0.00428304
-0.0041584
-0.00414061
-0.00420131
-0.0043173
-0.00446986
-0.00464626
-0.00483962
-0.00504849
-0.00527612
-0.00552896
-0.00582342
-0.00621451
-0.00673512
-0.00721048
-0.00757124
-0.00791246
-0.00823381
-0.0084952
-0.00866286
-0.00870077
-0.00856477
-0.00821706
-0.00759036
-0.00671798
-0.00528337
-0.00357447
-0.000951334
-0.0014095
-0.00315815
-0.00502494
-0.00702558
-0.00917815
-0.011547
-0.0142796
-0.0172298
-0.0201161
-0.0230209
-0.0260256
-0.0290576
-0.0320477
-0.0349278
-0.0376208
-0.0400468
-0.0421275
-0.0437898
-0.0449702
-0.0456168
-0.0457084
-0.0452483
-0.0442508
-0.0427574
-0.0408193
-0.0385018
-0.0358793
-0.0330332
-0.0300484
-0.0270083
-0.0239918
-0.0210728
-0.0183244
-0.0157876
-0.0133631
-0.0111064
-0.00946327
-0.00836711
-0.00764728
-0.00727561
-0.00724964
-0.00755367
-0.0081471
-0.00897991
-0.00999237
-0.0111166
-0.0122813
-0.0134152
-0.0144583
-0.0153629
-0.0160957
-0.0166563
-0.0170367
-0.0172504
-0.017335
-0.0173417
-0.0173299
-0.0173609
-0.01751
-0.0178581
-0.0184822
-0.0194472
-0.0208062
-0.0226189
-0.0249162
-0.0278828
-0.0316492
-0.0351609
-0.0394442
-0.0442685
-0.0494041
-0.0548066
-0.060376
-0.0659855
-0.0715046
-0.0767956
-0.0817185
-0.0861365
-0.0899219
-0.0929598
-0.0951577
-0.096475
-0.096876
-0.096358
-0.0949448
-0.0926842
-0.0896471
-0.085922
-0.0816115
-0.0768289
-0.0716879
-0.066305
-0.060805
-0.0552421
-0.0494129
-0.0436916
-0.0384864
-0.0336454
-0.0291383
-0.025039
-0.02138
-0.0181711
-0.0154121
-0.0130896
-0.0111794
-0.00964895
-0.00845918
-0.00756747
-0.00692946
-0.00649115
-0.00620689
-0.00605409
-0.00599484
-0.00599895
-0.00604368
-0.00611098
-0.00618935
-0.00627346
-0.00636299
-0.00646237
-0.00658025
-0.00673127
-0.00696423
-0.00734605
-0.00774546
-0.0080244
-0.00825828
-0.00849003
-0.00867989
-0.00879124
-0.00878859
-0.00862709
-0.00826748
-0.00764722
-0.00676775
-0.00532341
-0.00363592
-0.000934566
-0.00786151
-0.00922118
-0.0106506
-0.0121708
-0.0138029
-0.0155968
-0.0177092
-0.0201356
-0.0225185
-0.0248581
-0.0273138
-0.0298327
-0.0323457
-0.0347935
-0.0371068
-0.0392116
-0.0410341
-0.0425043
-0.043561
-0.0441526
-0.0442321
-0.0438344
-0.0429353
-0.0415768
-0.0398046
-0.037674
-0.0352528
-0.0326164
-0.0298428
-0.0270115
-0.0241998
-0.0214802
-0.0189232
-0.0166017
-0.0145228
-0.0124651
-0.0107627
-0.00982727
-0.00934471
-0.00911755
-0.00922314
-0.00965958
-0.0103796
-0.0113349
-0.0124636
-0.0136932
-0.0149457
-0.0161515
-0.0172525
-0.0181973
-0.0189509
-0.019514
-0.0198754
-0.0200495
-0.0200749
-0.0200062
-0.0199001
-0.0198276
-0.019866
-0.0200771
-0.0205179
-0.0213049
-0.0225089
-0.0241296
-0.0262023
-0.0287845
-0.0320806
-0.0355418
-0.0396782
-0.044234
-0.0491251
-0.0542841
-0.0596102
-0.0649867
-0.0702871
-0.0753784
-0.0801251
-0.0843952
-0.0880651
-0.0910232
-0.0931807
-0.0944967
-0.0949348
-0.0944913
-0.0931881
-0.0910689
-0.0882008
-0.0846688
-0.080571
-0.0760148
-0.0711121
-0.0659752
-0.0607197
-0.0554466
-0.0500328
-0.0445114
-0.0394669
-0.0348748
-0.0305894
-0.0266814
-0.023197
-0.0201444
-0.0175228
-0.0153192
-0.0135091
-0.0120597
-0.0109317
-0.0100818
-0.0094658
-0.00903751
-0.00873549
-0.00854322
-0.00842476
-0.00834914
-0.00829393
-0.00824344
-0.00818809
-0.00812414
-0.00805377
-0.00798379
-0.00792486
-0.00789062
-0.0079235
-0.00811272
-0.00838692
-0.00854844
-0.00863614
-0.00873995
-0.00882494
-0.00885124
-0.00878447
-0.00858035
-0.00819882
-0.00757646
-0.00669596
-0.00526579
-0.00362586
-0.000899868
)
;

boundaryField
{
    inlet
    {
        type            zeroGradient;
    }
    outlet
    {
        type            fixedValue;
        value           uniform 0;
    }
    topWall
    {
        type            zeroGradient;
    }
    lowerWall
    {
        type            zeroGradient;
    }
    leadingEdge
    {
        type            zeroGradient;
    }
    trailingEdge
    {
        type            zeroGradient;
    }
    upperSurface
    {
        type            zeroGradient;
    }
    lowerSurface
    {
        type            zeroGradient;
    }
    frontAndBack
    {
        type            empty;
    }
    procBoundary3to2
    {
        type            processor;
        value           nonuniform List<scalar> 
35
(
-0.0140547
-0.022168
-0.0308363
-0.0399083
-0.0491737
0.0656608
0.0662507
0.0664733
0.0659946
0.0644468
0.061469
0.0573078
0.0525138
0.0479213
0.0438508
0.0404238
0.0376218
0.0353544
0.0335838
0.0321921
0.0311235
0.0303357
0.0297288
0.029134
0.0284424
0.0275414
0.0263112
0.0246307
0.022382
0.0194872
0.0158631
0.0114598
0.00624926
0.000235085
-0.00655331
)
;
    }
    procBoundary3to7
    {
        type            processor;
        value           nonuniform List<scalar> 
138
(
-0.0562565
-0.0537812
-0.051063
-0.0481826
-0.0452223
-0.042248
-0.0393323
-0.0367457
-0.034557
-0.0324015
-0.0303128
-0.0285466
-0.0270753
-0.025873
-0.0249263
-0.0242134
-0.0236911
-0.0233045
-0.0229959
-0.0227048
-0.0223805
-0.0219797
-0.021471
-0.0208444
-0.0200811
-0.0191884
-0.0181832
-0.0170885
-0.015939
-0.014778
-0.013651
-0.0126056
-0.0116898
-0.0109521
-0.0104302
-0.0101488
-0.0102522
-0.0109236
-0.011793
-0.0127028
-0.0139203
-0.0154196
-0.0171184
-0.0189544
-0.0208555
-0.0227418
-0.0245322
-0.0261493
-0.027523
-0.028594
-0.029327
-0.0297266
-0.0297814
-0.0295152
-0.0289691
-0.0281965
-0.027262
-0.0262374
-0.025197
-0.0242152
-0.0233627
-0.0227034
-0.0222867
-0.0221131
-0.0221456
-0.0225737
-0.0236094
-0.025154
-0.0270864
-0.0293928
-0.0320404
-0.0349737
-0.0381214
-0.0414063
-0.0447478
-0.0480629
-0.0512629
-0.0542589
-0.0569672
-0.0593137
-0.0612432
-0.0627142
-0.0636956
-0.0641754
-0.064161
-0.0636698
-0.0627346
-0.0614136
-0.0597683
-0.0578545
-0.0557362
-0.0534871
-0.0511793
-0.0488648
-0.0465806
-0.0445747
-0.0428858
-0.0407948
-0.0391874
-0.0378484
-0.0367184
-0.0358064
-0.0350895
-0.0345326
-0.0341099
-0.0337975
-0.0335509
-0.0333193
-0.0330548
-0.0327108
-0.0322507
-0.0316448
-0.0308758
-0.0299346
-0.0288222
-0.0275477
-0.0261272
-0.0245841
-0.0229477
-0.0212498
-0.0195237
-0.0177992
-0.0161011
-0.0145063
-0.0132217
-0.0120545
-0.01079
-0.00959808
-0.00857306
-0.00767995
-0.00689634
-0.00619221
-0.00552936
-0.00484989
-0.00414791
-0.00316462
-0.00225838
-0.000398392
)
;
    }
}


// ************************************************************************* //
