/*--------------------------------*- C++ -*----------------------------------*\
| =========                 |                                                 |
| \\      /  F ield         | OpenFOAM: The Open Source CFD Toolbox           |
|  \\    /   O peration     | Version:  2206                                  |
|   \\  /    A nd           | Website:  www.openfoam.com                      |
|    \\/     M anipulation  |                                                 |
\*---------------------------------------------------------------------------*/
FoamFile
{
    version     2.0;
    format      ascii;
    arch        "LSB;label=32;scalar=64";
    class       volScalarField;
    location    "18.0999";
    object      p;
}
// * * * * * * * * * * * * * * * * * * * * * * * * * * * * * * * * * * * * * //

dimensions      [0 2 -2 0 0 0 0];

internalField   nonuniform List<scalar> 
4830
(
-0.604848
-0.63403
-0.684
-0.751888
-0.830281
-0.907136
-0.967654
-0.998416
-0.991904
-0.955921
-0.888303
-0.795866
-0.687066
-0.570725
-0.458127
-0.358511
-0.275775
-0.213634
-0.168079
-0.141669
-0.132081
-0.137561
-0.157726
-0.19294
-0.244062
-0.315708
-0.579468
-0.615323
-0.673994
-0.752278
-0.843404
-0.933283
-1.00472
-1.0445
-1.04729
-1.00922
-0.936535
-0.835684
-0.717822
-0.594485
-0.477649
-0.374182
-0.288057
-0.221282
-0.173261
-0.143637
-0.130842
-0.133222
-0.149295
-0.177463
-0.21382
-0.251325
-0.554798
-0.596799
-0.664941
-0.754325
-0.855838
-0.953995
-1.03115
-1.07325
-1.07575
-1.03988
-0.9685
-0.867162
-0.746901
-0.621791
-0.503782
-0.39894
-0.310706
-0.241218
-0.190521
-0.157583
-0.140572
-0.137482
-0.145677
-0.162523
-0.183674
-0.201062
-0.539469
-0.588124
-0.65926
-0.748651
-0.847126
-0.940618
-1.01398
-1.05255
-1.05671
-1.02473
-0.958991
-0.86489
-0.752025
-0.634207
-0.523957
-0.424813
-0.339239
-0.270874
-0.219762
-0.184581
-0.163399
-0.154106
-0.153952
-0.160019
-0.167922
-0.172336
-0.560388
-0.594521
-0.651635
-0.72764
-0.811447
-0.890167
-0.950992
-0.988054
-0.992223
-0.964113
-0.90661
-0.824889
-0.727323
-0.624428
-0.526315
-0.438143
-0.362102
-0.299549
-0.250802
-0.215166
-0.191012
-0.176387
-0.168957
-0.16612
-0.164618
-0.160938
-0.584304
-0.616492
-0.664886
-0.722687
-0.783118
-0.83817
-0.879995
-0.902307
-0.900004
-0.873639
-0.824889
-0.757984
-0.679558
-0.596273
-0.514587
-0.440932
-0.377041
-0.3224
-0.277775
-0.243169
-0.217513
-0.199203
-0.186597
-0.177718
-0.170189
-0.161694
-0.60687
-0.627824
-0.658422
-0.694981
-0.732867
-0.767082
-0.79256
-0.804573
-0.800863
-0.780965
-0.744028
-0.692792
-0.632109
-0.566863
-0.501585
-0.440727
-0.386273
-0.338542
-0.298186
-0.265255
-0.23914
-0.218817
-0.203022
-0.190321
-0.179093
-0.16778
-0.611153
-0.622605
-0.642106
-0.66728
-0.692268
-0.714238
-0.729978
-0.734113
-0.727919
-0.710567
-0.678804
-0.637082
-0.589075
-0.537443
-0.485167
-0.43506
-0.38893
-0.347627
-0.311645
-0.281093
-0.255658
-0.234679
-0.217276
-0.202474
-0.18922
-0.176487
-0.607492
-0.614806
-0.626842
-0.641561
-0.65606
-0.667871
-0.674699
-0.674377
-0.666056
-0.648903
-0.62287
-0.589897
-0.551811
-0.510607
-0.468369
-0.427033
-0.388056
-0.352313
-0.320296
-0.292198
-0.267912
-0.247057
-0.229073
-0.213323
-0.199111
-0.185759
-0.597369
-0.600886
-0.607141
-0.614866
-0.622423
-0.627988
-0.629927
-0.626735
-0.617512
-0.602027
-0.580353
-0.553108
-0.521737
-0.487806
-0.452785
-0.41804
-0.384692
-0.353511
-0.324965
-0.29928
-0.276471
-0.256332
-0.238505
-0.22259
-0.20816
-0.194765
-0.582806
-0.583795
-0.586448
-0.589884
-0.592961
-0.594367
-0.592908
-0.587604
-0.577853
-0.563435
-0.544384
-0.521258
-0.495063
-0.466779
-0.437432
-0.408014
-0.379373
-0.352145
-0.326752
-0.30343
-0.282262
-0.263168
-0.245934
-0.230334
-0.216123
-0.203008
-0.565682
-0.565021
-0.565284
-0.565824
-0.565835
-0.564433
-0.560807
-0.554298
-0.544466
-0.53113
-0.51436
-0.494561
-0.47232
-0.448318
-0.423321
-0.398065
-0.373202
-0.349247
-0.32657
-0.305402
-0.285865
-0.267956
-0.251562
-0.236561
-0.222839
-0.210208
-0.546899
-0.545232
-0.543983
-0.542691
-0.540793
-0.537686
-0.532803
-0.52568
-0.516003
-0.503648
-0.488668
-0.471356
-0.452109
-0.431424
-0.409856
-0.387954
-0.366214
-0.345048
-0.324772
-0.305596
-0.287662
-0.27101
-0.255594
-0.241363
-0.22828
-0.21624
-0.527369
-0.525173
-0.523039
-0.520641
-0.517586
-0.513457
-0.507863
-0.500487
-0.491117
-0.479667
-0.466187
-0.4509
-0.434069
-0.416048
-0.397244
-0.378077
-0.35892
-0.340112
-0.321917
-0.304525
-0.288084
-0.27266
-0.258254
-0.244858
-0.232486
-0.221083
-0.507655
-0.505236
-0.502629
-0.499611
-0.49591
-0.491243
-0.485344
-0.477998
-0.469061
-0.458474
-0.446293
-0.432667
-0.417783
-0.401905
-0.385343
-0.368411
-0.351407
-0.334598
-0.318207
-0.302412
-0.287342
-0.273086
-0.259681
-0.247135
-0.235502
-0.224759
-0.488155
-0.485721
-0.482928
-0.47963
-0.47564
-0.470767
-0.464832
-0.457692
-0.44925
-0.439473
-0.42842
-0.416184
-0.40291
-0.388802
-0.374094
-0.359027
-0.343834
-0.328733
-0.313912
-0.299526
-0.2857
-0.272521
-0.260057
-0.248336
-0.237409
-0.227316
-0.469137
-0.466823
-0.464032
-0.460674
-0.456629
-0.451768
-0.445973
-0.439151
-0.431241
-0.422239
-0.412183
-0.401139
-0.389226
-0.376602
-0.363444
-0.349941
-0.336281
-0.322641
-0.309179
-0.296033
-0.283317
-0.271124
-0.259521
-0.248569
-0.238307
-0.228795
-0.450769
-0.448659
-0.445992
-0.442721
-0.438774
-0.434068
-0.428527
-0.422094
-0.41474
-0.406468
-0.397297
-0.387291
-0.376544
-0.365178
-0.353333
-0.341158
-0.328804
-0.316418
-0.304136
-0.292078
-0.28035
-0.269042
-0.258228
-0.24797
-0.238321
-0.229339
-0.433176
-0.431305
-0.428837
-0.425745
-0.42199
-0.417526
-0.412309
-0.406309
-0.39951
-0.391913
-0.383544
-0.374456
-0.364723
-0.354441
-0.34372
-0.332681
-0.321447
-0.310141
-0.29888
-0.287771
-0.276911
-0.266388
-0.256276
-0.246639
-0.237535
-0.229023
-0.416422
-0.414797
-0.41256
-0.409697
-0.406193
-0.402024
-0.397172
-0.391619
-0.385359
-0.378399
-0.370765
-0.362498
-0.353657
-0.344318
-0.334569
-0.324508
-0.314238
-0.303863
-0.293483
-0.283196
-0.273089
-0.263249
-0.253748
-0.244649
-0.236013
-0.227897
-0.400547
-0.399165
-0.397165
-0.39455
-0.391321
-0.387473
-0.382997
-0.37789
-0.372154
-0.365796
-0.358839
-0.351315
-0.343269
-0.33476
-0.325859
-0.316647
-0.307208
-0.297633
-0.28801
-0.278426
-0.268963
-0.259703
-0.25072
-0.242077
-0.233833
-0.226047
-0.385546
-0.384387
-0.382615
-0.380248
-0.377299
-0.373773
-0.369676
-0.365011
-0.359781
-0.353995
-0.347669
-0.340827
-0.333499
-0.325732
-0.31758
-0.309111
-0.300394
-0.291509
-0.282531
-0.273543
-0.264621
-0.255837
-0.247269
-0.238982
-0.231038
-0.22351
-0.371425
-0.370454
-0.368885
-0.366749
-0.364067
-0.360857
-0.357131
-0.352895
-0.348154
-0.342914
-0.337182
-0.33097
-0.324294
-0.317189
-0.309695
-0.301868
-0.293767
-0.285461
-0.277018
-0.268515
-0.260028
-0.251631
-0.243425
-0.235452
-0.227744
-0.220384
-0.358145
-0.35732
-0.35592
-0.353984
-0.351547
-0.348632
-0.345263
-0.341442
-0.337177
-0.332466
-0.327309
-0.321698
-0.315632
-0.30913
-0.302229
-0.294966
-0.287401
-0.279593
-0.2716
-0.263507
-0.25536
-0.247218
-0.239276
-0.231595
-0.224076
-0.216794
-0.345691
-0.344954
-0.343673
-0.341898
-0.339673
-0.337033
-0.333999
-0.330581
-0.326778
-0.322589
-0.318
-0.312979
-0.307511
-0.301597
-0.295254
-0.288514
-0.28143
-0.274053
-0.266444
-0.258675
-0.250801
-0.242908
-0.235099
-0.227419
-0.219902
-0.21265
-0.334051
-0.333342
-0.332121
-0.330452
-0.32841
-0.326042
-0.32335
-0.320343
-0.317023
-0.313385
-0.309386
-0.304967
-0.300084
-0.29471
-0.288856
-0.282562
-0.275877
-0.268849
-0.261536
-0.254007
-0.24633
-0.238574
-0.230805
-0.223096
-0.21555
-0.208263
-0.323152
-0.322393
-0.321153
-0.319487
-0.317546
-0.315417
-0.313087
-0.310539
-0.307759
-0.304742
-0.301418
-0.297674
-0.293403
-0.288549
-0.283123
-0.277194
-0.270824
-0.264055
-0.256944
-0.249565
-0.24199
-0.234289
-0.226529
-0.218783
-0.211128
-0.203678
-0.313665
-0.312812
-0.31152
-0.309888
-0.308013
-0.306004
-0.303939
-0.30183
-0.299645
-0.297312
-0.294736
-0.291762
-0.288202
-0.283967
-0.279081
-0.273613
-0.267625
-0.261177
-0.254338
-0.247184
-0.239789
-0.232221
-0.224543
-0.216825
-0.209104
-0.201469
-0.305651
-0.304653
-0.30326
-0.301612
-0.299786
-0.297908
-0.296134
-0.29455
-0.293115
-0.291603
-0.289791
-0.287461
-0.284381
-0.28049
-0.275853
-0.270556
-0.264681
-0.258314
-0.251555
-0.244503
-0.237234
-0.229809
-0.22228
-0.214686
-0.20716
-0.199865
-0.303201
-0.302192
-0.300797
-0.29914
-0.297349
-0.29557
-0.29395
-0.292615
-0.291658
-0.291011
-0.29016
-0.288463
-0.28571
-0.282021
-0.277546
-0.272382
-0.266613
-0.260329
-0.253624
-0.24659
-0.239312
-0.231873
-0.224351
-0.216822
-0.209383
-0.202148
-0.387809
-0.309413
-0.226025
-0.160557
-0.0968427
-0.0354063
0.017879
0.0562755
0.0759941
0.0744801
0.0493243
-0.000294798
-0.0729217
-0.165252
-0.271849
-0.386164
-0.499461
-0.600953
-0.681152
-0.732158
-0.747134
-0.730035
-0.688617
-0.631464
-0.565556
-0.497248
-0.434187
-0.379316
-0.331337
-0.290447
-0.256382
-0.228183
-0.205154
-0.186635
-0.172013
-0.160781
-0.152526
-0.146885
-0.143496
-0.142067
-0.142568
-0.145196
-0.150224
-0.157447
-0.165974
-0.174326
-0.180931
-0.185019
-0.186501
-0.185317
-0.181796
-0.176651
-0.170665
-0.164534
-0.158851
-0.154084
-0.150568
-0.148512
-0.148095
-0.149493
-0.152799
-0.157931
-0.164967
-0.17457
-0.188065
-0.204528
-0.221462
-0.24224
-0.264507
-0.286124
-0.305309
-0.319977
-0.328274
-0.329967
-0.324556
-0.31291
-0.296324
-0.276231
-0.254078
-0.231153
-0.20842
-0.186306
-0.165213
-0.14662
-0.130885
-0.11729
-0.105685
-0.0960099
-0.0881502
-0.0820264
-0.077598
-0.0748564
-0.0738147
-0.0744839
-0.0768347
-0.0807531
-0.0860084
-0.092238
-0.09894
-0.105566
-0.111575
-0.116467
-0.119842
-0.121447
-0.121255
-0.119425
-0.116131
-0.111732
-0.106655
-0.101345
-0.0962494
-0.0917829
-0.0882818
-0.0860205
-0.0852356
-0.0861459
-0.276388
-0.244847
-0.172938
-0.0921777
-0.0184673
0.0419007
0.0883687
0.112442
0.119695
0.107271
0.0731854
0.0172583
-0.059066
-0.152237
-0.256259
-0.363519
-0.465808
-0.555002
-0.620183
-0.656371
-0.661948
-0.641723
-0.602298
-0.551027
-0.494471
-0.439184
-0.388457
-0.342376
-0.301518
-0.266015
-0.235602
-0.209825
-0.188212
-0.170279
-0.155568
-0.143682
-0.134328
-0.127226
-0.122052
-0.118515
-0.116464
-0.115934
-0.117165
-0.120414
-0.125423
-0.131256
-0.13682
-0.140922
-0.142999
-0.143175
-0.141846
-0.139137
-0.135694
-0.132151
-0.129
-0.126638
-0.125346
-0.125336
-0.126784
-0.129838
-0.134586
-0.141071
-0.149514
-0.160691
-0.175295
-0.192273
-0.21142
-0.233223
-0.256088
-0.27817
-0.2975
-0.311961
-0.319793
-0.320884
-0.314926
-0.302817
-0.285905
-0.26564
-0.243441
-0.220502
-0.197572
-0.175122
-0.154458
-0.136615
-0.121075
-0.10749
-0.0958276
-0.0859809
-0.0778419
-0.071343
-0.0664405
-0.0631187
-0.0613838
-0.0612435
-0.0626726
-0.0655709
-0.0697327
-0.0748374
-0.080455
-0.0860761
-0.0912078
-0.0954198
-0.0983604
-0.0997913
-0.0996699
-0.0982152
-0.0955195
-0.091899
-0.0877437
-0.083466
-0.0794701
-0.0761036
-0.0736743
-0.0724668
-0.0727379
-0.0747258
-0.205734
-0.181237
-0.127916
-0.0671568
-0.0123508
0.0359537
0.0763881
0.108953
0.117082
0.0997597
0.0594916
-0.000107878
-0.0756395
-0.163611
-0.258997
-0.354603
-0.437465
-0.499618
-0.54303
-0.564948
-0.563023
-0.54467
-0.513394
-0.47154
-0.428338
-0.385951
-0.345378
-0.307614
-0.27332
-0.242759
-0.215914
-0.192587
-0.172498
-0.155342
-0.140814
-0.128619
-0.118528
-0.110342
-0.10381
-0.0986878
-0.094793
-0.0920298
-0.0904773
-0.0903922
-0.0920567
-0.0952074
-0.0990194
-0.102631
-0.105073
-0.106149
-0.106138
-0.105285
-0.103741
-0.102098
-0.100822
-0.100237
-0.100592
-0.102089
-0.104894
-0.109145
-0.114945
-0.122413
-0.131927
-0.144319
-0.159582
-0.177183
-0.197253
-0.219423
-0.242411
-0.264424
-0.283412
-0.297295
-0.304801
-0.305357
-0.299122
-0.287009
-0.270317
-0.250451
-0.228733
-0.206178
-0.183472
-0.161652
-0.142172
-0.125098
-0.10991
-0.0965655
-0.0850108
-0.0751215
-0.0668022
-0.0600137
-0.0547205
-0.0508945
-0.0485389
-0.0476625
-0.0482468
-0.0502079
-0.0533672
-0.0574416
-0.0620523
-0.0667508
-0.0710784
-0.0746552
-0.0771825
-0.0783969
-0.078291
-0.07713
-0.0749147
-0.0719289
-0.068542
-0.065117
-0.0619979
-0.0595087
-0.057957
-0.0576238
-0.0587658
-0.0616128
-0.167429
-0.146436
-0.109713
-0.064991
-0.0209226
0.0180077
0.0478257
0.0630853
0.0615147
0.0430812
0.00855288
-0.0408155
-0.103624
-0.17632
-0.250992
-0.317198
-0.373163
-0.417979
-0.450513
-0.47227
-0.473735
-0.456955
-0.433393
-0.404315
-0.372383
-0.339676
-0.307427
-0.276633
-0.247955
-0.22175
-0.198145
-0.177112
-0.158537
-0.142254
-0.128077
-0.11581
-0.105283
-0.096343
-0.0888027
-0.0824843
-0.077244
-0.0729487
-0.0695369
-0.0670981
-0.0658706
-0.0661481
-0.0677854
-0.0701414
-0.0724774
-0.0740938
-0.0748949
-0.0751275
-0.0750242
-0.0747836
-0.0748043
-0.075421
-0.0768789
-0.0793657
-0.0830381
-0.0880352
-0.0944917
-0.102618
-0.112929
-0.126006
-0.141495
-0.159295
-0.179544
-0.201625
-0.224272
-0.245742
-0.264
-0.277041
-0.284253
-0.284534
-0.278365
-0.266685
-0.250703
-0.231713
-0.210876
-0.189088
-0.167333
-0.147029
-0.128891
-0.11259
-0.0979521
-0.0850093
-0.0736788
-0.0638338
-0.0554058
-0.0483804
-0.0427538
-0.0384909
-0.0355824
-0.0340422
-0.0338638
-0.0349724
-0.0372168
-0.0403568
-0.0440563
-0.047914
-0.0515125
-0.0545287
-0.0567426
-0.0576615
-0.0574665
-0.0565846
-0.0547333
-0.0522328
-0.049447
-0.0466715
-0.0442212
-0.0424113
-0.0415363
-0.0418694
-0.0436637
-0.0471483
-0.151512
-0.133715
-0.106676
-0.0742321
-0.0423643
-0.0154545
0.00395229
0.0145266
0.0124941
-0.00381809
-0.0311165
-0.0660733
-0.11305
-0.169313
-0.224846
-0.27512
-0.319583
-0.353557
-0.380707
-0.396535
-0.394591
-0.384908
-0.369854
-0.349702
-0.326103
-0.30088
-0.275251
-0.250094
-0.226043
-0.203507
-0.182711
-0.163745
-0.146604
-0.131224
-0.117508
-0.105338
-0.0946037
-0.0851849
-0.0769406
-0.0697423
-0.0634912
-0.0580863
-0.0534333
-0.0494981
-0.0463687
-0.0442626
-0.0434631
-0.0438676
-0.0450854
-0.046612
-0.0479509
-0.0488352
-0.0495067
-0.0502268
-0.0511569
-0.0525309
-0.0546219
-0.0576357
-0.0617404
-0.0670875
-0.0738482
-0.0823276
-0.0930737
-0.106251
-0.121591
-0.139306
-0.159332
-0.180922
-0.20284
-0.223396
-0.240665
-0.253011
-0.259719
-0.259984
-0.254228
-0.243348
-0.228449
-0.21067
-0.19103
-0.170552
-0.150525
-0.132036
-0.115182
-0.0997528
-0.0858011
-0.0733164
-0.0622218
-0.0524635
-0.0439896
-0.0367762
-0.0308486
-0.0261967
-0.0227913
-0.0206447
-0.0197813
-0.0201238
-0.0215301
-0.0238273
-0.0267122
-0.0298167
-0.03275
-0.0352596
-0.0374689
-0.0378075
-0.0372491
-0.0368997
-0.0353371
-0.0331399
-0.0307753
-0.0284662
-0.0264997
-0.0251766
-0.0247781
-0.025571
-0.0278039
-0.0317036
-0.150099
-0.133951
-0.112942
-0.0891496
-0.0659291
-0.0461736
-0.0319022
-0.0248658
-0.0270688
-0.0390254
-0.0598587
-0.0886314
-0.124745
-0.165328
-0.205995
-0.243938
-0.27695
-0.303239
-0.323146
-0.335033
-0.337461
-0.332517
-0.322095
-0.307311
-0.289379
-0.269571
-0.248881
-0.228064
-0.207692
-0.188172
-0.169765
-0.152622
-0.136806
-0.122323
-0.109136
-0.0971871
-0.086411
-0.0767238
-0.0680217
-0.0602137
-0.0532283
-0.0470011
-0.041465
-0.0365537
-0.0322426
-0.0286068
-0.0258516
-0.0242502
-0.0237109
-0.0240729
-0.0250425
-0.0258773
-0.0270131
-0.0286243
-0.0299205
-0.0316844
-0.0340945
-0.0373108
-0.0415016
-0.0468683
-0.0536447
-0.0622149
-0.0730295
-0.0859371
-0.100938
-0.118339
-0.137833
-0.15864
-0.179567
-0.199008
-0.215128
-0.226935
-0.233161
-0.233599
-0.228482
-0.218627
-0.205027
-0.188673
-0.170593
-0.152012
-0.134085
-0.117311
-0.101666
-0.087179
-0.0739091
-0.0618526
-0.0510011
-0.0413346
-0.0328244
-0.0254514
-0.0192434
-0.0142212
-0.0103611
-0.00766359
-0.00617215
-0.00583848
-0.00649447
-0.00801591
-0.0101748
-0.0126153
-0.0149694
-0.0169908
-0.0188919
-0.0191601
-0.0185445
-0.0181281
-0.0167498
-0.014813
-0.0127432
-0.0107557
-0.00911566
-0.00810808
-0.00800408
-0.00906337
-0.0115302
-0.0156293
-0.155089
-0.140224
-0.123133
-0.104921
-0.0875071
-0.0728948
-0.0627099
-0.0582074
-0.0603749
-0.0695996
-0.0853955
-0.106787
-0.132853
-0.162162
-0.192276
-0.22084
-0.24618
-0.267043
-0.282778
-0.292304
-0.295195
-0.292378
-0.285037
-0.274024
-0.260183
-0.244412
-0.227501
-0.210089
-0.192681
-0.175657
-0.159286
-0.143748
-0.129145
-0.115529
-0.102908
-0.0912661
-0.0805699
-0.0707689
-0.0617967
-0.0535922
-0.0461007
-0.0392756
-0.0330781
-0.0274707
-0.0224134
-0.0178821
-0.0139365
-0.0107211
-0.00840364
-0.00704868
-0.00653878
-0.0068244
-0.00786858
-0.00915432
-0.0109006
-0.0129822
-0.0153566
-0.0185918
-0.0226926
-0.0279184
-0.0345691
-0.0430543
-0.0535958
-0.0660686
-0.0806941
-0.0976057
-0.116396
-0.13628
-0.156103
-0.174324
-0.189427
-0.200467
-0.20644
-0.207164
-0.202796
-0.194069
-0.181878
-0.167155
-0.151046
-0.134681
-0.118756
-0.103496
-0.0889945
-0.0753627
-0.0626788
-0.0509944
-0.0403387
-0.0307246
-0.0221517
-0.0146138
-0.00812876
-0.00274062
0.00154767
0.00475183
0.00683396
0.00777266
0.00776184
0.00696261
0.00547107
0.00361011
0.0017214
6.47415e-05
-0.00116393
-0.0015627
-0.00125108
-0.000472523
0.000837004
0.00257036
0.00445432
0.00624835
0.00769899
0.00853938
0.00850748
0.00734974
0.00482578
0.000712667
-0.163433
-0.149637
-0.135139
-0.120565
-0.107059
-0.0959066
-0.0882133
-0.0848375
-0.086401
-0.0931502
-0.104839
-0.120877
-0.140475
-0.162413
-0.184981
-0.206529
-0.225777
-0.241727
-0.253714
-0.261224
-0.264039
-0.262432
-0.257051
-0.24854
-0.237533
-0.224688
-0.210621
-0.195855
-0.180818
-0.165851
-0.151208
-0.137073
-0.123569
-0.110772
-0.0987257
-0.0874417
-0.0769095
-0.0671072
-0.0580016
-0.0495556
-0.0417329
-0.0344987
-0.0278236
-0.0216843
-0.0160635
-0.0109416
-0.00630358
-0.00223551
0.0012232
0.00409832
0.00629999
0.00762311
0.00787875
0.00699999
0.00564486
0.00403257
0.00132079
-0.00193905
-0.00572058
-0.0107261
-0.0172239
-0.0255026
-0.0356349
-0.0477096
-0.0619802
-0.0783645
-0.0964085
-0.115319
-0.133931
-0.150934
-0.165155
-0.1753
-0.180999
-0.182119
-0.178541
-0.170884
-0.160251
-0.14749
-0.133593
-0.119346
-0.10513
-0.0911597
-0.0776235
-0.0646797
-0.0524497
-0.0410237
-0.0304678
-0.020829
-0.0121346
-0.00439693
0.00236925
0.00812019
0.012827
0.0165042
0.0191432
0.0206687
0.0211965
0.0210134
0.020187
0.0188594
0.0173982
0.0160912
0.0151688
0.014846
0.0151471
0.0159861
0.0172883
0.0189154
0.0206988
0.0223997
0.0237726
0.0245655
0.0245253
0.0234047
0.0209675
0.0169915
-0.17277
-0.159899
-0.14718
-0.134987
-0.124023
-0.115113
-0.109012
-0.106312
-0.107405
-0.11242
-0.121169
-0.133176
-0.147741
-0.163951
-0.180696
-0.19685
-0.211436
-0.223657
-0.232926
-0.238826
-0.241157
-0.240044
-0.23587
-0.229072
-0.220104
-0.209453
-0.197586
-0.184921
-0.171814
-0.158559
-0.14539
-0.132486
-0.119975
-0.107949
-0.0964666
-0.0855613
-0.0752476
-0.0655248
-0.0563818
-0.0478015
-0.0397646
-0.0322511
-0.0252424
-0.0187213
-0.0126738
-0.00708904
-0.00195284
0.00272409
0.00678044
0.0102785
0.0132671
0.0158658
0.01791
0.0189664
0.0188922
0.0176322
0.0153694
0.012497
0.00872146
0.00376115
-0.00257842
-0.0105389
-0.0203385
-0.0321775
-0.0461115
-0.0619308
-0.079153
-0.0969963
-0.114343
-0.130111
-0.143193
-0.15239
-0.157515
-0.159567
-0.157111
-0.150383
-0.14146
-0.130849
-0.119026
-0.106522
-0.093656
-0.080696
-0.0678893
-0.0554345
-0.0434852
-0.0321684
-0.0215853
-0.0118139
-0.00291105
0.0050878
0.0121615
0.0182849
0.023416
0.0275474
0.0306955
0.0327902
0.0338528
0.0341501
0.0339047
0.0331459
0.032085
0.0310841
0.0303825
0.0301556
0.0304754
0.0313221
0.0326358
0.0342183
0.0359507
0.0376243
0.0389977
0.0398291
0.039874
0.0388913
0.0366474
0.03292
-0.182102
-0.170048
-0.158625
-0.148065
-0.138813
-0.131395
-0.126295
-0.123895
-0.124437
-0.127978
-0.134357
-0.143214
-0.154019
-0.166099
-0.178649
-0.19083
-0.201879
-0.211168
-0.218216
-0.222699
-0.224462
-0.223543
-0.220142
-0.214542
-0.207071
-0.198082
-0.187932
-0.176946
-0.165418
-0.153598
-0.141691
-0.129865
-0.118248
-0.106935
-0.095997
-0.0854809
-0.0754169
-0.0658215
-0.0567014
-0.0480566
-0.0398828
-0.0321705
-0.0249112
-0.0180961
-0.011719
-0.00577593
-0.000265941
0.00481624
0.00948006
0.0135902
0.0170194
0.0198708
0.022228
0.0242288
0.0256614
0.0260515
0.0251608
0.0229955
0.0196317
0.0149547
0.00878858
0.000943369
-0.00875368
-0.0204103
-0.0340066
-0.0492686
-0.0655734
-0.0820123
-0.097759
-0.112096
-0.124186
-0.132248
-0.137098
-0.140622
-0.13923
-0.133542
-0.126566
-0.117855
-0.10769
-0.0965124
-0.0846349
-0.0723721
-0.0600202
-0.047815
-0.0359352
-0.0245478
-0.0137882
-0.00375957
0.00545389
0.0137937
0.0212271
0.0277352
0.0332951
0.0378817
0.041502
0.0441271
0.0457367
0.0464868
0.0466712
0.0464477
0.0458348
0.0451036
0.0445835
0.0444495
0.0447952
0.0456382
0.0469246
0.0485087
0.0502162
0.0518966
0.0533172
0.0542405
0.0544296
0.0536482
0.0516649
0.0482549
-0.190809
-0.179481
-0.169045
-0.159633
-0.151529
-0.145068
-0.140558
-0.138244
-0.13827
-0.140644
-0.145225
-0.151725
-0.15973
-0.168715
-0.178081
-0.187209
-0.195526
-0.202541
-0.207868
-0.211233
-0.212487
-0.211615
-0.208723
-0.203991
-0.19765
-0.189956
-0.181174
-0.17156
-0.161349
-0.150751
-0.139944
-0.129076
-0.118269
-0.107619
-0.0971997
-0.0870675
-0.077264
-0.0678189
-0.0587527
-0.0500799
-0.0418113
-0.0339438
-0.0264765
-0.0194127
-0.0127521
-0.00648987
-0.000624155
0.00482593
0.00983192
0.0143767
0.0184764
0.0219577
0.0247111
0.026771
0.0281268
0.0287372
0.0285346
0.0273397
0.0248806
0.0208942
0.0152356
0.00780443
-0.00145936
-0.0125301
-0.025257
-0.0393761
-0.0542964
-0.0692673
-0.0836035
-0.0966938
-0.107882
-0.11579
-0.12166
-0.125301
-0.124936
-0.121493
-0.116011
-0.108692
-0.0997262
-0.0894386
-0.0781981
-0.0663406
-0.0541673
-0.0419427
-0.0298925
-0.0182279
-0.00712236
0.00330144
0.0129394
0.0217128
0.0295743
0.0365016
0.0424859
0.0475222
0.0516054
0.0547169
0.056851
0.0580862
0.058629
0.0587852
0.0586589
0.0582592
0.0578939
0.0578375
0.0582019
0.0590267
0.0602683
0.0618253
0.0635399
0.0652378
0.0667192
0.0677566
0.0681169
0.0675662
0.0658711
0.0628023
-0.19855
-0.187883
-0.178231
-0.169662
-0.162355
-0.156527
-0.152372
-0.150034
-0.149589
-0.151017
-0.154188
-0.158872
-0.164742
-0.171398
-0.178386
-0.185239
-0.191512
-0.196812
-0.200821
-0.203309
-0.204139
-0.20327
-0.200749
-0.196686
-0.191238
-0.184587
-0.17693
-0.168465
-0.159379
-0.149841
-0.140004
-0.129998
-0.119932
-0.109897
-0.0999688
-0.0902066
-0.0806598
-0.0713672
-0.0623604
-0.0536682
-0.0453103
-0.0372962
-0.0296283
-0.0223173
-0.0153746
-0.00880744
-0.00261431
0.00320544
0.0086261
0.0135978
0.0180733
0.0220096
0.0253766
0.0280264
0.0298938
0.0309082
0.0309751
0.029978
0.027731
0.0241035
0.0189705
0.0122055
0.00373147
-0.00642983
-0.018119
-0.030962
-0.0444697
-0.0581906
-0.0715987
-0.084036
-0.0948815
-0.103685
-0.110516
-0.114694
-0.115642
-0.113691
-0.109475
-0.103221
-0.0950531
-0.0853208
-0.0744018
-0.0626378
-0.0503551
-0.0378574
-0.025416
-0.0132659
-0.0016107
0.00937367
0.019562
0.0288717
0.0372416
0.0446413
0.0510685
0.0565345
0.0610518
0.0646227
0.0672494
0.0689763
0.0699258
0.0703433
0.070546
0.0705749
0.0704293
0.0704335
0.0708067
0.0716057
0.0727822
0.0742694
0.0759727
0.0776886
0.0792304
0.0803755
0.0809006
0.0805715
0.0791562
0.0764412
-0.205159
-0.195096
-0.186094
-0.178169
-0.171435
-0.166034
-0.162085
-0.15967
-0.158819
-0.159497
-0.161587
-0.1649
-0.169177
-0.174102
-0.179325
-0.184482
-0.189221
-0.193231
-0.196252
-0.198086
-0.198606
-0.197757
-0.195548
-0.192039
-0.187335
-0.181562
-0.174866
-0.167395
-0.159295
-0.150702
-0.141742
-0.132524
-0.123145
-0.113688
-0.104223
-0.0948111
-0.0855056
-0.076351
-0.0673866
-0.0586612
-0.0501969
-0.0420092
-0.0341125
-0.0265277
-0.0192742
-0.0123666
-0.00580901
0.00039739
0.00623427
0.0116519
0.0165792
0.0209762
0.0248194
0.0280213
0.0304941
0.0321357
0.0328243
0.0324226
0.0307793
0.0277594
0.0232436
0.0171379
0.0093928
1.85055e-05
-0.0108619
-0.0228742
-0.0356919
-0.0489783
-0.0622516
-0.0748748
-0.0861757
-0.0957556
-0.103459
-0.108704
-0.110837
-0.110045
-0.106854
-0.101336
-0.0936596
-0.0841837
-0.0732786
-0.0613069
-0.048631
-0.0355942
-0.0225092
-0.00965204
0.00274467
0.014469
0.0253564
0.0353168
0.0442859
0.0522235
0.0591281
0.0650256
0.0699531
0.0739418
0.0770109
0.0791962
0.0805832
0.0813259
0.0816945
0.0819992
0.0822218
0.0823361
0.0827005
0.0835329
0.0846072
0.0859324
0.0875965
0.089319
0.0908848
0.09211
0.0927744
0.0926488
0.0915097
0.0891288
-0.210583
-0.20107
-0.19262
-0.185216
-0.178916
-0.173819
-0.17
-0.1675
-0.166321
-0.166418
-0.167687
-0.169971
-0.17306
-0.176704
-0.180625
-0.184537
-0.188159
-0.191238
-0.193555
-0.19494
-0.195275
-0.194497
-0.192589
-0.189582
-0.185538
-0.180544
-0.174703
-0.168125
-0.160921
-0.153196
-0.14505
-0.136572
-0.127843
-0.118934
-0.109909
-0.100826
-0.0917395
-0.0826961
-0.0737437
-0.064945
-0.0563328
-0.0479235
-0.0397461
-0.0318287
-0.0241989
-0.0168842
-0.00990201
-0.00325233
0.00305851
0.00897914
0.0144239
0.0193253
0.0236642
0.0273918
0.0304108
0.0326157
0.0338909
0.0341021
0.0330981
0.0307275
0.0268552
0.0213734
0.014214
0.00535799
-0.00505959
-0.0167546
-0.0294286
-0.0427552
-0.0562462
-0.0692996
-0.0812632
-0.0916503
-0.100284
-0.106745
-0.110147
-0.110369
-0.107956
-0.102964
-0.0955479
-0.0860562
-0.0748764
-0.0624037
-0.0490404
-0.0351781
-0.0211802
-0.00736949
0.00598223
0.0186315
0.0303796
0.0411205
0.0507937
0.0593475
0.0667771
0.0731245
0.0784468
0.0828065
0.0862571
0.0888457
0.0906411
0.0917568
0.0923643
0.0927359
0.0931706
0.0935866
0.0939506
0.0948947
0.0959235
0.0969362
0.0985067
0.100189
0.101746
0.103018
0.103791
0.103832
0.102906
0.100773
-0.214839
-0.205822
-0.197843
-0.190877
-0.18493
-0.180068
-0.176344
-0.173775
-0.172346
-0.172008
-0.172672
-0.174202
-0.176429
-0.17915
-0.182141
-0.18517
-0.188009
-0.190446
-0.192297
-0.193413
-0.193686
-0.193046
-0.191464
-0.188945
-0.185524
-0.181257
-0.176212
-0.17047
-0.164109
-0.157209
-0.149844
-0.142081
-0.133983
-0.125607
-0.117007
-0.108234
-0.0993397
-0.0903718
-0.0813884
-0.0724613
-0.0636334
-0.0549273
-0.0463864
-0.0380506
-0.0299559
-0.0221411
-0.0146403
-0.00746338
-0.000604752
0.00589805
0.0119435
0.0174319
0.0223256
0.0266123
0.0301982
0.032971
0.0348095
0.0355749
0.0351156
0.0332776
0.0299149
0.0249026
0.018153
0.00962305
-0.000606713
-0.0122304
-0.0249767
-0.0385726
-0.0525752
-0.0664227
-0.0794216
-0.0909019
-0.100553
-0.108258
-0.11321
-0.114546
-0.112798
-0.108195
-0.100849
-0.0910863
-0.0793367
-0.0660497
-0.0516813
-0.0366821
-0.021475
-0.00643633
0.00811741
0.0218991
0.0346828
0.0463583
0.0568561
0.0661177
0.0741419
0.0809704
0.0866816
0.091379
0.0951471
0.0980588
0.100199
0.101663
0.102572
0.1031
0.10352
0.104121
0.104799
0.105521
0.106446
0.107535
0.108904
0.110459
0.111943
0.113187
0.113983
0.114099
0.113297
0.11133
-0.217989
-0.209433
-0.201842
-0.195246
-0.189603
-0.18494
-0.181299
-0.17869
-0.177089
-0.176445
-0.17668
-0.17768
-0.179304
-0.181385
-0.18374
-0.186177
-0.188505
-0.190543
-0.192134
-0.193147
-0.193479
-0.193059
-0.191847
-0.189833
-0.18703
-0.183472
-0.179203
-0.174274
-0.16874
-0.162654
-0.156064
-0.149017
-0.141553
-0.133712
-0.125533
-0.117056
-0.108329
-0.0993955
-0.0903222
-0.0811951
-0.0720635
-0.0629608
-0.0539473
-0.045079
-0.0364029
-0.0279686
-0.0198275
-0.0120096
-0.00451296
0.00265699
0.00940803
0.0155861
0.0211209
0.0260355
0.0302423
0.0336221
0.0360519
0.0373903
0.0374795
0.0361555
0.0332583
0.0286448
0.0222065
0.0138777
0.00366534
-0.00816475
-0.0213438
-0.0356517
-0.0506491
-0.0657426
-0.0802301
-0.0933392
-0.104441
-0.113417
-0.119797
-0.12258
-0.121552
-0.117201
-0.109743
-0.0994659
-0.086845
-0.0724027
-0.05667
-0.0401761
-0.0234162
-0.00682946
0.00921083
0.0243583
0.0383755
0.0511508
0.0626018
0.072673
0.0813614
0.08872
0.0948383
0.0998449
0.103867
0.107021
0.109412
0.111137
0.112309
0.113072
0.113579
0.114065
0.114841
0.115775
0.116619
0.11758
0.118786
0.120148
0.12149
0.122645
0.123411
0.123552
0.122813
0.120934
-0.220032
-0.211971
-0.20471
-0.198416
-0.193039
-0.188557
-0.185005
-0.182393
-0.18069
-0.179852
-0.179807
-0.180461
-0.181693
-0.183366
-0.185327
-0.187414
-0.189458
-0.191304
-0.192815
-0.193874
-0.194381
-0.194266
-0.193483
-0.192009
-0.189846
-0.187008
-0.183521
-0.179416
-0.174723
-0.16947
-0.163684
-0.157382
-0.150583
-0.143301
-0.135556
-0.127374
-0.11879
-0.109846
-0.100612
-0.0911904
-0.081642
-0.0720137
-0.0623872
-0.0528404
-0.0434377
-0.0342411
-0.0253152
-0.0167163
-0.00846768
-0.000546628
0.00701087
0.014012
0.0202986
0.0259202
0.0308213
0.0348746
0.0379526
0.0399096
0.0405782
0.0397813
0.0373407
0.0330882
0.0268834
0.018622
0.00825131
-0.00404964
-0.0180219
-0.0334657
-0.0499619
-0.0668503
-0.0833544
-0.0986417
-0.111841
-0.12235
-0.130255
-0.13484
-0.134726
-0.130564
-0.122762
-0.111661
-0.0978155
-0.0818217
-0.0642938
-0.0458667
-0.027133
-0.00860915
0.00925297
0.026055
0.0415541
0.0556312
0.0681846
0.079172
0.088606
0.0965485
0.103106
0.108421
0.112655
0.115969
0.118504
0.120382
0.121722
0.122654
0.123302
0.123801
0.124392
0.125341
0.126347
0.127217
0.128228
0.129371
0.130501
0.131469
0.132092
0.13214
0.131355
0.129469
-0.221048
-0.213405
-0.206486
-0.200483
-0.195336
-0.191022
-0.187573
-0.184992
-0.183253
-0.182316
-0.182118
-0.182577
-0.18359
-0.185045
-0.186817
-0.188759
-0.190715
-0.192544
-0.194131
-0.195369
-0.196164
-0.196441
-0.19615
-0.195264
-0.193776
-0.191689
-0.189016
-0.185769
-0.18196
-0.177594
-0.172671
-0.167182
-0.161111
-0.154446
-0.147178
-0.139308
-0.130858
-0.121862
-0.11239
-0.102565
-0.0924643
-0.0821505
-0.071734
-0.061323
-0.0510085
-0.0408703
-0.0309855
-0.0214379
-0.0122901
-0.00352743
0.00489942
0.0128603
0.020058
0.0264645
0.0321379
0.0369466
0.0407495
0.043393
0.0446976
0.0444696
0.0425076
0.0386124
0.0326012
0.0243198
0.0136568
0.000639225
-0.014496
-0.0315128
-0.0499839
-0.0692146
-0.0883533
-0.106445
-0.122521
-0.135926
-0.14614
-0.152
-0.152786
-0.148901
-0.140552
-0.128236
-0.112689
-0.0946369
-0.0747926
-0.0538989
-0.0326757
-0.0117507
0.00831262
0.0270991
0.0443756
0.0599724
0.0737878
0.0858013
0.096052
0.104626
0.111652
0.117292
0.121727
0.125146
0.127729
0.129637
0.131018
0.132005
0.132721
0.133273
0.133793
0.134528
0.135523
0.136391
0.137256
0.138206
0.139121
0.139865
0.140276
0.140141
0.139214
0.137216
-0.221116
-0.213814
-0.207255
-0.201516
-0.196566
-0.192414
-0.189079
-0.186562
-0.184845
-0.183891
-0.183647
-0.184038
-0.184979
-0.186381
-0.188135
-0.190109
-0.192155
-0.194134
-0.195942
-0.197491
-0.198683
-0.19944
-0.199709
-0.199462
-0.198694
-0.197403
-0.195591
-0.193258
-0.1904
-0.187001
-0.183033
-0.178453
-0.173209
-0.167248
-0.160521
-0.153
-0.144681
-0.135585
-0.125785
-0.115423
-0.104604
-0.093416
-0.0820045
-0.0705158
-0.0590745
-0.0477867
-0.0367515
-0.0260687
-0.0158327
-0.00608775
0.00323493
0.0121899
0.0205269
0.0278467
0.0343647
0.0400169
0.0446383
0.0480571
0.0500814
0.0504971
0.0490745
0.0455765
0.0397685
0.0314316
0.0203814
0.00649364
-0.0101507
-0.0292294
-0.0503123
-0.0727282
-0.0954925
-0.117486
-0.137507
-0.154522
-0.167147
-0.174782
-0.177029
-0.173167
-0.163841
-0.150002
-0.132286
-0.111512
-0.0886311
-0.0645806
-0.0402208
-0.0163427
0.00641116
0.0276242
0.0470106
0.064373
0.0796274
0.0927825
0.103914
0.113147
0.120643
0.126594
0.131212
0.13471
0.137298
0.139165
0.140482
0.1414
0.142047
0.142525
0.142958
0.143554
0.144346
0.145092
0.14582
0.146609
0.147357
0.147928
0.148153
0.147828
0.146713
0.14453
-0.220324
-0.213343
-0.207084
-0.201575
-0.196804
-0.192799
-0.189584
-0.187159
-0.185513
-0.184614
-0.184415
-0.184851
-0.185853
-0.18734
-0.189214
-0.191357
-0.193634
-0.1959
-0.198064
-0.200056
-0.201771
-0.20312
-0.204034
-0.204492
-0.204504
-0.204076
-0.203202
-0.201877
-0.200084
-0.197786
-0.194922
-0.191409
-0.187145
-0.182025
-0.175947
-0.168834
-0.160649
-0.151396
-0.141149
-0.13007
-0.118298
-0.105971
-0.0932902
-0.0804421
-0.0675927
-0.0548961
-0.0424928
-0.0304894
-0.0189769
-0.00802551
0.00234043
0.0122319
0.0216528
0.0301448
0.0376186
0.0442131
0.049776
0.0540854
0.056942
0.0581145
0.057339
0.0543397
0.048823
0.0404712
0.0289778
0.0140905
-0.00433005
-0.026065
-0.0506213
-0.0773618
-0.105053
-0.132181
-0.157566
-0.179189
-0.194139
-0.203889
-0.209066
-0.20531
-0.193855
-0.177564
-0.157087
-0.132926
-0.10618
-0.0781355
-0.0498989
-0.0224065
0.00365287
0.0277885
0.0496537
0.0690582
0.0859448
0.100361
0.112433
0.122335
0.130277
0.136493
0.14123
0.144741
0.147267
0.149027
0.150212
0.150982
0.151457
0.15176
0.152112
0.152624
0.153067
0.153519
0.154063
0.154647
0.155184
0.155553
0.155598
0.155113
0.153849
0.15151
-0.218758
-0.212047
-0.206018
-0.200691
-0.196076
-0.192213
-0.189128
-0.186823
-0.185291
-0.184512
-0.184442
-0.185032
-0.18621
-0.187896
-0.190012
-0.192443
-0.19505
-0.197699
-0.200339
-0.202871
-0.205191
-0.207181
-0.20874
-0.209893
-0.210707
-0.211169
-0.211267
-0.211005
-0.210367
-0.209299
-0.207711
-0.20547
-0.202414
-0.198364
-0.193139
-0.18659
-0.178621
-0.169206
-0.158434
-0.146487
-0.133555
-0.119829
-0.105574
-0.0910569
-0.0765198
-0.0621616
-0.0481458
-0.0346112
-0.021668
-0.0093843
0.00223265
0.0132725
0.0237488
0.0334481
0.0420104
0.0496141
0.0562406
0.0615765
0.065402
0.0674724
0.0674927
0.0651453
0.0600703
0.0518455
0.039992
0.0240318
0.00358421
-0.021415
-0.0504937
-0.082807
-0.117083
-0.151619
-0.183978
-0.209703
-0.228901
-0.242676
-0.248466
-0.245351
-0.232668
-0.212539
-0.187946
-0.159374
-0.127712
-0.0946528
-0.0616455
-0.0296941
0.000363975
0.0279279
0.0526523
0.074374
0.0930695
0.108841
0.121882
0.132435
0.140771
0.147179
0.151956
0.155391
0.157757
0.1593
0.160229
0.160735
0.161001
0.161181
0.161358
0.161533
0.161672
0.161919
0.16225
0.162623
0.16297
0.163179
0.163089
0.162499
0.161159
0.158766
-0.216452
-0.209968
-0.204114
-0.198912
-0.194408
-0.190659
-0.187702
-0.185532
-0.184149
-0.183544
-0.183682
-0.184509
-0.185954
-0.187962
-0.190473
-0.193316
-0.196354
-0.19956
-0.202841
-0.206059
-0.209156
-0.211941
-0.214121
-0.215873
-0.217494
-0.218898
-0.220014
-0.220879
-0.221491
-0.221794
-0.221667
-0.220925
-0.219324
-0.216591
-0.212446
-0.206635
-0.198973
-0.189383
-0.177957
-0.164897
-0.150467
-0.134974
-0.118787
-0.102261
-0.0857007
-0.069376
-0.053527
-0.0383288
-0.0238498
-0.0101018
0.0029467
0.0153907
0.0270591
0.0377299
0.0474578
0.056284
0.0640707
0.0705866
0.075572
0.0787188
0.0797194
0.0782408
0.0738598
0.066031
0.0540609
0.0371631
0.0145964
-0.0141054
-0.0489891
-0.0887933
-0.131502
-0.174418
-0.214423
-0.248547
-0.274497
-0.290935
-0.296826
-0.292361
-0.277748
-0.254709
-0.225265
-0.190872
-0.153166
-0.114044
-0.0751759
-0.037861
-0.00311139
0.0284142
0.0563898
0.080688
0.101342
0.118532
0.132529
0.143671
0.152311
0.158807
0.163509
0.166752
0.168845
0.170066
0.170665
0.170862
0.170835
0.170691
0.170472
0.170242
0.170122
0.170127
0.170237
0.170426
0.170631
0.17074
0.170594
0.16999
0.168675
0.166324
-0.213459
-0.207134
-0.20142
-0.196268
-0.191814
-0.188146
-0.18529
-0.183252
-0.182045
-0.181675
-0.18209
-0.183227
-0.185019
-0.187393
-0.190435
-0.193874
-0.197578
-0.201552
-0.205614
-0.209602
-0.213397
-0.216884
-0.219988
-0.22273
-0.225197
-0.227449
-0.229544
-0.231549
-0.233487
-0.235311
-0.236875
-0.237928
-0.238118
-0.237031
-0.234242
-0.229354
-0.222059
-0.212222
-0.199947
-0.185457
-0.169138
-0.151449
-0.132887
-0.113912
-0.0949466
-0.0763739
-0.0584614
-0.0413486
-0.0250982
-0.00974834
0.00474853
0.0184128
0.0311035
0.0428925
0.0538659
0.0639497
0.0730032
0.080829
0.0871173
0.0915067
0.0937176
0.093453
0.090261
0.083438
0.0719442
0.0545252
0.0300122
-0.00272258
-0.0443704
-0.0936071
-0.146809
-0.20042
-0.250907
-0.294185
-0.326602
-0.346196
-0.352192
-0.346918
-0.329584
-0.302276
-0.26697
-0.225747
-0.18089
-0.134688
-0.0891048
-0.0457479
-0.00588285
0.0299144
0.061426
0.0884593
0.111111
0.129701
0.144593
0.156215
0.165019
0.171445
0.175909
0.178798
0.180472
0.181249
0.181399
0.181144
0.18065
0.180022
0.179345
0.178756
0.178324
0.178035
0.17788
0.177865
0.177948
0.178014
0.177902
0.177399
0.176248
0.174112
-0.209939
-0.203611
-0.19785
-0.19271
-0.188302
-0.184696
-0.181922
-0.180004
-0.178949
-0.178856
-0.179615
-0.181145
-0.183408
-0.186353
-0.189924
-0.194045
-0.198604
-0.203437
-0.208383
-0.213276
-0.217953
-0.222272
-0.226155
-0.22962
-0.232766
-0.235739
-0.238693
-0.241742
-0.244968
-0.248364
-0.251767
-0.254875
-0.257248
-0.258313
-0.257396
-0.253849
-0.247186
-0.237208
-0.223935
-0.207741
-0.189165
-0.16883
-0.147406
-0.125541
-0.10382
-0.0827348
-0.0625418
-0.0433832
-0.0253146
-0.00839825
0.00737993
0.0220728
0.0358
0.0487428
0.0609512
0.072373
0.0828553
0.0921201
0.0998123
0.10552
0.108949
0.1099
0.108137
0.103006
0.0929865
0.0760994
0.0503513
0.0135058
-0.0345063
-0.0921767
-0.156353
-0.222151
-0.284782
-0.338495
-0.378259
-0.401863
-0.409649
-0.401237
-0.380116
-0.347927
-0.306716
-0.258905
-0.207067
-0.153783
-0.101333
-0.0514665
-0.00632773
0.0334838
0.068453
0.0981629
0.122699
0.142491
0.158059
0.169979
0.178764
0.184924
0.188965
0.191342
0.19246
0.192663
0.192225
0.191371
0.190287
0.189108
0.187934
0.186916
0.186142
0.185558
0.18513
0.184915
0.184893
0.18495
0.184928
0.184604
0.183858
0.182323
-0.205779
-0.199381
-0.193538
-0.188332
-0.183881
-0.180282
-0.177578
-0.175809
-0.174994
-0.175132
-0.176196
-0.178145
-0.180962
-0.184624
-0.188895
-0.193805
-0.199277
-0.205081
-0.21102
-0.216879
-0.222436
-0.22751
-0.232011
-0.235976
-0.239525
-0.242858
-0.246288
-0.250064
-0.254358
-0.259256
-0.264576
-0.269877
-0.274545
-0.27803
-0.279434
-0.277672
-0.271956
-0.262358
-0.24829
-0.23037
-0.209387
-0.186256
-0.161795
-0.13676
-0.111989
-0.0882114
-0.0656679
-0.0444202
-0.024713
-0.0065297
0.0102647
0.0258155
0.0404124
0.0542602
0.0674619
0.080041
0.0918488
0.102545
0.111734
0.118983
0.123972
0.126481
0.126347
0.123084
0.115161
0.100802
0.0766267
0.0376958
-0.016156
-0.0840105
-0.161783
-0.24112
-0.315401
-0.378
-0.422668
-0.447677
-0.453884
-0.443247
-0.418593
-0.382101
-0.335905
-0.282511
-0.224703
-0.165479
-0.107606
-0.0531638
-0.00362542
0.0402573
0.0781552
0.110007
0.136018
0.156679
0.172656
0.184578
0.193081
0.198781
0.202244
0.203971
0.204389
0.203859
0.202679
0.201106
0.199375
0.197645
0.195974
0.194457
0.193217
0.192237
0.191457
0.191107
0.191138
0.19136
0.191745
0.191691
0.191278
0.190497
-0.201314
-0.194794
-0.188808
-0.183468
-0.178904
-0.175234
-0.172546
-0.170906
-0.170358
-0.170788
-0.172218
-0.174603
-0.177902
-0.182131
-0.18721
-0.193045
-0.199488
-0.206331
-0.213337
-0.220208
-0.22662
-0.232325
-0.237175
-0.241213
-0.24469
-0.24792
-0.251246
-0.25503
-0.259675
-0.265484
-0.272375
-0.279838
-0.286888
-0.292876
-0.296841
-0.297205
-0.292608
-0.283565
-0.268892
-0.24956
-0.226499
-0.200857
-0.173603
-0.14578
-0.118518
-0.0924277
-0.0677881
-0.0448612
-0.0238761
-0.00475972
0.0126893
0.0287334
0.0437849
0.0582724
0.072305
0.0859051
0.0988385
0.110504
0.120097
0.127211
0.131945
0.1349
0.136717
0.137412
0.132851
0.119939
0.0948453
0.0525778
-0.00762961
-0.0827077
-0.169383
-0.259092
-0.343401
-0.411956
-0.458403
-0.481441
-0.483898
-0.469358
-0.440727
-0.40023
-0.350008
-0.292475
-0.230395
-0.16715
-0.105967
-0.0488422
0.00369824
0.0505004
0.0903464
0.123524
0.15039
0.171453
0.187437
0.199075
0.207085
0.212156
0.214899
0.215853
0.215485
0.214191
0.212268
0.209949
0.207505
0.205118
0.202843
0.200901
0.199382
0.1982
0.196945
0.196236
0.196176
0.196372
0.196712
0.197253
0.19786
0.198053
-0.196575
-0.189932
-0.183843
-0.178424
-0.173823
-0.170183
-0.167623
-0.166237
-0.166053
-0.167022
-0.169074
-0.172064
-0.175849
-0.180414
-0.18578
-0.191892
-0.198655
-0.205884
-0.213347
-0.22071
-0.227545
-0.233533
-0.238494
-0.24242
-0.245515
-0.248218
-0.251043
-0.254461
-0.258907
-0.264795
-0.272299
-0.280961
-0.289738
-0.29767
-0.303817
-0.306629
-0.304741
-0.296021
-0.281358
-0.261657
-0.237751
-0.210827
-0.181991
-0.152468
-0.123569
-0.0959584
-0.0699299
-0.0459548
-0.0241896
-0.00456726
0.01311
0.0291557
0.0440128
0.0582661
0.0723579
0.0864667
0.100496
0.113943
0.125477
0.134014
0.138614
0.139703
0.138871
0.136956
0.131369
0.118571
0.0951073
0.0555068
-0.00403213
-0.0805335
-0.168915
-0.262774
-0.351482
-0.422715
-0.470145
-0.492827
-0.494271
-0.477377
-0.445857
-0.402228
-0.349045
-0.288941
-0.22479
-0.159729
-0.0967119
-0.0378396
0.0157647
0.0631085
0.103517
0.137033
0.164002
0.184961
0.200613
0.211758
0.219172
0.223573
0.225603
0.225811
0.224651
0.222523
0.219769
0.216664
0.213579
0.210695
0.20789
0.205417
0.203354
0.201665
0.200452
0.199738
0.199514
0.199699
0.200027
0.200776
0.201547
0.201442
-0.194108
-0.187174
-0.180793
-0.175123
-0.170337
-0.166577
-0.163935
-0.162438
-0.162098
-0.162916
-0.164811
-0.167708
-0.171754
-0.176868
-0.182781
-0.189407
-0.19667
-0.204377
-0.212232
-0.219843
-0.226777
-0.23272
-0.237552
-0.24135
-0.244453
-0.247318
-0.25036
-0.253901
-0.258311
-0.263945
-0.270896
-0.278824
-0.287089
-0.294706
-0.3005
-0.303139
-0.301172
-0.293192
-0.279901
-0.261163
-0.238186
-0.212003
-0.183725
-0.154545
-0.125656
-0.0979155
-0.0718209
-0.0477067
-0.0257326
-0.00589394
0.0119959
0.0282992
0.0434364
0.0577382
0.0716247
0.0852034
0.0981732
0.109956
0.119928
0.127451
0.132133
0.134245
0.134287
0.132854
0.127148
0.114646
0.0920971
0.0549362
0.000390687
-0.0715218
-0.157286
-0.248325
-0.334338
-0.404443
-0.452005
-0.475555
-0.477889
-0.461931
-0.430814
-0.387224
-0.333935
-0.273817
-0.209865
-0.145127
-0.0824342
-0.0239457
0.0289628
0.0755589
0.115355
0.148262
0.174629
0.195017
0.210103
0.220658
0.227459
0.231229
0.23262
0.232207
0.230484
0.227861
0.22463
0.22094
0.217256
0.213974
0.211034
0.208376
0.205989
0.203848
0.202426
0.201433
0.200764
0.200512
0.20054
0.200795
0.201194
0.201125
-0.192829
-0.186068
-0.179708
-0.17399
-0.169193
-0.165565
-0.163268
-0.162349
-0.162775
-0.164427
-0.167191
-0.170793
-0.174978
-0.17977
-0.185164
-0.191113
-0.197598
-0.204507
-0.21161
-0.218593
-0.225132
-0.230947
-0.235896
-0.239957
-0.243466
-0.246694
-0.24999
-0.253669
-0.258045
-0.263353
-0.269578
-0.276408
-0.283264
-0.289352
-0.293668
-0.295099
-0.292485
-0.284901
-0.27219
-0.254878
-0.233288
-0.208515
-0.181601
-0.153649
-0.125726
-0.0986758
-0.0730514
-0.0492024
-0.0272763
-0.00727027
0.0109458
0.0276556
0.043198
0.0579221
0.0720765
0.0856403
0.0983153
0.1096
0.119092
0.126076
0.13025
0.131644
0.130288
0.125857
0.118837
0.10563
0.0842043
0.0514932
0.00472553
-0.0572925
-0.138605
-0.219834
-0.30008
-0.368675
-0.418082
-0.445019
-0.4502
-0.437071
-0.407804
-0.36581
-0.314112
-0.25579
-0.19373
-0.130803
-0.0698782
-0.0129841
0.03853
0.0838424
0.122476
0.154366
0.179922
0.199682
0.214259
0.2244
0.230861
0.234343
0.235477
0.234799
0.232759
0.229782
0.226264
0.222466
0.218613
0.214958
0.211648
0.208683
0.206131
0.204007
0.202422
0.201361
0.200783
0.200657
0.200889
0.201354
0.201703
0.201456
-0.195209
-0.188647
-0.18258
-0.177165
-0.172577
-0.168973
-0.166482
-0.165183
-0.165105
-0.166204
-0.168412
-0.171564
-0.175496
-0.180138
-0.185573
-0.191501
-0.197903
-0.20462
-0.211458
-0.21815
-0.224467
-0.230198
-0.235208
-0.239556
-0.243449
-0.247127
-0.250845
-0.254846
-0.259342
-0.264461
-0.270165
-0.276197
-0.282068
-0.287052
-0.290214
-0.290534
-0.287029
-0.278966
-0.265957
-0.248776
-0.22802
-0.20424
-0.178369
-0.151413
-0.124318
-0.097878
-0.0726796
-0.0491208
-0.0272049
-0.00693797
0.0116296
0.0287486
0.044669
0.0597106
0.0740073
0.0873864
0.0996087
0.110347
0.119062
0.125273
0.128782
0.129469
0.127184
0.121432
0.111412
0.0960439
0.073516
0.0419732
-0.000667712
-0.06194
-0.129973
-0.20521
-0.279985
-0.344446
-0.392008
-0.418945
-0.424709
-0.413441
-0.387091
-0.347682
-0.298487
-0.242918
-0.183232
-0.122002
-0.0625616
-0.00711536
0.0429679
0.0871823
0.124986
0.155909
0.18076
0.200147
0.214453
0.224422
0.230791
0.234236
0.235365
0.23472
0.232769
0.229909
0.226487
0.222812
0.219093
0.215484
0.212244
0.209378
0.206876
0.204779
0.203133
0.201955
0.201223
0.20087
0.200776
0.200766
0.200552
0.199594
-0.759861
-0.79134
-0.845748
-0.907102
-0.952452
-0.963136
-0.927312
-0.857943
-0.772507
-0.686354
-0.609672
-0.548892
-0.505829
-0.481177
-0.478589
-0.497773
-0.533237
-0.587672
-0.651956
-0.709519
-0.747227
-0.758315
-0.742652
-0.703681
-0.64836
-0.58433
-0.518414
-0.456237
-0.401053
-0.353952
-0.315186
-0.287843
-0.268824
-0.256569
-0.251157
-0.251703
-0.257589
-0.268604
-0.284861
-0.306757
-0.334041
-0.365675
-0.399643
-0.432109
-0.458564
-0.475816
-0.482334
-0.478669
-0.465165
-0.443886
-0.41739
-0.388099
-0.358123
-0.329086
-0.302115
-0.277879
-0.25671
-0.23919
-0.225129
-0.213786
-0.205393
-0.199695
-0.196573
-0.195929
-0.197849
-0.20248
-0.209914
-0.219843
-0.231552
-0.244057
-0.256219
-0.266693
-0.274127
-0.277486
-0.276357
-0.27099
-0.261669
-0.249225
-0.234624
-0.218808
-0.202648
-0.186886
-0.172062
-0.15859
-0.14673
-0.136551
-0.127953
-0.1212
-0.116525
-0.113769
-0.112884
-0.114094
-0.117329
-0.122619
-0.130251
-0.139832
-0.150934
-0.163141
-0.175708
-0.187757
-0.198378
-0.206699
-0.211989
-0.213793
-0.212181
-0.207279
-0.65735
-0.67142
-0.697664
-0.724969
-0.738998
-0.729711
-0.703047
-0.65396
-0.595484
-0.538013
-0.489023
-0.453633
-0.433682
-0.432613
-0.454974
-0.499069
-0.564579
-0.645138
-0.725903
-0.79115
-0.827935
-0.832526
-0.805583
-0.754487
-0.688005
-0.614373
-0.54024
-0.470586
-0.409432
-0.357224
-0.316595
-0.286419
-0.263644
-0.248351
-0.239564
-0.236301
-0.237944
-0.244102
-0.25478
-0.270251
-0.290496
-0.314757
-0.341485
-0.368336
-0.391443
-0.407473
-0.415233
-0.414574
-0.405896
-0.390472
-0.370311
-0.34739
-0.323477
-0.30002
-0.278068
-0.258307
-0.241149
-0.226805
-0.215256
-0.206684
-0.2009
-0.197535
-0.196538
-0.198023
-0.202224
-0.209327
-0.219647
-0.232162
-0.246243
-0.261072
-0.275223
-0.28709
-0.295195
-0.298415
-0.296661
-0.289909
-0.278803
-0.264357
-0.247633
-0.229726
-0.211581
-0.193974
-0.177502
-0.162554
-0.14928
-0.137574
-0.127809
-0.120311
-0.114884
-0.111289
-0.109583
-0.109888
-0.112234
-0.116666
-0.12325
-0.131767
-0.141788
-0.152872
-0.164354
-0.175416
-0.185213
-0.192948
-0.197961
-0.19983
-0.198614
-0.194417
-0.187666
-0.178946
-0.168918
-0.158254
-0.147576
-0.137422
-0.12822
-0.120291
-0.113889
-0.109231
-0.560024
-0.557165
-0.554906
-0.548216
-0.53448
-0.510036
-0.477897
-0.436904
-0.395113
-0.358789
-0.331315
-0.319166
-0.325223
-0.354016
-0.406099
-0.48087
-0.57429
-0.673924
-0.765667
-0.833881
-0.867069
-0.863634
-0.827923
-0.768859
-0.695858
-0.617663
-0.540674
-0.467682
-0.403102
-0.350323
-0.310062
-0.27769
-0.253261
-0.235969
-0.224589
-0.218244
-0.216345
-0.218456
-0.22438
-0.234222
-0.248216
-0.265936
-0.286313
-0.307788
-0.327232
-0.341136
-0.349351
-0.351259
-0.34648
-0.335959
-0.321323
-0.30412
-0.285799
-0.267601
-0.250478
-0.235095
-0.221858
-0.21097
-0.2025
-0.19649
-0.19305
-0.192151
-0.193411
-0.197225
-0.20376
-0.212933
-0.226587
-0.241352
-0.257703
-0.274758
-0.290693
-0.303748
-0.312329
-0.315236
-0.312641
-0.304475
-0.291617
-0.275253
-0.256577
-0.236775
-0.216877
-0.197684
-0.179804
-0.163481
-0.148603
-0.135724
-0.125393
-0.117252
-0.111016
-0.106644
-0.104151
-0.103597
-0.105032
-0.108493
-0.113985
-0.121349
-0.130207
-0.140086
-0.150384
-0.160357
-0.169234
-0.176296
-0.180954
-0.182831
-0.181978
-0.178471
-0.172687
-0.165157
-0.156479
-0.14727
-0.138107
-0.129492
-0.121824
-0.115398
-0.110456
-0.10724
-0.507526
-0.470363
-0.435539
-0.393502
-0.352212
-0.309738
-0.266882
-0.227331
-0.195258
-0.174169
-0.167451
-0.179404
-0.213727
-0.271749
-0.351956
-0.451354
-0.561852
-0.671868
-0.767284
-0.832666
-0.860597
-0.850748
-0.810407
-0.748462
-0.674327
-0.596136
-0.519257
-0.447251
-0.38505
-0.335461
-0.295511
-0.263577
-0.238967
-0.220581
-0.207467
-0.198883
-0.194247
-0.193118
-0.195119
-0.200265
-0.208774
-0.220671
-0.235305
-0.251468
-0.268362
-0.279939
-0.286734
-0.291069
-0.289323
-0.282627
-0.272539
-0.260215
-0.24679
-0.233304
-0.220583
-0.209228
-0.199641
-0.192065
-0.186597
-0.183354
-0.182562
-0.1839
-0.187241
-0.193264
-0.201687
-0.213135
-0.229133
-0.246351
-0.26502
-0.284036
-0.301469
-0.315436
-0.324239
-0.326722
-0.323135
-0.313611
-0.299185
-0.281144
-0.260813
-0.239459
-0.218162
-0.197753
-0.178652
-0.160811
-0.144842
-0.131647
-0.120833
-0.111992
-0.105074
-0.100017
-0.0967997
-0.0954484
-0.0960036
-0.0984921
-0.102893
-0.109072
-0.116718
-0.125357
-0.134427
-0.143266
-0.151177
-0.157517
-0.161768
-0.163598
-0.163051
-0.160185
-0.155328
-0.148955
-0.1416
-0.133818
-0.126133
-0.119002
-0.112806
-0.107876
-0.104459
-0.102675
-0.516429
-0.401977
-0.335417
-0.268862
-0.206954
-0.148914
-0.0976453
-0.0564852
-0.0308007
-0.0218785
-0.0329505
-0.0668643
-0.124524
-0.204931
-0.305333
-0.419034
-0.535833
-0.644993
-0.734871
-0.793552
-0.815867
-0.802405
-0.760783
-0.700015
-0.628854
-0.553721
-0.480016
-0.414839
-0.360239
-0.314479
-0.276893
-0.246604
-0.222521
-0.203775
-0.189619
-0.179438
-0.172718
-0.169026
-0.16797
-0.16939
-0.173438
-0.180316
-0.1898
-0.201255
-0.213516
-0.224101
-0.231075
-0.235129
-0.235609
-0.232072
-0.225634
-0.217314
-0.208007
-0.198561
-0.189678
-0.181888
-0.175578
-0.170973
-0.168215
-0.167492
-0.168978
-0.172476
-0.177799
-0.185473
-0.196419
-0.211232
-0.227231
-0.246524
-0.267407
-0.288005
-0.306553
-0.321065
-0.329758
-0.331879
-0.327293
-0.316559
-0.300831
-0.281499
-0.259977
-0.237574
-0.215352
-0.194
-0.17366
-0.154848
-0.138851
-0.125483
-0.11416
-0.104807
-0.0973501
-0.0917037
-0.087835
-0.0857497
-0.0854729
-0.0870222
-0.0903687
-0.0953871
-0.101819
-0.109235
-0.117091
-0.124801
-0.131745
-0.137352
-0.141168
-0.142905
-0.142581
-0.140278
-0.136257
-0.130935
-0.124787
-0.118307
-0.111964
-0.106201
-0.101412
-0.0979085
-0.0959155
-0.0956139
)
;

boundaryField
{
    inlet
    {
        type            zeroGradient;
    }
    outlet
    {
        type            fixedValue;
        value           nonuniform List<scalar> 0();
    }
    topWall
    {
        type            zeroGradient;
    }
    lowerWall
    {
        type            zeroGradient;
    }
    leadingEdge
    {
        type            zeroGradient;
    }
    trailingEdge
    {
        type            zeroGradient;
    }
    upperSurface
    {
        type            zeroGradient;
    }
    lowerSurface
    {
        type            zeroGradient;
    }
    frontAndBack
    {
        type            empty;
    }
    procBoundary5to1
    {
        type            processor;
        value           nonuniform List<scalar> 
117
(
-0.843506
-0.889294
-0.974186
-1.07206
-1.14876
-1.17104
-1.12356
-1.02838
-0.911911
-0.795207
-0.689613
-0.602348
-0.534748
-0.489789
-0.465272
-0.46352
-0.482523
-0.513724
-0.555627
-0.600899
-0.63629
-0.652027
-0.646682
-0.620984
-0.579703
-0.52909
-0.475027
-0.422835
-0.376115
-0.336975
-0.304478
-0.280925
-0.266824
-0.259015
-0.257829
-0.263073
-0.27394
-0.290379
-0.312961
-0.341978
-0.377222
-0.41723
-0.458242
-0.495591
-0.525114
-0.543174
-0.547961
-0.540264
-0.521151
-0.493376
-0.460053
-0.42409
-0.387943
-0.353394
-0.321558
-0.293167
-0.268433
-0.248133
-0.231149
-0.217256
-0.206633
-0.198884
-0.193739
-0.191073
-0.190873
-0.193186
-0.198018
-0.205206
-0.214362
-0.224636
-0.234834
-0.243794
-0.250399
-0.253677
-0.253071
-0.24895
-0.241313
-0.230839
-0.218363
-0.204697
-0.190616
-0.176799
-0.163761
-0.151899
-0.141489
-0.132682
-0.125482
-0.119801
-0.115873
-0.113914
-0.113891
-0.116009
-0.120118
-0.125917
-0.134787
-0.14533
-0.157256
-0.170399
-0.183878
-0.196745
-0.208041
-0.216827
-0.22231
-0.224003
-0.221983
-0.216412
-0.199569
-0.199569
-0.189689
-0.178359
-0.166304
-0.154194
-0.142595
-0.131956
-0.122602
-0.114751
-0.108528
)
;
    }
    procBoundary5to4
    {
        type            processor;
        value           nonuniform List<scalar> 
30
(
-0.59599
-0.566705
-0.539773
-0.516012
-0.548716
-0.572867
-0.598452
-0.607204
-0.606256
-0.598021
-0.584406
-0.567821
-0.549336
-0.529856
-0.510032
-0.490316
-0.471022
-0.452358
-0.434472
-0.417433
-0.401297
-0.38607
-0.371766
-0.358354
-0.345829
-0.334182
-0.323356
-0.313988
-0.306145
-0.303709
)
;
    }
    procBoundary5to6
    {
        type            processor;
        value           nonuniform List<scalar> 
34
(
-0.0889663
-0.0786372
-0.0663614
-0.0525255
-0.037472
-0.0215643
-0.00519691
0.0112662
0.0274958
0.0432016
0.0581571
0.0722364
0.0852836
0.0972053
0.107955
0.117657
0.126203
0.133846
0.140963
0.147757
0.154941
0.162502
0.170498
0.17933
0.188467
0.197083
0.200194
0.199967
0.200119
0.196957
-0.106372
-0.105894
-0.102826
-0.0971935
)
;
    }
}


// ************************************************************************* //
