/*--------------------------------*- C++ -*----------------------------------*\
| =========                 |                                                 |
| \\      /  F ield         | OpenFOAM: The Open Source CFD Toolbox           |
|  \\    /   O peration     | Version:  2206                                  |
|   \\  /    A nd           | Website:  www.openfoam.com                      |
|    \\/     M anipulation  |                                                 |
\*---------------------------------------------------------------------------*/
FoamFile
{
    version     2.0;
    format      ascii;
    arch        "LSB;label=32;scalar=64";
    class       surfaceScalarField;
    location    "19.5999";
    object      phi_0;
}
// * * * * * * * * * * * * * * * * * * * * * * * * * * * * * * * * * * * * * //

dimensions      [0 3 -1 0 0 0 0];

oriented        oriented;

internalField   nonuniform List<scalar> 
5920
(
-1.5839e-06
2.86089e-07
-1.95773e-06
3.73826e-07
-2.36976e-06
4.12028e-07
-2.75989e-06
3.9013e-07
-3.05574e-06
2.95853e-07
-3.16514e-06
1.09401e-07
-3.08447e-06
-8.06674e-08
-2.82685e-06
-2.57625e-07
-2.42293e-06
-4.03916e-07
-1.93482e-06
-4.88118e-07
-1.43561e-06
-4.99208e-07
-9.59405e-07
-4.76203e-07
-5.35863e-07
-4.23542e-07
-1.86232e-07
-3.49631e-07
7.8322e-08
-2.64554e-07
2.57326e-07
-1.79004e-07
3.59505e-07
-1.02179e-07
4.04995e-07
-4.54898e-08
4.19632e-07
-1.46375e-08
4.27791e-07
-8.15814e-09
4.47375e-07
-1.95848e-08
4.93321e-07
-4.5945e-08
5.80415e-07
-8.70943e-08
7.11896e-07
-1.31481e-07
8.86141e-07
-1.74246e-07
1.09869e-06
-2.1255e-07
1.34372e-06
-2.45026e-07
1.61363e-06
-2.69913e-07
1.89726e-06
-2.83626e-07
2.18276e-06
-2.85501e-07
2.4619e-06
-2.79143e-07
2.72984e-06
-2.67937e-07
2.98396e-06
-2.54128e-07
3.22361e-06
-2.39642e-07
3.45004e-06
-2.26438e-07
3.66634e-06
-2.16294e-07
3.87785e-06
-2.11507e-07
4.09283e-06
-2.14988e-07
4.32323e-06
-2.30392e-07
4.5873e-06
-2.64072e-07
4.91637e-06
-3.29076e-07
5.38063e-06
-4.64256e-07
-6.71439e-07
6.05207e-06
-6.00955e-07
4.15599e-07
-7.84455e-07
5.57326e-07
-9.82556e-07
6.10129e-07
-1.15624e-06
5.6381e-07
-1.23407e-06
3.73682e-07
-1.16915e-06
4.44848e-08
-9.43889e-07
-3.05927e-07
-5.68401e-07
-6.33113e-07
-1.06822e-07
-8.65494e-07
3.79183e-07
-9.74123e-07
8.7458e-07
-9.94605e-07
1.34959e-06
-9.51214e-07
1.78583e-06
-8.59783e-07
2.16921e-06
-7.33007e-07
2.49176e-06
-5.87108e-07
2.75176e-06
-4.39002e-07
2.95628e-06
-3.067e-07
3.11592e-06
-2.05127e-07
3.24292e-06
-1.41637e-07
3.34954e-06
-1.14779e-07
3.45069e-06
-1.20741e-07
3.56317e-06
-1.58417e-07
3.69771e-06
-2.21635e-07
3.86042e-06
-2.94195e-07
4.05189e-06
-3.65718e-07
4.26907e-06
-4.29724e-07
4.50609e-06
-4.82045e-07
4.75404e-06
-5.17866e-07
5.00592e-06
-5.35507e-07
5.25874e-06
-5.38317e-07
5.51017e-06
-5.30579e-07
5.75825e-06
-5.16013e-07
6.00186e-06
-4.9774e-07
6.24097e-06
-4.78756e-07
6.47638e-06
-4.61847e-07
6.70999e-06
-4.49897e-07
6.94471e-06
-4.46234e-07
7.18453e-06
-4.54806e-07
7.43502e-06
-4.80877e-07
7.70327e-06
-5.32323e-07
7.99501e-06
-6.20816e-07
8.2961e-06
-7.65345e-07
-9.72191e-07
8.59685e-06
2.05776e-06
2.48811e-07
2.19778e-06
4.17313e-07
2.32513e-06
4.82778e-07
2.46574e-06
4.23202e-07
2.6386e-06
2.00813e-07
2.84575e-06
-1.62662e-07
3.12719e-06
-5.87363e-07
3.45695e-06
-9.62879e-07
3.80836e-06
-1.2169e-06
4.16455e-06
-1.33031e-06
4.5072e-06
-1.33726e-06
4.8386e-06
-1.28262e-06
5.1515e-06
-1.17268e-06
5.4401e-06
-1.02161e-06
5.7045e-06
-8.51506e-07
5.94559e-06
-6.80091e-07
6.1652e-06
-5.26311e-07
6.36407e-06
-4.03996e-07
6.5438e-06
-3.21373e-07
6.70923e-06
-2.80199e-07
6.86583e-06
-2.77343e-07
7.01448e-06
-3.07069e-07
7.15384e-06
-3.60998e-07
7.28771e-06
-4.28064e-07
7.41984e-06
-4.97847e-07
7.55244e-06
-5.62327e-07
7.68669e-06
-6.16295e-07
7.82195e-06
-6.53128e-07
7.95756e-06
-6.71114e-07
8.0947e-06
-6.75456e-07
8.23408e-06
-6.69956e-07
8.37605e-06
-6.5799e-07
8.52062e-06
-6.4231e-07
8.66802e-06
-6.26152e-07
8.81863e-06
-6.12452e-07
8.97312e-06
-6.04396e-07
9.13259e-06
-6.05699e-07
9.29831e-06
-6.20525e-07
9.47116e-06
-6.5373e-07
9.6502e-06
-7.11358e-07
9.82981e-06
-8.00431e-07
9.99428e-06
-9.29813e-07
-1.10112e-06
1.01232e-05
5.62305e-06
2.26203e-07
5.75029e-06
2.90074e-07
5.95418e-06
2.78887e-07
6.22127e-06
1.56113e-07
6.51816e-06
-9.60729e-08
6.81017e-06
-4.54677e-07
7.06684e-06
-8.44028e-07
7.27226e-06
-1.16831e-06
7.44166e-06
-1.3863e-06
7.59355e-06
-1.48219e-06
7.73769e-06
-1.4814e-06
7.88386e-06
-1.42879e-06
8.03028e-06
-1.31909e-06
8.1799e-06
-1.17123e-06
8.33573e-06
-1.00734e-06
8.4979e-06
-8.42267e-07
8.66438e-06
-6.92788e-07
8.83162e-06
-5.71241e-07
8.9949e-06
-4.84646e-07
9.14972e-06
-4.35019e-07
9.29215e-06
-4.19781e-07
9.41861e-06
-4.3353e-07
9.52767e-06
-4.70051e-07
9.62105e-06
-5.21444e-07
9.70072e-06
-5.77514e-07
9.76773e-06
-6.29346e-07
9.82487e-06
-6.73431e-07
9.87713e-06
-7.05388e-07
9.92761e-06
-7.21595e-07
9.9787e-06
-7.2654e-07
1.00331e-05
-7.24383e-07
1.00929e-05
-7.17803e-07
1.01583e-05
-7.07696e-07
1.02295e-05
-6.97353e-07
1.0307e-05
-6.89903e-07
1.03907e-05
-6.88119e-07
1.04805e-05
-6.95499e-07
1.05755e-05
-7.15562e-07
1.06738e-05
-7.51962e-07
1.07708e-05
-8.08423e-07
1.08591e-05
-8.88648e-07
1.09242e-05
-9.94942e-07
-1.12418e-06
1.09472e-05
9.4215e-06
1.671e-07
9.53176e-06
1.79807e-07
9.68614e-06
1.2451e-07
9.86746e-06
-2.52118e-08
1.00391e-05
-2.67685e-07
1.01638e-05
-5.79442e-07
1.02126e-05
-8.92746e-07
1.01957e-05
-1.15141e-06
1.01455e-05
-1.33612e-06
1.00876e-05
-1.42432e-06
1.00367e-05
-1.43053e-06
9.99848e-06
-1.39053e-06
9.97933e-06
-1.29995e-06
9.98479e-06
-1.17668e-06
1.00164e-05
-1.03895e-06
1.00744e-05
-9.00286e-07
1.01546e-05
-7.72992e-07
1.02503e-05
-6.6694e-07
1.03539e-05
-5.88204e-07
1.04577e-05
-5.38857e-07
1.05554e-05
-5.17446e-07
1.0642e-05
-5.20094e-07
1.07142e-05
-5.42317e-07
1.07705e-05
-5.77678e-07
1.08103e-05
-6.17323e-07
1.08353e-05
-6.54376e-07
1.08481e-05
-6.86234e-07
1.08534e-05
-7.1073e-07
1.08572e-05
-7.25402e-07
1.08628e-05
-7.32123e-07
1.08722e-05
-7.33759e-07
1.08863e-05
-7.31941e-07
1.09062e-05
-7.27599e-07
1.09322e-05
-7.23333e-07
1.09646e-05
-7.22238e-07
1.1003e-05
-7.26526e-07
1.10464e-05
-7.38897e-07
1.10927e-05
-7.61871e-07
1.11384e-05
-7.97674e-07
1.11782e-05
-8.48282e-07
1.12051e-05
-9.15479e-07
1.12092e-05
-9.99074e-07
-1.09684e-06
1.11819e-05
1.11908e-05
6.05669e-08
1.13249e-05
4.57163e-08
1.14762e-05
-2.67055e-08
1.16177e-05
-1.66766e-07
1.17149e-05
-3.64847e-07
1.17371e-05
-6.01647e-07
1.1679e-05
-8.34695e-07
1.1565e-05
-1.03734e-06
1.14197e-05
-1.19092e-06
1.12699e-05
-1.27452e-06
1.11342e-05
-1.29475e-06
1.10119e-05
-1.26829e-06
1.09152e-05
-1.20321e-06
1.085e-05
-1.11145e-06
1.08172e-05
-1.00621e-06
1.08156e-05
-8.98703e-07
1.08405e-05
-7.97864e-07
1.08847e-05
-7.11116e-07
1.0941e-05
-6.44473e-07
1.10024e-05
-6.00313e-07
1.10623e-05
-5.77376e-07
1.11154e-05
-5.73141e-07
1.11568e-05
-5.83701e-07
1.11834e-05
-6.04345e-07
1.11957e-05
-6.29609e-07
1.11965e-05
-6.55127e-07
1.1189e-05
-6.78738e-07
1.11767e-05
-6.98413e-07
1.11638e-05
-7.12574e-07
1.11531e-05
-7.21383e-07
1.11455e-05
-7.26181e-07
1.11418e-05
-7.282e-07
1.11432e-05
-7.2899e-07
1.11499e-05
-7.30101e-07
1.11619e-05
-7.34241e-07
1.11787e-05
-7.43237e-07
1.11984e-05
-7.58661e-07
1.12189e-05
-7.82396e-07
1.12376e-05
-8.16324e-07
1.12511e-05
-8.61835e-07
1.12544e-05
-9.18695e-07
1.12414e-05
-9.86109e-07
-1.0611e-06
1.12057e-05
1.1863e-05
-3.75313e-08
1.19741e-05
-6.53842e-08
1.20801e-05
-1.32745e-07
1.21561e-05
-2.42763e-07
1.21862e-05
-3.9493e-07
1.21602e-05
-5.75631e-07
1.20859e-05
-7.60452e-07
1.19738e-05
-9.25177e-07
1.18299e-05
-1.04703e-06
1.16746e-05
-1.11926e-06
1.15261e-05
-1.14618e-06
1.13925e-05
-1.13472e-06
1.1282e-05
-1.09274e-06
1.11993e-05
-1.02876e-06
1.11453e-05
-9.52212e-07
1.11185e-05
-8.71817e-07
1.11154e-05
-7.94818e-07
1.11308e-05
-7.26549e-07
1.11584e-05
-6.71993e-07
1.11922e-05
-6.34203e-07
1.12264e-05
-6.11575e-07
1.12555e-05
-6.02239e-07
1.12762e-05
-6.04341e-07
1.1287e-05
-6.1518e-07
1.12888e-05
-6.31376e-07
1.12834e-05
-6.49737e-07
1.12731e-05
-6.68394e-07
1.12597e-05
-6.85043e-07
1.12451e-05
-6.97984e-07
1.12308e-05
-7.07137e-07
1.12184e-05
-7.13724e-07
1.12091e-05
-7.1891e-07
1.12037e-05
-7.23579e-07
1.12025e-05
-7.28909e-07
1.12046e-05
-7.36377e-07
1.12094e-05
-7.48023e-07
1.12163e-05
-7.65569e-07
1.12239e-05
-7.89961e-07
1.12295e-05
-8.21975e-07
1.12298e-05
-8.6214e-07
1.12213e-05
-9.10114e-07
1.11996e-05
-9.64405e-07
-1.02206e-06
1.11605e-05
1.1987e-05
-1.02764e-07
1.2062e-05
-1.40399e-07
1.2136e-05
-2.06699e-07
1.21947e-05
-3.01503e-07
1.22181e-05
-4.1829e-07
1.21968e-05
-5.54344e-07
1.21323e-05
-6.95984e-07
1.20303e-05
-8.2317e-07
1.19046e-05
-9.2129e-07
1.17701e-05
-9.84759e-07
1.16383e-05
-1.01439e-06
1.15179e-05
-1.01436e-06
1.14153e-05
-9.90094e-07
1.13342e-05
-9.47742e-07
1.1276e-05
-8.93974e-07
1.12394e-05
-8.3523e-07
1.12222e-05
-7.77577e-07
1.12212e-05
-7.25583e-07
1.12312e-05
-6.81965e-07
1.12458e-05
-6.48863e-07
1.12621e-05
-6.27804e-07
1.12783e-05
-6.1842e-07
1.12912e-05
-6.17262e-07
1.12977e-05
-6.21713e-07
1.12981e-05
-6.31774e-07
1.12935e-05
-6.45146e-07
1.1284e-05
-6.58843e-07
1.12707e-05
-6.7175e-07
1.12558e-05
-6.83126e-07
1.12412e-05
-6.92488e-07
1.12277e-05
-7.0027e-07
1.12161e-05
-7.07269e-07
1.12068e-05
-7.14303e-07
1.12004e-05
-7.22517e-07
1.11968e-05
-7.32801e-07
1.11952e-05
-7.46421e-07
1.11942e-05
-7.64554e-07
1.11925e-05
-7.88217e-07
1.11884e-05
-8.17875e-07
1.11798e-05
-8.53531e-07
1.11642e-05
-8.94508e-07
1.1139e-05
-9.39262e-07
-9.85197e-07
1.11022e-05
1.1972e-05
-1.49458e-07
1.20228e-05
-1.91266e-07
1.2068e-05
-2.51898e-07
1.20986e-05
-3.32059e-07
1.2108e-05
-4.27673e-07
1.20874e-05
-5.33752e-07
1.2034e-05
-6.42585e-07
1.19529e-05
-7.42125e-07
1.18532e-05
-8.21597e-07
1.17451e-05
-8.76632e-07
1.16376e-05
-9.0691e-07
1.15377e-05
-9.14445e-07
1.14504e-05
-9.02738e-07
1.13787e-05
-8.76101e-07
1.13241e-05
-8.39329e-07
1.12862e-05
-7.97374e-07
1.12635e-05
-7.54885e-07
1.12535e-05
-7.15533e-07
1.12531e-05
-6.81584e-07
1.12586e-05
-6.54358e-07
1.12659e-05
-6.35154e-07
1.12725e-05
-6.24997e-07
1.12776e-05
-6.22318e-07
1.12802e-05
-6.243e-07
1.12789e-05
-6.30535e-07
1.12734e-05
-6.39663e-07
1.12646e-05
-6.49976e-07
1.12531e-05
-6.60301e-07
1.12401e-05
-6.70071e-07
1.12266e-05
-6.7903e-07
1.12137e-05
-6.87341e-07
1.12019e-05
-6.955e-07
1.11916e-05
-7.04047e-07
1.1183e-05
-7.13842e-07
1.11758e-05
-7.25674e-07
1.11698e-05
-7.40394e-07
1.1164e-05
-7.58761e-07
1.11572e-05
-7.81423e-07
1.11481e-05
-8.08731e-07
1.11351e-05
-8.40548e-07
1.11167e-05
-8.76143e-07
1.10916e-05
-9.14116e-07
-9.52245e-07
1.10586e-05
1.19103e-05
-1.81773e-07
1.19439e-05
-2.24876e-07
1.19728e-05
-2.80791e-07
1.19904e-05
-3.49636e-07
1.19915e-05
-4.28764e-07
1.19718e-05
-5.14031e-07
1.1929e-05
-5.99769e-07
1.18658e-05
-6.78942e-07
1.17886e-05
-7.4441e-07
1.17043e-05
-7.92361e-07
1.16193e-05
-8.21878e-07
1.15387e-05
-8.33874e-07
1.14665e-05
-8.30569e-07
1.14054e-05
-8.1499e-07
1.13568e-05
-7.90653e-07
1.13207e-05
-7.61265e-07
1.12961e-05
-7.30293e-07
1.12811e-05
-7.00539e-07
1.12735e-05
-6.73974e-07
1.1271e-05
-6.51943e-07
1.12716e-05
-6.35695e-07
1.12729e-05
-6.26299e-07
1.12736e-05
-6.23027e-07
1.12727e-05
-6.2344e-07
1.12694e-05
-6.27233e-07
1.12633e-05
-6.33519e-07
1.12546e-05
-6.41281e-07
1.1244e-05
-6.49661e-07
1.1232e-05
-6.58164e-07
1.12196e-05
-6.66581e-07
1.12073e-05
-6.75013e-07
1.11954e-05
-6.83638e-07
1.11843e-05
-6.92952e-07
1.1174e-05
-7.03501e-07
1.11642e-05
-7.1591e-07
1.11547e-05
-7.30865e-07
1.11448e-05
-7.48933e-07
1.11339e-05
-7.70511e-07
1.1121e-05
-7.95776e-07
1.1105e-05
-8.24544e-07
1.1085e-05
-8.56176e-07
1.10604e-05
-8.89496e-07
-9.2273e-07
1.10309e-05
1.1863e-05
-2.04155e-07
1.1885e-05
-2.4688e-07
1.19025e-05
-2.98248e-07
1.1911e-05
-3.58123e-07
1.19069e-05
-4.24713e-07
1.18877e-05
-4.94849e-07
1.18525e-05
-5.64486e-07
1.18028e-05
-6.29278e-07
1.17425e-05
-6.84149e-07
1.16763e-05
-7.26106e-07
1.16085e-05
-7.54123e-07
1.15432e-05
-7.68561e-07
1.14834e-05
-7.70805e-07
1.14314e-05
-7.62958e-07
1.13883e-05
-7.47581e-07
1.13545e-05
-7.27421e-07
1.13293e-05
-7.05076e-07
1.13115e-05
-6.82715e-07
1.12995e-05
-6.62045e-07
1.12921e-05
-6.44502e-07
1.12878e-05
-6.31423e-07
1.1285e-05
-6.23508e-07
1.12818e-05
-6.19797e-07
1.12775e-05
-6.19104e-07
1.12715e-05
-6.21319e-07
1.12638e-05
-6.2582e-07
1.12545e-05
-6.31894e-07
1.12437e-05
-6.38898e-07
1.12319e-05
-6.46414e-07
1.12196e-05
-6.54227e-07
1.1207e-05
-6.62436e-07
1.11945e-05
-6.71103e-07
1.11821e-05
-6.80575e-07
1.11699e-05
-6.91283e-07
1.11577e-05
-7.03689e-07
1.11451e-05
-7.18311e-07
1.11318e-05
-7.35623e-07
1.11172e-05
-7.55953e-07
1.11009e-05
-7.79424e-07
1.10822e-05
-8.05871e-07
1.10608e-05
-8.34765e-07
1.10365e-05
-8.65158e-07
-8.95683e-07
1.10094e-05
1.18249e-05
-2.19478e-07
1.18388e-05
-2.60733e-07
1.18484e-05
-3.07867e-07
1.18509e-05
-3.60651e-07
1.18439e-05
-4.17762e-07
1.18259e-05
-4.76842e-07
1.17965e-05
-5.34998e-07
1.17565e-05
-5.89282e-07
1.17084e-05
-6.36086e-07
1.16555e-05
-6.73169e-07
1.16009e-05
-6.9953e-07
1.15475e-05
-7.15216e-07
1.14978e-05
-7.2108e-07
1.14534e-05
-7.18574e-07
1.14154e-05
-7.09546e-07
1.1384e-05
-6.96042e-07
1.1359e-05
-6.80044e-07
1.13396e-05
-6.63338e-07
1.1325e-05
-6.47491e-07
1.13144e-05
-6.33835e-07
1.13064e-05
-6.23435e-07
1.12995e-05
-6.16668e-07
1.12927e-05
-6.12976e-07
1.12855e-05
-6.11857e-07
1.12773e-05
-6.13166e-07
1.1268e-05
-6.16532e-07
1.12576e-05
-6.21454e-07
1.12461e-05
-6.2744e-07
1.12339e-05
-6.34153e-07
1.12211e-05
-6.41406e-07
1.12078e-05
-6.49193e-07
1.11943e-05
-6.57602e-07
1.11806e-05
-6.66834e-07
1.11665e-05
-6.77192e-07
1.11519e-05
-6.89078e-07
1.11365e-05
-7.02928e-07
1.112e-05
-7.1916e-07
1.11022e-05
-7.381e-07
1.10827e-05
-7.59913e-07
1.10613e-05
-7.84535e-07
1.10381e-05
-8.11591e-07
1.10133e-05
-8.40351e-07
-8.69759e-07
1.09874e-05
1.17902e-05
-2.29992e-07
1.17987e-05
-2.69215e-07
1.18033e-05
-3.12491e-07
1.18022e-05
-3.5955e-07
1.17938e-05
-4.09374e-07
1.17772e-05
-4.60193e-07
1.17522e-05
-5.09965e-07
1.17195e-05
-5.56573e-07
1.16807e-05
-5.97375e-07
1.16382e-05
-6.30643e-07
1.15941e-05
-6.55442e-07
1.15506e-05
-6.71646e-07
1.15093e-05
-6.79772e-07
1.14715e-05
-6.80841e-07
1.14382e-05
-6.76204e-07
1.14095e-05
-6.67402e-07
1.13855e-05
-6.55982e-07
1.13656e-05
-6.43499e-07
1.13495e-05
-6.31346e-07
1.13363e-05
-6.20632e-07
1.13251e-05
-6.12222e-07
1.13149e-05
-6.06457e-07
1.1305e-05
-6.03093e-07
1.12949e-05
-6.01819e-07
1.12844e-05
-6.0258e-07
1.12731e-05
-6.05232e-07
1.1261e-05
-6.09392e-07
1.12482e-05
-6.14647e-07
1.12348e-05
-6.20708e-07
1.12208e-05
-6.27404e-07
1.12062e-05
-6.34677e-07
1.11912e-05
-6.42579e-07
1.11756e-05
-6.51194e-07
1.11591e-05
-6.60739e-07
1.11416e-05
-6.71604e-07
1.11229e-05
-6.84226e-07
1.11028e-05
-6.99039e-07
1.10811e-05
-7.164e-07
1.10578e-05
-7.36565e-07
1.10329e-05
-7.59638e-07
1.10067e-05
-7.85424e-07
1.09797e-05
-8.13388e-07
-8.42691e-07
1.09527e-05
1.17603e-05
-2.37177e-07
1.17651e-05
-2.74038e-07
1.17664e-05
-3.13786e-07
1.1763e-05
-3.56153e-07
1.1754e-05
-4.00336e-07
1.17388e-05
-4.44983e-07
1.17174e-05
-4.88622e-07
1.16905e-05
-5.29614e-07
1.16591e-05
-5.65988e-07
1.16248e-05
-5.96345e-07
1.15891e-05
-6.19782e-07
1.15535e-05
-6.36053e-07
1.15192e-05
-6.45453e-07
1.14871e-05
-6.48716e-07
1.14577e-05
-6.46859e-07
1.14314e-05
-6.41053e-07
1.1408e-05
-6.32588e-07
1.13874e-05
-6.22919e-07
1.13693e-05
-6.1321e-07
1.13531e-05
-6.0446e-07
1.13385e-05
-5.97611e-07
1.13249e-05
-5.92838e-07
1.13116e-05
-5.89832e-07
1.12982e-05
-5.88447e-07
1.12846e-05
-5.88931e-07
1.12706e-05
-5.91244e-07
1.12561e-05
-5.94936e-07
1.12411e-05
-5.99638e-07
1.12255e-05
-6.051e-07
1.12093e-05
-6.1115e-07
1.11923e-05
-6.17677e-07
1.11744e-05
-6.24676e-07
1.11555e-05
-6.32282e-07
1.11354e-05
-6.40678e-07
1.11139e-05
-6.50101e-07
1.10906e-05
-6.60938e-07
1.10652e-05
-6.73652e-07
1.10376e-05
-6.88785e-07
1.10079e-05
-7.06846e-07
1.09764e-05
-7.28127e-07
1.09435e-05
-7.52564e-07
1.09099e-05
-7.79755e-07
-8.0903e-07
1.08762e-05
1.17349e-05
-2.41882e-07
1.1737e-05
-2.76183e-07
1.17359e-05
-3.12683e-07
1.17309e-05
-3.51126e-07
1.17214e-05
-3.90855e-07
1.17072e-05
-4.30837e-07
1.16886e-05
-4.69957e-07
1.16657e-05
-5.0677e-07
1.16395e-05
-5.3979e-07
1.1611e-05
-5.67794e-07
1.15811e-05
-5.8986e-07
1.15507e-05
-6.05725e-07
1.15209e-05
-6.15645e-07
1.14923e-05
-6.20043e-07
1.14649e-05
-6.19547e-07
1.14391e-05
-6.15212e-07
1.14149e-05
-6.08411e-07
1.13925e-05
-6.00443e-07
1.13716e-05
-5.92315e-07
1.13521e-05
-5.84958e-07
1.13332e-05
-5.78789e-07
1.13144e-05
-5.74033e-07
1.12958e-05
-5.71167e-07
1.12776e-05
-5.70259e-07
1.12596e-05
-5.70948e-07
1.12412e-05
-5.72879e-07
1.12222e-05
-5.75916e-07
1.12024e-05
-5.79837e-07
1.11817e-05
-5.84417e-07
1.116e-05
-5.89467e-07
1.11372e-05
-5.94843e-07
1.1113e-05
-6.00464e-07
1.10871e-05
-6.06339e-07
1.10589e-05
-6.12575e-07
1.10283e-05
-6.19439e-07
1.09947e-05
-6.27303e-07
1.09577e-05
-6.36685e-07
1.09172e-05
-6.48313e-07
1.08733e-05
-6.6292e-07
1.08262e-05
-6.81024e-07
1.07764e-05
-7.0281e-07
1.07247e-05
-7.28017e-07
-7.55984e-07
1.06716e-05
1.17093e-05
-2.14241e-07
1.17114e-05
-2.43973e-07
1.17107e-05
-2.7549e-07
1.17069e-05
-3.08846e-07
1.16996e-05
-3.43803e-07
1.16885e-05
-3.79798e-07
1.16737e-05
-4.15983e-07
1.16551e-05
-4.51358e-07
1.16328e-05
-4.84518e-07
1.16076e-05
-5.14555e-07
1.15802e-05
-5.40433e-07
1.15517e-05
-5.61369e-07
1.15228e-05
-5.76813e-07
1.14936e-05
-5.86466e-07
1.14642e-05
-5.90631e-07
1.14349e-05
-5.9018e-07
1.14058e-05
-5.86179e-07
1.13772e-05
-5.79746e-07
1.13488e-05
-5.72049e-07
1.13206e-05
-5.64123e-07
1.12924e-05
-5.56795e-07
1.12642e-05
-5.50555e-07
1.12358e-05
-5.45654e-07
1.1207e-05
-5.42324e-07
1.11773e-05
-5.40626e-07
1.11467e-05
-5.40348e-07
1.11151e-05
-5.41214e-07
1.10821e-05
-5.4296e-07
1.10476e-05
-5.45342e-07
1.10114e-05
-5.48185e-07
1.09732e-05
-5.51294e-07
1.09328e-05
-5.54471e-07
1.08899e-05
-5.57544e-07
1.0844e-05
-5.60398e-07
1.07944e-05
-5.63005e-07
1.07404e-05
-5.65462e-07
1.06813e-05
-5.68169e-07
1.06165e-05
-5.7189e-07
1.05458e-05
-5.77577e-07
1.04691e-05
-5.86279e-07
1.0387e-05
-5.9886e-07
1.02997e-05
-6.15595e-07
1.02078e-05
-6.36112e-07
-6.59604e-07
1.01115e-05
1.16525e-05
-2.13606e-07
1.16487e-05
-2.40128e-07
1.16415e-05
-2.68286e-07
1.16307e-05
-2.98082e-07
1.16162e-05
-3.29307e-07
1.15979e-05
-3.61456e-07
1.15757e-05
-3.93764e-07
1.15501e-05
-4.25773e-07
1.15209e-05
-4.55394e-07
1.14888e-05
-4.8243e-07
1.14541e-05
-5.05723e-07
1.14171e-05
-5.24372e-07
1.1378e-05
-5.37739e-07
1.13371e-05
-5.45481e-07
1.12942e-05
-5.47756e-07
1.12493e-05
-5.45295e-07
1.12023e-05
-5.39209e-07
1.11534e-05
-5.30825e-07
1.11028e-05
-5.21405e-07
1.10506e-05
-5.1194e-07
1.09969e-05
-5.03157e-07
1.09419e-05
-4.95492e-07
1.08853e-05
-4.8912e-07
1.08271e-05
-4.84108e-07
1.07669e-05
-4.80425e-07
1.07044e-05
-4.77853e-07
1.06393e-05
-4.76053e-07
1.05711e-05
-4.74801e-07
1.04998e-05
-4.73985e-07
1.0425e-05
-4.73423e-07
1.03466e-05
-4.72901e-07
1.02643e-05
-4.72165e-07
1.01778e-05
-4.7101e-07
1.00866e-05
-4.69205e-07
9.99003e-06
-4.66472e-07
9.8873e-06
-4.62728e-07
9.77741e-06
-4.58278e-07
9.65943e-06
-4.53915e-07
9.53268e-06
-4.50822e-07
9.39677e-06
-4.50369e-07
9.25168e-06
-4.53775e-07
9.09739e-06
-4.61301e-07
8.93355e-06
-4.72272e-07
-4.85612e-07
8.75955e-06
1.13842e-05
-1.98871e-07
1.13644e-05
-2.20287e-07
1.13392e-05
-2.43129e-07
1.13085e-05
-2.67376e-07
1.12721e-05
-2.92855e-07
1.12297e-05
-3.19125e-07
1.11815e-05
-3.45516e-07
1.11274e-05
-3.71679e-07
1.10676e-05
-3.95606e-07
1.10024e-05
-4.17247e-07
1.09322e-05
-4.35474e-07
1.08571e-05
-4.49247e-07
1.07772e-05
-4.57868e-07
1.06926e-05
-4.60931e-07
1.06035e-05
-4.58594e-07
1.05098e-05
-4.51649e-07
1.04117e-05
-4.41109e-07
1.03093e-05
-4.28393e-07
1.02029e-05
-4.14971e-07
1.00929e-05
-4.01995e-07
9.97981e-06
-3.90041e-07
9.8636e-06
-3.7929e-07
9.74423e-06
-3.69747e-07
9.62143e-06
-3.61306e-07
9.49484e-06
-3.5384e-07
9.36408e-06
-3.47094e-07
9.22886e-06
-3.40827e-07
9.08892e-06
-3.34862e-07
8.94407e-06
-3.29135e-07
8.79426e-06
-3.23615e-07
8.63952e-06
-3.18165e-07
8.4799e-06
-3.12538e-07
8.31505e-06
-3.06166e-07
8.14429e-06
-2.98438e-07
7.96709e-06
-2.89279e-07
7.78302e-06
-2.78657e-07
7.59126e-06
-2.66517e-07
7.39069e-06
-2.53346e-07
7.18011e-06
-2.40236e-07
6.95855e-06
-2.2881e-07
6.72538e-06
-2.20603e-07
6.47935e-06
-2.15271e-07
6.2186e-06
-2.11523e-07
-2.07711e-07
5.9407e-06
1.02739e-05
-1.39944e-07
1.02059e-05
-1.52246e-07
1.01282e-05
-1.65407e-07
1.00403e-05
-1.79457e-07
9.94171e-06
-1.943e-07
9.83223e-06
-2.09648e-07
9.71178e-06
-2.25064e-07
9.58012e-06
-2.40018e-07
9.43806e-06
-2.5355e-07
9.2858e-06
-2.64983e-07
9.12389e-06
-2.73568e-07
8.95353e-06
-2.78884e-07
8.77607e-06
-2.80414e-07
8.59273e-06
-2.77583e-07
8.40262e-06
-2.68492e-07
8.20406e-06
-2.53083e-07
7.99737e-06
-2.34417e-07
7.78447e-06
-2.15499e-07
7.56744e-06
-1.97943e-07
7.34765e-06
-1.82206e-07
7.12579e-06
-1.68176e-07
6.90205e-06
-1.5555e-07
6.67633e-06
-1.44024e-07
6.44837e-06
-1.3335e-07
6.21786e-06
-1.23324e-07
5.98447e-06
-1.13711e-07
5.74815e-06
-1.04506e-07
5.509e-06
-9.57072e-08
5.2673e-06
-8.7439e-08
5.02362e-06
-7.99291e-08
4.77889e-06
-7.34371e-08
4.53445e-06
-6.81014e-08
4.2923e-06
-6.40155e-08
4.05512e-06
-6.12562e-08
3.82481e-06
-5.89746e-08
3.6019e-06
-5.57476e-08
3.38555e-06
-5.01591e-08
3.17278e-06
-4.05809e-08
2.95915e-06
-2.66048e-08
2.74101e-06
-1.06715e-08
2.51783e-06
2.58257e-09
2.29075e-06
1.18096e-08
2.0627e-06
1.65265e-08
1.6275e-08
1.83871e-06
6.04536e-06
5.89312e-06
5.72771e-06
5.54825e-06
5.35395e-06
5.14431e-06
4.91924e-06
4.67922e-06
4.42567e-06
4.16069e-06
3.88712e-06
3.60824e-06
3.32782e-06
3.05024e-06
2.78175e-06
2.52867e-06
2.29425e-06
2.07875e-06
1.88081e-06
1.6986e-06
1.53043e-06
1.37488e-06
1.23085e-06
1.0975e-06
9.74178e-07
8.60467e-07
7.5596e-07
6.60253e-07
5.72814e-07
4.92885e-07
4.19448e-07
3.51347e-07
2.87331e-07
2.26075e-07
1.671e-07
1.11353e-07
6.11938e-08
2.06129e-08
-5.9919e-09
-1.66634e-08
-1.40808e-08
-2.27123e-09
1.42552e-08
3.05302e-08
6.1258e-06
-1.25576e-06
1.18202e-06
6.31567e-06
-1.70488e-06
1.51501e-06
6.23855e-06
-2.05955e-06
2.13666e-06
5.97455e-06
-2.3015e-06
2.56551e-06
5.56654e-06
-2.36941e-06
2.77742e-06
5.0309e-06
-2.23759e-06
2.77323e-06
4.39603e-06
-1.92859e-06
2.56346e-06
3.7352e-06
-1.49106e-06
2.1519e-06
3.18566e-06
-9.81433e-07
1.53097e-06
2.91078e-06
-4.45745e-07
7.2063e-07
2.97992e-06
1.55026e-07
-2.24174e-07
3.37866e-06
7.93655e-07
-1.19239e-06
4.02732e-06
1.41482e-06
-2.06349e-06
4.86135e-06
1.92024e-06
-2.75426e-06
5.83096e-06
2.23101e-06
-3.20063e-06
6.88711e-06
2.29021e-06
-3.34635e-06
7.9821e-06
2.04629e-06
-3.14129e-06
9.07542e-06
1.45578e-06
-2.5491e-06
1.00904e-05
5.68924e-07
-1.58393e-06
1.09047e-05
-4.10639e-07
-4.03655e-07
1.1458e-05
-1.31204e-06
7.58761e-07
1.17624e-05
-2.07335e-06
1.76899e-06
1.18614e-05
-2.67308e-06
2.57401e-06
1.18035e-05
-3.10908e-06
3.167e-06
1.16299e-05
-3.39489e-06
3.56848e-06
1.13745e-05
-3.55017e-06
3.80557e-06
1.10704e-05
-3.60037e-06
3.90447e-06
1.07496e-05
-3.57689e-06
3.89776e-06
1.04326e-05
-3.50691e-06
3.82381e-06
1.01288e-05
-3.40952e-06
3.71332e-06
9.83926e-06
-3.29653e-06
3.58612e-06
9.56114e-06
-3.17576e-06
3.45387e-06
9.29107e-06
-3.05259e-06
3.32266e-06
9.02742e-06
-2.9292e-06
3.19285e-06
8.76885e-06
-2.8036e-06
3.06217e-06
8.50826e-06
-2.67351e-06
2.93411e-06
8.2293e-06
-2.54399e-06
2.82294e-06
7.91441e-06
-2.43035e-06
2.74524e-06
7.56528e-06
-2.34575e-06
2.69488e-06
7.21462e-06
-2.2759e-06
2.62656e-06
6.9132e-06
-2.17157e-06
2.47299e-06
6.70733e-06
-1.97232e-06
2.17819e-06
6.61927e-06
-1.63608e-06
1.72415e-06
6.64093e-06
-1.16465e-06
1.143e-06
6.75756e-06
-5.97314e-07
4.80682e-07
6.94514e-06
1.65465e-08
-2.0413e-07
7.173e-06
6.23202e-07
-8.5106e-07
7.42171e-06
1.18221e-06
-1.43092e-06
7.67533e-06
1.67526e-06
-1.92888e-06
7.92109e-06
2.09502e-06
-2.34078e-06
8.14985e-06
2.44252e-06
-2.67127e-06
8.35618e-06
2.72496e-06
-2.93128e-06
8.53836e-06
2.95266e-06
-3.13485e-06
8.69795e-06
3.13635e-06
-3.29593e-06
8.83881e-06
3.28436e-06
-3.42522e-06
8.96619e-06
3.40021e-06
-3.52759e-06
9.08738e-06
3.4803e-06
-3.60149e-06
9.21309e-06
3.51121e-06
-3.63692e-06
9.35266e-06
3.47024e-06
-3.60981e-06
9.50772e-06
3.33304e-06
-3.4881e-06
9.67674e-06
3.07984e-06
-3.24886e-06
9.85751e-06
2.70221e-06
-2.88298e-06
1.00457e-05
2.20337e-06
-2.39156e-06
1.02345e-05
1.60063e-06
-1.78945e-06
1.04134e-05
9.29455e-07
-1.10829e-06
1.05675e-05
2.46038e-07
-4.00188e-07
1.06885e-05
-4.03381e-07
2.82386e-07
1.0771e-05
-9.88925e-07
9.06411e-07
1.08131e-05
-1.49171e-06
1.44964e-06
1.08157e-05
-1.9028e-06
1.90023e-06
1.0782e-05
-2.22122e-06
2.25493e-06
1.0716e-05
-2.45172e-06
2.51772e-06
1.06203e-05
-2.60036e-06
2.69603e-06
1.04952e-05
-2.67217e-06
2.79723e-06
1.03431e-05
-2.67572e-06
2.82783e-06
1.01693e-05
-2.62793e-06
2.80179e-06
9.97718e-06
-2.5464e-06
2.73849e-06
9.76972e-06
-2.44855e-06
2.656e-06
9.55002e-06
-2.34964e-06
2.56934e-06
9.32218e-06
-2.25969e-06
2.48753e-06
9.09158e-06
-2.18081e-06
2.41141e-06
8.86447e-06
-2.10632e-06
2.33343e-06
8.64776e-06
-2.02259e-06
2.23929e-06
8.44815e-06
-1.91268e-06
2.11229e-06
8.27094e-06
-1.76118e-06
1.93839e-06
8.11991e-06
-1.55871e-06
1.70974e-06
-1.30343e-06
1.42569e-06
8.65469e-06
-1.3136e-06
8.59708e-06
-1.64727e-06
8.42309e-06
-1.88556e-06
8.14568e-06
-2.02409e-06
7.80817e-06
-2.03191e-06
7.46086e-06
-1.89028e-06
7.14094e-06
-1.60867e-06
6.86323e-06
-1.21336e-06
6.6198e-06
-7.37994e-07
6.41757e-06
-2.43521e-07
6.31609e-06
2.56507e-07
6.40953e-06
7.00211e-07
6.75191e-06
1.07244e-06
7.33218e-06
1.33997e-06
8.09958e-06
1.46361e-06
8.99347e-06
1.39632e-06
9.95072e-06
1.08905e-06
1.0879e-05
5.27545e-07
1.165e-05
-2.02104e-07
1.21719e-05
-9.32593e-07
1.24401e-05
-1.58017e-06
1.24989e-05
-2.13219e-06
1.24059e-05
-2.58006e-06
1.22e-05
-2.90319e-06
1.19157e-05
-3.11056e-06
1.15865e-05
-3.22105e-06
1.12432e-05
-3.257e-06
1.09055e-05
-3.23925e-06
1.05825e-05
-3.18392e-06
1.02761e-05
-3.10311e-06
9.98509e-06
-3.00549e-06
9.70636e-06
-2.89703e-06
9.43603e-06
-2.78225e-06
9.17113e-06
-2.6643e-06
8.91108e-06
-2.54355e-06
8.65463e-06
-2.41706e-06
8.39339e-06
-2.28275e-06
8.11008e-06
-2.14703e-06
7.79044e-06
-2.02612e-06
7.44468e-06
-1.93014e-06
7.11295e-06
-1.83983e-06
6.84688e-06
-1.70625e-06
6.68694e-06
-1.47615e-06
6.64595e-06
-1.12367e-06
6.71412e-06
-6.65478e-07
6.86777e-06
-1.37107e-07
7.07496e-06
4.16018e-07
7.31181e-06
9.45356e-07
7.56168e-06
1.42539e-06
7.81128e-06
1.84542e-06
8.05088e-06
2.20292e-06
8.27453e-06
2.5013e-06
8.47993e-06
2.74726e-06
8.66795e-06
2.94833e-06
8.84211e-06
3.1102e-06
9.00824e-06
3.23407e-06
9.17449e-06
3.31406e-06
9.3497e-06
3.33599e-06
9.53929e-06
3.28066e-06
9.74435e-06
3.12798e-06
9.96217e-06
2.86202e-06
1.0188e-05
2.47636e-06
1.04152e-05
1.97615e-06
1.06343e-05
1.38158e-06
1.08309e-05
7.32818e-07
1.09907e-05
8.62896e-08
1.11062e-05
-5.18903e-07
1.11739e-05
-1.05662e-06
1.1194e-05
-1.51186e-06
1.11699e-05
-1.87866e-06
1.11064e-05
-2.15769e-06
1.1008e-05
-2.35332e-06
1.08768e-05
-2.46913e-06
1.07148e-05
-2.51025e-06
1.05285e-05
-2.48938e-06
1.03229e-05
-2.42232e-06
1.01017e-05
-2.32519e-06
9.86777e-06
-2.21466e-06
9.62431e-06
-2.10618e-06
9.37535e-06
-2.01073e-06
9.12572e-06
-1.93119e-06
8.88098e-06
-1.86157e-06
8.64748e-06
-1.78909e-06
8.43213e-06
-1.69733e-06
8.24098e-06
-1.57003e-06
8.07815e-06
-1.39588e-06
-1.17138e-06
1.01318e-05
-1.32223e-06
1.0026e-05
-1.54144e-06
9.8398e-06
-1.69935e-06
9.58954e-06
-1.77383e-06
9.30626e-06
-1.74863e-06
9.03081e-06
-1.61483e-06
8.80016e-06
-1.37802e-06
8.64463e-06
-1.05783e-06
8.58874e-06
-6.82097e-07
8.62912e-06
-2.83906e-07
8.77407e-06
1.11557e-07
9.01862e-06
4.5566e-07
9.37377e-06
7.173e-07
9.84786e-06
8.6588e-07
1.0436e-05
8.75509e-07
1.1107e-05
7.25258e-07
1.17851e-05
4.10921e-07
1.23443e-05
-3.16254e-08
1.26982e-05
-5.55973e-07
1.28642e-05
-1.09857e-06
1.28859e-05
-1.60195e-06
1.27912e-05
-2.03748e-06
1.25896e-05
-2.37841e-06
1.23117e-05
-2.62526e-06
1.19913e-05
-2.79023e-06
1.16552e-05
-2.88487e-06
1.13209e-05
-2.9227e-06
1.09975e-05
-2.91591e-06
1.06884e-05
-2.87483e-06
1.03936e-05
-2.80826e-06
1.01113e-05
-2.72322e-06
9.83927e-06
-2.62499e-06
9.57453e-06
-2.51751e-06
9.31411e-06
-2.40389e-06
9.05667e-06
-2.28611e-06
8.80312e-06
-2.16351e-06
8.55296e-06
-2.03259e-06
8.29766e-06
-1.89174e-06
8.0198e-06
-1.74825e-06
7.70721e-06
-1.61755e-06
7.37517e-06
-1.50779e-06
7.0684e-06
-1.39948e-06
6.84034e-06
-1.24808e-06
6.72649e-06
-1.00983e-06
6.72978e-06
-6.68768e-07
6.8346e-06
-2.41923e-07
7.01327e-06
2.37348e-07
7.23341e-06
7.25218e-07
7.47497e-06
1.18382e-06
7.72406e-06
1.59632e-06
7.97049e-06
1.95649e-06
8.20783e-06
2.26396e-06
8.43327e-06
2.52182e-06
8.64737e-06
2.73424e-06
8.85355e-06
2.90402e-06
9.05764e-06
3.02998e-06
9.26706e-06
3.10464e-06
9.48855e-06
3.11451e-06
9.72546e-06
3.04375e-06
9.97729e-06
2.87615e-06
1.02398e-05
2.59954e-06
1.05062e-05
2.20996e-06
1.07673e-05
1.71497e-06
1.10113e-05
1.1376e-06
1.12203e-05
5.23879e-07
1.13813e-05
-7.47416e-08
1.14881e-05
-6.25734e-07
1.15391e-05
-1.10762e-06
1.15368e-05
-1.50956e-06
1.14865e-05
-1.82833e-06
1.1394e-05
-2.06517e-06
1.12633e-05
-2.22264e-06
1.10971e-05
-2.30296e-06
1.09015e-05
-2.31468e-06
1.06838e-05
-2.27164e-06
1.04492e-05
-2.18776e-06
1.02019e-05
-2.07784e-06
9.94489e-06
-1.95767e-06
9.68153e-06
-1.84282e-06
9.41529e-06
-1.74448e-06
9.1502e-06
-1.6661e-06
8.89143e-06
-1.6028e-06
8.64496e-06
-1.54262e-06
8.41731e-06
-1.46968e-06
8.21495e-06
-1.36767e-06
8.04265e-06
-1.22357e-06
-1.03173e-06
1.08955e-05
-1.27046e-06
1.07678e-05
-1.41374e-06
1.05858e-05
-1.51743e-06
1.03684e-05
-1.55634e-06
1.01411e-05
-1.52133e-06
9.93468e-06
-1.40846e-06
9.77803e-06
-1.22138e-06
9.69363e-06
-9.73428e-07
9.6967e-06
-6.8516e-07
9.79437e-06
-3.81577e-07
9.99453e-06
-8.86084e-08
1.02872e-05
1.62987e-07
1.06598e-05
3.44716e-07
1.10933e-05
4.32369e-07
1.15622e-05
4.06616e-07
1.20299e-05
2.5757e-07
1.2449e-05
-8.17667e-09
1.2769e-05
-3.51602e-07
1.29467e-05
-7.33753e-07
1.29909e-05
-1.14276e-06
1.29254e-05
-1.53645e-06
1.27623e-05
-1.87432e-06
1.2527e-05
-2.14315e-06
1.22497e-05
-2.34802e-06
1.1952e-05
-2.49245e-06
1.16485e-05
-2.58138e-06
1.13479e-05
-2.62212e-06
1.10545e-05
-2.62253e-06
1.077e-05
-2.59029e-06
1.04942e-05
-2.53248e-06
1.02262e-05
-2.45517e-06
9.96453e-06
-2.36336e-06
9.70792e-06
-2.2609e-06
9.4547e-06
-2.15066e-06
9.20335e-06
-2.03476e-06
8.95394e-06
-1.9141e-06
8.70884e-06
-1.78749e-06
8.46915e-06
-1.65205e-06
8.22758e-06
-1.50668e-06
7.9675e-06
-1.35748e-06
7.67723e-06
-1.21751e-06
7.37187e-06
-1.09412e-06
7.0963e-06
-9.7251e-07
6.9021e-06
-8.15623e-07
6.82087e-06
-5.87548e-07
6.8541e-06
-2.75151e-07
6.98421e-06
1.07241e-07
7.17959e-06
5.29834e-07
7.40856e-06
9.54853e-07
7.65338e-06
1.35151e-06
7.90313e-06
1.70675e-06
8.15096e-06
2.01613e-06
8.39379e-06
2.27899e-06
8.63188e-06
2.49615e-06
8.86831e-06
2.66759e-06
9.1084e-06
2.78988e-06
9.35834e-06
2.8547e-06
9.62264e-06
2.85021e-06
9.90274e-06
2.76365e-06
1.01964e-05
2.58245e-06
1.0498e-05
2.29798e-06
1.07989e-05
1.90904e-06
1.10884e-05
1.4255e-06
1.13508e-05
8.75172e-07
1.15666e-05
3.08089e-07
1.17251e-05
-2.33188e-07
1.18207e-05
-7.2133e-07
1.18539e-05
-1.14087e-06
1.18295e-05
-1.48512e-06
1.17541e-05
-1.75293e-06
1.16334e-05
-1.94451e-06
1.1471e-05
-2.06025e-06
1.12726e-05
-2.10458e-06
1.10469e-05
-2.08891e-06
1.08009e-05
-2.02568e-06
1.05406e-05
-1.92745e-06
1.02706e-05
-1.80777e-06
9.99452e-06
-1.68163e-06
9.71563e-06
-1.56392e-06
9.43639e-06
-1.46525e-06
9.16014e-06
-1.38984e-06
8.89148e-06
-1.33414e-06
8.63601e-06
-1.28715e-06
8.39982e-06
-1.23349e-06
8.18924e-06
-1.1571e-06
8.00978e-06
-1.04412e-06
-8.86454e-07
1.11142e-05
-1.2028e-06
1.10001e-05
-1.2996e-06
1.08478e-05
-1.36514e-06
1.06761e-05
-1.38461e-06
1.05047e-05
-1.34996e-06
1.03551e-05
-1.25886e-06
1.02483e-05
-1.1146e-06
1.02019e-05
-9.2701e-07
1.02282e-05
-7.11498e-07
1.03339e-05
-4.87243e-07
1.05202e-05
-2.74872e-07
1.07792e-05
-9.60399e-08
1.10965e-05
2.73859e-08
1.14513e-05
7.76218e-08
1.18149e-05
4.29627e-08
1.21526e-05
-8.01066e-08
1.24285e-05
-2.84084e-07
1.26235e-05
-5.46621e-07
1.27343e-05
-8.44552e-07
1.27501e-05
-1.15852e-06
1.26755e-05
-1.46188e-06
1.25313e-05
-1.73011e-06
1.23391e-05
-1.95097e-06
1.21146e-05
-2.1235e-06
1.18707e-05
-2.24849e-06
1.16164e-05
-2.32718e-06
1.1358e-05
-2.36362e-06
1.10991e-05
-2.36364e-06
1.08419e-05
-2.33317e-06
1.05873e-05
-2.27785e-06
1.03351e-05
-2.20294e-06
1.00849e-05
-2.1132e-06
9.83667e-06
-2.01268e-06
9.59031e-06
-1.9043e-06
9.34545e-06
-1.7899e-06
9.10202e-06
-1.67067e-06
8.86199e-06
-1.54745e-06
8.62941e-06
-1.41947e-06
8.40666e-06
-1.28394e-06
8.18851e-06
-1.13933e-06
7.96055e-06
-9.89549e-07
7.71002e-06
-8.43597e-07
7.4454e-06
-7.07887e-07
7.20411e-06
-5.74331e-07
7.03472e-06
-4.1816e-07
6.97062e-06
-2.11055e-07
7.01677e-06
6.10951e-08
7.15718e-06
3.89425e-07
7.36044e-06
7.51592e-07
7.59576e-06
1.11618e-06
7.84564e-06
1.45687e-06
8.1014e-06
1.76037e-06
8.35917e-06
2.02121e-06
8.6189e-06
2.23643e-06
8.88321e-06
2.40328e-06
9.15653e-06
2.51655e-06
9.44322e-06
2.56802e-06
9.74557e-06
2.54786e-06
1.00633e-05
2.4459e-06
1.03928e-05
2.25301e-06
1.0727e-05
1.96376e-06
1.10564e-05
1.57958e-06
1.13684e-05
1.11354e-06
1.16422e-05
6.01346e-07
1.18603e-05
9.00091e-08
1.20124e-05
-3.85289e-07
1.20944e-05
-8.03318e-07
1.21089e-05
-1.15542e-06
1.20629e-05
-1.43909e-06
1.19632e-05
-1.65325e-06
1.18146e-05
-1.79589e-06
1.16222e-05
-1.86781e-06
1.13951e-05
-1.87751e-06
1.11422e-05
-1.83603e-06
1.08711e-05
-1.75457e-06
1.05883e-05
-1.64467e-06
1.02994e-05
-1.5189e-06
1.0009e-05
-1.39124e-06
9.71965e-06
-1.27452e-06
9.43279e-06
-1.17839e-06
9.15076e-06
-1.10782e-06
8.87732e-06
-1.06069e-06
8.61745e-06
-1.02729e-06
8.37684e-06
-9.92872e-07
8.16143e-06
-9.41691e-07
7.97711e-06
-8.59798e-07
-7.37213e-07
1.11394e-05
-1.1365e-06
1.10419e-05
-1.20217e-06
1.09219e-05
-1.2451e-06
1.07916e-05
-1.25434e-06
1.06658e-05
-1.22418e-06
1.05603e-05
-1.15335e-06
1.04904e-05
-1.04467e-06
1.04688e-05
-9.05441e-07
1.05045e-05
-7.47156e-07
1.06014e-05
-5.84195e-07
1.07588e-05
-4.32228e-07
1.09701e-05
-3.07309e-07
1.12224e-05
-2.24975e-07
1.14978e-05
-1.97801e-07
1.17743e-05
-2.33529e-07
1.20281e-05
-3.33862e-07
1.22371e-05
-4.93102e-07
1.23873e-05
-6.96856e-07
1.24718e-05
-9.29045e-07
1.24863e-05
-1.17299e-06
1.24346e-05
-1.41015e-06
1.23284e-05
-1.62394e-06
1.21816e-05
-1.80421e-06
1.20051e-05
-1.94696e-06
1.18072e-05
-2.05054e-06
1.15947e-05
-2.11468e-06
1.13728e-05
-2.14178e-06
1.11449e-05
-2.13569e-06
1.09126e-05
-2.10094e-06
1.06772e-05
-2.04237e-06
1.0439e-05
-1.96481e-06
1.01989e-05
-1.87306e-06
9.95766e-06
-1.77144e-06
9.7164e-06
-1.66303e-06
9.47602e-06
-1.54953e-06
9.23797e-06
-1.43262e-06
9.00445e-06
-1.31393e-06
8.77891e-06
-1.19392e-06
8.56613e-06
-1.07116e-06
8.36953e-06
-9.42726e-07
8.18614e-06
-8.06161e-07
8.00395e-06
-6.61408e-07
7.80824e-06
-5.12169e-07
7.59879e-06
-3.64887e-07
7.40086e-06
-2.20231e-07
7.25449e-06
-6.46804e-08
7.19482e-06
1.20761e-07
7.23356e-06
3.50689e-07
7.36319e-06
6.21959e-07
7.56134e-06
9.1803e-07
7.79891e-06
1.2193e-06
8.05634e-06
1.50294e-06
8.32551e-06
1.75204e-06
8.60424e-06
1.9577e-06
8.89361e-06
2.11391e-06
9.19639e-06
2.21377e-06
9.51493e-06
2.24948e-06
9.84991e-06
2.21289e-06
1.01997e-05
2.09614e-06
1.05595e-05
1.89315e-06
1.0922e-05
1.60126e-06
1.12764e-05
1.22524e-06
1.16043e-05
7.85619e-07
1.18828e-05
3.22863e-07
1.20969e-05
-1.24161e-07
1.2238e-05
-5.26355e-07
1.23034e-05
-8.68685e-07
1.22976e-05
-1.14969e-06
1.22299e-05
-1.37135e-06
1.21056e-05
-1.5289e-06
1.1929e-05
-1.61932e-06
1.17091e-05
-1.64793e-06
1.14558e-05
-1.62424e-06
1.11782e-05
-1.5584e-06
1.08845e-05
-1.46088e-06
1.05825e-05
-1.34264e-06
1.02794e-05
-1.2158e-06
9.98001e-06
-1.09188e-06
9.68616e-06
-9.80676e-07
9.39837e-06
-8.90599e-07
9.1175e-06
-8.26942e-07
8.84583e-06
-7.89024e-07
8.58731e-06
-7.68773e-07
8.34706e-06
-7.52619e-07
8.13072e-06
-7.25349e-07
7.94412e-06
-6.73198e-07
-5.85471e-07
1.11018e-05
-1.07775e-06
1.10241e-05
-1.12447e-06
1.0933e-05
-1.15403e-06
1.08375e-05
-1.15885e-06
1.07484e-05
-1.13509e-06
1.0677e-05
-1.08196e-06
1.06342e-05
-1.00187e-06
1.06291e-05
-9.00362e-07
1.0668e-05
-7.86012e-07
1.07533e-05
-6.69549e-07
1.08839e-05
-5.62746e-07
1.1054e-05
-4.77482e-07
1.12539e-05
-4.24818e-07
1.14697e-05
-4.13596e-07
1.16852e-05
-4.49085e-07
1.18834e-05
-5.32004e-07
1.20485e-05
-6.58218e-07
1.21703e-05
-8.18673e-07
1.22427e-05
-1.00146e-06
1.22632e-05
-1.19347e-06
1.22337e-05
-1.38069e-06
1.21606e-05
-1.55079e-06
1.20519e-05
-1.69551e-06
1.19152e-05
-1.81022e-06
1.17564e-05
-1.89178e-06
1.15804e-05
-1.93871e-06
1.13908e-05
-1.95215e-06
1.11899e-05
-1.93476e-06
1.09792e-05
-1.89022e-06
1.07597e-05
-1.82295e-06
1.05328e-05
-1.73788e-06
1.02999e-05
-1.6402e-06
1.00631e-05
-1.53458e-06
9.82417e-06
-1.42413e-06
9.58591e-06
-1.31127e-06
9.35194e-06
-1.19865e-06
9.12539e-06
-1.08739e-06
8.90874e-06
-9.77271e-07
8.70506e-06
-8.67481e-07
8.51928e-06
-7.56949e-07
8.35676e-06
-6.43645e-07
8.21804e-06
-5.22683e-07
8.09372e-06
-3.87854e-07
7.96835e-06
-2.3951e-07
7.8331e-06
-8.49833e-08
7.69456e-06
7.38584e-08
7.58173e-06
2.33591e-07
7.52737e-06
4.05052e-07
7.55196e-06
5.97366e-07
7.65537e-06
8.14622e-07
7.82779e-06
1.04688e-06
8.05276e-06
1.27797e-06
8.3123e-06
1.4925e-06
8.59651e-06
1.67349e-06
8.9017e-06
1.80872e-06
9.22694e-06
1.88853e-06
9.57204e-06
1.90438e-06
9.93603e-06
1.8489e-06
1.03158e-05
1.71642e-06
1.07053e-05
1.50358e-06
1.10955e-05
1.21109e-06
1.14705e-05
8.50223e-07
1.18055e-05
4.50647e-07
1.20789e-05
4.94748e-08
1.22783e-05
-3.23599e-07
1.23994e-05
-6.47472e-07
1.24428e-05
-9.12039e-07
1.24144e-05
-1.12129e-06
1.23238e-05
-1.28074e-06
1.21728e-05
-1.37794e-06
1.19688e-05
-1.41532e-06
1.17223e-05
-1.40138e-06
1.14434e-05
-1.34541e-06
1.11422e-05
-1.25713e-06
1.0828e-05
-1.14672e-06
1.05109e-05
-1.02554e-06
1.01992e-05
-9.0406e-07
9.89728e-06
-7.9e-07
9.60654e-06
-6.89936e-07
9.32631e-06
-6.1037e-07
9.05556e-06
-5.56194e-07
8.79437e-06
-5.27831e-07
8.54493e-06
-5.19334e-07
8.31146e-06
-5.19151e-07
8.09927e-06
-5.13154e-07
7.91393e-06
-4.87861e-07
-4.32567e-07
1.10529e-05
-1.02845e-06
1.09922e-05
-1.06384e-06
1.09246e-05
-1.08637e-06
1.08562e-05
-1.09052e-06
1.07951e-05
-1.07394e-06
1.07493e-05
-1.03618e-06
1.07267e-05
-9.79222e-07
1.07336e-05
-9.07327e-07
1.07745e-05
-8.26914e-07
1.08509e-05
-7.4594e-07
1.09613e-05
-6.7308e-07
1.11008e-05
-6.17034e-07
1.12618e-05
-5.8579e-07
1.14339e-05
-5.85681e-07
1.16052e-05
-6.20423e-07
1.17636e-05
-6.90355e-07
1.18981e-05
-7.92726e-07
1.20006e-05
-9.21192e-07
1.20658e-05
-1.0667e-06
1.20915e-05
-1.21911e-06
1.20783e-05
-1.36751e-06
1.20297e-05
-1.50219e-06
1.19505e-05
-1.61633e-06
1.18456e-05
-1.70532e-06
1.17186e-05
-1.76478e-06
1.15724e-05
-1.79248e-06
1.14089e-05
-1.7887e-06
1.12295e-05
-1.75538e-06
1.10352e-05
-1.69589e-06
1.0827e-05
-1.61477e-06
1.06067e-05
-1.51754e-06
1.03767e-05
-1.41023e-06
1.01401e-05
-1.298e-06
9.90024e-06
-1.18424e-06
9.6617e-06
-1.07272e-06
9.42943e-06
-9.66379e-07
9.20768e-06
-8.65638e-07
8.99987e-06
-7.6946e-07
8.80888e-06
-6.7649e-07
8.63787e-06
-5.85939e-07
8.49092e-06
-4.967e-07
8.37224e-06
-4.03998e-07
8.28278e-06
-2.984e-07
8.21788e-06
-1.74607e-07
8.16664e-06
-3.37426e-08
8.11898e-06
1.21519e-07
8.0678e-06
2.84768e-07
8.02162e-06
4.51236e-07
8.0003e-06
6.18681e-07
8.02648e-06
7.88445e-07
8.11259e-06
9.60773e-07
8.25974e-06
1.13082e-06
8.46304e-06
1.2892e-06
8.71397e-06
1.42256e-06
9.00537e-06
1.51732e-06
9.33212e-06
1.56178e-06
9.68992e-06
1.54658e-06
1.00735e-05
1.46531e-06
1.04754e-05
1.31452e-06
1.0885e-05
1.09403e-06
1.1288e-05
8.08068e-07
1.16619e-05
4.76311e-07
1.1983e-05
1.29578e-07
1.2233e-05
-2.00511e-07
1.24009e-05
-4.91528e-07
1.24861e-05
-7.32729e-07
1.25008e-05
-9.26706e-07
1.24511e-05
-1.07161e-06
1.2333e-05
-1.16263e-06
1.21518e-05
-1.19669e-06
1.19183e-05
-1.18182e-06
1.16435e-05
-1.1266e-06
1.13385e-05
-1.04045e-06
1.10146e-05
-9.3315e-07
1.06837e-05
-8.15883e-07
1.03576e-05
-6.99446e-07
1.00443e-05
-5.90718e-07
9.74796e-06
-4.93683e-07
9.46971e-06
-4.11681e-07
9.20777e-06
-3.48426e-07
8.95878e-06
-3.07203e-07
8.71991e-06
-2.88969e-07
8.49068e-06
-2.90103e-07
8.2733e-06
-3.01772e-07
8.07206e-06
-3.11911e-07
7.89238e-06
-3.08184e-07
-2.80341e-07
1.10181e-05
-9.87867e-07
1.09713e-05
-1.01704e-06
1.09217e-05
-1.03678e-06
1.0874e-05
-1.04286e-06
1.08335e-05
-1.03348e-06
1.08064e-05
-1.009e-06
1.07981e-05
-9.70975e-07
1.08134e-05
-9.22623e-07
1.08551e-05
-8.68629e-07
1.0924e-05
-8.14792e-07
1.10184e-05
-7.67468e-07
1.11344e-05
-7.33076e-07
1.12661e-05
-7.17476e-07
1.14057e-05
-7.25267e-07
1.15444e-05
-7.59095e-07
1.16732e-05
-8.19198e-07
1.17842e-05
-9.03692e-07
1.18707e-05
-1.00774e-06
1.19286e-05
-1.12463e-06
1.1956e-05
-1.24647e-06
1.1953e-05
-1.36451e-06
1.19214e-05
-1.47062e-06
1.1864e-05
-1.55886e-06
1.17831e-05
-1.62448e-06
1.16804e-05
-1.66207e-06
1.15569e-05
-1.66892e-06
1.14129e-05
-1.64474e-06
1.12487e-05
-1.59117e-06
1.10646e-05
-1.51181e-06
1.08617e-05
-1.41188e-06
1.06423e-05
-1.2981e-06
1.04098e-05
-1.17778e-06
1.01685e-05
-1.0567e-06
9.92361e-06
-9.39316e-07
9.68173e-06
-8.30834e-07
9.44907e-06
-7.33721e-07
9.23106e-06
-6.47631e-07
9.03209e-06
-5.70489e-07
8.85539e-06
-4.99786e-07
8.70324e-06
-4.33789e-07
8.57778e-06
-3.71244e-07
8.48138e-06
-3.07597e-07
8.41497e-06
-2.31988e-07
8.37821e-06
-1.37846e-07
8.36907e-06
-2.46058e-08
8.38343e-06
1.07161e-07
8.41411e-06
2.54083e-07
8.45366e-06
4.11686e-07
8.49837e-06
5.73975e-07
8.55276e-06
7.34059e-07
8.62892e-06
8.84605e-07
8.73973e-06
1.02002e-06
8.89491e-06
1.13402e-06
9.09915e-06
1.21831e-06
9.35235e-06
1.26412e-06
9.65081e-06
1.26332e-06
9.98787e-06
1.20953e-06
1.03539e-05
1.09928e-06
1.07363e-05
9.32092e-07
1.11207e-05
7.0961e-07
1.14894e-05
4.39412e-07
1.18202e-05
1.45522e-07
1.20945e-05
-1.4475e-07
1.22993e-05
-4.05345e-07
1.24274e-05
-6.19539e-07
1.24797e-05
-7.85041e-07
1.24637e-05
-9.10696e-07
1.23796e-05
-9.87592e-07
1.22252e-05
-1.00818e-06
1.20092e-05
-9.80712e-07
1.17427e-05
-9.15297e-07
1.14378e-05
-8.21687e-07
1.11072e-05
-7.09917e-07
1.07653e-05
-5.91188e-07
1.04262e-05
-4.76811e-07
1.01008e-05
-3.74071e-07
9.79624e-06
-2.86117e-07
9.51648e-06
-2.13925e-07
9.26239e-06
-1.57589e-07
9.03129e-06
-1.17326e-07
8.81791e-06
-9.38285e-08
8.61643e-06
-8.74847e-08
8.42245e-06
-9.61316e-08
8.23467e-06
-1.1399e-07
8.05517e-06
-1.32408e-07
7.88868e-06
-1.41692e-07
-1.33078e-07
1.0997e-05
-9.54034e-07
1.09605e-05
-9.80498e-07
1.09237e-05
-9.99942e-07
1.08907e-05
-1.00985e-06
1.08649e-05
-1.00776e-06
1.08508e-05
-9.94819e-07
1.08524e-05
-9.72644e-07
1.08731e-05
-9.43319e-07
1.09146e-05
-9.10147e-07
1.09771e-05
-8.7728e-07
1.1059e-05
-8.49321e-07
1.11569e-05
-8.30992e-07
1.12661e-05
-8.26675e-07
1.13806e-05
-8.39788e-07
1.14938e-05
-8.72227e-07
1.15988e-05
-9.24276e-07
1.16897e-05
-9.94528e-07
1.17613e-05
-1.07938e-06
1.18107e-05
-1.17407e-06
1.18365e-05
-1.27222e-06
1.18384e-05
-1.36638e-06
1.18171e-05
-1.44932e-06
1.17736e-05
-1.51541e-06
1.17083e-05
-1.55923e-06
1.16212e-05
-1.57491e-06
1.15118e-05
-1.55951e-06
1.13793e-05
-1.51228e-06
1.1223e-05
-1.43485e-06
1.10425e-05
-1.33132e-06
1.08388e-05
-1.20814e-06
1.06146e-05
-1.0739e-06
1.03743e-05
-9.37503e-07
1.01234e-05
-8.05764e-07
9.86955e-06
-6.8551e-07
9.62147e-06
-5.82755e-07
9.38676e-06
-4.99016e-07
9.17188e-06
-4.32751e-07
8.98193e-06
-3.8054e-07
8.82052e-06
-3.38376e-07
8.68974e-06
-3.03006e-07
8.59029e-06
-2.71789e-07
8.52259e-06
-2.39904e-07
8.48628e-06
-1.9568e-07
8.47972e-06
-1.31281e-07
8.5004e-06
-4.52903e-08
8.54611e-06
6.14517e-08
8.6142e-06
1.85992e-07
8.70064e-06
3.25246e-07
8.80093e-06
4.73685e-07
8.91178e-06
6.23217e-07
9.03494e-06
7.61444e-07
9.17526e-06
8.79691e-07
9.33872e-06
9.70565e-07
9.53129e-06
1.02574e-06
9.75695e-06
1.03846e-06
1.00163e-05
1.00399e-06
1.0306e-05
9.19794e-07
1.06187e-05
7.86623e-07
1.09433e-05
6.07493e-07
1.12674e-05
3.85463e-07
1.15744e-05
1.32413e-07
1.18447e-05
-1.2481e-07
1.2062e-05
-3.62034e-07
1.2215e-05
-5.58351e-07
1.22997e-05
-7.04233e-07
1.23184e-05
-8.03675e-07
1.22661e-05
-8.58411e-07
1.21385e-05
-8.60029e-07
1.19417e-05
-8.1133e-07
1.16858e-05
-7.24877e-07
1.13841e-05
-6.13603e-07
1.1051e-05
-4.88507e-07
1.07022e-05
-3.61141e-07
1.03544e-05
-2.43438e-07
1.00208e-05
-1.43132e-07
9.71008e-06
-6.33936e-08
9.42867e-06
-4.71502e-09
9.18001e-06
3.47353e-08
8.96432e-06
5.8101e-08
8.77849e-06
6.85081e-08
8.61633e-06
6.83307e-08
8.46997e-06
5.88797e-08
8.33124e-06
4.25922e-08
8.19422e-06
2.30287e-08
8.05646e-06
5.35186e-09
7.91922e-06
-4.44351e-09
-1.65424e-09
1.09804e-05
-9.25031e-07
1.09509e-05
-9.51015e-07
1.09231e-05
-9.72141e-07
1.08999e-05
-9.86614e-07
1.08843e-05
-9.92178e-07
1.08791e-05
-9.89615e-07
1.08874e-05
-9.80914e-07
1.09113e-05
-9.67193e-07
1.09517e-05
-9.5061e-07
1.10085e-05
-9.34018e-07
1.10798e-05
-9.20652e-07
1.11627e-05
-9.13914e-07
1.12532e-05
-9.1717e-07
1.13466e-05
-9.33137e-07
1.14377e-05
-9.63425e-07
1.15218e-05
-1.00836e-06
1.15941e-05
-1.06677e-06
1.16509e-05
-1.13616e-06
1.16898e-05
-1.21301e-06
1.17096e-05
-1.29201e-06
1.17098e-05
-1.36662e-06
1.16907e-05
-1.43015e-06
1.16517e-05
-1.47648e-06
1.15918e-05
-1.49928e-06
1.15098e-05
-1.49295e-06
1.14044e-05
-1.45408e-06
1.12739e-05
-1.38174e-06
1.11168e-05
-1.27781e-06
1.09326e-05
-1.14708e-06
1.0722e-05
-9.97565e-07
1.04882e-05
-8.4006e-07
1.02358e-05
-6.85152e-07
9.97208e-06
-5.42021e-07
9.70747e-06
-4.209e-07
9.45245e-06
-3.27734e-07
9.21584e-06
-2.62406e-07
9.0046e-06
-2.2151e-07
8.82465e-06
-2.00586e-07
8.68108e-06
-1.94805e-07
8.57677e-06
-1.98696e-07
8.50989e-06
-2.04914e-07
8.47626e-06
-2.06273e-07
8.47503e-06
-1.94446e-07
8.50416e-06
-1.6041e-07
8.55933e-06
-1.00465e-07
8.63668e-06
-1.58975e-08
8.73249e-06
9.01831e-08
8.84336e-06
2.14371e-07
8.96615e-06
3.509e-07
9.09803e-06
4.91335e-07
9.23823e-06
6.21245e-07
9.38942e-06
7.28502e-07
9.55536e-06
8.04621e-07
9.73953e-06
8.41573e-07
9.94458e-06
8.33416e-07
1.01714e-05
7.77152e-07
1.04183e-05
6.72916e-07
1.06797e-05
5.25253e-07
1.0947e-05
3.40187e-07
1.12116e-05
1.2087e-07
1.14575e-05
-1.1357e-07
1.16656e-05
-3.32865e-07
1.18203e-05
-5.16693e-07
1.1914e-05
-6.52083e-07
1.19444e-05
-7.34653e-07
1.19081e-05
-7.67394e-07
1.17966e-05
-7.46838e-07
1.16114e-05
-6.74895e-07
1.13644e-05
-5.64318e-07
1.10697e-05
-4.30191e-07
1.07412e-05
-2.85102e-07
1.03955e-05
-1.42806e-07
1.00508e-05
-1.64395e-08
9.72215e-06
8.52285e-08
9.41965e-06
1.59367e-07
9.15047e-06
2.05791e-07
8.91886e-06
2.26898e-07
8.72565e-06
2.27937e-07
8.56872e-06
2.15033e-07
8.44432e-06
1.92912e-07
8.3471e-06
1.65544e-07
8.26921e-06
1.36778e-07
8.19963e-06
1.1217e-07
8.129e-06
9.36534e-08
8.05259e-06
8.1761e-08
7.96779e-06
8.03594e-08
9.04951e-08
1.09612e-05
-8.98851e-07
1.09362e-05
-9.26008e-07
1.09142e-05
-9.5007e-07
1.08971e-05
-9.69575e-07
1.08875e-05
-9.8258e-07
1.0887e-05
-9.89118e-07
1.08981e-05
-9.91953e-07
1.09219e-05
-9.91058e-07
1.0959e-05
-9.87697e-07
1.10086e-05
-9.8365e-07
1.1069e-05
-9.81004e-07
1.11372e-05
-9.82144e-07
1.12099e-05
-9.89884e-07
1.12831e-05
-1.00633e-06
1.13523e-05
-1.03264e-06
1.14135e-05
-1.0695e-06
1.14629e-05
-1.11621e-06
1.14979e-05
-1.17112e-06
1.15166e-05
-1.23174e-06
1.15181e-05
-1.29346e-06
1.15019e-05
-1.35049e-06
1.14682e-05
-1.39641e-06
1.14164e-05
-1.42469e-06
1.13455e-05
-1.42839e-06
1.12542e-05
-1.40165e-06
1.11407e-05
-1.34055e-06
1.10028e-05
-1.24392e-06
1.08388e-05
-1.11373e-06
1.06471e-05
-9.55419e-07
1.04284e-05
-7.78807e-07
1.01851e-05
-5.96816e-07
9.92235e-06
-4.22392e-07
9.65035e-06
-2.70025e-07
9.38073e-06
-1.51282e-07
9.12447e-06
-7.14662e-08
8.8912e-06
-2.9139e-08
8.68921e-06
-1.95202e-08
8.52494e-06
-3.63202e-08
8.40315e-06
-7.30136e-08
8.32662e-06
-1.22167e-07
8.29108e-06
-1.69367e-07
8.29321e-06
-2.08408e-07
8.33255e-06
-2.33783e-07
8.4023e-06
-2.30164e-07
8.49641e-06
-1.94571e-07
8.6117e-06
-1.3119e-07
8.74155e-06
-3.96636e-08
8.87912e-06
7.68034e-08
9.01952e-06
2.10499e-07
9.16063e-06
3.50219e-07
9.30073e-06
4.81142e-07
9.44245e-06
5.86786e-07
9.59249e-06
6.54582e-07
9.75424e-06
6.79827e-07
9.92656e-06
6.61095e-07
1.01082e-05
5.95555e-07
1.02976e-05
4.83487e-07
1.0492e-05
3.30814e-07
1.06874e-05
1.44803e-07
1.08737e-05
-6.5466e-08
1.10311e-05
-2.70908e-07
1.1144e-05
-4.45789e-07
1.1204e-05
-5.76712e-07
1.12067e-05
-6.54797e-07
1.11494e-05
-6.77362e-07
1.10293e-05
-6.47249e-07
1.08487e-05
-5.66285e-07
1.06168e-05
-4.42989e-07
1.03447e-05
-2.92192e-07
1.00436e-05
-1.29091e-07
9.72769e-06
3.08259e-08
9.41611e-06
1.68774e-07
9.12368e-06
2.75985e-07
8.85964e-06
3.49274e-07
8.62899e-06
3.90018e-07
8.43554e-06
3.9924e-07
8.28121e-06
3.81225e-07
8.16515e-06
3.43995e-07
8.0842e-06
2.95987e-07
8.03325e-06
2.43859e-07
8.00661e-06
1.92184e-07
7.99629e-06
1.47095e-07
7.99308e-06
1.15382e-07
7.98806e-06
9.8677e-08
7.97568e-06
9.41409e-08
7.95399e-06
1.02047e-07
1.24306e-07
1.09264e-05
-8.72554e-07
1.09021e-05
-9.01747e-07
1.08812e-05
-9.29196e-07
1.08653e-05
-9.53639e-07
1.08564e-05
-9.7367e-07
1.08565e-05
-9.8922e-07
1.0866e-05
-1.00145e-06
1.0885e-05
-1.01003e-06
1.09136e-05
-1.01632e-06
1.0951e-05
-1.02108e-06
1.09954e-05
-1.02542e-06
1.10439e-05
-1.03059e-06
1.10921e-05
-1.03812e-06
1.1136e-05
-1.05019e-06
1.1172e-05
-1.0687e-06
1.11975e-05
-1.095e-06
1.1209e-05
-1.12762e-06
1.12026e-05
-1.16472e-06
1.11779e-05
-1.20712e-06
1.1135e-05
-1.25048e-06
1.10742e-05
-1.28973e-06
1.09967e-05
-1.31891e-06
1.09032e-05
-1.33116e-06
1.07941e-05
-1.31933e-06
1.06697e-05
-1.27719e-06
1.05294e-05
-1.20026e-06
1.03725e-05
-1.08705e-06
1.01974e-05
-9.38647e-07
1.00015e-05
-7.59518e-07
9.78262e-06
-5.5992e-07
9.54166e-06
-3.55857e-07
9.28382e-06
-1.64554e-07
9.01893e-06
-5.13323e-09
8.75744e-06
1.10209e-07
8.51468e-06
1.71296e-07
8.30243e-06
1.83105e-07
8.131e-06
1.51918e-07
8.00257e-06
9.21021e-08
7.91212e-06
1.74397e-08
7.86181e-06
-7.18577e-08
7.84916e-06
-1.56722e-07
7.8807e-06
-2.39944e-07
7.95796e-06
-3.11042e-07
8.06734e-06
-3.3954e-07
8.19876e-06
-3.25995e-07
8.34645e-06
-2.78879e-07
8.50067e-06
-1.93879e-07
8.65299e-06
-7.55252e-08
8.79435e-06
6.91434e-08
8.92567e-06
2.18894e-07
9.04914e-06
3.57672e-07
9.16668e-06
4.69255e-07
9.28423e-06
5.37032e-07
9.40371e-06
5.60342e-07
9.52204e-06
5.42763e-07
9.63718e-06
4.80421e-07
9.74578e-06
3.7488e-07
9.8431e-06
2.33499e-07
9.91715e-06
7.07472e-08
9.95967e-06
-1.0798e-07
9.96167e-06
-2.72907e-07
9.92431e-06
-4.0843e-07
9.84929e-06
-5.01695e-07
9.74193e-06
-5.4744e-07
9.61357e-06
-5.48998e-07
9.46429e-06
-4.97971e-07
9.29149e-06
-3.93481e-07
9.09534e-06
-2.46837e-07
8.87827e-06
-7.5128e-08
8.64645e-06
1.0273e-07
8.41494e-06
2.62335e-07
8.19558e-06
3.88135e-07
7.99971e-06
4.71855e-07
7.83529e-06
5.13697e-07
7.70182e-06
5.23487e-07
7.6009e-06
5.00156e-07
7.5346e-06
4.47526e-07
7.50198e-06
3.76622e-07
7.50164e-06
2.96326e-07
7.52967e-06
2.15831e-07
7.57845e-06
1.43402e-07
7.63683e-06
8.87128e-08
7.6974e-06
5.48102e-08
7.75403e-06
4.20519e-08
7.79874e-06
4.94225e-08
7.82527e-06
7.55216e-08
1.16994e-07
1.08433e-05
-8.39628e-07
1.08121e-05
-8.70593e-07
1.07838e-05
-9.00892e-07
1.07595e-05
-9.29328e-07
1.07407e-05
-9.54816e-07
1.07284e-05
-9.76981e-07
1.07232e-05
-9.9625e-07
1.0724e-05
-1.01076e-06
1.07309e-05
-1.02321e-06
1.07425e-05
-1.03271e-06
1.0755e-05
-1.0379e-06
1.07649e-05
-1.04048e-06
1.07685e-05
-1.04178e-06
1.07619e-05
-1.04356e-06
1.07407e-05
-1.04749e-06
1.07013e-05
-1.05564e-06
1.06412e-05
-1.0675e-06
1.05586e-05
-1.08216e-06
1.04532e-05
-1.10169e-06
1.0326e-05
-1.12332e-06
1.01796e-05
-1.14335e-06
1.00177e-05
-1.15692e-06
9.84408e-06
-1.15758e-06
9.66291e-06
-1.13816e-06
9.4781e-06
-1.09239e-06
9.29296e-06
-1.01511e-06
9.11083e-06
-9.04927e-07
8.93085e-06
-7.58663e-07
8.748e-06
-5.76673e-07
8.55605e-06
-3.67969e-07
8.34964e-06
-1.49447e-07
8.12789e-06
5.71999e-08
7.89904e-06
2.23717e-07
7.67733e-06
3.31913e-07
7.47983e-06
3.68796e-07
7.30723e-06
3.55706e-07
7.16886e-06
2.90288e-07
7.06944e-06
1.91524e-07
7.00881e-06
7.80741e-08
6.97946e-06
-4.25092e-08
6.98853e-06
-1.65794e-07
7.03004e-06
-2.81458e-07
7.09388e-06
-3.74878e-07
7.17232e-06
-4.17981e-07
7.26355e-06
-4.17227e-07
7.37059e-06
-3.85918e-07
7.49102e-06
-3.14305e-07
7.61851e-06
-2.03017e-07
7.75292e-06
-6.5267e-08
7.87947e-06
9.2344e-08
7.99136e-06
2.45782e-07
8.08355e-06
3.77067e-07
8.15434e-06
4.6624e-07
8.20697e-06
5.07708e-07
8.24092e-06
5.08819e-07
8.24815e-06
4.73185e-07
8.22067e-06
4.02367e-07
8.15455e-06
2.99613e-07
8.0541e-06
1.71197e-07
7.92696e-06
1.91629e-08
7.80542e-06
-1.51364e-07
7.71326e-06
-3.16271e-07
7.65337e-06
-4.4181e-07
7.61341e-06
-5.07477e-07
7.58132e-06
-5.1691e-07
7.54322e-06
-4.5987e-07
7.48411e-06
-3.34371e-07
7.39359e-06
-1.56318e-07
7.26905e-06
4.94133e-08
7.12571e-06
2.4607e-07
6.9833e-06
4.04742e-07
6.8592e-06
5.1224e-07
6.76376e-06
5.67293e-07
6.69596e-06
5.81493e-07
6.65053e-06
5.68919e-07
6.63413e-06
5.16563e-07
6.65133e-06
4.30324e-07
6.70253e-06
3.25414e-07
6.78354e-06
2.15325e-07
6.88468e-06
1.14692e-07
6.99301e-06
3.50668e-08
7.09355e-06
-1.18238e-08
7.18279e-06
-3.44349e-08
7.26267e-06
-3.78209e-08
7.33116e-06
-1.90672e-08
7.38339e-06
2.32825e-08
8.12964e-08
1.06179e-05
-7.85837e-07
1.05639e-05
-8.16599e-07
1.05102e-05
-8.47279e-07
1.04577e-05
-8.76791e-07
1.0407e-05
-9.04078e-07
1.03585e-05
-9.28468e-07
1.0312e-05
-9.49793e-07
1.02667e-05
-9.65444e-07
1.02207e-05
-9.77266e-07
1.01716e-05
-9.8358e-07
1.01159e-05
-9.82212e-07
1.00499e-05
-9.74496e-07
9.96948e-06
-9.61309e-07
9.87025e-06
-9.44334e-07
9.74839e-06
-9.25631e-07
9.60003e-06
-9.07277e-07
9.42317e-06
-8.90638e-07
9.21808e-06
-8.77069e-07
8.98489e-06
-8.68501e-07
8.72725e-06
-8.65675e-07
8.45079e-06
-8.66895e-07
8.16244e-06
-8.68563e-07
7.87123e-06
-8.66372e-07
7.59058e-06
-8.57507e-07
7.335e-06
-8.3681e-07
7.11458e-06
-7.94688e-07
6.93432e-06
-7.2467e-07
6.78981e-06
-6.14152e-07
6.66734e-06
-4.54206e-07
6.5511e-06
-2.51732e-07
6.43202e-06
-3.03627e-08
6.29927e-06
1.89949e-07
6.16626e-06
3.56723e-07
6.03757e-06
4.6061e-07
5.91703e-06
4.89336e-07
5.81463e-06
4.58107e-07
5.73619e-06
3.6873e-07
5.67718e-06
2.5053e-07
5.62037e-06
1.34879e-07
5.54488e-06
3.29893e-08
5.45861e-06
-7.9527e-08
5.37353e-06
-1.96379e-07
5.30553e-06
-3.0688e-07
5.26889e-06
-3.81342e-07
5.26286e-06
-4.11197e-07
5.28403e-06
-4.07087e-07
5.33482e-06
-3.6509e-07
5.40564e-06
-2.73837e-07
5.48816e-06
-1.47795e-07
5.57964e-06
8.6593e-10
5.66762e-06
1.57804e-07
5.74106e-06
3.03628e-07
5.78881e-06
4.18494e-07
5.80439e-06
4.92126e-07
5.78544e-06
5.27772e-07
5.72984e-06
5.2878e-07
5.64454e-06
4.87665e-07
5.55375e-06
3.9041e-07
5.48174e-06
2.43204e-07
5.44508e-06
5.58263e-08
5.44861e-06
-1.54902e-07
5.47818e-06
-3.45836e-07
5.51839e-06
-4.82023e-07
5.56023e-06
-5.49318e-07
5.59876e-06
-5.55434e-07
5.62118e-06
-4.82291e-07
5.60822e-06
-3.21411e-07
5.56015e-06
-1.08252e-07
5.49083e-06
1.18737e-07
5.42365e-06
3.13254e-07
5.37296e-06
4.55428e-07
5.3445e-06
5.40697e-07
5.33764e-06
5.74157e-07
5.35134e-06
5.67789e-07
5.39175e-06
5.28509e-07
5.46048e-06
4.47837e-07
5.5532e-06
3.37605e-07
5.66118e-06
2.17436e-07
5.76984e-06
1.06661e-07
5.86531e-06
1.92191e-08
5.94336e-06
-4.29766e-08
6.00394e-06
-7.24085e-08
6.04977e-06
-8.02621e-08
6.08642e-06
-7.44745e-08
6.11545e-06
-4.80934e-08
6.13869e-06
4.07072e-11
6.02691e-08
1.00106e-05
-6.85015e-07
9.90525e-06
-7.11216e-07
9.79493e-06
-7.36956e-07
9.67919e-06
-7.61055e-07
9.55805e-06
-7.82941e-07
9.43118e-06
-8.01596e-07
9.29711e-06
-8.15718e-07
9.15546e-06
-8.23803e-07
9.00337e-06
-8.25174e-07
8.83811e-06
-8.18316e-07
8.65774e-06
-8.01845e-07
8.45922e-06
-7.75977e-07
8.23968e-06
-7.41766e-07
7.99528e-06
-6.99934e-07
7.72222e-06
-6.52571e-07
7.41808e-06
-6.03139e-07
7.0824e-06
-5.54953e-07
6.71655e-06
-5.11218e-07
6.32361e-06
-4.7556e-07
5.90998e-06
-4.5205e-07
5.49031e-06
-4.47223e-07
5.08529e-06
-4.63542e-07
4.7172e-06
-4.98279e-07
4.40258e-06
-5.42888e-07
4.15114e-06
-5.85377e-07
3.96999e-06
-6.13538e-07
3.85778e-06
-6.12456e-07
3.80738e-06
-5.63747e-07
3.8072e-06
-4.54031e-07
3.83455e-06
-2.79077e-07
3.85268e-06
-4.84987e-08
3.8706e-06
1.72033e-07
3.86821e-06
3.59113e-07
3.84121e-06
4.87609e-07
3.77322e-06
5.57323e-07
3.66479e-06
5.6654e-07
3.51815e-06
5.15374e-07
3.35447e-06
4.14206e-07
3.20305e-06
2.86298e-07
3.09271e-06
1.43331e-07
3.02505e-06
-1.18628e-08
2.99361e-06
-1.64947e-07
2.97987e-06
-2.93138e-07
2.97646e-06
-3.77926e-07
2.98135e-06
-4.16091e-07
2.98918e-06
-4.14916e-07
2.99769e-06
-3.73597e-07
3.00571e-06
-2.81858e-07
3.01178e-06
-1.53871e-07
3.01981e-06
-7.15539e-09
3.03634e-06
1.41271e-07
3.05841e-06
2.81553e-07
3.07946e-06
3.97444e-07
3.09382e-06
4.77772e-07
3.10446e-06
5.17133e-07
3.11951e-06
5.13731e-07
3.14556e-06
4.61613e-07
3.1875e-06
3.48468e-07
3.2448e-06
1.85903e-07
3.30634e-06
-5.7171e-09
3.3583e-06
-2.06856e-07
3.39719e-06
-3.84732e-07
3.42687e-06
-5.11698e-07
3.45051e-06
-5.72961e-07
3.46534e-06
-5.70265e-07
3.47025e-06
-4.87201e-07
3.46819e-06
-3.19353e-07
3.46436e-06
-1.04423e-07
3.47763e-06
1.05467e-07
3.5081e-06
2.82793e-07
3.55421e-06
4.09312e-07
3.61204e-06
4.8287e-07
3.67707e-06
5.09121e-07
3.7492e-06
4.95665e-07
3.83175e-06
4.45962e-07
3.91596e-06
3.6362e-07
3.99233e-06
2.61235e-07
4.05343e-06
1.56338e-07
4.098e-06
6.20874e-08
4.12732e-06
-1.00927e-08
4.14469e-06
-6.03471e-08
4.15844e-06
-8.61622e-08
4.17192e-06
-9.3744e-08
4.18316e-06
-8.57135e-08
4.1906e-06
-5.55361e-08
4.19843e-06
-7.78252e-09
4.71716e-08
8.57451e-06
-4.99974e-07
8.37726e-06
-5.13961e-07
8.16643e-06
-5.26127e-07
7.94032e-06
-5.34944e-07
7.6952e-06
-5.37826e-07
7.42749e-06
-5.33886e-07
7.13626e-06
-5.24481e-07
6.82273e-06
-5.10279e-07
6.48913e-06
-4.91573e-07
6.13882e-06
-4.67999e-07
5.77562e-06
-4.38652e-07
5.40244e-06
-4.02795e-07
5.02106e-06
-3.60385e-07
4.63344e-06
-3.12316e-07
4.24337e-06
-2.62497e-07
3.85346e-06
-2.13229e-07
3.46726e-06
-1.68758e-07
3.0917e-06
-1.35654e-07
2.73584e-06
-1.19697e-07
2.41197e-06
-1.2818e-07
2.13336e-06
-1.6862e-07
1.89861e-06
-2.28789e-07
1.69582e-06
-2.95488e-07
1.51514e-06
-3.62207e-07
1.35611e-06
-4.26352e-07
1.22133e-06
-4.78757e-07
1.11245e-06
-5.03571e-07
1.03123e-06
-4.82524e-07
9.78876e-07
-4.01682e-07
9.54834e-07
-2.55035e-07
9.53895e-07
-4.75595e-08
9.90721e-07
1.35207e-07
1.03653e-06
3.13306e-07
1.07762e-06
4.46512e-07
1.11443e-06
5.20514e-07
1.15062e-06
5.30348e-07
1.18648e-06
4.79522e-07
1.22085e-06
3.79834e-07
1.25248e-06
2.54671e-07
1.27955e-06
1.16254e-07
1.28311e-06
-1.54204e-08
1.25454e-06
-1.36372e-07
1.2018e-06
-2.40405e-07
1.13575e-06
-3.11876e-07
1.06661e-06
-3.46944e-07
9.97154e-07
-3.45463e-07
9.29464e-07
-3.05906e-07
8.75967e-07
-2.28362e-07
8.4284e-07
-1.20744e-07
8.35056e-07
6.29556e-10
8.61304e-07
1.15023e-07
9.11096e-07
2.31761e-07
9.79609e-07
3.28931e-07
1.0618e-06
3.95582e-07
1.15384e-06
4.2509e-07
1.25535e-06
4.12222e-07
1.36013e-06
3.56834e-07
1.45467e-06
2.53925e-07
1.52939e-06
1.11185e-07
1.56831e-06
-4.4634e-08
1.57329e-06
-2.11836e-07
1.5496e-06
-3.61046e-07
1.50619e-06
-4.68285e-07
1.45062e-06
-5.17393e-07
1.39042e-06
-5.1006e-07
1.33652e-06
-4.33306e-07
1.3107e-06
-2.93531e-07
1.32168e-06
-1.15409e-07
1.37635e-06
5.08062e-08
1.46065e-06
1.98492e-07
1.56032e-06
3.09641e-07
1.66752e-06
3.75662e-07
1.7758e-06
4.00847e-07
1.88213e-06
3.89337e-07
1.98211e-06
3.45976e-07
2.06828e-06
2.77456e-07
2.1347e-06
1.94808e-07
2.1808e-06
1.10239e-07
2.20948e-06
3.34089e-08
2.2226e-06
-2.32146e-08
2.22627e-06
-6.40159e-08
2.22553e-06
-8.54178e-08
2.22207e-06
-9.02858e-08
2.21612e-06
-7.97674e-08
2.21292e-06
-5.23353e-08
2.21748e-06
-1.23411e-08
2.8794e-08
5.6437e-06
-2.02982e-07
5.32563e-06
-1.95891e-07
4.98388e-06
-1.84368e-07
4.61751e-06
-1.68582e-07
4.23274e-06
-1.53049e-07
3.83939e-06
-1.40538e-07
3.44715e-06
-1.32242e-07
3.06603e-06
-1.29159e-07
2.70475e-06
-1.3029e-07
2.37009e-06
-1.33342e-07
2.0632e-06
-1.31761e-07
1.77907e-06
-1.18665e-07
1.51316e-06
-9.44742e-08
1.2648e-06
-6.39577e-08
1.04198e-06
-3.96752e-08
8.53475e-07
-2.4725e-08
7.01299e-07
-1.65826e-08
5.81579e-07
-1.59334e-08
4.86953e-07
-2.50713e-08
4.05298e-07
-4.65249e-08
3.2145e-07
-8.47717e-08
2.23278e-07
-1.30617e-07
1.06738e-07
-1.78948e-07
-2.47703e-08
-2.30699e-07
-1.69921e-07
-2.81202e-07
-3.25535e-07
-3.23143e-07
-4.85006e-07
-3.44099e-07
-6.35975e-07
-3.31555e-07
-7.61244e-07
-2.76413e-07
-8.38391e-07
-1.77888e-07
-8.45235e-07
-4.0715e-08
-7.98793e-07
8.87646e-08
-6.9894e-07
2.13453e-07
-5.61563e-07
3.09136e-07
-4.03598e-07
3.62549e-07
-2.42824e-07
3.69574e-07
-9.7247e-08
3.33946e-07
1.63658e-08
2.66222e-07
9.08908e-08
1.80146e-07
1.21987e-07
8.51583e-08
1.13689e-07
-7.12249e-09
6.9283e-08
-9.19654e-08
-5.42477e-09
-1.65697e-07
-9.97546e-08
-2.17547e-07
-2.04157e-07
-2.42541e-07
-3.08508e-07
-2.41112e-07
-4.01528e-07
-2.12886e-07
-4.69867e-07
-1.60023e-07
-5.03929e-07
-8.66821e-08
-5.00502e-07
-2.79723e-09
-4.65224e-07
7.97453e-08
-3.93562e-07
1.60099e-07
-2.91824e-07
2.27193e-07
-1.69343e-07
2.73101e-07
-3.69059e-08
2.92653e-07
9.17161e-08
2.836e-07
2.08987e-07
2.39563e-07
2.98269e-07
1.64643e-07
3.45413e-07
6.4041e-08
3.45014e-07
-4.42354e-08
2.94806e-07
-1.61628e-07
2.01145e-07
-2.67385e-07
7.83994e-08
-3.45539e-07
-5.21934e-08
-3.868e-07
-1.83691e-07
-3.78562e-07
-2.91408e-07
-3.25588e-07
-3.51967e-07
-2.32972e-07
-3.54951e-07
-1.12425e-07
-3.10427e-07
6.2817e-09
-2.22719e-07
1.10784e-07
-1.07151e-07
1.94073e-07
2.12939e-08
2.47218e-07
1.54158e-07
2.67983e-07
2.82029e-07
2.61466e-07
3.96235e-07
2.3177e-07
4.89199e-07
1.84492e-07
5.56899e-07
1.27108e-07
5.99468e-07
6.76696e-08
6.19891e-07
1.29854e-08
6.24922e-07
-2.82452e-08
6.20166e-07
-5.92596e-08
6.10974e-07
-7.62265e-08
6.00769e-07
-8.00806e-08
5.9258e-07
-7.15785e-08
5.91625e-07
-5.13795e-08
6.01588e-07
-2.2305e-08
7.86037e-09
1.62282e-06
1.29061e-08
1.41981e-06
7.1178e-09
1.23518e-06
2.71676e-10
1.07194e-06
-5.34562e-09
9.28715e-07
-9.82459e-09
8.02269e-07
-1.40932e-08
6.88409e-07
-1.83816e-08
5.81438e-07
-2.21881e-08
4.75698e-07
-2.45499e-08
3.68938e-07
-2.65819e-08
2.6297e-07
-2.57934e-08
1.64581e-07
-2.0275e-08
8.0609e-08
-1.05026e-08
1.65357e-08
1.15675e-10
-2.98329e-08
6.69342e-09
-6.35922e-08
9.03433e-09
-8.93109e-08
9.13618e-09
-1.11616e-07
6.37132e-09
-1.36105e-07
-5.82281e-10
-1.70194e-07
-1.24348e-08
-2.24065e-07
-3.09013e-08
-3.00959e-07
-5.37229e-08
-4.0085e-07
-7.9057e-08
-5.25582e-07
-1.05967e-07
-6.74351e-07
-1.32432e-07
-8.42647e-07
-1.54847e-07
-1.01934e-06
-1.6741e-07
-1.18686e-06
-1.64033e-07
-1.32353e-06
-1.39739e-07
-1.40892e-06
-9.25034e-08
-1.42128e-06
-2.83525e-08
-1.36748e-06
3.49631e-08
-1.25131e-06
9.7287e-08
-1.09015e-06
1.47971e-07
-9.054e-07
1.77803e-07
-7.20147e-07
1.84322e-07
-5.55588e-07
1.69387e-07
-4.27554e-07
1.38187e-07
-3.44165e-07
9.67573e-08
-3.07771e-07
4.87636e-08
-3.16694e-07
1.80111e-09
-3.68798e-07
-3.98615e-08
-4.57141e-07
-7.73541e-08
-5.7012e-07
-1.04568e-07
-6.93375e-07
-1.19285e-07
-8.13602e-07
-1.20886e-07
-9.17566e-07
-1.08921e-07
-9.93926e-07
-8.36634e-08
-1.03268e-06
-4.79291e-08
-1.02962e-06
-5.85666e-09
-9.83481e-07
3.36065e-08
-8.98243e-07
7.48604e-08
-7.81644e-07
1.10594e-07
-6.4437e-07
1.35827e-07
-4.98902e-07
1.47185e-07
-3.57962e-07
1.4266e-07
-2.39325e-07
1.20926e-07
-1.5783e-07
8.31479e-08
-1.2648e-07
3.26911e-08
-1.49782e-07
-2.09327e-08
-2.32046e-07
-7.93639e-08
-3.65568e-07
-1.33863e-07
-5.3579e-07
-1.75316e-07
-7.24399e-07
-1.98191e-07
-9.05051e-07
-1.97911e-07
-1.05703e-06
-1.7361e-07
-1.16172e-06
-1.28279e-07
-1.20384e-06
-7.03095e-08
-1.18734e-06
-1.02206e-08
-1.11643e-06
3.98759e-08
-1.00645e-06
8.40952e-08
-8.73342e-07
1.1411e-07
-7.33328e-07
1.27968e-07
-5.98699e-07
1.26838e-07
-4.80055e-07
1.13126e-07
-3.85622e-07
9.00591e-08
-3.20097e-07
6.1583e-08
-2.84086e-07
3.16589e-08
-2.74644e-07
3.54253e-09
-2.86397e-07
-1.6492e-08
-3.12951e-07
-3.27054e-08
-3.46877e-07
-4.23008e-08
-3.8162e-07
-4.53367e-08
-4.11073e-07
-4.21264e-08
-4.2919e-07
-3.32618e-08
-4.31466e-07
-2.0029e-08
-4.06868e-09
4.34364e-08
5.05542e-08
5.08259e-08
4.54803e-08
3.56557e-08
2.15625e-08
3.181e-09
-1.90071e-08
-4.3557e-08
-7.01389e-08
-9.59323e-08
-1.16207e-07
-1.2671e-07
-1.26594e-07
-1.19901e-07
-1.10866e-07
-1.0173e-07
-9.53587e-08
-9.5941e-08
-1.08376e-07
-1.39277e-07
-1.93e-07
-2.72057e-07
-3.78024e-07
-5.10456e-07
-6.65303e-07
-8.32713e-07
-9.96747e-07
-1.13649e-06
-1.22899e-06
-1.25734e-06
-1.22238e-06
-1.12509e-06
-9.7712e-07
-7.99317e-07
-6.14996e-07
-4.45609e-07
-3.07421e-07
-2.10664e-07
-1.619e-07
-1.60099e-07
-1.99961e-07
-2.77315e-07
-3.81883e-07
-5.01168e-07
-6.22054e-07
-7.30975e-07
-8.14639e-07
-8.62568e-07
-8.68424e-07
-8.34818e-07
-7.59957e-07
-6.49363e-07
-5.13536e-07
-3.66351e-07
-2.2369e-07
-1.02764e-07
-1.96164e-08
1.30747e-08
-7.85798e-09
-8.72218e-08
-2.21085e-07
-3.96401e-07
-5.94593e-07
-7.92503e-07
-9.66113e-07
-1.09439e-06
-1.1647e-06
-1.17492e-06
-1.13505e-06
-1.05095e-06
-9.36841e-07
-8.08873e-07
-6.82035e-07
-5.68909e-07
-4.7885e-07
-4.17267e-07
-3.85608e-07
-3.82066e-07
-3.98558e-07
-4.31263e-07
-4.73564e-07
-5.18901e-07
-5.61027e-07
-5.94289e-07
-6.14318e-07
-6.7832e-07
-1.5464e-06
-1.25832e-06
-2.26138e-06
-1.66984e-06
-3.0638e-06
-1.89015e-06
-3.70481e-06
-1.95858e-06
-4.01079e-06
-1.81457e-06
-3.85225e-06
-1.43388e-06
-3.03932e-06
-8.27704e-07
-1.66181e-06
-2.42284e-08
-6.03244e-08
8.18322e-07
1.55153e-06
1.61807e-06
2.92209e-06
2.28142e-06
3.99015e-06
2.76106e-06
4.76148e-06
3.0482e-06
5.30747e-06
3.16871e-06
5.67779e-06
3.16644e-06
5.90911e-06
3.12377e-06
5.98753e-06
3.13882e-06
5.83233e-06
3.33108e-06
5.27015e-06
3.78883e-06
4.25e-06
4.48195e-06
2.84165e-06
5.29035e-06
1.25819e-06
6.09164e-06
-2.58667e-07
6.81241e-06
-1.56613e-06
7.41373e-06
-2.60794e-06
7.88348e-06
-3.38004e-06
8.2256e-06
-3.90397e-06
8.45249e-06
-4.21829e-06
8.58182e-06
-4.37229e-06
8.63463e-06
-4.41824e-06
8.62652e-06
-4.39093e-06
8.56148e-06
-4.30051e-06
8.45181e-06
-4.18702e-06
8.29873e-06
-4.08677e-06
8.10114e-06
-4.02704e-06
7.86868e-06
-4.01762e-06
7.62381e-06
-4.03648e-06
7.39613e-06
-4.027e-06
7.22043e-06
-3.9116e-06
7.1281e-06
-3.61825e-06
7.13583e-06
-3.10598e-06
7.24233e-06
-2.38448e-06
7.43122e-06
-1.51069e-06
7.6721e-06
-5.71302e-07
7.93573e-06
3.39905e-07
8.19935e-06
1.16346e-06
8.44457e-06
1.86587e-06
8.65845e-06
2.43206e-06
8.83301e-06
2.86223e-06
8.96587e-06
3.16948e-06
9.05731e-06
3.37375e-06
9.10982e-06
3.49674e-06
9.12752e-06
3.56381e-06
9.11081e-06
3.59716e-06
9.06099e-06
3.61636e-06
8.98485e-06
3.63355e-06
8.89073e-06
3.65253e-06
8.78697e-06
3.66576e-06
8.68127e-06
3.65332e-06
8.58458e-06
3.58014e-06
8.50728e-06
3.41278e-06
8.45598e-06
3.12889e-06
8.43462e-06
2.71917e-06
8.44493e-06
2.19017e-06
8.4864e-06
1.56401e-06
8.5557e-06
8.76392e-07
8.64477e-06
1.74377e-07
8.74598e-06
-4.98187e-07
8.85165e-06
-1.11438e-06
8.95446e-06
-1.65477e-06
9.04825e-06
-2.10722e-06
9.12807e-06
-2.46907e-06
9.19047e-06
-2.74364e-06
9.23318e-06
-2.93895e-06
9.25486e-06
-3.06778e-06
9.25495e-06
-3.14369e-06
9.23172e-06
-3.17707e-06
9.18447e-06
-3.17908e-06
9.11814e-06
-3.16098e-06
9.03739e-06
-3.1282e-06
8.94809e-06
-3.07686e-06
8.85675e-06
-2.99666e-06
8.76877e-06
-2.87463e-06
8.68903e-06
-2.69768e-06
-2.45577e-06
-8.84448e-07
-6.6195e-07
-1.53296e-06
-1.61286e-06
-2.02735e-06
-2.5694e-06
-2.36128e-06
-3.37087e-06
-2.56108e-06
-3.81099e-06
-2.59725e-06
-3.81608e-06
-2.39684e-06
-3.23973e-06
-1.88597e-06
-2.17267e-06
-1.19725e-06
-7.49049e-07
-3.58616e-07
7.12896e-07
4.75701e-07
2.08777e-06
1.20394e-06
3.26192e-06
1.7872e-06
4.17822e-06
2.22027e-06
4.8744e-06
2.52168e-06
5.37638e-06
2.73837e-06
5.69242e-06
2.9591e-06
5.7668e-06
3.3181e-06
5.47334e-06
3.89076e-06
4.69749e-06
4.67294e-06
3.46782e-06
5.57754e-06
1.93706e-06
6.47366e-06
3.62066e-07
7.26704e-06
-1.05205e-06
7.91437e-06
-2.21346e-06
8.40265e-06
-3.09622e-06
8.74186e-06
-3.71925e-06
8.95342e-06
-4.11554e-06
9.06076e-06
-4.32562e-06
9.08486e-06
-4.39639e-06
9.03999e-06
-4.37337e-06
8.9352e-06
-4.28614e-06
8.79574e-06
-4.16104e-06
8.63458e-06
-4.02587e-06
8.44668e-06
-3.89887e-06
8.22161e-06
-3.80197e-06
7.95769e-06
-3.7537e-06
7.6705e-06
-3.7493e-06
7.38943e-06
-3.74593e-06
7.14997e-06
-3.67213e-06
6.98536e-06
-3.45365e-06
6.92004e-06
-3.04066e-06
6.96118e-06
-2.42562e-06
7.09806e-06
-1.64756e-06
7.30506e-06
-7.7831e-07
7.55102e-06
9.39494e-08
7.8126e-06
9.01877e-07
8.06993e-06
1.60854e-06
8.3075e-06
2.19449e-06
8.5143e-06
2.65543e-06
8.68434e-06
2.99944e-06
8.81551e-06
3.24258e-06
8.90786e-06
3.4044e-06
8.96411e-06
3.50756e-06
8.98646e-06
3.57481e-06
8.97724e-06
3.62558e-06
8.94154e-06
3.66925e-06
8.8882e-06
3.70587e-06
8.82758e-06
3.72637e-06
8.76429e-06
3.71661e-06
8.71118e-06
3.63326e-06
8.67843e-06
3.44553e-06
8.67e-06
3.13732e-06
8.68823e-06
2.70093e-06
8.7335e-06
2.1449e-06
8.804e-06
1.49351e-06
8.89498e-06
7.85412e-07
8.99685e-06
7.25027e-08
9.10219e-06
-6.03521e-07
9.2034e-06
-1.21559e-06
9.29387e-06
-1.74523e-06
9.36885e-06
-2.18221e-06
9.42496e-06
-2.52518e-06
9.4603e-06
-2.77898e-06
9.47427e-06
-2.95292e-06
9.46657e-06
-3.06009e-06
9.43519e-06
-3.11231e-06
9.3775e-06
-3.11938e-06
9.29578e-06
-3.09736e-06
9.19496e-06
-3.06016e-06
9.08032e-06
-3.01355e-06
8.9581e-06
-2.95463e-06
8.8348e-06
-2.87337e-06
8.71618e-06
-2.75601e-06
8.60716e-06
-2.58866e-06
8.51202e-06
-2.36063e-06
8.43435e-06
-2.06683e-06
-1.70877e-06
-7.98236e-07
1.36285e-07
-1.31849e-06
-1.09261e-06
-1.8193e-06
-2.06859e-06
-2.25483e-06
-2.93534e-06
-2.56021e-06
-3.50561e-06
-2.71688e-06
-3.6594e-06
-2.6277e-06
-3.32891e-06
-2.26502e-06
-2.53536e-06
-1.67015e-06
-1.34392e-06
-9.38948e-07
-1.83058e-08
-1.48655e-07
1.29748e-06
5.93622e-07
2.51964e-06
1.24703e-06
3.52481e-06
1.80448e-06
4.31695e-06
2.29032e-06
4.89054e-06
2.77372e-06
5.20902e-06
3.35572e-06
5.1848e-06
4.10316e-06
4.72589e-06
5.00757e-06
3.79308e-06
6.01311e-06
2.46228e-06
7.00475e-06
9.45422e-07
7.87059e-06
-5.03779e-07
8.56245e-06
-1.74391e-06
9.06915e-06
-2.72016e-06
9.40315e-06
-3.43022e-06
9.58814e-06
-3.90424e-06
9.65675e-06
-4.18414e-06
9.63872e-06
-4.30759e-06
9.54641e-06
-4.30409e-06
9.39633e-06
-4.22329e-06
9.21068e-06
-4.10049e-06
9.01172e-06
-3.96208e-06
8.80735e-06
-3.8215e-06
8.59323e-06
-3.68475e-06
8.35453e-06
-3.56327e-06
8.07785e-06
-3.47701e-06
7.76657e-06
-3.43802e-06
7.44602e-06
-3.42538e-06
7.15425e-06
-3.38037e-06
6.92878e-06
-3.22817e-06
6.79743e-06
-2.90931e-06
6.77465e-06
-2.40284e-06
6.85749e-06
-1.7304e-06
7.02549e-06
-9.46312e-07
7.2474e-06
-1.27955e-07
7.49846e-06
6.50809e-07
7.75824e-06
1.34877e-06
8.00962e-06
1.94311e-06
8.23951e-06
2.42554e-06
8.43943e-06
2.79952e-06
8.6048e-06
3.07721e-06
8.73343e-06
3.27577e-06
8.82541e-06
3.41557e-06
8.883e-06
3.51723e-06
8.9112e-06
3.59737e-06
8.91685e-06
3.6636e-06
8.90864e-06
3.71408e-06
8.8944e-06
3.74061e-06
8.87837e-06
3.73265e-06
8.87249e-06
3.63914e-06
8.8869e-06
3.43112e-06
8.92391e-06
3.10031e-06
8.984e-06
2.64084e-06
9.06578e-06
2.06312e-06
9.16596e-06
1.39333e-06
9.2774e-06
6.73977e-07
9.38985e-06
-3.99553e-08
9.4958e-06
-7.09468e-07
9.58822e-06
-1.30801e-06
9.66179e-06
-1.8188e-06
9.71338e-06
-2.2338e-06
9.74166e-06
-2.55346e-06
9.74681e-06
-2.78413e-06
9.7297e-06
-2.93581e-06
9.68951e-06
-3.0199e-06
9.62269e-06
-3.04549e-06
9.52975e-06
-3.02644e-06
9.41452e-06
-2.98213e-06
9.28112e-06
-2.92676e-06
9.13469e-06
-2.86713e-06
8.98147e-06
-2.80141e-06
8.82818e-06
-2.72008e-06
8.68107e-06
-2.6089e-06
8.54541e-06
-2.453e-06
8.42556e-06
-2.24078e-06
8.32524e-06
-1.96651e-06
-1.63104e-06
-1.54377e-07
2.90663e-07
-3.26948e-07
-9.20043e-07
-4.56985e-07
-1.93855e-06
-7.34948e-07
-2.65738e-06
-1.11216e-06
-3.1284e-06
-1.48434e-06
-3.28723e-06
-1.71136e-06
-3.10189e-06
-1.69449e-06
-2.55222e-06
-1.37137e-06
-1.66704e-06
-8.42579e-07
-5.471e-07
-1.83218e-07
6.3812e-07
5.28822e-07
1.8076e-06
1.247e-06
2.80663e-06
1.96398e-06
3.59996e-06
2.70693e-06
4.14759e-06
3.52593e-06
4.39001e-06
4.45639e-06
4.25435e-06
5.49278e-06
3.68949e-06
6.58985e-06
2.69601e-06
7.66228e-06
1.38986e-06
8.59575e-06
1.19424e-08
9.32771e-06
-1.23574e-06
9.8469e-06
-2.2631e-06
1.01688e-05
-3.04205e-06
1.03251e-05
-3.58648e-06
1.03523e-05
-3.93151e-06
1.02794e-05
-4.11124e-06
1.01279e-05
-4.15611e-06
9.92642e-06
-4.10257e-06
9.69711e-06
-3.99398e-06
9.457e-06
-3.86037e-06
9.2156e-06
-3.72069e-06
8.97703e-06
-3.58293e-06
8.73954e-06
-3.44727e-06
8.49226e-06
-3.31598e-06
8.21694e-06
-3.2017e-06
7.90219e-06
-3.12326e-06
7.56088e-06
-3.08407e-06
7.229e-06
-3.04849e-06
6.95071e-06
-2.94988e-06
6.76123e-06
-2.71984e-06
6.67714e-06
-2.31875e-06
6.70312e-06
-1.75638e-06
6.82739e-06
-1.07058e-06
7.02012e-06
-3.20686e-07
7.25389e-06
4.17034e-07
7.50822e-06
1.09444e-06
7.76491e-06
1.68642e-06
8.00945e-06
2.181e-06
8.23134e-06
2.57763e-06
8.42392e-06
2.88463e-06
8.58339e-06
3.1163e-06
8.70878e-06
3.29018e-06
8.80226e-06
3.42375e-06
8.86909e-06
3.53054e-06
8.91656e-06
3.61614e-06
8.95167e-06
3.67896e-06
8.98047e-06
3.71182e-06
9.01587e-06
3.69724e-06
9.06389e-06
3.59112e-06
9.1287e-06
3.36631e-06
9.21305e-06
3.01595e-06
9.3161e-06
2.5378e-06
9.4349e-06
1.94432e-06
9.56405e-06
1.26418e-06
9.69378e-06
5.44239e-07
9.81366e-06
-1.59834e-07
9.91625e-06
-8.12057e-07
9.99572e-06
-1.38748e-06
1.00485e-05
-1.87159e-06
1.00735e-05
-2.25876e-06
1.00714e-05
-2.55139e-06
1.00441e-05
-2.75681e-06
9.99285e-06
-2.88457e-06
9.91599e-06
-2.94305e-06
9.81199e-06
-2.94148e-06
9.68458e-06
-2.89904e-06
9.53696e-06
-2.8345e-06
9.37268e-06
-2.76249e-06
9.19651e-06
-2.69096e-06
9.01451e-06
-2.61941e-06
8.83358e-06
-2.53914e-06
8.66042e-06
-2.43574e-06
8.50074e-06
-2.29331e-06
8.35908e-06
-2.09912e-06
8.23911e-06
-1.84654e-06
-1.53576e-06
1.47268e-06
2.06765e-06
2.26577e-06
2.17389e-06
1.82292e-06
1.30892e-06
7.70479e-07
3.70157e-07
2.3409e-07
4.0762e-07
8.21566e-07
1.43678e-06
2.17992e-06
3.02562e-06
3.97258e-06
5.01624e-06
6.1293e-06
7.2697e-06
8.38178e-06
9.36798e-06
1.01387e-05
1.06719e-05
1.09828e-05
1.11078e-05
1.10898e-05
1.09639e-05
1.07571e-05
1.04987e-05
1.022e-05
9.93932e-06
9.66507e-06
9.39825e-06
9.13798e-06
8.88356e-06
8.62975e-06
8.36216e-06
8.06184e-06
7.72301e-06
7.3694e-06
7.04608e-06
6.79923e-06
6.65867e-06
6.62644e-06
6.69885e-06
6.85885e-06
7.07176e-06
7.31514e-06
7.57063e-06
7.82275e-06
8.0596e-06
8.27296e-06
8.45798e-06
8.61331e-06
8.74113e-06
8.84645e-06
8.935e-06
9.01246e-06
9.08736e-06
9.17479e-06
9.27781e-06
9.39526e-06
9.52823e-06
9.67448e-06
9.82935e-06
9.98524e-06
1.01293e-05
1.02518e-05
1.03462e-05
1.04084e-05
1.0437e-05
1.04331e-05
1.03995e-05
1.03387e-05
1.02514e-05
1.01361e-05
9.99645e-06
9.8359e-06
9.6574e-06
9.46425e-06
9.26082e-06
9.05282e-06
8.84711e-06
8.65066e-06
8.46964e-06
8.30891e-06
8.17211e-06
)
;

boundaryField
{
    inlet
    {
        type            calculated;
        value           nonuniform List<scalar> 0();
    }
    outlet
    {
        type            calculated;
        value           nonuniform List<scalar> 0();
    }
    topWall
    {
        type            calculated;
        value           uniform 0;
    }
    lowerWall
    {
        type            calculated;
        value           nonuniform List<scalar> 0();
    }
    leadingEdge
    {
        type            calculated;
        value           nonuniform List<scalar> 0();
    }
    trailingEdge
    {
        type            calculated;
        value           uniform 0;
    }
    upperSurface
    {
        type            calculated;
        value           uniform 0;
    }
    lowerSurface
    {
        type            calculated;
        value           nonuniform List<scalar> 0();
    }
    frontAndBack
    {
        type            empty;
        value           nonuniform List<scalar> 0();
    }
    procBoundary5to1
    {
        type            processor;
        value           nonuniform List<scalar> 
88
(
2.22472e-06
2.84137e-06
3.47532e-06
3.92512e-06
4.07922e-06
3.70824e-06
2.65863e-06
1.05563e-06
-7.43151e-07
-2.39408e-06
-3.72184e-06
-4.6535e-06
-5.24113e-06
-5.5946e-06
-5.7983e-06
-5.90684e-06
-5.94486e-06
-5.84738e-06
-5.46241e-06
-4.70775e-06
-3.53477e-06
-2.06659e-06
-5.4263e-07
8.45361e-07
2.00662e-06
2.91029e-06
3.56185e-06
3.9914e-06
4.24295e-06
4.36544e-06
4.39904e-06
4.36555e-06
4.2967e-06
4.23984e-06
4.22462e-06
4.25009e-06
4.28135e-06
4.25468e-06
4.0873e-06
3.71057e-06
3.09826e-06
2.27798e-06
1.3218e-06
3.30414e-07
-6.03533e-07
-1.42708e-06
-2.11109e-06
-2.64594e-06
-3.03679e-06
-3.30235e-06
-3.46519e-06
-3.54925e-06
-3.58151e-06
-3.58045e-06
-3.56654e-06
-3.55741e-06
-3.55841e-06
-3.562e-06
-3.54762e-06
-3.48346e-06
-3.33548e-06
-3.07758e-06
-2.69781e-06
-2.20048e-06
-1.60548e-06
-9.45688e-07
-2.63449e-07
3.96971e-07
1.00872e-06
1.55195e-06
2.01343e-06
2.38925e-06
2.68124e-06
2.89625e-06
3.0461e-06
3.1436e-06
3.2003e-06
3.22633e-06
3.22731e-06
3.20895e-06
3.16615e-06
3.088e-06
2.96261e-06
2.77743e-06
2.52321e-06
8.62159e-06
2.1445e-06
1.76619e-06
)
;
    }
    procBoundary5to4
    {
        type            processor;
        value           nonuniform List<scalar> 
21
(
1.29782e-06
4.71445e-07
-1.89098e-06
-5.60044e-06
-9.36239e-06
-1.10843e-05
-1.17649e-05
-1.19218e-05
-1.19253e-05
-1.1878e-05
-1.18406e-05
-1.18096e-05
-1.17797e-05
-1.17531e-05
-1.17302e-05
2.0966e-07
-1.17048e-05
-1.16532e-05
-1.1399e-05
-1.03329e-05
-6.18531e-06
)
;
    }
    procBoundary5to6
    {
        type            processor;
        value           nonuniform List<scalar> 
24
(
7.99765e-06
7.94609e-06
7.90299e-06
7.86451e-06
7.82787e-06
7.79237e-06
7.76103e-06
7.74016e-06
7.74141e-06
7.78779e-06
7.87564e-06
7.92018e-06
7.83258e-06
7.41909e-06
6.15972e-06
4.21152e-06
2.23586e-06
6.22522e-07
-4.19537e-07
-6.18386e-07
8.37694e-06
8.24751e-06
8.14383e-06
8.06204e-06
)
;
    }
}


// ************************************************************************* //
