/*--------------------------------*- C++ -*----------------------------------*\
| =========                 |                                                 |
| \\      /  F ield         | OpenFOAM: The Open Source CFD Toolbox           |
|  \\    /   O peration     | Version:  2206                                  |
|   \\  /    A nd           | Website:  www.openfoam.com                      |
|    \\/     M anipulation  |                                                 |
\*---------------------------------------------------------------------------*/
FoamFile
{
    version     2.0;
    format      ascii;
    arch        "LSB;label=32;scalar=64";
    class       surfaceScalarField;
    location    "18.8001";
    object      ddtCorrDdt0(phi);
}
// * * * * * * * * * * * * * * * * * * * * * * * * * * * * * * * * * * * * * //

dimensions      [0 3 -2 0 0 0 0];

oriented        oriented;

internalField   nonuniform List<scalar> 
5978
(
0.000109893
0.000251488
-0.000297543
0.000158779
0.000155141
-0.000204027
0.000207686
6.16461e-05
-0.000110553
0.000249544
-1.42927e-05
-2.75648e-05
0.000283631
-6.84702e-05
3.43836e-05
0.000308777
-0.000100592
7.54455e-05
0.0003241
-0.000114381
9.90574e-05
0.000328894
-0.000116634
0.00011184
0.000324046
-0.000116819
0.000121667
0.000311065
-0.000123827
0.000136807
0.000290498
-0.000142385
0.000162953
0.000263211
-0.000174194
0.000201481
0.000231274
-0.000217269
0.000249206
0.000196234
-0.000266213
0.000301253
0.000159044
-0.000315153
0.000352343
0.000120401
-0.000359219
0.000397862
8.10203e-05
-0.000394773
0.000434153
4.18773e-05
-0.000419032
0.000458175
4.6335e-06
-0.000429448
0.000466692
-3.0233e-05
-0.000425878
0.000460745
-6.19953e-05
-0.000411764
0.000443526
-9.00135e-05
-0.000387972
0.00041599
-0.000113843
-0.000355817
0.000379647
-0.000133315
-0.000316906
0.000336378
-0.000148547
-0.000272937
0.000288169
-0.000160079
-0.000225392
0.000236925
-0.000168885
-0.0001752
0.000184006
-0.000176414
-0.000122332
0.000129861
-0.00018379
-6.53738e-05
7.27498e-05
-0.000189836
-3.46897e-06
9.51516e-06
-0.000193451
6.1082e-05
-5.74675e-05
-0.000194767
0.000127408
-0.000126092
-0.00019388
0.000193819
-0.000194706
-0.000190828
0.000258583
-0.000261634
-0.000185528
0.000320082
-0.000325383
-0.000177768
0.000376389
-0.000384149
-0.000167073
0.00042491
-0.000435606
-0.00015238
0.000461819
-0.000476513
-0.000131503
0.000480916
-0.000501792
-0.000105985
0.000479097
-0.000504615
-7.7293e-05
0.00046174
-0.000490432
-4.62701e-05
0.000430255
-0.000461278
-1.38354e-05
0.000386927
-0.000419362
1.90616e-05
0.000334563
-0.00036746
5.16172e-05
0.000276212
-0.000308768
8.37159e-05
0.000214275
-0.000246374
0.000116381
0.000149837
-0.000182502
0.0001488
8.5411e-05
-0.00011783
0.000176711
2.70084e-05
-5.49193e-05
0.00019811
-2.14319e-05
3.26725e-08
0.000212409
-6.02612e-05
4.59623e-05
0.000219182
-9.11742e-05
8.44009e-05
0.000218585
-0.00011713
0.000117727
0.000211406
-0.000141586
0.000148765
0.000198964
-0.000167374
0.000179817
0.000182559
-0.000195548
0.000211953
0.000163194
-0.000225562
0.000244927
0.000141472
-0.000255796
0.000277518
0.000117769
-0.000284326
0.000308029
9.24064e-05
-0.000309172
0.000334534
6.581e-05
-0.000328259
0.000354855
3.87103e-05
-0.000338912
0.000366011
1.22916e-05
-0.000339619
0.000366037
-1.28164e-05
-0.00033226
0.000357368
-3.59905e-05
-0.000317037
0.000340211
-5.66581e-05
-0.000294542
0.00031521
-7.43718e-05
-0.000265752
0.000283466
-8.89211e-05
-0.000231944
0.000246493
-0.000100443
-0.000194482
0.000206004
-0.000109486
-0.000154481
0.000163524
-0.000117127
-0.000112266
0.000119907
-0.000124572
-6.68316e-05
7.42766e-05
-0.000131055
-1.72329e-05
2.37165e-05
-0.000135219
3.41866e-05
-3.0023e-05
-0.000137199
8.64012e-05
-8.44213e-05
-0.000137185
0.000137967
-0.000137981
-0.000135449
0.000187498
-0.000189234
-0.000132163
0.000233986
-0.000237272
-0.000127364
0.000276421
-0.00028122
-0.000120905
0.000313523
-0.000319983
-0.000112241
0.000343242
-0.000351906
-9.98691e-05
0.000361746
-0.000374118
-8.319e-05
0.000364544
-0.000381223
-6.39805e-05
0.000355187
-0.000374397
-4.26044e-05
0.00033529
-0.000356666
-1.9739e-05
0.000306264
-0.000329129
3.81361e-06
0.000269983
-0.000293536
2.72199e-05
0.000228716
-0.000252122
4.98193e-05
0.000184687
-0.000207286
7.15598e-05
0.000139359
-0.000161099
9.3398e-05
9.27424e-05
-0.000114581
0.000114718
4.60462e-05
-6.7366e-05
0.000132168
3.33731e-06
-2.07874e-05
0.000144868
-3.40154e-05
2.13153e-05
0.000152439
-6.6435e-05
5.88642e-05
0.000154719
-9.47989e-05
9.25186e-05
0.000152105
-0.000120372
0.000122987
0.000145359
-0.000144308
0.000151054
0.000135285
-0.000167305
0.00017738
0.00012256
-0.00018948
0.000202205
0.000107697
-0.000210405
0.000225267
9.10685e-05
-0.000229286
0.000245915
7.29675e-05
-0.000245052
0.000263153
5.36575e-05
-0.000256202
0.000275512
3.38218e-05
-0.000260617
0.000280453
1.43896e-05
-0.000259183
0.000278615
-4.19361e-06
-0.000251948
0.000270531
-2.14688e-05
-0.000239055
0.00025633
-3.70156e-05
-0.000220917
0.000236464
-5.04974e-05
-0.000198231
0.000211713
-6.17321e-05
-0.000171897
0.000183131
-7.08008e-05
-0.000142858
0.000151926
-7.81826e-05
-0.000111831
0.000119213
-8.48309e-05
-7.88896e-05
8.55379e-05
-9.15792e-05
-4.30185e-05
4.97668e-05
-9.735e-05
-3.95865e-06
9.72942e-06
-0.000101376
3.61656e-05
-3.21399e-05
-0.000103606
7.67589e-05
-7.45286e-05
-0.000104142
0.000116535
-0.000115999
-0.000103195
0.000154359
-0.000155306
-0.000100907
0.000189368
-0.000191656
0.000220636
-0.00022424
0.000146628
0.000197586
0.000202021
9.97472e-05
0.000251031
1.26369e-05
0.000292088
-5.53504e-05
0.000324059
-0.000100441
0.000345832
-0.000122365
0.000356401
-0.00012495
0.00035631
-0.000116543
0.00034758
-0.000108089
0.000331268
-0.000107514
0.000308002
-0.000119119
0.000278262
-0.000144453
0.000243417
-0.000182424
0.000205491
-0.000228287
0.000165799
-0.000275461
0.000125099
-0.000318519
8.39953e-05
-0.000353669
4.32779e-05
-0.000378315
4.44829e-06
-0.000390619
-3.20207e-05
-0.000389409
-6.564e-05
-0.000378144
-9.58392e-05
-0.000357773
-0.00012219
-0.000329467
-0.000144507
-0.000294589
-0.000162902
-0.000254542
-0.000177921
-0.000210374
-0.000190491
-0.000162629
-0.000201715
-0.000111109
-0.000211756
-5.5332e-05
-0.00021942
4.19457e-06
-0.000224382
6.60444e-05
-0.000226496
0.000129522
-0.000225654
0.000192977
-0.00022183
0.000254759
-0.000214956
0.000313208
-0.000204795
0.000366228
-0.00019063
0.000410745
-0.000170805
0.000441994
-0.000143421
0.000453532
-0.000111792
0.000447468
-7.69135e-05
0.000426861
-3.99769e-05
0.000393319
-2.08208e-06
0.000349032
3.57773e-05
0.000296704
7.32059e-05
0.000238784
0.000110954
0.000176527
0.000148907
0.000111884
0.000183333
5.09848e-05
0.000210781
-4.39816e-07
0.000230476
-4.11267e-05
0.000241917
-7.17025e-05
0.000245154
-9.44104e-05
0.000240723
-0.0001127
0.000229888
-0.000130751
0.00021408
-0.000151566
0.00019467
-0.000176138
0.000172732
-0.000203624
0.000148724
-0.000231788
0.000122958
-0.000258561
9.57253e-05
-0.000281939
6.73894e-05
-0.000299923
3.87083e-05
-0.00031023
1.07325e-05
-0.000311643
-1.59472e-05
-0.00030558
-4.07456e-05
-0.000292239
-6.31348e-05
-0.000272153
-8.27236e-05
-0.000246163
-9.93603e-05
-0.000215307
-0.000113227
-0.000180615
-0.000124914
-0.000142794
-0.000135331
-0.00010185
-0.000144825
-5.73371e-05
-0.000152318
-9.74011e-06
-0.000157404
3.92728e-05
-0.000160055
8.90516e-05
-0.000160303
0.000138216
-0.000158311
0.000185506
-0.000154202
0.000229877
-0.000147988
0.000270206
-0.000139411
0.000304946
-0.000127587
0.000331418
-0.00011048
0.00034464
-8.93444e-05
0.000343408
-6.53246e-05
0.000331168
-3.92425e-05
0.000309208
-1.20561e-05
0.000279078
1.53047e-05
0.000242622
4.20354e-05
0.000201985
6.7865e-05
0.000158857
9.35774e-05
0.000113646
0.000118767
6.75529e-05
0.000140496
2.43171e-05
0.000157096
-1.32626e-05
0.000168111
-4.50301e-05
0.000173315
-7.1639e-05
0.000172909
-9.43935e-05
0.000167543
-0.000115006
0.000158126
-0.000134891
0.000145579
-0.000154759
0.000130642
-0.000174543
0.000113813
-0.000193576
9.54015e-05
-0.000210874
7.56578e-05
-0.000225309
5.47635e-05
-0.000235307
3.36285e-05
-0.000239482
1.28839e-05
-0.000238438
-7.01351e-06
-0.00023205
-2.56208e-05
-0.000220448
-4.25398e-05
-0.000203998
-5.74792e-05
-0.000183292
-7.03284e-05
-0.000159047
-8.12471e-05
-0.000131939
-9.07417e-05
-0.000102337
-9.95626e-05
-7.00687e-05
-0.000107715
-3.48658e-05
-0.000114088
2.41369e-06
-0.000118637
4.07151e-05
-0.000121218
7.93394e-05
-0.000121829
0.000117146
-0.000120595
0.000153125
-0.000117586
0.000186359
0.000215784
0.000188125
0.000135667
0.000245076
4.27963e-05
0.000293461
-3.57479e-05
0.000332294
-9.4183e-05
0.00036056
-0.000128707
0.00037737
-0.000139175
0.00038245
-0.00013003
0.00037782
-0.000111913
0.000365222
-9.54913e-05
0.000345575
-8.78674e-05
0.000319664
-9.3208e-05
0.000287946
-0.000112736
0.000250988
-0.000145466
0.000210702
-0.000188
0.000168817
-0.000233576
0.000126374
-0.000276077
8.39274e-05
-0.000311222
4.20586e-05
-0.000336446
1.94958e-06
-0.00035051
-3.55441e-05
-0.000351916
-7.05082e-05
-0.00034318
-0.000102406
-0.000325875
-0.000130837
-0.000301036
-0.000155607
-0.000269818
-0.000176896
-0.000233253
-0.000195199
-0.000192071
-0.000211258
-0.000146569
-0.000225581
-9.6786e-05
-0.000237698
-4.32148e-05
-0.000246737
1.32337e-05
-0.000252702
7.20088e-05
-0.000255244
0.000132064
-0.000254182
0.000191915
-0.000249483
0.00025006
-0.000241077
0.000304803
-0.000228593
0.000353744
-0.00021079
0.000392942
-0.000184862
0.000416066
-0.000151618
0.000420288
-0.000113913
0.000409763
-7.30552e-05
0.000386003
-3.05693e-05
0.000350833
1.23893e-05
0.000306074
5.51592e-05
0.000253934
9.82278e-05
0.000195715
0.000142078
0.000132677
0.000183412
7.05506e-05
0.000217947
1.64494e-05
0.000244131
-2.6624e-05
0.000260999
-5.79944e-05
0.000268213
-7.89168e-05
0.000266257
-9.24539e-05
0.000257132
-0.000103575
0.000242875
-0.000116493
0.00022446
-0.000133152
0.00020263
-0.000154308
0.000178246
-0.000179241
0.000152169
-0.000205711
0.000124676
-0.000231068
9.59494e-05
-0.000253212
6.63036e-05
-0.000270277
3.65146e-05
-0.000280441
7.45957e-06
-0.000282588
-2.03366e-05
-0.000277784
-4.63458e-05
-0.000266229
-7.01043e-05
-0.000248395
-9.12882e-05
-0.000224979
-0.000109806
-0.000196789
-0.000125873
-0.000164548
-0.000140032
-0.000128635
-0.000152773
-8.91086e-05
-0.000163758
-4.63525e-05
-0.000172101
-1.39687e-06
-0.000177891
4.50628e-05
-0.000180956
9.21168e-05
-0.00018126
0.000138519
-0.000178893
0.00018314
-0.00017392
0.000224904
-0.000166255
0.000262542
-0.000155384
0.000294075
-0.000139619
0.000315653
-0.000117931
0.000322952
-9.23155e-05
0.000317792
-6.34637e-05
0.000302316
-3.27495e-05
0.000278494
-1.61965e-06
0.000247948
2.90757e-05
0.000211927
5.89956e-05
0.000172065
8.87106e-05
0.000129142
0.000118169
8.41881e-05
0.000144633
4.10888e-05
0.000165582
3.36789e-06
0.000180372
-2.80527e-05
0.000188726
-5.3384e-05
0.000190861
-7.37735e-05
0.000187237
-9.07697e-05
0.000178804
-0.000106573
0.000166684
-0.000122772
0.000151861
-0.000139936
0.000135049
-0.00015773
0.000116628
-0.000175156
9.67936e-05
-0.000191039
7.57499e-05
-0.000204265
5.37147e-05
-0.000213272
3.16541e-05
-0.000217421
9.97828e-06
-0.000216762
-1.08764e-05
-0.000211196
-3.04975e-05
-0.000200827
-4.8528e-05
-0.000185967
-6.47318e-05
-0.000167088
-7.90663e-05
-0.000144713
-9.17521e-05
-0.000119253
-0.000103236
-9.08529e-05
-0.000113744
-5.95607e-05
-0.000122764
-2.58458e-05
-0.000129718
9.36747e-06
-0.000134643
4.56402e-05
-0.000137386
8.20822e-05
-0.00013792
0.00011768
-0.000136281
0.000151487
-0.000132425
0.000182502
0.000209425
0.000231824
6.99448e-05
0.000288252
-1.36311e-05
0.000334152
-8.16484e-05
0.000368591
-0.000128621
0.000391006
-0.000151122
0.000400774
-0.000148944
0.000399997
-0.000129253
0.00039122
-0.000103136
0.000375227
-7.94982e-05
0.000352833
-6.5473e-05
0.000324853
-6.52285e-05
0.000291792
-7.96747e-05
0.000253804
-0.000107477
0.000211852
-0.000146049
0.0001684
-0.000190124
0.000124548
-0.000232225
8.10483e-05
-0.000267723
3.83715e-05
-0.000293769
-2.71336e-06
-0.000309425
-4.08931e-05
-0.000313736
-7.67038e-05
-0.00030737
-0.000109816
-0.000292763
-0.000139888
-0.000270965
-0.000166778
-0.000242928
-0.00019066
-0.00020937
-0.000211953
-0.000170779
-0.000231005
-0.000127517
-0.000247533
-8.02578e-05
-0.00026099
-2.97582e-05
-0.000271179
2.34224e-05
-0.000277782
7.86117e-05
-0.000280413
0.000134695
-0.00027893
0.000190432
-0.000273329
0.000244459
-0.000263459
0.000294933
-0.000248486
0.00033877
-0.000225865
0.000370322
-0.00019395
0.00038415
-0.000155451
0.00038179
-0.000111653
0.000365965
-6.49188e-05
0.000339269
-1.73389e-05
0.000303253
3.02365e-05
0.000258498
7.83326e-05
0.000205838
0.000127992
0.000146056
0.000176361
8.43071e-05
0.000218579
2.83328e-05
0.000252175
-1.7146e-05
0.000275479
-4.99289e-05
0.000287687
-7.02016e-05
0.00028892
-8.01506e-05
0.000281559
-8.50923e-05
0.00026836
-9.03763e-05
0.000250676
-9.88092e-05
0.000229461
-0.000111937
0.000205381
-0.000130228
0.000179112
-0.000152971
0.000151434
-0.000178034
0.000122704
-0.000202337
9.29814e-05
-0.00022349
6.25408e-05
-0.000239836
3.21245e-05
-0.000250025
2.46181e-06
-0.000252925
-2.60195e-05
-0.000249303
-5.28591e-05
-0.00023939
-7.76649e-05
-0.000223589
-0.000100191
-0.000202454
-0.000120406
-0.000176574
-0.000138525
-0.000146429
-0.000154852
-0.000112308
-0.000169188
-7.4773e-05
-0.000180999
-3.45412e-05
-0.000190092
7.6959e-06
-0.000196355
5.13259e-05
-0.000199592
9.53532e-05
-0.000199768
0.000138696
-0.000196931
0.000180303
-0.000191046
0.000219019
-0.000181745
0.00025324
-0.000167881
0.000280211
-0.000147283
0.000295055
-0.000121356
0.000297025
-9.13076e-05
0.000287743
-5.78034e-05
0.000268812
-2.25441e-05
0.000243234
1.17898e-05
0.000213614
4.52264e-05
0.00017849
7.90029e-05
0.000138289
0.00011308
9.50653e-05
0.000144521
5.2747e-05
0.000170327
1.52827e-05
0.000189345
-1.56508e-05
0.000201097
-3.98042e-05
0.000205666
-5.79533e-05
0.000203469
-7.15761e-05
0.000195923
-8.32236e-05
0.000184656
-9.53055e-05
0.000170565
-0.000108681
0.000154193
-0.000123564
0.000135956
-0.000139493
0.000116223
-0.000155423
9.52744e-05
-0.000170091
7.32637e-05
-0.000182254
5.06102e-05
-0.000190619
2.79729e-05
-0.000194784
5.71354e-06
-0.000194503
-1.57804e-05
-0.000189702
-3.61398e-05
-0.000180467
-5.50639e-05
-0.000167043
-7.23818e-05
-0.00014977
-8.81118e-05
-0.000128983
-0.000102463
-0.000104902
-0.00011557
-7.77462e-05
-0.00012711
-4.80203e-05
-0.000136588
-1.63683e-05
-0.000143995
1.67754e-05
-0.000149152
5.07966e-05
-0.00015191
8.48408e-05
-0.000152223
0.000117992
-0.00015002
0.000149284
-0.000145044
0.000177527
0.000200944
0.000277441
4.15428e-06
0.000331345
-6.75352e-05
0.000371969
-0.000122272
0.000398795
-0.000155448
0.000411524
-0.000163851
0.000412793
-0.000150212
0.000406489
-0.000122949
0.000393756
-9.04027e-05
0.000375113
-6.08553e-05
0.000351091
-4.14517e-05
0.000322288
-3.64253e-05
0.000289099
-4.64856e-05
0.000251499
-6.98772e-05
0.000209559
-0.000104109
0.000165173
-0.000145738
0.000120424
-0.000187476
7.60679e-05
-0.000223367
3.27067e-05
-0.000250408
-9.04244e-06
-0.000267676
-4.79803e-05
-0.000274798
-8.41573e-05
-0.000271193
-0.00011806
-0.00025886
-0.00014941
-0.000239615
-0.000178118
-0.00021422
-0.000204291
-0.000183197
-0.000228038
-0.000147033
-0.000249009
-0.000106545
-0.000266841
-6.24265e-05
-0.000281364
-1.52347e-05
-0.000292293
3.43511e-05
-0.000299161
8.54796e-05
-0.000301649
0.000137183
-0.000299685
0.000188468
-0.000293264
0.000238038
-0.000281821
0.00028349
-0.000263045
0.000319995
-0.000234338
0.000341614
-0.000197273
0.000347086
-0.000153474
0.00033799
-0.000103857
0.000316348
-5.11743e-05
0.000286587
5.14256e-07
0.000251564
5.23842e-05
0.000206628
0.000107241
0.000150981
0.000162565
9.07318e-05
0.000212726
3.41462e-05
0.000254273
-1.32144e-05
0.00028475
-4.76224e-05
0.00030278
-6.79591e-05
0.000307896
-7.53174e-05
0.000302547
-7.48017e-05
0.000290273
-7.28186e-05
0.000272974
-7.30769e-05
0.000252042
-7.78778e-05
0.000228401
-8.82952e-05
0.000202608
-0.000104435
0.000175102
-0.000125465
0.000146445
-0.000149377
0.000117096
-0.000172988
8.69268e-05
-0.000193321
5.62216e-05
-0.000209131
2.55908e-05
-0.000219394
-4.22124e-06
-0.000223113
-3.29893e-05
-0.000220535
-6.03318e-05
-0.000212047
-8.59342e-05
-0.000197986
-0.000109609
-0.000178779
-0.000131324
-0.000154858
-0.000151148
-0.000126605
-0.000168857
-9.4599e-05
-0.000184027
-5.96033e-05
-0.000196456
-2.2112e-05
-0.000206034
1.72735e-05
-0.000212514
5.7806e-05
-0.000215746
9.8585e-05
-0.000215696
0.000138646
-0.000212329
0.000176935
-0.000205365
0.000212056
-0.00019375
0.000241625
-0.000174889
0.00026135
-0.000149039
0.000269205
-0.000118638
0.000266624
-8.47607e-05
0.000253867
-4.79097e-05
0.000231961
-9.99417e-06
0.000205319
2.67251e-05
0.000176894
6.5042e-05
0.000140174
0.000103897
9.9434e-05
0.000140493
5.84691e-05
0.000171399
2.18413e-05
0.000194912
-8.2311e-06
0.000210246
-3.09842e-05
0.000217279
-4.68374e-05
0.000216511
-5.71856e-05
0.000209811
-6.48758e-05
0.000199227
-7.264e-05
0.000185665
-8.17427e-05
0.00016979
-9.28069e-05
0.000152066
-0.000105839
0.000132811
-0.000120238
0.000112298
-0.00013491
9.07423e-05
-0.000148535
6.83248e-05
-0.000159837
4.54974e-05
-0.000167791
2.26366e-05
-0.000171923
9.92754e-08
-0.000171965
-2.17659e-05
-0.000167836
-4.26389e-05
-0.000159594
-6.22812e-05
-0.000147401
-8.0592e-05
-0.000131459
-9.75939e-05
-0.000111981
-0.000113273
-8.92231e-05
-0.000127252
-6.37667e-05
-0.00013924
-3.60328e-05
-0.000149139
-6.46914e-06
-0.000156789
2.44256e-05
-0.000161994
5.60008e-05
-0.000164615
8.7462e-05
-0.000164534
0.000117911
-0.000161501
0.000146251
-0.000154851
0.000170876
0.000189077
0.00032645
-5.94557e-05
0.000374125
-0.00011521
0.000404807
-0.000152954
0.000418157
-0.000168797
0.000417816
-0.00016351
0.000409945
-0.000142341
0.000397513
-0.000110518
0.000381303
-7.41922e-05
0.000361367
-4.09194e-05
0.000337665
-1.77503e-05
0.000310171
-8.93156e-06
0.000278838
-1.51522e-05
0.000243454
-3.4493e-05
0.000203598
-6.42537e-05
0.000159853
-0.000101992
0.000115063
-0.000142686
7.02431e-05
-0.000178547
2.61524e-05
-0.000206318
-1.63626e-05
-0.000225161
-5.59962e-05
-0.000235165
-9.25547e-05
-0.000234634
-0.000127018
-0.000224396
-0.000159438
-0.000207195
-0.000189665
-0.000183993
-0.000217461
-0.000155401
-0.000242428
-0.000122065
-0.000264383
-8.45904e-05
-0.000283112
-4.36976e-05
-0.000298297
-4.95326e-08
-0.000309551
4.56045e-05
-0.000316509
9.24383e-05
-0.000318955
0.000139629
-0.000316761
0.000186273
-0.000309469
0.000230746
-0.000294995
0.000269017
-0.000269845
0.000294845
-0.000234425
0.000306194
-0.000191582
0.000304243
-0.000142985
0.000289393
-8.94461e-05
0.000262809
-3.34062e-05
0.000230547
2.1689e-05
0.000196469
8.19784e-05
0.000146339
0.000144134
8.88256e-05
0.00020211
3.27555e-05
0.000251539
-1.52829e-05
0.000289203
-5.08787e-05
0.000313096
-7.15154e-05
0.000322196
-7.70585e-05
0.000318897
-7.20189e-05
0.000307415
-6.33197e-05
0.000290233
-5.5636e-05
0.000269213
-5.20569e-05
0.000245675
-5.43403e-05
0.000220445
-6.30652e-05
0.000193887
-7.78767e-05
0.000166116
-9.76939e-05
0.000137349
-0.000120609
0.000107963
-0.000143602
7.80227e-05
-0.000163381
4.75792e-05
-0.000178688
1.71321e-05
-0.000188947
-1.25719e-05
-0.000193409
-4.12835e-05
-0.000191823
-6.88152e-05
-0.000184516
-9.49853e-05
-0.000171816
-0.000119617
-0.000154147
-0.000142465
-0.000132011
-0.000163128
-0.000105943
-0.000181378
-7.6348e-05
-0.000197053
-4.39292e-05
-0.0002099
-9.26443e-06
-0.000219675
2.7048e-05
-0.000226176
6.43075e-05
-0.000229297
0.000101706
-0.000228956
0.000138305
-0.000224888
0.000172867
-0.000216125
0.000203292
-0.000199901
0.000225402
-0.000175362
0.000236811
-0.000144727
0.00023857
-0.000109189
0.000231086
-7.05403e-05
0.000215218
-3.2524e-05
0.000193944
5.4301e-06
0.000167365
4.67888e-05
0.000135536
9.13636e-05
9.55988e-05
0.000133562
5.72356e-05
0.000169604
2.24273e-05
0.000197521
-6.0754e-06
0.000216223
-2.69339e-05
0.000225483
-4.02435e-05
0.000225933
-4.7288e-05
0.00021984
-5.10923e-05
0.000209568
-5.46037e-05
0.000196278
-5.93502e-05
0.000180814
-6.62789e-05
0.000163738
-7.57301e-05
0.000145341
-8.74422e-05
0.00012574
-0.000100637
0.000105046
-0.000114216
8.34374e-05
-0.000126927
6.11135e-05
-0.000137513
3.84276e-05
-0.000145105
1.56676e-05
-0.000149163
-6.862e-06
-0.000149436
-2.88592e-05
-0.000145839
-5.00571e-05
-0.000138396
-7.02805e-05
-0.000127178
-8.94533e-05
-0.000112287
-0.000107316
-9.41182e-05
-0.000123493
-7.30467e-05
-0.000137835
-4.94239e-05
-0.000150145
-2.3723e-05
-0.000160237
3.62233e-06
-0.000167926
3.21148e-05
-0.000173034
6.11092e-05
-0.000175382
8.98093e-05
-0.000174675
0.000117204
-0.000170236
0.000141813
-0.000160431
0.000161071
0.000172874
0.000378827
-0.000113596
0.000412448
-0.000148831
0.000424459
-0.000164965
0.000419308
-0.000163646
0.00040511
-0.000149312
0.000387307
-0.000124538
0.000368433
-9.16444e-05
0.000349392
-5.51511e-05
0.000329804
-2.13317e-05
0.000308767
3.28687e-06
0.000285236
1.45994e-05
0.000258364
1.17197e-05
0.000227543
-3.67135e-06
0.000192299
-2.90098e-05
0.000152291
-6.19848e-05
0.000109147
-9.95419e-05
6.53056e-05
-0.000134705
2.09242e-05
-0.000161936
-2.2543e-05
-0.000181693
-6.27822e-05
-0.000194925
-0.000100418
-0.000196998
-0.000136071
-0.000188744
-0.000169446
-0.00017382
-0.000200437
-0.000153002
-0.000228914
-0.000126924
-0.000254582
-9.63969e-05
-0.000277108
-6.20643e-05
-0.000296244
-2.45617e-05
-0.0003117
1.54059e-05
-0.000323161
5.70656e-05
-0.000330405
9.96826e-05
-0.000333177
0.000142401
-0.000330708
0.000183805
-0.000321013
0.000221051
-0.00030069
0.000248694
-0.000268495
0.000262649
-0.000226052
0.000263752
-0.000175634
0.000253825
-0.000119585
0.000233344
-6.4704e-05
0.000207928
-9.83184e-06
0.000175675
5.45573e-05
0.00013208
0.000124796
7.60997e-05
0.000190642
2.29798e-05
0.000247035
-2.36376e-05
0.000290624
-5.88717e-05
0.000319002
-7.92565e-05
0.000330836
-8.33496e-05
0.000328707
-7.49291e-05
0.000317459
-6.07717e-05
0.000300114
-4.59744e-05
0.000278832
-3.43535e-05
0.000255251
-2.84766e-05
0.000230471
-2.956e-05
0.000205025
-3.7619e-05
0.000178951
-5.18031e-05
0.000152019
-7.07619e-05
0.000124104
-9.26947e-05
9.55009e-05
-0.000114998
6.64498e-05
-0.00013433
3.68223e-05
-0.00014906
7.0889e-06
-0.000159214
-2.21847e-05
-0.000164136
-5.07293e-05
-0.000163278
-7.83634e-05
-0.000156882
-0.000104759
-0.00014542
-0.000129621
-0.000129285
-0.000152682
-0.00010895
-0.000173681
-8.49434e-05
-0.000192258
-5.77713e-05
-0.000208167
-2.80205e-05
-0.000221143
3.71219e-06
-0.000230924
3.68288e-05
-0.000237357
7.07407e-05
-0.000240375
0.000104724
-0.000239702
0.000137632
-0.000234252
0.000167417
-0.00022118
0.00019022
-0.000199289
0.000203511
-0.000170035
0.000207557
-0.00013452
0.000203055
-9.46402e-05
0.000191206
-5.32665e-05
0.000173844
-1.22097e-05
0.000152888
3.18353e-05
0.00012332
8.11026e-05
8.62685e-05
0.000127178
4.95237e-05
0.000167036
1.73769e-05
0.000198205
-8.74125e-06
0.000219286
-2.71561e-05
0.000229867
-3.75151e-05
0.000230809
-4.11856e-05
0.00022479
-4.12687e-05
0.00021443
-4.0733e-05
0.000201135
-4.13082e-05
0.000185959
-4.41745e-05
0.000169578
-4.98975e-05
0.000152287
-5.84392e-05
0.000134109
-6.9264e-05
0.000114948
-8.14771e-05
9.4757e-05
-9.40246e-05
7.36363e-05
-0.000105806
5.18325e-05
-0.000115709
2.96217e-05
-0.000122894
7.25516e-06
-0.000126797
-1.50398e-05
-0.000127141
-3.70162e-05
-0.000123863
-5.84087e-05
-0.000117004
-7.89287e-05
-0.000106658
-9.83099e-05
-9.29055e-05
-0.000116335
-7.60931e-05
-0.000132741
-5.66407e-05
-0.000147256
-3.49088e-05
-0.000159668
-1.13113e-05
-0.00016977
1.37241e-05
-0.000177365
3.97106e-05
-0.000182248
6.59922e-05
-0.000184047
9.16075e-05
-0.000181932
0.00011509
-0.000174017
0.000133898
-0.000159234
0.000146288
0.000152084
0.00041944
-0.000145709
0.000427607
-0.000156998
0.000416457
-0.000153815
0.00039462
-0.000141809
0.00036734
-0.000122032
0.00033962
-9.68171e-05
0.000314385
-6.64094e-05
0.000292959
-3.37254e-05
0.000274854
-3.22678e-06
0.000258672
1.94684e-05
0.000242133
3.11385e-05
0.000223388
3.04649e-05
0.000200939
1.87773e-05
0.000173723
-1.79346e-06
0.000140983
-2.92449e-05
0.000102613
-6.11717e-05
6.08531e-05
-9.29452e-05
1.92205e-05
-0.000120304
-2.26603e-05
-0.000139813
-6.54007e-05
-0.000152185
-0.000105779
-0.00015662
-0.000143113
-0.00015141
-0.000177569
-0.000139364
-0.000209245
-0.000121326
-0.000238063
-9.81065e-05
-0.000263845
-7.06141e-05
-0.00028635
-3.95595e-05
-0.000305406
-5.50629e-06
-0.000320948
3.09485e-05
-0.000333026
6.91435e-05
-0.000341635
0.000108292
-0.0003458
0.000146566
-0.00034185
0.000179854
-0.000325832
0.000205033
-0.000296903
0.000219765
-0.000255768
0.000221514
-0.000203938
0.000211922
-0.000146935
0.000196822
-8.62752e-05
0.000172683
-2.87309e-05
0.000150384
3.87402e-05
0.000108203
0.000115881
5.4939e-05
0.000187036
4.94475e-06
0.000247156
-3.71405e-05
0.000293043
-6.95242e-05
0.000322017
-8.7846e-05
0.000332817
-9.00559e-05
0.000329018
-7.95512e-05
0.000316237
-6.21476e-05
0.000297741
-4.22758e-05
0.000275906
-2.41396e-05
0.000252497
-1.09445e-05
0.000228644
-4.62369e-06
0.000204884
-5.79974e-06
0.000181259
-1.39947e-05
0.000157454
-2.79978e-05
0.000132884
-4.61922e-05
0.000107087
-6.68971e-05
8.02429e-05
-8.81544e-05
5.26621e-05
-0.000106749
2.42124e-05
-0.000120611
-4.38457e-06
-0.000130617
-3.25368e-05
-0.000135983
-6.04428e-05
-0.000135372
-8.78065e-05
-0.000129518
-0.00011406
-0.000119167
-0.000138827
-0.000104518
-0.00016181
-8.59674e-05
-0.000182731
-6.40227e-05
-0.000201301
-3.92007e-05
-0.000217231
-1.20911e-05
-0.000230185
1.66661e-05
-0.00023989
4.65341e-05
-0.000246247
7.70979e-05
-0.000249008
0.000107485
-0.000246976
0.0001356
-0.000236935
0.000157376
-0.000217459
0.000170744
-0.000189881
0.000175933
-0.000154962
0.000172638
-0.000114167
0.000162261
-6.9804e-05
0.000146842
-2.49673e-05
0.000129008
2.36607e-05
0.00010426
7.48238e-05
7.21568e-05
0.000123295
3.77974e-05
0.000165048
7.77098e-06
0.000197524
-1.50999e-05
0.000219118
-3.03345e-05
0.000229307
-3.73457e-05
0.000229433
-3.76405e-05
0.000222695
-3.44483e-05
0.00021185
-3.04237e-05
0.000198445
-2.73273e-05
0.00018362
-2.64834e-05
0.000168073
-2.86279e-05
0.00015211
-3.39345e-05
0.000135737
-4.20657e-05
0.000118745
-5.22719e-05
0.000100846
-6.35781e-05
8.18395e-05
-7.50183e-05
6.1756e-05
-8.57226e-05
4.08907e-05
-9.48438e-05
1.94536e-05
-0.000101457
-2.26792e-06
-0.000105075
-2.40295e-05
-0.000105379
-4.56807e-05
-0.000102212
-6.68811e-05
-9.58033e-05
-8.73127e-05
-8.6226e-05
-0.000106643
-7.35752e-05
-0.000124598
-5.81382e-05
-0.000140963
-4.02754e-05
-0.000155481
-2.03914e-05
-0.000167847
1.05529e-06
-0.000177773
2.36497e-05
-0.000185016
4.6954e-05
-0.000189137
7.01135e-05
-0.00018908
9.15504e-05
-0.000182649
0.000108659
-0.000168954
0.000120203
-0.000148873
0.000126207
0.00012664
0.000413902
-0.000147134
0.000397072
-0.000140168
0.000368896
-0.000125639
0.000333871
-0.000106784
0.000297167
-8.53282e-05
0.000262211
-6.18612e-05
0.000233036
-3.72339e-05
0.000210308
-1.09979e-05
0.000194287
1.27939e-05
0.000183945
2.98108e-05
0.000175612
3.94718e-05
0.000167439
3.86372e-05
0.000157007
2.92098e-05
0.000142231
1.29827e-05
0.000121909
-8.92294e-06
9.44455e-05
-3.37085e-05
5.98668e-05
-5.83665e-05
2.09997e-05
-8.14365e-05
-1.87712e-05
-0.000100042
-6.14104e-05
-0.000109546
-0.000104773
-0.000113257
-0.000144063
-0.000112121
-0.000180256
-0.000103171
-0.000213537
-8.80449e-05
-0.000243624
-6.80198e-05
-0.000270305
-4.3933e-05
-0.000293586
-1.6279e-05
-0.000313776
1.46837e-05
-0.000331267
4.84397e-05
-0.000345987
8.38638e-05
-0.000356437
0.000118741
-0.000356486
0.000146615
-0.000340895
0.000164263
-0.000310325
0.000174463
-0.00026922
0.00017866
-0.000217465
0.000169759
-0.000152219
0.000146677
-9.20294e-05
0.000136632
-2.45347e-05
0.000105188
5.14662e-05
7.4383e-05
0.000130153
2.95167e-05
0.000199958
-1.48665e-05
0.000257396
-5.24934e-05
0.000298847
-7.85907e-05
0.000320575
-9.12527e-05
0.000323497
-9.07682e-05
0.000313477
-8.00359e-05
0.000296509
-6.25832e-05
0.000275479
-4.11175e-05
0.000252701
-1.94979e-05
0.000229896
-1.33443e-06
0.000208048
1.09038e-05
0.000187467
1.59576e-05
0.000167916
1.37509e-05
0.000148848
5.07328e-06
0.000129616
-8.76548e-06
0.000109443
-2.60189e-05
8.74716e-05
-4.49262e-05
6.35254e-05
-6.42082e-05
3.83323e-05
-8.15556e-05
1.12106e-05
-9.34889e-05
-1.60613e-05
-0.000103345
-4.26665e-05
-0.000109378
-6.99079e-05
-0.000108131
-9.66547e-05
-0.000102771
-0.000122318
-9.35033e-05
-0.000146598
-8.02379e-05
-0.000169193
-6.33726e-05
-0.000189842
-4.33736e-05
-0.000208306
-2.07366e-05
-0.000224331
3.93409e-06
-0.00023752
2.98545e-05
-0.000247302
5.63169e-05
-0.00025304
8.28354e-05
-0.000253137
0.000107582
-0.000244627
0.000127089
-0.000226047
0.000138797
-0.000198385
0.000143082
-0.000163033
0.000140581
-0.000121195
0.0001308
-7.6651e-05
0.000117717
-3.11341e-05
0.000101326
1.98874e-05
7.7986e-05
7.34301e-05
5.07169e-05
0.00012389
2.16974e-05
0.000165615
-3.92803e-06
0.000196393
-2.30074e-05
0.000215369
-3.4076e-05
0.000222287
-3.72524e-05
0.000219598
-3.46566e-05
0.000211151
-2.91937e-05
0.00019945
-2.27467e-05
0.000186012
-1.69859e-05
0.000171867
-1.31828e-05
0.000157609
-1.22252e-05
0.000143506
-1.45249e-05
0.000129497
-1.99247e-05
0.000115272
-2.7841e-05
0.000100405
-3.74047e-05
8.44872e-05
-4.76608e-05
6.72191e-05
-5.77502e-05
4.85784e-05
-6.70819e-05
2.8901e-05
-7.51664e-05
8.35664e-06
-8.0913e-05
-1.23064e-05
-8.44123e-05
-3.31543e-05
-8.45313e-05
-5.43024e-05
-8.10636e-05
-7.50439e-05
-7.50618e-05
-9.5041e-05
-6.62289e-05
-0.000114027
-5.45897e-05
-0.00013176
-4.0405e-05
-0.000148002
-2.40333e-05
-0.000162419
-5.97443e-06
-0.000174534
1.31708e-05
-0.000183797
3.29126e-05
-0.000189595
5.27519e-05
-0.000190572
7.10907e-05
-0.000184734
8.57121e-05
-0.000171247
9.51713e-05
-0.000151286
0.000100242
-0.00012569
0.00010061
9.6834e-05
0.000348883
-0.000122271
0.000315604
-0.000106889
0.000277087
-8.71223e-05
0.00023738
-6.7077e-05
0.000199295
-4.72435e-05
0.000164519
-2.70855e-05
0.000137837
-1.05516e-05
0.000115328
1.15107e-05
9.97889e-05
2.83334e-05
9.00635e-05
3.95363e-05
8.62272e-05
4.3308e-05
8.70433e-05
3.78212e-05
8.92239e-05
2.70291e-05
8.80549e-05
1.41517e-05
8.13238e-05
-2.19178e-06
6.77672e-05
-2.0152e-05
4.70226e-05
-3.76219e-05
1.75171e-05
-5.1931e-05
-1.93129e-05
-6.32118e-05
-5.74569e-05
-7.14018e-05
-9.66631e-05
-7.40507e-05
-0.000137405
-7.13785e-05
-0.000176558
-6.40182e-05
-0.000213105
-5.14974e-05
-0.000246456
-3.46694e-05
-0.000276005
-1.43837e-05
-0.000301485
9.20056e-06
-0.000322967
3.61664e-05
-0.00034033
6.58024e-05
-0.000351107
9.46404e-05
-0.000350311
0.000117945
-0.000333808
0.000130112
-0.000299482
0.000129938
-0.000246839
0.000121819
-0.000184294
0.000116116
-0.000125067
0.000110532
-6.08661e-05
8.24754e-05
1.19608e-05
6.38051e-05
9.00214e-05
2.71279e-05
0.000165592
-1.18755e-06
0.000229796
-3.46878e-05
0.000275396
-6.04661e-05
0.000299955
-7.70529e-05
0.00030416
-8.27947e-05
0.000293166
-8.02589e-05
0.000273985
-7.15876e-05
0.000251262
-5.73127e-05
0.00022775
-3.90717e-05
0.000204616
-1.79837e-05
0.000183397
1.72112e-06
0.000164813
1.72504e-05
0.00014894
2.67763e-05
0.000135362
2.95355e-05
0.000123198
2.59154e-05
0.000111459
1.68117e-05
9.92508e-05
3.44301e-06
8.54488e-05
-1.22168e-05
6.86767e-05
-2.81541e-05
4.81846e-05
-4.37161e-05
2.49428e-05
-5.83137e-05
2.5409e-06
-7.10871e-05
-2.23675e-05
-7.84366e-05
-5.09886e-05
-8.07569e-05
-7.81255e-05
-8.09942e-05
-0.000104108
-7.67883e-05
-0.000129232
-6.83794e-05
-0.000153099
-5.63713e-05
-0.000175414
-4.10571e-05
-0.000195966
-2.28218e-05
-0.000214535
-2.16718e-06
-0.00023075
2.0149e-05
-0.00024344
4.25438e-05
-0.000250406
6.32831e-05
-0.000249537
8.19665e-05
-0.000239573
9.76179e-05
-0.000220098
0.000107614
-0.000191278
0.000109977
-0.000153562
0.000105365
-0.000111101
9.8121e-05
-6.73591e-05
8.70581e-05
-1.98135e-05
7.01711e-05
3.14081e-05
5.01039e-05
8.31064e-05
2.62877e-05
0.00012999
3.83294e-06
0.000166842
-1.51545e-05
0.000191345
-2.84305e-05
0.000202989
-3.46514e-05
0.000203429
-3.45167e-05
0.000196393
-3.02159e-05
0.000185454
-2.37178e-05
0.000172731
-1.64706e-05
0.000159675
-9.69054e-06
0.000147053
-4.36411e-06
0.000135183
-1.313e-06
0.000124122
-1.16393e-06
0.000113637
-4.03982e-06
0.00010325
-9.53818e-06
9.24208e-05
-1.70114e-05
8.05904e-05
-2.55743e-05
6.73424e-05
-3.44128e-05
5.24399e-05
-4.28477e-05
3.56738e-05
-5.03158e-05
1.72826e-05
-5.67752e-05
-1.57013e-06
-6.20603e-05
-2.14213e-05
-6.45611e-05
-4.238e-05
-6.35726e-05
-6.28035e-05
-6.06401e-05
-8.27807e-05
-5.50846e-05
-0.000102152
-4.68577e-05
-0.000120619
-3.61223e-05
-0.000137904
-2.31198e-05
-0.000153687
-8.25102e-06
-0.000167381
7.71957e-06
-0.000177855
2.36455e-05
-0.000183761
3.88185e-05
-0.000183689
5.26795e-05
-0.000176677
6.40791e-05
-0.000162821
7.18557e-05
-0.000141948
7.42988e-05
-0.000116006
7.43004e-05
-8.65629e-05
7.11672e-05
6.60409e-05
0.000224457
-9.25872e-05
0.000190932
-7.3363e-05
0.000154231
-5.04215e-05
0.000120031
-3.28763e-05
9.07004e-05
-1.79132e-05
6.33375e-05
2.77366e-07
4.13936e-05
1.13924e-05
2.29139e-05
2.99904e-05
8.99533e-06
4.22519e-05
1.80486e-06
4.67267e-05
2.47353e-06
4.26394e-05
6.96921e-06
3.33255e-05
1.13132e-05
2.26851e-05
1.29004e-05
1.25645e-05
1.35515e-05
-2.84283e-06
1.08155e-05
-1.74159e-05
1.93933e-06
-2.87458e-05
-1.21853e-05
-3.78064e-05
-3.31061e-05
-4.2291e-05
-6.21183e-05
-4.23896e-05
-9.64307e-05
-3.97383e-05
-0.000132869
-3.49398e-05
-0.000170721
-2.61671e-05
-0.00020788
-1.43376e-05
-0.000241825
-7.24833e-07
-0.000269691
1.34826e-05
-0.000290133
2.9642e-05
-0.000302356
4.83897e-05
-0.000300754
6.42003e-05
-0.000281838
7.57249e-05
-0.000245966
8.20727e-05
-0.000202318
8.64643e-05
-0.00015941
8.70294e-05
-0.000106718
6.91276e-05
-4.51515e-05
5.45491e-05
2.51959e-05
4.01847e-05
9.32283e-05
1.4443e-05
0.00015734
-3.06816e-07
0.000206471
-2.20025e-05
0.000244849
-3.9566e-05
0.000264199
-5.40381e-05
0.000266251
-6.25174e-05
0.000253943
-6.47449e-05
0.000232026
-6.08784e-05
0.000205173
-5.34055e-05
0.000177451
-4.3866e-05
0.000152327
-3.21887e-05
0.000131959
-1.87029e-05
0.000113126
8.48765e-07
9.79433e-05
1.69041e-05
8.68719e-05
2.83218e-05
7.98525e-05
3.37956e-05
7.59838e-05
3.34041e-05
7.35178e-05
2.83814e-05
7.08554e-05
1.94742e-05
6.68199e-05
7.47844e-06
5.9957e-05
-5.35394e-06
4.91075e-05
-1.73045e-05
3.39808e-05
-2.85895e-05
1.49455e-05
-3.92785e-05
-7.49993e-06
-4.86416e-05
-3.16422e-05
-5.42943e-05
-5.68621e-05
-5.5537e-05
-8.3178e-05
-5.46784e-05
-0.000109194
-5.07726e-05
-0.00013418
-4.3393e-05
-0.000157674
-3.28771e-05
-0.000179274
-1.94578e-05
-0.000198629
-3.46603e-06
-0.000215175
1.43788e-05
-0.000227828
3.28013e-05
-0.00023368
4.83962e-05
-0.000228625
5.82279e-05
-0.000212409
6.57506e-05
-0.000187332
7.2541e-05
-0.000154171
7.44532e-05
-0.000116681
7.24869e-05
-7.72727e-05
6.59567e-05
-3.28612e-05
5.37095e-05
1.39034e-05
4.02935e-05
6.06942e-05
2.33802e-05
0.000104132
6.66634e-06
0.000138804
-8.38464e-06
0.000162312
-1.96752e-05
0.000173393
-2.62351e-05
0.000173422
-2.84596e-05
0.000165954
-2.71836e-05
0.000154536
-2.30986e-05
0.000141412
-1.70919e-05
0.000128364
-1.067e-05
0.00011666
-4.76611e-06
0.000106754
2.1493e-07
9.85833e-05
3.8069e-06
9.17226e-05
5.54768e-06
8.5831e-05
4.72774e-06
8.04157e-05
1.37548e-06
7.46995e-05
-3.82204e-06
6.79858e-05
-1.02976e-05
5.9667e-05
-1.72556e-05
4.94982e-05
-2.4244e-05
3.7528e-05
-3.08775e-05
2.31601e-05
-3.59479e-05
7.14007e-06
-4.07552e-05
-1.09592e-05
-4.39611e-05
-3.08341e-05
-4.46862e-05
-5.06234e-05
-4.37833e-05
-7.01056e-05
-4.11579e-05
-8.90837e-05
-3.61064e-05
-0.000107198
-2.8743e-05
-0.000124105
-1.92161e-05
-0.000139401
-7.82384e-06
-0.000152506
4.85434e-06
-0.000162452
1.76653e-05
-0.000166705
2.78988e-05
-0.000163683
3.57961e-05
-0.000153512
4.25089e-05
-0.000137284
4.78506e-05
-0.000115899
5.04714e-05
-9.07872e-05
4.91865e-05
-6.38298e-05
4.7343e-05
-3.59313e-05
4.32687e-05
3.62567e-05
9.29667e-05
-7.1473e-05
6.78779e-05
-4.82742e-05
4.14697e-05
-2.40133e-05
2.06081e-05
-1.20147e-05
2.30188e-06
3.92945e-07
-1.66015e-05
1.91807e-05
-3.81092e-05
3.29001e-05
-5.34531e-05
4.53343e-05
-6.44066e-05
5.32054e-05
-6.95766e-05
5.18967e-05
-6.91601e-05
4.22228e-05
-6.40462e-05
2.82116e-05
-5.41767e-05
1.28156e-05
-4.10859e-05
-5.26251e-07
-3.08844e-05
-1.30443e-05
-2.59755e-05
-2.23249e-05
-2.66253e-05
-2.80959e-05
-3.42101e-05
-3.02215e-05
-4.81465e-05
-2.83547e-05
-6.59844e-05
-2.45517e-05
-8.72157e-05
-1.8507e-05
-0.000111233
-1.09226e-05
-0.000135004
-2.39627e-06
-0.00015605
6.70862e-06
-0.000173323
1.65478e-05
-0.000187824
2.79844e-05
-0.000195387
3.72047e-05
-0.000189163
4.21662e-05
-0.000165044
4.00813e-05
-0.000126123
3.68031e-05
-8.19217e-05
3.78719e-05
-3.14171e-05
3.59597e-05
2.30724e-05
3.25399e-05
7.09662e-05
2.12339e-05
0.000112405
1.31101e-05
0.000149746
2.84363e-06
0.000174417
-1.02278e-05
0.000194334
-2.02234e-05
0.000202136
-2.98046e-05
0.000200064
-3.74944e-05
0.000188373
-4.23465e-05
0.00016955
-4.36946e-05
0.000145901
-4.10964e-05
0.00011967
-3.46466e-05
9.3856e-05
-2.7592e-05
7.09479e-05
-2.09579e-05
5.2598e-05
-1.38388e-05
3.86892e-05
-4.79407e-06
2.60564e-05
1.34815e-05
1.72706e-05
2.56899e-05
1.4223e-05
3.13695e-05
1.58865e-05
3.21322e-05
2.03475e-05
2.89431e-05
2.56684e-05
2.30605e-05
2.97794e-05
1.53631e-05
3.01853e-05
7.07254e-06
2.58236e-05
-9.92243e-07
1.95866e-05
-1.10675e-05
1.14128e-05
-2.04157e-05
-9.23719e-07
-2.69419e-05
-1.87665e-05
-3.07988e-05
-4.03678e-05
-3.2693e-05
-6.2843e-05
-3.30618e-05
-8.6072e-05
-3.14494e-05
-0.000109133
-2.77116e-05
-0.000130842
-2.16838e-05
-0.000150142
-1.35775e-05
-0.000165973
-3.62613e-06
-0.000177368
7.92906e-06
-0.000181085
1.80953e-05
-0.000173932
2.56487e-05
-0.00016091
3.53741e-05
-0.000145466
4.27838e-05
-0.000122862
4.31466e-05
-9.20442e-05
4.17232e-05
-5.67727e-05
3.91817e-05
-1.85435e-05
3.42577e-05
2.00223e-05
2.73909e-05
5.66043e-05
1.71275e-05
8.89721e-05
7.92569e-06
0.000113533
-1.18037e-06
0.000128689
-8.48969e-06
0.000133761
-1.34566e-05
0.000130476
-1.63901e-05
0.000121796
-1.75558e-05
0.000110062
-1.67255e-05
9.71783e-05
-1.42998e-05
8.45874e-05
-1.05077e-05
7.28897e-05
-5.39427e-06
6.33248e-05
-1.10506e-06
5.64029e-05
2.15579e-06
5.19496e-05
4.66821e-06
4.94581e-05
6.29837e-06
4.84223e-05
6.58356e-06
4.83511e-05
4.79895e-06
4.79753e-05
1.75127e-06
4.64609e-05
-2.30767e-06
4.34379e-05
-7.27467e-06
3.82285e-05
-1.20461e-05
3.03001e-05
-1.63156e-05
2.02294e-05
-2.08068e-05
9.16982e-06
-2.48883e-05
-4.06707e-06
-2.75183e-05
-2.03623e-05
-2.76659e-05
-3.78889e-05
-2.71596e-05
-5.53021e-05
-2.63701e-05
-7.24779e-05
-2.39821e-05
-8.87203e-05
-1.9864e-05
-0.00010328
-1.41829e-05
-0.000115495
-7.00129e-06
-0.000124418
1.09945e-06
-0.000128074
8.51008e-06
-0.000124658
1.42492e-05
-0.000117759
2.10001e-05
-0.00010892
2.69568e-05
-9.39601e-05
2.7549e-05
-7.44938e-05
2.83843e-05
-5.28967e-05
2.88742e-05
-3.07369e-05
2.70268e-05
-7.42404e-06
2.40301e-05
1.58703e-05
1.99743e-05
1.46499e-05
1.34074e-05
-5.63624e-05
-1.81365e-06
-3.30531e-05
-1.35602e-05
-1.22668e-05
-2.61686e-05
5.93731e-07
-4.38821e-05
1.81064e-05
-5.9505e-05
3.48037e-05
-7.42037e-05
4.75989e-05
-8.37665e-05
5.48971e-05
-8.51012e-05
5.45401e-05
-7.94443e-05
4.62398e-05
-7.15735e-05
3.43521e-05
-6.36413e-05
2.02793e-05
-5.54559e-05
4.63025e-06
-4.61762e-05
-9.80593e-06
-3.74571e-05
-2.17634e-05
-2.97852e-05
-2.99968e-05
-2.44613e-05
-3.34198e-05
-2.30189e-05
-3.16638e-05
-2.52368e-05
-2.61367e-05
-3.08907e-05
-1.88978e-05
-3.79528e-05
-1.14449e-05
-4.46494e-05
-4.22602e-06
-4.94334e-05
2.38773e-06
-5.10287e-05
8.30389e-06
-4.81792e-05
1.36983e-05
-3.94104e-05
1.92156e-05
-2.52718e-05
2.30661e-05
-7.74776e-06
2.46421e-05
8.87743e-06
2.34561e-05
2.45299e-05
2.11506e-05
4.27186e-05
1.96832e-05
6.21533e-05
1.65251e-05
8.18613e-05
1.28318e-05
9.54542e-05
7.64099e-06
0.000106573
1.99107e-06
0.000113924
-4.50759e-06
0.000116021
-1.23243e-05
0.000114825
-1.90279e-05
0.000108569
-2.3548e-05
9.79561e-05
-2.68818e-05
8.38139e-05
-2.82043e-05
6.60638e-05
-2.59445e-05
4.63992e-05
-2.14317e-05
2.87428e-05
-1.69903e-05
1.18243e-05
-1.06735e-05
-4.83668e-06
-4.29688e-06
-2.00476e-05
1.37206e-06
-3.36733e-05
8.83162e-06
-4.01172e-05
1.99255e-05
-3.95901e-05
2.51628e-05
-3.41185e-05
2.58979e-05
-2.59183e-05
2.39319e-05
-1.67128e-05
1.97376e-05
-7.856e-06
1.42037e-05
-7.5275e-07
8.25989e-06
3.86044e-06
2.45936e-06
5.84964e-06
-2.98144e-06
4.03993e-06
-9.25778e-06
-1.88227e-06
-1.44935e-05
-1.103e-05
-1.77943e-05
-2.26617e-05
-1.91671e-05
-3.61601e-05
-1.91946e-05
-5.10222e-05
-1.81997e-05
-6.64299e-05
-1.60417e-05
-8.14415e-05
-1.27e-05
-9.48183e-05
-8.30704e-06
-0.000105036
-3.35979e-06
-0.000109984
1.322e-06
-0.000107217
5.16219e-06
-9.69858e-05
7.86381e-06
-8.19393e-05
1.06021e-05
-6.27355e-05
1.61703e-05
-3.98637e-05
1.9912e-05
-1.68457e-05
2.01286e-05
6.19277e-06
1.86848e-05
2.93192e-05
1.60553e-05
5.05652e-05
1.30117e-05
6.85644e-05
9.39173e-06
8.0347e-05
5.34492e-06
8.61656e-05
2.10701e-06
8.58927e-05
-9.07461e-07
8.1022e-05
-3.61892e-06
7.30912e-05
-5.52583e-06
6.30664e-05
-6.36524e-06
5.22106e-05
-6.7e-06
4.16029e-05
-6.11783e-06
3.21115e-05
-4.80846e-06
2.38146e-05
-2.21073e-06
1.72068e-05
1.21356e-06
1.24602e-05
3.64157e-06
1.0026e-05
4.58996e-06
9.96982e-06
4.72438e-06
1.19499e-05
4.31829e-06
1.52931e-05
3.24039e-06
1.87234e-05
1.36866e-06
2.12822e-05
-8.07526e-07
2.24596e-05
-3.48513e-06
2.174e-05
-6.55501e-06
1.90261e-05
-9.33227e-06
1.47088e-05
-1.19983e-05
8.49482e-06
-1.45928e-05
2.91198e-07
-1.66847e-05
-9.6441e-06
-1.7583e-05
-2.02846e-05
-1.70254e-05
-3.16336e-05
-1.58106e-05
-4.37204e-05
-1.42833e-05
-5.56981e-05
-1.20044e-05
-6.66647e-05
-8.8974e-06
-7.53742e-05
-5.47341e-06
-8.01873e-05
-2.18818e-06
-7.98447e-05
7.5687e-07
-7.51238e-05
3.78915e-06
-6.76411e-05
6.76644e-06
-5.65059e-05
9.86493e-06
-4.29397e-05
1.33906e-05
-2.9847e-05
1.44563e-05
-1.61406e-05
1.4678e-05
-1.77709e-06
1.45107e-05
1.1959e-05
1.32907e-05
2.4318e-05
1.1671e-05
3.44772e-05
9.81516e-06
7.82011e-06
-1.28554e-05
-4.55302e-05
-2.11719e-05
-2.47366e-05
-2.70684e-05
-6.37024e-06
-3.54204e-05
8.94569e-06
-4.24053e-05
2.50913e-05
-4.60722e-05
3.84706e-05
-4.55815e-05
4.71082e-05
-3.92629e-05
4.85786e-05
-2.89224e-05
4.41996e-05
-1.87497e-05
3.60671e-05
-1.0915e-05
2.65173e-05
-5.95368e-06
1.53181e-05
-2.98888e-06
1.66545e-06
-1.4428e-06
-1.1352e-05
-9.8219e-07
-2.2224e-05
-7.59153e-07
-3.02199e-05
-1.91077e-07
-3.39879e-05
4.95267e-07
-3.23502e-05
1.5999e-06
-2.72414e-05
2.98245e-06
-2.02804e-05
4.45717e-06
-1.29196e-05
6.08963e-06
-5.85847e-06
8.02918e-06
4.48183e-07
1.02748e-05
6.05831e-06
1.25407e-05
1.14324e-05
1.52014e-05
1.65549e-05
1.76197e-05
2.06478e-05
1.93599e-05
2.29019e-05
2.01569e-05
2.26591e-05
2.0688e-05
2.06196e-05
2.26175e-05
1.77536e-05
2.55851e-05
1.35576e-05
2.90734e-05
9.34348e-06
3.27482e-05
3.96621e-06
3.71004e-05
-2.36113e-06
4.08632e-05
-8.2704e-06
4.20298e-05
-1.34909e-05
4.019e-05
-1.71881e-05
3.53086e-05
-1.86665e-05
2.72829e-05
-1.8856e-05
1.67757e-05
-1.76971e-05
4.83719e-06
-1.4006e-05
-7.4372e-06
-9.15732e-06
-1.90525e-05
-5.37502e-06
-2.96691e-05
-5.68458e-08
-3.91634e-05
5.19745e-06
-4.76152e-05
9.82381e-06
-5.27519e-05
1.39684e-05
-5.03681e-05
1.75416e-05
-4.38853e-05
1.86801e-05
-3.5571e-05
1.75835e-05
-2.64792e-05
1.48402e-05
-1.77386e-05
1.0997e-05
-1.01484e-05
6.61352e-06
-4.06746e-06
2.17899e-06
3.82854e-07
-1.99095e-06
3.3535e-06
-5.95209e-06
3.94051e-06
-9.84478e-06
2.00555e-06
-1.25585e-05
-1.89764e-06
-1.38911e-05
-6.92727e-06
-1.41374e-05
-1.24855e-05
-1.36364e-05
-1.81044e-05
-1.25808e-05
-2.31537e-05
-1.09924e-05
-2.69354e-05
-8.9183e-06
-2.87424e-05
-6.50003e-06
-2.80928e-05
-4.00936e-06
-2.50276e-05
-1.74313e-06
-2.01153e-05
2.49818e-07
-1.41202e-05
1.8687e-06
-7.14936e-06
3.63134e-06
1.82087e-06
7.2001e-06
1.15202e-05
1.02126e-05
2.07439e-05
1.09049e-05
2.86449e-05
1.07838e-05
3.44143e-05
1.02859e-05
3.7793e-05
9.633e-06
3.86521e-05
8.53263e-06
3.70638e-05
6.93324e-06
3.3926e-05
5.24479e-06
2.9545e-05
3.47357e-06
2.41942e-05
1.73184e-06
1.81218e-05
5.46585e-07
1.14855e-05
2.71061e-07
4.83726e-06
-5.17572e-08
-1.13233e-06
-1.48241e-07
-6.0425e-06
1.01709e-07
-9.41169e-06
1.15846e-06
-1.00064e-05
1.80832e-06
-8.49676e-06
2.13187e-06
-5.87063e-06
1.96384e-06
-2.58096e-06
1.43471e-06
9.71551e-07
7.65775e-07
4.23546e-06
-2.35243e-08
6.9491e-06
-1.34497e-06
9.35431e-06
-3.21273e-06
1.09115e-05
-5.04231e-06
1.11445e-05
-6.78801e-06
1.01646e-05
-8.35242e-06
7.93171e-06
-9.76538e-06
4.33079e-06
-1.09919e-05
-5.14159e-07
-1.18397e-05
-6.08993e-06
-1.20072e-05
-1.16547e-05
-1.14606e-05
-1.69528e-05
-1.05126e-05
-2.18778e-05
-9.35832e-06
-2.59783e-05
-7.90388e-06
-2.87378e-05
-6.13792e-06
-2.97772e-05
-4.43398e-06
-2.91444e-05
-2.82096e-06
-2.72104e-05
-1.17712e-06
-2.41328e-05
7.11552e-07
-2.02499e-05
2.8835e-06
-1.55003e-05
5.11536e-06
-9.36471e-06
7.25499e-06
-3.43627e-06
8.52782e-06
2.07152e-06
9.17021e-06
7.11265e-06
9.46954e-06
1.10159e-05
9.38751e-06
1.36206e-05
9.06629e-06
1.49566e-05
8.47911e-06
7.57891e-06
-1.70913e-05
-4.17966e-05
-1.85558e-05
-2.32721e-05
-1.88636e-05
-6.0624e-06
-1.913e-05
9.21212e-06
-1.7632e-05
2.35933e-05
-1.4466e-05
3.53046e-05
-9.50189e-06
4.21441e-05
-4.29469e-06
4.33714e-05
-2.63106e-07
4.0168e-05
2.85723e-06
3.29468e-05
4.94553e-06
2.4429e-05
6.48068e-06
1.37829e-05
7.84957e-06
2.96567e-07
8.86326e-06
-1.23657e-05
9.13984e-06
-2.25005e-05
8.51965e-06
-2.95997e-05
7.30357e-06
-3.27718e-05
6.03062e-06
-3.10772e-05
4.83311e-06
-2.60439e-05
3.73554e-06
-1.91828e-05
2.57759e-06
-1.17617e-05
1.16965e-06
-4.45052e-06
-9.21351e-07
2.53919e-06
-3.96009e-06
9.09706e-06
-7.50532e-06
1.49776e-05
-1.05956e-05
1.96453e-05
-1.24047e-05
2.24569e-05
-1.2497e-05
2.29942e-05
-1.12401e-05
2.14022e-05
-8.95784e-06
1.83373e-05
-5.49532e-06
1.42911e-05
-1.4623e-06
9.52456e-06
3.30469e-06
4.5765e-06
7.99545e-06
-7.24533e-07
1.16607e-05
-6.02636e-06
1.3982e-05
-1.05917e-05
1.43356e-05
-1.38445e-05
1.25114e-05
-1.53638e-05
9.01606e-06
-1.51711e-05
3.8948e-06
-1.37348e-05
-2.5558e-06
-1.12465e-05
-8.95905e-06
-7.60276e-06
-1.46654e-05
-3.45094e-06
-2.0333e-05
2.92592e-07
-2.44723e-05
4.08247e-06
-2.66625e-05
7.3876e-06
-2.66903e-05
9.85158e-06
-2.43517e-05
1.16298e-05
-1.95986e-05
1.27886e-05
-1.36067e-05
1.26882e-05
-7.26114e-06
1.1238e-05
-1.20691e-06
8.78596e-06
4.09463e-06
5.69542e-06
8.40719e-06
2.30096e-06
1.16832e-05
-1.097e-06
1.3962e-05
-4.26973e-06
1.51326e-05
-7.12273e-06
1.48362e-05
-9.54837e-06
1.33926e-05
-1.11148e-05
1.12257e-05
-1.17242e-05
8.70388e-06
-1.16156e-05
6.08176e-06
-1.10142e-05
3.53951e-06
-1.00385e-05
1.27602e-06
-8.72891e-06
-5.16901e-07
-7.12537e-06
-1.70855e-06
-5.30838e-06
-2.33971e-06
-3.37819e-06
-2.62149e-06
-1.46135e-06
-2.722e-06
3.50327e-07
-2.77968e-06
1.92639e-06
-2.584e-06
3.43566e-06
-1.46829e-06
6.0844e-06
2.99264e-07
8.44509e-06
1.88316e-06
9.32099e-06
3.04417e-06
9.62282e-06
3.80453e-06
9.52551e-06
4.32808e-06
9.10945e-06
4.53424e-06
8.32648e-06
4.24966e-06
7.21782e-06
3.54127e-06
5.95318e-06
2.38554e-06
4.6293e-06
7.66949e-07
3.35044e-06
-1.02766e-06
2.34119e-06
-2.43474e-06
1.67814e-06
-3.55449e-06
1.06799e-06
-4.2626e-06
5.5987e-07
-4.4312e-06
2.70308e-07
-3.5217e-06
2.4896e-07
-1.88226e-06
1.68879e-07
2.7763e-07
-2.80102e-08
2.59631e-06
-3.54844e-07
4.70637e-06
-6.7534e-07
6.45506e-06
-9.8292e-07
8.09289e-06
-1.66135e-06
9.67045e-06
-2.92253e-06
1.06087e-05
-4.15099e-06
1.08624e-05
-5.29597e-06
1.04106e-05
-6.33626e-06
9.32064e-06
-7.26245e-06
7.61817e-06
-8.06291e-06
5.32914e-06
-8.70284e-06
2.57129e-06
-9.0819e-06
-3.59126e-07
-9.07678e-06
-3.1423e-06
-8.6774e-06
-5.64819e-06
-8.00668e-06
-7.84778e-06
-7.15874e-06
-9.63019e-06
-6.12147e-06
-1.08676e-05
-4.90052e-06
-1.16936e-05
-3.60794e-06
-1.22491e-05
-2.26545e-06
-1.26011e-05
-8.25197e-07
-1.26464e-05
7.56897e-07
-1.22129e-05
2.44997e-06
-1.12464e-05
4.14886e-06
-9.6911e-06
5.69971e-06
-7.99149e-06
6.82822e-06
-6.34507e-06
7.52379e-06
-4.77103e-06
7.8955e-06
-3.34113e-06
7.95761e-06
-2.01748e-06
7.74264e-06
-8.12913e-07
7.27454e-06
6.59543e-06
-2.30599e-05
-3.5826e-05
-2.60533e-05
-2.02787e-05
-2.6899e-05
-5.21665e-06
-2.62725e-05
8.58561e-06
-2.35301e-05
2.08509e-05
-1.84129e-05
3.01874e-05
-1.17041e-05
3.54353e-05
-4.90509e-06
3.65724e-05
1.24445e-06
3.40185e-05
8.49132e-06
2.56999e-05
1.26194e-05
2.03009e-05
1.60614e-05
1.0341e-05
1.76326e-05
-1.27458e-06
1.71584e-05
-1.18915e-05
1.36987e-05
-1.90408e-05
8.40987e-06
-2.43108e-05
2.10439e-06
-2.64663e-05
-3.97815e-06
-2.49947e-05
-9.21272e-06
-2.08093e-05
-1.34319e-05
-1.49636e-05
-1.67192e-05
-8.47434e-06
-1.91658e-05
-2.00394e-06
-2.07129e-05
4.08626e-06
-2.11131e-05
9.49735e-06
-2.00582e-05
1.39227e-05
-1.74775e-05
1.70646e-05
-1.36929e-05
1.86723e-05
-9.2891e-06
1.85904e-05
-4.85688e-06
1.697e-05
-6.74987e-07
1.41555e-05
3.15275e-06
1.04634e-05
6.50961e-06
6.16771e-06
9.45561e-06
1.63051e-06
1.15945e-05
-2.8634e-06
1.25332e-05
-6.96507e-06
1.21842e-05
-1.02427e-05
1.06341e-05
-1.22944e-05
8.16797e-06
-1.28977e-05
5.14642e-06
-1.21496e-05
1.79535e-06
-1.03837e-05
-1.605e-06
-7.84612e-06
-4.5265e-06
-4.68125e-06
-6.64001e-06
-1.33741e-06
-8.03767e-06
1.69027e-06
-8.39271e-06
4.43751e-06
-7.74347e-06
6.73837e-06
-6.27737e-06
8.38549e-06
-4.04852e-06
9.40097e-06
-1.0214e-06
9.76146e-06
2.41373e-06
9.25303e-06
5.80023e-06
7.85153e-06
8.82646e-06
5.75974e-06
1.12871e-05
3.23475e-06
1.30522e-05
5.35918e-07
1.40552e-05
-2.09997e-06
1.428e-05
-4.49457e-06
1.36813e-05
-6.52397e-06
1.217e-05
-8.03708e-06
9.9519e-06
-8.89672e-06
7.33758e-06
-9.10984e-06
4.52806e-06
-8.80609e-06
1.63982e-06
-8.12599e-06
-1.23538e-06
-7.16332e-06
-3.98374e-06
-5.98054e-06
-6.46715e-06
-4.64195e-06
-8.56461e-06
-3.21091e-06
-1.01824e-05
-1.7604e-06
-1.12978e-05
-3.45922e-07
-1.19436e-05
9.96106e-07
-1.22571e-05
2.23986e-06
-1.2338e-05
3.51664e-06
-1.12956e-05
5.04196e-06
-9.19675e-06
6.34626e-06
-6.89491e-06
7.01916e-06
-4.51586e-06
7.24377e-06
-2.15412e-06
7.16378e-06
1.07686e-07
6.84765e-06
2.12912e-06
6.30505e-06
3.77749e-06
5.56945e-06
5.00784e-06
4.72283e-06
5.80025e-06
3.8369e-06
6.16852e-06
2.98217e-06
6.25757e-06
2.25214e-06
6.26055e-06
1.67517e-06
6.15772e-06
1.17082e-06
5.97977e-06
7.37819e-07
5.81574e-06
4.34341e-07
5.80457e-06
2.60134e-07
5.89946e-06
7.39883e-08
6.08671e-06
-2.15254e-07
6.33082e-06
-5.98953e-07
6.61508e-06
-9.59602e-07
6.94889e-06
-1.31673e-06
7.24103e-06
-1.95348e-06
7.32076e-06
-3.00226e-06
7.06066e-06
-3.89089e-06
6.4693e-06
-4.70461e-06
5.5707e-06
-5.43766e-06
4.38342e-06
-6.07516e-06
2.91626e-06
-6.59575e-06
1.17997e-06
-6.96655e-06
-7.70643e-07
-7.13128e-06
-2.81077e-06
-7.03666e-06
-4.80573e-06
-6.68244e-06
-6.6893e-06
-6.12311e-06
-8.44123e-06
-5.40681e-06
-1.00181e-05
-4.54458e-06
-1.13635e-05
-3.55518e-06
-1.24711e-05
-2.50033e-06
-1.33258e-05
-1.41075e-06
-1.38817e-05
-2.69306e-07
-1.4064e-05
9.39273e-07
-1.38045e-05
2.19042e-06
-1.30602e-05
3.40462e-06
-1.1833e-05
4.47248e-06
-1.02788e-05
5.27405e-06
-8.53787e-06
5.78281e-06
-6.68142e-06
6.03905e-06
-4.79254e-06
6.06873e-06
-2.94659e-06
5.89669e-06
-1.22027e-06
5.54823e-06
5.06068e-06
-2.90348e-05
-2.82474e-05
-3.29224e-05
-1.63912e-05
-3.35638e-05
-4.57517e-06
-3.1382e-05
6.40379e-06
-2.64138e-05
1.58827e-05
-1.92563e-05
2.30299e-05
-1.0972e-05
2.7151e-05
-2.45752e-06
2.80579e-05
5.59455e-06
2.59664e-05
1.02642e-05
2.10303e-05
1.53092e-05
1.52559e-05
1.807e-05
7.5802e-06
1.79571e-05
-1.16173e-06
1.50696e-05
-9.00397e-06
1.09377e-05
-1.4909e-05
4.63193e-06
-1.8005e-05
-2.16373e-06
-1.96707e-05
-8.57463e-06
-1.85838e-05
-1.35825e-05
-1.58014e-05
-1.71232e-05
-1.14229e-05
-1.9148e-05
-6.44953e-06
-1.97542e-05
-1.39776e-06
-1.904e-05
3.37209e-06
-1.71067e-05
7.56404e-06
-1.40926e-05
1.09086e-05
-1.0238e-05
1.321e-05
-5.86991e-06
1.43042e-05
-1.3977e-06
1.41182e-05
2.79828e-06
1.2774e-05
6.4724e-06
1.04813e-05
9.46305e-06
7.47273e-06
1.15923e-05
4.03852e-06
1.27445e-05
4.78247e-07
1.28407e-05
-2.95951e-06
1.18706e-05
-5.99502e-06
9.96872e-06
-8.34081e-06
7.39491e-06
-9.72058e-06
4.51145e-06
-1.00142e-05
1.66684e-06
-9.30497e-06
-9.16791e-07
-7.80006e-06
-3.06244e-06
-5.70046e-06
-4.52777e-06
-3.21591e-06
-5.22724e-06
-6.37934e-07
-5.30081e-06
1.76385e-06
-4.73501e-06
3.87173e-06
-3.56852e-06
5.5719e-06
-1.9389e-06
6.75588e-06
6.56356e-08
7.39644e-06
2.35743e-06
7.46968e-06
4.69509e-06
6.91537e-06
6.79308e-06
5.75356e-06
8.43434e-06
4.11849e-06
9.47298e-06
2.19612e-06
9.83567e-06
1.73235e-07
9.51178e-06
-1.77606e-06
8.51428e-06
-3.49706e-06
6.88856e-06
-4.89824e-06
4.76429e-06
-5.9128e-06
2.35291e-06
-6.48534e-06
-1.18492e-07
-6.63843e-06
-2.48606e-06
-6.43852e-06
-4.67085e-06
-5.94118e-06
-6.60829e-06
-5.22588e-06
-8.21545e-06
-4.37338e-06
-9.42434e-06
-3.43306e-06
-1.01879e-05
-2.4473e-06
-1.0494e-05
-1.45429e-06
-1.0362e-05
-4.77945e-07
-9.83511e-06
4.69207e-07
-8.98402e-06
1.38879e-06
-7.80219e-06
2.33481e-06
-6.10798e-06
3.34776e-06
-4.00176e-06
4.24004e-06
-1.79502e-06
4.81243e-06
3.47982e-07
5.10077e-06
2.33434e-06
5.17743e-06
4.10572e-06
5.07628e-06
5.59852e-06
4.81226e-06
6.75594e-06
4.41204e-06
7.55848e-06
3.92029e-06
8.01344e-06
3.38194e-06
8.15434e-06
2.84128e-06
8.06289e-06
2.34359e-06
7.83285e-06
1.9052e-06
7.49902e-06
1.50465e-06
7.0991e-06
1.13774e-06
6.71265e-06
8.2079e-07
6.41575e-06
5.57035e-07
6.20283e-06
2.86911e-07
6.03198e-06
-4.44014e-08
5.86325e-06
-4.3022e-07
5.73264e-06
-8.2899e-07
5.68326e-06
-1.26735e-06
5.57124e-06
-1.84146e-06
5.11615e-06
-2.54716e-06
4.42121e-06
-3.19594e-06
3.5086e-06
-3.792e-06
2.39859e-06
-4.32765e-06
1.1002e-06
-4.77676e-06
-3.73704e-07
-5.12184e-06
-1.99897e-06
-5.34128e-06
-3.72384e-06
-5.40642e-06
-5.46517e-06
-5.29533e-06
-7.13602e-06
-5.01159e-06
-8.67682e-06
-4.58232e-06
-1.00487e-05
-4.03492e-06
-1.12078e-05
-3.38548e-06
-1.2109e-05
-2.65393e-06
-1.27401e-05
-1.86926e-06
-1.31017e-05
-1.04919e-06
-1.31762e-05
-1.94805e-07
-1.29274e-05
6.9046e-07
-1.23206e-05
1.58365e-06
-1.13507e-05
2.4347e-06
-1.00564e-05
3.1782e-06
-8.53597e-06
3.75362e-06
-6.89185e-06
4.13869e-06
-5.19836e-06
4.34556e-06
-3.5204e-06
4.39078e-06
-1.91457e-06
4.29085e-06
-4.33444e-07
4.06711e-06
3.74827e-06
-3.05293e-05
-1.9677e-05
-3.51205e-05
-1.18e-05
-3.59563e-05
-3.73932e-06
-3.33824e-05
3.82991e-06
-2.78582e-05
1.03586e-05
-2.01373e-05
1.53089e-05
-1.12893e-05
1.8303e-05
-2.54228e-06
1.93109e-05
5.67326e-06
1.77509e-05
1.15836e-05
1.512e-05
1.61029e-05
1.07366e-05
1.82702e-05
5.41294e-06
1.75157e-05
-4.0725e-07
1.42978e-05
-5.78606e-06
9.58412e-06
-1.01953e-05
4.23104e-06
-1.26519e-05
-2.30374e-06
-1.31359e-05
-7.98721e-06
-1.29003e-05
-1.30795e-05
-1.0709e-05
-1.65846e-05
-7.91785e-06
-1.84387e-05
-4.5954e-06
-1.87203e-05
-1.11618e-06
-1.75709e-05
2.2227e-06
-1.51838e-05
5.17703e-06
-1.18128e-05
7.53753e-06
-7.77214e-06
9.16941e-06
-3.3927e-06
9.92478e-06
9.80473e-07
9.74505e-06
5.00157e-06
8.75294e-06
8.37196e-06
7.11096e-06
1.08865e-05
4.9582e-06
1.23158e-05
2.60924e-06
1.26708e-05
1.23288e-07
1.19871e-05
-2.27584e-06
1.02723e-05
-4.28015e-06
7.79962e-06
-5.86815e-06
4.87432e-06
-6.79527e-06
1.82461e-06
-6.96447e-06
-1.03992e-06
-6.44043e-06
-3.47816e-06
-5.36181e-06
-5.3011e-06
-3.8775e-06
-6.36084e-06
-2.15616e-06
-6.65482e-06
-3.43946e-07
-6.25453e-06
1.36357e-06
-5.21074e-06
2.82795e-06
-3.62236e-06
3.98352e-06
-1.63815e-06
4.77169e-06
5.937e-07
5.1646e-06
2.9091e-06
5.15429e-06
5.09952e-06
4.72497e-06
6.95052e-06
3.90257e-06
8.29462e-06
2.77439e-06
9.03104e-06
1.45972e-06
9.12145e-06
8.28355e-08
8.57506e-06
-1.22966e-06
7.46189e-06
-2.38388e-06
5.8895e-06
-3.32584e-06
3.98088e-06
-4.00418e-06
1.8824e-06
-4.38685e-06
-2.53406e-07
-4.50261e-06
-2.29559e-06
-4.39632e-06
-4.12935e-06
-4.10742e-06
-5.6825e-06
-3.67272e-06
-6.92994e-06
-3.12593e-06
-7.85916e-06
-2.50382e-06
-8.46388e-06
-1.84257e-06
-8.74865e-06
-1.16951e-06
-8.7293e-06
-4.97288e-07
-8.42902e-06
1.68935e-07
-7.87181e-06
8.31581e-07
-7.04254e-06
1.50555e-06
-5.87645e-06
2.18168e-06
-4.40924e-06
2.77283e-06
-2.79115e-06
3.19435e-06
-1.13517e-06
3.4448e-06
4.91679e-07
3.55058e-06
2.0379e-06
3.53006e-06
3.45317e-06
3.397e-06
4.69408e-06
3.17113e-06
5.73536e-06
2.87901e-06
6.5685e-06
2.54881e-06
7.20245e-06
2.20733e-06
7.66684e-06
1.8792e-06
7.99722e-06
1.57483e-06
8.20965e-06
1.29222e-06
8.31419e-06
1.0332e-06
8.35797e-06
7.77011e-07
8.36038e-06
5.54624e-07
8.31913e-06
3.28163e-07
8.20793e-06
6.68026e-08
8.0058e-06
-2.28089e-07
7.71932e-06
-5.42509e-07
7.3397e-06
-8.87718e-07
6.80053e-06
-1.3023e-06
6.03221e-06
-1.77884e-06
5.01734e-06
-2.18107e-06
3.81449e-06
-2.58915e-06
2.4416e-06
-2.95476e-06
9.22664e-07
-3.25783e-06
-7.13323e-07
-3.48585e-06
-2.42939e-06
-3.62521e-06
-4.17455e-06
-3.66126e-06
-5.88541e-06
-3.58446e-06
-7.49859e-06
-3.39841e-06
-8.96417e-06
-3.11673e-06
-1.02441e-05
-2.75495e-06
-1.13031e-05
-2.32654e-06
-1.21116e-05
-1.84538e-06
-1.26598e-05
-1.32111e-06
-1.2942e-05
-7.66983e-07
-1.29427e-05
-1.94049e-07
-1.26441e-05
3.91862e-07
-1.20345e-05
9.74044e-07
-1.11221e-05
1.52231e-06
-9.94375e-06
1.9998e-06
-8.56472e-06
2.37459e-06
-7.05855e-06
2.63253e-06
-5.4896e-06
2.77661e-06
-3.91387e-06
2.81505e-06
-2.38362e-06
2.76061e-06
-9.4453e-07
2.62802e-06
2.43291e-06
-3.18507e-05
-1.06378e-05
-3.68643e-05
-6.78633e-06
-3.79924e-05
-2.61124e-06
-3.55936e-05
1.4311e-06
-3.01819e-05
4.94685e-06
-2.25149e-05
7.64192e-06
-1.35232e-05
9.31133e-06
-3.96308e-06
9.75084e-06
4.95725e-06
8.83054e-06
1.26211e-05
7.4561e-06
1.79651e-05
5.39267e-06
2.05485e-05
2.82952e-06
2.00937e-05
4.75939e-08
1.68312e-05
-2.52356e-06
1.12581e-05
-4.62217e-06
4.68683e-06
-6.08063e-06
-1.94908e-06
-6.49997e-06
-8.50606e-06
-6.34328e-06
-1.36052e-05
-5.60991e-06
-1.72888e-05
-4.23418e-06
-1.93314e-05
-2.55283e-06
-1.96835e-05
-7.64035e-07
-1.84264e-05
9.65597e-07
-1.57523e-05
2.5029e-06
-1.19648e-05
3.75009e-06
-7.44623e-06
4.65083e-06
-2.60796e-06
5.08652e-06
2.23704e-06
4.90006e-06
6.52673e-06
4.46326e-06
9.84916e-06
3.78855e-06
1.21252e-05
2.68219e-06
1.33113e-05
1.42311e-06
1.34003e-05
3.43203e-08
1.22332e-05
-1.10874e-06
9.92629e-06
-1.97323e-06
6.97195e-06
-2.91379e-06
3.65489e-06
-3.4782e-06
3.15951e-07
-3.62552e-06
-2.71729e-06
-3.40718e-06
-5.19506e-06
-2.88403e-06
-6.95482e-06
-2.11773e-06
-7.90915e-06
-1.20181e-06
-8.00006e-06
-2.53028e-07
-7.28584e-06
6.49373e-07
-5.85998e-06
1.40209e-06
-3.87706e-06
2.00062e-06
-1.51927e-06
2.41391e-06
1.02443e-06
2.62092e-06
3.54204e-06
2.63668e-06
5.82858e-06
2.43845e-06
7.6958e-06
2.03536e-06
8.99478e-06
1.47542e-06
9.63657e-06
8.17935e-07
9.59138e-06
1.28042e-07
8.89594e-06
-5.34209e-07
7.63983e-06
-1.12776e-06
5.93673e-06
-1.62272e-06
3.91278e-06
-1.98022e-06
1.69597e-06
-2.17004e-06
-5.53069e-07
-2.25355e-06
-2.7228e-06
-2.22658e-06
-4.72649e-06
-2.10372e-06
-6.49702e-06
-1.90217e-06
-7.98149e-06
-1.64146e-06
-9.14351e-06
-1.3418e-06
-9.9662e-06
-1.01986e-06
-1.0449e-05
-6.86731e-07
-1.05958e-05
-3.50428e-07
-1.0412e-05
-1.49191e-08
-9.90134e-06
3.20963e-07
-9.05518e-06
6.59397e-07
-7.86379e-06
9.90297e-07
-6.37107e-06
1.28011e-06
-4.67419e-06
1.49748e-06
-2.86509e-06
1.63569e-06
-1.02011e-06
1.70561e-06
7.97471e-07
1.71248e-06
2.532e-06
1.66248e-06
4.13434e-06
1.56879e-06
5.56957e-06
1.44379e-06
6.81795e-06
1.30044e-06
7.87502e-06
1.15026e-06
8.74617e-06
1.00805e-06
9.4461e-06
8.74901e-07
9.98522e-06
7.53097e-07
1.03583e-05
6.60079e-07
1.06544e-05
4.8093e-07
1.07808e-05
4.28231e-07
1.07853e-05
3.23709e-07
1.06602e-05
1.91865e-07
1.03891e-05
4.30219e-08
9.96756e-06
-1.20958e-07
9.38721e-06
-3.07366e-07
8.62288e-06
-5.37962e-07
7.69468e-06
-8.50649e-07
6.39916e-06
-8.85542e-07
4.95294e-06
-1.14293e-06
3.36068e-06
-1.36249e-06
1.63951e-06
-1.53666e-06
-1.80311e-07
-1.66603e-06
-2.05443e-06
-1.7511e-06
-3.93001e-06
-1.78567e-06
-5.74983e-06
-1.76465e-06
-7.45718e-06
-1.69106e-06
-9.00373e-06
-1.57019e-06
-1.03499e-05
-1.40881e-06
-1.14627e-05
-1.21373e-06
-1.23156e-05
-9.92446e-07
-1.28896e-05
-7.47135e-07
-1.31761e-05
-4.80422e-07
-1.31679e-05
-2.02277e-07
-1.28553e-05
7.93095e-08
-1.22401e-05
3.58835e-07
-1.13412e-05
6.23381e-07
-1.01966e-05
8.55216e-07
-8.86196e-06
1.03993e-06
-7.40058e-06
1.17114e-06
-5.8727e-06
1.24873e-06
-4.3341e-06
1.27645e-06
-2.83453e-06
1.26105e-06
-1.41548e-06
1.20897e-06
1.1266e-06
-2.89992e-05
-3.57855e-05
-3.83968e-05
-3.69657e-05
-3.20188e-05
-2.43769e-05
-1.50655e-05
-5.31469e-06
3.51585e-06
1.09719e-05
1.63646e-05
1.91941e-05
1.92417e-05
1.67182e-05
1.2096e-05
6.0154e-06
-4.84567e-07
-6.82784e-06
-1.24377e-05
-1.66719e-05
-1.92247e-05
-1.99888e-05
-1.90232e-05
-1.65203e-05
-1.27702e-05
-8.11934e-06
-3.03281e-06
1.86725e-06
6.33051e-06
1.01191e-05
1.28013e-05
1.42244e-05
1.42587e-05
1.315e-05
1.11767e-05
8.26296e-06
4.78477e-06
1.15925e-06
-2.24792e-06
-5.13195e-06
-7.24967e-06
-8.45148e-06
-8.7045e-06
-8.05512e-06
-6.65302e-06
-4.6524e-06
-2.23848e-06
3.82441e-07
3.01913e-06
5.45758e-06
7.49295e-06
8.96837e-06
9.78631e-06
9.91436e-06
9.38016e-06
8.2524e-06
6.62968e-06
4.64947e-06
2.47943e-06
2.25883e-07
-2.00069e-06
-4.10441e-06
-6.00657e-06
-7.64803e-06
-8.98982e-06
-1.00097e-05
-1.06964e-05
-1.10468e-05
-1.10618e-05
-1.07408e-05
-1.00814e-05
-9.09108e-06
-7.81097e-06
-6.31349e-06
-4.67779e-06
-2.97217e-06
-1.25969e-06
4.0279e-07
1.97159e-06
3.41537e-06
4.71581e-06
5.86607e-06
6.87412e-06
7.74902e-06
8.50212e-06
9.1622e-06
9.64313e-06
1.00714e-05
1.03951e-05
1.05869e-05
1.063e-05
1.0509e-05
1.02016e-05
9.66368e-06
8.81303e-06
7.92749e-06
6.78456e-06
5.42207e-06
3.88541e-06
2.21938e-06
4.68287e-07
-1.31738e-06
-3.08202e-06
-4.77309e-06
-6.34327e-06
-7.75209e-06
-8.96582e-06
-9.95826e-06
-1.07054e-05
-1.11858e-05
-1.13881e-05
-1.13088e-05
-1.09499e-05
-1.03266e-05
-9.47135e-06
-8.43142e-06
-7.26028e-06
-6.01155e-06
-4.7351e-06
-3.47405e-06
-2.26507e-06
-5.42451e-05
0.000448662
-3.57552e-05
0.000360903
-1.50749e-05
0.000277527
6.26562e-06
0.000201392
2.73043e-05
0.00013324
4.94397e-05
6.99419e-05
7.29673e-05
1.03728e-05
9.32815e-05
-4.34081e-05
0.000101047
-0.000100068
0.000102894
-0.000158767
9.92565e-05
-0.00022128
9.0419e-05
-0.000288814
-0.000359625
-3.23905e-05
0.00042853
-9.66242e-06
0.000338175
1.4327e-05
0.000253538
3.90003e-05
0.000176718
6.61747e-05
0.000106066
9.51582e-05
4.09585e-05
0.000118846
-1.33145e-05
0.000136104
-6.06662e-05
0.00014419
-0.000108154
0.000144538
-0.000159115
0.00013869
-0.000215432
0.000127507
-0.000277631
0.000111696
-0.000343814
9.21113e-05
-0.000410364
6.9739e-05
-0.000472777
4.55313e-05
-0.000526348
2.07266e-05
-0.000566661
-2.63611e-06
-0.000589324
-2.30181e-05
-0.000588391
-3.98026e-05
-0.000571161
-5.23826e-05
-0.000539385
-6.05892e-05
-0.000495147
-6.46344e-05
-0.000441031
-6.49756e-05
-0.000379866
-6.22311e-05
-0.000314363
-5.70504e-05
-0.000247259
-4.97495e-05
-0.000181655
-4.01715e-05
-0.000120574
-2.90797e-05
-6.69148e-05
-2.49625e-05
-1.50004e-05
-1.51284e-05
6.20532e-05
-9.42008e-06
0.000134866
-7.70091e-06
0.000202145
-8.7552e-06
0.000267346
-1.20949e-05
0.000330262
-1.71653e-05
0.000389766
-2.34343e-05
0.000443932
-3.03332e-05
0.000490199
-3.70702e-05
0.000525224
-4.21946e-05
0.000544252
-4.47977e-05
0.000541068
-4.48889e-05
0.000522676
-4.213e-05
0.000490243
-3.65035e-05
0.000445654
-2.82313e-05
0.000391484
-1.79039e-05
0.000330754
-6.47355e-06
0.000266501
4.9826e-06
0.000201756
1.53571e-05
0.000139413
2.52682e-05
8.08363e-05
3.90266e-05
2.33789e-05
6.0641e-05
-3.54987e-05
6.74338e-05
-9.52628e-05
7.09918e-05
-0.000149782
7.11487e-05
-0.000200218
6.80576e-05
-0.000248356
6.20339e-05
-0.00029451
5.35463e-05
-0.000337981
4.31523e-05
-0.000377427
3.1438e-05
-0.000410937
1.90739e-05
-0.000435936
7.10364e-06
-0.000448618
-3.67066e-06
-0.000445543
-1.27401e-05
-0.000431381
-1.97992e-05
-0.000406602
-2.47583e-05
-0.000372109
-2.77073e-05
-0.000329382
-2.88075e-05
-0.000280408
-2.81375e-05
-0.000227582
-2.56155e-05
-0.00017362
-2.11949e-05
-0.00012146
-1.51716e-05
-7.44238e-05
-1.05333e-05
-3.31713e-05
-5.32774e-06
2.22747e-05
-9.0206e-08
9.05275e-05
2.31302e-06
0.000144321
2.25429e-06
0.000194601
2.03948e-07
0.000241489
-3.39095e-06
0.000284777
-8.17174e-06
0.000323885
-1.37599e-05
0.000357743
-1.96599e-05
0.000384708
-2.50598e-05
0.000402059
-2.86063e-05
0.000404502
-3.05268e-05
0.000394752
-3.04936e-05
0.000374792
-2.84528e-05
0.000345456
-2.4576e-05
0.000308147
-1.92143e-05
0.00026471
-1.29458e-05
0.000217221
-6.52e-06
0.000167846
-5.88097e-07
0.000118862
4.56732e-06
7.28421e-05
1.06528e-05
3.0639e-05
2.5967e-05
-8.93135e-06
3.46277e-05
-6.73035e-05
3.88769e-05
-0.000114473
4.08379e-05
-0.000156796
4.06056e-05
-0.000195466
3.83696e-05
-0.000230854
3.43501e-05
-0.000262791
2.88688e-05
-0.000290767
2.23072e-05
-0.000313893
1.51187e-05
-0.00033064
7.98423e-06
-0.000337944
1.53652e-06
-0.000334491
-3.90338e-06
-0.000323177
-8.15355e-06
-0.000304253
-1.11873e-05
-0.0002783
-1.30925e-05
-0.000246215
-1.39859e-05
-0.00020934
-1.39173e-05
-0.000169398
-1.27361e-05
-0.00012848
-1.02127e-05
-8.90153e-05
-6.54106e-06
-5.36085e-05
-3.90333e-06
-2.29569e-05
-8.26851e-07
2.19211e-05
2.15666e-06
7.56191e-05
3.30899e-06
0.000118135
2.93739e-06
0.000157404
1.08541e-06
0.000193534
0.000226186
-7.98398e-06
0.000403162
1.8772e-05
0.000311419
4.63612e-05
0.000225949
7.6319e-05
0.00014676
0.000109567
7.28177e-05
0.000139591
1.09341e-05
0.000162935
-3.66587e-05
0.000178684
-7.64145e-05
0.000185566
-0.000115037
0.000184087
-0.000157636
0.000175683
-0.000207027
0.000161616
-0.000263564
0.000142885
-0.000325083
0.000120299
-0.000387779
9.46693e-05
-0.000447147
6.69762e-05
-0.000498655
3.84111e-05
-0.000538096
1.05975e-05
-0.00056151
-1.44313e-05
-0.000563362
-3.62357e-05
-0.000549356
-5.40635e-05
-0.000521558
-6.75958e-05
-0.000481614
-7.68383e-05
-0.000431789
-8.19866e-05
-0.000374718
-8.3293e-05
-0.000313056
-8.0975e-05
-0.000249577
-7.53605e-05
-0.00018727
-6.72311e-05
-0.000128703
-5.94654e-05
-7.46805e-05
-5.86021e-05
-1.58637e-05
-5.37406e-05
5.71917e-05
-4.8911e-05
0.000130037
-4.65351e-05
0.000199769
-4.62548e-05
0.000267065
-4.76211e-05
0.000331629
-5.00941e-05
0.000392239
-5.31238e-05
0.000446962
-5.61143e-05
0.000493189
-5.82396e-05
0.000527349
-5.76922e-05
0.000543705
-5.45326e-05
0.000537908
-4.86505e-05
0.000516794
-3.99837e-05
0.000481577
-2.87262e-05
0.000434396
-1.53475e-05
0.000378105
-5.8858e-07
0.000315995
1.46074e-05
0.000251305
2.93277e-05
0.000187036
4.34359e-05
0.000125305
5.89581e-05
6.5314e-05
7.73359e-05
5.00114e-06
9.243e-05
-5.05928e-05
0.000100389
-0.000103222
0.000103184
-0.000152577
0.000101719
-0.000198754
9.65326e-05
-0.000243169
8.81377e-05
-0.000286115
7.70553e-05
-0.000326899
6.38116e-05
-0.000364183
4.89653e-05
-0.00039609
3.31794e-05
-0.000420151
1.73611e-05
-0.000432799
2.49585e-06
-0.000430678
-1.08757e-05
-0.000418009
-2.23508e-05
-0.000395127
-3.16653e-05
-0.000362794
-3.86687e-05
-0.000322378
-4.32144e-05
-0.000275863
-4.51003e-05
-0.000225696
-4.4162e-05
-0.000174558
-4.05067e-05
-0.000125115
-3.54647e-05
-7.94658e-05
-3.41332e-05
-3.45028e-05
-3.55666e-05
2.37081e-05
-3.04664e-05
8.54273e-05
-2.78093e-05
0.000141664
-2.69483e-05
0.00019374
-2.75617e-05
0.000242103
-2.92859e-05
0.000286501
-3.17547e-05
0.000326354
-3.45699e-05
0.000360559
-3.71687e-05
0.000387307
-3.86438e-05
0.000403534
-3.78598e-05
0.000403718
-3.5342e-05
0.000392234
-3.08482e-05
0.000370298
-2.44417e-05
0.000339049
-1.64217e-05
0.000300127
-7.27382e-06
0.000255563
2.31973e-06
0.000207627
1.14889e-05
0.000158677
1.93988e-05
0.000110952
2.65305e-05
6.57104e-05
3.63023e-05
2.08672e-05
5.36043e-05
-2.62334e-05
6.06016e-05
-7.43007e-05
6.4424e-05
-0.000118295
6.54187e-05
-0.00015779
6.37782e-05
-0.000193825
5.977e-05
-0.000226846
5.37013e-05
-0.000256722
4.59314e-05
-0.000282997
3.68431e-05
-0.000304805
2.68662e-05
-0.000320663
1.65677e-05
-0.000327646
6.76177e-06
-0.000324685
-2.19512e-06
-0.00031422
-1.00393e-05
-0.000296409
-1.6586e-05
-0.000271753
-2.17159e-05
-0.000241085
-2.53042e-05
-0.000205752
-2.7117e-05
-0.000167585
-2.68727e-05
-0.000128724
-2.45869e-05
-9.1301e-05
-2.13424e-05
-5.68531e-05
-2.21537e-05
-2.21456e-05
-2.43526e-05
2.412e-05
-2.12886e-05
7.2555e-05
-1.98645e-05
0.000116711
-1.973e-05
0.00015727
-2.06111e-05
0.000194415
0.000227794
1.87469e-05
0.000372844
4.93797e-05
0.000280786
8.15205e-05
0.000193808
0.000117606
0.000110675
0.000153791
3.66326e-05
0.000183576
-1.88505e-05
0.000206147
-5.92301e-05
0.000220289
-9.05562e-05
0.000225195
-0.000119943
0.000221274
-0.000153716
0.000209887
-0.00019564
0.000192582
-0.000246259
0.000170629
-0.00030313
0.000144934
-0.000362084
0.000116242
-0.000418455
8.54105e-05
-0.000467823
5.35288e-05
-0.000506215
2.19815e-05
-0.000529963
-7.08825e-06
-0.000534292
-3.32572e-05
-0.000523187
-5.56943e-05
-0.000499121
-7.38845e-05
-0.000463424
-8.75953e-05
-0.000418078
-9.68014e-05
-0.000365512
-0.000101593
-0.000308265
-0.000102239
-0.000248931
-9.95014e-05
-0.000190008
-9.50668e-05
-0.000133138
-9.20402e-05
-7.77071e-05
-9.22926e-05
-1.56113e-05
-9.03292e-05
5.52283e-05
-8.741e-05
0.000127117
-8.5216e-05
0.000197575
-8.40158e-05
0.000265865
-8.35733e-05
0.000331186
-8.34593e-05
0.000392125
-8.31548e-05
0.000446657
-8.2022e-05
0.000492057
-7.91064e-05
0.000524433
-7.24971e-05
0.000537096
-6.31041e-05
0.000528516
-5.09188e-05
0.000504609
-3.61614e-05
0.000466819
-1.92933e-05
0.000417528
-9.476e-07
0.00035976
1.80743e-05
0.000296973
3.69215e-05
0.000232458
5.52539e-05
0.000168703
7.42402e-05
0.000106318
9.48251e-05
4.47291e-05
0.0001127
-1.28737e-05
0.000125769
-6.36623e-05
0.000132754
-0.000110206
0.000133871
-0.000153694
0.00013024
-0.000195123
0.000122635
-0.000235564
0.000111681
-0.000275162
9.79362e-05
-0.000313154
8.19015e-05
-0.000348148
6.40887e-05
-0.000378278
4.51144e-05
-0.000401176
2.57745e-05
-0.000413459
7.21993e-06
-0.000412123
-9.97015e-06
-0.000400819
-2.52896e-05
-0.000379808
-3.82874e-05
-0.000349796
-4.85811e-05
-0.000312084
-5.58594e-05
-0.000268584
-5.99401e-05
-0.000221615
-6.09556e-05
-0.000173543
-5.97159e-05
-0.000126355
-5.82616e-05
-8.09201e-05
-6.02738e-05
-3.24906e-05
-6.13421e-05
2.47764e-05
-5.93609e-05
8.34461e-05
-5.7375e-05
0.000139678
-5.60134e-05
0.000192378
-5.53329e-05
0.000241422
-5.51949e-05
0.000286363
-5.53169e-05
0.000326476
-5.5304e-05
0.000360546
-5.45272e-05
0.00038653
-5.16853e-05
0.000400692
-4.64994e-05
0.000398532
-3.93784e-05
0.000385113
-3.02904e-05
0.00036121
-1.9466e-05
0.000328225
-7.3651e-06
0.000288026
5.35441e-06
0.000242843
1.79177e-05
0.000195064
2.96076e-05
0.000146987
4.02972e-05
0.000100263
5.17603e-05
5.42473e-05
6.60471e-05
6.58031e-06
7.85153e-05
-3.87016e-05
8.58957e-05
-8.16811e-05
8.90949e-05
-0.000121495
8.87657e-05
-0.000157461
8.53637e-05
-0.000190423
7.93236e-05
-0.000220806
7.1063e-05
-0.000248461
6.09648e-05
-0.000272899
4.93959e-05
-0.000293236
3.67458e-05
-0.000308013
2.35027e-05
-0.000314403
1.06319e-05
-0.000311814
-1.46474e-06
-0.000302123
-1.2427e-05
-0.000285446
-2.19221e-05
-0.000262258
-2.96172e-05
-0.00023339
-3.5234e-05
-0.000200135
-3.85816e-05
-0.000164238
-3.9718e-05
-0.000127588
-3.92738e-05
-9.17453e-05
-3.90297e-05
-5.70972e-05
-4.22622e-05
-1.89131e-05
-4.4214e-05
2.60718e-05
-4.36426e-05
7.19835e-05
-4.28338e-05
0.000115903
-4.2314e-05
0.00015675
-4.21474e-05
0.000194248
0.0002279
4.71549e-05
0.000337657
8.23879e-05
0.000245553
0.000120729
0.000155467
0.000161845
6.95586e-05
0.000197569
9.09032e-07
0.000226606
-4.78876e-05
0.00024773
-8.03547e-05
0.000259793
-0.000102619
0.000262204
-0.000122354
0.00025537
-0.000146882
0.00024071
-0.00018098
0.000220003
-0.000225551
0.000194706
-0.000277833
0.000165859
-0.000333237
0.000134224
-0.000386819
0.000100545
-0.000434145
6.57618e-05
-0.000471431
3.11185e-05
-0.00049532
-1.33046e-06
-0.000501843
-3.11124e-05
-0.000493405
-5.73723e-05
-0.000472861
-7.94697e-05
-0.000441327
-9.70087e-05
-0.000400539
-0.000109854
-0.000352667
-0.000118121
-0.000299998
-0.000122272
-0.00024478
-0.000123337
-0.000188943
-0.000122981
-0.000133494
-0.000123719
-7.69689e-05
-0.000125724
-1.36065e-05
-0.000125942
5.54463e-05
-0.000124722
0.000125897
-0.00012304
0.000195893
-0.000121211
0.000264037
-0.000119112
0.000329088
-0.000116407
0.000389419
-0.000112621
0.000442872
-0.000107101
0.000486536
-9.8751e-05
0.000516084
-8.57299e-05
0.000524075
-6.99087e-05
0.000512694
-5.13977e-05
0.000486098
-3.06383e-05
0.00044606
-8.2973e-06
0.000395187
1.4839e-05
0.000336623
3.80202e-05
0.000273792
6.07642e-05
0.000209714
8.36001e-05
0.000145867
0.000107567
8.23509e-05
0.000130192
2.21045e-05
0.000147234
-2.99159e-05
0.000158572
-7.49998e-05
0.000163595
-0.000115229
0.000162536
-0.000152636
0.000156381
-0.000188967
0.000146067
-0.00022525
0.00013237
-0.000261465
0.000115896
-0.000296679
9.71261e-05
-0.000329379
7.65231e-05
-0.000357675
5.46378e-05
-0.000379291
3.22084e-05
-0.00039103
1.0474e-05
-0.000390389
-9.93828e-06
-0.000380407
-2.84381e-05
-0.000361308
-4.44659e-05
-0.000333769
-5.7548e-05
-0.000299002
-6.73789e-05
-0.000258754
-7.39244e-05
-0.00021507
-7.75768e-05
-0.000169891
-7.93146e-05
-0.000124617
-8.11479e-05
-7.90868e-05
-8.47502e-05
-2.88884e-05
-8.68194e-05
2.68457e-05
-8.67232e-05
8.33499e-05
-8.55327e-05
0.000138488
-8.3993e-05
0.000190838
-8.23288e-05
0.000239758
-8.05255e-05
0.00028456
-7.83775e-05
0.000324328
-7.54994e-05
0.000357668
-7.11802e-05
0.000382211
-6.37694e-05
0.000393282
-5.40636e-05
0.000388826
-4.22289e-05
0.000373278
-2.84997e-05
0.000347481
-1.32898e-05
0.000313015
2.77035e-06
0.000271966
1.89099e-05
0.000226704
3.44002e-05
0.000179573
4.89404e-05
0.000132447
6.34316e-05
8.57713e-05
7.91021e-05
3.85768e-05
9.33693e-05
-7.68686e-06
0.000104205
-4.95369e-05
0.00011052
-8.7996e-05
0.000112225
-0.0001232
0.000110086
-0.000155323
0.000104689
-0.000185027
9.65242e-05
-0.00021264
8.60509e-05
-0.000237988
7.36698e-05
-0.000260518
5.97343e-05
-0.000279301
4.45976e-05
-0.000292877
2.87299e-05
-0.000298535
1.32232e-05
-0.000296307
-1.50024e-06
-0.0002874
-1.50211e-05
-0.000271926
-2.69229e-05
-0.000250356
-3.67952e-05
-0.000223518
-4.43389e-05
-0.000192591
-4.95191e-05
-0.000159058
-5.26666e-05
-0.00012444
-5.45997e-05
-8.98122e-05
-5.70794e-05
-5.46175e-05
-6.12047e-05
-1.47878e-05
-6.38842e-05
2.87514e-05
-6.47552e-05
7.28544e-05
-6.4576e-05
0.000115723
-6.39039e-05
0.000156078
-6.29404e-05
0.000193285
0.000226674
7.72374e-05
0.000118763
0.000163677
0.000205671
0.000240963
0.000268521
0.000287224
0.000296446
0.000295758
0.000285683
0.000267656
0.000243585
0.000214958
0.000182975
0.000148498
0.000112216
7.49379e-05
3.77937e-05
2.64251e-06
-3.0018e-05
-5.93526e-05
-8.46892e-05
-0.000105581
-0.00012187
-0.000133699
-0.000141554
-0.000146491
-0.000150123
-0.000154343
-0.000158434
-0.000160455
-0.00016065
-0.000159463
-0.000157061
-0.000153356
-0.000148086
-0.00014082
-0.000130797
-0.000116505
-9.7046e-05
-7.47839e-05
-4.99642e-05
-2.3266e-05
4.46107e-06
3.23164e-05
5.97342e-05
8.69461e-05
0.000114984
0.000142415
0.000164552
0.000180599
0.00019
0.000192498
0.000188627
0.000179477
0.00016618
0.000149642
0.000130481
0.000109131
8.59905e-05
6.15547e-05
3.65359e-05
1.21847e-05
-1.08546e-05
-3.19512e-05
-5.051e-05
-6.60465e-05
-7.83071e-05
-8.73731e-05
-9.37394e-05
-9.84499e-05
-0.00010326
-0.000108432
-0.000111609
-0.000112681
-0.000112174
-0.00011057
-0.000108084
-0.000104744
-0.000100399
-9.4637e-05
-8.65438e-05
-7.44852e-05
-6.00558e-05
-4.34437e-05
-2.50921e-05
-5.61282e-06
1.42306e-05
3.36482e-05
5.21224e-05
6.99889e-05
8.83942e-05
0.000106184
0.000119812
0.000129139
0.000133662
0.000133449
0.00012918
0.000121533
0.000111097
9.83764e-05
8.37735e-05
6.76263e-05
5.02613e-05
3.21786e-05
1.44862e-05
-2.38276e-06
-1.79782e-05
-3.18708e-05
-4.36756e-05
-5.31354e-05
-6.02667e-05
-6.54939e-05
-6.97681e-05
-7.46188e-05
-7.96771e-05
-8.30656e-05
-8.47398e-05
-8.50151e-05
-8.42433e-05
-8.26148e-05
)
;

boundaryField
{
    inlet
    {
        type            calculated;
        value           nonuniform List<scalar> 0();
    }
    outlet
    {
        type            calculated;
        value           nonuniform List<scalar> 0();
    }
    topWall
    {
        type            calculated;
        value           uniform 0;
    }
    lowerWall
    {
        type            calculated;
        value           nonuniform List<scalar> 0();
    }
    leadingEdge
    {
        type            calculated;
        value           nonuniform List<scalar> 0();
    }
    trailingEdge
    {
        type            calculated;
        value           nonuniform List<scalar> 0();
    }
    upperSurface
    {
        type            calculated;
        value           nonuniform List<scalar> 0();
    }
    lowerSurface
    {
        type            calculated;
        value           nonuniform List<scalar> 0();
    }
    frontAndBack
    {
        type            empty;
        value           nonuniform List<scalar> 0();
    }
    procBoundary6to1
    {
        type            processor;
        value           nonuniform List<scalar> 2(6.89804e-05 5.25228e-05);
    }
    procBoundary6to2
    {
        type            processor;
        value           nonuniform List<scalar> 
123
(
-0.000463397
-0.000379393
-0.000298208
-0.000222732
-0.000154279
-9.20774e-05
-3.39004e-05
2.3094e-05
9.23029e-05
0.000156919
0.000224918
0.000297651
0.000372866
7.71775e-05
0.000429949
0.000495149
0.000550555
0.000591466
0.000612687
0.000608773
0.000587945
0.000551966
0.000503353
0.000445077
0.000380208
0.000311618
0.000242078
0.000174354
0.000110996
5.5823e-05
1.08832e-05
-7.18873e-05
-0.000140575
-0.000203864
-0.000266291
-0.000326923
-0.000384695
-0.000437663
-0.0004833
-0.000518487
-0.000539128
-0.000538465
-0.000522585
-0.000493002
-0.00045128
-0.000399756
-0.000341081
-0.000277932
-0.000213212
-0.000149787
-9.07473e-05
-3.71373e-05
1.38843e-05
8.847e-05
0.000146224
0.000200061
0.000251447
0.000300534
0.000346469
0.000387821
0.000422651
0.000448301
0.000460588
0.000456317
0.00044045
0.000413661
0.000377068
0.000332331
0.000281509
0.000226912
0.000171098
0.000117039
6.84006e-05
2.8533e-05
-2.74803e-05
-9.5765e-05
-0.000146725
-0.000194542
-0.000239439
-0.000281182
-0.000319104
-0.000352155
-0.000378808
-0.000396659
-0.000400955
-0.000392831
-0.000374825
-0.000347497
-0.000312024
-0.000270072
-0.000223489
-0.000174272
-0.000124794
-7.79975e-05
-3.67244e-05
-6.38281e-06
5.86427e-05
0.000110224
0.000154835
0.000195698
0.00023309
0.00026681
0.000296248
0.000320455
0.000337829
0.000345079
0.000340939
0.000328617
0.000308503
0.000281334
0.00024812
0.000210233
0.00016933
0.000127299
8.64918e-05
4.99369e-05
2.03192e-05
-2.49975e-05
-7.86026e-05
-0.000119288
-0.000157033
-0.000191682
-0.000223145
)
;
    }
    procBoundary6to5
    {
        type            processor;
        value           nonuniform List<scalar> 
24
(
-6.38381e-05
-9.27249e-05
-0.000126207
-0.000166102
-0.000211651
-0.00026284
-0.000324687
-0.000387327
-0.000412477
-0.000373745
-0.000254142
-0.000114081
-2.8518e-05
2.02312e-06
1.33577e-05
1.70893e-05
2.14563e-05
2.19589e-05
2.28115e-05
1.83614e-05
3.33513e-05
1.15717e-05
-1.19682e-05
-3.71235e-05
)
;
    }
    procBoundary6to7
    {
        type            processor;
        value           nonuniform List<scalar> 
25
(
-9.73019e-05
-0.000112735
-0.000126065
-0.000136563
-0.000142985
-0.000144227
-0.000138444
-0.000123429
-9.58839e-05
-5.57698e-05
-6.14706e-06
3.74771e-05
4.1307e-05
1.51979e-05
1.70571e-07
3.14475e-07
8.78967e-07
3.70839e-07
-1.09165e-07
-1.13848e-06
-1.9555e-06
-2.22192e-05
-4.22528e-05
-6.17147e-05
-8.01811e-05
)
;
    }
}


// ************************************************************************* //
