/*--------------------------------*- C++ -*----------------------------------*\
| =========                 |                                                 |
| \\      /  F ield         | OpenFOAM: The Open Source CFD Toolbox           |
|  \\    /   O peration     | Version:  2206                                  |
|   \\  /    A nd           | Website:  www.openfoam.com                      |
|    \\/     M anipulation  |                                                 |
\*---------------------------------------------------------------------------*/
FoamFile
{
    version     2.0;
    format      ascii;
    arch        "LSB;label=32;scalar=64";
    class       volVectorField;
    location    "18.0999";
    object      ddtCorrDdt0(U);
}
// * * * * * * * * * * * * * * * * * * * * * * * * * * * * * * * * * * * * * //

dimensions      [0 1 -2 0 0 0 0];

internalField   nonuniform List<vector> 
1849
(
(12.6097 -67.7055 0)
(0.569701 -75.4477 0)
(-11.7271 -78.5415 0)
(-23.3126 -76.3301 0)
(-33.6855 -69.9564 0)
(-42.7607 -60.3835 0)
(-50.4857 -48.2932 0)
(-56.953 -34.3913 0)
(-62.1622 -19.3558 0)
(-65.7563 -3.83267 0)
(-68.353 11.7322 0)
(-70.0009 27.0633 0)
(-70.9138 41.7312 0)
(-70.9005 55.1935 0)
(-68.7936 66.2488 0)
(-62.1398 72.252 0)
(-51.5121 73.7028 0)
(-37.4706 70.756 0)
(-21.1369 64.4137 0)
(-2.69569 55.8548 0)
(18.3025 44.3739 0)
(38.1526 29.6983 0)
(54.5143 17.2044 0)
(64.979 8.49779 0)
(68.7494 3.46449 0)
(67.5129 1.13844 0)
(63.8445 -0.144353 0)
(58.7229 -1.82885 0)
(52.9723 -4.6249 0)
(47.0377 -8.79329 0)
(41.0168 -14.3764 0)
(34.7135 -21.224 0)
(27.7424 -28.6256 0)
(20.458 -35.9265 0)
(13.0465 -42.5848 0)
(5.44411 -47.7865 0)
(-2.21497 -50.836 0)
(-9.57635 -51.0183 0)
(-16.2184 -48.3236 0)
(-22.0741 -43.5579 0)
(-27.0165 -37.0926 0)
(-31.0321 -29.377 0)
(-34.2854 -20.83 0)
(-36.8766 -11.8184 0)
(-38.5333 -2.64185 0)
(-39.5162 6.49067 0)
(-39.8841 15.483 0)
(-39.5462 24.0244 0)
(-38.3495 31.7096 0)
(-35.8755 38.0024 0)
(-31.3879 42.0044 0)
(-25.1529 43.9632 0)
(-17.5066 44.0094 0)
(-8.96075 42.2226 0)
(0.119613 38.8845 0)
(9.60663 34.2641 0)
(18.9002 28.3778 0)
(26.8788 21.9692 0)
(33.0965 16.1608 0)
(37.1251 11.0159 0)
(38.8641 6.36874 0)
(38.8695 2.08645 0)
(37.6928 -2.11977 0)
(35.5645 -6.55051 0)
(32.6279 -11.291 0)
(28.9668 -16.3182 0)
(24.6077 -21.4811 0)
(19.6298 -26.3825 0)
(14.3235 -30.805 0)
(8.7081 -34.3136 0)
(2.87009 -36.4018 0)
(-2.89478 -36.4707 0)
(-8.25995 -34.7558 0)
(-13.038 -31.5215 0)
(-17.0784 -27.0287 0)
(-20.3387 -21.5997 0)
(-22.9173 -15.5575 0)
(-24.8881 -9.20545 0)
(-26.0951 -2.81748 0)
(-26.6937 3.42892 0)
(-26.7615 9.4821 0)
(-26.2436 15.1399 0)
(-25.1278 20.1751 0)
(-23.298 24.346 0)
(-20.4698 27.2546 0)
(-16.7017 28.883 0)
(-12.2484 29.3977 0)
(-7.35251 28.8259 0)
(-2.23686 27.2764 0)
(2.91033 24.8827 0)
(8.02441 21.7954 0)
(12.9533 18.0796 0)
(17.2133 13.8485 0)
(20.5761 9.61134 0)
(22.9593 5.62039 0)
(24.3334 1.8332 0)
(24.7845 -1.80579 0)
(24.3348 -5.30833 0)
(23.0988 -8.70408 0)
(21.1859 -12.0066 0)
(18.6906 -15.1862 0)
(15.6876 -18.1337 0)
(12.286 -20.7362 0)
(8.57713 -22.8439 0)
(4.58377 -24.1396 0)
(0.523006 -24.3122 0)
(-3.34694 -23.4347 0)
(-6.90728 -21.5617 0)
(-10.0295 -18.8091 0)
(-12.6394 -15.355 0)
(-14.7583 -11.4068 0)
(-16.4162 -7.17883 0)
(-17.5204 -2.88447 0)
(-18.1559 1.34451 0)
(-18.3762 5.49622 0)
(-18.1085 9.42164 0)
(-17.3456 12.9228 0)
(-16.0687 15.8558 0)
(-14.187 18.0423 0)
(-11.7009 19.387 0)
(-8.80304 20.0048 0)
(-5.65037 19.8661 0)
(-2.37624 19.0156 0)
(0.903072 17.5406 0)
(17.0723 -55.6594 0)
(4.41832 -62.7214 0)
(-8.79956 -65.6071 0)
(-21.8257 -64.2395 0)
(-33.9275 -59.0033 0)
(-44.8618 -50.6623 0)
(-54.5047 -39.8975 0)
(-62.766 -27.438 0)
(-69.8259 -14.0133 0)
(-75.7981 0.104139 0)
(-80.6991 14.7878 0)
(-84.0855 29.5275 0)
(-84.8464 43.077 0)
(-80.7579 53.1154 0)
(-71.4108 58.5769 0)
(-57.4709 59.7253 0)
(-40.3074 57.1377 0)
(-21.5409 51.8218 0)
(-1.12136 44.6843 0)
(19.9346 33.8105 0)
(37.827 22.2302 0)
(50.9669 13.6902 0)
(58.3195 8.39521 0)
(60.5021 5.82197 0)
(59.647 5.05885 0)
(57.3678 4.87981 0)
(54.4803 4.32683 0)
(51.4754 2.83525 0)
(48.4662 0.068215 0)
(45.304 -4.02784 0)
(41.7032 -9.25377 0)
(37.3436 -15.3299 0)
(31.9758 -21.9698 0)
(25.398 -28.6243 0)
(17.9585 -34.7392 0)
(9.96588 -39.6963 0)
(1.60649 -42.7234 0)
(-6.79071 -43.3417 0)
(-14.6883 -41.4311 0)
(-21.8213 -37.4766 0)
(-28.1369 -31.913 0)
(-33.6038 -25.0757 0)
(-38.1306 -17.317 0)
(-41.7616 -9.10714 0)
(-44.6638 -0.711988 0)
(-46.7478 7.79088 0)
(-47.7479 16.0932 0)
(-47.1974 23.5967 0)
(-44.2902 29.373 0)
(-39.1753 33.172 0)
(-32.1118 35.1597 0)
(-23.5573 35.547 0)
(-14.138 34.5018 0)
(-4.32141 32.2503 0)
(5.76711 28.8592 0)
(15.2816 24.1566 0)
(23.4938 19.5309 0)
(29.914 15.495 0)
(34.3513 11.9861 0)
(37.0277 8.86908 0)
(38.1494 5.88391 0)
(38.1644 2.79493 0)
(37.3497 -0.556837 0)
(35.7761 -4.24984 0)
(33.4649 -8.26181 0)
(30.3952 -12.4965 0)
(26.5594 -16.8723 0)
(21.952 -21.2424 0)
(16.618 -25.2138 0)
(10.7602 -28.3284 0)
(4.64737 -30.259 0)
(-1.47568 -30.5543 0)
(-7.32728 -29.2959 0)
(-12.7394 -26.6834 0)
(-17.5769 -22.9086 0)
(-21.7435 -18.2039 0)
(-25.1128 -12.8401 0)
(-27.7115 -7.2095 0)
(-29.6381 -1.53774 0)
(-30.8819 4.1076 0)
(-31.3679 9.57193 0)
(-30.9314 14.5506 0)
(-29.284 18.6121 0)
(-26.3445 21.5013 0)
(-22.3596 23.3317 0)
(-17.4945 24.1632 0)
(-12.034 24.0667 0)
(-6.28408 23.1501 0)
(-0.432615 21.5399 0)
(5.47416 19.272 0)
(11.0964 16.2493 0)
(16.0373 12.9842 0)
(20.0953 9.84878 0)
(23.0806 6.83777 0)
(25.004 3.92206 0)
(25.9819 1.09119 0)
(26.0332 -1.65231 0)
(25.3629 -4.35162 0)
(24.0323 -7.05298 0)
(22.0913 -9.72634 0)
(19.5887 -12.3239 0)
(16.5674 -14.7944 0)
(13.0849 -17.0229 0)
(9.21013 -18.8124 0)
(5.10328 -19.9272 0)
(0.939144 -20.1479 0)
(-3.17224 -19.4744 0)
(-7.09869 -17.9491 0)
(-10.7103 -15.6375 0)
(-13.8883 -12.6506 0)
(-16.5028 -9.16627 0)
(-18.5895 -5.4846 0)
(-20.1557 -1.7474 0)
(-21.1946 2.00671 0)
(-21.6476 5.68067 0)
(-21.4078 9.06145 0)
(-20.318 11.8763 0)
(-18.3824 13.9975 0)
(-15.7593 15.4791 0)
(-12.5595 16.3378 0)
(-8.96548 16.5659 0)
(-5.15934 16.1842 0)
(-1.24341 15.275 0)
(21.6651 -42.8562 0)
(7.91868 -48.801 0)
(-6.52173 -51.4251 0)
(-21.1343 -50.5039 0)
(-35.2128 -46.3371 0)
(-48.2576 -39.3512 0)
(-59.9916 -30.0106 0)
(-70.2155 -18.7702 0)
(-78.7333 -6.0793 0)
(-85.1016 7.38359 0)
(-88.5058 20.4321 0)
(-87.0041 31.2128 0)
(-80.0738 38.4358 0)
(-68.0963 41.9642 0)
(-52.214 42.2557 0)
(-34.4383 40.1284 0)
(-16.2774 36.578 0)
(2.34373 31.322 0)
(18.8939 23.0009 0)
(31.6796 16.1561 0)
(39.942 11.6153 0)
(44.0506 8.81332 0)
(45.1085 7.37796 0)
(44.925 6.94596 0)
(44.3379 6.88647 0)
(43.8467 6.68374 0)
(43.6269 5.93445 0)
(43.5641 4.31135 0)
(43.3707 1.64977 0)
(42.6854 -1.99629 0)
(41.1399 -6.4108 0)
(38.4255 -11.3406 0)
(34.3471 -16.5509 0)
(28.8188 -21.8616 0)
(21.8406 -26.9423 0)
(13.636 -31.0937 0)
(4.65239 -33.6302 0)
(-4.60326 -34.2599 0)
(-13.7241 -32.9049 0)
(-22.2835 -29.739 0)
(-30.0171 -25.0257 0)
(-36.7676 -19.1169 0)
(-42.4033 -12.3673 0)
(-46.8026 -5.07144 0)
(-49.8088 2.43849 0)
(-51.1425 9.64855 0)
(-50.169 15.8322 0)
(-46.8442 20.538 0)
(-41.3474 23.7024 0)
(-34.0296 25.441 0)
(-25.506 25.9388 0)
(-16.4367 25.4996 0)
(-7.24079 24.3044 0)
(1.98597 22.2131 0)
(10.5068 18.9767 0)
(17.8171 15.9631 0)
(23.6206 13.3367 0)
(27.9519 11.033 0)
(31.0541 9.01377 0)
(33.1771 7.14413 0)
(34.4984 5.18423 0)
(35.0049 2.91314 0)
(34.8489 0.293371 0)
(34.0006 -2.65558 0)
(32.3972 -5.8983 0)
(30.0077 -9.34811 0)
(26.7753 -12.8637 0)
(22.6657 -16.2968 0)
(17.6883 -19.4893 0)
(11.9461 -22.1535 0)
(5.68819 -23.848 0)
(-0.753658 -24.21 0)
(-7.12198 -23.1966 0)
(-13.1763 -21.0113 0)
(-18.6902 -17.8212 0)
(-23.4967 -13.8566 0)
(-27.4776 -9.36062 0)
(-30.5517 -4.53932 0)
(-32.6663 0.409314 0)
(-33.7289 5.21197 0)
(-33.5207 9.51153 0)
(-31.8066 12.9813 0)
(-28.8309 15.5723 0)
(-24.7144 17.2862 0)
(-19.7254 18.1652 0)
(-14.1894 18.3234 0)
(-8.42916 17.8976 0)
(-2.60915 16.9689 0)
(3.26551 15.4357 0)
(8.7444 13.1765 0)
(13.5633 10.9282 0)
(17.5104 8.77843 0)
(20.5214 6.69287 0)
(22.6528 4.67229 0)
(23.9902 2.70182 0)
(24.5933 0.745017 0)
(24.5002 -1.23922 0)
(23.8524 -3.28826 0)
(22.6387 -5.39411 0)
(20.8749 -7.50843 0)
(18.58 -9.56945 0)
(15.7685 -11.5122 0)
(12.4575 -13.2652 0)
(8.69733 -14.7061 0)
(4.61019 -15.623 0)
(0.339637 -15.8445 0)
(-3.98261 -15.23 0)
(-8.16919 -13.8706 0)
(-12.0516 -11.8923 0)
(-15.4807 -9.40535 0)
(-18.339 -6.53884 0)
(-20.5506 -3.42472 0)
(-22.0877 -0.216967 0)
(-22.8905 2.89791 0)
(-22.7633 5.71189 0)
(-21.6335 8.05619 0)
(-19.6483 9.89319 0)
(-16.9046 11.2208 0)
(-13.5758 12.0549 0)
(-9.87105 12.4338 0)
(-5.96543 12.405 0)
(-1.92277 11.973 0)
(2.18905 11.0099 0)
(20.5334 -29.7848 0)
(7.5548 -34.4085 0)
(-6.61023 -36.0648 0)
(-21.1009 -34.9881 0)
(-35.2271 -31.2299 0)
(-48.1966 -25.1066 0)
(-59.337 -17.1157 0)
(-67.996 -7.9444 0)
(-73.4435 1.44161 0)
(-74.2933 9.87565 0)
(-70.3312 16.4622 0)
(-62.1143 20.9526 0)
(-50.6469 23.4284 0)
(-37.409 24.2148 0)
(-23.9014 23.9035 0)
(-10.9318 22.9096 0)
(1.11468 20.4539 0)
(10.9075 16.7835 0)
(18.0825 13.991 0)
(22.5979 11.7806 0)
(25.1425 9.92744 0)
(26.5941 8.52932 0)
(27.6224 7.55169 0)
(28.6661 6.8306 0)
(29.978 6.22167 0)
(31.6091 5.53023 0)
(33.4117 4.53177 0)
(35.101 3.0431 0)
(36.3359 0.959507 0)
(36.7106 -1.71394 0)
(35.9438 -4.86685 0)
(33.981 -8.37665 0)
(30.6733 -12.0818 0)
(25.9807 -15.7839 0)
(19.9126 -19.2789 0)
(12.5778 -22.3256 0)
(4.2317 -24.3191 0)
(-4.60497 -24.6268 0)
(-13.4833 -23.4487 0)
(-21.933 -20.871 0)
(-29.529 -17.0768 0)
(-35.9464 -12.345 0)
(-40.9111 -7.01245 0)
(-44.1843 -1.49251 0)
(-45.4089 3.72999 0)
(-44.2486 8.20891 0)
(-41.0676 11.8181 0)
(-36.1218 14.4819 0)
(-29.8788 16.1644 0)
(-22.8788 16.9859 0)
(-15.6222 17.1713 0)
(-8.4147 16.8899 0)
(-1.27084 16.0186 0)
(5.36903 14.1986 0)
(11.0917 12.4337 0)
(15.7538 10.79 0)
(19.4442 9.27429 0)
(22.3542 7.91218 0)
(24.6424 6.65383 0)
(26.4241 5.3997 0)
(27.7588 4.0282 0)
(28.6328 2.40799 0)
(28.8753 0.469391 0)
(28.5226 -1.74814 0)
(27.4667 -4.19035 0)
(25.63 -6.78142 0)
(22.9624 -9.40632 0)
(19.4462 -11.9313 0)
(15.1043 -14.2245 0)
(10.0184 -16.1345 0)
(4.32614 -17.3834 0)
(-1.74727 -17.5546 0)
(-7.82886 -16.6426 0)
(-13.6247 -14.8727 0)
(-18.863 -12.3314 0)
(-23.3236 -9.17834 0)
(-26.8325 -5.61554 0)
(-29.2544 -1.8822 0)
(-30.469 1.74158 0)
(-30.1483 4.96252 0)
(-28.5265 7.65595 0)
(-25.7442 9.77149 0)
(-22.0196 11.2724 0)
(-17.6371 12.1656 0)
(-12.9004 12.558 0)
(-8.05571 12.5778 0)
(-3.21281 12.2418 0)
(1.56949 11.3607 0)
(5.94846 9.98176 0)
(9.75312 8.639 0)
(12.8667 7.30345 0)
(15.318 5.96143 0)
(17.1822 4.63127 0)
(18.517 3.30451 0)
(19.3735 1.95715 0)
(19.7667 0.562151 0)
(19.6998 -0.90203 0)
(19.2086 -2.43856 0)
(18.2476 -4.019 0)
(16.8024 -5.59978 0)
(14.8666 -7.1267 0)
(12.4464 -8.5421 0)
(9.56425 -9.7905 0)
(6.26501 -10.7905 0)
(2.60878 -11.4005 0)
(-1.30412 -11.4007 0)
(-5.24936 -10.7811 0)
(-9.02698 -9.67846 0)
(-12.4511 -8.11872 0)
(-15.3692 -6.18032 0)
(-17.6508 -3.97684 0)
(-19.1961 -1.65769 0)
(-19.8792 0.607569 0)
(-19.5745 2.65475 0)
(-18.4767 4.41529 0)
(-16.6467 5.86672 0)
(-14.2229 6.98216 0)
(-11.3777 7.76454 0)
(-8.28247 8.27276 0)
(-5.0586 8.54185 0)
(-1.74869 8.49652 0)
(1.51629 7.9499 0)
(4.50868 7.18567 0)
(15.0351 -18.0972 0)
(5.38598 -20.9863 0)
(-5.73556 -21.9786 0)
(-16.8477 -21.1021 0)
(-27.1372 -18.709 0)
(-35.8008 -14.9533 0)
(-42.1253 -10.2265 0)
(-45.6528 -5.07419 0)
(-45.8123 -0.106345 0)
(-43.3884 4.27307 0)
(-38.7998 8.03682 0)
(-32.7504 11.1013 0)
(-25.9687 13.3795 0)
(-19.0478 14.8083 0)
(-12.3858 15.3502 0)
(-6.15826 15.0901 0)
(-0.485358 14.2046 0)
(4.28893 12.7312 0)
(8.06188 10.9086 0)
(11.0133 9.09507 0)
(13.4021 7.5318 0)
(15.3843 6.29815 0)
(17.1154 5.35701 0)
(18.7279 4.62662 0)
(20.2969 4.00294 0)
(21.8354 3.36029 0)
(23.2828 2.57143 0)
(24.511 1.52933 0)
(25.3658 0.162011 0)
(25.6018 -1.56193 0)
(25.0747 -3.63374 0)
(23.6914 -5.98034 0)
(21.323 -8.46432 0)
(17.914 -10.9169 0)
(13.4593 -13.1473 0)
(8.03825 -14.9477 0)
(1.63869 -16.0867 0)
(-5.29886 -16.0454 0)
(-12.1554 -15.1158 0)
(-18.5196 -13.3061 0)
(-23.9771 -10.7242 0)
(-28.1782 -7.57768 0)
(-30.8851 -4.13704 0)
(-31.8594 -0.716728 0)
(-31.1383 2.39898 0)
(-29.057 5.10955 0)
(-25.8216 7.3486 0)
(-21.749 9.03481 0)
(-17.1789 10.1649 0)
(-12.4157 10.8216 0)
(-7.6552 11.1009 0)
(-2.95833 10.9588 0)
(1.45551 10.211 0)
(5.32794 9.35236 0)
(8.55607 8.46903 0)
(11.1712 7.55742 0)
(13.3103 6.67189 0)
(15.0769 5.81558 0)
(16.5524 4.95636 0)
(17.7886 4.04547 0)
(18.7924 3.02295 0)
(19.5269 1.83201 0)
(19.8785 0.426158 0)
(19.7571 -1.18156 0)
(19.1065 -2.93187 0)
(17.8386 -4.7616 0)
(15.9087 -6.59369 0)
(13.3022 -8.33001 0)
(10.0447 -9.85992 0)
(6.19831 -11.0791 0)
(1.78188 -11.8231 0)
(-2.96239 -11.7275 0)
(-7.63182 -11.0002 0)
(-11.9618 -9.7179 0)
(-15.7045 -7.93544 0)
(-18.6468 -5.77783 0)
(-20.6354 -3.40509 0)
(-21.5595 -1.00387 0)
(-21.3409 1.22781 0)
(-20.2391 3.20829 0)
(-18.3505 4.91171 0)
(-15.8511 6.28156 0)
(-12.9395 7.29558 0)
(-9.80384 7.98131 0)
(-6.59168 8.37995 0)
(-3.39308 8.48554 0)
(-0.268721 8.22485 0)
(2.60446 7.63156 0)
(5.13272 6.95906 0)
(7.26677 6.17191 0)
(9.03487 5.30131 0)
(10.4792 4.3871 0)
(11.624 3.44241 0)
(12.4842 2.46968 0)
(13.0698 1.46916 0)
(13.372 0.431256 0)
(13.3564 -0.654279 0)
(13.0272 -1.78035 0)
(12.3421 -2.92201 0)
(11.2855 -4.04923 0)
(9.85347 -5.12711 0)
(8.05273 -6.11199 0)
(5.905 -6.95021 0)
(3.44221 -7.57922 0)
(0.686669 -7.91557 0)
(-2.20665 -7.78057 0)
(-5.03565 -7.31726 0)
(-7.64441 -6.53429 0)
(-9.89121 -5.46091 0)
(-11.6534 -4.16161 0)
(-12.8436 -2.72231 0)
(-13.3831 -1.24354 0)
(-13.2864 0.17408 0)
(-12.6651 1.49151 0)
(-11.5721 2.68342 0)
(-10.1014 3.70315 0)
(-8.35611 4.52949 0)
(-6.43038 5.16211 0)
(-4.39562 5.60529 0)
(-2.29718 5.83334 0)
(-0.214181 5.77642 0)
(1.72645 5.54718 0)
(3.46894 5.20295 0)
(6.85025 -11.7209 0)
(1.44255 -13.261 0)
(-4.45736 -13.7187 0)
(-10.2506 -13.3597 0)
(-15.5116 -12.0857 0)
(-19.8081 -9.94575 0)
(-22.8119 -7.15643 0)
(-24.362 -3.99648 0)
(-24.42 -0.70693 0)
(-23.2912 2.4678 0)
(-21.1139 5.28542 0)
(-18.13 7.5523 0)
(-14.6024 9.17007 0)
(-10.7859 10.1451 0)
(-6.90238 10.5262 0)
(-3.13516 10.3655 0)
(0.30797 9.7 0)
(3.15686 8.66343 0)
(5.40105 7.5814 0)
(7.16924 6.59061 0)
(8.47087 5.70519 0)
(9.48545 4.92434 0)
(10.3492 4.24631 0)
(11.1464 3.64111 0)
(11.9273 3.06375 0)
(12.7005 2.45662 0)
(13.4345 1.75355 0)
(14.057 0.896506 0)
(14.4828 -0.151545 0)
(14.581 -1.40728 0)
(14.2313 -2.86456 0)
(13.3557 -4.47386 0)
(11.8665 -6.14605 0)
(9.73407 -7.76911 0)
(6.9739 -9.17723 0)
(3.54984 -10.2145 0)
(-0.375475 -10.7279 0)
(-4.41347 -10.6634 0)
(-8.29776 -10.0801 0)
(-11.7891 -8.95989 0)
(-14.6463 -7.3741 0)
(-16.6856 -5.4507 0)
(-17.7978 -3.34168 0)
(-17.9474 -1.19417 0)
(-17.3245 0.870851 0)
(-16.0123 2.76435 0)
(-14.1572 4.39603 0)
(-11.922 5.70971 0)
(-9.46118 6.68306 0)
(-6.90458 7.31432 0)
(-4.34201 7.63185 0)
(-1.83154 7.68323 0)
(0.507521 7.46566 0)
(2.54333 7.03185 0)
(4.34504 6.50023 0)
(5.93347 5.8984 0)
(7.34235 5.25229 0)
(8.59047 4.5727 0)
(9.692 3.85933 0)
(10.6481 3.09522 0)
(11.4403 2.25438 0)
(12.0323 1.31341 0)
(12.3734 0.251477 0)
(12.3518 -0.927389 0)
(11.9594 -2.18385 0)
(11.1369 -3.4719 0)
(9.86215 -4.74209 0)
(8.13696 -5.92784 0)
(5.99072 -6.9348 0)
(3.45981 -7.67651 0)
(0.594491 -8.07979 0)
(-2.36777 -7.98216 0)
(-5.19744 -7.52224 0)
(-7.74629 -6.70717 0)
(-9.87602 -5.57233 0)
(-11.4719 -4.19418 0)
(-12.4731 -2.66854 0)
(-12.8397 -1.09018 0)
(-12.6453 0.457462 0)
(-11.9705 1.90916 0)
(-10.8781 3.19886 0)
(-9.45799 4.27535 0)
(-7.80172 5.10995 0)
(-5.99381 5.69179 0)
(-4.10545 6.03085 0)
(-2.19386 6.1496 0)
(-0.307 6.05003 0)
(1.45673 5.72194 0)
(3.0458 5.24413 0)
(4.45774 4.66247 0)
(5.68073 4.0152 0)
(6.70845 3.32183 0)
(7.54075 2.59555 0)
(8.17712 1.845 0)
(8.61663 1.07376 0)
(8.85523 0.279638 0)
(8.85865 -0.540596 0)
(8.63574 -1.38071 0)
(8.15997 -2.22179 0)
(7.42448 -3.04147 0)
(6.43037 -3.81342 0)
(5.18989 -4.50588 0)
(3.72894 -5.0766 0)
(2.06269 -5.47444 0)
(0.236627 -5.66247 0)
(-1.6079 -5.5669 0)
(-3.36671 -5.25996 0)
(-4.96311 -4.74305 0)
(-6.32129 -4.03224 0)
(-7.37666 -3.16428 0)
(-8.09121 -2.19037 0)
(-8.44093 -1.15883 0)
(-8.44632 -0.118737 0)
(-8.14747 0.878833 0)
(-7.56778 1.78876 0)
(-6.74988 2.57833 0)
(-5.74174 3.22581 0)
(-4.59009 3.71926 0)
(-3.33589 4.06008 0)
(-2.01333 4.25894 0)
(-0.673329 4.30469 0)
(0.599855 4.16161 0)
(1.78352 3.9051 0)
(3.37656 -8.53079 0)
(0.335439 -9.45536 0)
(-2.95502 -9.81957 0)
(-6.21288 -9.577 0)
(-9.20328 -8.73083 0)
(-11.7018 -7.31573 0)
(-13.541 -5.45739 0)
(-14.6158 -3.31994 0)
(-14.881 -1.05926 0)
(-14.4225 1.14677 0)
(-13.2974 3.1494 0)
(-11.6418 4.86501 0)
(-9.61145 6.23651 0)
(-7.35822 7.21302 0)
(-5.02204 7.76594 0)
(-2.72105 7.91424 0)
(-0.55982 7.70055 0)
(1.35441 7.19378 0)
(2.96611 6.51031 0)
(4.3803 5.7258 0)
(5.56892 4.94175 0)
(6.54658 4.20161 0)
(7.38421 3.54047 0)
(8.10444 2.94146 0)
(8.72858 2.37494 0)
(9.26584 1.8 0)
(9.70269 1.17088 0)
(10.0132 0.447525 0)
(10.1569 -0.391108 0)
(10.0616 -1.35259 0)
(9.68163 -2.4411 0)
(8.94615 -3.61624 0)
(7.81788 -4.80534 0)
(6.30806 -5.92897 0)
(4.43568 -6.88567 0)
(2.14089 -7.58758 0)
(-0.344158 -7.92429 0)
(-2.84034 -7.89284 0)
(-5.24573 -7.4789 0)
(-7.43757 -6.6914 0)
(-9.28962 -5.5787 0)
(-10.7051 -4.2179 0)
(-11.6307 -2.69902 0)
(-12.0393 -1.10139 0)
(-11.9422 0.475462 0)
(-11.4001 1.93091 0)
(-10.4595 3.20151 0)
(-9.19608 4.24133 0)
(-7.69265 5.02193 0)
(-6.0292 5.53973 0)
(-4.27716 5.80844 0)
(-2.49868 5.85487 0)
(-0.761785 5.70591 0)
(0.869774 5.40963 0)
(2.36165 5.00741 0)
(3.71955 4.50519 0)
(4.92358 3.98629 0)
(5.98482 3.44697 0)
(6.90613 2.8788 0)
(7.68199 2.26997 0)
(8.29997 1.60549 0)
(8.73677 0.873109 0)
(8.9638 0.0678472 0)
(8.93553 -0.808349 0)
(8.62126 -1.73115 0)
(7.9993 -2.66493 0)
(7.05663 -3.5691 0)
(5.81588 -4.39899 0)
(4.31602 -5.09859 0)
(2.52173 -5.61054 0)
(0.559395 -5.84581 0)
(-1.41074 -5.78327 0)
(-3.30003 -5.46052 0)
(-5.02735 -4.8781 0)
(-6.5082 -4.06614 0)
(-7.67183 -3.07589 0)
(-8.47285 -1.97158 0)
(-8.89648 -0.81428 0)
(-8.91706 0.332269 0)
(-8.59091 1.40333 0)
(-7.94068 2.35224 0)
(-7.01716 3.14668 0)
(-5.87886 3.76611 0)
(-4.58593 4.20421 0)
(-3.19629 4.46772 0)
(-1.76442 4.57032 0)
(-0.323819 4.51394 0)
(1.06298 4.27755 0)
(2.31685 3.91233 0)
(3.4436 3.48648 0)
(4.42548 3.00595 0)
(5.2523 2.48394 0)
(5.91999 1.93215 0)
(6.42492 1.35797 0)
(6.76477 0.765683 0)
(6.93427 0.158791 0)
(6.91691 -0.461125 0)
(6.71737 -1.09026 0)
(6.32069 -1.71378 0)
(5.72556 -2.31433 0)
(4.93688 -2.87361 0)
(3.96987 -3.37243 0)
(2.85118 -3.78409 0)
(1.57735 -4.06566 0)
(0.218502 -4.16247 0)
(-1.13532 -4.09267 0)
(-2.4333 -3.86988 0)
(-3.62918 -3.49143 0)
(-4.67382 -2.97233 0)
(-5.52237 -2.34004 0)
(-6.14284 -1.63022 0)
(-6.51925 -0.877188 0)
(-6.63442 -0.115086 0)
(-6.50401 0.614436 0)
(-6.14958 1.28053 0)
(-5.59295 1.86301 0)
(-4.86794 2.34462 0)
(-4.01162 2.71408 0)
(-3.06002 2.96696 0)
(-2.0469 3.10615 0)
(-1.00763 3.13883 0)
(0.0170012 3.07347 0)
(0.985473 2.90663 0)
(2.67675 -5.99759 0)
(0.168687 -6.65914 0)
(-2.5536 -6.89469 0)
(-5.32 -6.70857 0)
(-7.90887 -6.16106 0)
(-10.1412 -5.16633 0)
(-11.9118 -3.84484 0)
(-13.1168 -2.31657 0)
(-13.6963 -0.688688 0)
(-13.604 0.913633 0)
(-12.9214 2.37256 0)
(-11.7048 3.61081 0)
(-10.0528 4.5705 0)
(-8.08184 5.22317 0)
(-5.9157 5.56643 0)
(-3.67953 5.61945 0)
(-1.49605 5.42466 0)
(0.531827 5.05597 0)
(2.33191 4.60863 0)
(3.95981 4.13675 0)
(5.35371 3.61581 0)
(6.47277 3.10618 0)
(7.4177 2.64986 0)
(8.2095 2.21881 0)
(8.86093 1.79056 0)
(9.38218 1.34256 0)
(9.76683 0.850179 0)
(9.98539 0.289359 0)
(10.0004 -0.353794 0)
(9.78183 -1.07547 0)
(9.2925 -1.86096 0)
(8.49331 -2.68229 0)
(7.36052 -3.50248 0)
(5.88689 -4.2794 0)
(4.08868 -4.9246 0)
(2.04641 -5.4083 0)
(-0.138596 -5.59387 0)
(-2.39266 -5.56048 0)
(-4.56936 -5.25194 0)
(-6.5732 -4.68178 0)
(-8.30561 -3.89072 0)
(-9.68275 -2.93192 0)
(-10.6444 -1.86747 0)
(-11.1614 -0.758726 0)
(-11.2017 0.330069 0)
(-10.8163 1.33608 0)
(-10.0441 2.21611 0)
(-8.94438 2.94025 0)
(-7.58914 3.48969 0)
(-6.05414 3.85998 0)
(-4.41378 4.05874 0)
(-2.73764 4.09905 0)
(-1.09009 3.99909 0)
(0.475274 3.79971 0)
(1.92803 3.5386 0)
(3.28377 3.25099 0)
(4.46579 2.86178 0)
(5.4928 2.46264 0)
(6.37153 2.03942 0)
(7.08987 1.58257 0)
(7.6351 1.08755 0)
(7.99095 0.550374 0)
(8.13186 -0.0281475 0)
(8.03153 -0.646272 0)
(7.68385 -1.29052 0)
(7.06756 -1.9334 0)
(6.18292 -2.54478 0)
(5.04535 -3.09985 0)
(3.69037 -3.57124 0)
(2.10437 -3.86563 0)
(0.428984 -4.02185 0)
(-1.26652 -3.9888 0)
(-2.9013 -3.75722 0)
(-4.40455 -3.34598 0)
(-5.70419 -2.78117 0)
(-6.73885 -2.09773 0)
(-7.4654 -1.33768 0)
(-7.86256 -0.544841 0)
(-7.90498 0.239678 0)
(-7.63683 0.978344 0)
(-7.07095 1.6372 0)
(-6.2509 2.19198 0)
(-5.22747 2.62681 0)
(-4.05506 2.93457 0)
(-2.78741 3.11932 0)
(-1.47605 3.19469 0)
(-0.16564 3.16575 0)
(1.11089 3.00662 0)
(2.28374 2.75265 0)
(3.33159 2.45919 0)
(4.24251 2.12127 0)
(5.00533 1.74973 0)
(5.61283 1.35438 0)
(6.05962 0.941773 0)
(6.34348 0.51586 0)
(6.45452 0.0809118 0)
(6.39598 -0.360256 0)
(6.16427 -0.803398 0)
(5.75436 -1.23704 0)
(5.16972 -1.64915 0)
(4.4184 -2.02835 0)
(3.51641 -2.36656 0)
(2.49263 -2.65611 0)
(1.33861 -2.85472 0)
(0.123001 -2.87582 0)
(-1.08398 -2.82994 0)
(-2.24261 -2.67465 0)
(-3.31311 -2.40934 0)
(-4.25089 -2.04906 0)
(-5.01802 -1.6133 0)
(-5.5863 -1.12526 0)
(-5.93908 -0.608881 0)
(-6.06326 -0.0869099 0)
(-5.96402 0.415691 0)
(-5.665 0.876785 0)
(-5.18241 1.27945 0)
(-4.54535 1.61251 0)
(-3.78559 1.87025 0)
(-2.93638 2.04797 0)
(-2.03294 2.14307 0)
(-1.1097 2.1576 0)
(-0.200157 2.10374 0)
(0.673194 1.99675 0)
(2.15094 -3.7898 0)
(-0.399747 -4.06079 0)
(-3.1219 -4.10022 0)
(-5.94595 -3.88676 0)
(-8.52019 -3.75373 0)
(-10.6732 -3.11053 0)
(-12.4272 -2.31237 0)
(-13.6279 -1.41612 0)
(-14.2024 -0.476908 0)
(-14.1201 0.446696 0)
(-13.4353 1.29708 0)
(-12.2111 2.0275 0)
(-10.5469 2.60906 0)
(-8.55933 3.0237 0)
(-6.37004 3.26153 0)
(-4.09779 3.33038 0)
(-1.85236 3.25585 0)
(0.273518 3.07551 0)
(2.1971 2.85015 0)
(3.95424 2.66535 0)
(5.53628 2.32097 0)
(6.86619 1.98724 0)
(7.99235 1.69256 0)
(8.92673 1.41747 0)
(9.67414 1.1494 0)
(10.2334 0.8696 0)
(10.5984 0.561881 0)
(10.7492 0.217351 0)
(10.6532 -0.17151 0)
(10.2928 -0.608594 0)
(9.63766 -1.08615 0)
(8.67207 -1.58423 0)
(7.39648 -2.07595 0)
(5.82806 -2.54155 0)
(3.99398 -2.95213 0)
(1.98509 -3.24249 0)
(-0.236352 -3.40862 0)
(-2.51 -3.33729 0)
(-4.6552 -3.11975 0)
(-6.62603 -2.7697 0)
(-8.32373 -2.30198 0)
(-9.66628 -1.74312 0)
(-10.5976 -1.12654 0)
(-11.0928 -0.487494 0)
(-11.1333 0.142707 0)
(-10.7572 0.732652 0)
(-10.0033 1.25264 0)
(-8.92855 1.6826 0)
(-7.60254 2.01024 0)
(-6.09624 2.23382 0)
(-4.48025 2.35994 0)
(-2.82274 2.39578 0)
(-1.18656 2.35216 0)
(0.366999 2.25149 0)
(1.84999 2.14184 0)
(3.24466 1.97562 0)
(4.4439 1.72426 0)
(5.48312 1.48502 0)
(6.36199 1.23358 0)
(7.06223 0.965126 0)
(7.56429 0.675181 0)
(7.85739 0.358398 0)
(7.91917 0.0145591 0)
(7.74022 -0.352719 0)
(7.31518 -0.734861 0)
(6.63991 -1.11598 0)
(5.72316 -1.48162 0)
(4.59019 -1.81991 0)
(3.28428 -2.12644 0)
(1.73733 -2.36998 0)
(0.0958683 -2.42525 0)
(-1.49277 -2.36361 0)
(-3.02446 -2.20879 0)
(-4.43023 -1.96275 0)
(-5.63705 -1.63493 0)
(-6.58858 -1.24263 0)
(-7.24675 -0.807956 0)
(-7.58844 -0.354132 0)
(-7.60641 0.0988513 0)
(-7.32538 0.527629 0)
(-6.76223 0.909724 0)
(-5.95682 1.23315 0)
(-4.9564 1.48988 0)
(-3.81205 1.67611 0)
(-2.57685 1.7927 0)
(-1.31133 1.85145 0)
(-0.0403257 1.88386 0)
(1.23217 1.80179 0)
(2.3842 1.65058 0)
(3.40819 1.47714 0)
(4.30355 1.28032 0)
(5.05354 1.06477 0)
(5.64682 0.83535 0)
(6.07576 0.595764 0)
(6.33693 0.348832 0)
(6.41377 0.0952279 0)
(6.31357 -0.164751 0)
(6.03618 -0.427551 0)
(5.5855 -0.685815 0)
(4.97005 -0.931566 0)
(4.20223 -1.15613 0)
(3.29987 -1.35322 0)
(2.28156 -1.5317 0)
(1.21362 -1.66314 0)
(0.0705884 -1.72733 0)
(-1.11767 -1.68046 0)
(-2.21491 -1.57107 0)
(-3.22346 -1.40929 0)
(-4.10495 -1.19901 0)
(-4.82276 -0.948224 0)
(-5.35179 -0.668772 0)
(-5.67792 -0.374462 0)
(-5.79107 -0.0772227 0)
(-5.69716 0.211684 0)
(-5.41297 0.478349 0)
(-4.95425 0.712069 0)
(-4.34877 0.907366 0)
(-3.62721 1.05913 0)
(-2.8213 1.16498 0)
(-1.96376 1.2251 0)
(-1.08877 1.2405 0)
(-0.2323 1.21708 0)
(0.595831 1.1765 0)
(2.91257 -1.35222 0)
(0.421316 -1.38949 0)
(-2.29003 -1.36419 0)
(-5.40124 -1.23477 0)
(-8.01737 -1.30997 0)
(-10.017 -1.05266 0)
(-11.9448 -0.782001 0)
(-13.3144 -0.489498 0)
(-14.0729 -0.186346 0)
(-14.2066 0.112835 0)
(-13.7399 0.390779 0)
(-12.7331 0.630428 0)
(-11.2738 0.821352 0)
(-9.47 0.95832 0)
(-7.42176 1.03708 0)
(-5.26549 1.06321 0)
(-3.08878 1.04566 0)
(-0.96955 0.994923 0)
(1.03824 0.938761 0)
(2.79098 0.928202 0)
(4.33057 0.799191 0)
(5.76851 0.691633 0)
(7.03821 0.596319 0)
(8.14151 0.508084 0)
(9.08153 0.421931 0)
(9.85134 0.333096 0)
(10.4338 0.236307 0)
(10.803 0.124793 0)
(10.9271 -0.00624835 0)
(10.7676 -0.156386 0)
(10.2882 -0.321059 0)
(9.46123 -0.492899 0)
(8.2737 -0.663482 0)
(6.73282 -0.821449 0)
(4.86886 -0.955853 0)
(2.78436 -1.08126 0)
(0.678032 -1.16897 0)
(-1.46607 -1.10607 0)
(-3.62849 -1.02365 0)
(-5.63482 -0.90272 0)
(-7.3874 -0.75043 0)
(-8.8106 -0.572695 0)
(-9.8497 -0.378338 0)
(-10.474 -0.177363 0)
(-10.6756 0.0221588 0)
(-10.4681 0.210441 0)
(-9.88548 0.377229 0)
(-8.98129 0.516493 0)
(-7.80539 0.622838 0)
(-6.44454 0.696909 0)
(-4.95323 0.74107 0)
(-3.39405 0.757569 0)
(-1.81913 0.750372 0)
(-0.262949 0.735319 0)
(1.16415 0.7371 0)
(2.49106 0.656597 0)
(3.71955 0.569673 0)
(4.81545 0.491032 0)
(5.7595 0.411519 0)
(6.53784 0.327912 0)
(7.13809 0.237011 0)
(7.54016 0.136634 0)
(7.72348 0.0258362 0)
(7.66774 -0.09423 0)
(7.35625 -0.21947 0)
(6.78044 -0.345842 0)
(5.94057 -0.468736 0)
(4.84428 -0.581172 0)
(3.50139 -0.689886 0)
(2.1108 -0.855267 0)
(0.669767 -0.816065 0)
(-0.902746 -0.77225 0)
(-2.43777 -0.71487 0)
(-3.85442 -0.633264 0)
(-5.09148 -0.529559 0)
(-6.09719 -0.407511 0)
(-6.83316 -0.273 0)
(-7.27666 -0.131783 0)
(-7.42137 0.011212 0)
(-7.26289 0.147212 0)
(-6.83818 0.268942 0)
(-6.17085 0.373534 0)
(-5.30206 0.458193 0)
(-4.27503 0.521424 0)
(-3.13285 0.563248 0)
(-1.91398 0.586111 0)
(-0.717187 0.618329 0)
(0.449793 0.611103 0)
(1.56339 0.547972 0)
(2.6107 0.488013 0)
(3.54963 0.423932 0)
(4.36071 0.355797 0)
(5.03065 0.284276 0)
(5.54932 0.210094 0)
(5.909 0.134201 0)
(6.10584 0.055614 0)
(6.13591 -0.0270922 0)
(5.99011 -0.112403 0)
(5.66567 -0.197439 0)
(5.16544 -0.279272 0)
(4.49809 -0.354985 0)
(3.67676 -0.420103 0)
(2.71905 -0.468199 0)
(1.67012 -0.50038 0)
(0.615506 -0.586012 0)
(-0.43851 -0.542259 0)
(-1.51173 -0.504975 0)
(-2.51406 -0.449067 0)
(-3.40229 -0.381252 0)
(-4.14447 -0.303111 0)
(-4.71581 -0.217141 0)
(-5.09981 -0.126789 0)
(-5.28885 -0.0349872 0)
(-5.28467 0.0554791 0)
(-5.09003 0.139227 0)
(-4.73138 0.212464 0)
(-4.22597 0.273699 0)
(-3.60115 0.321985 0)
(-2.88549 0.356677 0)
(-2.10819 0.377407 0)
(-1.29718 0.384575 0)
(-0.47654 0.383072 0)
(0.293982 0.384012 0)
(-8.43059 -116.127 0)
(-12.654 -119.177 0)
(-14.568 -115.976 0)
(-14.7882 -108.008 0)
(-13.8036 -95.6923 0)
(-12.3083 -79.6074 0)
(-10.7392 -60.3131 0)
(-8.95873 -39.6329 0)
(-5.21269 -21.3846 0)
(-1.88695 -9.28601 0)
(1.87723 9.92764 0)
(1.99494 31.3569 0)
(1.20886 47.2218 0)
(0.446916 60.3354 0)
(-0.545333 71.0178 0)
(-1.27927 80.1683 0)
(-2.22846 88.2532 0)
(-4.29135 94.7383 0)
(-5.76268 97.5676 0)
(-6.21525 95.2847 0)
(-5.84146 89.4237 0)
(-4.59783 80.5947 0)
(-2.80519 69.5243 0)
(-1.02462 56.2903 0)
(-0.327307 40.7516 0)
(-0.968338 24.753 0)
(-1.09837 11.7626 0)
(2.03642 4.87093 0)
(6.72487 -13.8693 0)
(7.70613 -29.1857 0)
(8.28111 -41.9741 0)
(9.0381 -52.9043 0)
(9.36694 -62.2 0)
(8.10118 -69.6597 0)
(6.11887 -75.1597 0)
(4.02509 -78.1547 0)
(2.52858 -77.4908 0)
(1.5605 -74.2694 0)
(0.631785 -68.5675 0)
(-0.565671 -60.3307 0)
(-2.02857 -49.7529 0)
(-3.44656 -37.5075 0)
(-4.34996 -24.8977 0)
(-3.99815 -13.9064 0)
(-3.86974 -6.18589 0)
(-4.17572 2.29741 0)
(-4.7635 18.2282 0)
(-4.23654 29.7244 0)
(-3.61536 39.7351 0)
(-3.20705 48.1548 0)
(-2.42237 54.9553 0)
(-1.5107 60.0891 0)
(-0.621982 63.2323 0)
(1.2708 63.2129 0)
(2.5447 61.1039 0)
(3.26788 57.115 0)
(3.49719 51.2942 0)
(3.20476 43.6725 0)
(2.34444 34.4384 0)
(0.939293 24.2333 0)
(-0.610376 14.3438 0)
(-1.28587 6.57437 0)
(-1.41319 2.39902 0)
(-1.38027 -11.5345 0)
(-1.15499 -21.903 0)
(-0.843158 -30.8388 0)
(-0.492071 -38.5719 0)
(-0.100657 -45.0057 0)
(0.422557 -50.0854 0)
(1.24 -53.4739 0)
(2.38064 -54.1324 0)
(3.266 -52.2903 0)
(3.68142 -48.3867 0)
(3.68142 -42.7634 0)
(3.15971 -35.6808 0)
(2.1242 -27.4906 0)
(0.819691 -19.0043 0)
(-0.235654 -11.235 0)
(-0.584898 -5.296 0)
(-1.80373 -1.0688 0)
(-3.15329 9.14972 0)
(-3.76442 17.0324 0)
(-3.84463 24.1565 0)
(-3.96053 30.3698 0)
(-3.66555 35.592 0)
(-3.00465 39.7725 0)
(-2.09979 42.6374 0)
(-1.08899 43.3639 0)
(-0.201844 42.1785 0)
(0.765018 39.518 0)
(1.78682 35.451 0)
(2.43307 30.052 0)
(2.32897 23.605 0)
(1.87773 16.6476 0)
(1.16438 9.99779 0)
(0.395019 4.72476 0)
(0.0302109 2.05175 0)
(-0.097991 -6.17012 0)
(-0.43222 -13.2086 0)
(-0.734456 -19.0771 0)
(-0.886368 -24.3164 0)
(-0.925549 -28.8396 0)
(-0.820369 -32.5859 0)
(-0.50358 -35.3109 0)
(0.159181 -36.2477 0)
(0.838876 -35.3741 0)
(1.38011 -33.1941 0)
(1.73281 -29.717 0)
(1.85566 -25.0406 0)
(1.71035 -19.4805 0)
(1.29091 -13.6042 0)
(0.710008 -8.12709 0)
(0.148114 -3.81338 0)
(0.0111397 -1.27444 0)
(-0.463583 5.44592 0)
(-1.02407 10.785 0)
(-1.42054 15.4211 0)
(-1.63678 19.5281 0)
(-1.73802 22.9865 0)
(-1.66992 25.813 0)
(-1.41718 27.9334 0)
(-0.992258 28.9476 0)
(-2.72196 -109.384 0)
(-9.39242 -114.793 0)
(-14.0983 -113.268 0)
(-17.475 -106.636 0)
(-19.8348 -95.0636 0)
(-21.2942 -79.374 0)
(-21.6977 -61.1317 0)
(-20.343 -42.7156 0)
(-17.3939 -26.5041 0)
(-17.489 -11.1758 0)
(-17.034 9.46358 0)
(-15.3269 30.5825 0)
(-13.0913 47.4868 0)
(-12.2497 60.8417 0)
(-11.2054 71.718 0)
(-13.1805 81.0127 0)
(-13.7334 89.1911 0)
(-13.3599 95.4238 0)
(-11.7144 96.9011 0)
(-9.4691 94.0153 0)
(-7.05221 87.6969 0)
(-3.98968 78.7325 0)
(-2.62875 67.6222 0)
(1.44078 54.6467 0)
(4.80435 40.0596 0)
(6.82399 24.9443 0)
(11.3057 9.87822 0)
(17.8381 -3.82252 0)
(27.5303 -19.8612 0)
(30.2979 -31.6154 0)
(28.8102 -42.2766 0)
(25.4366 -51.8666 0)
(20.4614 -59.8012 0)
(14.9081 -66.0657 0)
(9.43568 -71.0989 0)
(4.43626 -74.5956 0)
(0.438551 -74.7374 0)
(-2.56132 -72.0107 0)
(-5.07365 -66.4734 0)
(-7.28869 -58.2875 0)
(-9.17706 -47.9631 0)
(-10.5624 -36.4256 0)
(-10.8651 -25.0088 0)
(-9.96861 -15.1927 0)
(-10.6568 -6.25514 0)
(-11.6241 5.0605 0)
(-12.6016 17.2291 0)
(-11.8552 28.6474 0)
(-10.4522 38.6511 0)
(-9.04789 46.9967 0)
(-7.31991 53.6575 0)
(-5.37483 58.7252 0)
(-3.49759 61.8303 0)
(-1.7211 62.0196 0)
(-0.298155 60.3924 0)
(0.869389 56.8563 0)
(1.91543 51.2907 0)
(2.93047 43.9309 0)
(3.89307 35.1647 0)
(4.46983 25.3914 0)
(4.25792 15.5362 0)
(5.44686 6.29231 0)
(7.45596 1.07682 0)
(10.3398 -13.0861 0)
(10.5799 -22.5855 0)
(9.65425 -31.0818 0)
(8.18222 -38.5428 0)
(6.26439 -44.9149 0)
(4.1799 -50.1617 0)
(2.23943 -53.8251 0)
(0.748946 -54.4808 0)
(-0.120025 -52.4568 0)
(-0.730683 -48.2695 0)
(-1.33628 -42.2162 0)
(-2.06448 -34.6794 0)
(-2.85465 -26.2656 0)
(-3.37437 -17.9036 0)
(-3.16529 -10.6575 0)
(-3.94267 -4.82274 0)
(-4.89144 1.27236 0)
(-6.53263 9.876 0)
(-7.19009 17.3665 0)
(-7.15001 24.1917 0)
(-6.86937 30.1158 0)
(-6.25192 35.0247 0)
(-5.2946 38.9235 0)
(-3.99675 41.6173 0)
(-2.32711 42.2532 0)
(-0.587952 41.042 0)
(1.05787 38.3498 0)
(2.55362 34.4119 0)
(3.87084 29.3932 0)
(4.89738 23.4601 0)
(5.20726 17.0802 0)
(4.69797 11.0191 0)
(4.72593 5.52102 0)
(4.96409 1.33557 0)
(5.6359 -6.23545 0)
(5.44715 -12.7794 0)
(4.55106 -18.5999 0)
(3.46619 -23.816 0)
(2.23052 -28.3778 0)
(0.886405 -32.2714 0)
(-0.398799 -35.3125 0)
(-1.40055 -36.7177 0)
(-1.83705 -35.9903 0)
(-1.9328 -33.7656 0)
(-1.95529 -30.0843 0)
(-2.01182 -25.0967 0)
(-2.11462 -19.1932 0)
(-2.16423 -13.046 0)
(-1.85756 -7.52822 0)
(-1.81728 -3.3674 0)
(-2.08184 -1.16677 0)
(-2.91135 5.99364 0)
(-3.35893 11.2187 0)
(-3.46565 15.747 0)
(-3.46564 19.7047 0)
(-3.33271 23.0394 0)
(-3.03033 25.754 0)
(-2.53674 27.7428 0)
(-1.76142 28.5115 0)
(-0.733952 27.9158 0)
(0.408535 26.2633 0)
(1.94038 -100.77 0)
(-6.84337 -107.638 0)
(-14.1325 -107.618 0)
(-20.1949 -102.026 0)
(-25.1885 -91.6499 0)
(-28.8351 -77.4444 0)
(-30.781 -60.9545 0)
(-30.8458 -43.9645 0)
(-30.3622 -27.5184 0)
(-31.7258 -9.88106 0)
(-31.8608 9.48322 0)
(-31.3297 28.3628 0)
(-29.7185 45.0806 0)
(-28.1112 59.2875 0)
(-26.696 71.4046 0)
(-26.1725 81.33 0)
(-25.4115 88.5959 0)
(-23.5162 92.8327 0)
(-19.5517 93.3608 0)
(-14.7526 90.8167 0)
(-10.0684 84.89 0)
(-4.93101 75.599 0)
(0.946666 63.054 0)
(7.79173 48.9339 0)
(18.1982 34.6499 0)
(29.929 17.4403 0)
(38.2042 1.26585 0)
(44.1425 -12.113 0)
(45.6513 -22.8864 0)
(42.7912 -30.8951 0)
(37.5392 -37.9944 0)
(31.0421 -45.3005 0)
(23.9114 -52.3717 0)
(16.7389 -58.8118 0)
(9.90787 -64.4846 0)
(3.57149 -68.8347 0)
(-1.94242 -70.3607 0)
(-6.52703 -68.3455 0)
(-10.4637 -63.455 0)
(-13.7162 -55.9029 0)
(-16.1228 -46.3251 0)
(-17.5314 -35.7014 0)
(-17.8237 -25.1277 0)
(-17.7973 -15.2481 0)
(-18.7518 -5.06604 0)
(-19.2182 5.77251 0)
(-19.5628 17.1248 0)
(-18.8953 27.7939 0)
(-17.4942 37.1716 0)
(-15.6737 45.102 0)
(-13.5214 51.4978 0)
(-11.1558 56.3883 0)
(-8.59265 59.5234 0)
(-5.74341 59.8871 0)
(-2.65477 58.2493 0)
(0.752552 54.5735 0)
(4.42082 48.8903 0)
(8.06709 41.4614 0)
(11.4048 32.8497 0)
(14.3785 23.698 0)
(17.2019 14.2679 0)
(19.4082 4.62006 0)
(21.1815 -4.36709 0)
(22.1508 -13.2239 0)
(20.622 -21.4157 0)
(17.7887 -28.774 0)
(14.3794 -35.3895 0)
(10.5266 -41.2387 0)
(6.42892 -46.2528 0)
(2.28814 -50.1365 0)
(-1.49279 -51.8482 0)
(-4.45882 -50.5478 0)
(-6.76544 -46.9328 0)
(-8.49365 -41.2516 0)
(-9.66104 -34.0409 0)
(-10.2481 -26.0717 0)
(-10.1571 -18.2219 0)
(-9.67744 -11.1598 0)
(-10.1372 -4.30429 0)
(-10.5727 3.02372 0)
(-11.3567 10.5273 0)
(-11.5007 17.6512 0)
(-11.0905 24.003 0)
(-10.3088 29.4873 0)
(-9.13996 34.0212 0)
(-7.59873 37.5253 0)
(-5.62663 39.7498 0)
(-3.19724 39.9704 0)
(-0.583429 38.779 0)
(1.99452 36.2218 0)
(4.39989 32.4563 0)
(6.50985 27.7172 0)
(8.16109 22.2987 0)
(9.17693 16.5579 0)
(9.71955 10.9066 0)
(10.5253 5.37716 0)
(11.2176 -0.314279 0)
(11.869 -6.25938 0)
(11.5728 -12.0904 0)
(10.4693 -17.3836 0)
(8.91999 -22.1212 0)
(6.96953 -26.3309 0)
(4.66756 -29.99 0)
(2.11671 -32.9951 0)
(-0.501587 -34.9348 0)
(-2.77282 -34.7365 0)
(-4.59471 -32.9139 0)
(-5.98998 -29.5254 0)
(-6.93613 -24.83 0)
(-7.37432 -19.3212 0)
(-7.20672 -13.6817 0)
(-6.46174 -8.60643 0)
(-6.18804 -4.12022 0)
(-6.41996 0.869589 0)
(-6.92158 6.20615 0)
(-6.89884 11.2295 0)
(-6.51698 15.6501 0)
(-6.0438 19.433 0)
(-5.40415 22.583 0)
(-4.54109 25.07 0)
(-3.40139 26.7417 0)
(-1.91495 27.1094 0)
(-0.219374 26.3722 0)
(1.50207 24.687 0)
(5.33799 -90.4938 0)
(-4.94761 -98.1758 0)
(-14.2381 -99.6972 0)
(-22.2924 -95.164 0)
(-29.2006 -86.1942 0)
(-34.6184 -73.6499 0)
(-38.3042 -58.7777 0)
(-40.562 -42.792 0)
(-42.661 -26.19 0)
(-44.8811 -8.65195 0)
(-45.6834 9.46312 0)
(-45.6853 27.2816 0)
(-44.4637 43.5249 0)
(-42.6609 57.6589 0)
(-40.7514 69.8236 0)
(-38.8147 79.7221 0)
(-36.5436 86.7064 0)
(-32.9885 89.5004 0)
(-27.7862 88.5334 0)
(-20.3557 84.3961 0)
(-10.6985 77.0093 0)
(0.682201 66.4925 0)
(13.8305 53.5172 0)
(28.9775 37.9156 0)
(42.241 20.0533 0)
(52.6749 5.24471 0)
(58.6557 -5.42213 0)
(58.8971 -12.8579 0)
(54.8637 -18.7002 0)
(48.4291 -24.0216 0)
(40.8705 -30.2515 0)
(32.7057 -37.536 0)
(24.399 -44.6971 0)
(16.6175 -51.5193 0)
(9.26138 -57.5873 0)
(2.29684 -62.3101 0)
(-4.10027 -64.6084 0)
(-9.65726 -63.2523 0)
(-14.5049 -59.1434 0)
(-18.554 -52.5458 0)
(-21.6001 -44.0598 0)
(-23.5447 -34.4906 0)
(-24.5657 -24.6015 0)
(-25.4295 -14.693 0)
(-26.4248 -4.40881 0)
(-26.6731 6.15666 0)
(-26.6178 16.6855 0)
(-25.7062 26.568 0)
(-24.016 35.3501 0)
(-21.8214 42.845 0)
(-19.2728 48.9633 0)
(-16.334 53.651 0)
(-12.6516 56.1943 0)
(-8.19225 56.0696 0)
(-3.20806 53.9341 0)
(2.17421 49.8546 0)
(7.74671 44.0246 0)
(13.2858 36.7982 0)
(18.6835 28.5647 0)
(23.7192 19.5973 0)
(27.5758 10.499 0)
(29.7547 2.48675 0)
(30.6129 -4.34577 0)
(29.7722 -11.4888 0)
(27.1803 -18.3892 0)
(23.5141 -24.8844 0)
(19.2629 -31.0477 0)
(14.6247 -36.7043 0)
(9.74707 -41.6497 0)
(4.71879 -45.5402 0)
(-0.286162 -47.6345 0)
(-4.87073 -46.9219 0)
(-8.83641 -44.0305 0)
(-12.0238 -39.1693 0)
(-14.2973 -32.8254 0)
(-15.612 -25.6566 0)
(-16.0987 -18.3174 0)
(-16.3565 -11.1439 0)
(-16.9055 -3.92787 0)
(-16.9919 3.28871 0)
(-17.042 10.4515 0)
(-16.597 17.149 0)
(-15.6331 23.0689 0)
(-14.2645 28.1293 0)
(-12.5136 32.2608 0)
(-10.3463 35.3733 0)
(-7.61867 37.0627 0)
(-4.45133 37.0581 0)
(-1.15045 35.7767 0)
(2.12756 33.3223 0)
(5.24068 29.8461 0)
(8.04066 25.5299 0)
(10.4225 20.6034 0)
(12.42 15.3077 0)
(14.2249 9.79394 0)
(15.6672 4.27629 0)
(16.5233 -0.907949 0)
(16.9 -6.18225 0)
(16.4191 -11.3084 0)
(15.1571 -15.9899 0)
(13.3274 -20.2322 0)
(11.043 -24.032 0)
(8.37843 -27.3383 0)
(5.38387 -30.044 0)
(2.09958 -31.8116 0)
(-1.24281 -31.8543 0)
(-4.33094 -30.4477 0)
(-6.96537 -27.6399 0)
(-8.97308 -23.645 0)
(-10.2261 -18.8649 0)
(-10.7237 -13.8037 0)
(-10.8077 -8.85392 0)
(-11.0979 -3.99286 0)
(-11.2431 0.892624 0)
(-11.2472 5.96513 0)
(-10.8751 10.7777 0)
(-10.1417 14.9815 0)
(-9.1832 18.5525 0)
(-8.00017 21.4778 0)
(-6.56093 23.7043 0)
(-4.78719 25.0598 0)
(-2.70101 25.1925 0)
(-0.524235 24.4253 0)
(1.60559 22.8247 0)
(8.59344 -79.3671 0)
(-2.67917 -87.4383 0)
(-13.5533 -90.0463 0)
(-23.3038 -86.5813 0)
(-31.8823 -78.9678 0)
(-39.0722 -67.9678 0)
(-44.7841 -54.5321 0)
(-49.348 -39.4935 0)
(-53.3333 -23.3509 0)
(-56.2346 -6.48784 0)
(-57.7573 10.4336 0)
(-58.2225 26.8943 0)
(-57.5574 42.0865 0)
(-56.3558 55.6341 0)
(-54.9381 67.5485 0)
(-52.6311 77.2093 0)
(-47.7899 82.7235 0)
(-39.8806 83.5129 0)
(-29.3249 80.1155 0)
(-16.5337 73.0152 0)
(-1.72933 63.2297 0)
(16.0079 51.2626 0)
(34.7375 35.6532 0)
(51.0886 20.1533 0)
(63.0295 8.17701 0)
(68.3649 0.0819255 0)
(67.1739 -4.82092 0)
(62.7627 -8.27692 0)
(56.3002 -11.8387 0)
(48.875 -16.1887 0)
(41.1958 -21.827 0)
(33.3744 -28.8951 0)
(25.1866 -36.2239 0)
(17.4398 -43.4818 0)
(10.0044 -50.0456 0)
(2.74314 -55.2087 0)
(-4.27866 -58.1194 0)
(-10.68 -57.6121 0)
(-16.3469 -54.2308 0)
(-21.23 -48.5696 0)
(-25.1385 -41.125 0)
(-28.011 -32.5011 0)
(-30.087 -23.2247 0)
(-31.8101 -13.5612 0)
(-33.041 -3.61521 0)
(-33.4115 6.30191 0)
(-33.2454 16.0005 0)
(-32.3042 25.1025 0)
(-30.7207 33.2401 0)
(-28.6351 40.285 0)
(-25.8525 46.0255 0)
(-21.8611 49.825 0)
(-16.4296 51.0915 0)
(-10.0276 50.3034 0)
(-2.92441 47.5711 0)
(4.6175 43.1266 0)
(12.4521 37.2894 0)
(20.2835 30.2952 0)
(27.1925 22.4645 0)
(32.2591 14.6596 0)
(35.4036 7.71121 0)
(36.3746 1.6127 0)
(35.7758 -3.9254 0)
(33.9028 -9.44407 0)
(30.9111 -15.0706 0)
(26.9727 -20.7677 0)
(22.3748 -26.3282 0)
(17.4701 -31.6168 0)
(12.2831 -36.2953 0)
(6.85313 -39.9801 0)
(1.28334 -42.122 0)
(-4.07879 -41.8672 0)
(-8.93958 -39.6533 0)
(-13.0967 -35.7018 0)
(-16.3707 -30.3732 0)
(-18.7023 -24.1355 0)
(-20.2655 -17.425 0)
(-21.438 -10.5066 0)
(-22.2735 -3.51354 0)
(-22.4501 3.35432 0)
(-22.2702 10.0023 0)
(-21.5411 16.1786 0)
(-20.3007 21.6357 0)
(-18.6441 26.2858 0)
(-16.5138 30.0394 0)
(-13.714 32.6122 0)
(-10.165 33.6276 0)
(-6.22981 33.4227 0)
(-2.09368 32.0672 0)
(2.06964 29.6704 0)
(6.10801 26.3699 0)
(9.92857 22.3489 0)
(13.4908 17.7803 0)
(16.6554 12.81 0)
(19.0706 7.71537 0)
(20.6027 2.89702 0)
(21.4166 -1.62899 0)
(21.4131 -6.0576 0)
(20.5258 -10.297 0)
(18.8447 -14.2554 0)
(16.5659 -17.933 0)
(13.8413 -21.2967 0)
(10.7553 -24.25 0)
(7.35284 -26.6295 0)
(3.64826 -28.1029 0)
(-0.157164 -28.1963 0)
(-3.76728 -27.0806 0)
(-6.99851 -24.7937 0)
(-9.67823 -21.4986 0)
(-11.6863 -17.4612 0)
(-13.0577 -12.9919 0)
(-14.0399 -8.33432 0)
(-14.8079 -3.61475 0)
(-15.086 1.08087 0)
(-15.0747 5.72539 0)
(-14.6307 10.0999 0)
(-13.7607 13.9646 0)
(-12.5694 17.2472 0)
(-11.0665 19.9151 0)
(-9.17833 21.8535 0)
(-6.83545 22.7586 0)
(-4.26044 22.7815 0)
(-1.6061 22.008 0)
(1.02083 20.5075 0)
)
;

boundaryField
{
    inlet
    {
        type            calculated;
        value           nonuniform List<vector> 0();
    }
    outlet
    {
        type            calculated;
        value           nonuniform List<vector> 0();
    }
    topWall
    {
        type            calculated;
        value           uniform (0 0 0);
    }
    lowerWall
    {
        type            calculated;
        value           nonuniform List<vector> 0();
    }
    leadingEdge
    {
        type            calculated;
        value           nonuniform List<vector> 0();
    }
    trailingEdge
    {
        type            calculated;
        value           nonuniform List<vector> 0();
    }
    upperSurface
    {
        type            calculated;
        value           nonuniform List<vector> 0();
    }
    lowerSurface
    {
        type            calculated;
        value           nonuniform List<vector> 0();
    }
    frontAndBack
    {
        type            empty;
    }
    procBoundary6to2
    {
        type            processor;
        value           nonuniform List<vector> 
125
(
(-15.8466 -120.325 0)
(-17.1476 -120.936 0)
(-16.0686 -115.809 0)
(-12.9764 -106.108 0)
(-8.56769 -92.5797 0)
(-3.38968 -76.0413 0)
(0.79391 -57.1051 0)
(4.19545 -37.8162 0)
(3.81343 -20.0271 0)
(11.1701 -6.47974 0)
(17.2857 14.3003 0)
(22.2779 32.4103 0)
(21.5421 46.7282 0)
(19.4769 59.1664 0)
(17.2282 69.6329 0)
(11.8769 78.308 0)
(7.04493 85.7228 0)
(2.28721 91.8415 0)
(-1.89044 95.2253 0)
(-4.75203 94.0285 0)
(-6.43176 89.3974 0)
(-7.20395 81.5612 0)
(-7.64662 70.5993 0)
(-8.2664 56.5992 0)
(-8.63239 40.4913 0)
(-7.27635 24.8443 0)
(-5.15223 12.6663 0)
(-3.78764 5.28182 0)
(-2.91624 -12.181 0)
(-2.44459 -29.1575 0)
(-2.10868 -41.9294 0)
(-2.49978 -52.5714 0)
(-2.86571 -61.6095 0)
(-1.64976 -69.2513 0)
(-1.24639 -75.1306 0)
(-0.473766 -78.0953 0)
(0.341661 -77.2077 0)
(0.848995 -73.9166 0)
(1.26817 -68.4284 0)
(1.50386 -60.745 0)
(1.23411 -50.8003 0)
(0.275719 -38.899 0)
(-0.752469 -26.0121 0)
(-1.51776 -14.1606 0)
(-1.38549 -6.12481 0)
(-0.7512 1.05063 0)
(0.348867 18.1036 0)
(1.28592 29.7187 0)
(2.08426 40.085 0)
(2.63864 48.7377 0)
(3.149 55.7721 0)
(3.46765 61.2299 0)
(3.92757 64.827 0)
(4.45113 64.9484 0)
(4.63108 62.3495 0)
(4.44334 57.6391 0)
(3.74124 51.002 0)
(2.45031 42.5957 0)
(0.726665 32.8028 0)
(-0.932358 22.5367 0)
(-1.85944 13.2529 0)
(-2.07761 6.39488 0)
(-3.37738 0.708287 0)
(-4.65894 -12.3187 0)
(-4.7753 -22.0502 0)
(-4.33346 -30.7418 0)
(-4.14159 -38.1996 0)
(-3.52015 -44.3448 0)
(-2.61438 -49.1169 0)
(-1.55605 -52.1633 0)
(-0.540653 -52.4898 0)
(1.24685 -50.8665 0)
(2.80789 -47.5155 0)
(3.32143 -42.5884 0)
(3.42544 -36.1794 0)
(2.95943 -28.5547 0)
(1.83419 -20.3006 0)
(0.452558 -12.2756 0)
(-0.355395 -5.72899 0)
(-0.77727 -2.44685 0)
(-1.0197 8.09833 0)
(-1.24999 16.7849 0)
(-1.35115 24.084 0)
(-1.31323 30.5766 0)
(-1.18661 36.1241 0)
(-0.888227 40.6194 0)
(-0.323588 43.69 0)
(0.608375 44.4083 0)
(1.49611 43.0783 0)
(2.16519 40.215 0)
(2.46329 35.7983 0)
(2.32754 29.9186 0)
(1.83896 23.0469 0)
(1.11346 15.9101 0)
(0.392382 9.33175 0)
(-0.0324328 4.25914 0)
(-0.692333 1.42568 0)
(-1.66478 -7.2001 0)
(-2.36918 -13.5776 0)
(-2.65164 -19.2532 0)
(-2.91025 -24.2654 0)
(-2.87783 -28.5035 0)
(-2.54087 -31.9504 0)
(-1.96113 -34.4588 0)
(-1.20734 -35.4789 0)
(-0.495614 -34.7497 0)
(0.24327 -32.7448 0)
(0.973602 -29.4672 0)
(1.56801 -25.0263 0)
(1.87503 -19.7335 0)
(1.82825 -14.0584 0)
(1.4119 -8.60751 0)
(0.724214 -4.14282 0)
(0.552042 -1.39298 0)
(0.558057 4.62641 0)
(0.35526 10.3533 0)
(0.0582486 15.2045 0)
(-0.150091 19.4938 0)
(-0.255558 23.1577 0)
(-0.243154 26.2073 0)
(-0.0834696 28.5268 0)
(0.311265 29.5336 0)
(-0.519629 28.5118 0)
(-0.519629 28.5118 0)
(-0.023095 26.9841 0)
)
;
    }
    procBoundary6to5
    {
        type            processor;
        value           nonuniform List<vector> 
15
(
(23.9386 -56.197 0)
(28.6556 -45.1401 0)
(33.7812 -34.2545 0)
(31.3544 -23.4182 0)
(22.8626 -14.6155 0)
(11.192 -9.54352 0)
(5.86184 -7.12801 0)
(4.81832 -5.0642 0)
(4.49427 -3.29393 0)
(4.9852 -1.20989 0)
(-2.24076 -108.026 0)
(5.50043 -99.8276 0)
(11.7534 -90.179 0)
(16.1537 -79.0026 0)
(19.7913 -67.4394 0)
)
;
    }
    procBoundary6to7
    {
        type            processor;
        value           nonuniform List<vector> 
15
(
(4.1372 15.5505 0)
(2.75991 13.8762 0)
(2.75991 13.8762 0)
(6.04233 9.52722 0)
(7.11209 6.37297 0)
(4.9741 4.71588 0)
(2.85964 3.55497 0)
(1.86994 2.64092 0)
(1.49335 1.83562 0)
(1.38417 1.08876 0)
(1.02246 0.350493 0)
(1.5624 23.598 0)
(3.12637 22.151 0)
(3.58337 20.4981 0)
(3.51846 18.367 0)
)
;
    }
}


// ************************************************************************* //
