/*--------------------------------*- C++ -*----------------------------------*\
| =========                 |                                                 |
| \\      /  F ield         | OpenFOAM: The Open Source CFD Toolbox           |
|  \\    /   O peration     | Version:  2206                                  |
|   \\  /    A nd           | Website:  www.openfoam.com                      |
|    \\/     M anipulation  |                                                 |
\*---------------------------------------------------------------------------*/
FoamFile
{
    version     2.0;
    format      ascii;
    arch        "LSB;label=32;scalar=64";
    class       volVectorField;
    location    "18.0999";
    object      ddtCorrDdt0(U);
}
// * * * * * * * * * * * * * * * * * * * * * * * * * * * * * * * * * * * * * //

dimensions      [0 1 -2 0 0 0 0];

internalField   nonuniform List<vector> 
3080
(
(-15.7342 135.559 0)
(-9.35998 124.046 0)
(-2.61421 109.221 0)
(4.25099 92.1792 0)
(10.9642 74.0361 0)
(17.2188 55.7282 0)
(23.5482 37.8754 0)
(31.3959 20.2218 0)
(37.963 3.61201 0)
(43.9676 -8.99261 0)
(48.48 -18.1376 0)
(51.2514 -24.6356 0)
(52.2998 -29.6878 0)
(51.7074 -34.6167 0)
(49.7389 -40.3806 0)
(46.7272 -47.3648 0)
(42.9198 -55.426 0)
(38.4408 -64.1278 0)
(33.3314 -72.9154 0)
(27.6092 -81.1915 0)
(21.3254 -88.3527 0)
(14.5905 -93.8062 0)
(7.60768 -96.9199 0)
(0.681678 -96.8887 0)
(-5.88143 -94.5034 0)
(-11.8948 -89.8249 0)
(-17.1716 -83.0661 0)
(-21.5643 -74.5816 0)
(-25.0011 -64.8265 0)
(-27.4956 -54.2847 0)
(-29.1422 -43.3903 0)
(-30.064 -32.408 0)
(-30.7049 -21.3013 0)
(-31.698 -9.47232 0)
(-31.9882 3.3029 0)
(-32.0593 16.2257 0)
(-31.9048 29.1068 0)
(-31.4859 41.7419 0)
(-30.9287 53.9996 0)
(-30.2219 65.7562 0)
(-29.299 76.8196 0)
(-28.0928 86.8929 0)
(-26.5256 95.4858 0)
(-24.4027 101.714 0)
(-21.1893 103.879 0)
(-16.9686 101.964 0)
(-12.1696 96.9213 0)
(-6.86985 89.0464 0)
(-1.22218 78.8597 0)
(4.55769 67.0421 0)
(10.2112 54.3002 0)
(15.5018 41.222 0)
(21.014 28.2003 0)
(27.2196 14.9425 0)
(32.2415 2.47814 0)
(36.5589 -7.65288 0)
(39.5406 -15.782 0)
(41.0799 -22.2351 0)
(41.2502 -27.5662 0)
(40.1992 -32.4344 0)
(38.1772 -37.3668 0)
(35.431 -42.6323 0)
(32.1262 -48.2437 0)
(28.3487 -54.045 0)
(24.1404 -59.7648 0)
(19.531 -65.0466 0)
(14.5764 -69.4819 0)
(9.36616 -72.5895 0)
(4.05613 -73.6682 0)
(-1.10935 -72.7258 0)
(-5.95985 -70.0493 0)
(-10.365 -65.7016 0)
(-14.1949 -59.8688 0)
(-17.3554 -52.8389 0)
(-19.8143 -44.9582 0)
(-21.595 -36.5657 0)
(-22.7766 -27.9275 0)
(-23.6476 -19.1079 0)
(-24.7405 -9.75826 0)
(-25.4339 0.367709 0)
(-25.7486 10.6337 0)
(-25.8345 20.832 0)
(-25.5677 30.713 0)
(-25.0847 40.1112 0)
(-24.4469 48.9373 0)
(-23.6572 57.0974 0)
(-22.7062 64.4541 0)
(-21.5537 70.7489 0)
(-20.0558 75.4488 0)
(-17.7574 77.4193 0)
(-14.6059 76.3779 0)
(-10.9158 73.1141 0)
(-6.75606 67.819 0)
(-2.26945 60.8203 0)
(2.35603 52.5507 0)
(6.91323 43.5024 0)
(11.2272 34.1502 0)
(15.4585 24.8013 0)
(20.2195 15.274 0)
(24.2913 5.70683 0)
(27.7942 -2.47203 0)
(30.3354 -9.36406 0)
(31.731 -15.1212 0)
(32.0307 -19.9855 0)
(31.3297 -24.3205 0)
(29.8053 -28.4657 0)
(27.6618 -32.6382 0)
(25.0599 -36.8945 0)
(22.1014 -41.1748 0)
(18.8464 -45.3376 0)
(15.3324 -49.1754 0)
(11.5923 -52.4274 0)
(7.68523 -54.769 0)
(3.71132 -55.6849 0)
(-0.165996 -55.11 0)
(-3.82615 -53.2768 0)
(-7.18209 -50.2159 0)
(-10.1389 -46.0381 0)
(-12.6227 -40.9271 0)
(-14.6053 -35.1206 0)
(-16.0977 -28.8675 0)
(-17.1398 -22.3723 0)
(-17.9096 -15.7124 0)
(-18.8151 -8.68105 0)
(-15.6844 128.672 0)
(-7.79999 116.761 0)
(0.284311 101.806 0)
(8.27508 84.8827 0)
(15.8231 66.9846 0)
(22.9372 48.8488 0)
(31.1338 30.6808 0)
(39.3364 12.3508 0)
(46.3481 -2.85021 0)
(52.1728 -13.9987 0)
(56.1353 -21.5061 0)
(58.2209 -26.2407 0)
(58.4716 -29.5789 0)
(57.0715 -32.9712 0)
(54.3317 -37.5018 0)
(50.6155 -43.5862 0)
(46.1835 -50.976 0)
(41.1551 -59.0765 0)
(35.5642 -67.2738 0)
(29.4245 -74.9844 0)
(22.7732 -81.6537 0)
(15.6996 -86.7534 0)
(8.38283 -89.7494 0)
(1.10715 -89.9356 0)
(-5.82928 -87.9747 0)
(-12.2584 -83.9211 0)
(-18.0014 -77.9538 0)
(-22.9136 -70.3689 0)
(-26.9245 -61.5443 0)
(-30.0448 -51.8776 0)
(-32.357 -41.7122 0)
(-34.0097 -31.2137 0)
(-35.4371 -20.2853 0)
(-36.9339 -8.57264 0)
(-37.5976 3.79089 0)
(-38.0853 16.3277 0)
(-38.1816 28.9016 0)
(-37.8909 41.2837 0)
(-37.2912 53.2993 0)
(-36.3627 64.7813 0)
(-35.0594 75.512 0)
(-33.3418 85.1795 0)
(-31.1286 93.2368 0)
(-28.079 98.6256 0)
(-23.6138 99.4469 0)
(-18.2428 96.8853 0)
(-12.2433 91.2731 0)
(-5.77333 83.0102 0)
(0.943148 72.6544 0)
(7.63113 60.8779 0)
(14.0027 48.2944 0)
(20.2719 35.3821 0)
(27.3377 22.1997 0)
(33.5121 8.89038 0)
(38.8593 -2.24321 0)
(42.8971 -11.0886 0)
(45.3393 -17.8088 0)
(46.251 -22.8326 0)
(45.7411 -26.8576 0)
(44.0338 -30.624 0)
(41.4274 -34.7104 0)
(38.1927 -39.3617 0)
(34.4798 -44.5 0)
(30.3423 -49.8744 0)
(25.8007 -55.1871 0)
(20.8781 -60.0993 0)
(15.6214 -64.2307 0)
(10.1094 -67.1453 0)
(4.4903 -68.2435 0)
(-0.998007 -67.5223 0)
(-6.19059 -65.2111 0)
(-10.9617 -61.3655 0)
(-15.1863 -56.1443 0)
(-18.7774 -49.7887 0)
(-21.7067 -42.5807 0)
(-23.9994 -34.7827 0)
(-25.7454 -26.5683 0)
(-27.2515 -17.9403 0)
(-28.7954 -8.69406 0)
(-29.6741 1.08426 0)
(-30.2982 10.9519 0)
(-30.5481 20.7924 0)
(-30.3876 30.3733 0)
(-29.9134 39.524 0)
(-29.1685 48.1328 0)
(-28.1676 56.0834 0)
(-26.9104 63.2072 0)
(-25.3382 69.1678 0)
(-23.1787 73.2564 0)
(-19.9197 74.1364 0)
(-15.8617 72.5065 0)
(-11.1858 68.6928 0)
(-6.03888 63.0239 0)
(-0.678254 55.855 0)
(4.65737 47.5823 0)
(9.80378 38.7088 0)
(14.7611 29.5557 0)
(20.1203 20.1315 0)
(25.2466 10.4226 0)
(29.5351 1.82552 0)
(32.8794 -5.32439 0)
(34.9708 -11.1266 0)
(35.8502 -15.7494 0)
(35.5984 -19.5593 0)
(34.3609 -22.9871 0)
(32.3585 -26.4171 0)
(29.8199 -30.0693 0)
(26.8951 -33.95 0)
(23.6552 -37.9261 0)
(20.137 -41.8168 0)
(16.3648 -45.4116 0)
(12.3771 -48.4665 0)
(8.22406 -50.6803 0)
(3.99831 -51.6095 0)
(-0.138117 -51.1864 0)
(-4.06839 -49.603 0)
(-7.70853 -46.8892 0)
(-10.9695 -43.143 0)
(-13.7825 -38.5183 0)
(-16.1113 -33.203 0)
(-17.9643 -27.3887 0)
(-19.4099 -21.2212 0)
(-20.6474 -14.7222 0)
(-21.9069 -7.76029 0)
(-15.249 120.263 0)
(-5.97744 108.117 0)
(3.31804 93.2188 0)
(12.2816 76.5717 0)
(20.6393 58.9846 0)
(29.2964 40.8769 0)
(39.0119 22.0028 0)
(47.2655 4.37146 0)
(54.5881 -9.20676 0)
(59.9997 -18.6334 0)
(63.2966 -24.2205 0)
(64.5042 -27.0043 0)
(63.538 -28.4693 0)
(61.3007 -30.4745 0)
(57.9439 -33.974 0)
(53.6723 -39.2683 0)
(48.548 -45.9405 0)
(42.9839 -53.507 0)
(36.9653 -61.2067 0)
(30.4671 -68.4181 0)
(23.5268 -74.6427 0)
(16.2138 -79.4171 0)
(8.67518 -82.2928 0)
(1.17463 -82.6947 0)
(-6.01017 -81.1174 0)
(-12.7356 -77.6371 0)
(-18.8373 -72.4005 0)
(-24.1789 -65.6505 0)
(-28.6916 -57.6926 0)
(-32.3818 -48.8436 0)
(-35.3167 -39.3526 0)
(-37.68 -29.3111 0)
(-39.8313 -18.6272 0)
(-41.6818 -7.2162 0)
(-42.8007 4.63582 0)
(-43.6085 16.7217 0)
(-43.8996 28.8761 0)
(-43.695 40.8541 0)
(-43.0259 52.4602 0)
(-41.8704 63.5072 0)
(-40.2087 73.7728 0)
(-38.0238 82.9111 0)
(-35.1747 90.2184 0)
(-31.0557 94.2292 0)
(-25.4377 93.9882 0)
(-18.9377 90.6411 0)
(-11.7632 84.4645 0)
(-4.17627 75.8993 0)
(3.51904 65.4994 0)
(10.9885 53.8399 0)
(18.1818 41.416 0)
(25.9542 28.5391 0)
(33.5606 15.0033 0)
(40.0392 2.93247 0)
(45.298 -6.76121 0)
(48.7858 -14.0656 0)
(50.504 -19.1695 0)
(50.5734 -22.6597 0)
(49.0914 -25.3094 0)
(46.7572 -28.129 0)
(43.7128 -31.5625 0)
(40.0929 -35.7128 0)
(35.9745 -40.3785 0)
(31.5344 -45.3708 0)
(26.7296 -50.3154 0)
(21.5726 -54.8817 0)
(16.0991 -58.7204 0)
(10.381 -61.4445 0)
(4.55925 -62.5609 0)
(-1.14271 -62.0433 0)
(-6.57373 -60.073 0)
(-11.6168 -56.697 0)
(-16.156 -52.0465 0)
(-20.1131 -46.3167 0)
(-23.4634 -39.7274 0)
(-26.2331 -32.4697 0)
(-28.5338 -24.6485 0)
(-30.6161 -16.255 0)
(-32.4363 -7.28308 0)
(-33.6085 2.02479 0)
(-34.4613 11.4603 0)
(-34.84 20.8857 0)
(-34.7602 30.0814 0)
(-34.2825 38.888 0)
(-33.4397 47.1828 0)
(-32.2514 54.8273 0)
(-30.7047 61.5941 0)
(-28.6661 67.0135 0)
(-25.6446 70.0652 0)
(-21.4555 70.047 0)
(-16.5094 67.702 0)
(-10.8475 63.2781 0)
(-4.72196 57.3111 0)
(1.39711 50.1416 0)
(7.28215 41.9986 0)
(12.9844 33.2668 0)
(19.0737 24.1303 0)
(25.2195 14.4688 0)
(30.405 5.52392 0)
(34.6505 -1.88574 0)
(37.5091 -7.82 0)
(38.9874 -12.3531 0)
(39.1857 -15.767 0)
(38.1802 -18.4776 0)
(36.3915 -21.0802 0)
(34.0424 -23.9501 0)
(31.2382 -27.2049 0)
(28.0262 -30.7248 0)
(24.5592 -34.4139 0)
(20.8465 -38.0574 0)
(16.8973 -41.4281 0)
(12.7367 -44.2924 0)
(8.4115 -46.3797 0)
(4.01361 -47.3225 0)
(-0.301813 -47.0428 0)
(-4.42588 -45.6964 0)
(-8.27952 -43.3085 0)
(-11.7798 -39.9625 0)
(-14.8664 -35.7867 0)
(-17.5132 -30.9302 0)
(-19.7298 -25.5278 0)
(-21.581 -19.662 0)
(-23.2471 -13.3456 0)
(-24.7455 -6.58169 0)
(-14.4462 110.499 0)
(-3.9177 98.266 0)
(6.45049 83.5799 0)
(16.2287 67.2518 0)
(25.7318 49.89 0)
(36.5955 31.4722 0)
(46.3875 12.3122 0)
(55.3316 -3.60486 0)
(62.4884 -15.3759 0)
(67.3173 -22.6959 0)
(69.7498 -25.999 0)
(69.5135 -26.5269 0)
(67.6841 -26.4604 0)
(64.5741 -27.286 0)
(60.4519 -29.782 0)
(55.5526 -34.2353 0)
(50.0296 -40.4181 0)
(43.8832 -47.4631 0)
(37.4863 -54.7546 0)
(30.7275 -61.5681 0)
(23.5899 -67.4151 0)
(16.1353 -71.9042 0)
(8.48179 -74.6682 0)
(0.86979 -75.2794 0)
(-6.45327 -74.0436 0)
(-13.3695 -71.0784 0)
(-19.7317 -66.5011 0)
(-25.4134 -60.507 0)
(-30.3505 -53.3365 0)
(-34.5467 -45.2339 0)
(-38.0644 -36.3524 0)
(-41.1 -26.752 0)
(-43.8516 -16.4261 0)
(-45.9462 -5.48463 0)
(-47.4824 5.79948 0)
(-48.5297 17.3578 0)
(-48.9636 28.9757 0)
(-48.7965 40.4103 0)
(-48.0292 51.4641 0)
(-46.6521 61.9496 0)
(-44.6694 71.6375 0)
(-42.0506 80.1011 0)
(-38.4859 86.3972 0)
(-33.1916 88.685 0)
(-26.5503 87.4193 0)
(-18.9149 83.2211 0)
(-10.568 76.5329 0)
(-1.95318 67.7886 0)
(6.51424 57.4069 0)
(14.6944 45.9091 0)
(23.2627 33.7067 0)
(32.1676 20.4081 0)
(39.9181 7.63115 0)
(46.5641 -2.86256 0)
(51.3017 -10.8698 0)
(54.0002 -16.3211 0)
(54.7005 -19.5809 0)
(53.5156 -21.4344 0)
(51.3659 -23.0907 0)
(48.4409 -25.1784 0)
(44.934 -28.0045 0)
(40.9732 -31.6656 0)
(36.6273 -36.0128 0)
(31.8838 -40.61 0)
(26.9042 -45.2276 0)
(21.6136 -49.4841 0)
(16.0166 -53.0467 0)
(10.1871 -55.5863 0)
(4.26391 -56.7234 0)
(-1.55398 -56.3869 0)
(-7.13105 -54.7245 0)
(-12.3621 -51.7744 0)
(-17.1433 -47.6415 0)
(-21.4066 -42.4766 0)
(-25.1305 -36.4407 0)
(-28.3464 -29.6641 0)
(-31.1699 -22.2181 0)
(-33.7158 -14.1557 0)
(-35.6878 -5.61015 0)
(-37.1581 3.17829 0)
(-38.1771 12.135 0)
(-38.662 21.0804 0)
(-38.6415 29.8169 0)
(-38.1536 38.1987 0)
(-37.2278 46.0956 0)
(-35.872 53.3343 0)
(-34.0072 59.5917 0)
(-31.3023 64.2177 0)
(-27.143 65.8864 0)
(-22.0434 65.0837 0)
(-16.2712 61.9393 0)
(-9.76116 56.7707 0)
(-2.87826 50.7699 0)
(3.78833 43.9591 0)
(10.1972 35.8311 0)
(17.0205 27.0841 0)
(24.2101 17.6337 0)
(30.4084 8.51284 0)
(35.6188 0.898471 0)
(39.3164 -5.17227 0)
(41.4451 -9.67727 0)
(42.1044 -12.8041 0)
(41.2864 -14.9325 0)
(39.6981 -16.8012 0)
(37.5026 -18.8272 0)
(34.843 -21.2234 0)
(31.8105 -24.069 0)
(28.4678 -27.3215 0)
(24.8332 -30.7486 0)
(20.9918 -34.1486 0)
(16.9478 -37.3092 0)
(12.6906 -39.9867 0)
(8.26636 -41.9493 0)
(3.76833 -42.9001 0)
(-0.655521 -42.7472 0)
(-4.90704 -41.6166 0)
(-8.91589 -39.5285 0)
(-12.607 -36.5499 0)
(-15.9279 -32.7802 0)
(-18.8575 -28.3285 0)
(-21.4114 -23.2878 0)
(-23.6633 -17.7162 0)
(-25.6885 -11.6572 0)
(-27.2964 -5.21162 0)
(-13.1986 99.5023 0)
(-1.54695 87.3111 0)
(9.68641 72.9251 0)
(20.3451 56.9009 0)
(31.8487 39.4892 0)
(43.6264 20.3181 0)
(54.1456 2.57183 0)
(63.2275 -11.5201 0)
(69.8733 -21.0992 0)
(73.8478 -25.858 0)
(74.806 -26.4841 0)
(73.4503 -24.995 0)
(70.6308 -23.5065 0)
(66.6313 -23.2704 0)
(61.7836 -24.9494 0)
(56.3045 -28.7203 0)
(50.3247 -34.3294 0)
(43.9184 -41.0964 0)
(37.1351 -48.0112 0)
(30.2075 -54.5216 0)
(22.9829 -60.068 0)
(15.4825 -64.3117 0)
(7.81463 -66.98 0)
(0.191992 -67.7932 0)
(-7.17398 -66.8567 0)
(-14.1861 -64.345 0)
(-20.7207 -60.3497 0)
(-26.6614 -55.0243 0)
(-31.9507 -48.5522 0)
(-36.5871 -41.0992 0)
(-40.6454 -32.7677 0)
(-44.2641 -23.6327 0)
(-47.3655 -13.8 0)
(-49.7209 -3.47114 0)
(-51.5679 7.21862 0)
(-52.7753 18.1679 0)
(-53.2938 29.1408 0)
(-53.1132 39.9162 0)
(-52.2264 50.3065 0)
(-50.6428 60.1304 0)
(-48.3716 69.1223 0)
(-45.2915 76.6895 0)
(-40.7362 81.4334 0)
(-34.3643 82.194 0)
(-26.7724 79.7945 0)
(-18.0284 74.6546 0)
(-8.50881 67.5402 0)
(0.934646 58.8055 0)
(9.95843 48.5393 0)
(19.2127 37.2475 0)
(29.289 24.5785 0)
(38.4773 11.5067 0)
(46.6308 0.393984 0)
(52.7874 -8.28093 0)
(56.63 -14.1913 0)
(58.1594 -17.453 0)
(57.3114 -18.7194 0)
(55.3153 -19.3691 0)
(52.4298 -20.2128 0)
(48.942 -21.7136 0)
(45.032 -24.0868 0)
(40.7819 -27.3432 0)
(36.2411 -31.3332 0)
(31.4293 -35.724 0)
(26.3267 -40.0266 0)
(21.0021 -43.9955 0)
(15.392 -47.3033 0)
(9.54866 -49.6721 0)
(3.6133 -50.8255 0)
(-2.23588 -50.6471 0)
(-7.87919 -49.256 0)
(-13.2275 -46.6805 0)
(-18.1895 -42.9994 0)
(-22.7056 -38.3203 0)
(-26.7608 -32.7559 0)
(-30.3909 -26.4063 0)
(-33.6563 -19.3651 0)
(-36.4261 -11.7479 0)
(-38.5809 -3.75046 0)
(-40.2724 4.51187 0)
(-41.4088 12.9414 0)
(-41.9786 21.3499 0)
(-42.0019 29.5718 0)
(-41.5076 37.4695 0)
(-40.5155 44.8911 0)
(-38.9811 51.5845 0)
(-36.6469 57.039 0)
(-32.8268 60.1596 0)
(-27.5784 60.7417 0)
(-21.4929 59.1298 0)
(-14.8962 55.3544 0)
(-6.5102 50.1149 0)
(-2.03769 43.77 0)
(6.67187 36.955 0)
(14.3314 28.6604 0)
(22.3331 19.628 0)
(29.6575 10.5483 0)
(35.8651 2.87805 0)
(40.3961 -3.24942 0)
(43.182 -7.70506 0)
(44.301 -10.5774 0)
(43.7041 -12.215 0)
(42.2645 -13.4175 0)
(40.1687 -14.6689 0)
(37.6065 -16.2333 0)
(34.7075 -18.2576 0)
(31.5392 -20.7897 0)
(28.1263 -23.7601 0)
(24.4802 -26.9908 0)
(20.5906 -30.1761 0)
(16.5182 -33.1228 0)
(12.2471 -35.6197 0)
(7.80086 -37.4499 0)
(3.27579 -38.4064 0)
(-1.19718 -38.3678 0)
(-5.52332 -37.4301 0)
(-9.64196 -35.6071 0)
(-13.4873 -32.9487 0)
(-17.013 -29.5272 0)
(-20.2019 -25.4216 0)
(-23.0701 -20.7033 0)
(-25.6523 -15.4429 0)
(-27.8576 -9.72997 0)
(-29.5935 -3.70584 0)
(-11.3287 87.4104 0)
(1.27679 75.4295 0)
(13.1091 61.2191 0)
(25.3452 45.3664 0)
(38.7333 27.293 0)
(50.9123 8.57864 0)
(62.0258 -7.3173 0)
(70.7127 -19.1564 0)
(76.4744 -25.964 0)
(78.9932 -27.6746 0)
(78.2865 -25.6301 0)
(75.8833 -22.3729 0)
(72.0559 -19.6169 0)
(67.2387 -18.4699 0)
(61.7664 -19.4987 0)
(55.8373 -22.7627 0)
(49.5462 -27.9291 0)
(42.9375 -34.366 0)
(36.0275 -41.1353 0)
(28.9412 -47.378 0)
(21.7278 -52.6954 0)
(14.2863 -56.7446 0)
(6.70127 -59.337 0)
(-0.852998 -60.3312 0)
(-8.18426 -59.6415 0)
(-15.2059 -57.5143 0)
(-21.8345 -54.0165 0)
(-27.9669 -49.2635 0)
(-33.545 -43.3902 0)
(-38.5658 -36.5014 0)
(-43.0808 -28.7063 0)
(-47.0584 -20.1176 0)
(-50.2914 -10.8966 0)
(-52.957 -1.22757 0)
(-54.9737 8.82556 0)
(-56.2722 19.0765 0)
(-56.814 29.3101 0)
(-56.5814 39.335 0)
(-55.5894 48.9835 0)
(-53.8691 58.0746 0)
(-51.3506 66.2429 0)
(-47.5673 72.6035 0)
(-41.5667 75.2956 0)
(-34.1415 74.8168 0)
(-25.615 71.138 0)
(-16.0117 64.7606 0)
(-5.7612 57.4786 0)
(4.30531 49.2665 0)
(14.0066 39.1355 0)
(25.1067 27.286 0)
(35.8336 14.1964 0)
(45.5819 2.71727 0)
(53.2521 -6.48363 0)
(58.3528 -12.8351 0)
(60.8008 -16.1983 0)
(60.3806 -17.045 0)
(58.5104 -16.8117 0)
(55.6088 -16.5055 0)
(52.046 -16.7239 0)
(48.092 -17.7964 0)
(43.8987 -19.8584 0)
(39.5212 -22.8678 0)
(34.9401 -26.6081 0)
(30.1316 -30.7446 0)
(25.0777 -34.8492 0)
(19.7828 -38.5337 0)
(14.2579 -41.5967 0)
(8.49608 -43.7945 0)
(2.62254 -44.9517 0)
(-3.19195 -44.8895 0)
(-8.83373 -43.7179 0)
(-14.2397 -41.4527 0)
(-19.3332 -38.1465 0)
(-24.0613 -33.8775 0)
(-28.412 -28.7363 0)
(-32.3791 -22.8189 0)
(-35.837 -16.2324 0)
(-38.7185 -9.16346 0)
(-41.0964 -1.73521 0)
(-42.9078 5.98334 0)
(-44.1318 13.8387 0)
(-44.7677 21.6715 0)
(-44.8324 29.342 0)
(-44.351 36.7073 0)
(-43.3029 43.5557 0)
(-41.4893 49.4661 0)
(-38.2686 53.5036 0)
(-33.3342 55.0508 0)
(-27.186 54.5428 0)
(-20.1968 52.1402 0)
(-12.2508 48.221 0)
(-4.21491 43.0286 0)
(1.21491 36.4453 0)
(12.0756 28.8403 0)
(20.3022 20.2452 0)
(28.3688 11.5051 0)
(35.5312 3.97891 0)
(40.8189 -2.07905 0)
(44.1755 -6.41773 0)
(45.6943 -9.0345 0)
(45.2894 -10.2339 0)
(43.946 -10.8303 0)
(41.9009 -11.3605 0)
(39.3971 -12.1416 0)
(36.6136 -13.3799 0)
(33.6332 -15.1691 0)
(30.4718 -17.4884 0)
(27.1091 -20.231 0)
(23.5219 -23.2225 0)
(19.7085 -26.2301 0)
(15.6681 -28.9598 0)
(11.4537 -31.2679 0)
(7.05865 -32.9645 0)
(2.55738 -33.9069 0)
(-1.92384 -33.9511 0)
(-6.28616 -33.1581 0)
(-10.4801 -31.5501 0)
(-14.4543 -29.1623 0)
(-18.1666 -26.0476 0)
(-21.592 -22.2661 0)
(-24.708 -17.8795 0)
(-27.4194 -12.9604 0)
(-29.7223 -7.66603 0)
(-31.643 -2.07262 0)
(-8.7592 73.9749 0)
(4.62568 62.5778 0)
(17.2906 48.7814 0)
(31.7622 32.3728 0)
(45.8758 13.5957 0)
(59.0981 -3.33983 0)
(69.9051 -17.0032 0)
(77.5289 -25.9268 0)
(81.6933 -29.3539 0)
(81.8244 -27.7089 0)
(79.865 -23.4738 0)
(76.3014 -18.6985 0)
(71.5833 -14.8791 0)
(66.1237 -13.0141 0)
(60.2294 -13.574 0)
(54.0793 -16.513 0)
(47.7089 -21.3851 0)
(41.0784 -27.5277 0)
(34.1839 -34.1335 0)
(27.0578 -40.241 0)
(19.8979 -45.3829 0)
(12.6031 -49.2889 0)
(5.18524 -51.8154 0)
(-2.22172 -52.9104 0)
(-9.47896 -52.5182 0)
(-16.4665 -50.669 0)
(-23.1324 -47.5697 0)
(-29.395 -43.2977 0)
(-35.1947 -37.9402 0)
(-40.4974 -31.5924 0)
(-45.2026 -24.34 0)
(-49.2678 -16.3719 0)
(-52.7327 -7.8381 0)
(-55.5416 1.18393 0)
(-57.6398 10.5308 0)
(-58.9698 20.0106 0)
(-59.4935 29.448 0)
(-59.2208 38.6903 0)
(-58.1979 47.5877 0)
(-56.4061 55.8718 0)
(-53.4554 62.8348 0)
(-48.2396 66.8736 0)
(-41.032 67.9363 0)
(-32.3441 66.1409 0)
(-22.7131 61.5697 0)
(-10.8296 55.1077 0)
(-3.9257 47.1456 0)
(7.89278 39.0586 0)
(20.4438 28.1309 0)
(32.3051 15.27 0)
(43.7781 3.70377 0)
(52.9647 -5.71834 0)
(59.2427 -12.3364 0)
(62.538 -15.7603 0)
(62.5503 -16.2677 0)
(60.7409 -15.261 0)
(57.7678 -13.9019 0)
(54.0629 -12.9036 0)
(49.9904 -12.7113 0)
(45.7856 -13.5791 0)
(41.5327 -15.524 0)
(37.2119 -18.3915 0)
(32.7509 -21.9369 0)
(28.0815 -25.8439 0)
(23.1795 -29.7295 0)
(18.0329 -33.1879 0)
(12.6657 -36.0029 0)
(7.07042 -38.0245 0)
(1.33462 -39.1264 0)
(-4.40436 -39.2074 0)
(-10.0195 -38.1954 0)
(-15.4487 -36.1693 0)
(-20.6333 -33.1713 0)
(-25.519 -29.2542 0)
(-30.0207 -24.476 0)
(-34.0665 -18.987 0)
(-37.6394 -12.9601 0)
(-40.6829 -6.46265 0)
(-43.1615 0.416673 0)
(-45.051 7.55011 0)
(-46.3424 14.8043 0)
(-47.0451 22.0498 0)
(-47.1764 29.1517 0)
(-46.7148 35.9276 0)
(-45.4778 42.0141 0)
(-42.8615 46.5803 0)
(-38.3705 48.8275 0)
(-32.4694 49.0897 0)
(-25.3531 47.4543 0)
(-17.5182 44.2934 0)
(-8.74932 40.1807 0)
(-0.776225 34.7537 0)
(8.71708 28.0069 0)
(18.2731 19.6771 0)
(26.949 11.2945 0)
(34.7182 4.15916 0)
(40.6331 -1.66384 0)
(44.4244 -5.77861 0)
(46.1953 -8.0837 0)
(45.8687 -8.85531 0)
(44.5518 -8.90262 0)
(42.5096 -8.78411 0)
(40.0483 -8.86942 0)
(37.369 -9.39361 0)
(34.5668 -10.4724 0)
(31.6678 -12.1209 0)
(28.6467 -14.2754 0)
(25.4507 -16.8144 0)
(22.028 -19.5717 0)
(18.3566 -22.3442 0)
(14.4515 -24.8977 0)
(10.3382 -26.9976 0)
(6.0531 -28.5396 0)
(1.63648 -29.4096 0)
(-2.81207 -29.5284 0)
(-7.20189 -28.8707 0)
(-11.4671 -27.437 0)
(-15.5528 -25.2728 0)
(-19.3872 -22.4029 0)
(-22.9202 -18.9014 0)
(-26.1154 -14.8641 0)
(-28.9408 -10.3744 0)
(-31.376 -5.4946 0)
(-33.4075 -0.30047 0)
(-7.0084 60.0933 0)
(7.32612 49.3497 0)
(23.8888 34.8365 0)
(39.4993 16.5885 0)
(55.11 -0.630097 0)
(68.097 -15.2064 0)
(77.403 -25.6948 0)
(82.819 -30.8407 0)
(83.8058 -30.3249 0)
(82.0023 -25.9921 0)
(78.6139 -20.0356 0)
(74.0568 -14.0894 0)
(68.7448 -9.4757 0)
(63.0059 -7.15314 0)
(57.0608 -7.48767 0)
(51.0117 -10.2668 0)
(44.8337 -14.9272 0)
(38.4224 -20.7855 0)
(31.6984 -27.1439 0)
(24.6955 -33.1914 0)
(17.5911 -38.2023 0)
(10.4753 -42.0094 0)
(3.27587 -44.5065 0)
(-3.91007 -45.6471 0)
(-11.007 -45.3978 0)
(-17.9377 -43.8473 0)
(-24.6024 -41.0898 0)
(-30.9113 -37.2089 0)
(-36.7783 -32.3051 0)
(-42.126 -26.4888 0)
(-46.8944 -19.8699 0)
(-51.0505 -12.55 0)
(-54.5691 -4.64533 0)
(-57.4115 3.68304 0)
(-59.5196 12.2588 0)
(-60.8372 20.9228 0)
(-61.3534 29.5503 0)
(-61.1168 38.0303 0)
(-60.1464 46.1498 0)
(-58.1527 53.3213 0)
(-54.0553 58.1349 0)
(-47.6374 60.1033 0)
(-39.2048 59.4001 0)
(-29.415 56.2291 0)
(-18.5361 51.268 0)
(-6.77656 44.9338 0)
(0.401439 36.7561 0)
(16.7098 27.1706 0)
(29.7221 14.4083 0)
(41.9042 3.24547 0)
(52.3112 -6.03887 0)
(59.4706 -12.6655 0)
(63.2834 -16.0059 0)
(63.4813 -16.1689 0)
(61.6223 -14.5115 0)
(58.5036 -12.2336 0)
(54.6193 -10.1205 0)
(50.4201 -8.74447 0)
(46.1878 -8.45792 0)
(42.0431 -9.34583 0)
(37.9853 -11.298 0)
(33.9278 -14.0949 0)
(29.7526 -17.4786 0)
(25.3601 -21.1659 0)
(20.7067 -24.8156 0)
(15.7982 -28.0555 0)
(10.6447 -30.6197 0)
(5.27358 -32.455 0)
(-0.253912 -33.4613 0)
(-5.83768 -33.544 0)
(-11.3766 -32.6703 0)
(-16.7786 -30.8395 0)
(-21.965 -28.0868 0)
(-26.8637 -24.4887 0)
(-31.4009 -20.1437 0)
(-35.5101 -15.1563 0)
(-39.1402 -9.62663 0)
(-42.2444 -3.66332 0)
(-44.7784 2.63063 0)
(-46.7209 9.16212 0)
(-48.0832 15.8283 0)
(-48.8813 22.5007 0)
(-49.0681 29.0027 0)
(-48.4176 35.008 0)
(-46.289 39.7064 0)
(-42.1556 42.3334 0)
(-36.4259 43.1203 0)
(-29.246 42.056 0)
(-21.1175 39.4717 0)
(-12.5015 35.7183 0)
(-3.61124 31.0985 0)
(6.0692 25.6177 0)
(16.3548 18.15 0)
(25.7879 10.1816 0)
(33.8989 3.43234 0)
(40.0303 -1.95099 0)
(43.9649 -5.67127 0)
(45.6984 -7.57016 0)
(45.2877 -7.91261 0)
(43.8843 -7.47499 0)
(41.8013 -6.82215 0)
(39.3696 -6.32663 0)
(36.7936 -6.22548 0)
(34.1787 -6.66285 0)
(31.5553 -7.68527 0)
(28.8983 -9.25547 0)
(26.1449 -11.2762 0)
(23.218 -13.6156 0)
(20.049 -16.1251 0)
(16.6011 -18.639 0)
(12.8838 -20.9623 0)
(8.93306 -22.8789 0)
(4.79187 -24.253 0)
(0.51495 -25.0344 0)
(-3.83664 -25.127 0)
(-8.19254 -24.5092 0)
(-12.4792 -23.2013 0)
(-16.6151 -21.2367 0)
(-20.5204 -18.6582 0)
(-24.1252 -15.5114 0)
(-27.3868 -11.8454 0)
(-30.2879 -7.72061 0)
(-32.8145 -3.21708 0)
(-34.9448 1.5743 0)
(-3.93929 46.2392 0)
(17.0882 34.4482 0)
(35.2028 16.6428 0)
(51.8418 0.0333785 0)
(66.5812 -14.4301 0)
(77.0335 -25.486 0)
(82.9274 -31.6973 0)
(83.9562 -32.3256 0)
(81.7656 -28.627 0)
(78.0821 -22.5223 0)
(73.4778 -15.4861 0)
(68.3867 -8.8496 0)
(63.0603 -3.85783 0)
(57.6185 -1.35734 0)
(52.1375 -1.61099 0)
(46.6244 -4.31695 0)
(40.9951 -8.81591 0)
(35.096 -14.3688 0)
(28.7852 -20.3686 0)
(22.0431 -26.2539 0)
(15.008 -31.1792 0)
(8.03146 -34.9202 0)
(1.0472 -37.4334 0)
(-5.88258 -38.6314 0)
(-12.7409 -38.4717 0)
(-19.5077 -37.0809 0)
(-26.0827 -34.592 0)
(-32.3404 -31.0997 0)
(-38.1676 -26.6951 0)
(-43.4676 -21.454 0)
(-48.1797 -15.4384 0)
(-52.2783 -8.73572 0)
(-55.7466 -1.48567 0)
(-58.551 6.13992 0)
(-60.6418 13.9668 0)
(-61.9768 21.8556 0)
(-62.5616 29.7371 0)
(-62.4177 37.4901 0)
(-61.3063 44.6163 0)
(-58.1595 49.7905 0)
(-52.4945 52.2688 0)
(-44.6197 52.1017 0)
(-34.9735 49.5329 0)
(-24.1337 45.3343 0)
(-12.0388 40.1032 0)
(-0.976215 33.543 0)
(13.7268 24.5852 0)
(27.6745 12.1391 0)
(40.5749 1.35061 0)
(51.2702 -7.31324 0)
(58.7478 -13.5915 0)
(62.6219 -16.6585 0)
(62.5305 -16.4115 0)
(60.4622 -14.2471 0)
(57.1186 -11.2598 0)
(53.0915 -8.24667 0)
(48.8586 -5.84656 0)
(44.6944 -4.48463 0)
(40.7404 -4.34597 0)
(37.0123 -5.39168 0)
(33.4256 -7.42208 0)
(29.8385 -10.1655 0)
(26.1037 -13.3641 0)
(22.1091 -16.7894 0)
(17.8033 -20.1689 0)
(13.1973 -23.1598 0)
(8.30367 -25.4694 0)
(3.19629 -27.1249 0)
(-2.08207 -28.0249 0)
(-7.45558 -28.0745 0)
(-12.8408 -27.254 0)
(-18.1303 -25.5739 0)
(-23.2272 -23.0683 0)
(-28.0548 -19.7969 0)
(-32.5477 -15.8341 0)
(-36.6483 -11.273 0)
(-40.3004 -6.2289 0)
(-43.4392 -0.811168 0)
(-46.0098 4.90422 0)
(-48.0055 10.8606 0)
(-49.4461 16.9668 0)
(-50.2655 23.052 0)
(-50.1394 28.7022 0)
(-48.2628 33.1063 0)
(-44.3201 35.7574 0)
(-38.6321 36.7228 0)
(-31.3606 35.9555 0)
(-23.027 33.7986 0)
(-14.1826 30.54 0)
(-5.18326 26.5547 0)
(4.74408 21.9195 0)
(15.1465 15.0877 0)
(24.8834 8.06721 0)
(33.0685 1.98978 0)
(39.0332 -2.79221 0)
(42.6685 -5.91145 0)
(43.952 -7.25629 0)
(43.2664 -7.17345 0)
(41.6621 -6.35508 0)
(39.5023 -5.31645 0)
(37.1008 -4.38212 0)
(34.6585 -3.78414 0)
(32.2765 -3.68605 0)
(29.9816 -4.1613 0)
(27.7417 -5.19693 0)
(25.4841 -6.71561 0)
(23.1166 -8.6016 0)
(20.547 -10.7249 0)
(17.7 -12.9594 0)
(14.5329 -15.1823 0)
(11.0475 -17.2383 0)
(7.28476 -18.9306 0)
(3.30975 -20.1155 0)
(-0.784012 -20.7748 0)
(-4.96973 -20.806 0)
(-9.22616 -20.2102 0)
(-13.4847 -19.0094 0)
(-17.6388 -17.2261 0)
(-21.5818 -14.8942 0)
(-25.2265 -12.0436 0)
(-28.5269 -8.70428 0)
(-31.4747 -4.93346 0)
(-34.062 -0.820873 0)
(-36.255 3.54392 0)
(13.0313 31.1933 0)
(33.0341 13.9624 0)
(50.9056 -1.81931 0)
(66.0435 -15.0193 0)
(76.6181 -25.4063 0)
(81.9469 -31.576 0)
(81.6964 -32.6532 0)
(78.4529 -29.8728 0)
(73.7662 -24.5196 0)
(68.5341 -17.6773 0)
(63.412 -10.3752 0)
(58.6373 -3.71815 0)
(54.1286 1.23823 0)
(49.7422 3.71602 0)
(45.3793 3.47695 0)
(40.9389 0.866887 0)
(36.2791 -3.40505 0)
(31.2227 -8.55113 0)
(25.6116 -13.9934 0)
(19.37 -19.4658 0)
(12.5325 -24.3224 0)
(5.57022 -27.9533 0)
(-1.27292 -30.58 0)
(-7.94061 -31.9012 0)
(-14.5126 -31.7443 0)
(-21.0787 -30.4763 0)
(-27.5044 -28.2406 0)
(-33.6394 -25.1098 0)
(-39.3471 -21.1725 0)
(-44.4928 -16.475 0)
(-49.0042 -11.0402 0)
(-52.8869 -4.94147 0)
(-56.1805 1.66555 0)
(-58.9138 8.59747 0)
(-61.0758 15.6738 0)
(-62.5824 22.7852 0)
(-63.2875 29.9408 0)
(-62.8727 36.7583 0)
(-60.2088 41.8792 0)
(-54.7972 44.5019 0)
(-46.8611 44.7006 0)
(-36.9169 42.6014 0)
(-25.7583 38.5208 0)
(-14.3101 33.3484 0)
(-1.96618 27.813 0)
(12.8069 19.866 0)
(27.4098 8.9857 0)
(40.5901 -0.981164 0)
(50.7989 -9.14914 0)
(57.4274 -14.7675 0)
(60.2301 -17.189 0)
(59.2309 -16.5103 0)
(56.5587 -14.0314 0)
(52.8453 -10.6709 0)
(48.7348 -7.12842 0)
(44.6299 -3.98723 0)
(40.7474 -1.7253 0)
(37.1984 -0.635104 0)
(33.9938 -0.782337 0)
(31.0469 -2.03555 0)
(28.2 -4.13455 0)
(25.2696 -6.78608 0)
(22.0959 -9.75212 0)
(18.573 -12.8617 0)
(14.6562 -15.9141 0)
(10.366 -18.5951 0)
(5.74419 -20.6021 0)
(0.924155 -22.0581 0)
(-4.05211 -22.8149 0)
(-9.16983 -22.7607 0)
(-14.3439 -21.9708 0)
(-19.4346 -20.4348 0)
(-24.3502 -18.1526 0)
(-29.0277 -15.1656 0)
(-33.4138 -11.5444 0)
(-37.4647 -7.38649 0)
(-41.1291 -2.82157 0)
(-44.3235 2.03328 0)
(-46.9532 7.157 0)
(-48.9541 12.5787 0)
(-50.2036 18.1273 0)
(-50.3337 23.2167 0)
(-48.2915 26.9033 0)
(-44.2687 29.2352 0)
(-38.3589 30.0903 0)
(-30.8694 29.4211 0)
(-22.4146 27.4844 0)
(-13.666 24.6707 0)
(-4.70497 21.4358 0)
(5.41184 17.2569 0)
(15.5465 11.0474 0)
(24.8362 5.14093 0)
(32.3272 0.0830908 0)
(37.4643 -3.80753 0)
(40.2106 -6.13261 0)
(40.5107 -6.82059 0)
(39.392 -6.37399 0)
(37.5197 -5.33794 0)
(35.2799 -4.09799 0)
(32.9545 -2.90993 0)
(30.7166 -1.99113 0)
(28.6506 -1.50931 0)
(26.77 -1.553 0)
(25.0302 -2.13227 0)
(23.3444 -3.19217 0)
(21.6051 -4.63517 0)
(19.7038 -6.34468 0)
(17.5483 -8.20224 0)
(15.071 -10.1027 0)
(12.2368 -11.9679 0)
(9.04545 -13.6967 0)
(5.50566 -15.1146 0)
(1.71566 -16.1797 0)
(-2.16421 -16.8166 0)
(-6.16536 -16.7154 0)
(-10.3258 -15.9842 0)
(-14.5402 -14.7665 0)
(-18.678 -13.1123 0)
(-22.6176 -11.0556 0)
(-26.2485 -8.57579 0)
(-29.5255 -5.61897 0)
(-32.4545 -2.20282 0)
(-35.0016 1.55817 0)
(-37.0466 5.51963 0)
(36.1565 9.27771 0)
(54.4656 -4.94577 0)
(68.356 -16.7373 0)
(76.7617 -25.4113 0)
(79.2627 -30.0079 0)
(76.4568 -30.5444 0)
(71.3721 -28.4756 0)
(65.0596 -24.312 0)
(58.5544 -18.5997 0)
(52.7015 -12.1254 0)
(48.0003 -5.56572 0)
(44.4715 0.392117 0)
(41.7248 4.99931 0)
(39.2991 7.36659 0)
(36.8437 7.14183 0)
(34.1081 4.7148 0)
(30.8968 0.804381 0)
(27.0046 -3.79098 0)
(22.3098 -8.45229 0)
(16.8484 -13.0795 0)
(10.5291 -17.5401 0)
(3.43567 -21.0035 0)
(-2.56131 -23.8752 0)
(-9.78353 -25.4594 0)
(-16.0273 -25.316 0)
(-22.4641 -24.0853 0)
(-28.7422 -22.0138 0)
(-34.6937 -19.2245 0)
(-40.1852 -15.8347 0)
(-45.0514 -11.8324 0)
(-49.2503 -7.11048 0)
(-52.8999 -1.63124 0)
(-56.1607 4.46909 0)
(-59.1004 10.9981 0)
(-61.559 17.7308 0)
(-62.9519 24.2684 0)
(-62.4491 30.1126 0)
(-59.1056 34.3873 0)
(-53.3768 36.6031 0)
(-45.0158 36.4571 0)
(-34.6107 34.2994 0)
(-23.3571 30.8579 0)
(-11.6326 26.6445 0)
(1.85912 21.9446 0)
(16.2361 13.4246 0)
(30.0804 4.25241 0)
(41.9542 -4.0916 0)
(50.313 -10.9239 0)
(54.7329 -15.2877 0)
(54.899 -16.5975 0)
(52.5838 -15.5891 0)
(48.9667 -13.141 0)
(44.8052 -9.92237 0)
(40.6802 -6.42551 0)
(36.9175 -3.07881 0)
(33.6382 -0.286119 0)
(30.8484 1.56425 0)
(28.4994 2.24886 0)
(26.4765 1.78905 0)
(24.6051 0.388053 0)
(22.6823 -1.65987 0)
(20.5238 -4.07025 0)
(17.9972 -6.65316 0)
(15.0244 -9.3146 0)
(11.5628 -11.9426 0)
(7.60008 -14.2742 0)
(3.21287 -16.038 0)
(-1.08123 -17.3132 0)
(-6.14898 -17.9039 0)
(-10.9132 -17.7834 0)
(-15.8138 -17.022 0)
(-20.6481 -15.5967 0)
(-25.3319 -13.4974 0)
(-29.8202 -10.7521 0)
(-34.0787 -7.41751 0)
(-38.0971 -3.57561 0)
(-41.8185 0.640463 0)
(-45.0107 5.06721 0)
(-47.303 9.64611 0)
(-48.4052 14.2039 0)
(-47.8672 18.2315 0)
(-45.3751 21.0654 0)
(-40.913 22.7081 0)
(-34.5184 23.1869 0)
(-26.8419 22.377 0)
(-18.6232 20.6762 0)
(-10.3234 18.526 0)
(-1.35576 16.1698 0)
(8.39189 11.7297 0)
(17.501 6.60169 0)
(25.3561 2.02863 0)
(31.1382 -1.73965 0)
(34.5917 -4.41438 0)
(35.6809 -5.75465 0)
(34.9098 -5.88938 0)
(33.2829 -5.26526 0)
(31.1843 -4.23258 0)
(28.953 -3.01096 0)
(26.816 -1.78995 0)
(24.8985 -0.761234 0)
(23.2536 -0.0791038 0)
(21.8769 0.16352 0)
(20.7103 -0.0640947 0)
(19.6575 -0.733607 0)
(18.6007 -1.76947 0)
(17.4173 -3.07244 0)
(16.0028 -4.54522 0)
(14.281 -6.10286 0)
(12.1955 -7.65881 0)
(9.71711 -9.16245 0)
(6.84646 -10.5669 0)
(3.48944 -11.7157 0)
(0.584096 -12.4338 0)
(-3.77913 -12.7527 0)
(-7.60659 -12.5668 0)
(-11.4979 -11.8629 0)
(-15.6317 -10.7081 0)
(-19.7662 -9.1816 0)
(-23.6831 -7.32802 0)
(-27.1552 -5.10483 0)
(-30.0968 -2.43239 0)
(-32.5601 0.616576 0)
(-34.4972 3.82281 0)
(61.383 -9.44446 0)
(71.1994 -18.0107 0)
(74.5729 -23.5339 0)
(72.0708 -25.7536 0)
(66.6321 -25.6456 0)
(59.319 -24.0763 0)
(51.5944 -21.2296 0)
(44.1639 -17.1019 0)
(37.3376 -12.2534 0)
(31.8426 -7.17138 0)
(28.3151 -2.09094 0)
(26.5591 2.61564 0)
(25.8 6.38316 0)
(25.8791 8.55567 0)
(26.008 8.70275 0)
(25.5996 6.89598 0)
(24.4416 3.7589 0)
(22.2259 0.0252237 0)
(18.8744 -3.77202 0)
(14.5478 -7.41263 0)
(8.91275 -11.4359 0)
(2.38633 -14.8679 0)
(-2.33835 -17.2951 0)
(-10.7493 -18.5542 0)
(-16.6177 -18.7392 0)
(-22.9534 -17.8488 0)
(-29.2712 -16.0896 0)
(-35.3299 -13.6975 0)
(-40.9097 -10.8025 0)
(-45.7067 -7.3482 0)
(-49.6716 -3.09759 0)
(-53.0675 2.09876 0)
(-56.0552 8.04709 0)
(-58.4326 14.2946 0)
(-59.6205 19.5247 0)
(-57.9812 23.0013 0)
(-53.518 25.8423 0)
(-46.0641 27.7259 0)
(-36.3202 28.0478 0)
(-26.4113 25.591 0)
(-15.0179 23.0172 0)
(-2.37342 19.9381 0)
(11.3109 12.4824 0)
(24.1977 6.60265 0)
(35.4894 -0.626658 0)
(43.5804 -6.499 0)
(47.8068 -10.8341 0)
(47.965 -13.3041 0)
(45.5558 -13.9098 0)
(41.7649 -13.0547 0)
(37.285 -11.2121 0)
(32.7493 -8.67989 0)
(28.6796 -5.75699 0)
(25.4175 -2.78242 0)
(23.031 -0.0702968 0)
(21.3471 2.09839 0)
(20.1763 3.42442 0)
(19.381 3.75505 0)
(18.7736 3.1356 0)
(18.1285 1.77605 0)
(17.2266 -0.0539487 0)
(15.8935 -2.12111 0)
(14.0285 -4.28077 0)
(11.6127 -6.43755 0)
(8.66138 -8.48383 0)
(5.05986 -10.3433 0)
(0.943333 -11.8021 0)
(-3.23446 -12.7721 0)
(-8.05675 -13.1107 0)
(-12.6172 -12.949 0)
(-17.2631 -12.2115 0)
(-21.8025 -10.8727 0)
(-26.1761 -8.93316 0)
(-30.3504 -6.38501 0)
(-34.269 -3.23887 0)
(-37.8682 0.455488 0)
(-41.0006 4.31078 0)
(-43.1426 7.44342 0)
(-43.393 10.1367 0)
(-41.5505 12.9304 0)
(-37.9755 15.1445 0)
(-32.4289 16.7087 0)
(-26.2877 15.8327 0)
(-19.002 15.1692 0)
(-11.6654 14.0521 0)
(-3.93414 12.895 0)
(4.60212 10.2347 0)
(12.5375 6.30592 0)
(19.4485 2.72267 0)
(24.6475 -0.225186 0)
(27.8188 -2.47882 0)
(28.9388 -3.90424 0)
(28.3434 -4.4526 0)
(26.9048 -4.34418 0)
(24.9623 -3.81174 0)
(22.8572 -3.00449 0)
(20.8368 -2.01958 0)
(19.055 -0.986246 0)
(17.5887 -0.0476176 0)
(16.4591 0.65732 0)
(15.6437 1.03179 0)
(15.0707 1.03381 0)
(14.6365 0.665535 0)
(14.2226 -0.0258321 0)
(13.7076 -0.958855 0)
(12.9815 -2.04825 0)
(11.9661 -3.22267 0)
(10.6311 -4.4104 0)
(8.95411 -5.51888 0)
(6.89078 -6.53474 0)
(4.36719 -7.53706 0)
(1.29444 -8.37685 0)
(-2.0586 -8.94459 0)
(-5.41684 -9.19808 0)
(-8.84828 -8.90654 0)
(-12.4886 -7.87496 0)
(-16.2684 -6.38449 0)
(-19.9999 -4.8958 0)
(-23.4036 -3.63305 0)
(-26.1681 -2.32469 0)
(-28.1843 -0.396643 0)
(-29.5026 2.13412 0)
(-29.856 4.57305 0)
(65.6637 -15.4581 0)
(61.8955 -17.69 0)
(55.4254 -18.511 0)
(47.7366 -18.1991 0)
(39.8523 -16.9181 0)
(32.2867 -14.9929 0)
(25.0776 -13.3225 0)
(19.2619 -10.0596 0)
(14.7667 -5.90515 0)
(11.1914 -2.98615 0)
(9.21087 -0.167559 0)
(8.7307 2.75533 0)
(9.7256 5.77155 0)
(11.6932 7.23141 0)
(13.9544 7.3197 0)
(15.8658 6.18946 0)
(16.4177 4.02596 0)
(15.7128 1.54383 0)
(13.6414 -0.850998 0)
(10.4903 -2.96857 0)
(6.75639 -5.35907 0)
(1.59153 -8.74674 0)
(-4.55114 -11.0073 0)
(-10.3939 -12.3224 0)
(-16.3805 -12.5875 0)
(-22.6701 -11.4209 0)
(-29.0246 -9.4382 0)
(-35.2291 -7.33491 0)
(-40.9378 -5.41305 0)
(-45.669 -3.32385 0)
(-49.1416 -0.0241075 0)
(-51.3049 4.76885 0)
(-51.2944 9.76807 0)
(-48.7335 13.7573 0)
(-41.6781 17.3594 0)
(-36.5361 19.3486 0)
(-30.4967 18.2289 0)
(-21.0914 17.4581 0)
(-11.1038 16.6923 0)
(0.514219 14.9737 0)
(12.048 8.97519 0)
(22.4963 5.66838 0)
(30.8513 0.753432 0)
(36.3617 -3.00827 0)
(38.9339 -5.82918 0)
(38.1745 -7.71146 0)
(35.5908 -8.83431 0)
(31.8197 -9.28486 0)
(27.5383 -9.04794 0)
(23.1418 -8.07735 0)
(18.9824 -6.49227 0)
(15.4039 -4.46234 0)
(12.5663 -2.52966 0)
(10.7225 -0.743241 0)
(9.86911 0.984783 0)
(9.60079 2.60177 0)
(9.99292 3.51905 0)
(10.7666 3.59711 0)
(11.559 3.01184 0)
(11.9628 1.9088 0)
(11.8809 0.541845 0)
(11.2406 -0.886619 0)
(9.96259 -2.30996 0)
(8.06406 -3.80094 0)
(5.3289 -5.40723 0)
(2.37371 -6.61835 0)
(-0.813622 -7.59498 0)
(-5.42102 -8.24742 0)
(-9.46962 -8.58628 0)
(-13.7546 -8.53828 0)
(-18.0367 -7.92158 0)
(-22.1347 -6.74474 0)
(-25.9159 -4.99651 0)
(-29.2255 -2.63904 0)
(-31.8328 0.138768 0)
(-33.4257 2.94627 0)
(-32.9992 5.37704 0)
(-29.2894 7.62332 0)
(-29.0491 8.86705 0)
(-25.5458 8.78721 0)
(-20.3314 9.30712 0)
(-14.7216 9.19777 0)
(-8.9367 8.91653 0)
(-2.86166 8.71844 0)
(3.50408 7.00041 0)
(9.27597 4.69365 0)
(14.2272 2.54634 0)
(17.8627 0.844554 0)
(19.9584 -0.527481 0)
(20.4893 -1.57766 0)
(19.8921 -2.22852 0)
(18.6371 -2.50155 0)
(16.9765 -2.49658 0)
(15.1657 -2.25329 0)
(13.4166 -1.77577 0)
(11.8852 -1.13463 0)
(10.6653 -0.428711 0)
(9.78753 0.245984 0)
(9.22632 0.808346 0)
(8.94432 1.18473 0)
(8.88853 1.31372 0)
(8.97435 1.17729 0)
(9.09673 0.796089 0)
(9.10703 0.209013 0)
(8.92777 -0.515298 0)
(8.47462 -1.30858 0)
(7.70001 -2.13404 0)
(6.55327 -3.04209 0)
(4.95386 -3.90343 0)
(3.25166 -4.62229 0)
(1.48255 -5.19304 0)
(-0.527253 -5.57639 0)
(-2.83965 -5.71445 0)
(-6.16533 -5.60206 0)
(-9.79086 -5.22326 0)
(-12.8237 -4.52343 0)
(-14.8807 -3.53364 0)
(-16.2367 -2.36087 0)
(-17.281 -1.13347 0)
(-19.0884 0.0764875 0)
(-21.0074 1.25058 0)
(-21.1749 2.30928 0)
(-19.6653 3.21024 0)
(38.6199 -7.56316 0)
(31.9817 -8.13156 0)
(25.2095 -8.83069 0)
(18.5834 -10.289 0)
(12.7001 -10.1467 0)
(7.48941 -9.57096 0)
(2.87267 -8.40964 0)
(-0.829326 -6.58002 0)
(-2.87817 -4.17138 0)
(-3.45546 -1.57877 0)
(-3.39249 0.66978 0)
(-2.68949 1.61025 0)
(-0.802424 3.45736 0)
(1.85324 4.3578 0)
(4.37769 4.73331 0)
(6.17147 4.68666 0)
(6.51388 4.13495 0)
(5.63119 3.20874 0)
(4.29052 1.46095 0)
(2.66871 -0.918173 0)
(0.822683 -2.60551 0)
(-1.94906 -4.09523 0)
(-6.03309 -5.25566 0)
(-11.2924 -6.01055 0)
(-16.911 -6.15098 0)
(-21.5544 -5.44909 0)
(-24.6827 -4.03759 0)
(-26.6862 -2.20302 0)
(-28.0591 -0.254844 0)
(-30.3692 1.63211 0)
(-33.0974 3.16567 0)
(-33.1451 4.21887 0)
(-29.0339 4.62549 0)
(-23.8308 5.95499 0)
(-17.3433 8.02924 0)
(-10.1309 9.54365 0)
(-1.86008 9.99236 0)
(5.91982 8.2775 0)
(12.9443 6.16757 0)
(19.126 3.84461 0)
(23.3674 1.91742 0)
(25.5391 0.416859 0)
(25.8227 -0.97804 0)
(24.8221 -2.04915 0)
(22.7526 -2.93188 0)
(19.9431 -3.605 0)
(16.7605 -4.20108 0)
(13.421 -5.00622 0)
(10.0912 -5.23376 0)
(7.13417 -4.52329 0)
(4.58415 -3.46397 0)
(2.62276 -2.22269 0)
(1.33048 -1.00646 0)
(0.731415 -0.0522932 0)
(0.680799 0.935255 0)
(1.38048 1.95279 0)
(2.54852 2.30112 0)
(3.832 2.28766 0)
(4.96725 1.99966 0)
(5.75907 1.51336 0)
(5.92723 0.739961 0)
(5.61785 -0.168016 0)
(4.94907 -1.11012 0)
(3.88396 -2.03202 0)
(2.36931 -2.96339 0)
(0.400623 -3.80546 0)
(-1.88592 -4.2731 0)
(-4.45331 -4.477 0)
(-7.31944 -4.54743 0)
(-10.4123 -4.3136 0)
(-13.5585 -3.72856 0)
(-16.4923 -2.83208 0)
(-18.8939 -1.69069 0)
(-20.5194 -0.442215 0)
(-20.5442 0.656556 0)
(-19.333 1.36881 0)
(-17.4921 1.93667 0)
(-14.7722 3.00077 0)
(-11.234 4.56339 0)
(-7.72058 4.63336 0)
(-4.53562 4.69077 0)
(-1.01604 4.76507 0)
(2.42237 4.0781 0)
(5.54689 3.21633 0)
(8.13472 2.44902 0)
(9.93013 1.87195 0)
(10.9221 1.28402 0)
(11.0654 0.648505 0)
(10.7298 0.0941911 0)
(10.0247 -0.340554 0)
(9.061 -0.675615 0)
(7.95012 -0.870041 0)
(6.80723 -0.893382 0)
(5.73256 -0.771275 0)
(4.80998 -0.544692 0)
(4.10763 -0.253774 0)
(3.66591 0.0821698 0)
(3.4666 0.459153 0)
(3.48298 0.836587 0)
(3.73287 1.01158 0)
(4.1239 0.998558 0)
(4.55831 0.830136 0)
(4.93843 0.533951 0)
(5.18208 0.136114 0)
(5.1874 -0.330979 0)
(4.9574 -0.825099 0)
(4.48615 -1.31692 0)
(3.76578 -1.8034 0)
(2.79277 -2.34745 0)
(1.5276 -2.97145 0)
(-0.0999128 -3.41037 0)
(-1.90114 -3.5101 0)
(-3.7246 -3.2375 0)
(-5.44134 -2.83155 0)
(-6.99773 -2.65545 0)
(-8.41424 -2.67607 0)
(-9.63658 -2.52924 0)
(-10.543 -1.90169 0)
(-10.921 -0.754805 0)
(-10.7281 0.440376 0)
(-10.1075 1.02114 0)
(-9.26764 1.07213 0)
(-8.22426 1.23349 0)
(12.4208 -2.79682 0)
(8.29588 -3.63968 0)
(4.68768 -4.85348 0)
(0.345845 -5.18072 0)
(-3.32055 -5.26505 0)
(-6.32 -5.08243 0)
(-8.47641 -4.81885 0)
(-9.66387 -4.38173 0)
(-9.75337 -3.54545 0)
(-9.00143 -2.42317 0)
(-7.58275 -1.00481 0)
(-6.05711 0.340682 0)
(-4.69681 1.25379 0)
(-3.27112 2.04288 0)
(-1.71753 2.96426 0)
(-0.525479 3.79057 0)
(0.335048 4.11043 0)
(0.734809 3.26118 0)
(0.669326 1.9965 0)
(-0.113695 0.956714 0)
(-1.67017 0.172501 0)
(-3.68009 -1.31212 0)
(-5.62248 -1.82628 0)
(-7.59551 -2.23348 0)
(-9.44567 -2.7037 0)
(-10.9385 -3.29233 0)
(-12.0409 -3.67112 0)
(-12.3677 -3.2365 0)
(-11.7419 -1.63591 0)
(-10.3566 0.110021 0)
(-8.3424 1.01879 0)
(-6.18849 1.12946 0)
(-4.2897 1.19567 0)
(-2.39974 2.08165 0)
(0.647027 3.19292 0)
(3.96336 3.91314 0)
(7.07858 3.86783 0)
(9.47113 3.59338 0)
(10.9887 3.37717 0)
(11.8145 3.22726 0)
(11.7627 2.71953 0)
(11.093 2.13949 0)
(10.1191 1.18453 0)
(8.87526 0.210356 0)
(7.43286 -0.562948 0)
(5.90281 -1.3785 0)
(4.32575 -2.19874 0)
(2.67575 -2.64179 0)
(0.91244 -2.70606 0)
(-0.609404 -2.46644 0)
(-1.66478 -1.99415 0)
(-2.17456 -1.34135 0)
(-2.25704 -0.680092 0)
(-1.99137 -0.0784595 0)
(-1.4795 0.351037 0)
(-0.80777 0.771651 0)
(0.265036 1.02243 0)
(1.22815 1.11019 0)
(1.99708 1.07608 0)
(2.54845 0.908687 0)
(2.8187 0.564199 0)
(2.7791 0.0551717 0)
(2.45473 -0.527256 0)
(1.84327 -1.11287 0)
(0.997439 -1.70725 0)
(-0.148776 -2.28243 0)
(-1.51462 -2.55428 0)
(-2.85719 -2.66024 0)
(-4.16073 -2.64848 0)
(-5.36538 -2.46973 0)
(-6.37038 -1.96531 0)
(-7.07218 -1.63577 0)
(-7.40167 -1.35457 0)
(-7.3005 -1.06447 0)
(-6.94344 -0.747011 0)
(-6.40316 -0.169516 0)
(-5.72949 0.579707 0)
(-4.83344 1.42497 0)
(-3.59183 2.09039 0)
(-2.17029 2.43894 0)
(-0.776053 2.54282 0)
(0.49231 2.54294 0)
(1.6097 2.54903 0)
(2.48937 2.50999 0)
(3.12962 2.26429 0)
(3.54198 1.83155 0)
(3.72497 1.45845 0)
(3.7404 1.02327 0)
(3.59849 0.567115 0)
(3.3134 0.193299 0)
(2.93493 -0.0782534 0)
(2.50891 -0.237757 0)
(2.08779 -0.289959 0)
(1.72168 -0.25207 0)
(1.44853 -0.139879 0)
(1.28943 0.0291636 0)
(1.23422 0.221371 0)
(1.33477 0.393925 0)
(1.5925 0.503496 0)
(1.95916 0.53171 0)
(2.35421 0.483205 0)
(2.71296 0.365208 0)
(2.99057 0.188459 0)
(3.15706 -0.0348572 0)
(3.17296 -0.298653 0)
(3.04508 -0.597447 0)
(2.77972 -0.919057 0)
(2.37439 -1.24811 0)
(1.82335 -1.5538 0)
(1.12174 -1.81873 0)
(0.276295 -2.06024 0)
(-0.674877 -2.19011 0)
(-1.57093 -2.16912 0)
(-2.32782 -2.10598 0)
(-2.97561 -2.04441 0)
(-3.60284 -1.94307 0)
(-4.23664 -1.72172 0)
(-4.7872 -1.34493 0)
(-5.0688 -0.827234 0)
(-4.98267 -0.285434 0)
(-4.68587 0.135009 0)
(-4.34716 0.449459 0)
(-4.0199 0.762389 0)
(1.38729 1.30335 0)
(-0.480877 -0.0942924 0)
(-1.9884 -1.64874 0)
(-3.23913 -2.8392 0)
(-4.25801 -3.6589 0)
(-4.96539 -4.67299 0)
(-5.33075 -5.05172 0)
(-5.44221 -5.12394 0)
(-5.2132 -4.71634 0)
(-4.68204 -3.82156 0)
(-3.87336 -2.44122 0)
(-3.01234 -0.971487 0)
(-2.33642 0.266848 0)
(-1.6898 1.27201 0)
(-0.96772 2.13045 0)
(-0.209846 2.80901 0)
(0.6893 3.15532 0)
(1.47431 3.0295 0)
(1.78304 2.23787 0)
(1.6732 1.26251 0)
(1.3682 0.291292 0)
(0.838518 -0.64652 0)
(0.167546 -1.25829 0)
(-0.844761 -1.83939 0)
(-1.73198 -2.50116 0)
(-2.59103 -2.91193 0)
(-3.45723 -2.98607 0)
(-4.27684 -2.68662 0)
(-4.60465 -1.89639 0)
(-4.2603 -0.919805 0)
(-3.4107 -0.229272 0)
(-2.51225 0.259378 0)
(-1.78413 0.665857 0)
(-1.08588 0.951682 0)
(-0.341146 1.90945 0)
(0.808114 2.85368 0)
(1.80761 3.40574 0)
(2.51861 3.6047 0)
(2.90482 3.54626 0)
(3.08668 3.24738 0)
(3.23761 2.85843 0)
(3.26887 2.38883 0)
(3.1056 1.64848 0)
(2.809 0.773694 0)
(2.42582 0.0207343 0)
(2.02521 -0.490764 0)
(1.50869 -1.11161 0)
(0.928359 -1.66456 0)
(0.380171 -1.9749 0)
(-0.0632307 -2.04977 0)
(-0.302922 -1.87203 0)
(-0.386091 -1.55059 0)
(-0.312976 -1.13754 0)
(-0.0942832 -0.713408 0)
(0.259931 -0.328808 0)
(0.67844 0.0804195 0)
(1.06485 0.372846 0)
(1.43696 0.58841 0)
(1.72584 0.701203 0)
(1.93223 0.697004 0)
(2.0465 0.51893 0)
(2.04026 0.18145 0)
(1.90109 -0.240481 0)
(1.60939 -0.682903 0)
(1.17288 -1.0926 0)
(0.607539 -1.46472 0)
(-0.113462 -1.73864 0)
(-0.847615 -1.91286 0)
(-1.56852 -1.99427 0)
(-2.25468 -1.95959 0)
(-2.82616 -1.80199 0)
(-3.25096 -1.53633 0)
(-3.57033 -1.19594 0)
(-3.79901 -0.812262 0)
(-3.93245 -0.397573 0)
(-3.95955 0.0419801 0)
(-3.83709 0.513927 0)
(-3.52142 1.036 0)
(-2.98724 1.52465 0)
(-2.32625 1.79858 0)
(-1.65232 1.95417 0)
(-0.992628 2.01844 0)
(-0.366291 1.95827 0)
(0.20945 1.8073 0)
(0.709645 1.59774 0)
(1.1108 1.36614 0)
(1.41242 1.11324 0)
(1.60164 0.824597 0)
(1.67818 0.541726 0)
(1.66168 0.297012 0)
(1.587 0.101492 0)
(1.48101 -0.0361462 0)
(1.36943 -0.111355 0)
(1.27686 -0.129305 0)
(1.22031 -0.0989551 0)
(1.21488 -0.0307456 0)
(1.27754 0.0574486 0)
(1.4018 0.148475 0)
(1.57344 0.224569 0)
(1.76711 0.25861 0)
(1.95331 0.242998 0)
(2.10989 0.181663 0)
(2.2208 0.0779722 0)
(2.27371 -0.0634074 0)
(2.25454 -0.24034 0)
(2.16565 -0.449424 0)
(1.99598 -0.678798 0)
(1.74326 -0.91641 0)
(1.40661 -1.15105 0)
(0.985669 -1.35539 0)
(0.480913 -1.50743 0)
(-0.0641266 -1.58822 0)
(-0.610217 -1.58461 0)
(-1.12046 -1.52277 0)
(-1.6085 -1.46063 0)
(-2.09688 -1.37742 0)
(-2.57375 -1.21542 0)
(-2.98691 -0.936581 0)
(-3.26946 -0.5536 0)
(-3.37144 -0.144918 0)
(-3.32614 0.177702 0)
(-3.21331 0.39626 0)
(-3.05397 0.589145 0)
(3.43497 1.09004 0)
(3.2466 -0.324511 0)
(2.61323 -1.42678 0)
(1.76714 -2.28234 0)
(0.952947 -3.41161 0)
(0.393847 -4.00974 0)
(-0.306453 -4.5017 0)
(-1.13636 -4.66553 0)
(-1.65706 -4.50256 0)
(-1.90612 -3.77901 0)
(-1.95505 -2.67986 0)
(-1.76003 -1.41667 0)
(-1.46749 -0.214684 0)
(-1.09174 0.778164 0)
(-0.617296 1.48406 0)
(-0.0677603 1.96482 0)
(0.510715 2.22101 0)
(0.977891 2.18432 0)
(1.18496 1.93722 0)
(1.10733 1.55091 0)
(0.816963 1.03601 0)
(0.348687 0.406981 0)
(-0.229519 -0.133609 0)
(-0.832377 -0.682097 0)
(-1.36556 -1.28212 0)
(-1.90529 -1.76373 0)
(-2.45321 -1.97321 0)
(-2.95117 -1.96173 0)
(-3.26161 -1.80475 0)
(-3.18891 -1.48303 0)
(-2.87444 -1.06602 0)
(-2.52833 -0.58646 0)
(-2.26286 -0.0474834 0)
(-2.08253 0.608787 0)
(-1.80616 1.28742 0)
(-1.35026 1.90017 0)
(-0.767274 2.63141 0)
(-0.142724 2.92865 0)
(0.473822 3.04013 0)
(1.05299 2.92557 0)
(1.58363 2.60786 0)
(2.08529 2.11632 0)
(2.4832 1.47462 0)
(2.68844 0.793283 0)
(2.74549 0.168046 0)
(2.70177 -0.472638 0)
(2.52026 -1.03498 0)
(2.25059 -1.43119 0)
(1.91273 -1.66413 0)
(1.50155 -1.76606 0)
(1.10571 -1.64533 0)
(0.85525 -1.3692 0)
(0.667157 -1.07617 0)
(0.577938 -0.747676 0)
(0.568155 -0.370483 0)
(0.581572 0.000574133 0)
(0.673596 0.140247 0)
(0.788528 0.42215 0)
(0.902834 0.570249 0)
(1.01306 0.573863 0)
(1.10121 0.437491 0)
(1.11184 0.212525 0)
(1.02265 -0.0665554 0)
(0.825207 -0.348156 0)
(0.510803 -0.626528 0)
(0.13807 -0.878508 0)
(-0.299497 -1.07183 0)
(-0.754819 -1.21294 0)
(-1.21141 -1.29126 0)
(-1.64939 -1.29113 0)
(-2.03417 -1.21179 0)
(-2.34616 -1.09595 0)
(-2.58785 -0.945908 0)
(-2.76143 -0.748924 0)
(-2.8633 -0.496609 0)
(-2.88871 -0.177766 0)
(-2.82162 0.19603 0)
(-2.63657 0.589693 0)
(-2.32526 0.940506 0)
(-1.92463 1.18567 0)
(-1.48767 1.33658 0)
(-1.03974 1.42027 0)
(-0.593578 1.43992 0)
(-0.167361 1.39365 0)
(0.221154 1.28278 0)
(0.557524 1.11923 0)
(0.837846 0.928889 0)
(1.05301 0.716566 0)
(1.20894 0.493577 0)
(1.30256 0.284917 0)
(1.34411 0.114282 0)
(1.35265 -0.00726907 0)
(1.3389 -0.0786403 0)
(1.31449 -0.103823 0)
(1.29507 -0.0897281 0)
(1.29393 -0.0467981 0)
(1.31714 0.0114727 0)
(1.36614 0.0713728 0)
(1.43595 0.119008 0)
(1.51496 0.141512 0)
(1.5901 0.133937 0)
(1.64873 0.0958114 0)
(1.67976 0.0283157 0)
(1.6769 -0.0662164 0)
(1.63667 -0.18685 0)
(1.54654 -0.328908 0)
(1.40114 -0.485394 0)
(1.19843 -0.648238 0)
(0.940917 -0.809786 0)
(0.613293 -0.960885 0)
(0.228525 -1.059 0)
(-0.169305 -1.10812 0)
(-0.568315 -1.1188 0)
(-0.952083 -1.10104 0)
(-1.31943 -1.05915 0)
(-1.6755 -0.981759 0)
(-2.00858 -0.850628 0)
(-2.28715 -0.659558 0)
(-2.47501 -0.423402 0)
(-2.54588 -0.176767 0)
(-2.52097 0.0413972 0)
(-2.43533 0.224238 0)
(-2.30491 0.391797 0)
(5.52075 1.23393 0)
(5.60434 0.179758 0)
(5.41896 -0.781388 0)
(4.90274 -1.52105 0)
(4.15612 -2.70445 0)
(3.11661 -3.39414 0)
(2.09193 -3.94459 0)
(0.932778 -3.89045 0)
(-0.435179 -3.63138 0)
(-1.63767 -3.09489 0)
(-2.54333 -2.21892 0)
(-3.08619 -1.16225 0)
(-3.28422 -0.178616 0)
(-3.18402 0.617417 0)
(-2.86421 1.26382 0)
(-2.38469 1.76412 0)
(-1.78085 2.05375 0)
(-1.11564 2.0796 0)
(-0.488921 1.8412 0)
(0.0337344 1.40962 0)
(0.416193 0.861344 0)
(0.623603 0.288118 0)
(0.633731 -0.235108 0)
(0.463098 -0.712927 0)
(0.170422 -1.24407 0)
(-0.316426 -1.60275 0)
(-0.915034 -1.75563 0)
(-1.51737 -1.73038 0)
(-2.06438 -1.51778 0)
(-2.53248 -1.19742 0)
(-2.8839 -0.813267 0)
(-3.09322 -0.355509 0)
(-3.16197 0.148164 0)
(-3.09571 0.663132 0)
(-2.84934 1.20705 0)
(-2.37751 1.70239 0)
(-1.69533 2.04485 0)
(-0.850663 2.20471 0)
(0.0405263 2.20983 0)
(0.907459 2.08695 0)
(1.74663 1.85642 0)
(2.4665 1.4855 0)
(2.98519 1.04008 0)
(3.33713 0.529461 0)
(3.47189 0.0207919 0)
(3.43463 -0.398989 0)
(3.22137 -0.768803 0)
(2.83513 -1.06668 0)
(2.3395 -1.25865 0)
(1.82645 -1.34573 0)
(1.33227 -1.25374 0)
(0.855871 -1.03203 0)
(0.460841 -0.752523 0)
(0.162835 -0.530336 0)
(-0.0223438 -0.263923 0)
(-0.0914201 0.00661172 0)
(-0.0748035 0.233195 0)
(0.018899 0.389735 0)
(0.18682 0.468228 0)
(0.387313 0.462987 0)
(0.570403 0.370606 0)
(0.698326 0.205315 0)
(0.745959 -0.0042132 0)
(0.702385 -0.230382 0)
(0.562925 -0.463796 0)
(0.354634 -0.676289 0)
(0.0582357 -0.845675 0)
(-0.294684 -0.962819 0)
(-0.68327 -1.02207 0)
(-1.08688 -1.01837 0)
(-1.47899 -0.954026 0)
(-1.83899 -0.843116 0)
(-2.15493 -0.691555 0)
(-2.41528 -0.502252 0)
(-2.60616 -0.277982 0)
(-2.70961 -0.0221054 0)
(-2.70439 0.250625 0)
(-2.56976 0.51558 0)
(-2.32171 0.743983 0)
(-1.97861 0.907514 0)
(-1.57508 1.00285 0)
(-1.13895 1.03861 0)
(-0.692075 1.02298 0)
(-0.254119 0.962671 0)
(0.154019 0.86566 0)
(0.513937 0.741526 0)
(0.827276 0.613156 0)
(1.08165 0.464333 0)
(1.25582 0.298841 0)
(1.35847 0.156453 0)
(1.40318 0.0451984 0)
(1.39801 -0.0326868 0)
(1.3626 -0.0669973 0)
(1.31297 -0.0722007 0)
(1.26194 -0.0608264 0)
(1.22228 -0.0327408 0)
(1.20213 0.00465617 0)
(1.20385 0.0438286 0)
(1.22384 0.0827476 0)
(1.25966 0.106329 0)
(1.30123 0.103543 0)
(1.3379 0.0848664 0)
(1.36157 0.037933 0)
(1.36335 -0.0365657 0)
(1.33337 -0.126408 0)
(1.26283 -0.228923 0)
(1.14669 -0.340508 0)
(0.980032 -0.457711 0)
(0.759357 -0.569198 0)
(0.504106 -0.668321 0)
(0.209313 -0.726504 0)
(-0.124458 -0.768857 0)
(-0.462553 -0.782803 0)
(-0.795844 -0.769182 0)
(-1.11998 -0.733381 0)
(-1.42864 -0.671256 0)
(-1.70829 -0.574652 0)
(-1.93837 -0.441753 0)
(-2.09904 -0.282647 0)
(-2.18013 -0.116738 0)
(-2.18248 0.0352364 0)
(-2.12819 0.165592 0)
(-2.02355 0.281618 0)
(6.58836 0.711367 0)
(6.73268 0.0887175 0)
(6.47201 -0.460362 0)
(5.86035 -0.961882 0)
(4.90876 -1.43807 0)
(3.64466 -1.83846 0)
(2.28057 -2.02018 0)
(0.781254 -2.28374 0)
(-0.821884 -2.14362 0)
(-2.15014 -1.76762 0)
(-3.17677 -1.24755 0)
(-3.82149 -0.675551 0)
(-4.06176 -0.141435 0)
(-3.91379 0.310457 0)
(-3.49665 0.663414 0)
(-2.85653 0.914103 0)
(-2.07079 1.04874 0)
(-1.23269 1.05632 0)
(-0.442093 0.948415 0)
(0.213061 0.749894 0)
(0.671844 0.49386 0)
(0.900538 0.227372 0)
(0.921377 -0.0334564 0)
(0.733206 -0.31107 0)
(0.377713 -0.598681 0)
(-0.15923 -0.827107 0)
(-0.846804 -0.9521 0)
(-1.57224 -0.951405 0)
(-2.22458 -0.860796 0)
(-2.77238 -0.690619 0)
(-3.1788 -0.459509 0)
(-3.41535 -0.195891 0)
(-3.46118 0.0770946 0)
(-3.28863 0.355501 0)
(-2.90453 0.638182 0)
(-2.31441 0.898359 0)
(-1.54514 1.10771 0)
(-0.661677 1.21378 0)
(0.260075 1.23277 0)
(1.15586 1.18938 0)
(1.95182 1.1147 0)
(2.62972 0.883382 0)
(3.13617 0.565643 0)
(3.4294 0.285913 0)
(3.51791 0.0395132 0)
(3.40512 -0.189364 0)
(3.13757 -0.386454 0)
(2.73935 -0.530539 0)
(2.25369 -0.629639 0)
(1.71636 -0.640731 0)
(1.20184 -0.626577 0)
(0.722096 -0.549697 0)
(0.350955 -0.423247 0)
(0.0937689 -0.282426 0)
(-0.0606613 -0.13505 0)
(-0.102444 -0.00348532 0)
(-0.0487193 0.0879399 0)
(0.0743608 0.165665 0)
(0.249518 0.209634 0)
(0.440517 0.204422 0)
(0.609325 0.153135 0)
(0.723638 0.0676523 0)
(0.76214 -0.0402641 0)
(0.710461 -0.159811 0)
(0.566138 -0.287203 0)
(0.329251 -0.410012 0)
(0.00968822 -0.489461 0)
(-0.3501 -0.53967 0)
(-0.741351 -0.5637 0)
(-1.1439 -0.558418 0)
(-1.53337 -0.524529 0)
(-1.88878 -0.466962 0)
(-2.19284 -0.388467 0)
(-2.43089 -0.289461 0)
(-2.5873 -0.170832 0)
(-2.64899 -0.0353304 0)
(-2.59732 0.109725 0)
(-2.43958 0.252826 0)
(-2.18003 0.37853 0)
(-1.83914 0.473225 0)
(-1.44518 0.534881 0)
(-1.02397 0.565726 0)
(-0.597518 0.56753 0)
(-0.185903 0.542763 0)
(0.191996 0.496353 0)
(0.530158 0.440318 0)
(0.812957 0.369792 0)
(1.02713 0.282547 0)
(1.17852 0.196786 0)
(1.26885 0.125067 0)
(1.3065 0.0660819 0)
(1.30491 0.0233445 0)
(1.28115 -0.00238999 0)
(1.24804 -0.0110069 0)
(1.21551 -0.00626587 0)
(1.19126 0.00604472 0)
(1.18102 0.023632 0)
(1.18615 0.0430293 0)
(1.20742 0.0575369 0)
(1.24064 0.0622031 0)
(1.27687 0.0590128 0)
(1.30741 0.0416518 0)
(1.32351 0.0107142 0)
(1.31523 -0.0297817 0)
(1.27272 -0.0792804 0)
(1.1923 -0.136281 0)
(1.06889 -0.198334 0)
(0.901459 -0.261513 0)
(0.690203 -0.325223 0)
(0.445632 -0.376644 0)
(0.156251 -0.43809 0)
(-0.165921 -0.460992 0)
(-0.48148 -0.461925 0)
(-0.793667 -0.450292 0)
(-1.09608 -0.426776 0)
(-1.37812 -0.388565 0)
(-1.62685 -0.332543 0)
(-1.82743 -0.258944 0)
(-1.9671 -0.173147 0)
(-2.03966 -0.0840149 0)
(-2.04495 0.000480613 0)
(-1.99499 0.0766213 0)
(-1.89426 0.145346 0)
(6.00504 0.278678 0)
(6.41635 0.0929193 0)
(6.42919 -0.0845277 0)
(6.06539 -0.26723 0)
(5.31562 -0.466791 0)
(4.19567 -0.603132 0)
(2.76336 -0.690038 0)
(1.37125 -0.880294 0)
(0.0524701 -0.731844 0)
(-1.28678 -0.574421 0)
(-2.37443 -0.405073 0)
(-3.1107 -0.224426 0)
(-3.46862 -0.0603764 0)
(-3.4795 0.0815672 0)
(-3.2004 0.198392 0)
(-2.69833 0.282806 0)
(-2.0365 0.326264 0)
(-1.31902 0.326325 0)
(-0.62518 0.286709 0)
(-0.0310267 0.220926 0)
(0.406099 0.13704 0)
(0.655238 0.0531055 0)
(0.730198 -0.0386766 0)
(0.613549 -0.116368 0)
(0.288152 -0.20216 0)
(-0.215155 -0.26618 0)
(-0.807562 -0.32661 0)
(-1.40863 -0.299176 0)
(-2.01625 -0.264301 0)
(-2.55466 -0.20593 0)
(-2.97292 -0.135751 0)
(-3.23454 -0.0573903 0)
(-3.31623 0.0269968 0)
(-3.20685 0.11618 0)
(-2.89466 0.205385 0)
(-2.39571 0.285759 0)
(-1.73017 0.348711 0)
(-0.949753 0.381457 0)
(-0.113047 0.386338 0)
(0.722103 0.370881 0)
(1.46108 0.341595 0)
(2.09835 0.26295 0)
(2.60294 0.185525 0)
(2.92913 0.104923 0)
(3.07528 0.0240312 0)
(3.05081 -0.0510351 0)
(2.87522 -0.116186 0)
(2.57499 -0.164314 0)
(2.18525 -0.188476 0)
(1.74802 -0.190583 0)
(1.32295 -0.198019 0)
(0.928596 -0.176893 0)
(0.612677 -0.12157 0)
(0.371459 -0.0839279 0)
(0.220476 -0.0400099 0)
(0.163042 -0.000233692 0)
(0.189798 0.0318004 0)
(0.280586 0.0558144 0)
(0.415202 0.0656544 0)
(0.565136 0.0605239 0)
(0.69711 0.0430145 0)
(0.781856 0.0130174 0)
(0.799686 -0.0278715 0)
(0.742552 -0.0746293 0)
(0.603917 -0.120373 0)
(0.39827 -0.170947 0)
(0.130746 -0.182616 0)
(-0.20439 -0.18658 0)
(-0.575605 -0.188516 0)
(-0.959129 -0.181847 0)
(-1.33376 -0.167062 0)
(-1.68046 -0.14603 0)
(-1.98309 -0.119203 0)
(-2.22626 -0.0865853 0)
(-2.39516 -0.0485049 0)
(-2.47767 -0.00607178 0)
(-2.46386 0.039022 0)
(-2.35107 0.0831004 0)
(-2.14682 0.120974 0)
(-1.86653 0.149183 0)
(-1.53175 0.166551 0)
(-1.16437 0.174477 0)
(-0.78479 0.17411 0)
(-0.411129 0.165942 0)
(-0.0570049 0.15538 0)
(0.249427 0.142346 0)
(0.515665 0.109639 0)
(0.73221 0.0849599 0)
(0.894064 0.0599379 0)
(1.00291 0.0384607 0)
(1.06738 0.0213669 0)
(1.09758 0.00936164 0)
(1.10533 0.00308272 0)
(1.10302 0.00145298 0)
(1.0999 0.00320969 0)
(1.10292 0.00776762 0)
(1.11664 0.0138158 0)
(1.1435 0.0197779 0)
(1.18317 0.0243617 0)
(1.23116 0.0260255 0)
(1.28114 0.0237967 0)
(1.32533 0.0183303 0)
(1.35437 0.00887248 0)
(1.35946 -0.0045983 0)
(1.33283 -0.0212341 0)
(1.2693 -0.0404083 0)
(1.16352 -0.060894 0)
(1.01283 -0.0812842 0)
(0.816195 -0.100795 0)
(0.574856 -0.122162 0)
(0.321609 -0.160961 0)
(0.0484105 -0.158374 0)
(-0.253102 -0.15222 0)
(-0.560698 -0.146874 0)
(-0.860533 -0.137268 0)
(-1.14227 -0.123942 0)
(-1.39424 -0.105823 0)
(-1.60397 -0.0829184 0)
(-1.76099 -0.0567558 0)
(-1.85983 -0.0297291 0)
(-1.90008 -0.00368204 0)
(-1.88553 0.0201833 0)
(-1.82171 0.0416732 0)
(-12.0496 137.029 0)
(-12.8834 125.547 0)
(-12.7013 111.207 0)
(-11.5207 94.9601 0)
(-9.46785 77.7975 0)
(-6.76266 60.6334 0)
(-3.71253 44.2492 0)
(-0.835382 29.1025 0)
(1.60694 15.5182 0)
(5.87581 4.63008 0)
(10.6508 -9.28346 0)
(14.1802 -22.1732 0)
(15.5158 -33.7094 0)
(16.0621 -45.0193 0)
(15.8638 -56.7097 0)
(14.7545 -68.9087 0)
(12.9064 -81.3373 0)
(10.4556 -93.4684 0)
(7.48825 -104.66 0)
(4.13423 -114.156 0)
(0.556339 -121.029 0)
(-2.89634 -123.924 0)
(-5.86736 -122.152 0)
(-8.25685 -117.049 0)
(-9.94409 -108.864 0)
(-10.8618 -98.0738 0)
(-11.0205 -85.2654 0)
(-10.505 -71.0849 0)
(-9.44286 -56.228 0)
(-7.95753 -41.4184 0)
(-6.06916 -27.4315 0)
(-3.67301 -15.2956 0)
(-1.50429 -6.19382 0)
(1.27512 5.68644 0)
(3.62252 22.3349 0)
(5.15768 33.6802 0)
(5.83365 44.3685 0)
(5.71876 55.0424 0)
(4.97629 65.6888 0)
(3.77222 76.1474 0)
(2.19727 86.1209 0)
(0.338047 95.1776 0)
(-1.69713 102.723 0)
(-3.74957 107.908 0)
(-5.47215 109.27 0)
(-6.68608 106.899 0)
(-7.40274 101.642 0)
(-7.52402 93.7152 0)
(-7.0225 83.5505 0)
(-5.96031 71.7177 0)
(-4.47032 58.854 0)
(-2.71926 45.6099 0)
(-0.921089 32.583 0)
(0.560999 20.2526 0)
(2.11381 9.18322 0)
(5.28159 1.98517 0)
(8.77094 -13.8868 0)
(10.4877 -24.7131 0)
(11.0977 -34.2839 0)
(11.1966 -43.2459 0)
(10.6893 -51.9011 0)
(9.58338 -60.3747 0)
(8.00181 -68.5971 0)
(6.05405 -76.352 0)
(3.83954 -83.2903 0)
(1.45212 -88.9177 0)
(-0.956955 -92.5018 0)
(-3.0997 -92.774 0)
(-4.82883 -90.371 0)
(-6.11718 -85.6375 0)
(-6.91176 -78.7672 0)
(-7.21113 -70.0775 0)
(-7.0755 -59.9713 0)
(-6.5876 -48.9033 0)
(-5.81028 -37.4232 0)
(-4.76939 -26.2079 0)
(-3.34162 -16.003 0)
(-1.43396 -7.73167 0)
(-0.524547 -1.34322 0)
(1.44153 14.4015 0)
(2.63884 24.2452 0)
(3.50885 33.2788 0)
(3.6691 41.7284 0)
(3.32933 49.7466 0)
(2.58077 57.3507 0)
(1.52521 64.4611 0)
(0.259231 70.9076 0)
(-1.13133 76.3952 0)
(-2.54345 80.4267 0)
(-3.76162 82.0692 0)
(-4.61558 80.8966 0)
(-5.11094 77.6712 0)
(-5.20019 72.483 0)
(-4.86902 65.5646 0)
(-4.15595 57.2541 0)
(-3.14205 47.9592 0)
(-1.94304 38.1283 0)
(-0.698348 28.2296 0)
(0.395101 18.7217 0)
(1.16223 10.1103 0)
(3.00137 3.61952 0)
(5.61382 -6.54474 0)
(7.41948 -16.8106 0)
(7.93612 -25.1187 0)
(8.06583 -32.6625 0)
(7.80558 -39.5957 0)
(7.10228 -46.0738 0)
(6.04351 -52.1385 0)
(4.71034 -57.719 0)
(3.17813 -62.6568 0)
(1.52019 -66.6859 0)
(-0.161895 -69.3468 0)
(-1.6787 -69.7468 0)
(-2.92981 -68.2242 0)
(-3.90486 -65.0601 0)
(-4.56008 -60.3442 0)
(-4.88166 -54.2535 0)
(-4.90109 -47.0357 0)
(-12.1727 137.636 0)
(-11.5301 125.213 0)
(-9.99403 109.923 0)
(-7.64533 92.8148 0)
(-4.62089 74.9565 0)
(-1.11386 57.3294 0)
(2.46494 40.7267 0)
(5.57829 25.7048 0)
(9.94661 12.7634 0)
(14.5831 -0.907399 0)
(19.0838 -12.8634 0)
(22.1695 -24.2165 0)
(23.5045 -34.7919 0)
(23.8129 -45.1342 0)
(23.2386 -55.9064 0)
(21.7542 -67.2529 0)
(19.4368 -78.9356 0)
(16.4391 -90.4691 0)
(12.837 -101.169 0)
(8.75431 -110.301 0)
(4.34959 -117.02 0)
(-0.0672034 -120.177 0)
(-4.11771 -118.885 0)
(-7.62258 -114.42 0)
(-10.4442 -106.969 0)
(-12.5054 -96.932 0)
(-13.7952 -84.8414 0)
(-14.3339 -71.3271 0)
(-14.1375 -57.1119 0)
(-13.2236 -43.0067 0)
(-11.5393 -29.8594 0)
(-8.88881 -18.4062 0)
(-7.50305 -8.18267 0)
(-6.25413 5.52137 0)
(-4.33291 20.1193 0)
(-2.76719 32.1543 0)
(-1.93735 43.9041 0)
(-1.77418 55.3219 0)
(-2.12993 66.4682 0)
(-2.88258 77.2838 0)
(-3.9067 87.5234 0)
(-5.09978 96.7525 0)
(-6.36197 104.344 0)
(-7.5145 109.362 0)
(-8.16619 110.172 0)
(-8.22723 107.326 0)
(-7.76233 101.5 0)
(-6.72898 92.9821 0)
(-5.14871 82.2622 0)
(-3.1087 69.965 0)
(-0.738485 56.7825 0)
(1.78539 43.399 0)
(4.13316 30.4148 0)
(5.7786 18.4277 0)
(8.77989 7.87722 0)
(12.3425 -4.15592 0)
(15.7671 -15.2597 0)
(17.315 -25.4165 0)
(17.7579 -34.4872 0)
(17.5818 -42.8466 0)
(16.7219 -50.9054 0)
(15.2235 -58.8356 0)
(13.2032 -66.6073 0)
(10.7597 -74.0126 0)
(7.98676 -80.6986 0)
(4.97494 -86.1838 0)
(1.86243 -89.7996 0)
(-1.10234 -90.4078 0)
(-3.72952 -88.3765 0)
(-5.95647 -84.1065 0)
(-7.70802 -77.724 0)
(-8.95347 -69.4916 0)
(-9.70977 -59.8015 0)
(-9.98578 -49.1551 0)
(-9.74752 -38.1791 0)
(-8.94692 -27.5868 0)
(-7.39232 -18.0394 0)
(-5.66479 -9.79022 0)
(-5.90419 0.17783 0)
(-4.82794 12.2207 0)
(-3.46354 23.0834 0)
(-2.67321 32.6498 0)
(-2.39731 41.6692 0)
(-2.48863 50.1268 0)
(-2.86879 58.0416 0)
(-3.47069 65.3698 0)
(-4.21495 71.9499 0)
(-5.02216 77.4767 0)
(-5.77336 81.413 0)
(-6.20302 82.6891 0)
(-6.19476 81.1678 0)
(-5.81582 77.5432 0)
(-5.02584 71.9396 0)
(-3.83084 64.6304 0)
(-2.29597 55.994 0)
(-0.525062 46.4808 0)
(1.34667 36.5719 0)
(3.11731 26.7382 0)
(4.41091 17.4299 0)
(5.7799 9.25984 0)
(8.59006 0.26874 0)
(11.0693 -8.81433 0)
(12.7791 -17.579 0)
(13.2883 -25.4209 0)
(13.2151 -32.439 0)
(12.6508 -38.9183 0)
(11.5919 -45.0041 0)
(10.1406 -50.7419 0)
(8.38225 -56.07 0)
(6.3917 -60.83 0)
(4.24077 -64.7615 0)
(2.02029 -67.4408 0)
(-0.109459 -68.055 0)
(-2.0225 -66.7616 0)
(-3.68503 -63.8841 0)
(-5.05025 -59.4792 0)
(-6.08968 -53.6955 0)
(-6.79768 -46.7666 0)
(-7.16915 -39.0201 0)
(-7.18623 -30.8664 0)
(-6.81086 -22.7996 0)
(-5.89994 -15.357 0)
(-4.56389 -8.91717 0)
(-12.0312 136.678 0)
(-9.83571 123.415 0)
(-6.90127 107.361 0)
(-3.37182 89.6183 0)
(0.590645 71.3255 0)
(4.73649 53.4983 0)
(8.61362 36.8614 0)
(12.8622 21.9381 0)
(18.727 7.42949 0)
(23.3745 -5.68253 0)
(27.5824 -16.4615 0)
(30.2278 -26.2491 0)
(31.3154 -35.4772 0)
(31.2057 -44.78 0)
(30.1124 -54.639 0)
(28.1328 -65.1356 0)
(25.3325 -76.0418 0)
(21.7828 -86.8837 0)
(17.5932 -97.0189 0)
(12.8523 -105.711 0)
(7.72141 -112.185 0)
(2.47448 -115.463 0)
(-2.52319 -114.577 0)
(-7.03205 -110.701 0)
(-10.8912 -103.963 0)
(-13.9862 -94.7006 0)
(-16.2497 -83.4197 0)
(-17.6368 -70.7503 0)
(-18.119 -57.4058 0)
(-17.7241 -44.113 0)
(-16.4733 -31.5208 0)
(-14.5919 -20.0949 0)
(-13.925 -9.14028 0)
(-13.1747 4.21156 0)
(-11.7267 18.1426 0)
(-10.4741 31.1731 0)
(-9.6659 43.4512 0)
(-9.33372 55.293 0)
(-9.37485 66.8056 0)
(-9.68158 77.9002 0)
(-10.1465 88.3066 0)
(-10.6625 97.5896 0)
(-11.1115 105.099 0)
(-11.2667 109.797 0)
(-10.7309 109.897 0)
(-9.58704 106.553 0)
(-7.92125 100.172 0)
(-5.72508 91.1216 0)
(-3.06307 79.9449 0)
(-0.0621016 67.3197 0)
(3.1283 53.9934 0)
(6.27779 40.6758 0)
(9.00248 27.93 0)
(12.0281 16.1626 0)
(16.1451 3.93914 0)
(19.4342 -7.33232 0)
(22.3294 -17.5646 0)
(23.8184 -26.6449 0)
(24.1505 -34.6764 0)
(23.6221 -42.1857 0)
(22.3397 -49.5368 0)
(20.4091 -56.8706 0)
(17.9365 -64.1475 0)
(15.009 -71.1529 0)
(11.7081 -77.5316 0)
(8.11683 -82.814 0)
(4.36304 -86.381 0)
(0.659896 -87.2131 0)
(-2.77927 -85.4967 0)
(-5.85556 -81.6459 0)
(-8.47826 -75.7525 0)
(-10.5707 -68.0531 0)
(-12.0635 -58.9286 0)
(-12.9142 -48.8978 0)
(-13.0999 -38.5549 0)
(-12.6297 -28.4815 0)
(-11.5367 -19.1395 0)
(-10.8477 -10.438 0)
(-11.0977 -0.317084 0)
(-10.3264 11.1866 0)
(-9.53961 22.1038 0)
(-8.81943 32.1634 0)
(-8.38778 41.5114 0)
(-8.22631 50.2266 0)
(-8.2799 58.3471 0)
(-8.47077 65.8129 0)
(-8.71523 72.4486 0)
(-8.94405 77.9331 0)
(-9.01463 81.6562 0)
(-8.60746 82.4296 0)
(-7.70361 80.5488 0)
(-6.41197 76.5147 0)
(-4.71094 70.507 0)
(-2.63671 62.8448 0)
(-0.291504 53.9557 0)
(2.19264 44.3363 0)
(4.64857 34.4945 0)
(6.80409 24.8695 0)
(8.70886 15.8448 0)
(11.6919 6.98086 0)
(14.0861 -2.33989 0)
(16.4459 -10.8098 0)
(17.949 -18.7126 0)
(18.4011 -25.7298 0)
(18.0948 -32.0478 0)
(17.176 -37.953 0)
(15.7353 -43.5718 0)
(13.8814 -48.9377 0)
(11.7025 -53.9804 0)
(9.27097 -58.5315 0)
(6.65319 -62.3288 0)
(3.92894 -64.9727 0)
(1.23285 -65.7289 0)
(-1.29347 -64.6354 0)
(-3.58906 -62.022 0)
(-5.59572 -57.9295 0)
(-7.25607 -52.4949 0)
(-8.52004 -45.9517 0)
(-9.34152 -38.6284 0)
(-9.69295 -30.9243 0)
(-9.56921 -23.2745 0)
(-8.94782 -16.0814 0)
(-8.34364 -9.46464 0)
(-11.5323 134.08 0)
(-7.73775 120.107 0)
(-3.39712 103.489 0)
(1.29869 85.3796 0)
(6.13406 66.9096 0)
(10.7601 49.0218 0)
(15.2856 32.4037 0)
(21.5771 16.8375 0)
(26.9683 1.66641 0)
(31.9998 -10.111 0)
(35.7901 -19.628 0)
(37.9802 -27.9102 0)
(38.6638 -35.7725 0)
(38.0509 -43.9428 0)
(36.3838 -52.838 0)
(33.834 -62.4873 0)
(30.496 -72.618 0)
(26.4184 -82.7493 0)
(21.6761 -92.2681 0)
(16.3493 -100.468 0)
(10.5873 -106.631 0)
(4.63636 -109.917 0)
(-1.15981 -109.365 0)
(-6.52175 -106.026 0)
(-11.2665 -99.9909 0)
(-15.2364 -91.5508 0)
(-18.315 -81.1721 0)
(-20.4341 -69.4522 0)
(-21.5851 -57.0474 0)
(-21.8405 -44.5808 0)
(-21.3026 -32.5583 0)
(-20.2978 -21.2301 0)
(-20.1314 -9.81136 0)
(-19.6957 3.46658 0)
(-18.7859 17.1237 0)
(-17.9925 30.2362 0)
(-17.2815 42.8225 0)
(-16.8155 55.0046 0)
(-16.5751 66.7832 0)
(-16.4574 78.0307 0)
(-16.3572 88.4743 0)
(-16.174 97.6729 0)
(-15.7823 104.929 0)
(-14.8682 109.051 0)
(-13.1027 108.436 0)
(-10.7562 104.565 0)
(-7.87755 97.6543 0)
(-4.50844 88.1419 0)
(-0.7689 76.6251 0)
(3.17576 63.822 0)
(7.1233 50.4776 0)
(10.7671 37.2393 0)
(14.2738 24.6112 0)
(19.0873 12.2291 0)
(22.9339 -0.153309 0)
(26.4815 -10.4687 0)
(28.9722 -19.4516 0)
(30.1185 -27.3147 0)
(30.0995 -34.3595 0)
(29.1379 -41.0461 0)
(27.4005 -47.6999 0)
(25.0185 -54.4452 0)
(22.0949 -61.2207 0)
(18.7061 -67.8005 0)
(14.918 -73.8301 0)
(10.8033 -78.8572 0)
(6.47649 -82.3104 0)
(2.12495 -83.2798 0)
(-2.01956 -81.8426 0)
(-5.82139 -78.3897 0)
(-9.16786 -72.9987 0)
(-11.9471 -65.8973 0)
(-14.0669 -57.4486 0)
(-15.4539 -48.1221 0)
(-16.1495 -38.448 0)
(-16.2094 -28.8881 0)
(-15.7776 -19.7371 0)
(-15.7664 -10.6866 0)
(-16.0811 -0.328179 0)
(-15.6711 10.7212 0)
(-15.2989 21.4664 0)
(-14.7491 31.6063 0)
(-14.2579 41.118 0)
(-13.8949 50.0111 0)
(-13.6204 58.2614 0)
(-13.3876 65.7837 0)
(-13.1519 72.4032 0)
(-12.811 77.7576 0)
(-12.1599 81.1515 0)
(-10.861 81.288 0)
(-9.05478 79.0137 0)
(-6.82676 74.5592 0)
(-4.19638 68.172 0)
(-1.2447 60.2236 0)
(1.89251 51.1876 0)
(5.04908 41.5731 0)
(7.99641 31.8413 0)
(10.6472 22.3911 0)
(13.8288 13.2895 0)
(17.0811 3.74065 0)
(19.7567 -4.89598 0)
(21.9131 -12.5484 0)
(23.0467 -19.446 0)
(23.1916 -25.6012 0)
(22.5347 -31.2289 0)
(21.2329 -36.5631 0)
(19.4077 -41.7219 0)
(17.1671 -46.7194 0)
(14.5954 -51.469 0)
(11.7574 -55.7929 0)
(8.71065 -59.4294 0)
(5.52597 -62.0005 0)
(2.32237 -62.8422 0)
(-0.744693 -61.9282 0)
(-3.58647 -59.5702 0)
(-6.13144 -55.8049 0)
(-8.30099 -50.7647 0)
(-10.0242 -44.6749 0)
(-11.2527 -37.8451 0)
(-11.9795 -30.635 0)
(-12.2251 -23.4004 0)
(-12.05 -16.4129 0)
(-12.0357 -9.57579 0)
(-10.6146 129.845 0)
(-5.31469 115.345 0)
(0.313621 98.3977 0)
(6.05918 80.1629 0)
(11.6454 61.712 0)
(16.8599 43.866 0)
(22.9818 26.9847 0)
(29.8845 10.2891 0)
(35.5495 -3.73072 0)
(40.4436 -14.2758 0)
(43.7431 -22.3845 0)
(45.4098 -29.0983 0)
(45.5182 -35.5239 0)
(44.2725 -42.4991 0)
(41.9564 -50.4234 0)
(38.7875 -59.2546 0)
(34.8807 -68.6468 0)
(30.2796 -78.086 0)
(25.0237 -86.9725 0)
(19.1822 -94.6531 0)
(12.8845 -100.469 0)
(6.35506 -103.689 0)
(-0.0822272 -103.415 0)
(-6.12637 -100.571 0)
(-11.5854 -95.2273 0)
(-16.2769 -87.6343 0)
(-20.0599 -78.2066 0)
(-22.8619 -67.4764 0)
(-24.692 -56.0164 0)
(-25.6415 -44.3502 0)
(-25.8333 -32.865 0)
(-25.6488 -21.6258 0)
(-26.0644 -9.87535 0)
(-25.9998 3.20813 0)
(-25.6052 16.4726 0)
(-25.1555 29.5316 0)
(-24.5821 42.2489 0)
(-24.0585 54.5714 0)
(-23.5772 66.4292 0)
(-23.0491 77.6624 0)
(-22.3871 87.9917 0)
(-21.5046 96.9678 0)
(-20.2589 103.821 0)
(-18.2152 107.069 0)
(-15.218 105.816 0)
(-11.6475 101.36 0)
(-7.55109 93.9403 0)
(-3.02451 84.0367 0)
(1.76273 72.2994 0)
(6.60976 59.473 0)
(11.2475 46.2542 0)
(15.5608 33.1829 0)
(20.5929 20.4294 0)
(25.7101 7.40546 0)
(29.8365 -3.95131 0)
(33.1956 -13.2993 0)
(35.2408 -21.1012 0)
(35.9649 -27.7309 0)
(35.4946 -33.6955 0)
(34.0372 -39.4884 0)
(31.8058 -45.4197 0)
(28.9575 -51.5736 0)
(25.5914 -57.8473 0)
(21.7697 -63.9915 0)
(17.54 -69.6482 0)
(12.9683 -74.3866 0)
(8.15364 -77.6795 0)
(3.26446 -78.7217 0)
(-1.45649 -77.5405 0)
(-5.84773 -74.48 0)
(-9.78256 -69.6106 0)
(-13.1337 -63.1433 0)
(-15.8031 -55.4104 0)
(-17.7476 -46.8201 0)
(-18.9846 -37.7971 0)
(-19.601 -28.7085 0)
(-19.8173 -19.7155 0)
(-20.3885 -10.4295 0)
(-20.8832 -0.0938737 0)
(-20.8528 10.547 0)
(-20.7412 21.0409 0)
(-20.3426 31.1157 0)
(-19.8455 40.6433 0)
(-19.3289 49.57 0)
(-18.7795 57.8338 0)
(-18.1724 65.3289 0)
(-17.4622 71.8434 0)
(-16.5512 76.9442 0)
(-15.1113 79.7324 0)
(-12.893 79.2821 0)
(-10.1615 76.5444 0)
(-6.9765 71.6628 0)
(-3.41316 64.9348 0)
(0.396019 56.777 0)
(4.28793 47.6968 0)
(8.05527 38.1849 0)
(11.5324 28.6526 0)
(15.1149 19.3237 0)
(19.1737 9.75171 0)
(22.4174 0.60334 0)
(25.1981 -7.22484 0)
(27.0179 -14.0288 0)
(27.7765 -19.9527 0)
(27.5515 -25.212 0)
(26.4923 -30.0915 0)
(24.777 -34.8229 0)
(22.5552 -39.5081 0)
(19.9375 -44.1312 0)
(17 -48.5787 0)
(13.7957 -52.6578 0)
(10.3704 -56.1066 0)
(6.78461 -58.5716 0)
(3.14869 -59.4626 0)
(-0.37197 -58.7223 0)
(-3.66681 -56.6257 0)
(-6.65354 -53.2069 0)
(-9.24753 -48.5925 0)
(-11.3756 -42.9911 0)
(-12.9956 -36.6777 0)
(-14.1101 -29.9559 0)
(-14.7489 -23.1033 0)
(-15.0414 -16.285 0)
(-15.5233 -9.30069 0)
)
;

boundaryField
{
    inlet
    {
        type            calculated;
        value           nonuniform List<vector> 0();
    }
    outlet
    {
        type            calculated;
        value           nonuniform List<vector> 0();
    }
    topWall
    {
        type            calculated;
        value           uniform (0 0 0);
    }
    lowerWall
    {
        type            calculated;
        value           nonuniform List<vector> 0();
    }
    leadingEdge
    {
        type            calculated;
        value           nonuniform List<vector> 0();
    }
    trailingEdge
    {
        type            calculated;
        value           nonuniform List<vector> 0();
    }
    upperSurface
    {
        type            calculated;
        value           nonuniform List<vector> 0();
    }
    lowerSurface
    {
        type            calculated;
        value           nonuniform List<vector> 0();
    }
    frontAndBack
    {
        type            empty;
    }
    procBoundary6to2
    {
        type            processor;
        value           nonuniform List<vector> 
124
(
(-11.6343 134.993 0)
(-13.7886 124.536 0)
(-14.8571 111.27 0)
(-14.8416 96.0382 0)
(-13.8543 79.6924 0)
(-12.1067 63.0202 0)
(-9.86729 46.7388 0)
(-7.36436 31.5011 0)
(-4.63096 18.12 0)
(-1.6809 7.88882 0)
(1.7457 -2.5971 0)
(5.19128 -20.6348 0)
(7.13053 -32.7247 0)
(7.94917 -44.6656 0)
(7.9148 -57.2034 0)
(7.17603 -70.1762 0)
(5.81178 -83.2205 0)
(3.92304 -95.8532 0)
(1.64241 -107.44 0)
(-0.913069 -117.184 0)
(-3.56137 -124.092 0)
(-5.91361 -126.585 0)
(-7.68698 -124.287 0)
(-8.87002 -118.529 0)
(-9.35435 -109.595 0)
(-9.08715 -98.0306 0)
(-8.09065 -84.5118 0)
(-6.47597 -69.7826 0)
(-4.43566 -54.5981 0)
(-2.21664 -39.697 0)
(-0.194369 -25.6974 0)
(1.52796 -13.2177 0)
(5.05981 -3.89981 0)
(9.21341 11.0431 0)
(11.8891 23.7939 0)
(12.8257 34.4622 0)
(13.1658 44.555 0)
(12.8612 54.5149 0)
(11.8149 64.5368 0)
(10.1526 74.5056 0)
(8.02532 84.1111 0)
(5.52545 92.8966 0)
(2.76035 100.292 0)
(-0.118259 105.521 0)
(-2.81865 107.293 0)
(-5.09944 105.354 0)
(-6.89923 100.649 0)
(-8.1217 93.3443 0)
(-8.72483 83.7995 0)
(-8.73573 72.4939 0)
(-8.24106 59.9834 0)
(-7.36257 46.8719 0)
(-6.2023 33.8235 0)
(-4.66099 21.6478 0)
(-2.68266 11.3558 0)
(-0.567135 4.24604 0)
(1.12712 -10.4789 0)
(3.19821 -23.2999 0)
(4.23683 -33.6662 0)
(4.61547 -43.2683 0)
(4.36616 -52.531 0)
(3.5983 -61.5119 0)
(2.43941 -70.1233 0)
(0.999657 -78.1565 0)
(-0.624819 -85.2713 0)
(-2.33339 -90.9581 0)
(-3.94623 -94.4084 0)
(-5.16736 -94.2311 0)
(-5.95162 -91.4267 0)
(-6.28726 -86.2091 0)
(-6.12728 -78.8335 0)
(-5.47407 -69.6793 0)
(-4.40025 -59.2099 0)
(-3.03423 -47.9201 0)
(-1.54725 -36.3694 0)
(-0.144583 -25.1552 0)
(0.945487 -14.8316 0)
(2.60247 -6.21743 0)
(5.68199 1.88572 0)
(8.32943 15.8888 0)
(9.20536 25.1558 0)
(9.54214 33.6416 0)
(9.44379 41.5383 0)
(8.80156 49.0562 0)
(7.68772 56.2586 0)
(6.20598 63.0734 0)
(4.44946 69.3209 0)
(2.50563 74.7027 0)
(0.474719 78.7508 0)
(-1.45514 80.6557 0)
(-3.09388 79.7962 0)
(-4.40408 76.9491 0)
(-5.33287 72.1751 0)
(-5.85213 65.6648 0)
(-5.98128 57.7104 0)
(-5.77381 48.6747 0)
(-5.29656 38.9628 0)
(-4.59721 29.0506 0)
(-3.66903 19.5435 0)
(-2.33185 11.1877 0)
(-1.23865 4.66668 0)
(0.167434 -3.13658 0)
(1.43407 -16.2128 0)
(2.17014 -24.6048 0)
(2.67029 -32.5137 0)
(2.78225 -39.874 0)
(2.40763 -46.752 0)
(1.73633 -53.129 0)
(0.830522 -58.9306 0)
(-0.236438 -64.0091 0)
(-1.38696 -68.0913 0)
(-2.50293 -70.6725 0)
(-3.37245 -70.7927 0)
(-3.93668 -69.01 0)
(-4.19782 -65.5247 0)
(-4.11881 -60.4645 0)
(-3.69928 -54.0504 0)
(-2.99092 -46.5806 0)
(-4.67494 -38.9974 0)
(-4.67494 -38.9974 0)
(-4.26042 -30.5029 0)
(-3.67973 -22.0068 0)
(-2.81663 -14.0869 0)
(-1.67627 -7.39048 0)
)
;
    }
    procBoundary6to5
    {
        type            processor;
        value           nonuniform List<vector> 
26
(
(-21.549 142.837 0)
(-15.3791 140.819 0)
(-23.1272 136.593 0)
(-24.1776 128.718 0)
(-24.7089 119.432 0)
(-24.7074 108.849 0)
(-24.1216 97.0908 0)
(-22.5959 83.9597 0)
(-17.4948 70.7826 0)
(-11.7648 57.6662 0)
(-6.65768 42.1147 0)
(15.6566 23.7355 0)
(45.8605 1.4466 0)
(64.78 -11.3358 0)
(44.363 -6.74446 0)
(16.958 -1.57124 0)
(3.63078 2.36479 0)
(3.31115 2.61941 0)
(5.19491 2.22304 0)
(5.97075 1.37897 0)
(5.20539 0.473217 0)
(-10.2777 144.828 0)
(-11.9323 146.3 0)
(-13.4198 146.183 0)
(-14.6249 144.368 0)
(-15.3791 140.819 0)
)
;
    }
    procBoundary6to7
    {
        type            processor;
        value           nonuniform List<vector> 
25
(
(-19.53 -1.03892 0)
(-22.7371 -0.360246 0)
(-25.7347 0.468321 0)
(-28.4973 1.43673 0)
(-30.974 2.54164 0)
(-33.1426 3.76945 0)
(-35.0187 5.11263 0)
(-36.655 6.55704 0)
(-37.9871 8.07778 0)
(-38.3868 9.48295 0)
(-35.6455 6.92301 0)
(-35.6455 6.92301 0)
(-28.9195 6.44915 0)
(-17.5729 3.9103 0)
(-6.951 1.61795 0)
(-3.63541 1.08662 0)
(-2.8284 0.796101 0)
(-2.12713 0.552791 0)
(-1.87137 0.388504 0)
(-1.74796 0.20792 0)
(-1.71269 0.0611401 0)
(-4.79634 -2.09673 0)
(-8.72563 -2.11815 0)
(-12.4982 -1.90013 0)
(-16.1117 -1.54692 0)
)
;
    }
}


// ************************************************************************* //
