/*--------------------------------*- C++ -*----------------------------------*\
| =========                 |                                                 |
| \\      /  F ield         | OpenFOAM: The Open Source CFD Toolbox           |
|  \\    /   O peration     | Version:  2206                                  |
|   \\  /    A nd           | Website:  www.openfoam.com                      |
|    \\/     M anipulation  |                                                 |
\*---------------------------------------------------------------------------*/
FoamFile
{
    version     2.0;
    format      ascii;
    arch        "LSB;label=32;scalar=64";
    class       surfaceScalarField;
    location    "20.0001";
    object      phi;
}
// * * * * * * * * * * * * * * * * * * * * * * * * * * * * * * * * * * * * * //

dimensions      [0 3 -1 0 0 0 0];

oriented        oriented;

internalField   nonuniform List<scalar> 
6021
(
7.38824e-06
-1.41085e-09
1.16973e-09
7.38897e-06
-4.2469e-09
3.52259e-09
7.39017e-06
-7.06539e-09
5.86518e-09
7.39183e-06
-9.83923e-09
8.17552e-09
7.39394e-06
-1.25462e-08
1.04356e-08
7.39648e-06
-1.51685e-08
1.26309e-08
7.39942e-06
-1.76915e-08
1.47489e-08
7.40274e-06
-2.01035e-08
1.67796e-08
7.40642e-06
-2.23958e-08
1.87153e-08
7.41044e-06
-2.45627e-08
2.05504e-08
7.41476e-06
-2.6601e-08
2.22817e-08
7.41936e-06
-2.85097e-08
2.39075e-08
7.42422e-06
-3.02893e-08
2.54275e-08
7.42932e-06
-3.19417e-08
2.68427e-08
7.43463e-06
-3.34698e-08
2.81548e-08
7.44014e-06
-3.48769e-08
2.93661e-08
7.44583e-06
-3.61668e-08
3.04793e-08
7.45168e-06
-3.73435e-08
3.14975e-08
7.45767e-06
-3.84111e-08
3.24237e-08
7.46378e-06
-3.93734e-08
3.3261e-08
7.47e-06
-4.02343e-08
3.40125e-08
7.47632e-06
-4.09973e-08
3.46812e-08
7.48271e-06
-4.16659e-08
3.527e-08
7.48917e-06
-4.22432e-08
3.57815e-08
7.49569e-06
-4.27322e-08
3.62186e-08
7.50224e-06
-4.31356e-08
3.65837e-08
7.50882e-06
-4.34562e-08
3.68794e-08
7.5154e-06
-4.36966e-08
3.71081e-08
7.52199e-06
-4.38588e-08
3.72721e-08
7.52856e-06
-4.39459e-08
3.73742e-08
7.53511e-06
-4.396e-08
3.74169e-08
7.54161e-06
-4.39033e-08
3.74021e-08
7.54805e-06
-4.37784e-08
3.73326e-08
7.55443e-06
-4.35879e-08
3.72112e-08
7.56072e-06
-4.33343e-08
3.70403e-08
7.56692e-06
-4.30205e-08
3.68229e-08
7.57301e-06
-4.26492e-08
3.65616e-08
7.57897e-06
-4.22231e-08
3.62595e-08
7.5848e-06
-4.17452e-08
3.59192e-08
7.59047e-06
-4.12182e-08
3.55436e-08
7.59598e-06
-4.06449e-08
3.51355e-08
7.60131e-06
-4.00278e-08
3.46975e-08
7.60645e-06
-3.93695e-08
3.42321e-08
7.61138e-06
-3.8672e-08
3.37415e-08
7.61609e-06
-3.79371e-08
3.32276e-08
7.62056e-06
-3.71663e-08
3.2692e-08
7.62479e-06
-3.63603e-08
3.21359e-08
7.62875e-06
-3.55191e-08
3.15596e-08
7.63243e-06
-3.4642e-08
3.09628e-08
7.63581e-06
-3.37273e-08
3.0345e-08
7.63888e-06
-3.2772e-08
2.97033e-08
7.64161e-06
-3.17721e-08
2.90364e-08
7.644e-06
-3.07207e-08
2.83363e-08
7.64601e-06
-2.96128e-08
2.76037e-08
7.64762e-06
-2.84323e-08
2.68165e-08
7.64882e-06
-2.71831e-08
2.59893e-08
7.64958e-06
-2.58319e-08
2.50656e-08
7.64987e-06
-2.44176e-08
2.41309e-08
7.64965e-06
-2.28605e-08
2.30822e-08
7.64888e-06
-2.11601e-08
2.19269e-08
7.64753e-06
-1.9291e-08
2.06429e-08
7.64555e-06
-1.72233e-08
1.9206e-08
7.64288e-06
-1.49246e-08
1.75904e-08
7.63947e-06
-1.2357e-08
1.57647e-08
7.63526e-06
-9.47542e-09
1.3691e-08
7.63016e-06
-6.22792e-09
1.13252e-08
7.6241e-06
-2.55441e-09
8.61633e-09
7.61698e-06
1.61464e-09
5.50562e-09
7.60869e-06
6.35968e-09
1.92513e-09
7.59913e-06
1.17742e-08
-2.20567e-09
7.58814e-06
1.79671e-08
-6.97942e-09
7.57558e-06
2.50653e-08
-1.25055e-08
7.56127e-06
3.32176e-08
-1.89129e-08
7.54503e-06
4.25982e-08
-2.63522e-08
7.52662e-06
5.34126e-08
-3.50026e-08
7.50579e-06
6.59032e-08
-4.50768e-08
7.48226e-06
8.03578e-08
-5.68286e-08
7.4557e-06
9.71188e-08
-7.05616e-08
7.42575e-06
1.16596e-07
-8.66411e-08
7.39198e-06
1.3928e-07
-1.05509e-07
7.35392e-06
1.65765e-07
-1.27703e-07
7.31103e-06
1.96769e-07
-1.5388e-07
7.2627e-06
2.33171e-07
-1.84847e-07
7.20826e-06
2.76043e-07
-2.21604e-07
7.14695e-06
3.26708e-07
-2.65393e-07
7.07792e-06
3.86808e-07
-3.17776e-07
7.00025e-06
4.58391e-07
-3.80724e-07
6.91297e-06
5.44033e-07
-4.56748e-07
6.81504e-06
6.46999e-07
-5.49077e-07
6.70548e-06
7.71467e-07
-6.61906e-07
6.58338e-06
9.22839e-07
-8.00737e-07
6.4481e-06
1.10824e-06
-9.72959e-07
6.29945e-06
1.33711e-06
-1.18845e-06
6.13833e-06
1.62274e-06
-1.46162e-06
5.96631e-06
1.98319e-06
-1.81117e-06
5.79256e-06
2.44775e-06
-2.274e-06
5.62721e-06
3.05035e-06
-2.885e-06
5.58955e-06
3.86038e-06
-3.82273e-06
5.89992e-06
4.77529e-06
-5.08566e-06
6.3884e-06
7.98267e-06
-8.47115e-06
7.38825e-06
-1.66326e-09
7.38901e-06
-5.0051e-09
7.39027e-06
-8.32074e-09
7.392e-06
-1.15771e-08
7.3942e-06
-1.47472e-08
7.39685e-06
-1.78096e-08
7.3999e-06
-2.07474e-08
7.40335e-06
-2.35474e-08
7.40715e-06
-2.62002e-08
7.41129e-06
-2.87004e-08
7.41573e-06
-3.10452e-08
7.42046e-06
-3.32347e-08
7.42544e-06
-3.52707e-08
7.43065e-06
-3.71563e-08
7.43608e-06
-3.88957e-08
7.4417e-06
-4.04937e-08
7.44748e-06
-4.19554e-08
7.45343e-06
-4.32859e-08
7.45951e-06
-4.44902e-08
7.46571e-06
-4.55732e-08
7.47201e-06
-4.65396e-08
7.47841e-06
-4.73935e-08
7.48488e-06
-4.81388e-08
7.49142e-06
-4.87792e-08
7.498e-06
-4.93179e-08
7.50462e-06
-4.97578e-08
7.51127e-06
-5.01017e-08
7.51793e-06
-5.03523e-08
7.52458e-06
-5.05118e-08
7.53122e-06
-5.05828e-08
7.53782e-06
-5.05675e-08
7.54439e-06
-5.0468e-08
7.5509e-06
-5.02868e-08
7.55733e-06
-5.00263e-08
7.56369e-06
-4.96892e-08
7.56995e-06
-4.92779e-08
7.57609e-06
-4.87955e-08
7.58211e-06
-4.82444e-08
7.588e-06
-4.76277e-08
7.59373e-06
-4.69481e-08
7.59929e-06
-4.62083e-08
7.60467e-06
-4.54112e-08
7.60986e-06
-4.45589e-08
7.61484e-06
-4.36538e-08
7.6196e-06
-4.26975e-08
7.62413e-06
-4.16913e-08
7.6284e-06
-4.06358e-08
7.63242e-06
-3.95308e-08
7.63615e-06
-3.8375e-08
7.63959e-06
-3.71661e-08
7.64272e-06
-3.59008e-08
7.64552e-06
-3.45731e-08
7.64798e-06
-3.31776e-08
7.65007e-06
-3.17038e-08
7.65178e-06
-3.01439e-08
7.65308e-06
-2.84865e-08
7.65397e-06
-2.67191e-08
7.65439e-06
-2.48391e-08
7.65432e-06
-2.27949e-08
7.65374e-06
-2.05736e-08
7.65259e-06
-1.81459e-08
7.65085e-06
-1.54783e-08
7.64846e-06
-1.25331e-08
7.64537e-06
-9.26667e-09
7.64152e-06
-5.62779e-09
7.63685e-06
-1.5576e-09
7.63128e-06
3.01278e-09
7.62473e-06
8.16089e-09
7.61712e-06
1.39777e-08
7.60832e-06
2.05679e-08
7.59824e-06
2.80532e-08
7.58673e-06
3.65749e-08
7.57365e-06
4.62976e-08
7.55883e-06
5.74135e-08
7.5421e-06
7.01477e-08
7.52324e-06
8.47647e-08
7.50202e-06
1.01576e-07
7.47818e-06
1.20951e-07
7.45145e-06
1.43328e-07
7.42151e-06
1.69227e-07
7.388e-06
1.99273e-07
7.35055e-06
2.34215e-07
7.30876e-06
2.74958e-07
7.26221e-06
3.22597e-07
7.21046e-06
3.78464e-07
7.15308e-06
4.44187e-07
7.0897e-06
5.21769e-07
7.02006e-06
6.13677e-07
6.94408e-06
7.22979e-07
6.86205e-06
8.53495e-07
6.77486e-06
1.01003e-06
6.68448e-06
1.19861e-06
6.59463e-06
1.42696e-06
6.51281e-06
1.70456e-06
6.45228e-06
2.04373e-06
6.4432e-06
2.45683e-06
6.53768e-06
2.95587e-06
6.83741e-06
3.56066e-06
7.50059e-06
4.11211e-06
5.40971e-06
8.47928e-06
7.38827e-06
-1.92994e-09
7.38907e-06
-5.80589e-09
7.39039e-06
-9.64536e-09
7.39222e-06
-1.3408e-08
7.39454e-06
-1.7061e-08
7.39731e-06
-2.05792e-08
7.4005e-06
-2.39432e-08
7.40409e-06
-2.71386e-08
7.40805e-06
-3.0156e-08
7.41234e-06
-3.29905e-08
7.41693e-06
-3.56406e-08
7.42181e-06
-3.81077e-08
7.42693e-06
-4.03956e-08
7.43229e-06
-4.2509e-08
7.43784e-06
-4.44539e-08
7.44359e-06
-4.62368e-08
7.4495e-06
-4.78641e-08
7.45555e-06
-4.93425e-08
7.46174e-06
-5.06782e-08
7.46804e-06
-5.1877e-08
7.47445e-06
-5.29443e-08
7.48094e-06
-5.3885e-08
7.4875e-06
-5.47037e-08
7.49413e-06
-5.54042e-08
7.5008e-06
-5.59901e-08
7.50751e-06
-5.64644e-08
7.51424e-06
-5.68301e-08
7.52097e-06
-5.70895e-08
7.52771e-06
-5.72451e-08
7.53442e-06
-5.72991e-08
7.54111e-06
-5.72536e-08
7.54775e-06
-5.71105e-08
7.55434e-06
-5.68721e-08
7.56085e-06
-5.65409e-08
7.56728e-06
-5.61192e-08
7.57361e-06
-5.56097e-08
7.57983e-06
-5.50149e-08
7.58593e-06
-5.43377e-08
7.59188e-06
-5.35809e-08
7.59768e-06
-5.27474e-08
7.60331e-06
-5.184e-08
7.60876e-06
-5.08615e-08
7.61402e-06
-4.98144e-08
7.61906e-06
-4.87008e-08
7.62389e-06
-4.75227e-08
7.62848e-06
-4.62813e-08
7.63282e-06
-4.4977e-08
7.6369e-06
-4.36095e-08
7.6407e-06
-4.21775e-08
7.64421e-06
-4.0678e-08
7.64742e-06
-3.91073e-08
7.65031e-06
-3.7459e-08
7.65286e-06
-3.57273e-08
7.65505e-06
-3.38998e-08
7.65688e-06
-3.19722e-08
7.65832e-06
-2.99224e-08
7.65935e-06
-2.77516e-08
7.65994e-06
-2.54268e-08
7.66006e-06
-2.29182e-08
7.65969e-06
-2.02028e-08
7.65879e-06
-1.72482e-08
7.65733e-06
-1.40174e-08
7.65526e-06
-1.04686e-08
7.65255e-06
-6.55308e-09
7.64914e-06
-2.21454e-09
7.64497e-06
2.61257e-09
7.63998e-06
8.00219e-09
7.6341e-06
1.40399e-08
7.62725e-06
2.08244e-08
7.61935e-06
2.84695e-08
7.6103e-06
3.71064e-08
7.59999e-06
4.68871e-08
7.5883e-06
5.79878e-08
7.5751e-06
7.0613e-08
7.56024e-06
8.5001e-08
7.54358e-06
1.0143e-07
7.52493e-06
1.20227e-07
7.5041e-06
1.41774e-07
7.48091e-06
1.66523e-07
7.45513e-06
1.95005e-07
7.42655e-06
2.27852e-07
7.39495e-06
2.65816e-07
7.36012e-06
3.09788e-07
7.32188e-06
3.6084e-07
7.28009e-06
4.2025e-07
7.23472e-06
4.89558e-07
7.18587e-06
5.70616e-07
7.13389e-06
6.65656e-07
7.0795e-06
7.77371e-07
7.024e-06
9.08998e-07
6.9696e-06
1.06443e-06
6.91999e-06
1.24822e-06
6.88118e-06
1.46576e-06
6.86305e-06
1.72269e-06
6.88168e-06
2.02509e-06
6.96177e-06
2.37675e-06
7.14247e-06
2.77517e-06
7.4588e-06
3.24433e-06
7.93303e-06
3.63788e-06
4.38716e-06
8.95558e-06
7.38828e-06
-2.21443e-09
7.38914e-06
-6.65983e-09
7.39055e-06
-1.10563e-08
7.3925e-06
-1.53543e-08
7.39495e-06
-1.95142e-08
7.39788e-06
-2.35064e-08
7.40124e-06
-2.73093e-08
7.40501e-06
-3.0908e-08
7.40915e-06
-3.42935e-08
7.41362e-06
-3.74624e-08
7.4184e-06
-4.04151e-08
7.42344e-06
-4.31552e-08
7.42874e-06
-4.56888e-08
7.43425e-06
-4.8023e-08
7.43996e-06
-5.0166e-08
7.44585e-06
-5.21262e-08
7.4519e-06
-5.3912e-08
7.45809e-06
-5.55314e-08
7.4644e-06
-5.6992e-08
7.47083e-06
-5.83007e-08
7.47735e-06
-5.94638e-08
7.48395e-06
-6.04869e-08
7.49062e-06
-6.13751e-08
7.49735e-06
-6.21326e-08
7.50412e-06
-6.2763e-08
7.51093e-06
-6.32697e-08
7.51775e-06
-6.36554e-08
7.52458e-06
-6.39224e-08
7.53141e-06
-6.40732e-08
7.53822e-06
-6.41093e-08
7.545e-06
-6.40327e-08
7.55174e-06
-6.38453e-08
7.55841e-06
-6.35491e-08
7.56502e-06
-6.31464e-08
7.57154e-06
-6.26392e-08
7.57796e-06
-6.20302e-08
7.58427e-06
-6.1322e-08
7.59045e-06
-6.05174e-08
7.59648e-06
-5.96192e-08
7.60237e-06
-5.86304e-08
7.60808e-06
-5.7554e-08
7.61361e-06
-5.63928e-08
7.61895e-06
-5.51497e-08
7.62407e-06
-5.38269e-08
7.62898e-06
-5.24265e-08
7.63365e-06
-5.09499e-08
7.63807e-06
-4.93977e-08
7.64223e-06
-4.77696e-08
7.64611e-06
-4.6064e-08
7.64971e-06
-4.42781e-08
7.65301e-06
-4.24077e-08
7.656e-06
-4.04467e-08
7.65866e-06
-3.83877e-08
7.66098e-06
-3.62197e-08
7.66294e-06
-3.39354e-08
7.66454e-06
-3.15127e-08
7.66573e-06
-2.8951e-08
7.66651e-06
-2.62067e-08
7.66686e-06
-2.32597e-08
7.66673e-06
-2.00807e-08
7.66612e-06
-1.66346e-08
7.66498e-06
-1.28818e-08
7.66329e-06
-8.77681e-09
7.66101e-06
-4.26698e-09
7.65808e-06
7.08277e-10
7.65448e-06
6.219e-09
7.65014e-06
1.23435e-08
7.645e-06
1.91733e-08
7.63901e-06
2.68129e-08
7.6321e-06
3.53822e-08
7.62419e-06
4.50193e-08
7.61519e-06
5.58831e-08
7.60502e-06
6.81568e-08
7.59358e-06
8.20523e-08
7.58077e-06
9.78147e-08
7.56647e-06
1.15729e-07
7.55057e-06
1.36125e-07
7.53296e-06
1.59389e-07
7.51351e-06
1.85972e-07
7.49212e-06
2.164e-07
7.46868e-06
2.51291e-07
7.44312e-06
2.9137e-07
7.41542e-06
3.3749e-07
7.3856e-06
3.90656e-07
7.35381e-06
4.52048e-07
7.3203e-06
5.2306e-07
7.2856e-06
6.05325e-07
7.25049e-06
7.00758e-07
7.21627e-06
8.11588e-07
7.1849e-06
9.40376e-07
7.1593e-06
1.09002e-06
7.14386e-06
1.26367e-06
7.14503e-06
1.4646e-06
7.17199e-06
1.69573e-06
7.23804e-06
1.95905e-06
7.35939e-06
2.25539e-06
7.55911e-06
2.57545e-06
7.86794e-06
2.9355e-06
8.27418e-06
3.23163e-06
3.58853e-06
9.07281e-06
7.38831e-06
-2.52099e-09
7.38923e-06
-7.58006e-09
7.39075e-06
-1.25746e-08
7.39283e-06
-1.74433e-08
7.39546e-06
-2.21384e-08
7.39858e-06
-2.66255e-08
7.40215e-06
-3.08811e-08
7.40613e-06
-3.48906e-08
7.41049e-06
-3.86468e-08
7.41517e-06
-4.21485e-08
7.42016e-06
-4.53991e-08
7.42541e-06
-4.84053e-08
7.43089e-06
-5.11763e-08
7.43659e-06
-5.37222e-08
7.44248e-06
-5.6054e-08
7.44854e-06
-5.81824e-08
7.45474e-06
-6.01178e-08
7.46108e-06
-6.187e-08
7.46754e-06
-6.34481e-08
7.4741e-06
-6.486e-08
7.48075e-06
-6.61132e-08
7.48747e-06
-6.72138e-08
7.49426e-06
-6.81672e-08
7.50111e-06
-6.89782e-08
7.508e-06
-6.96506e-08
7.51492e-06
-7.01876e-08
7.52185e-06
-7.05917e-08
7.52879e-06
-7.08652e-08
7.53573e-06
-7.10102e-08
7.54265e-06
-7.10278e-08
7.54954e-06
-7.09196e-08
7.55638e-06
-7.06874e-08
7.56316e-06
-7.03327e-08
7.56987e-06
-6.98576e-08
7.5765e-06
-6.92641e-08
7.58302e-06
-6.85547e-08
7.58943e-06
-6.77318e-08
7.59571e-06
-6.67984e-08
7.60185e-06
-6.57572e-08
7.60783e-06
-6.46115e-08
7.61364e-06
-6.33644e-08
7.61927e-06
-6.20191e-08
7.6247e-06
-6.05785e-08
7.62992e-06
-5.90454e-08
7.63491e-06
-5.74222e-08
7.63967e-06
-5.57104e-08
7.64419e-06
-5.39111e-08
7.64844e-06
-5.20241e-08
7.65243e-06
-5.00481e-08
7.65613e-06
-4.79803e-08
7.65954e-06
-4.58163e-08
7.66264e-06
-4.35507e-08
7.66543e-06
-4.11742e-08
7.66789e-06
-3.8679e-08
7.67e-06
-3.60506e-08
7.67176e-06
-3.32753e-08
7.67315e-06
-3.03379e-08
7.67414e-06
-2.72013e-08
7.67473e-06
-2.38444e-08
7.67488e-06
-2.02351e-08
7.67459e-06
-1.63362e-08
7.67381e-06
-1.21057e-08
7.67253e-06
-7.49559e-09
7.67071e-06
-2.45069e-09
7.66833e-06
3.09393e-09
7.66534e-06
9.20969e-09
7.6617e-06
1.59794e-08
7.65737e-06
2.34981e-08
7.65231e-06
3.18738e-08
7.64647e-06
4.12303e-08
7.63978e-06
5.17093e-08
7.63219e-06
6.34733e-08
7.62363e-06
7.67083e-08
7.61406e-06
9.16285e-08
7.60339e-06
1.0848e-07
7.59158e-06
1.27546e-07
7.57855e-06
1.49154e-07
7.56425e-06
1.73683e-07
7.54865e-06
2.0157e-07
7.53173e-06
2.33321e-07
7.5135e-06
2.69523e-07
7.49401e-06
3.10857e-07
7.47339e-06
3.58111e-07
7.45185e-06
4.12197e-07
7.42973e-06
4.74167e-07
7.40756e-06
5.4523e-07
7.38612e-06
6.26769e-07
7.36653e-06
7.20349e-07
7.3504e-06
8.27714e-07
7.34001e-06
9.50766e-07
7.33854e-06
1.0915e-06
7.35034e-06
1.25187e-06
7.38137e-06
1.43356e-06
7.43944e-06
1.63766e-06
7.53476e-06
1.86372e-06
7.67983e-06
2.11033e-06
7.88795e-06
2.36732e-06
8.18909e-06
2.63436e-06
8.55683e-06
2.86389e-06
3.06419e-06
9.08117e-06
7.38833e-06
-2.85512e-09
7.38934e-06
-8.58322e-09
7.39099e-06
-1.42266e-08
7.39326e-06
-1.97091e-08
7.39609e-06
-2.49728e-08
7.39944e-06
-2.99777e-08
7.40326e-06
-3.46998e-08
7.4075e-06
-3.91266e-08
7.4121e-06
-4.32539e-08
7.41704e-06
-4.70842e-08
7.42227e-06
-5.06251e-08
7.42775e-06
-5.38877e-08
7.43346e-06
-5.6885e-08
7.43937e-06
-5.96312e-08
7.44545e-06
-6.21402e-08
7.45169e-06
-6.44256e-08
7.45808e-06
-6.65002e-08
7.46458e-06
-6.83757e-08
7.4712e-06
-7.00626e-08
7.47791e-06
-7.15702e-08
7.4847e-06
-7.29069e-08
7.49157e-06
-7.40795e-08
7.49849e-06
-7.50938e-08
7.50547e-06
-7.59548e-08
7.51249e-06
-7.66664e-08
7.51953e-06
-7.72316e-08
7.52659e-06
-7.76528e-08
7.53366e-06
-7.7932e-08
7.54072e-06
-7.80704e-08
7.54776e-06
-7.80691e-08
7.55477e-06
-7.79291e-08
7.56173e-06
-7.76516e-08
7.56864e-06
-7.7238e-08
7.57547e-06
-7.66899e-08
7.58222e-06
-7.60093e-08
7.58886e-06
-7.51983e-08
7.59539e-06
-7.42594e-08
7.60178e-06
-7.31955e-08
7.60804e-06
-7.20097e-08
7.61413e-06
-7.07052e-08
7.62005e-06
-6.92855e-08
7.62579e-06
-6.7754e-08
7.63132e-06
-6.61143e-08
7.63665e-06
-6.43695e-08
7.64175e-06
-6.25224e-08
7.64661e-06
-6.05752e-08
7.65123e-06
-5.85295e-08
7.65559e-06
-5.63853e-08
7.65968e-06
-5.41419e-08
7.6635e-06
-5.17967e-08
7.66703e-06
-4.93457e-08
7.67026e-06
-4.67832e-08
7.67319e-06
-4.41004e-08
7.6758e-06
-4.12898e-08
7.67808e-06
-3.83331e-08
7.68003e-06
-3.52234e-08
7.68162e-06
-3.19307e-08
7.68285e-06
-2.84291e-08
7.6837e-06
-2.4693e-08
7.68415e-06
-2.06887e-08
7.68419e-06
-1.63778e-08
7.68381e-06
-1.17167e-08
7.68297e-06
-6.65543e-09
7.68165e-06
-1.13757e-09
7.67984e-06
4.90557e-09
7.6775e-06
1.15451e-08
7.67462e-06
1.88667e-08
7.67115e-06
2.69672e-08
7.66707e-06
3.59563e-08
7.66234e-06
4.59593e-08
7.65693e-06
5.71187e-08
7.6508e-06
6.95972e-08
7.64393e-06
8.358e-08
7.63628e-06
9.92787e-08
7.62783e-06
1.16935e-07
7.61855e-06
1.36826e-07
7.60843e-06
1.59266e-07
7.5975e-06
1.8462e-07
7.58577e-06
2.13301e-07
7.5733e-06
2.45785e-07
7.56021e-06
2.82615e-07
7.54665e-06
3.24412e-07
7.53288e-06
3.71883e-07
7.51925e-06
4.25831e-07
7.50625e-06
4.87161e-07
7.4946e-06
5.56888e-07
7.48523e-06
6.36134e-07
7.47946e-06
7.26119e-07
7.47904e-06
8.28136e-07
7.48631e-06
9.43498e-07
7.50436e-06
1.07345e-06
7.53721e-06
1.21901e-06
7.59002e-06
1.38075e-06
7.66923e-06
1.55845e-06
7.78257e-06
1.75038e-06
7.93946e-06
1.95344e-06
8.1473e-06
2.15948e-06
8.42055e-06
2.36112e-06
8.7457e-06
2.53873e-06
2.67825e-06
9.13164e-06
7.38837e-06
-3.22401e-09
7.38948e-06
-9.6908e-09
7.3913e-06
-1.60463e-08
7.39378e-06
-2.21944e-08
7.39687e-06
-2.8066e-08
7.40051e-06
-3.36133e-08
7.40462e-06
-3.88143e-08
7.40916e-06
-4.36622e-08
7.41406e-06
-4.81577e-08
7.41929e-06
-5.23087e-08
7.42479e-06
-5.61284e-08
7.43054e-06
-5.96337e-08
7.4365e-06
-6.28429e-08
7.44264e-06
-6.57745e-08
7.44895e-06
-6.84465e-08
7.4554e-06
-7.08756e-08
7.46197e-06
-7.30771e-08
7.46866e-06
-7.50648e-08
7.47545e-06
-7.68508e-08
7.48233e-06
-7.84457e-08
7.48928e-06
-7.98588e-08
7.4963e-06
-8.10974e-08
7.50337e-06
-8.2168e-08
7.51049e-06
-8.30754e-08
7.51765e-06
-8.38236e-08
7.52483e-06
-8.44153e-08
7.53203e-06
-8.48526e-08
7.53924e-06
-8.51369e-08
7.54643e-06
-8.52687e-08
7.55361e-06
-8.52484e-08
7.56076e-06
-8.50766e-08
7.56786e-06
-8.47537e-08
7.57491e-06
-8.42809e-08
7.58187e-06
-8.36593e-08
7.58876e-06
-8.28907e-08
7.59554e-06
-8.19769e-08
7.6022e-06
-8.09207e-08
7.60873e-06
-7.97246e-08
7.61511e-06
-7.8392e-08
7.62133e-06
-7.69264e-08
7.62738e-06
-7.53317e-08
7.63323e-06
-7.36117e-08
7.63889e-06
-7.17706e-08
7.64433e-06
-6.9812e-08
7.64955e-06
-6.77396e-08
7.65453e-06
-6.55562e-08
7.65926e-06
-6.32641e-08
7.66374e-06
-6.08642e-08
7.66796e-06
-5.83561e-08
7.6719e-06
-5.57378e-08
7.67556e-06
-5.30059e-08
7.67893e-06
-5.01544e-08
7.68201e-06
-4.71764e-08
7.68478e-06
-4.4062e-08
7.68724e-06
-4.07949e-08
7.68938e-06
-3.7367e-08
7.6912e-06
-3.37439e-08
7.69267e-06
-2.99049e-08
7.6938e-06
-2.58213e-08
7.69457e-06
-2.14587e-08
7.69497e-06
-1.67781e-08
7.69499e-06
-1.17349e-08
7.69461e-06
-6.27801e-09
7.69383e-06
-3.52406e-10
7.69262e-06
6.11739e-09
7.69096e-06
1.31971e-08
7.68885e-06
2.09756e-08
7.68627e-06
2.95493e-08
7.6832e-06
3.9028e-08
7.67962e-06
4.95361e-08
7.67553e-06
6.12146e-08
7.6709e-06
7.42231e-08
7.66574e-06
8.87427e-08
7.66004e-06
1.04979e-07
7.65381e-06
1.23164e-07
7.64707e-06
1.43562e-07
7.63987e-06
1.66473e-07
7.63225e-06
1.92236e-07
7.62432e-06
2.21236e-07
7.61619e-06
2.53908e-07
7.60806e-06
2.90744e-07
7.60018e-06
3.32295e-07
7.59288e-06
3.79179e-07
7.58663e-06
4.32082e-07
7.58203e-06
4.9176e-07
7.57989e-06
5.59033e-07
7.58125e-06
6.34774e-07
7.58748e-06
7.19891e-07
7.60033e-06
8.15281e-07
7.62206e-06
9.21771e-07
7.65549e-06
1.04002e-06
7.70414e-06
1.17036e-06
7.77228e-06
1.31261e-06
7.86495e-06
1.46578e-06
7.98774e-06
1.6276e-06
8.14677e-06
1.79441e-06
8.34632e-06
1.95993e-06
8.59109e-06
2.11636e-06
8.87762e-06
2.2522e-06
2.35523e-06
9.20065e-06
7.38841e-06
-3.63722e-09
7.38965e-06
-1.09315e-08
7.39169e-06
-1.80778e-08
7.39445e-06
-2.4957e-08
7.39786e-06
-3.14793e-08
7.40184e-06
-3.75921e-08
7.40631e-06
-4.3282e-08
7.4112e-06
-4.85509e-08
7.41645e-06
-5.34068e-08
7.422e-06
-5.78651e-08
7.42782e-06
-6.19467e-08
7.43386e-06
-6.56763e-08
7.4401e-06
-6.90784e-08
7.4465e-06
-7.21771e-08
7.45305e-06
-7.49948e-08
7.45973e-06
-7.75517e-08
7.46651e-06
-7.98658e-08
7.4734e-06
-8.19529e-08
7.48038e-06
-8.3827e-08
7.48743e-06
-8.55e-08
7.49456e-06
-8.69816e-08
7.50174e-06
-8.82801e-08
7.50897e-06
-8.9402e-08
7.51625e-06
-9.03523e-08
7.52356e-06
-9.11347e-08
7.5309e-06
-9.17516e-08
7.53825e-06
-9.22044e-08
7.54561e-06
-9.24938e-08
7.55296e-06
-9.26194e-08
7.56029e-06
-9.25808e-08
7.56759e-06
-9.23776e-08
7.57485e-06
-9.20098e-08
7.58204e-06
-9.14777e-08
7.58917e-06
-9.07823e-08
7.5962e-06
-8.99249e-08
7.60313e-06
-8.89073e-08
7.60994e-06
-8.7732e-08
7.61662e-06
-8.64017e-08
7.62315e-06
-8.492e-08
7.62951e-06
-8.32906e-08
7.6357e-06
-8.1518e-08
7.64169e-06
-7.96065e-08
7.64748e-06
-7.75609e-08
7.65306e-06
-7.53858e-08
7.6584e-06
-7.30857e-08
7.66351e-06
-7.06647e-08
7.66837e-06
-6.81258e-08
7.67298e-06
-6.54709e-08
7.67732e-06
-6.27002e-08
7.6814e-06
-5.98126e-08
7.6852e-06
-5.68054e-08
7.68872e-06
-5.36726e-08
7.69195e-06
-5.04099e-08
7.69489e-06
-4.70037e-08
7.69754e-06
-4.34442e-08
7.69989e-06
-3.97152e-08
7.70193e-06
-3.5787e-08
7.70366e-06
-3.16385e-08
7.70508e-06
-2.72401e-08
7.70618e-06
-2.2557e-08
7.70695e-06
-1.75501e-08
7.70739e-06
-1.21744e-08
7.70749e-06
-6.37851e-09
7.70725e-06
-1.08747e-10
7.70665e-06
6.7134e-09
7.7057e-06
1.41498e-08
7.70439e-06
2.22898e-08
7.70271e-06
3.12286e-08
7.70066e-06
4.1074e-08
7.69825e-06
5.19476e-08
7.69548e-06
6.39867e-08
7.69236e-06
7.73454e-08
7.6889e-06
9.21978e-08
7.68514e-06
1.0874e-07
7.68111e-06
1.27191e-07
7.67688e-06
1.47798e-07
7.67251e-06
1.7084e-07
7.66812e-06
1.96628e-07
7.66384e-06
2.25513e-07
7.65987e-06
2.57883e-07
7.65644e-06
2.94172e-07
7.65387e-06
3.34861e-07
7.65258e-06
3.80475e-07
7.65308e-06
4.31583e-07
7.65604e-06
4.88796e-07
7.66232e-06
5.52751e-07
7.673e-06
6.241e-07
7.68941e-06
7.03477e-07
7.71323e-06
7.91457e-07
7.74652e-06
8.88483e-07
7.79176e-06
9.94782e-07
7.85189e-06
1.11023e-06
7.93031e-06
1.23418e-06
8.03082e-06
1.36527e-06
8.15728e-06
1.50113e-06
8.31348e-06
1.63821e-06
8.502e-06
1.77141e-06
8.72414e-06
1.89422e-06
8.97787e-06
1.99846e-06
2.07574e-06
9.25736e-06
7.38847e-06
-4.10722e-09
7.38988e-06
-1.23455e-08
7.39219e-06
-2.03855e-08
7.39531e-06
-2.80721e-08
7.39912e-06
-3.52895e-08
7.40351e-06
-4.19892e-08
7.4084e-06
-4.81724e-08
7.41371e-06
-5.38546e-08
7.41936e-06
-5.90551e-08
7.42529e-06
-6.37992e-08
7.43146e-06
-6.81185e-08
7.43783e-06
-7.20475e-08
7.44437e-06
-7.56187e-08
7.45106e-06
-7.88625e-08
7.45787e-06
-8.18057e-08
7.46479e-06
-8.44721e-08
7.47181e-06
-8.68824e-08
7.47891e-06
-8.90547e-08
7.48609e-06
-9.10049e-08
7.49333e-06
-9.27458e-08
7.50064e-06
-9.4288e-08
7.508e-06
-9.564e-08
7.51541e-06
-9.68085e-08
7.52285e-06
-9.77984e-08
7.53033e-06
-9.8613e-08
7.53783e-06
-9.92541e-08
7.54535e-06
-9.97226e-08
7.55287e-06
-1.00018e-07
7.56039e-06
-1.00139e-07
7.5679e-06
-1.00083e-07
7.57537e-06
-9.98494e-08
7.5828e-06
-9.94372e-08
7.59016e-06
-9.88463e-08
7.59746e-06
-9.80768e-08
7.60466e-06
-9.713e-08
7.61176e-06
-9.60073e-08
7.61874e-06
-9.47111e-08
7.62559e-06
-9.32443e-08
7.63228e-06
-9.16107e-08
7.6388e-06
-8.98141e-08
7.64514e-06
-8.78599e-08
7.65129e-06
-8.5753e-08
7.65723e-06
-8.3499e-08
7.66294e-06
-8.11036e-08
7.66843e-06
-7.85725e-08
7.67368e-06
-7.59111e-08
7.67868e-06
-7.3124e-08
7.68342e-06
-7.02139e-08
7.6879e-06
-6.71819e-08
7.69212e-06
-6.40281e-08
7.69606e-06
-6.07504e-08
7.69973e-06
-5.73435e-08
7.70313e-06
-5.38055e-08
7.70624e-06
-5.01203e-08
7.70908e-06
-4.62843e-08
7.71164e-06
-4.22737e-08
7.71392e-06
-3.80652e-08
7.71592e-06
-3.36356e-08
7.71763e-06
-2.89552e-08
7.71907e-06
-2.39896e-08
7.72021e-06
-1.86999e-08
7.72108e-06
-1.30415e-08
7.72167e-06
-6.96374e-09
7.72197e-06
-4.10921e-10
7.722e-06
6.68737e-09
7.72175e-06
1.43984e-08
7.72123e-06
2.28063e-08
7.72045e-06
3.20042e-08
7.71943e-06
4.20964e-08
7.71818e-06
5.32003e-08
7.71672e-06
6.54472e-08
7.71508e-06
7.8984e-08
7.7133e-06
9.39754e-08
7.71144e-06
1.10605e-07
7.70955e-06
1.29076e-07
7.70773e-06
1.49616e-07
7.7061e-06
1.72479e-07
7.70478e-06
1.97945e-07
7.70397e-06
2.26325e-07
7.70389e-06
2.57962e-07
7.70483e-06
2.9323e-07
7.70716e-06
3.32536e-07
7.71132e-06
3.76315e-07
7.71787e-06
4.25026e-07
7.72753e-06
4.79145e-07
7.74113e-06
5.39147e-07
7.75974e-06
6.05491e-07
7.78463e-06
6.78588e-07
7.81733e-06
7.58756e-07
7.85966e-06
8.46156e-07
7.91372e-06
9.40716e-07
7.98193e-06
1.04202e-06
8.06692e-06
1.1492e-06
8.17145e-06
1.26074e-06
8.29819e-06
1.37439e-06
8.44945e-06
1.48696e-06
8.62658e-06
1.59427e-06
8.82957e-06
1.69123e-06
9.05605e-06
1.77199e-06
1.83069e-06
9.30109e-06
7.38854e-06
-4.65217e-09
7.39019e-06
-1.39906e-08
7.39286e-06
-2.30561e-08
7.39643e-06
-3.16371e-08
7.40073e-06
-3.95946e-08
7.40564e-06
-4.6895e-08
7.41103e-06
-5.35667e-08
7.41682e-06
-5.96453e-08
7.42293e-06
-6.51642e-08
7.42929e-06
-7.01629e-08
7.43586e-06
-7.46868e-08
7.4426e-06
-7.8783e-08
7.44947e-06
-8.24931e-08
7.45646e-06
-8.58538e-08
7.46356e-06
-8.88977e-08
7.47074e-06
-9.16519e-08
7.47799e-06
-9.41398e-08
7.48532e-06
-9.63823e-08
7.49271e-06
-9.83959e-08
7.50016e-06
-1.00194e-07
7.50766e-06
-1.01788e-07
7.51521e-06
-1.03187e-07
7.52279e-06
-1.04397e-07
7.53042e-06
-1.05424e-07
7.53808e-06
-1.06269e-07
7.54576e-06
-1.06935e-07
7.55345e-06
-1.0742e-07
7.56116e-06
-1.07723e-07
7.56886e-06
-1.07842e-07
7.57655e-06
-1.07771e-07
7.58421e-06
-1.07509e-07
7.59183e-06
-1.07054e-07
7.59939e-06
-1.06405e-07
7.60687e-06
-1.05562e-07
7.61427e-06
-1.04525e-07
7.62156e-06
-1.03296e-07
7.62872e-06
-1.01877e-07
7.63575e-06
-1.00271e-07
7.64262e-06
-9.84822e-08
7.64932e-06
-9.65145e-08
7.65584e-06
-9.43744e-08
7.66215e-06
-9.20672e-08
7.66825e-06
-8.95998e-08
7.67413e-06
-8.69789e-08
7.67977e-06
-8.4212e-08
7.68516e-06
-8.13061e-08
7.6903e-06
-7.82682e-08
7.69519e-06
-7.51018e-08
7.69982e-06
-7.18087e-08
7.70418e-06
-6.83907e-08
7.70828e-06
-6.48461e-08
7.71211e-06
-6.11713e-08
7.71567e-06
-5.73662e-08
7.71896e-06
-5.34142e-08
7.72199e-06
-4.93168e-08
7.72476e-06
-4.50454e-08
7.72728e-06
-4.05806e-08
7.72954e-06
-3.58982e-08
7.73156e-06
-3.09684e-08
7.73332e-06
-2.57578e-08
7.73485e-06
-2.02283e-08
7.73615e-06
-1.43361e-08
7.73722e-06
-8.03165e-09
7.73806e-06
-1.26024e-09
7.73871e-06
6.04428e-09
7.73916e-06
1.39489e-08
7.73943e-06
2.2534e-08
7.73955e-06
3.18884e-08
7.73953e-06
4.21122e-08
7.73941e-06
5.33171e-08
7.73923e-06
6.56272e-08
7.73904e-06
7.91798e-08
7.73888e-06
9.41286e-08
7.73884e-06
1.10644e-07
7.73901e-06
1.2891e-07
7.73949e-06
1.49133e-07
7.74043e-06
1.71539e-07
7.742e-06
1.96375e-07
7.74442e-06
2.23913e-07
7.74793e-06
2.54446e-07
7.75287e-06
2.88291e-07
7.75962e-06
3.25785e-07
7.76866e-06
3.67278e-07
7.78055e-06
4.13129e-07
7.79601e-06
4.63692e-07
7.81585e-06
5.193e-07
7.84109e-06
5.80255e-07
7.87289e-06
6.46788e-07
7.91262e-06
7.19024e-07
7.96185e-06
7.96927e-07
8.02233e-06
8.80231e-07
8.09599e-06
9.68364e-07
8.18484e-06
1.06035e-06
8.29085e-06
1.15472e-06
8.41584e-06
1.2494e-06
8.56112e-06
1.34167e-06
8.72725e-06
1.42815e-06
8.91358e-06
1.5049e-06
9.11787e-06
1.56769e-06
1.61236e-06
9.3362e-06
7.38865e-06
-5.2988e-09
7.39061e-06
-1.59504e-08
7.39376e-06
-2.62122e-08
7.39791e-06
-3.57874e-08
7.40284e-06
-4.45211e-08
7.40837e-06
-5.24205e-08
7.41436e-06
-5.95606e-08
7.42072e-06
-6.6003e-08
7.42735e-06
-7.17998e-08
7.4342e-06
-7.70084e-08
7.4412e-06
-8.16935e-08
7.44834e-06
-8.59163e-08
7.45557e-06
-8.97287e-08
7.46289e-06
-9.31749e-08
7.47029e-06
-9.62917e-08
7.47775e-06
-9.91096e-08
7.48526e-06
-1.01655e-07
7.49283e-06
-1.0395e-07
7.50045e-06
-1.06012e-07
7.50811e-06
-1.07857e-07
7.51581e-06
-1.09494e-07
7.52356e-06
-1.10934e-07
7.53135e-06
-1.12182e-07
7.53916e-06
-1.13243e-07
7.54701e-06
-1.14118e-07
7.55489e-06
-1.14808e-07
7.56278e-06
-1.15313e-07
7.57068e-06
-1.15627e-07
7.57859e-06
-1.15747e-07
7.58648e-06
-1.15665e-07
7.59435e-06
-1.15378e-07
7.60218e-06
-1.14882e-07
7.60995e-06
-1.14175e-07
7.61764e-06
-1.13258e-07
7.62525e-06
-1.12131e-07
7.63275e-06
-1.10794e-07
7.64012e-06
-1.09251e-07
7.64735e-06
-1.07503e-07
7.65443e-06
-1.05554e-07
7.66132e-06
-1.03411e-07
7.66803e-06
-1.01079e-07
7.67453e-06
-9.85657e-08
7.6808e-06
-9.58783e-08
7.68685e-06
-9.30249e-08
7.69265e-06
-9.00157e-08
7.69821e-06
-8.68595e-08
7.70351e-06
-8.35671e-08
7.70855e-06
-8.0142e-08
7.71332e-06
-7.65867e-08
7.71784e-06
-7.29046e-08
7.72209e-06
-6.90957e-08
7.72607e-06
-6.51575e-08
7.7298e-06
-6.10921e-08
7.73327e-06
-5.68839e-08
7.73649e-06
-5.25395e-08
7.73947e-06
-4.80281e-08
7.74223e-06
-4.33316e-08
7.74475e-06
-3.84241e-08
7.74706e-06
-3.32768e-08
7.74916e-06
-2.78578e-08
7.75106e-06
-2.21303e-08
7.75278e-06
-1.60519e-08
7.75432e-06
-9.57452e-09
7.75571e-06
-2.64486e-09
7.75695e-06
4.79757e-09
7.75808e-06
1.28189e-08
7.75912e-06
2.14942e-08
7.7601e-06
3.09075e-08
7.76106e-06
4.11537e-08
7.76204e-06
5.23383e-08
7.76309e-06
6.45765e-08
7.76428e-06
7.79951e-08
7.76567e-06
9.27362e-08
7.76736e-06
1.08953e-07
7.76946e-06
1.26812e-07
7.77209e-06
1.46495e-07
7.77543e-06
1.68199e-07
7.77967e-06
1.92139e-07
7.78504e-06
2.18545e-07
7.79182e-06
2.47665e-07
7.80035e-06
2.79759e-07
7.81104e-06
3.15099e-07
7.82436e-06
3.53959e-07
7.84088e-06
3.96608e-07
7.86128e-06
4.43291e-07
7.88635e-06
4.94225e-07
7.91703e-06
5.49581e-07
7.95436e-06
6.09458e-07
7.99954e-06
6.73839e-07
8.05392e-06
7.42555e-07
8.11892e-06
8.1523e-07
8.19606e-06
8.91225e-07
8.28684e-06
9.69569e-07
8.39267e-06
1.04889e-06
8.51471e-06
1.12737e-06
8.65367e-06
1.20271e-06
8.8096e-06
1.27222e-06
8.98163e-06
1.33287e-06
9.1678e-06
1.38152e-06
1.41519e-06
9.36497e-06
7.38879e-06
-6.08872e-09
7.39119e-06
-1.83554e-08
7.39502e-06
-3.0034e-08
7.39993e-06
-4.07051e-08
7.40564e-06
-5.02294e-08
7.41193e-06
-5.87036e-08
7.41864e-06
-6.62704e-08
7.42566e-06
-7.30225e-08
7.43289e-06
-7.90342e-08
7.44027e-06
-8.43898e-08
7.44776e-06
-8.9178e-08
7.45531e-06
-9.34754e-08
7.46293e-06
-9.73456e-08
7.4706e-06
-1.0084e-07
7.4783e-06
-1.03998e-07
7.48605e-06
-1.06853e-07
7.49383e-06
-1.09434e-07
7.50164e-06
-1.11764e-07
7.50949e-06
-1.13861e-07
7.51737e-06
-1.1574e-07
7.52529e-06
-1.17413e-07
7.53324e-06
-1.18888e-07
7.54123e-06
-1.2017e-07
7.54925e-06
-1.21264e-07
7.55731e-06
-1.2217e-07
7.56539e-06
-1.22888e-07
7.57349e-06
-1.23416e-07
7.58161e-06
-1.23749e-07
7.58974e-06
-1.23876e-07
7.59786e-06
-1.23788e-07
7.60596e-06
-1.23478e-07
7.61402e-06
-1.22943e-07
7.62203e-06
-1.22182e-07
7.62996e-06
-1.21192e-07
7.63781e-06
-1.19974e-07
7.64554e-06
-1.18528e-07
7.65315e-06
-1.16858e-07
7.66061e-06
-1.14964e-07
7.66791e-06
-1.12852e-07
7.67502e-06
-1.10526e-07
7.68194e-06
-1.07997e-07
7.68864e-06
-1.0527e-07
7.69512e-06
-1.02355e-07
7.70136e-06
-9.92592e-08
7.70734e-06
-9.59977e-08
7.71306e-06
-9.25829e-08
7.71853e-06
-8.90317e-08
7.72373e-06
-8.53447e-08
7.72867e-06
-8.15253e-08
7.73334e-06
-7.75775e-08
7.73775e-06
-7.35053e-08
7.7419e-06
-6.93065e-08
7.74579e-06
-6.49848e-08
7.74944e-06
-6.05284e-08
7.75285e-06
-5.595e-08
7.75604e-06
-5.12193e-08
7.75902e-06
-4.6315e-08
7.76181e-06
-4.12099e-08
7.76441e-06
-3.58761e-08
7.76683e-06
-3.02841e-08
7.7691e-06
-2.43989e-08
7.77123e-06
-1.81795e-08
7.77323e-06
-1.158e-08
7.77514e-06
-4.55007e-09
7.77697e-06
2.96635e-09
7.77876e-06
1.10319e-08
7.78054e-06
1.97157e-08
7.78235e-06
2.90964e-08
7.78424e-06
3.92635e-08
7.78626e-06
5.03162e-08
7.78848e-06
6.23573e-08
7.79097e-06
7.5503e-08
7.79382e-06
8.98876e-08
7.79712e-06
1.05648e-07
7.80101e-06
1.22925e-07
7.80563e-06
1.41874e-07
7.81116e-06
1.62667e-07
7.81782e-06
1.85485e-07
7.82584e-06
2.10519e-07
7.83554e-06
2.37971e-07
7.84724e-06
2.68051e-07
7.86137e-06
3.00974e-07
7.87838e-06
3.36952e-07
7.89881e-06
3.76171e-07
7.92333e-06
4.18775e-07
7.95267e-06
4.64881e-07
7.98769e-06
5.14566e-07
8.02932e-06
5.6783e-07
8.07859e-06
6.24561e-07
8.13664e-06
6.84505e-07
8.20464e-06
7.47237e-07
8.28374e-06
8.12116e-07
8.37508e-06
8.7823e-07
8.47962e-06
9.44352e-07
8.59807e-06
1.00891e-06
8.73077e-06
1.07002e-06
8.87748e-06
1.12551e-06
9.03727e-06
1.17307e-06
9.20844e-06
1.21035e-06
1.23518e-06
9.38845e-06
7.389e-06
-7.09112e-09
7.39207e-06
-2.14276e-08
7.39684e-06
-3.47966e-08
7.40276e-06
-4.66325e-08
7.40945e-06
-5.69102e-08
7.41664e-06
-6.58989e-08
7.4242e-06
-7.38255e-08
7.43198e-06
-8.08078e-08
7.4399e-06
-8.69485e-08
7.44788e-06
-9.23702e-08
7.45589e-06
-9.71898e-08
7.46391e-06
-1.01501e-07
7.47195e-06
-1.05378e-07
7.47998e-06
-1.08878e-07
7.48803e-06
-1.12043e-07
7.49608e-06
-1.14906e-07
7.50415e-06
-1.17498e-07
7.51222e-06
-1.19843e-07
7.52032e-06
-1.2196e-07
7.52844e-06
-1.23862e-07
7.53659e-06
-1.2556e-07
7.54477e-06
-1.27063e-07
7.55297e-06
-1.28377e-07
7.56121e-06
-1.29503e-07
7.56948e-06
-1.3044e-07
7.57778e-06
-1.31188e-07
7.58611e-06
-1.31747e-07
7.59447e-06
-1.32108e-07
7.60285e-06
-1.32252e-07
7.61122e-06
-1.32164e-07
7.61958e-06
-1.31837e-07
7.62791e-06
-1.31268e-07
7.63618e-06
-1.30453e-07
7.64438e-06
-1.29391e-07
7.65249e-06
-1.28082e-07
7.66049e-06
-1.26527e-07
7.66836e-06
-1.24729e-07
7.67608e-06
-1.22685e-07
7.68363e-06
-1.20403e-07
7.69099e-06
-1.1789e-07
7.69815e-06
-1.15157e-07
7.70509e-06
-1.12209e-07
7.71179e-06
-1.09055e-07
7.71824e-06
-1.05707e-07
7.72442e-06
-1.02179e-07
7.73033e-06
-9.84922e-08
7.73597e-06
-9.46764e-08
7.74135e-06
-9.0721e-08
7.74646e-06
-8.66344e-08
7.7513e-06
-8.24184e-08
7.75588e-06
-7.80795e-08
7.76019e-06
-7.36226e-08
7.76425e-06
-6.90432e-08
7.76807e-06
-6.43469e-08
7.77167e-06
-5.95473e-08
7.77506e-06
-5.46181e-08
7.77828e-06
-4.95275e-08
7.78132e-06
-4.42485e-08
7.7842e-06
-3.87569e-08
7.78694e-06
-3.30258e-08
7.78956e-06
-2.7021e-08
7.79208e-06
-2.07026e-08
7.79453e-06
-1.40275e-08
7.79693e-06
-6.94949e-09
7.79931e-06
5.82465e-10
7.80172e-06
8.6264e-09
7.80419e-06
1.72449e-08
7.80678e-06
2.65081e-08
7.80954e-06
3.65011e-08
7.81254e-06
4.73217e-08
7.81584e-06
5.90572e-08
7.81953e-06
7.1808e-08
7.82372e-06
8.57008e-08
7.82851e-06
1.00857e-07
7.83404e-06
1.17396e-07
7.84046e-06
1.35452e-07
7.84796e-06
1.55163e-07
7.85677e-06
1.76677e-07
7.86714e-06
2.00146e-07
7.87939e-06
2.2573e-07
7.89384e-06
2.53594e-07
7.91092e-06
2.83898e-07
7.93105e-06
3.16817e-07
7.95476e-06
3.52469e-07
7.98264e-06
3.90891e-07
8.0154e-06
4.3212e-07
8.0538e-06
4.76166e-07
8.09868e-06
5.22957e-07
8.15092e-06
5.72314e-07
8.21149e-06
6.23938e-07
8.28132e-06
6.77403e-07
8.36132e-06
7.32118e-07
8.45228e-06
7.8727e-07
8.55484e-06
8.4179e-07
8.66943e-06
8.94332e-07
8.79613e-06
9.43321e-07
8.93458e-06
9.87058e-07
9.08388e-06
1.02378e-06
9.2425e-06
1.05172e-06
1.06931e-06
9.40838e-06
7.38933e-06
-8.42286e-09
7.39345e-06
-2.55452e-08
7.39958e-06
-4.0927e-08
7.40686e-06
-5.39143e-08
7.41477e-06
-6.4819e-08
7.42307e-06
-7.41973e-08
7.4316e-06
-8.23601e-08
7.44024e-06
-8.94425e-08
7.44888e-06
-9.55899e-08
7.45748e-06
-1.00972e-07
7.46603e-06
-1.05733e-07
7.47451e-06
-1.09987e-07
7.48295e-06
-1.1382e-07
7.49136e-06
-1.17288e-07
7.49975e-06
-1.20425e-07
7.50811e-06
-1.23269e-07
7.51646e-06
-1.25849e-07
7.52481e-06
-1.28195e-07
7.53317e-06
-1.30319e-07
7.54154e-06
-1.32235e-07
7.54994e-06
-1.33952e-07
7.55836e-06
-1.35484e-07
7.56681e-06
-1.36831e-07
7.5753e-06
-1.3799e-07
7.58382e-06
-1.38959e-07
7.59237e-06
-1.39741e-07
7.60096e-06
-1.40342e-07
7.6096e-06
-1.40746e-07
7.61827e-06
-1.40919e-07
7.62695e-06
-1.40841e-07
7.63562e-06
-1.40505e-07
7.64425e-06
-1.39906e-07
7.65284e-06
-1.39042e-07
7.66136e-06
-1.37908e-07
7.66979e-06
-1.36512e-07
7.67811e-06
-1.34848e-07
7.68631e-06
-1.32926e-07
7.69435e-06
-1.30729e-07
7.70222e-06
-1.28269e-07
7.70989e-06
-1.25562e-07
7.71735e-06
-1.22619e-07
7.72459e-06
-1.19443e-07
7.73157e-06
-1.16036e-07
7.73828e-06
-1.12419e-07
7.7447e-06
-1.08604e-07
7.75084e-06
-1.04632e-07
7.75671e-06
-1.00543e-07
7.7623e-06
-9.63086e-08
7.7676e-06
-9.19382e-08
7.77264e-06
-8.74537e-08
7.77739e-06
-8.28328e-08
7.78188e-06
-7.8114e-08
7.7861e-06
-7.32653e-08
7.7901e-06
-6.83395e-08
7.79389e-06
-6.33421e-08
7.79751e-06
-5.82392e-08
7.80096e-06
-5.2976e-08
7.80424e-06
-4.75319e-08
7.80738e-06
-4.18971e-08
7.81041e-06
-3.60474e-08
7.81333e-06
-2.9949e-08
7.81619e-06
-2.35622e-08
7.81901e-06
-1.68465e-08
7.82182e-06
-9.7605e-09
7.82467e-06
-2.26017e-09
7.82759e-06
5.70215e-09
7.83065e-06
1.41855e-08
7.83391e-06
2.32509e-08
7.83742e-06
3.29867e-08
7.84126e-06
4.34801e-08
7.84553e-06
5.47915e-08
7.8503e-06
6.70413e-08
7.85565e-06
8.03448e-08
7.86173e-06
9.47785e-08
7.86868e-06
1.10447e-07
7.87667e-06
1.27463e-07
7.88589e-06
1.4594e-07
7.89658e-06
1.65992e-07
7.90899e-06
1.87731e-07
7.92343e-06
2.11288e-07
7.94024e-06
2.36782e-07
7.95981e-06
2.64333e-07
7.98253e-06
2.94101e-07
8.00888e-06
3.26116e-07
8.03945e-06
3.60316e-07
8.07488e-06
3.96693e-07
8.11583e-06
4.35212e-07
8.16305e-06
4.75744e-07
8.2173e-06
5.18063e-07
8.2794e-06
5.61836e-07
8.35013e-06
6.06667e-07
8.43019e-06
6.5206e-07
8.52013e-06
6.97332e-07
8.62032e-06
7.416e-07
8.73096e-06
7.83691e-07
8.85203e-06
8.22257e-07
8.9831e-06
8.55981e-07
9.12333e-06
8.83549e-07
9.2714e-06
9.03658e-07
9.15132e-07
9.42557e-06
7.38995e-06
-1.03732e-08
7.39575e-06
-3.13418e-08
7.4038e-06
-4.89802e-08
7.41283e-06
-6.29474e-08
7.4223e-06
-7.42892e-08
7.43201e-06
-8.39019e-08
7.44177e-06
-9.21178e-08
7.45143e-06
-9.9107e-08
7.46093e-06
-1.05093e-07
7.47027e-06
-1.10304e-07
7.47942e-06
-1.14889e-07
7.48842e-06
-1.18989e-07
7.49732e-06
-1.22715e-07
7.50614e-06
-1.26106e-07
7.51489e-06
-1.29177e-07
7.52359e-06
-1.31971e-07
7.53226e-06
-1.34518e-07
7.54092e-06
-1.3685e-07
7.54956e-06
-1.38964e-07
7.55821e-06
-1.40884e-07
7.56687e-06
-1.42613e-07
7.57556e-06
-1.44175e-07
7.58429e-06
-1.45561e-07
7.59306e-06
-1.46762e-07
7.60187e-06
-1.47771e-07
7.61073e-06
-1.48601e-07
7.61967e-06
-1.49272e-07
7.62866e-06
-1.49744e-07
7.6377e-06
-1.4996e-07
7.64677e-06
-1.49903e-07
7.65583e-06
-1.49566e-07
7.66486e-06
-1.4894e-07
7.67385e-06
-1.48028e-07
7.68275e-06
-1.46815e-07
7.69156e-06
-1.45323e-07
7.70027e-06
-1.43549e-07
7.70883e-06
-1.41489e-07
7.71722e-06
-1.39122e-07
7.72541e-06
-1.36459e-07
7.73338e-06
-1.33533e-07
7.74108e-06
-1.30315e-07
7.74851e-06
-1.26877e-07
7.75564e-06
-1.23162e-07
7.76243e-06
-1.19212e-07
7.76886e-06
-1.15035e-07
7.775e-06
-1.10772e-07
7.78085e-06
-1.06391e-07
7.7864e-06
-1.01853e-07
7.79162e-06
-9.71647e-08
7.79655e-06
-9.23775e-08
7.80118e-06
-8.74669e-08
7.80558e-06
-8.25138e-08
7.8098e-06
-7.74793e-08
7.81379e-06
-7.233e-08
7.8175e-06
-6.70565e-08
7.82093e-06
-6.16717e-08
7.82415e-06
-5.61971e-08
7.82724e-06
-5.0614e-08
7.83022e-06
-4.48814e-08
7.83314e-06
-3.89648e-08
7.83602e-06
-3.28304e-08
7.83889e-06
-2.64374e-08
7.8418e-06
-1.97474e-08
7.84476e-06
-1.27224e-08
7.84782e-06
-5.32577e-09
7.85105e-06
2.47801e-09
7.85448e-06
1.07526e-08
7.85817e-06
1.95624e-08
7.86221e-06
2.89498e-08
7.86669e-06
3.89919e-08
7.87167e-06
4.98111e-08
7.87726e-06
6.14591e-08
7.8836e-06
7.39992e-08
7.89084e-06
8.75436e-08
7.8991e-06
1.02182e-07
7.90857e-06
1.17996e-07
7.91944e-06
1.3507e-07
7.93193e-06
1.53498e-07
7.94634e-06
1.73329e-07
7.96291e-06
1.94709e-07
7.98209e-06
2.17602e-07
8.00414e-06
2.42283e-07
8.02926e-06
2.68981e-07
8.05804e-06
2.97341e-07
8.09106e-06
3.27294e-07
8.12888e-06
3.58871e-07
8.1721e-06
3.92e-07
8.22134e-06
4.26502e-07
8.27729e-06
4.62115e-07
8.34064e-06
4.98479e-07
8.41202e-06
5.3529e-07
8.49192e-06
5.72157e-07
8.58072e-06
6.08535e-07
8.6786e-06
6.43724e-07
8.78567e-06
6.7662e-07
8.90183e-06
7.06096e-07
9.02661e-06
7.312e-07
9.1592e-06
7.50961e-07
9.29845e-06
7.64409e-07
7.7069e-07
9.44289e-06
7.39141e-06
-1.37832e-08
7.40022e-06
-4.01495e-08
7.41099e-06
-5.97534e-08
7.42209e-06
-7.40418e-08
7.43327e-06
-8.54755e-08
7.44447e-06
-9.50977e-08
7.45549e-06
-1.03144e-07
7.4662e-06
-1.09809e-07
7.47657e-06
-1.15463e-07
7.48663e-06
-1.20365e-07
7.49641e-06
-1.2467e-07
7.50597e-06
-1.28555e-07
7.51541e-06
-1.32148e-07
7.52473e-06
-1.35428e-07
7.53396e-06
-1.38405e-07
7.54311e-06
-1.41131e-07
7.55223e-06
-1.43634e-07
7.56134e-06
-1.45964e-07
7.57043e-06
-1.48052e-07
7.57951e-06
-1.49962e-07
7.5886e-06
-1.51705e-07
7.59769e-06
-1.53261e-07
7.60677e-06
-1.54638e-07
7.61581e-06
-1.55806e-07
7.62478e-06
-1.56743e-07
7.63377e-06
-1.5759e-07
7.64285e-06
-1.58348e-07
7.65196e-06
-1.58854e-07
7.66106e-06
-1.59058e-07
7.6701e-06
-1.58946e-07
7.67905e-06
-1.58519e-07
7.68789e-06
-1.57782e-07
7.6966e-06
-1.56735e-07
7.70515e-06
-1.55364e-07
7.71351e-06
-1.5368e-07
7.72169e-06
-1.51733e-07
7.72967e-06
-1.49467e-07
7.7374e-06
-1.4685e-07
7.74485e-06
-1.43912e-07
7.75202e-06
-1.40706e-07
7.7589e-06
-1.37192e-07
7.76548e-06
-1.33455e-07
7.77175e-06
-1.29431e-07
7.7778e-06
-1.25265e-07
7.78365e-06
-1.20883e-07
7.78908e-06
-1.16209e-07
7.79404e-06
-1.11342e-07
7.79854e-06
-1.06357e-07
7.80265e-06
-1.01276e-07
7.80639e-06
-9.61185e-08
7.80982e-06
-9.08922e-08
7.81292e-06
-8.56194e-08
7.81575e-06
-8.03012e-08
7.81835e-06
-7.49298e-08
7.82078e-06
-6.94934e-08
7.8231e-06
-6.3986e-08
7.82531e-06
-5.84061e-08
7.82743e-06
-5.27436e-08
7.82953e-06
-4.69734e-08
7.83162e-06
-4.10628e-08
7.83376e-06
-3.49645e-08
7.83596e-06
-2.86364e-08
7.83828e-06
-2.20667e-08
7.84077e-06
-1.52103e-08
7.84349e-06
-8.05298e-09
7.84652e-06
-5.45201e-10
7.84985e-06
7.41395e-09
7.8536e-06
1.58155e-08
7.85782e-06
2.47288e-08
7.8626e-06
3.42177e-08
7.86804e-06
4.43697e-08
7.87424e-06
5.52601e-08
7.8813e-06
6.69381e-08
7.88937e-06
7.94715e-08
7.89861e-06
9.29426e-08
7.90918e-06
1.07426e-07
7.92126e-06
1.22993e-07
7.93506e-06
1.397e-07
7.95075e-06
1.57639e-07
7.96866e-06
1.7679e-07
7.98897e-06
1.97295e-07
8.01229e-06
2.18961e-07
8.03963e-06
2.41645e-07
8.07122e-06
2.65746e-07
8.10724e-06
2.91277e-07
8.14807e-06
3.18042e-07
8.19423e-06
3.45842e-07
8.24625e-06
3.74477e-07
8.30482e-06
4.03547e-07
8.37071e-06
4.32593e-07
8.44424e-06
4.61754e-07
8.52583e-06
4.90567e-07
8.61534e-06
5.19023e-07
8.7126e-06
5.46465e-07
8.81807e-06
5.71149e-07
8.93162e-06
5.92553e-07
9.05269e-06
6.10125e-07
9.18051e-06
6.23143e-07
9.31402e-06
6.30903e-07
6.32805e-07
9.4519e-06
7.39449e-06
-2.02782e-08
7.40872e-06
-5.43753e-08
7.42379e-06
-7.4822e-08
7.43808e-06
-8.83342e-08
7.45185e-06
-9.92426e-08
7.46504e-06
-1.0829e-07
7.47764e-06
-1.15744e-07
7.48963e-06
-1.21799e-07
7.50106e-06
-1.26897e-07
7.51183e-06
-1.31126e-07
7.52205e-06
-1.34891e-07
7.53204e-06
-1.38548e-07
7.5418e-06
-1.41905e-07
7.55127e-06
-1.44897e-07
7.56045e-06
-1.47593e-07
7.56936e-06
-1.50041e-07
7.57803e-06
-1.52304e-07
7.58649e-06
-1.54425e-07
7.59477e-06
-1.56332e-07
7.60288e-06
-1.5807e-07
7.61083e-06
-1.59657e-07
7.61866e-06
-1.61092e-07
7.62638e-06
-1.62355e-07
7.63409e-06
-1.63516e-07
7.64191e-06
-1.6456e-07
7.64976e-06
-1.65444e-07
7.6574e-06
-1.6599e-07
7.66478e-06
-1.66229e-07
7.67189e-06
-1.6617e-07
7.67873e-06
-1.65784e-07
7.68528e-06
-1.65071e-07
7.69153e-06
-1.6403e-07
7.69745e-06
-1.62651e-07
7.703e-06
-1.6092e-07
7.70816e-06
-1.58837e-07
7.71289e-06
-1.56467e-07
7.71722e-06
-1.53798e-07
7.72115e-06
-1.50774e-07
7.72467e-06
-1.4743e-07
7.72774e-06
-1.43784e-07
7.7304e-06
-1.3985e-07
7.7326e-06
-1.35656e-07
7.73437e-06
-1.31202e-07
7.73563e-06
-1.26524e-07
7.73639e-06
-1.21645e-07
7.73676e-06
-1.16572e-07
7.73674e-06
-1.11326e-07
7.73634e-06
-1.0596e-07
7.73558e-06
-1.00517e-07
7.73449e-06
-9.50253e-08
7.7331e-06
-8.95046e-08
7.73146e-06
-8.39728e-08
7.7296e-06
-7.84414e-08
7.72758e-06
-7.29117e-08
7.72546e-06
-6.73772e-08
7.7233e-06
-6.18278e-08
7.72116e-06
-5.62615e-08
7.71908e-06
-5.06612e-08
7.71712e-06
-4.50138e-08
7.71536e-06
-3.93023e-08
7.71385e-06
-3.3458e-08
7.71261e-06
-2.73997e-08
7.71174e-06
-2.11902e-08
7.71124e-06
-1.47171e-08
7.71126e-06
-8.06895e-09
7.71191e-06
-1.1921e-09
7.71313e-06
6.18954e-09
7.71513e-06
1.38179e-08
7.71801e-06
2.18499e-08
7.72185e-06
3.0379e-08
7.72676e-06
3.94542e-08
7.7329e-06
4.91259e-08
7.74039e-06
5.94407e-08
7.74941e-06
7.04567e-08
7.76011e-06
8.22401e-08
7.77269e-06
9.48478e-08
7.78735e-06
1.0833e-07
7.80433e-06
1.22726e-07
7.82389e-06
1.38077e-07
7.84629e-06
1.5439e-07
7.87191e-06
1.71671e-07
7.90097e-06
1.89899e-07
7.93367e-06
2.08945e-07
7.9706e-06
2.28823e-07
8.01228e-06
2.49594e-07
8.05917e-06
2.71155e-07
8.11165e-06
2.93362e-07
8.17005e-06
3.16068e-07
8.2344e-06
3.39207e-07
8.30441e-06
3.62577e-07
8.38087e-06
3.85296e-07
8.46438e-06
4.07054e-07
8.5564e-06
4.27002e-07
8.65795e-06
4.44923e-07
8.76764e-06
4.61455e-07
8.88446e-06
4.75736e-07
9.00773e-06
4.86855e-07
9.1367e-06
4.94168e-07
9.27037e-06
4.97231e-07
4.95668e-07
9.40751e-06
7.40207e-06
-3.43444e-08
7.42298e-06
-7.52854e-08
7.44205e-06
-9.38946e-08
7.45999e-06
-1.06279e-07
7.47646e-06
-1.15713e-07
7.49139e-06
-1.2322e-07
7.50464e-06
-1.28985e-07
7.51658e-06
-1.33741e-07
7.52733e-06
-1.37646e-07
7.53731e-06
-1.41105e-07
7.54659e-06
-1.44175e-07
7.55464e-06
-1.46592e-07
7.56147e-06
-1.4874e-07
7.56734e-06
-1.50769e-07
7.57239e-06
-1.52642e-07
7.57668e-06
-1.54327e-07
7.58023e-06
-1.55856e-07
7.58302e-06
-1.57214e-07
7.58508e-06
-1.58397e-07
7.58644e-06
-1.59431e-07
7.5871e-06
-1.60314e-07
7.58706e-06
-1.61051e-07
7.5863e-06
-1.61599e-07
7.58481e-06
-1.62024e-07
7.58255e-06
-1.62294e-07
7.57961e-06
-1.62507e-07
7.5761e-06
-1.62479e-07
7.57196e-06
-1.62089e-07
7.5671e-06
-1.61309e-07
7.56148e-06
-1.60169e-07
7.55512e-06
-1.58705e-07
7.54801e-06
-1.56918e-07
7.54016e-06
-1.54801e-07
7.53159e-06
-1.52355e-07
7.52234e-06
-1.49589e-07
7.5124e-06
-1.46521e-07
7.50175e-06
-1.4315e-07
7.49045e-06
-1.39473e-07
7.47853e-06
-1.35507e-07
7.46601e-06
-1.31271e-07
7.45298e-06
-1.26823e-07
7.43947e-06
-1.22144e-07
7.4255e-06
-1.17228e-07
7.41109e-06
-1.12119e-07
7.39632e-06
-1.06868e-07
7.38125e-06
-1.01501e-07
7.36595e-06
-9.60335e-08
7.35051e-06
-9.05154e-08
7.33497e-06
-8.49826e-08
7.31942e-06
-7.94751e-08
7.30393e-06
-7.40081e-08
7.28856e-06
-6.86031e-08
7.27339e-06
-6.32754e-08
7.25851e-06
-5.80279e-08
7.244e-06
-5.28639e-08
7.22992e-06
-4.77538e-08
7.21639e-06
-4.27294e-08
7.20345e-06
-3.77217e-08
7.19121e-06
-3.27695e-08
7.1797e-06
-2.77937e-08
7.169e-06
-2.27567e-08
7.15927e-06
-1.76755e-08
7.15054e-06
-1.24577e-08
7.14294e-06
-7.12165e-09
7.13659e-06
-1.71727e-09
7.13145e-06
3.95435e-09
7.12773e-06
9.90082e-09
7.12556e-06
1.59882e-08
7.12523e-06
2.21856e-08
7.12682e-06
2.87873e-08
7.13051e-06
3.5762e-08
7.13649e-06
4.31445e-08
7.14496e-06
5.09747e-08
7.15612e-06
5.93003e-08
7.17019e-06
6.81643e-08
7.18744e-06
7.7604e-08
7.20811e-06
8.76537e-08
7.2325e-06
9.83395e-08
7.2609e-06
1.0968e-07
7.29361e-06
1.2168e-07
7.33095e-06
1.34327e-07
7.37325e-06
1.47604e-07
7.42074e-06
1.61452e-07
7.47374e-06
1.75824e-07
7.53257e-06
1.90758e-07
7.59749e-06
2.06238e-07
7.66871e-06
2.22144e-07
7.74645e-06
2.38327e-07
7.83099e-06
2.54671e-07
7.92248e-06
2.71087e-07
8.02061e-06
2.87158e-07
8.12529e-06
3.02377e-07
8.23606e-06
3.16232e-07
8.35276e-06
3.28226e-07
8.47586e-06
3.38352e-07
8.6051e-06
3.46502e-07
8.73979e-06
3.5216e-07
8.87908e-06
3.54879e-07
9.02175e-06
3.54559e-07
3.50854e-07
9.16657e-06
7.42842e-06
-7.47674e-08
7.45807e-06
-1.04936e-07
7.47703e-06
-1.12848e-07
7.48769e-06
-1.16938e-07
7.49314e-06
-1.2117e-07
7.49442e-06
-1.24495e-07
7.49186e-06
-1.26427e-07
7.48593e-06
-1.27809e-07
7.47692e-06
-1.28638e-07
7.46501e-06
-1.29197e-07
7.45038e-06
-1.29545e-07
7.43341e-06
-1.29625e-07
7.41418e-06
-1.2951e-07
7.39272e-06
-1.29301e-07
7.36908e-06
-1.29009e-07
7.34338e-06
-1.28621e-07
7.31566e-06
-1.28141e-07
7.28601e-06
-1.27563e-07
7.2545e-06
-1.26887e-07
7.22119e-06
-1.2612e-07
7.18614e-06
-1.25262e-07
7.1494e-06
-1.24311e-07
7.11106e-06
-1.23259e-07
7.07116e-06
-1.2213e-07
7.02981e-06
-1.20938e-07
6.98708e-06
-1.19776e-07
6.94323e-06
-1.18635e-07
6.89831e-06
-1.17168e-07
6.85225e-06
-1.15249e-07
6.80516e-06
-1.13082e-07
6.75717e-06
-1.1071e-07
6.70837e-06
-1.08123e-07
6.6589e-06
-1.05326e-07
6.60887e-06
-1.02329e-07
6.55842e-06
-9.91395e-08
6.50767e-06
-9.57662e-08
6.45674e-06
-9.22188e-08
6.40577e-06
-8.85068e-08
6.3549e-06
-8.46355e-08
6.30425e-06
-8.0622e-08
6.25385e-06
-7.64203e-08
6.20379e-06
-7.20849e-08
6.15434e-06
-6.77764e-08
6.10566e-06
-6.34406e-08
6.05788e-06
-5.90849e-08
6.01111e-06
-5.47325e-08
5.96548e-06
-5.04065e-08
5.9211e-06
-4.61373e-08
5.87807e-06
-4.19515e-08
5.83647e-06
-3.7878e-08
5.79639e-06
-3.39235e-08
5.75789e-06
-3.01059e-08
5.72104e-06
-2.64249e-08
5.68593e-06
-2.29202e-08
5.65261e-06
-1.95438e-08
5.62117e-06
-1.63131e-08
5.59165e-06
-1.3209e-08
5.56414e-06
-1.02055e-08
5.53871e-06
-7.33971e-09
5.51538e-06
-4.46818e-09
5.49416e-06
-1.53595e-09
5.47519e-06
1.29898e-09
5.45844e-06
4.28679e-09
5.44396e-06
7.36136e-09
5.4319e-06
1.03406e-08
5.42269e-06
1.31677e-08
5.41656e-06
1.60317e-08
5.41364e-06
1.89082e-08
5.41398e-06
2.18377e-08
5.41777e-06
2.49997e-08
5.42525e-06
2.82795e-08
5.43668e-06
3.17237e-08
5.45228e-06
3.53713e-08
5.4723e-06
3.92819e-08
5.49699e-06
4.34728e-08
5.52663e-06
4.79601e-08
5.56152e-06
5.27646e-08
5.60196e-06
5.79011e-08
5.64826e-06
6.33791e-08
5.70074e-06
6.92017e-08
5.7597e-06
7.53621e-08
5.82546e-06
8.18457e-08
5.89829e-06
8.86233e-08
5.97847e-06
9.56483e-08
6.06632e-06
1.02907e-07
6.16214e-06
1.10418e-07
6.26613e-06
1.18151e-07
6.37843e-06
1.26031e-07
6.49913e-06
1.33969e-07
6.62833e-06
1.41887e-07
6.76586e-06
1.49622e-07
6.91133e-06
1.56914e-07
7.06402e-06
1.6354e-07
7.22294e-06
1.69299e-07
7.38712e-06
1.74174e-07
7.55574e-06
1.77883e-07
7.72799e-06
1.79914e-07
7.90276e-06
1.80109e-07
8.07899e-06
1.78325e-07
1.74727e-07
8.25512e-06
7.31323e-06
7.2083e-06
7.09545e-06
6.97851e-06
6.85734e-06
6.73285e-06
6.60642e-06
6.47861e-06
6.34997e-06
6.22077e-06
6.09123e-06
5.9616e-06
5.83209e-06
5.70279e-06
5.57378e-06
5.44516e-06
5.31702e-06
5.18946e-06
5.06257e-06
4.93645e-06
4.81119e-06
4.68688e-06
4.56362e-06
4.44149e-06
4.32055e-06
4.20078e-06
4.08214e-06
3.96497e-06
3.84972e-06
3.73664e-06
3.62593e-06
3.51781e-06
3.41248e-06
3.31015e-06
3.21101e-06
3.11525e-06
3.02303e-06
2.93452e-06
2.84989e-06
2.76926e-06
2.69284e-06
2.62076e-06
2.55298e-06
2.48954e-06
2.43046e-06
2.37573e-06
2.32532e-06
2.27918e-06
2.23723e-06
2.19935e-06
2.16543e-06
2.13532e-06
2.1089e-06
2.08598e-06
2.06643e-06
2.05012e-06
2.03691e-06
2.02671e-06
2.01937e-06
2.0149e-06
2.01336e-06
2.01466e-06
2.01895e-06
2.02631e-06
2.03665e-06
2.04982e-06
2.06585e-06
2.08476e-06
2.1066e-06
2.13159e-06
2.15987e-06
2.1916e-06
2.22697e-06
2.26625e-06
2.30972e-06
2.35768e-06
2.41045e-06
2.46835e-06
2.53173e-06
2.60093e-06
2.67629e-06
2.75814e-06
2.84676e-06
2.94241e-06
3.04532e-06
3.15573e-06
3.27389e-06
3.39992e-06
3.53389e-06
3.67577e-06
3.8254e-06
3.98231e-06
4.14585e-06
4.31515e-06
4.48932e-06
4.66721e-06
4.84712e-06
5.02723e-06
5.20555e-06
5.38028e-06
3.51312e-06
4.46955e-06
6.26256e-07
2.88686e-06
-6.36616e-07
1.26287e-06
-9.37684e-07
3.01067e-07
-9.45242e-07
7.55877e-09
-8.75939e-07
-6.93031e-08
-8.54007e-07
-2.19321e-08
-8.78816e-07
2.48086e-08
-1.00339e-06
1.24569e-07
-1.24341e-06
2.40026e-07
-1.65927e-06
4.15859e-07
-2.24103e-06
5.81755e-07
-2.93423e-06
6.93206e-07
-3.65758e-06
7.23353e-07
-4.31961e-06
6.62021e-07
-4.8243e-06
5.0469e-07
-5.03326e-06
2.08965e-07
-4.90618e-06
-1.27086e-07
-4.48808e-06
-4.18099e-07
-3.83762e-06
-6.50456e-07
-3.0735e-06
-7.64122e-07
-2.28709e-06
-7.86407e-07
-1.52812e-06
-7.58971e-07
-8.26657e-07
-7.01463e-07
-1.98475e-07
-6.28181e-07
3.52912e-07
-5.51388e-07
8.2437e-07
-4.71458e-07
1.23739e-06
-4.13018e-07
-3.86056e-07
7.93546e-06
5.01337e-06
6.72724e-06
4.09508e-06
4.84294e-06
3.14718e-06
2.80731e-06
2.33669e-06
1.26499e-06
1.54988e-06
2.494e-07
9.46286e-07
-2.69873e-07
4.9734e-07
-4.88029e-07
2.42966e-07
-5.48674e-07
1.85214e-07
-6.40625e-07
3.31977e-07
-8.69002e-07
6.44237e-07
-1.23313e-06
9.4588e-07
-1.66072e-06
1.1208e-06
-2.06608e-06
1.12871e-06
-2.38284e-06
9.7878e-07
-2.52181e-06
6.43663e-07
-2.39683e-06
8.39783e-08
-2.05457e-06
-4.6934e-07
-1.48993e-06
-9.82743e-07
-8.24711e-07
-1.31567e-06
-1.34084e-07
-1.45475e-06
5.34022e-07
-1.45451e-06
1.15525e-06
-1.3802e-06
1.70915e-06
-1.25536e-06
2.18881e-06
-1.10784e-06
2.59308e-06
-9.55661e-07
2.9272e-06
-8.05578e-07
3.19156e-06
-6.77382e-07
-5.61123e-07
9.53967e-06
4.42928e-06
9.57604e-06
4.05872e-06
9.1356e-06
3.58761e-06
8.37993e-06
3.09236e-06
7.32248e-06
2.60733e-06
6.10365e-06
2.16512e-06
4.81243e-06
1.78855e-06
3.59673e-06
1.45867e-06
2.59399e-06
1.18796e-06
1.88447e-06
1.04149e-06
1.52224e-06
1.00647e-06
1.40268e-06
1.06543e-06
1.42535e-06
1.09813e-06
1.54686e-06
1.0072e-06
1.76514e-06
7.60502e-07
2.09164e-06
3.17156e-07
2.48924e-06
-3.13615e-07
2.96258e-06
-9.4268e-07
3.43928e-06
-1.45944e-06
3.90161e-06
-1.778e-06
4.32802e-06
-1.88116e-06
4.73346e-06
-1.85995e-06
5.11084e-06
-1.75758e-06
5.44797e-06
-1.5925e-06
5.73572e-06
-1.39558e-06
5.97202e-06
-1.19196e-06
6.15376e-06
-9.87318e-07
6.28122e-06
-8.04842e-07
-6.48843e-07
9.75381e-06
3.74828e-06
1.01659e-05
3.64658e-06
1.03421e-05
3.41148e-06
1.02931e-05
3.1413e-06
1.00688e-05
2.83166e-06
9.7112e-06
2.52273e-06
9.24875e-06
2.25101e-06
8.68974e-06
2.01768e-06
8.05966e-06
1.81803e-06
7.43506e-06
1.6661e-06
6.90803e-06
1.5335e-06
6.58906e-06
1.3844e-06
6.486e-06
1.20119e-06
6.56435e-06
9.2886e-07
6.78929e-06
5.35556e-07
7.0671e-06
3.93476e-08
7.3476e-06
-5.94108e-07
7.57272e-06
-1.16781e-06
7.72251e-06
-1.60923e-06
7.82026e-06
-1.87576e-06
7.8996e-06
-1.9605e-06
7.97907e-06
-1.93941e-06
8.06125e-06
-1.83977e-06
8.14661e-06
-1.67786e-06
8.23549e-06
-1.48446e-06
8.32712e-06
-1.28359e-06
8.42334e-06
-1.08353e-06
8.52062e-06
-9.02123e-07
-7.46116e-07
9.64757e-06
3.18189e-06
1.01255e-05
3.16869e-06
1.04822e-05
3.05471e-06
1.07232e-05
2.90032e-06
1.08553e-05
2.69953e-06
1.08863e-05
2.49173e-06
1.08533e-05
2.28402e-06
1.07702e-05
2.10079e-06
1.066e-05
1.92827e-06
1.05589e-05
1.76723e-06
1.04876e-05
1.6048e-06
1.04608e-05
1.41113e-06
1.0499e-05
1.16306e-06
1.05909e-05
8.36889e-07
1.07031e-05
4.23341e-07
1.08016e-05
-5.90653e-08
1.08014e-05
-5.93982e-07
1.07083e-05
-1.0747e-06
1.05401e-05
-1.44105e-06
1.0339e-05
-1.6746e-06
1.01552e-05
-1.77668e-06
9.99311e-06
-1.77737e-06
9.85719e-06
-1.70385e-06
9.75689e-06
-1.57756e-06
9.6929e-06
-1.42046e-06
9.66236e-06
-1.25306e-06
9.66321e-06
-1.08438e-06
9.68807e-06
-9.26989e-07
-7.88405e-07
9.55664e-06
2.75688e-06
9.97419e-06
2.75114e-06
1.03513e-05
2.67763e-06
1.06754e-05
2.57623e-06
1.09299e-05
2.44498e-06
1.11208e-05
2.30084e-06
1.12668e-05
2.13796e-06
1.13904e-05
1.97723e-06
1.15015e-05
1.81722e-06
1.16092e-05
1.65946e-06
1.17255e-05
1.4885e-06
1.1852e-05
1.28466e-06
1.19816e-05
1.03345e-06
1.20921e-05
7.26382e-07
1.21596e-05
3.55901e-07
1.21572e-05
-5.6705e-08
1.20486e-05
-4.85396e-07
1.18549e-05
-8.80995e-07
1.16074e-05
-1.19358e-06
1.13372e-05
-1.40439e-06
1.10745e-05
-1.51399e-06
1.08352e-05
-1.538e-06
1.06299e-05
-1.49856e-06
1.04659e-05
-1.41355e-06
1.03447e-05
-1.29934e-06
1.02633e-05
-1.17165e-06
1.02192e-05
-1.04025e-06
1.02062e-05
-9.13968e-07
-8.00225e-07
9.54566e-06
2.41187e-06
9.88582e-06
2.41097e-06
1.02043e-05
2.35916e-06
1.05035e-05
2.27705e-06
1.07767e-05
2.1718e-06
1.10235e-05
2.05403e-06
1.12371e-05
1.92435e-06
1.14244e-05
1.78995e-06
1.15962e-05
1.64543e-06
1.17646e-05
1.49098e-06
1.19326e-05
1.32051e-06
1.20952e-05
1.12212e-06
1.22422e-05
8.86367e-07
1.23611e-05
6.07519e-07
1.24218e-05
2.95209e-07
1.24065e-05
-4.13836e-08
1.23079e-05
-3.86781e-07
1.21301e-05
-7.03258e-07
1.18982e-05
-9.6169e-07
1.16409e-05
-1.147e-06
1.13838e-05
-1.25691e-06
1.11456e-05
-1.29983e-06
1.0937e-05
-1.28993e-06
1.07641e-05
-1.24067e-06
1.06294e-05
-1.1646e-06
1.05313e-05
-1.07361e-06
1.0467e-05
-9.75896e-07
1.04317e-05
-8.78654e-07
-7.88733e-07
9.551e-06
2.11823e-06
9.84174e-06
2.12023e-06
1.01178e-05
2.08309e-06
1.03777e-05
2.0171e-06
1.06208e-05
1.92879e-06
1.08491e-05
1.82572e-06
1.10631e-05
1.71028e-06
1.12664e-05
1.58666e-06
1.14591e-05
1.45275e-06
1.16438e-05
1.30631e-06
1.18201e-05
1.14416e-06
1.1982e-05
9.60295e-07
1.21187e-05
7.49639e-07
1.22158e-05
5.10381e-07
1.22637e-05
2.47362e-07
1.22503e-05
-2.79689e-08
1.2167e-05
-3.0354e-07
1.20226e-05
-5.58813e-07
1.18332e-05
-7.72293e-07
1.1619e-05
-9.32862e-07
1.14003e-05
-1.03816e-06
1.1193e-05
-1.09251e-06
1.10072e-05
-1.10417e-06
1.08491e-05
-1.08256e-06
1.07214e-05
-1.03686e-06
1.06236e-05
-9.75865e-07
1.05544e-05
-9.06679e-07
1.05108e-05
-8.35056e-07
-7.66417e-07
9.55689e-06
1.86244e-06
9.81328e-06
1.86384e-06
1.00611e-05
1.83529e-06
1.02963e-05
1.78191e-06
1.05173e-05
1.70781e-06
1.07246e-05
1.61835e-06
1.09195e-05
1.51536e-06
1.11046e-05
1.40156e-06
1.12805e-05
1.27692e-06
1.14468e-05
1.14003e-06
1.16018e-05
9.89065e-07
1.17408e-05
8.2138e-07
1.18555e-05
6.34876e-07
1.19365e-05
4.29393e-07
1.19749e-05
2.08963e-07
1.19652e-05
-1.82881e-08
1.19041e-05
-2.42381e-07
1.17953e-05
-4.5007e-07
1.16509e-05
-6.27853e-07
1.14854e-05
-7.67414e-07
1.13134e-05
-8.66149e-07
1.11469e-05
-9.25956e-07
1.09943e-05
-9.51625e-07
1.08612e-05
-9.49479e-07
1.07505e-05
-9.26155e-07
1.06629e-05
-8.88284e-07
1.05979e-05
-8.41599e-07
1.05534e-05
-7.90633e-07
-7.39694e-07
9.56308e-06
1.63556e-06
9.79179e-06
1.63513e-06
1.00159e-05
1.61122e-06
1.02314e-05
1.56637e-06
1.04359e-05
1.50333e-06
1.06288e-05
1.42539e-06
1.08101e-05
1.33406e-06
1.09805e-05
1.2312e-06
1.11401e-05
1.11737e-06
1.12881e-05
9.92001e-07
1.14229e-05
8.54267e-07
1.15408e-05
7.03422e-07
1.16367e-05
5.39001e-07
1.17043e-05
3.61798e-07
1.17379e-05
1.7536e-07
1.17337e-05
-1.40487e-08
1.16904e-05
-1.99091e-07
1.16113e-05
-3.70994e-07
1.15043e-05
-5.20807e-07
1.13794e-05
-6.42544e-07
1.12467e-05
-7.33458e-07
1.11151e-05
-7.94364e-07
1.09916e-05
-8.28057e-07
1.08809e-05
-8.38787e-07
1.07861e-05
-8.31357e-07
1.07085e-05
-8.10721e-07
1.06482e-05
-7.81351e-07
1.06045e-05
-7.4689e-07
-7.10762e-07
9.56901e-06
1.43151e-06
9.77512e-06
1.42903e-06
9.97865e-06
1.40768e-06
1.01763e-05
1.3687e-06
1.03657e-05
1.31396e-06
1.05456e-05
1.24548e-06
1.07151e-05
1.16454e-06
1.08739e-05
1.07246e-06
1.10213e-05
9.69913e-07
1.11564e-05
8.56877e-07
1.12775e-05
7.33249e-07
1.13817e-05
5.99213e-07
1.14655e-05
4.55148e-07
1.15249e-05
3.02404e-07
1.15562e-05
1.44088e-07
1.15573e-05
-1.5197e-08
1.15281e-05
-1.69875e-07
1.14711e-05
-3.13928e-07
1.13913e-05
-4.41081e-07
1.12959e-05
-5.47129e-07
1.11922e-05
-6.29786e-07
1.1087e-05
-6.89125e-07
1.09859e-05
-7.26907e-07
1.0893e-05
-7.45949e-07
1.08113e-05
-7.49666e-07
1.07424e-05
-7.41816e-07
1.06869e-05
-7.25836e-07
1.06447e-05
-7.04684e-07
-6.81108e-07
9.5741e-06
1.24586e-06
9.7618e-06
1.24133e-06
9.94806e-06
1.22142e-06
1.013e-05
1.18672e-06
1.03055e-05
1.13848e-06
1.0473e-05
1.07798e-06
1.06313e-05
1.00626e-06
1.07795e-05
9.24309e-07
1.09165e-05
8.32823e-07
1.10413e-05
7.32117e-07
1.1152e-05
6.22525e-07
1.12466e-05
5.04628e-07
1.13225e-05
3.79236e-07
1.13771e-05
2.47868e-07
1.1408e-05
1.13141e-07
1.14142e-05
-2.14025e-08
1.13959e-05
-1.516e-07
1.13551e-05
-2.73077e-07
1.12956e-05
-3.81587e-07
1.12224e-05
-4.73915e-07
1.1141e-05
-5.48401e-07
1.10566e-05
-6.04756e-07
1.09737e-05
-6.43973e-07
1.08958e-05
-6.68051e-07
1.08256e-05
-6.79455e-07
1.07647e-05
-6.80897e-07
1.07139e-05
-6.75107e-07
1.06739e-05
-6.64625e-07
-6.51715e-07
9.57898e-06
1.07526e-06
9.75151e-06
1.06881e-06
9.92319e-06
1.04974e-06
1.00916e-05
1.01835e-06
1.02546e-05
9.7542e-07
1.04108e-05
9.21834e-07
1.05586e-05
8.58402e-07
1.0697e-05
7.8591e-07
1.08248e-05
7.0501e-07
1.09407e-05
6.16212e-07
1.10432e-05
5.20041e-07
1.11306e-05
4.17259e-07
1.1201e-05
3.08823e-07
1.12526e-05
1.96244e-07
1.12841e-05
8.16527e-08
1.12949e-05
-3.21522e-08
1.12854e-05
-1.42112e-07
1.12573e-05
-2.44964e-07
1.12134e-05
-3.3773e-07
1.11575e-05
-4.18047e-07
1.10937e-05
-4.84588e-07
1.1026e-05
-5.37022e-07
1.09579e-05
-5.75933e-07
1.08926e-05
-6.02665e-07
1.08322e-05
-6.19045e-07
1.07784e-05
-6.27152e-07
1.07324e-05
-6.29084e-07
1.06947e-05
-6.26981e-07
-6.22903e-07
9.58378e-06
9.17048e-07
9.74377e-06
9.08818e-07
9.90325e-06
8.90268e-07
1.00601e-05
8.61517e-07
1.02124e-05
8.23082e-07
1.03587e-05
7.75595e-07
1.04974e-05
7.19694e-07
1.06273e-05
6.56001e-07
1.07472e-05
5.85124e-07
1.08557e-05
5.07628e-07
1.09517e-05
4.24099e-07
1.10336e-05
3.3534e-07
1.11001e-05
2.423e-07
1.115e-05
1.46363e-07
1.11825e-05
4.92042e-08
1.11972e-05
-4.69079e-08
1.11948e-05
-1.39734e-07
1.11767e-05
-2.26813e-07
1.1145e-05
-3.06017e-07
1.11025e-05
-3.75619e-07
1.10525e-05
-4.34581e-07
1.09981e-05
-4.82562e-07
1.09421e-05
-5.19918e-07
1.0887e-05
-5.47604e-07
1.08349e-05
-5.66974e-07
1.07874e-05
-5.79631e-07
1.07456e-05
-5.87298e-07
1.07105e-05
-5.91844e-07
-5.94959e-07
9.5908e-06
7.69136e-07
9.7403e-06
7.59316e-07
9.88946e-06
7.4111e-07
1.00364e-05
7.14555e-07
1.01795e-05
6.80025e-07
1.03171e-05
6.38004e-07
1.04478e-05
5.88991e-07
1.05703e-05
5.33477e-07
1.06834e-05
4.7202e-07
1.07859e-05
4.05154e-07
1.08765e-05
3.33448e-07
1.09542e-05
2.57643e-07
1.10179e-05
1.78627e-07
1.10667e-05
9.75569e-08
1.11002e-05
1.56917e-08
1.11183e-05
-6.50217e-08
1.11216e-05
-1.43023e-07
1.11112e-05
-2.16416e-07
1.10889e-05
-2.83687e-07
1.10568e-05
-3.43578e-07
1.10176e-05
-3.95289e-07
1.09735e-05
-4.3846e-07
1.09268e-05
-4.733e-07
1.08798e-05
-5.00546e-07
1.08341e-05
-5.21254e-07
1.07911e-05
-5.36686e-07
1.07521e-05
-5.48331e-07
1.07182e-05
-5.57937e-07
-5.66818e-07
9.59268e-06
6.28361e-07
9.73473e-06
6.17264e-07
9.8764e-06
5.99437e-07
1.00161e-05
5.74884e-07
1.01521e-05
5.43969e-07
1.02831e-05
5.07035e-07
1.04076e-05
4.64487e-07
1.05244e-05
4.1669e-07
1.06322e-05
3.64184e-07
1.073e-05
3.0737e-07
1.08166e-05
2.46851e-07
1.08911e-05
1.83102e-07
1.09527e-05
1.17069e-07
1.10008e-05
4.94936e-08
1.10351e-05
-1.86438e-08
1.10556e-05
-8.55399e-08
1.10629e-05
-1.50261e-07
1.10578e-05
-2.11383e-07
1.10419e-05
-2.67757e-07
1.10168e-05
-3.18524e-07
1.09846e-05
-3.6304e-07
1.09471e-05
-4.00928e-07
1.09061e-05
-4.32335e-07
1.08634e-05
-4.57858e-07
1.08206e-05
-4.78431e-07
1.07791e-05
-4.95215e-07
1.07402e-05
-5.09398e-07
1.07043e-05
-5.22074e-07
-5.34418e-07
9.54677e-06
4.89105e-07
9.68672e-06
4.77307e-07
9.82594e-06
4.60224e-07
9.96283e-06
4.37994e-07
1.00959e-05
4.10911e-07
1.02237e-05
3.79179e-07
1.03451e-05
3.43135e-07
1.04587e-05
3.03077e-07
1.05634e-05
2.59457e-07
1.06582e-05
2.12613e-07
1.0742e-05
1.62994e-07
1.08141e-05
1.11052e-07
1.08735e-05
5.76641e-08
1.09203e-05
2.67254e-09
1.0954e-05
-5.23583e-08
1.09747e-05
-1.06224e-07
1.09827e-05
-1.58205e-07
1.09785e-05
-2.07199e-07
1.09635e-05
-2.52779e-07
1.09392e-05
-2.94201e-07
1.09071e-05
-3.30996e-07
1.08691e-05
-3.62862e-07
1.08266e-05
-3.89893e-07
1.07813e-05
-4.12561e-07
1.07345e-05
-4.31632e-07
1.06874e-05
-4.48086e-07
1.0641e-05
-4.62988e-07
1.05963e-05
-4.77375e-07
-4.9232e-07
9.31237e-06
3.43305e-07
9.45777e-06
3.31901e-07
9.60128e-06
3.1672e-07
9.74141e-06
2.97856e-07
9.87683e-06
2.75498e-07
1.00062e-05
2.49856e-07
1.01281e-05
2.21146e-07
1.02416e-05
1.89614e-07
1.03453e-05
1.55763e-07
1.04381e-05
1.19833e-07
1.05194e-05
8.16336e-08
1.05884e-05
4.2138e-08
1.06431e-05
2.92971e-09
1.06853e-05
-3.95416e-08
1.07127e-05
-7.97181e-08
1.07256e-05
-1.19209e-07
1.07249e-05
-1.57446e-07
1.07113e-05
-1.93566e-07
1.06858e-05
-2.27357e-07
1.06498e-05
-2.58211e-07
1.06046e-05
-2.85719e-07
1.05513e-05
-3.09602e-07
1.04913e-05
-3.2993e-07
1.04259e-05
-3.4713e-07
1.03561e-05
-3.6186e-07
1.0283e-05
-3.74961e-07
1.02074e-05
-3.87383e-07
1.01302e-05
-4.00183e-07
-4.14262e-07
8.42903e-06
1.69394e-07
8.59896e-06
1.61974e-07
8.76334e-06
1.5233e-07
8.92068e-06
1.40524e-07
9.06949e-06
1.26683e-07
9.2084e-06
1.10945e-07
9.33614e-06
9.34104e-08
9.45181e-06
7.39448e-08
9.55396e-06
5.36145e-08
9.64101e-06
3.27754e-08
9.71296e-06
9.6815e-09
9.76679e-06
-1.16896e-08
9.80329e-06
-3.35664e-08
9.8209e-06
-5.71519e-08
9.82012e-06
-7.8939e-08
9.80124e-06
-1.00334e-07
9.76471e-06
-1.20914e-07
9.71146e-06
-1.40309e-07
9.64253e-06
-1.58431e-07
9.55946e-06
-1.75143e-07
9.46363e-06
-1.8989e-07
9.35632e-06
-2.02291e-07
9.23888e-06
-2.12486e-07
9.11257e-06
-2.20823e-07
8.97847e-06
-2.2776e-07
8.83736e-06
-2.33851e-07
8.68972e-06
-2.39745e-07
8.53554e-06
-2.46005e-07
-2.53462e-07
5.54967e-06
5.71165e-06
5.86398e-06
6.0045e-06
6.13119e-06
6.24213e-06
6.33554e-06
6.40949e-06
6.4631e-06
6.49588e-06
6.50556e-06
6.49387e-06
6.4603e-06
6.40315e-06
6.32421e-06
6.22388e-06
6.10296e-06
5.96266e-06
5.80422e-06
5.62908e-06
5.43919e-06
5.2369e-06
5.02441e-06
4.80359e-06
4.57583e-06
4.34198e-06
4.10223e-06
3.85623e-06
7.38822e-06
-5.48482e-11
7.38887e-06
-1.78541e-10
7.38995e-06
-3.16746e-10
7.39145e-06
-4.67599e-10
7.39337e-06
-6.29488e-10
7.39568e-06
-8.00837e-10
7.39837e-06
-9.80081e-10
-1.16567e-09
7.38822e-06
-2.72037e-10
7.38887e-06
-8.28864e-10
7.38995e-06
-1.39635e-09
7.39145e-06
-1.96865e-09
7.39336e-06
-2.5412e-09
7.39567e-06
-3.10999e-09
7.39836e-06
-3.67139e-09
7.40142e-06
-4.22211e-09
7.40482e-06
-4.75926e-09
7.40855e-06
-5.28045e-09
7.41259e-06
-5.78371e-09
7.41691e-06
-6.26746e-09
7.42151e-06
-6.7305e-09
7.42635e-06
-7.17196e-09
7.43141e-06
-7.59127e-09
7.43669e-06
-7.98808e-09
7.44215e-06
-8.3623e-09
7.44779e-06
-8.71403e-09
7.45358e-06
-9.04355e-09
7.45951e-06
-9.35134e-09
7.46555e-06
-9.638e-09
7.4717e-06
-9.90435e-09
7.47795e-06
-1.01513e-08
7.48426e-06
-1.03801e-08
7.49063e-06
-1.05919e-08
7.49705e-06
-1.07882e-08
7.5035e-06
-1.09708e-08
7.50997e-06
-1.11412e-08
7.51644e-06
-1.13022e-08
7.5229e-06
-1.14552e-08
7.52933e-06
-1.1603e-08
7.53573e-06
-1.17473e-08
7.54207e-06
-1.18912e-08
7.54835e-06
-1.20371e-08
7.55456e-06
-1.21881e-08
7.56067e-06
-1.23465e-08
7.56667e-06
-1.25157e-08
7.57256e-06
-1.26981e-08
7.57831e-06
-1.28975e-08
7.58392e-06
-1.31159e-08
7.58937e-06
-1.33573e-08
7.59465e-06
-1.36237e-08
7.59974e-06
-1.39193e-08
7.60463e-06
-1.42459e-08
7.60931e-06
-1.46077e-08
7.61375e-06
-1.50061e-08
7.61795e-06
-1.54462e-08
7.62189e-06
-1.59272e-08
7.62555e-06
-1.64576e-08
7.62891e-06
-1.70305e-08
7.63196e-06
-1.76636e-08
7.63467e-06
-1.83364e-08
7.63702e-06
-1.90832e-08
7.63899e-06
-1.98665e-08
7.64055e-06
-2.0736e-08
7.64168e-06
-2.16424e-08
7.64235e-06
-2.2649e-08
7.64251e-06
-2.36551e-08
7.64212e-06
-2.47499e-08
7.64115e-06
-2.59084e-08
7.63953e-06
-2.71333e-08
7.63722e-06
-2.84258e-08
7.63414e-06
-2.97826e-08
7.63023e-06
-3.12006e-08
7.6254e-06
-3.26779e-08
7.61955e-06
-3.42132e-08
7.61258e-06
-3.58045e-08
7.60437e-06
-3.74483e-08
7.59478e-06
-3.91398e-08
7.58364e-06
-4.08722e-08
7.57078e-06
-4.26362e-08
7.55599e-06
-4.44201e-08
7.53901e-06
-4.62089e-08
7.51957e-06
-4.79838e-08
7.49733e-06
-4.97215e-08
7.47191e-06
-5.13927e-08
7.44286e-06
-5.296e-08
7.40965e-06
-5.43769e-08
7.37165e-06
-5.55843e-08
7.32814e-06
-5.65074e-08
7.27824e-06
-5.70511e-08
7.22088e-06
-5.70962e-08
7.1548e-06
-5.6464e-08
7.07845e-06
-5.49718e-08
6.98994e-06
-5.23449e-08
6.88696e-06
-4.82316e-08
6.76663e-06
-4.21715e-08
6.62535e-06
-3.35546e-08
6.4586e-06
-2.15773e-08
6.2607e-06
-5.22018e-09
6.02435e-06
1.70511e-08
5.74035e-06
4.69702e-08
5.39702e-06
8.69264e-08
4.97972e-06
1.39822e-07
4.47057e-06
2.08969e-07
3.84877e-06
2.9756e-07
3.09233e-06
4.07535e-07
2.18422e-06
5.35972e-07
1.12091e-06
6.71933e-07
7.30854e-07
7.38822e-06
-4.90548e-10
7.38887e-06
-1.4833e-09
7.38996e-06
-2.48261e-09
7.39147e-06
-3.47863e-09
7.39339e-06
-4.46371e-09
7.39571e-06
-5.43143e-09
7.39842e-06
-6.37604e-09
7.40149e-06
-7.29252e-09
7.40491e-06
-8.17666e-09
7.40865e-06
-9.02515e-09
7.4127e-06
-9.83548e-09
7.41704e-06
-1.06058e-08
7.42165e-06
-1.13351e-08
7.4265e-06
-1.20226e-08
7.43157e-06
-1.26681e-08
7.43686e-06
-1.32718e-08
7.44233e-06
-1.38342e-08
7.44797e-06
-1.4356e-08
7.45376e-06
-1.4838e-08
7.45969e-06
-1.52814e-08
7.46574e-06
-1.56873e-08
7.4719e-06
-1.60571e-08
7.47814e-06
-1.63921e-08
7.48445e-06
-1.66938e-08
7.49082e-06
-1.69641e-08
7.49724e-06
-1.72045e-08
7.50369e-06
-1.7417e-08
7.51015e-06
-1.76035e-08
7.51661e-06
-1.77667e-08
7.52307e-06
-1.79081e-08
7.52949e-06
-1.8031e-08
7.53588e-06
-1.81368e-08
7.54222e-06
-1.82285e-08
7.54849e-06
-1.83089e-08
7.55468e-06
-1.83807e-08
7.56078e-06
-1.84466e-08
7.56678e-06
-1.85097e-08
7.57265e-06
-1.85726e-08
7.57839e-06
-1.86387e-08
7.58399e-06
-1.87104e-08
7.58942e-06
-1.87912e-08
7.59468e-06
-1.88835e-08
7.59975e-06
-1.89906e-08
7.60462e-06
-1.91149e-08
7.60927e-06
-1.92594e-08
7.61369e-06
-1.94263e-08
7.61787e-06
-1.96183e-08
7.62178e-06
-1.9837e-08
7.6254e-06
-2.00855e-08
7.62874e-06
-2.03627e-08
7.63175e-06
-2.06751e-08
7.63443e-06
-2.10143e-08
7.63674e-06
-2.13969e-08
7.63867e-06
-2.17963e-08
7.64019e-06
-2.22538e-08
7.64126e-06
-2.27117e-08
7.64186e-06
-2.32537e-08
7.64197e-06
-2.37665e-08
7.64154e-06
-2.43131e-08
7.64051e-06
-2.48787e-08
7.63883e-06
-2.54586e-08
7.63645e-06
-2.60483e-08
7.63331e-06
-2.66388e-08
7.62933e-06
-2.72195e-08
7.62443e-06
-2.77792e-08
7.61852e-06
-2.83051e-08
7.6115e-06
-2.87823e-08
7.60324e-06
-2.91915e-08
7.59361e-06
-2.95098e-08
7.58245e-06
-2.97098e-08
7.56957e-06
-2.97585e-08
7.55477e-06
-2.96174e-08
7.5378e-06
-2.92395e-08
7.51839e-06
-2.85687e-08
7.4962e-06
-2.75376e-08
7.47087e-06
-2.60642e-08
7.44196e-06
-2.40472e-08
7.40895e-06
-2.13658e-08
7.37123e-06
-1.78691e-08
7.3281e-06
-1.33701e-08
7.27868e-06
-7.63701e-09
7.22201e-06
-4.20003e-10
7.15679e-06
8.74903e-09
7.08159e-06
2.02277e-08
6.9946e-06
3.46471e-08
6.89361e-06
5.27592e-08
6.7759e-06
7.55423e-08
6.63807e-06
1.0427e-07
6.47589e-06
1.40605e-07
6.28394e-06
1.86733e-07
6.05546e-06
2.45533e-07
5.78171e-06
3.20716e-07
5.45155e-06
4.1709e-07
5.05068e-06
5.40691e-07
4.56101e-06
6.98637e-07
3.96022e-06
8.98347e-07
3.22213e-06
1.14563e-06
2.32109e-06
1.43701e-06
1.23381e-06
1.75921e-06
1.96466e-06
7.38822e-06
-7.11669e-10
7.38888e-06
-2.14686e-09
7.38999e-06
-3.58368e-09
7.39152e-06
-5.00855e-09
7.39346e-06
-6.41063e-09
7.39581e-06
-7.7809e-09
7.39855e-06
-9.1115e-09
7.40165e-06
-1.03957e-08
7.4051e-06
-1.1628e-08
7.40888e-06
-1.28042e-08
7.41297e-06
-1.39215e-08
7.41734e-06
-1.49778e-08
7.42198e-06
-1.59722e-08
7.42686e-06
-1.69042e-08
7.43196e-06
-1.77743e-08
7.43728e-06
-1.85832e-08
7.44277e-06
-1.93319e-08
7.44844e-06
-2.00218e-08
7.45426e-06
-2.06546e-08
7.46021e-06
-2.12318e-08
7.46627e-06
-2.17553e-08
7.47244e-06
-2.22269e-08
7.4787e-06
-2.26484e-08
7.48503e-06
-2.30219e-08
7.49141e-06
-2.33493e-08
7.49784e-06
-2.36327e-08
7.5043e-06
-2.38742e-08
7.51077e-06
-2.40759e-08
7.51724e-06
-2.42403e-08
7.52371e-06
-2.43697e-08
7.53014e-06
-2.44664e-08
7.53654e-06
-2.45329e-08
7.54288e-06
-2.45719e-08
7.54916e-06
-2.45858e-08
7.55535e-06
-2.45776e-08
7.56146e-06
-2.455e-08
7.56745e-06
-2.4506e-08
7.57333e-06
-2.44483e-08
7.57907e-06
-2.438e-08
7.58467e-06
-2.43038e-08
7.5901e-06
-2.42228e-08
7.59535e-06
-2.41395e-08
7.60042e-06
-2.40569e-08
7.60528e-06
-2.39774e-08
7.60993e-06
-2.39033e-08
7.61434e-06
-2.38371e-08
7.6185e-06
-2.37802e-08
7.6224e-06
-2.37346e-08
7.62601e-06
-2.37011e-08
7.62933e-06
-2.36805e-08
7.63233e-06
-2.3673e-08
7.63499e-06
-2.36778e-08
7.63729e-06
-2.36946e-08
7.63921e-06
-2.37193e-08
7.64071e-06
-2.37546e-08
7.64179e-06
-2.37853e-08
7.64236e-06
-2.38242e-08
7.64244e-06
-2.38478e-08
7.64198e-06
-2.38544e-08
7.64093e-06
-2.38332e-08
7.63925e-06
-2.37755e-08
7.63687e-06
-2.36714e-08
7.63374e-06
-2.35075e-08
7.62979e-06
-2.32658e-08
7.62493e-06
-2.29243e-08
7.61909e-06
-2.24578e-08
7.61214e-06
-2.1838e-08
7.60398e-06
-2.10315e-08
7.59447e-06
-1.99995e-08
7.58346e-06
-1.86955e-08
7.57076e-06
-1.70651e-08
7.55619e-06
-1.50437e-08
7.5395e-06
-1.25536e-08
7.52044e-06
-9.5042e-09
7.49869e-06
-5.78623e-09
7.4739e-06
-1.27059e-09
7.44564e-06
4.20786e-09
7.41344e-06
1.08345e-08
7.37673e-06
1.88455e-08
7.33483e-06
2.85271e-08
7.28696e-06
4.02314e-08
7.23215e-06
5.43932e-08
7.16932e-06
7.15775e-08
7.0971e-06
9.24494e-08
7.01386e-06
1.17885e-07
6.91762e-06
1.48994e-07
6.80597e-06
1.87197e-07
6.6759e-06
2.34335e-07
6.52371e-06
2.92802e-07
6.34471e-06
3.65733e-07
6.13299e-06
4.57253e-07
5.8809e-06
5.728e-07
5.57848e-06
7.19511e-07
5.21245e-06
9.0672e-07
4.76486e-06
1.14623e-06
4.21055e-06
1.45266e-06
3.51388e-06
1.84229e-06
2.61904e-06
2.33185e-06
1.43941e-06
2.93885e-06
3.40407e-06
7.38823e-06
-9.37389e-10
7.3889e-06
-2.82473e-09
7.39003e-06
-4.70809e-09
7.39159e-06
-6.56998e-09
7.39357e-06
-8.39613e-09
7.39597e-06
-1.01748e-08
7.39875e-06
-1.1896e-08
7.40191e-06
-1.35511e-08
7.40541e-06
-1.51337e-08
7.40925e-06
-1.66387e-08
7.41339e-06
-1.80629e-08
7.41782e-06
-1.94044e-08
7.42251e-06
-2.06625e-08
7.42744e-06
-2.18374e-08
7.4326e-06
-2.29298e-08
7.43795e-06
-2.39414e-08
7.4435e-06
-2.4874e-08
7.4492e-06
-2.57297e-08
7.45506e-06
-2.65107e-08
7.46105e-06
-2.72194e-08
7.46715e-06
-2.78583e-08
7.47335e-06
-2.84296e-08
7.47964e-06
-2.89359e-08
7.486e-06
-2.93794e-08
7.49241e-06
-2.97626e-08
7.49887e-06
-3.00876e-08
7.50535e-06
-3.03568e-08
7.51185e-06
-3.05727e-08
7.51834e-06
-3.07373e-08
7.52483e-06
-3.08537e-08
7.53128e-06
-3.09237e-08
7.5377e-06
-3.095e-08
7.54406e-06
-3.09352e-08
7.55036e-06
-3.08818e-08
7.55658e-06
-3.07928e-08
7.5627e-06
-3.06707e-08
7.56871e-06
-3.05187e-08
7.5746e-06
-3.03392e-08
7.58036e-06
-3.01355e-08
7.58596e-06
-2.99102e-08
7.59141e-06
-2.96662e-08
7.59667e-06
-2.94062e-08
7.60175e-06
-2.91326e-08
7.60662e-06
-2.88481e-08
7.61127e-06
-2.85545e-08
7.61569e-06
-2.8254e-08
7.61985e-06
-2.79476e-08
7.62376e-06
-2.76367e-08
7.62738e-06
-2.73213e-08
7.6307e-06
-2.70019e-08
7.6337e-06
-2.66764e-08
7.63637e-06
-2.6345e-08
7.63868e-06
-2.60015e-08
7.6406e-06
-2.56484e-08
7.64212e-06
-2.52677e-08
7.64321e-06
-2.48769e-08
7.64379e-06
-2.4406e-08
7.64389e-06
-2.39446e-08
7.64346e-06
-2.3423e-08
7.64245e-06
-2.28313e-08
7.64083e-06
-2.21546e-08
7.63854e-06
-2.13752e-08
7.6355e-06
-2.04736e-08
7.63166e-06
-1.94254e-08
7.62694e-06
-1.8201e-08
7.62125e-06
-1.67654e-08
7.61449e-06
-1.50785e-08
7.60655e-06
-1.30936e-08
7.59731e-06
-1.07561e-08
7.58661e-06
-8.00155e-09
7.5743e-06
-4.75546e-09
7.56019e-06
-9.3078e-10
7.54406e-06
3.58048e-09
7.52565e-06
8.89832e-09
7.5047e-06
1.51706e-08
7.48085e-06
2.25726e-08
7.45375e-06
3.13153e-08
7.42293e-06
4.16504e-08
7.38789e-06
5.38846e-08
7.34803e-06
6.83913e-08
7.30263e-06
8.56266e-08
7.25087e-06
1.06152e-07
7.19178e-06
1.30668e-07
7.12419e-06
1.60041e-07
7.04671e-06
1.9536e-07
6.9577e-06
2.38008e-07
6.85515e-06
2.89744e-07
6.73666e-06
3.52832e-07
6.59926e-06
4.30203e-07
6.4393e-06
5.25691e-07
6.2522e-06
6.44349e-07
6.03208e-06
7.92925e-07
5.77115e-06
9.80441e-07
5.45851e-06
1.21936e-06
5.07859e-06
1.52615e-06
4.6055e-06
1.92575e-06
4.00436e-06
2.44343e-06
3.19675e-06
3.13947e-06
2.15377e-06
3.98182e-06
5.55784e-06
7.38823e-06
7.38893e-06
7.39009e-06
7.39169e-06
7.39373e-06
7.39619e-06
7.39904e-06
7.40227e-06
7.40585e-06
7.40976e-06
7.41398e-06
7.41848e-06
7.42325e-06
7.42826e-06
7.43348e-06
7.43891e-06
7.44451e-06
7.45028e-06
7.45619e-06
7.46223e-06
7.46839e-06
7.47464e-06
7.48097e-06
7.48737e-06
7.49383e-06
7.50033e-06
7.50685e-06
7.51338e-06
7.51992e-06
7.52644e-06
7.53293e-06
7.53939e-06
7.54578e-06
7.55211e-06
7.55836e-06
7.56451e-06
7.57055e-06
7.57648e-06
7.58226e-06
7.58789e-06
7.59336e-06
7.59865e-06
7.60375e-06
7.60865e-06
7.61332e-06
7.61776e-06
7.62195e-06
7.62587e-06
7.62951e-06
7.63285e-06
7.63588e-06
7.63857e-06
7.64091e-06
7.64286e-06
7.64441e-06
7.64552e-06
7.64618e-06
7.64637e-06
7.64603e-06
7.64512e-06
7.64361e-06
7.64144e-06
7.63856e-06
7.6349e-06
7.63039e-06
7.62495e-06
7.61849e-06
7.6109e-06
7.60207e-06
7.59186e-06
7.58012e-06
7.56669e-06
7.55136e-06
7.5339e-06
7.51407e-06
7.49157e-06
7.46605e-06
7.43714e-06
7.40438e-06
7.36727e-06
7.32519e-06
7.27746e-06
7.22328e-06
7.16172e-06
7.09169e-06
7.01192e-06
6.92094e-06
6.81702e-06
6.69815e-06
6.56194e-06
6.40555e-06
6.22551e-06
6.0175e-06
5.77524e-06
5.49022e-06
5.14197e-06
4.7004e-06
4.01714e-06
2.91331e-06
)
;

boundaryField
{
    inlet
    {
        type            calculated;
        value           nonuniform List<scalar> 
26
(
-7.388e-06
-7.388e-06
-7.388e-06
-7.388e-06
-7.388e-06
-7.388e-06
-7.388e-06
-7.388e-06
-7.388e-06
-7.388e-06
-7.388e-06
-7.388e-06
-7.388e-06
-7.388e-06
-7.388e-06
-7.388e-06
-7.388e-06
-7.388e-06
-7.388e-06
-7.388e-06
-7.388e-06
-7.388e-06
-7.388e-06
-7.388e-06
-7.388e-06
-7.388e-06
)
;
    }
    outlet
    {
        type            calculated;
        value           nonuniform List<scalar> 0();
    }
    topWall
    {
        type            calculated;
        value           uniform 0;
    }
    lowerWall
    {
        type            calculated;
        value           nonuniform List<scalar> 0();
    }
    leadingEdge
    {
        type            calculated;
        value           uniform 0;
    }
    trailingEdge
    {
        type            calculated;
        value           nonuniform List<scalar> 0();
    }
    upperSurface
    {
        type            calculated;
        value           uniform 0;
    }
    lowerSurface
    {
        type            calculated;
        value           nonuniform List<scalar> 0();
    }
    frontAndBack
    {
        type            empty;
        value           nonuniform List<scalar> 0();
    }
    procBoundary4to0
    {
        type            processor;
        value           nonuniform List<scalar> 
101
(
-1.62227e-10
-4.72521e-10
-7.64084e-10
-1.03525e-09
-1.28463e-09
-1.51136e-09
-1.71495e-09
-1.8952e-09
7.40143e-06
1.35607e-09
1.54984e-09
1.74557e-09
1.94199e-09
2.13791e-09
2.33229e-09
2.52419e-09
2.71284e-09
2.89759e-09
3.07797e-09
3.2537e-09
3.42465e-09
3.5909e-09
3.75274e-09
3.91067e-09
4.06541e-09
4.21791e-09
4.36934e-09
4.52119e-09
4.67481e-09
4.83283e-09
4.99651e-09
5.16847e-09
5.35061e-09
5.54597e-09
5.75654e-09
5.98585e-09
6.23574e-09
6.51031e-09
6.81099e-09
7.14268e-09
7.50616e-09
7.9072e-09
8.34593e-09
8.82892e-09
9.35558e-09
9.93367e-09
1.05609e-08
1.12481e-08
1.19884e-08
1.27999e-08
1.36659e-08
1.46168e-08
1.5625e-08
1.67287e-08
1.78986e-08
1.91743e-08
2.05199e-08
2.19753e-08
2.34943e-08
2.51358e-08
2.68859e-08
2.87504e-08
3.07379e-08
3.28558e-08
3.51107e-08
3.75098e-08
4.00614e-08
4.27749e-08
4.56615e-08
4.87338e-08
5.20062e-08
5.54941e-08
5.92145e-08
6.31855e-08
6.74272e-08
7.19616e-08
7.6814e-08
8.2012e-08
8.75873e-08
9.35757e-08
1.00018e-07
1.06959e-07
1.14451e-07
1.2255e-07
1.31323e-07
1.40848e-07
1.5121e-07
1.62503e-07
1.74836e-07
1.8833e-07
2.03117e-07
2.19299e-07
2.37029e-07
2.56406e-07
2.77476e-07
3.00184e-07
3.24238e-07
3.48903e-07
3.72146e-07
3.91375e-07
3.90054e-07
)
;
    }
    procBoundary4to5
    {
        type            processor;
        value           nonuniform List<scalar> 
20
(
1.62344e-06
3.36663e-06
6.36894e-06
8.61789e-06
9.73036e-06
1.0218e-05
1.04202e-05
1.04885e-05
1.05267e-05
1.05756e-05
1.0615e-05
1.06445e-05
1.06659e-05
1.06825e-05
1.06901e-05
1.06719e-05
1.05542e-05
1.00522e-05
8.37474e-06
3.60277e-06
)
;
    }
}


// ************************************************************************* //
