/*--------------------------------*- C++ -*----------------------------------*\
| =========                 |                                                 |
| \\      /  F ield         | OpenFOAM: The Open Source CFD Toolbox           |
|  \\    /   O peration     | Version:  2206                                  |
|   \\  /    A nd           | Website:  www.openfoam.com                      |
|    \\/     M anipulation  |                                                 |
\*---------------------------------------------------------------------------*/
FoamFile
{
    version     2.0;
    format      ascii;
    arch        "LSB;label=32;scalar=64";
    class       surfaceScalarField;
    location    "18.9999";
    object      phi;
}
// * * * * * * * * * * * * * * * * * * * * * * * * * * * * * * * * * * * * * //

dimensions      [0 3 -1 0 0 0 0];

oriented        oriented;

internalField   nonuniform List<scalar> 
3579
(
4.43322e-06
1.40779e-09
-1.82377e-09
4.43447e-06
4.23117e-09
-5.48284e-09
4.43651e-06
6.95746e-09
-8.99983e-09
4.43926e-06
9.51306e-09
-1.2268e-08
4.44264e-06
1.18521e-08
-1.5228e-08
4.44655e-06
1.39593e-08
-1.78694e-08
4.45092e-06
1.58385e-08
-2.02074e-08
4.45568e-06
1.75017e-08
-2.22636e-08
4.46078e-06
1.89639e-08
-2.4061e-08
4.46616e-06
2.02428e-08
-2.56251e-08
4.47179e-06
2.13582e-08
-2.6984e-08
4.47762e-06
2.233e-08
-2.8165e-08
4.48364e-06
2.31771e-08
-2.91928e-08
4.48981e-06
2.3916e-08
-3.00891e-08
4.49612e-06
2.45613e-08
-3.0872e-08
4.50255e-06
2.51251e-08
-3.15568e-08
4.50909e-06
2.56177e-08
-3.21557e-08
4.51572e-06
2.60475e-08
-3.2679e-08
4.52244e-06
2.64216e-08
-3.31353e-08
4.52922e-06
2.67456e-08
-3.35311e-08
4.53607e-06
2.70239e-08
-3.38719e-08
4.54297e-06
2.72602e-08
-3.41616e-08
4.54992e-06
2.7457e-08
-3.44032e-08
4.5569e-06
2.76161e-08
-3.45991e-08
4.56391e-06
2.77391e-08
-3.47505e-08
4.57094e-06
2.78265e-08
-3.48582e-08
4.57799e-06
2.78788e-08
-3.49224e-08
4.58503e-06
2.7896e-08
-3.49432e-08
4.59208e-06
2.78782e-08
-3.49203e-08
4.5991e-06
2.78247e-08
-3.48532e-08
4.60611e-06
2.77354e-08
-3.47412e-08
4.61308e-06
2.76096e-08
-3.45832e-08
4.62002e-06
2.74469e-08
-3.43785e-08
4.6269e-06
2.72469e-08
-3.41266e-08
4.63371e-06
2.701e-08
-3.38278e-08
4.64046e-06
2.67365e-08
-3.34824e-08
4.64712e-06
2.64272e-08
-3.30916e-08
4.6537e-06
2.6083e-08
-3.26565e-08
4.66017e-06
2.57054e-08
-3.21789e-08
4.66654e-06
2.52958e-08
-3.16607e-08
4.67278e-06
2.48561e-08
-3.11041e-08
4.67891e-06
2.43883e-08
-3.05118e-08
4.6849e-06
2.38948e-08
-2.98866e-08
4.69075e-06
2.33776e-08
-2.92317e-08
4.69646e-06
2.28395e-08
-2.85498e-08
4.70202e-06
2.22824e-08
-2.78439e-08
4.70743e-06
2.1709e-08
-2.71169e-08
4.71268e-06
2.11216e-08
-2.63721e-08
4.71777e-06
2.05228e-08
-2.56126e-08
4.7227e-06
1.99143e-08
-2.48411e-08
4.72746e-06
1.92985e-08
-2.40605e-08
4.73206e-06
1.8676e-08
-2.32721e-08
4.73649e-06
1.80481e-08
-2.24766e-08
4.74075e-06
1.74136e-08
-2.16736e-08
4.74484e-06
1.67729e-08
-2.08621e-08
4.74875e-06
1.61234e-08
-2.00405e-08
4.75249e-06
1.54643e-08
-1.9206e-08
4.75606e-06
1.47911e-08
-1.83552e-08
4.75944e-06
1.41015e-08
-1.74825e-08
4.76263e-06
1.33886e-08
-1.65825e-08
4.76563e-06
1.26475e-08
-1.56463e-08
4.76843e-06
1.18693e-08
-1.46652e-08
4.77101e-06
1.10451e-08
-1.36266e-08
4.77336e-06
1.01628e-08
-1.25172e-08
4.77547e-06
9.21014e-09
-1.13201e-08
4.77732e-06
8.16801e-09
-1.00171e-08
4.77888e-06
7.0242e-09
-8.58522e-09
4.78014e-06
5.75044e-09
-7.00379e-09
4.78104e-06
4.34125e-09
-5.24329e-09
4.78155e-06
2.75158e-09
-3.26189e-09
4.78162e-06
9.48114e-10
-1.02164e-09
4.7812e-06
-1.10911e-09
1.52972e-09
4.78022e-06
-3.46876e-09
4.44807e-09
4.77861e-06
-6.18801e-09
7.8014e-09
4.77627e-06
-9.33421e-09
1.167e-08
4.77311e-06
-1.29883e-08
1.61504e-08
4.769e-06
-1.72487e-08
2.13588e-08
4.7638e-06
-2.22338e-08
2.74347e-08
4.75734e-06
-2.80877e-08
3.45463e-08
4.74943e-06
-3.49851e-08
4.28971e-08
4.73984e-06
-4.31406e-08
5.27355e-08
4.72829e-06
-5.28181e-08
6.43654e-08
4.71447e-06
-6.43443e-08
7.81611e-08
4.69801e-06
-7.81258e-08
9.45856e-08
4.67847e-06
-9.46714e-08
1.14214e-07
4.65532e-06
-1.14621e-07
1.37767e-07
4.62796e-06
-1.38787e-07
1.66149e-07
4.59566e-06
-1.682e-07
2.00505e-07
4.55755e-06
-2.04186e-07
2.42292e-07
4.51263e-06
-2.48457e-07
2.9338e-07
4.45968e-06
-3.03241e-07
3.56192e-07
4.39725e-06
-3.71463e-07
4.33892e-07
4.32358e-06
-4.56983e-07
5.30647e-07
4.23648e-06
-5.64968e-07
6.52072e-07
4.13313e-06
-7.02331e-07
8.0568e-07
4.00926e-06
-8.78686e-07
1.00256e-06
3.85888e-06
-1.10663e-06
1.257e-06
3.66678e-06
-1.40574e-06
1.59784e-06
3.41141e-06
-1.79601e-06
2.05138e-06
2.97125e-06
-2.32677e-06
2.76692e-06
2.20733e-06
-2.96871e-06
3.73263e-06
-4.232e-06
6.43934e-06
4.43318e-06
1.02839e-09
4.43432e-06
3.0903e-09
4.43619e-06
5.08751e-09
4.43873e-06
6.97053e-09
4.44188e-06
8.70653e-09
4.44556e-06
1.02814e-08
4.4497e-06
1.16942e-08
4.45425e-06
1.29507e-08
4.45916e-06
1.40602e-08
4.46436e-06
1.50343e-08
4.46984e-06
1.58865e-08
4.47554e-06
1.66305e-08
4.48143e-06
1.72799e-08
4.4875e-06
1.78467e-08
4.49372e-06
1.83416e-08
4.50007e-06
1.87739e-08
4.50654e-06
1.91512e-08
4.51311e-06
1.94802e-08
4.51976e-06
1.97662e-08
4.52649e-06
2.00136e-08
4.53329e-06
2.02259e-08
4.54015e-06
2.0406e-08
4.54705e-06
2.05559e-08
4.55399e-06
2.06771e-08
4.56095e-06
2.07708e-08
4.56794e-06
2.08375e-08
4.57494e-06
2.08778e-08
4.58195e-06
2.08917e-08
4.58895e-06
2.0879e-08
4.59593e-06
2.08398e-08
4.60289e-06
2.07738e-08
4.60982e-06
2.06806e-08
4.61671e-06
2.056e-08
4.62355e-06
2.04119e-08
4.63032e-06
2.02364e-08
4.63702e-06
2.00339e-08
4.64364e-06
1.98049e-08
4.65018e-06
1.95502e-08
4.65661e-06
1.92709e-08
4.66294e-06
1.8968e-08
4.66915e-06
1.86431e-08
4.67524e-06
1.82975e-08
4.6812e-06
1.7933e-08
4.68703e-06
1.75513e-08
4.69272e-06
1.71542e-08
4.69825e-06
1.67435e-08
4.70364e-06
1.6321e-08
4.70888e-06
1.58886e-08
4.71395e-06
1.54479e-08
4.71886e-06
1.50007e-08
4.72361e-06
1.45481e-08
4.7282e-06
1.40912e-08
4.73262e-06
1.36303e-08
4.73687e-06
1.31655e-08
4.74094e-06
1.26963e-08
4.74484e-06
1.22216e-08
4.74857e-06
1.17403e-08
4.75211e-06
1.12494e-08
4.75546e-06
1.07471e-08
4.75862e-06
1.02281e-08
4.76158e-06
9.68974e-09
4.76433e-06
9.12385e-09
4.76685e-06
8.52592e-09
4.76912e-06
7.88473e-09
4.77114e-06
7.19282e-09
4.77288e-06
6.43387e-09
4.7743e-06
5.59859e-09
4.77539e-06
4.66272e-09
4.77611e-06
3.62577e-09
4.77639e-06
2.46892e-09
4.77619e-06
1.14342e-09
4.77545e-06
-3.70352e-10
4.7741e-06
-2.1119e-09
4.77204e-06
-4.12612e-09
4.76917e-06
-6.46441e-09
4.76537e-06
-9.18917e-09
4.76049e-06
-1.23768e-08
4.75438e-06
-1.61202e-08
4.74683e-06
-2.05321e-08
4.73759e-06
-2.57504e-08
4.72639e-06
-3.19447e-08
4.7129e-06
-3.9325e-08
4.69671e-06
-4.81522e-08
4.67734e-06
-5.87527e-08
4.6542e-06
-7.15369e-08
4.6266e-06
-8.70241e-08
4.59369e-06
-1.05875e-07
4.55443e-06
-1.28935e-07
4.50754e-06
-1.57296e-07
4.45145e-06
-1.92369e-07
4.38421e-06
-2.35999e-07
4.30334e-06
-2.90598e-07
4.2057e-06
-3.59341e-07
4.08714e-06
-4.46405e-07
3.94208e-06
-5.5727e-07
3.76249e-06
-6.99094e-07
3.53674e-06
-8.80886e-07
3.2451e-06
-1.11409e-06
2.86046e-06
-1.41137e-06
2.31939e-06
-1.7857e-06
1.6001e-06
-2.24942e-06
-2.63191e-06
4.43315e-06
6.73396e-10
4.43422e-06
2.02331e-09
4.43598e-06
3.33348e-09
4.43837e-06
4.57331e-09
4.44136e-06
5.72175e-09
4.44487e-06
6.76861e-09
4.44885e-06
7.71159e-09
4.45325e-06
8.55315e-09
4.45801e-06
9.29851e-09
4.46309e-06
9.95471e-09
4.46845e-06
1.053e-08
4.47405e-06
1.10331e-08
4.47985e-06
1.14726e-08
4.48584e-06
1.18564e-08
4.49199e-06
1.21916e-08
4.49828e-06
1.24843e-08
4.50469e-06
1.27397e-08
4.51121e-06
1.29623e-08
4.51782e-06
1.31557e-08
4.52451e-06
1.33229e-08
4.53127e-06
1.34665e-08
4.53809e-06
1.35882e-08
4.54496e-06
1.36896e-08
4.55186e-06
1.37717e-08
4.5588e-06
1.38354e-08
4.56575e-06
1.3881e-08
4.57272e-06
1.3909e-08
4.5797e-06
1.39196e-08
4.58666e-06
1.39121e-08
4.59361e-06
1.38874e-08
4.60054e-06
1.38449e-08
4.60744e-06
1.37844e-08
4.61429e-06
1.37059e-08
4.6211e-06
1.36094e-08
4.62784e-06
1.34948e-08
4.63451e-06
1.33627e-08
4.6411e-06
1.32131e-08
4.6476e-06
1.3047e-08
4.65401e-06
1.28645e-08
4.66031e-06
1.26671e-08
4.6665e-06
1.24551e-08
4.67257e-06
1.223e-08
4.67851e-06
1.19926e-08
4.68431e-06
1.17445e-08
4.68998e-06
1.14865e-08
4.69551e-06
1.12203e-08
4.70088e-06
1.09467e-08
4.7061e-06
1.06675e-08
4.71117e-06
1.03833e-08
4.71607e-06
1.0096e-08
4.72081e-06
9.80542e-09
4.72539e-06
9.5137e-09
4.7298e-06
9.21963e-09
4.73404e-06
8.92515e-09
4.73811e-06
8.62815e-09
4.742e-06
8.33003e-09
4.74571e-06
8.02822e-09
4.74924e-06
7.72276e-09
4.75258e-06
7.41112e-09
4.75571e-06
7.09116e-09
4.75864e-06
6.76043e-09
4.76135e-06
6.41456e-09
4.76383e-06
6.05004e-09
4.76605e-06
5.66088e-09
4.768e-06
5.24098e-09
4.76965e-06
4.78241e-09
4.77098e-06
4.27383e-09
4.77194e-06
3.70447e-09
4.77251e-06
3.05106e-09
4.77263e-06
2.35407e-09
4.77223e-06
1.54012e-09
4.77125e-06
6.08901e-10
4.76961e-06
-4.69016e-10
4.76721e-06
-1.72368e-09
4.76393e-06
-3.18798e-09
4.75964e-06
-4.90339e-09
4.75419e-06
-6.9212e-09
4.74737e-06
-9.30428e-09
4.73897e-06
-1.2129e-08
4.72871e-06
-1.54891e-08
4.71626e-06
-1.95007e-08
4.70125e-06
-2.43078e-08
4.68318e-06
-3.00906e-08
4.66151e-06
-3.70753e-08
4.63552e-06
-4.55475e-08
4.60436e-06
-5.58703e-08
4.567e-06
-6.85076e-08
4.52212e-06
-8.40556e-08
4.46811e-06
-1.03284e-07
4.40293e-06
-1.27196e-07
4.32403e-06
-1.57094e-07
4.22811e-06
-1.94683e-07
4.11096e-06
-2.42187e-07
3.96704e-06
-3.02492e-07
3.78906e-06
-3.79287e-07
3.56713e-06
-4.77159e-07
3.28774e-06
-6.01502e-07
2.93163e-06
-7.5798e-07
2.47094e-06
-9.50676e-07
1.8618e-06
-1.17656e-06
1.03485e-06
-1.42247e-06
-1.59706e-06
4.43314e-06
4.43416e-06
4.43584e-06
4.43815e-06
4.44103e-06
4.44444e-06
3.36151e-09
4.44832e-06
3.83354e-09
4.45262e-06
4.25565e-09
4.45728e-06
4.63016e-09
4.46228e-06
4.96038e-09
4.46756e-06
5.25023e-09
4.47309e-06
5.50394e-09
4.47883e-06
5.7257e-09
4.48477e-06
5.9194e-09
4.49087e-06
6.08857e-09
4.49712e-06
6.23629e-09
4.5035e-06
6.36522e-09
4.50998e-06
6.4776e-09
4.51656e-06
6.57531e-09
4.52323e-06
6.65991e-09
4.52996e-06
6.73263e-09
4.53675e-06
6.79447e-09
4.5436e-06
6.8462e-09
4.55048e-06
6.88839e-09
4.55739e-06
6.92146e-09
4.56433e-06
6.9457e-09
4.57128e-06
6.9612e-09
4.57823e-06
6.96839e-09
4.58517e-06
6.96629e-09
4.5921e-06
6.95617e-09
4.59901e-06
6.93705e-09
4.60589e-06
6.90955e-09
4.61272e-06
6.87308e-09
4.6195e-06
6.82807e-09
4.62622e-06
6.77411e-09
4.63287e-06
6.71198e-09
4.63945e-06
6.64116e-09
4.64593e-06
6.56282e-09
4.65232e-06
6.4764e-09
4.6586e-06
6.38335e-09
4.66477e-06
6.28319e-09
4.67083e-06
6.17748e-09
4.67675e-06
6.06595e-09
4.68255e-06
5.9501e-09
4.6882e-06
5.82991e-09
4.69372e-06
5.70682e-09
4.69908e-06
5.58083e-09
4.7043e-06
5.45357e-09
4.70936e-06
5.32463e-09
4.71426e-06
5.19623e-09
4.71899e-06
5.06699e-09
4.72357e-06
4.93995e-09
4.72797e-06
4.81254e-09
4.73221e-06
4.68839e-09
4.73628e-06
4.56409e-09
4.74016e-06
4.44322e-09
4.74387e-06
4.32228e-09
4.74739e-06
4.20381e-09
4.75071e-06
4.0852e-09
4.75384e-06
3.96667e-09
4.75675e-06
3.84761e-09
4.75944e-06
3.72493e-09
4.76189e-06
3.59973e-09
4.76408e-06
3.46716e-09
4.766e-06
3.32636e-09
4.76761e-06
3.17544e-09
4.76887e-06
3.0056e-09
4.76976e-06
2.82293e-09
4.77022e-06
2.5905e-09
4.77023e-06
2.34437e-09
4.7697e-06
2.06538e-09
4.76857e-06
1.74143e-09
4.76674e-06
1.35671e-09
4.76412e-06
8.98782e-10
4.76058e-06
3.53199e-10
4.75597e-06
-2.99052e-10
4.75013e-06
-1.08154e-09
4.74285e-06
-2.0239e-09
4.73389e-06
-3.16236e-09
4.72294e-06
-4.54188e-09
4.70966e-06
-6.21845e-09
4.69361e-06
-8.26211e-09
4.67428e-06
-1.07612e-08
4.65103e-06
-1.38273e-08
4.62309e-06
-1.76025e-08
4.58949e-06
-2.22683e-08
4.54904e-06
-2.80584e-08
4.50026e-06
-3.5274e-08
4.44128e-06
-4.43066e-08
4.36975e-06
-5.56663e-08
4.28267e-06
-7.0019e-08
4.17623e-06
-8.82341e-08
4.04548e-06
-1.11441e-07
3.88408e-06
-1.41094e-07
3.68382e-06
-1.79021e-07
3.43409e-06
-2.27433e-07
3.1214e-06
-2.88808e-07
2.72888e-06
-3.65468e-07
2.2367e-06
-4.58495e-07
1.6252e-06
-5.65056e-07
8.78168e-07
-6.75438e-07
-7.18887e-07
4.44423e-06
4.44806e-06
4.45231e-06
4.45693e-06
4.46188e-06
4.46712e-06
4.47262e-06
4.47834e-06
4.48425e-06
4.49033e-06
4.49655e-06
4.50291e-06
4.50938e-06
4.51594e-06
4.52259e-06
4.52931e-06
4.53609e-06
4.54293e-06
4.5498e-06
4.5567e-06
4.56363e-06
4.57056e-06
4.5775e-06
4.58444e-06
4.59136e-06
4.59826e-06
4.60512e-06
4.61194e-06
4.61872e-06
4.62543e-06
4.63207e-06
4.63863e-06
4.6451e-06
4.65148e-06
4.65776e-06
4.66392e-06
4.66997e-06
4.67589e-06
4.68168e-06
4.68733e-06
4.69284e-06
4.69821e-06
4.70342e-06
4.70847e-06
4.71337e-06
4.71811e-06
4.72269e-06
4.72709e-06
4.73133e-06
4.7354e-06
4.73928e-06
4.74299e-06
4.74651e-06
4.74983e-06
4.75296e-06
4.75587e-06
4.75855e-06
4.761e-06
4.76318e-06
4.76508e-06
4.76669e-06
4.76793e-06
4.76882e-06
4.76924e-06
4.76918e-06
4.76859e-06
4.76739e-06
4.76549e-06
4.76277e-06
4.75912e-06
4.75438e-06
4.74837e-06
4.74089e-06
4.73167e-06
4.72041e-06
4.70674e-06
4.69021e-06
4.67028e-06
4.64629e-06
4.6174e-06
4.58261e-06
4.54065e-06
4.48994e-06
4.42849e-06
4.35379e-06
4.26262e-06
4.15088e-06
4.01332e-06
3.8432e-06
3.63193e-06
3.36871e-06
3.04023e-06
2.63095e-06
2.12431e-06
1.5069e-06
7.7527e-07
4.38961e-06
4.31913e-08
4.32861e-06
6.09963e-08
4.26319e-06
6.54192e-08
4.19521e-06
6.79821e-08
4.12497e-06
7.02437e-08
4.05284e-06
7.21231e-08
3.97982e-06
7.30197e-08
3.90614e-06
7.36844e-08
3.83213e-06
7.40087e-08
3.75798e-06
7.41561e-08
3.68379e-06
7.41853e-08
3.60969e-06
7.40954e-08
3.53583e-06
7.38632e-08
3.46229e-06
7.35378e-08
3.38912e-06
7.31693e-08
3.31636e-06
7.27605e-08
3.24406e-06
7.23052e-08
3.17226e-06
7.1799e-08
3.10102e-06
7.12412e-08
3.03039e-06
7.06322e-08
2.96041e-06
6.99766e-08
2.89113e-06
6.92785e-08
2.8226e-06
6.85352e-08
2.75484e-06
6.77578e-08
2.68791e-06
6.69293e-08
2.62184e-06
6.6073e-08
2.55662e-06
6.52195e-08
2.4922e-06
6.44149e-08
2.42872e-06
6.34861e-08
2.36638e-06
6.23314e-08
2.30534e-06
6.10442e-08
2.24568e-06
5.96648e-08
2.18748e-06
5.81986e-08
2.13083e-06
5.66508e-08
2.0758e-06
5.50276e-08
2.02246e-06
5.33344e-08
1.97089e-06
5.15762e-08
1.92113e-06
4.97566e-08
1.87325e-06
4.7882e-08
1.82729e-06
4.59617e-08
1.78328e-06
4.40074e-08
1.74125e-06
4.20272e-08
1.70122e-06
4.00283e-08
1.66324e-06
3.79841e-08
1.6273e-06
3.59369e-08
1.59336e-06
3.39429e-08
1.56138e-06
3.19804e-08
1.53133e-06
3.00481e-08
1.50318e-06
2.81567e-08
1.47687e-06
2.63004e-08
1.45238e-06
2.44916e-08
1.42965e-06
2.2734e-08
1.40861e-06
2.10377e-08
1.38921e-06
1.94055e-08
1.37136e-06
1.78427e-08
1.35502e-06
1.6345e-08
1.3401e-06
1.49147e-08
1.32656e-06
1.35424e-08
1.31432e-06
1.22366e-08
1.30334e-06
1.0981e-08
1.29357e-06
9.771e-09
1.28498e-06
8.59186e-09
1.27754e-06
7.4409e-09
1.27124e-06
6.29927e-09
1.26608e-06
5.16536e-09
1.26207e-06
4.00696e-09
1.25924e-06
2.83282e-09
1.25768e-06
1.55287e-09
1.2575e-06
1.78457e-10
1.25881e-06
-1.30125e-09
1.26179e-06
-2.98373e-09
1.26659e-06
-4.79761e-09
1.2733e-06
-6.71461e-09
1.28214e-06
-8.84141e-09
1.29325e-06
-1.11054e-08
1.30703e-06
-1.37794e-08
1.32372e-06
-1.66969e-08
1.34371e-06
-1.99807e-08
1.3674e-06
-2.36966e-08
1.39532e-06
-2.79228e-08
1.42808e-06
-3.27569e-08
1.46633e-06
-3.82534e-08
1.51084e-06
-4.45065e-08
1.56246e-06
-5.16176e-08
1.62216e-06
-5.96964e-08
1.691e-06
-6.88453e-08
1.77017e-06
-7.91743e-08
1.86102e-06
-9.08478e-08
1.96511e-06
-1.04088e-07
2.08422e-06
-1.19113e-07
2.22025e-06
-1.36024e-07
2.37502e-06
-1.54774e-07
2.55065e-06
-1.7563e-07
2.74945e-06
-1.988e-07
2.97378e-06
-2.24327e-07
3.2235e-06
-2.49727e-07
3.49631e-06
-2.72804e-07
3.7904e-06
-2.94089e-07
4.10302e-06
-3.12626e-07
4.42914e-06
-3.26116e-07
4.76147e-06
-3.3233e-07
-3.29434e-07
5.0909e-06
4.45657e-06
1.94197e-08
4.47444e-06
4.31272e-08
4.48639e-06
5.34719e-08
4.49368e-06
6.06923e-08
4.49803e-06
6.58922e-08
4.50003e-06
7.01262e-08
4.49995e-06
7.31007e-08
4.49803e-06
7.56028e-08
4.49449e-06
7.75482e-08
4.48945e-06
7.91915e-08
4.48297e-06
8.06704e-08
4.47516e-06
8.1902e-08
4.46624e-06
8.2779e-08
4.45623e-06
8.35554e-08
4.44512e-06
8.42782e-08
4.43296e-06
8.49229e-08
4.41977e-06
8.54886e-08
4.40561e-06
8.59608e-08
4.39051e-06
8.63395e-08
4.37452e-06
8.66271e-08
4.35766e-06
8.68369e-08
4.33995e-06
8.69804e-08
4.32146e-06
8.70303e-08
4.30217e-06
8.70497e-08
4.28214e-06
8.69545e-08
4.26142e-06
8.67937e-08
4.24006e-06
8.6585e-08
4.21816e-06
8.63104e-08
4.19576e-06
8.58821e-08
4.17281e-06
8.52848e-08
4.14937e-06
8.44854e-08
4.1255e-06
8.35395e-08
4.10124e-06
8.2459e-08
4.07664e-06
8.12439e-08
4.05177e-06
7.98987e-08
4.02668e-06
7.84291e-08
4.00141e-06
7.68421e-08
3.97603e-06
7.51367e-08
3.95059e-06
7.33213e-08
3.92515e-06
7.1407e-08
3.89975e-06
6.94077e-08
3.87443e-06
6.73395e-08
3.84924e-06
6.52175e-08
3.82417e-06
6.30561e-08
3.79926e-06
6.08446e-08
3.77462e-06
5.85847e-08
3.7503e-06
5.63076e-08
3.72632e-06
5.40253e-08
3.70272e-06
5.17512e-08
3.67955e-06
4.94784e-08
3.65682e-06
4.72205e-08
3.63457e-06
4.4982e-08
3.61283e-06
4.27808e-08
3.59161e-06
4.06222e-08
3.57094e-06
3.85148e-08
3.55083e-06
3.64541e-08
3.5313e-06
3.44441e-08
3.51237e-06
3.24752e-08
3.49405e-06
3.05544e-08
3.47637e-06
2.86609e-08
3.45935e-06
2.67907e-08
3.44302e-06
2.49206e-08
3.42742e-06
2.30447e-08
3.41258e-06
2.1139e-08
3.39854e-06
1.91998e-08
3.38537e-06
1.71786e-08
3.37313e-06
1.50725e-08
3.36187e-06
1.28151e-08
3.35163e-06
1.0416e-08
3.34253e-06
7.80135e-09
3.33464e-06
4.90302e-09
3.3281e-06
1.74055e-09
3.3232e-06
-1.81331e-09
3.32023e-06
-5.87454e-09
3.31937e-06
-1.02423e-08
3.32079e-06
-1.5197e-08
3.32487e-06
-2.0773e-08
3.33196e-06
-2.70715e-08
3.34246e-06
-3.42047e-08
3.35684e-06
-4.22974e-08
3.37557e-06
-5.14889e-08
3.39924e-06
-6.19248e-08
3.42851e-06
-7.37747e-08
3.46412e-06
-8.72255e-08
3.50691e-06
-1.02484e-07
3.55784e-06
-1.19781e-07
3.61804e-06
-1.39375e-07
3.68877e-06
-1.61571e-07
3.7715e-06
-1.86826e-07
3.86792e-06
-2.15526e-07
3.97946e-06
-2.47572e-07
4.1073e-06
-2.82605e-07
4.25229e-06
-3.20624e-07
4.41554e-06
-3.62047e-07
4.59843e-06
-4.07224e-07
4.80121e-06
-4.52498e-07
5.02455e-06
-4.96152e-07
5.26961e-06
-5.39143e-07
5.53534e-06
-5.7836e-07
5.81888e-06
-6.09658e-07
6.11515e-06
-6.28598e-07
-6.31254e-07
6.41697e-06
4.4409e-06
1.13199e-08
4.45342e-06
3.06056e-08
4.46495e-06
4.19457e-08
4.47611e-06
4.95299e-08
4.48659e-06
5.5413e-08
4.49642e-06
6.02921e-08
4.50541e-06
6.41151e-08
4.51374e-06
6.72724e-08
4.52145e-06
6.98395e-08
4.52865e-06
7.19882e-08
4.53568e-06
7.36421e-08
4.5425e-06
7.50846e-08
4.54871e-06
7.65666e-08
4.55436e-06
7.7901e-08
4.55958e-06
7.90592e-08
4.56443e-06
8.0079e-08
4.56892e-06
8.09951e-08
4.57306e-06
8.18172e-08
4.57685e-06
8.25567e-08
4.58025e-06
8.32234e-08
4.58329e-06
8.37992e-08
4.58598e-06
8.42833e-08
4.58834e-06
8.46755e-08
4.59035e-06
8.50419e-08
4.592e-06
8.52995e-08
4.59332e-06
8.54804e-08
4.59426e-06
8.5642e-08
4.59483e-06
8.57388e-08
4.59509e-06
8.56256e-08
4.59501e-06
8.53635e-08
4.59456e-06
8.49384e-08
4.59372e-06
8.43782e-08
4.59249e-06
8.36859e-08
4.59087e-06
8.28611e-08
4.58887e-06
8.19052e-08
4.58647e-06
8.08222e-08
4.5837e-06
7.96151e-08
4.58056e-06
7.82784e-08
4.57706e-06
7.68208e-08
4.5732e-06
7.52622e-08
4.56901e-06
7.36034e-08
4.56449e-06
7.18599e-08
4.55965e-06
7.00596e-08
4.5545e-06
6.81987e-08
4.54909e-06
6.62597e-08
4.5434e-06
6.4272e-08
4.53747e-06
6.22424e-08
4.5313e-06
6.01912e-08
4.52492e-06
5.81262e-08
4.51836e-06
5.60437e-08
4.51164e-06
5.39428e-08
4.50478e-06
5.18376e-08
4.49782e-06
4.97462e-08
4.49076e-06
4.76767e-08
4.48364e-06
4.56326e-08
4.47648e-06
4.36139e-08
4.46931e-06
4.162e-08
4.46214e-06
3.96452e-08
4.455e-06
3.76891e-08
4.44793e-06
3.57371e-08
4.44094e-06
3.37773e-08
4.43407e-06
3.17926e-08
4.42735e-06
2.97648e-08
4.42081e-06
2.76777e-08
4.4145e-06
2.55111e-08
4.40845e-06
2.32313e-08
4.40271e-06
2.08106e-08
4.3973e-06
1.82253e-08
4.39231e-06
1.54038e-08
4.38782e-06
1.22858e-08
4.38391e-06
8.82124e-09
4.38064e-06
5.0079e-09
4.37803e-06
7.94843e-10
4.37623e-06
-4.07192e-09
4.37546e-06
-9.47633e-09
4.37586e-06
-1.55937e-08
4.37762e-06
-2.25288e-08
4.38095e-06
-3.04027e-08
4.38611e-06
-3.93633e-08
4.39338e-06
-4.9576e-08
4.40312e-06
-6.12267e-08
4.41572e-06
-7.45248e-08
4.43166e-06
-8.97101e-08
4.45147e-06
-1.07039e-07
4.4758e-06
-1.26816e-07
4.50537e-06
-1.49353e-07
4.54093e-06
-1.74928e-07
4.58329e-06
-2.03938e-07
4.63351e-06
-2.37042e-07
4.6926e-06
-2.74614e-07
4.76154e-06
-3.1651e-07
4.84167e-06
-3.62741e-07
4.93509e-06
-4.14047e-07
5.04401e-06
-4.70964e-07
5.16837e-06
-5.31582e-07
5.3135e-06
-5.97626e-07
5.48594e-06
-6.68594e-07
5.68559e-06
-7.38791e-07
5.91153e-06
-8.04298e-07
6.16256e-06
-8.60688e-07
6.43484e-06
-9.00886e-07
-9.18029e-07
6.72162e-06
4.43657e-06
7.55343e-09
4.44509e-06
2.20859e-08
4.45425e-06
3.27814e-08
4.46325e-06
4.05335e-08
4.47206e-06
4.66041e-08
4.48072e-06
5.16285e-08
4.48912e-06
5.57099e-08
4.49734e-06
5.9053e-08
4.50537e-06
6.1812e-08
4.51324e-06
6.41215e-08
4.52086e-06
6.60214e-08
4.52829e-06
6.76542e-08
4.53572e-06
6.914e-08
4.54311e-06
7.05094e-08
4.55043e-06
7.17323e-08
4.55769e-06
7.28263e-08
4.56487e-06
7.38084e-08
4.572e-06
7.46944e-08
4.57907e-06
7.54855e-08
4.5861e-06
7.6194e-08
4.59308e-06
7.68186e-08
4.6e-06
7.73641e-08
4.60685e-06
7.78217e-08
4.61368e-06
7.82083e-08
4.62048e-06
7.85039e-08
4.62724e-06
7.87231e-08
4.63406e-06
7.88165e-08
4.641e-06
7.88018e-08
4.64785e-06
7.87733e-08
4.65453e-06
7.86904e-08
4.66099e-06
7.84726e-08
4.66725e-06
7.81185e-08
4.6733e-06
7.76319e-08
4.67914e-06
7.70255e-08
4.68475e-06
7.6294e-08
4.69013e-06
7.54479e-08
4.69526e-06
7.44815e-08
4.70012e-06
7.34167e-08
4.7047e-06
7.22463e-08
4.70899e-06
7.09693e-08
4.71303e-06
6.95599e-08
4.71682e-06
6.80738e-08
4.72035e-06
6.6524e-08
4.72362e-06
6.4929e-08
4.72664e-06
6.32391e-08
4.7294e-06
6.15191e-08
4.7319e-06
5.97371e-08
4.73413e-06
5.79607e-08
4.73608e-06
5.61809e-08
4.73778e-06
5.43405e-08
4.73927e-06
5.24496e-08
4.74056e-06
5.05539e-08
4.74163e-06
4.86697e-08
4.74251e-06
4.67981e-08
4.74321e-06
4.49392e-08
4.74373e-06
4.30927e-08
4.74409e-06
4.1257e-08
4.74431e-06
3.94243e-08
4.74441e-06
3.75903e-08
4.7444e-06
3.57449e-08
4.74431e-06
3.38743e-08
4.74414e-06
3.19628e-08
4.74391e-06
2.99918e-08
4.74364e-06
2.79414e-08
4.74337e-06
2.57853e-08
4.74311e-06
2.34965e-08
4.74287e-06
2.10444e-08
4.74271e-06
1.83873e-08
4.74264e-06
1.54714e-08
4.74268e-06
1.22437e-08
4.74285e-06
8.65277e-09
4.74321e-06
4.64926e-09
4.74384e-06
1.65733e-10
4.74471e-06
-4.93798e-09
4.74593e-06
-1.06958e-08
4.74756e-06
-1.72268e-08
4.7497e-06
-2.46652e-08
4.75245e-06
-3.31591e-08
4.75596e-06
-4.28731e-08
4.76038e-06
-5.39913e-08
4.76588e-06
-6.67333e-08
4.77271e-06
-8.13546e-08
4.78115e-06
-9.81508e-08
4.79156e-06
-1.17444e-07
4.80443e-06
-1.39684e-07
4.82023e-06
-1.65159e-07
4.83955e-06
-1.94242e-07
4.86328e-06
-2.27674e-07
4.89202e-06
-2.65773e-07
4.92651e-06
-3.09111e-07
4.9689e-06
-3.58901e-07
5.02257e-06
-4.16405e-07
5.09035e-06
-4.81833e-07
5.17441e-06
-5.55018e-07
5.27893e-06
-6.36101e-07
5.40642e-06
-7.2512e-07
5.55916e-06
-8.21335e-07
5.74213e-06
-9.21761e-07
5.95794e-06
-1.0201e-06
6.20787e-06
-1.11062e-06
6.4872e-06
-1.18021e-06
-1.22082e-06
6.78999e-06
4.43481e-06
5.53995e-09
4.44013e-06
1.67662e-08
4.44679e-06
2.61283e-08
4.45385e-06
3.34713e-08
4.46113e-06
3.93198e-08
4.46859e-06
4.41727e-08
4.47608e-06
4.82224e-08
4.48354e-06
5.15873e-08
4.49097e-06
5.43866e-08
4.49836e-06
5.67312e-08
4.50567e-06
5.87077e-08
4.51292e-06
6.04057e-08
4.52016e-06
6.19029e-08
4.52742e-06
6.32497e-08
4.5347e-06
6.44503e-08
4.54201e-06
6.55144e-08
4.54936e-06
6.6461e-08
4.55675e-06
6.73066e-08
4.56417e-06
6.80593e-08
4.57164e-06
6.87269e-08
4.57914e-06
6.9314e-08
4.58668e-06
6.98233e-08
4.59425e-06
7.02539e-08
4.60184e-06
7.06226e-08
4.60943e-06
7.09162e-08
4.61702e-06
7.11301e-08
4.62458e-06
7.12599e-08
4.63208e-06
7.13009e-08
4.63958e-06
7.12688e-08
4.6471e-06
7.11682e-08
4.6546e-06
7.0979e-08
4.66203e-06
7.06815e-08
4.66939e-06
7.02745e-08
4.67665e-06
6.97617e-08
4.68381e-06
6.91384e-08
4.69084e-06
6.84151e-08
4.69774e-06
6.75851e-08
4.70449e-06
6.66639e-08
4.7111e-06
6.5641e-08
4.71753e-06
6.45332e-08
4.72377e-06
6.33216e-08
4.7298e-06
6.20415e-08
4.73565e-06
6.06811e-08
4.7413e-06
5.92712e-08
4.74676e-06
5.77842e-08
4.75201e-06
5.62665e-08
4.75707e-06
5.4682e-08
4.76196e-06
5.30659e-08
4.76676e-06
5.1387e-08
4.77137e-06
4.97293e-08
4.77572e-06
4.81008e-08
4.7798e-06
4.64682e-08
4.78365e-06
4.48236e-08
4.78727e-06
4.31724e-08
4.79069e-06
4.15184e-08
4.79393e-06
3.98608e-08
4.79698e-06
3.82053e-08
4.79987e-06
3.65336e-08
4.80261e-06
3.48483e-08
4.80521e-06
3.31424e-08
4.80769e-06
3.13998e-08
4.81004e-06
2.96067e-08
4.81229e-06
2.77443e-08
4.81444e-06
2.57929e-08
4.81649e-06
2.37324e-08
4.81846e-06
2.15271e-08
4.82037e-06
1.91388e-08
4.82222e-06
1.65324e-08
4.82403e-06
1.36633e-08
4.82579e-06
1.04794e-08
4.82752e-06
6.92401e-09
4.82923e-06
2.94349e-09
4.83093e-06
-1.53857e-09
4.83263e-06
-6.63005e-09
4.83435e-06
-1.24196e-08
4.83614e-06
-1.90157e-08
4.83803e-06
-2.65551e-08
4.84006e-06
-3.51927e-08
4.8423e-06
-4.51113e-08
4.84484e-06
-5.65333e-08
4.84782e-06
-6.97142e-08
4.85139e-06
-8.49243e-08
4.85571e-06
-1.02472e-07
4.86102e-06
-1.22753e-07
4.86748e-06
-1.46146e-07
4.87568e-06
-1.73354e-07
4.88656e-06
-2.05126e-07
4.90084e-06
-2.41949e-07
4.91965e-06
-2.84585e-07
4.94448e-06
-3.33938e-07
4.9768e-06
-3.91228e-07
5.01821e-06
-4.57808e-07
5.07126e-06
-5.34886e-07
5.13963e-06
-6.23391e-07
5.22763e-06
-7.24099e-07
5.3401e-06
-8.37592e-07
5.48231e-06
-9.63547e-07
5.66064e-06
-1.10009e-06
5.88025e-06
-1.23971e-06
6.14815e-06
-1.37852e-06
6.4547e-06
-1.48677e-06
-1.56748e-06
6.80136e-06
4.43399e-06
4.35109e-09
4.43757e-06
1.31883e-08
4.44263e-06
2.10616e-08
4.44847e-06
2.76357e-08
4.45474e-06
3.30477e-08
4.46132e-06
3.75985e-08
4.46807e-06
4.14628e-08
4.47494e-06
4.4726e-08
4.48185e-06
4.74699e-08
4.48879e-06
4.97903e-08
4.49574e-06
5.17655e-08
4.50268e-06
5.34647e-08
4.50963e-06
5.49454e-08
4.51663e-06
5.62523e-08
4.52367e-06
5.74085e-08
4.53076e-06
5.84297e-08
4.53789e-06
5.93332e-08
4.54506e-06
6.01343e-08
4.55227e-06
6.08435e-08
4.55953e-06
6.14682e-08
4.56683e-06
6.20139e-08
4.57417e-06
6.24845e-08
4.58154e-06
6.28829e-08
4.58895e-06
6.32146e-08
4.59639e-06
6.34766e-08
4.60386e-06
6.36654e-08
4.61134e-06
6.37792e-08
4.61882e-06
6.38152e-08
4.62631e-06
6.37777e-08
4.63381e-06
6.36717e-08
4.6413e-06
6.34898e-08
4.64876e-06
6.3217e-08
4.65619e-06
6.28492e-08
4.66356e-06
6.2389e-08
4.67087e-06
6.18342e-08
4.67809e-06
6.11901e-08
4.68522e-06
6.04549e-08
4.69225e-06
5.96364e-08
4.69916e-06
5.87329e-08
4.70594e-06
5.77531e-08
4.71257e-06
5.66919e-08
4.71904e-06
5.5563e-08
4.72535e-06
5.4371e-08
4.73149e-06
5.31315e-08
4.73744e-06
5.18347e-08
4.74321e-06
5.04958e-08
4.74879e-06
4.91099e-08
4.75416e-06
4.7693e-08
4.7593e-06
4.62419e-08
4.76426e-06
4.47773e-08
4.76904e-06
4.33172e-08
4.77365e-06
4.18571e-08
4.77808e-06
4.03906e-08
4.78234e-06
3.89176e-08
4.78642e-06
3.7439e-08
4.79033e-06
3.59509e-08
4.79407e-06
3.44616e-08
4.79766e-06
3.29502e-08
4.80109e-06
3.14164e-08
4.80438e-06
2.98543e-08
4.80752e-06
2.82504e-08
4.81054e-06
2.65908e-08
4.81343e-06
2.48574e-08
4.81619e-06
2.30309e-08
4.81883e-06
2.10878e-08
4.82136e-06
1.89997e-08
4.82377e-06
1.67315e-08
4.82606e-06
1.42448e-08
4.82822e-06
1.14968e-08
4.83027e-06
8.43554e-09
4.83219e-06
5.0033e-09
4.834e-06
1.13066e-09
4.83571e-06
-3.24845e-09
4.83729e-06
-8.20489e-09
4.83872e-06
-1.38506e-08
4.84001e-06
-2.0311e-08
4.84119e-06
-2.77293e-08
4.84226e-06
-3.62718e-08
4.84328e-06
-4.61295e-08
4.84427e-06
-5.75248e-08
4.84528e-06
-7.07161e-08
4.84638e-06
-8.60268e-08
4.84774e-06
-1.03835e-07
4.84958e-06
-1.24586e-07
4.85223e-06
-1.48805e-07
4.85599e-06
-1.77114e-07
4.86117e-06
-2.10303e-07
4.86847e-06
-2.49247e-07
4.87881e-06
-2.94928e-07
4.89343e-06
-3.48554e-07
4.91387e-06
-4.11665e-07
4.94213e-06
-4.86075e-07
4.98097e-06
-5.73728e-07
5.03416e-06
-6.76574e-07
5.10668e-06
-7.9662e-07
5.20473e-06
-9.35639e-07
5.3359e-06
-1.09472e-06
5.50911e-06
-1.2733e-06
5.73434e-06
-1.46494e-06
6.02815e-06
-1.67232e-06
6.37567e-06
-1.83429e-06
-2.0138e-06
6.82199e-06
4.43364e-06
3.50624e-09
4.43626e-06
1.05722e-08
4.44021e-06
1.71086e-08
4.44503e-06
2.28227e-08
4.45039e-06
2.76886e-08
4.45614e-06
3.18413e-08
4.46219e-06
3.54115e-08
4.46846e-06
3.84629e-08
4.47487e-06
4.10586e-08
4.48139e-06
4.32717e-08
4.48799e-06
4.51659e-08
4.49465e-06
4.67974e-08
4.50139e-06
4.82145e-08
4.50818e-06
4.94558e-08
4.51504e-06
5.0548e-08
4.52196e-06
5.15097e-08
4.52894e-06
5.23572e-08
4.53597e-06
5.31044e-08
4.54305e-06
5.37623e-08
4.55018e-06
5.43386e-08
4.55735e-06
5.48396e-08
4.56457e-06
5.52697e-08
4.57182e-06
5.56322e-08
4.5791e-06
5.59297e-08
4.58642e-06
5.61627e-08
4.59375e-06
5.63299e-08
4.6011e-06
5.643e-08
4.60846e-06
5.64621e-08
4.61581e-06
5.6428e-08
4.62315e-06
5.63278e-08
4.63048e-06
5.61571e-08
4.63779e-06
5.59094e-08
4.64506e-06
5.55807e-08
4.65228e-06
5.51718e-08
4.65943e-06
5.46825e-08
4.6665e-06
5.41148e-08
4.67349e-06
5.34696e-08
4.68037e-06
5.27502e-08
4.68715e-06
5.19581e-08
4.6938e-06
5.10973e-08
4.70033e-06
5.01698e-08
4.70671e-06
4.91821e-08
4.71294e-06
4.81403e-08
4.71902e-06
4.70517e-08
4.72494e-06
4.59173e-08
4.73069e-06
4.47425e-08
4.73627e-06
4.35314e-08
4.74167e-06
4.22908e-08
4.74689e-06
4.10246e-08
4.75192e-06
3.97422e-08
4.75678e-06
3.84553e-08
4.76148e-06
3.71655e-08
4.766e-06
3.58688e-08
4.77035e-06
3.45642e-08
4.77454e-06
3.3251e-08
4.77856e-06
3.1928e-08
4.78243e-06
3.05934e-08
4.78614e-06
2.92396e-08
4.7897e-06
2.78612e-08
4.7931e-06
2.64503e-08
4.79635e-06
2.49955e-08
4.79946e-06
2.34831e-08
4.80242e-06
2.18968e-08
4.80524e-06
2.0218e-08
4.8079e-06
1.84235e-08
4.81041e-06
1.6488e-08
4.81276e-06
1.4379e-08
4.81495e-06
1.206e-08
4.81696e-06
9.48926e-09
4.81877e-06
6.61823e-09
4.82039e-06
3.3914e-09
4.82177e-06
-2.54725e-10
4.82292e-06
-4.39441e-09
4.82382e-06
-9.10666e-09
4.82446e-06
-1.44927e-08
4.82482e-06
-2.0675e-08
4.82489e-06
-2.77971e-08
4.82465e-06
-3.60264e-08
4.82408e-06
-4.55593e-08
4.82318e-06
-5.66286e-08
4.82198e-06
-6.95116e-08
4.82049e-06
-8.45413e-08
4.81878e-06
-1.02119e-07
4.81692e-06
-1.22727e-07
4.81505e-06
-1.46943e-07
4.81341e-06
-1.75468e-07
4.81228e-06
-2.09173e-07
4.81212e-06
-2.49089e-07
4.81363e-06
-2.96437e-07
4.81781e-06
-3.52737e-07
4.82603e-06
-4.19888e-07
4.84016e-06
-5.00201e-07
4.86284e-06
-5.96404e-07
4.89791e-06
-7.11644e-07
4.95088e-06
-8.49596e-07
5.02925e-06
-1.01401e-06
5.14338e-06
-1.20885e-06
5.3055e-06
-1.43543e-06
5.53226e-06
-1.6917e-06
5.84446e-06
-1.98453e-06
6.2354e-06
-2.22523e-06
-2.66293e-06
6.88453e-06
4.43346e-06
2.8424e-09
4.43549e-06
8.54977e-09
4.43866e-06
1.39385e-08
4.44269e-06
1.87883e-08
4.44735e-06
2.30325e-08
4.45248e-06
2.67125e-08
4.45798e-06
2.99092e-08
4.46377e-06
3.26731e-08
4.46978e-06
3.505e-08
4.47596e-06
3.70914e-08
4.48227e-06
3.88486e-08
4.4887e-06
4.03669e-08
4.49523e-06
4.16854e-08
4.50185e-06
4.28367e-08
4.50855e-06
4.38459e-08
4.51533e-06
4.4732e-08
4.52218e-06
4.55102e-08
4.52909e-06
4.61935e-08
4.53606e-06
4.67925e-08
4.54308e-06
4.73152e-08
4.55016e-06
4.77676e-08
4.55727e-06
4.81545e-08
4.56442e-06
4.84792e-08
4.57161e-06
4.8744e-08
4.57882e-06
4.89502e-08
4.58605e-06
4.90976e-08
4.5933e-06
4.91857e-08
4.60055e-06
4.92143e-08
4.60779e-06
4.91831e-08
4.61503e-06
4.90915e-08
4.62225e-06
4.89373e-08
4.62944e-06
4.87175e-08
4.63659e-06
4.84295e-08
4.64369e-06
4.8073e-08
4.65072e-06
4.76483e-08
4.65768e-06
4.7156e-08
4.66455e-06
4.65977e-08
4.67133e-06
4.59752e-08
4.678e-06
4.52907e-08
4.68455e-06
4.45472e-08
4.69097e-06
4.37476e-08
4.69725e-06
4.28962e-08
4.7034e-06
4.19979e-08
4.70939e-06
4.10572e-08
4.71523e-06
4.00777e-08
4.72091e-06
3.90634e-08
4.72642e-06
3.80185e-08
4.73177e-06
3.69478e-08
4.73693e-06
3.58561e-08
4.74193e-06
3.47495e-08
4.74675e-06
3.36342e-08
4.7514e-06
3.25122e-08
4.75589e-06
3.13825e-08
4.76021e-06
3.0244e-08
4.76436e-06
2.90962e-08
4.76835e-06
2.79373e-08
4.77218e-06
2.67645e-08
4.77585e-06
2.55727e-08
4.77936e-06
2.43555e-08
4.7827e-06
2.31049e-08
4.78589e-06
2.18108e-08
4.78891e-06
2.04606e-08
4.79177e-06
1.90394e-08
4.79445e-06
1.75292e-08
4.79697e-06
1.59095e-08
4.7993e-06
1.41555e-08
4.80144e-06
1.22402e-08
4.80337e-06
1.01292e-08
4.80508e-06
7.7831e-09
4.80654e-06
5.15717e-09
4.80773e-06
2.19892e-09
4.80863e-06
-1.15257e-09
4.8092e-06
-4.96764e-09
4.80942e-06
-9.32595e-09
4.80925e-06
-1.43243e-08
4.80866e-06
-2.00797e-08
4.80759e-06
-2.67311e-08
4.80601e-06
-3.44424e-08
4.80385e-06
-4.3408e-08
4.80109e-06
-5.38609e-08
4.79766e-06
-6.60802e-08
4.79352e-06
-8.04035e-08
4.78864e-06
-9.72415e-08
4.78301e-06
-1.17094e-07
4.77664e-06
-1.40571e-07
4.76959e-06
-1.68419e-07
4.76198e-06
-2.01562e-07
4.75402e-06
-2.41135e-07
4.74612e-06
-2.88537e-07
4.73891e-06
-3.4552e-07
4.73332e-06
-4.14298e-07
4.73077e-06
-4.97655e-07
4.73346e-06
-5.99089e-07
4.74479e-06
-7.2298e-07
4.7701e-06
-8.74905e-07
4.81777e-06
-1.06168e-06
4.90092e-06
-1.292e-06
5.03959e-06
-1.57409e-06
5.26214e-06
-1.91425e-06
5.60038e-06
-2.32276e-06
6.0561e-06
-2.68094e-06
-3.52823e-06
6.92139e-06
4.43335e-06
2.29347e-09
4.435e-06
6.89654e-09
4.43765e-06
1.1291e-08
4.44112e-06
1.53221e-08
4.44523e-06
1.89193e-08
4.44985e-06
2.20893e-08
4.45489e-06
2.48706e-08
4.46027e-06
2.7298e-08
4.46591e-06
2.94043e-08
4.47178e-06
3.12262e-08
4.47782e-06
3.28021e-08
4.48402e-06
3.41679e-08
4.49035e-06
3.53549e-08
4.4968e-06
3.63901e-08
4.50335e-06
3.72953e-08
4.50999e-06
3.80882e-08
4.51672e-06
3.87828e-08
4.52352e-06
3.93909e-08
4.53039e-06
3.99223e-08
4.53732e-06
4.03844e-08
4.54431e-06
4.07832e-08
4.55134e-06
4.11231e-08
4.55841e-06
4.14073e-08
4.56552e-06
4.16382e-08
4.57265e-06
4.18172e-08
4.5798e-06
4.19447e-08
4.58697e-06
4.20208e-08
4.59414e-06
4.20452e-08
4.6013e-06
4.20176e-08
4.60846e-06
4.19374e-08
4.61559e-06
4.18034e-08
4.62269e-06
4.1614e-08
4.62976e-06
4.13675e-08
4.63677e-06
4.10635e-08
4.64371e-06
4.07021e-08
4.65058e-06
4.02839e-08
4.65737e-06
3.98102e-08
4.66406e-06
3.92824e-08
4.67065e-06
3.87027e-08
4.67713e-06
3.80733e-08
4.68348e-06
3.73971e-08
4.6897e-06
3.66772e-08
4.69578e-06
3.59173e-08
4.70171e-06
3.51213e-08
4.7075e-06
3.42926e-08
4.71313e-06
3.34345e-08
4.71859e-06
3.25507e-08
4.7239e-06
3.16452e-08
4.72903e-06
3.07219e-08
4.734e-06
2.97849e-08
4.73879e-06
2.88378e-08
4.74342e-06
2.78828e-08
4.74788e-06
2.69199e-08
4.75218e-06
2.59487e-08
4.75631e-06
2.49681e-08
4.76027e-06
2.39766e-08
4.76406e-06
2.29708e-08
4.76769e-06
2.19467e-08
4.77115e-06
2.08982e-08
4.77443e-06
1.98181e-08
4.77755e-06
1.86974e-08
4.78048e-06
1.75246e-08
4.78323e-06
1.62865e-08
4.7858e-06
1.49667e-08
4.78816e-06
1.35467e-08
4.79031e-06
1.20048e-08
4.79224e-06
1.03151e-08
4.79391e-06
8.45277e-09
4.79532e-06
6.37757e-09
4.79643e-06
4.04957e-09
4.7972e-06
1.42148e-09
4.79761e-06
-1.56367e-09
4.79762e-06
-4.96998e-09
4.79716e-06
-8.87298e-09
4.7962e-06
-1.33629e-08
4.79467e-06
-1.85483e-08
4.7925e-06
-2.45589e-08
4.78961e-06
-3.15493e-08
4.7859e-06
-3.97046e-08
4.78129e-06
-4.92479e-08
4.77566e-06
-6.04491e-08
4.76889e-06
-7.36367e-08
4.76086e-06
-8.92132e-08
4.75144e-06
-1.07673e-07
4.74049e-06
-1.29624e-07
4.7279e-06
-1.55821e-07
4.71354e-06
-1.87206e-07
4.69736e-06
-2.24955e-07
4.67937e-06
-2.70549e-07
4.65972e-06
-3.25869e-07
4.63874e-06
-3.93321e-07
4.6171e-06
-4.76014e-07
4.59599e-06
-5.77976e-07
4.57754e-06
-7.04529e-07
4.56538e-06
-8.62743e-07
4.56633e-06
-1.06263e-06
4.59196e-06
-1.31763e-06
4.66825e-06
-1.65038e-06
4.83646e-06
-2.08246e-06
5.18703e-06
-2.67333e-06
5.79817e-06
-3.29208e-06
-4.48867e-06
6.75861e-06
4.43327e-06
4.43468e-06
4.43697e-06
4.44003e-06
4.44372e-06
4.44794e-06
4.4526e-06
4.45764e-06
4.46298e-06
4.46858e-06
4.4744e-06
4.4804e-06
4.48656e-06
4.49287e-06
4.49929e-06
4.50582e-06
4.51245e-06
4.51916e-06
4.52595e-06
4.5328e-06
4.53971e-06
4.54667e-06
4.55368e-06
4.56072e-06
4.56778e-06
4.57487e-06
4.58197e-06
4.58907e-06
4.59617e-06
4.60325e-06
4.61031e-06
4.61734e-06
4.62433e-06
4.63127e-06
4.63814e-06
4.64495e-06
4.65166e-06
4.65829e-06
4.66481e-06
4.67123e-06
4.67752e-06
4.68369e-06
4.68972e-06
4.69561e-06
4.70135e-06
4.70694e-06
4.71237e-06
4.71765e-06
4.72276e-06
4.7277e-06
4.73248e-06
4.73709e-06
4.74153e-06
4.74581e-06
4.74991e-06
4.75385e-06
4.75761e-06
4.7612e-06
4.76462e-06
4.76786e-06
4.77091e-06
4.77377e-06
4.77643e-06
4.77888e-06
4.7811e-06
4.78309e-06
4.78482e-06
4.78627e-06
4.7874e-06
4.78819e-06
4.78859e-06
4.78856e-06
4.78803e-06
4.78696e-06
4.78527e-06
4.78287e-06
4.77967e-06
4.77556e-06
4.7704e-06
4.76405e-06
4.75633e-06
4.74706e-06
4.73601e-06
4.72292e-06
4.70751e-06
4.68946e-06
4.6684e-06
4.64395e-06
4.6157e-06
4.58321e-06
4.54608e-06
4.50396e-06
4.45663e-06
4.40417e-06
4.34711e-06
4.28703e-06
4.2264e-06
4.17386e-06
4.14279e-06
4.23638e-06
4.67692e-06
6.62759e-06
5.40579e-06
-3.14884e-07
5.69743e-06
-2.91644e-07
5.95752e-06
-2.60088e-07
6.18185e-06
-2.24327e-07
6.36906e-06
-1.87211e-07
6.51902e-06
-1.49965e-07
6.63282e-06
-1.13798e-07
6.71198e-06
-7.91634e-08
6.76003e-06
-4.80468e-08
6.78084e-06
-2.08054e-08
6.77745e-06
3.38438e-09
6.75377e-06
2.36819e-08
6.71193e-06
4.18343e-08
6.65525e-06
5.66891e-08
6.58754e-06
6.7708e-08
6.51039e-06
7.71499e-08
6.42557e-06
8.48163e-08
6.33452e-06
9.10484e-08
6.23811e-06
9.64114e-08
6.13687e-06
1.01237e-07
6.03103e-06
1.05846e-07
5.92056e-06
1.10468e-07
5.80536e-06
1.15195e-07
5.68534e-06
1.20024e-07
5.56046e-06
1.2488e-07
5.43077e-06
1.29687e-07
5.29639e-06
1.34385e-07
5.15746e-06
1.38926e-07
5.01417e-06
1.43292e-07
4.8666e-06
1.47571e-07
4.7146e-06
1.51998e-07
4.5577e-06
1.56904e-07
4.39491e-06
1.62785e-07
1.69753e-07
6.71385e-06
-6.11757e-07
6.99728e-06
-5.75081e-07
7.2596e-06
-5.22401e-07
7.49648e-06
-4.61209e-07
7.7048e-06
-3.95536e-07
7.88315e-06
-3.28315e-07
8.03213e-06
-2.62781e-07
8.154e-06
-2.0103e-07
8.25033e-06
-1.44372e-07
8.32303e-06
-9.35122e-08
8.37474e-06
-4.83192e-08
8.40785e-06
-9.43252e-09
8.42596e-06
2.37243e-08
8.43108e-06
5.15715e-08
8.42564e-06
7.31472e-08
8.41164e-06
9.11478e-08
8.39085e-06
1.05608e-07
8.3643e-06
1.17603e-07
8.33277e-06
1.27933e-07
8.29671e-06
1.37306e-07
8.25624e-06
1.46308e-07
8.2114e-06
1.55307e-07
8.16214e-06
1.64459e-07
8.10845e-06
1.73719e-07
8.05041e-06
1.82916e-07
7.9882e-06
1.91893e-07
7.92204e-06
2.00545e-07
7.85217e-06
2.08797e-07
7.77881e-06
2.16652e-07
7.7021e-06
2.24281e-07
7.62203e-06
2.32071e-07
7.53841e-06
2.40518e-07
7.45104e-06
2.50164e-07
2.61512e-07
7.01077e-06
-9.00911e-07
7.28844e-06
-8.52744e-07
7.54322e-06
-7.77186e-07
7.77231e-06
-6.90293e-07
7.97345e-06
-5.96676e-07
8.14588e-06
-5.00748e-07
8.29071e-06
-4.07612e-07
8.40963e-06
-3.19948e-07
8.50418e-06
-2.38926e-07
8.57698e-06
-1.66314e-07
8.63128e-06
-1.02614e-07
8.66952e-06
-4.76749e-08
8.69426e-06
-1.01911e-09
8.70816e-06
3.76798e-08
8.7127e-06
6.86088e-08
8.71063e-06
9.32153e-08
8.70367e-06
1.12566e-07
8.693e-06
1.2827e-07
8.67933e-06
1.41606e-07
8.66287e-06
1.53764e-07
8.64364e-06
1.65542e-07
8.62153e-06
1.77411e-07
8.59646e-06
1.89535e-07
8.56844e-06
2.01736e-07
8.53764e-06
2.13717e-07
8.5043e-06
2.25237e-07
8.46879e-06
2.36054e-07
8.43155e-06
2.46033e-07
8.39301e-06
2.55194e-07
8.3535e-06
2.63791e-07
8.31321e-06
2.72361e-07
8.27217e-06
2.81562e-07
8.23026e-06
2.92066e-07
3.04536e-07
7.09952e-06
-1.21045e-06
7.39191e-06
-1.14514e-06
7.65534e-06
-1.04061e-06
7.89022e-06
-9.25176e-07
8.09172e-06
-7.98178e-07
8.261e-06
-6.70026e-07
8.40065e-06
-5.47256e-07
8.51304e-06
-4.32341e-07
8.60001e-06
-3.259e-07
8.66496e-06
-2.31258e-07
8.71104e-06
-1.48699e-07
8.74102e-06
-7.76486e-08
8.75894e-06
-1.89401e-08
8.76744e-06
2.91745e-08
8.76868e-06
6.73713e-08
8.76498e-06
9.69115e-08
8.75779e-06
1.19756e-07
8.74846e-06
1.37601e-07
8.73732e-06
1.52745e-07
8.72448e-06
1.66602e-07
8.70982e-06
1.80206e-07
8.69296e-06
1.94267e-07
8.67352e-06
2.08975e-07
8.65135e-06
2.23908e-07
8.6265e-06
2.38573e-07
8.59926e-06
2.52478e-07
8.57038e-06
2.64928e-07
8.54074e-06
2.75674e-07
8.51102e-06
2.84914e-07
8.48177e-06
2.93041e-07
8.4534e-06
3.0073e-07
8.42611e-06
3.08857e-07
8.39987e-06
3.18306e-07
3.29787e-07
7.15871e-06
-1.56779e-06
7.48407e-06
-1.4705e-06
7.77478e-06
-1.33132e-06
8.03073e-06
-1.18113e-06
8.24062e-06
-1.00806e-06
8.41102e-06
-8.40429e-07
8.54246e-06
-6.78692e-07
8.64109e-06
-5.30975e-07
8.71296e-06
-3.9777e-07
8.76306e-06
-2.81362e-07
8.7941e-06
-1.79737e-07
8.80988e-06
-9.34304e-08
8.81456e-06
-2.36127e-08
8.81074e-06
3.29936e-08
8.80223e-06
7.58787e-08
8.79127e-06
1.07872e-07
8.77929e-06
1.31732e-07
8.76718e-06
1.49718e-07
8.75505e-06
1.64873e-07
8.74262e-06
1.79027e-07
8.72932e-06
1.93509e-07
8.7145e-06
2.09087e-07
8.69753e-06
2.25945e-07
8.67754e-06
2.43902e-07
8.6541e-06
2.62006e-07
8.62799e-06
2.78597e-07
8.60005e-06
2.92859e-07
8.57121e-06
3.04514e-07
8.54271e-06
3.13414e-07
8.51568e-06
3.20077e-07
8.4905e-06
3.25904e-07
8.46738e-06
3.31977e-07
8.44648e-06
3.39209e-07
3.48618e-07
7.27245e-06
-2.01826e-06
7.64652e-06
-1.84456e-06
7.96645e-06
-1.65126e-06
8.21217e-06
-1.42684e-06
8.39339e-06
-1.18928e-06
8.52642e-06
-9.73466e-07
8.62212e-06
-7.74388e-07
8.68995e-06
-5.98803e-07
8.73212e-06
-4.39939e-07
8.7511e-06
-3.00345e-07
8.75541e-06
-1.84045e-07
8.75109e-06
-8.91128e-08
8.73847e-06
-1.09915e-08
8.72234e-06
4.91249e-08
8.7045e-06
9.3712e-08
8.68688e-06
1.25496e-07
8.67102e-06
1.4759e-07
8.65777e-06
1.6297e-07
8.64661e-06
1.76028e-07
8.63648e-06
1.89158e-07
8.62587e-06
2.04118e-07
8.61338e-06
2.21583e-07
8.59796e-06
2.41359e-07
8.57925e-06
2.62612e-07
8.557e-06
2.84265e-07
8.53214e-06
3.0345e-07
8.50595e-06
3.19049e-07
8.47958e-06
3.30888e-07
8.45422e-06
3.3877e-07
8.43138e-06
3.42916e-07
8.41131e-06
3.45975e-07
8.39439e-06
3.48902e-07
8.38071e-06
3.52887e-07
3.59352e-07
7.45273e-06
-2.58645e-06
7.82499e-06
-2.21682e-06
8.07298e-06
-1.89924e-06
8.22655e-06
-1.58042e-06
8.30623e-06
-1.26896e-06
8.33176e-06
-9.98995e-07
8.33064e-06
-7.73271e-07
8.31261e-06
-5.80769e-07
8.28594e-06
-4.13268e-07
8.25509e-06
-2.69502e-07
8.22091e-06
-1.4986e-07
8.18925e-06
-5.74498e-08
8.16207e-06
1.6184e-08
8.13461e-06
7.65882e-08
8.11239e-06
1.15934e-07
8.09548e-06
1.42397e-07
8.08564e-06
1.57435e-07
8.08191e-06
1.66694e-07
8.08259e-06
1.75355e-07
8.08696e-06
1.84789e-07
8.09295e-06
1.98121e-07
8.09849e-06
2.16047e-07
8.10134e-06
2.38511e-07
8.09973e-06
2.64224e-07
8.09407e-06
2.89918e-07
8.08504e-06
3.12484e-07
8.07319e-06
3.30898e-07
8.06188e-06
3.42191e-07
8.05232e-06
3.48337e-07
8.0458e-06
3.49431e-07
8.04335e-06
3.48427e-07
8.04488e-06
3.47376e-07
8.05012e-06
3.47647e-07
3.50348e-07
7.46299e-06
-3.12805e-06
7.71048e-06
-2.46432e-06
7.70893e-06
-1.89769e-06
7.56111e-06
-1.4326e-06
7.36142e-06
-1.06927e-06
7.15332e-06
-7.90895e-07
6.95003e-06
-5.69977e-07
6.76434e-06
-3.95084e-07
6.60838e-06
-2.573e-07
6.48911e-06
-1.50232e-07
6.40236e-06
-6.31191e-08
6.33485e-06
1.0068e-08
6.28797e-06
6.30609e-08
6.25831e-06
1.06243e-07
6.24423e-06
1.30015e-07
6.24364e-06
1.42996e-07
6.25471e-06
1.46364e-07
6.2758e-06
1.45596e-07
6.3051e-06
1.4606e-07
6.33994e-06
1.49948e-07
6.37933e-06
1.58733e-07
6.42253e-06
1.72848e-07
6.46746e-06
1.9358e-07
6.51157e-06
2.2011e-07
6.55379e-06
2.47701e-07
6.59362e-06
2.72649e-07
6.6318e-06
2.92723e-07
6.67063e-06
3.03359e-07
6.71137e-06
3.076e-07
6.75418e-06
3.06625e-07
6.79987e-06
3.02736e-07
6.84914e-06
2.98105e-07
6.90238e-06
2.94409e-07
2.92994e-07
6.52893e-06
-2.89836e-06
6.04122e-06
-1.97661e-06
5.30522e-06
-1.16169e-06
4.46509e-06
-5.92479e-07
3.74976e-06
-3.53932e-07
3.15089e-06
-1.92034e-07
2.69803e-06
-1.17115e-07
2.37813e-06
-7.51795e-08
2.15032e-06
-2.94903e-08
1.9879e-06
1.21905e-08
1.89142e-06
3.3355e-08
1.8548e-06
4.66927e-08
1.86537e-06
5.24853e-08
1.91003e-06
6.15892e-08
1.97758e-06
6.24633e-08
2.06149e-06
5.90817e-08
2.15761e-06
5.02467e-08
2.26546e-06
3.77506e-08
2.38399e-06
2.75267e-08
2.50714e-06
2.67971e-08
2.63317e-06
3.27075e-08
2.76202e-06
4.39975e-08
2.89464e-06
6.0955e-08
3.03138e-06
8.33665e-08
3.17133e-06
1.07756e-07
3.31493e-06
1.29046e-07
3.46112e-06
1.46536e-07
3.60686e-06
1.57622e-07
3.75118e-06
1.63274e-07
3.89344e-06
1.64363e-07
4.03378e-06
1.62404e-07
4.17269e-06
1.59189e-07
4.31105e-06
1.56047e-07
1.53986e-07
3.72922e-06
1.75261e-06
5.90923e-07
-1.55602e-09
-3.55488e-07
-5.47521e-07
-6.64636e-07
-7.39816e-07
-7.69306e-07
-7.57115e-07
-7.2376e-07
-6.77068e-07
-6.24582e-07
-5.62993e-07
-5.0053e-07
-4.41448e-07
-3.91202e-07
-3.53451e-07
-3.25924e-07
-2.99127e-07
-2.6642e-07
-2.22422e-07
-1.61467e-07
-7.81008e-08
2.9655e-08
1.58701e-07
3.05238e-07
4.6286e-07
6.26134e-07
7.90497e-07
9.529e-07
1.11209e-06
1.26814e-06
)
;

boundaryField
{
    inlet
    {
        type            calculated;
        value           nonuniform List<scalar> 
14
(
-4.4328e-06
-4.4328e-06
-4.4328e-06
-4.4328e-06
-4.4328e-06
-4.4328e-06
-4.4328e-06
-4.4328e-06
-4.4328e-06
-4.4328e-06
-4.4328e-06
-4.4328e-06
-4.4328e-06
-4.4328e-06
)
;
    }
    outlet
    {
        type            calculated;
        value           nonuniform List<scalar> 0();
    }
    topWall
    {
        type            calculated;
        value           nonuniform List<scalar> 0();
    }
    lowerWall
    {
        type            calculated;
        value           uniform 0;
    }
    leadingEdge
    {
        type            calculated;
        value           uniform 0;
    }
    trailingEdge
    {
        type            calculated;
        value           nonuniform List<scalar> 0();
    }
    upperSurface
    {
        type            calculated;
        value           nonuniform List<scalar> 0();
    }
    lowerSurface
    {
        type            calculated;
        value           uniform 0;
    }
    frontAndBack
    {
        type            empty;
        value           nonuniform List<scalar> 0();
    }
    procBoundary0to1
    {
        type            processor;
        value           nonuniform List<scalar> 10(4.22516e-06 7.35928e-06 8.18724e-06 8.37461e-06 8.42765e-06 8.36998e-06 8.05912e-06 6.95973e-06 4.45006e-06 1.42212e-06);
    }
    procBoundary0to4
    {
        type            processor;
        value           nonuniform List<scalar> 
103
(
3.33409e-10
1.00171e-09
1.65106e-09
2.26683e-09
2.83875e-09
-4.44088e-06
5.94998e-12
6.77498e-12
7.46406e-12
8.0153e-12
8.42823e-12
8.71857e-12
8.90137e-12
9.00768e-12
9.06499e-12
9.11617e-12
9.19653e-12
9.35732e-12
9.63656e-12
1.00846e-11
1.07369e-11
1.16392e-11
1.2819e-11
1.4316e-11
1.61481e-11
1.83445e-11
2.09171e-11
2.3885e-11
2.72742e-11
3.10541e-11
3.53107e-11
3.98958e-11
4.50481e-11
5.0756e-11
5.67773e-11
6.35994e-11
7.0731e-11
7.88129e-11
8.7373e-11
9.69104e-11
1.07342e-10
1.18669e-10
1.31474e-10
1.45157e-10
1.60853e-10
1.77734e-10
1.96873e-10
2.18028e-10
2.41314e-10
2.67957e-10
2.96406e-10
3.29732e-10
3.64852e-10
4.06011e-10
4.49862e-10
5.00112e-10
5.55142e-10
6.16254e-10
6.84963e-10
7.59775e-10
8.44393e-10
9.37225e-10
1.03974e-09
1.15642e-09
1.27913e-09
1.4265e-09
1.57266e-09
1.75829e-09
1.93349e-09
2.17202e-09
2.40326e-09
2.65828e-09
2.94108e-09
3.25874e-09
3.61297e-09
4.00594e-09
4.44165e-09
4.92516e-09
5.4617e-09
6.05703e-09
6.71756e-09
7.45055e-09
8.26416e-09
9.16756e-09
1.01709e-08
1.12857e-08
1.25246e-08
1.39022e-08
1.54345e-08
1.71395e-08
1.90373e-08
2.11501e-08
2.35021e-08
2.61189e-08
2.90257e-08
3.22453e-08
3.57929e-08
3.96663e-08
4.38207e-08
4.8142e-08
5.23531e-08
5.61927e-08
5.63828e-08
)
;
    }
}


// ************************************************************************* //
