/*--------------------------------*- C++ -*----------------------------------*\
| =========                 |                                                 |
| \\      /  F ield         | OpenFOAM: The Open Source CFD Toolbox           |
|  \\    /   O peration     | Version:  2206                                  |
|   \\  /    A nd           | Website:  www.openfoam.com                      |
|    \\/     M anipulation  |                                                 |
\*---------------------------------------------------------------------------*/
FoamFile
{
    version     2.0;
    format      ascii;
    arch        "LSB;label=32;scalar=64";
    class       volVectorField;
    location    "18.9";
    object      U_0;
}
// * * * * * * * * * * * * * * * * * * * * * * * * * * * * * * * * * * * * * //

dimensions      [0 1 -1 0 0 0 0];

internalField   nonuniform List<vector> 
3038
(
(1.59358 0.284997 0)
(1.61455 0.347251 0)
(1.63775 0.401249 0)
(1.66227 0.446696 0)
(1.68731 0.483692 0)
(1.71228 0.512549 0)
(1.73678 0.533582 0)
(1.76076 0.546887 0)
(1.78479 0.551895 0)
(1.80881 0.547422 0)
(1.83284 0.532588 0)
(1.85699 0.506656 0)
(1.8812 0.469084 0)
(1.90538 0.419632 0)
(1.9293 0.358484 0)
(1.95262 0.286385 0)
(1.97487 0.204807 0)
(1.99549 0.116166 0)
(2.01351 0.0242148 0)
(2.02788 -0.066256 0)
(2.03804 -0.151994 0)
(2.0436 -0.230193 0)
(2.04432 -0.298589 0)
(2.04015 -0.355667 0)
(2.03124 -0.400643 0)
(2.01791 -0.433331 0)
(1.99983 -0.453929 0)
(1.97642 -0.462495 0)
(1.94864 -0.460428 0)
(1.9171 -0.450475 0)
(1.88297 -0.435027 0)
(1.84749 -0.415902 0)
(1.81186 -0.394041 0)
(1.77715 -0.369457 0)
(1.74422 -0.341481 0)
(1.7137 -0.309209 0)
(1.68606 -0.271886 0)
(1.66172 -0.229094 0)
(1.64108 -0.180806 0)
(1.62453 -0.127419 0)
(1.61241 -0.0697754 0)
(1.60497 -0.00916534 0)
(1.60231 0.0525916 0)
(1.60428 0.113462 0)
(1.61056 0.171819 0)
(1.62069 0.226125 0)
(1.63407 0.275058 0)
(1.65005 0.317607 0)
(1.66795 0.3531 0)
(1.68713 0.381186 0)
(1.70701 0.401772 0)
(1.7273 0.414835 0)
(1.74815 0.420038 0)
(1.76923 0.416794 0)
(1.79023 0.404987 0)
(1.81104 0.384707 0)
(1.83144 0.356182 0)
(1.85132 0.319729 0)
(1.87059 0.27574 0)
(1.88912 0.224723 0)
(1.90671 0.167387 0)
(1.92313 0.104814 0)
(1.93794 0.0387362 0)
(1.95034 -0.0278998 0)
(1.9597 -0.0924607 0)
(1.96562 -0.152794 0)
(1.9678 -0.20702 0)
(1.96603 -0.253699 0)
(1.96033 -0.291903 0)
(1.9509 -0.32119 0)
(1.93784 -0.341535 0)
(1.92072 -0.352947 0)
(1.9 -0.355563 0)
(1.87635 -0.350822 0)
(1.85059 -0.340243 0)
(1.82379 -0.325115 0)
(1.79696 -0.306362 0)
(1.77096 -0.284425 0)
(1.74648 -0.259344 0)
(1.72401 -0.230935 0)
(1.70391 -0.198986 0)
(1.68647 -0.163389 0)
(1.67195 -0.124225 0)
(1.66058 -0.081826 0)
(1.65259 -0.0368203 0)
(1.6481 0.00981278 0)
(1.64716 0.056602 0)
(1.64962 0.102227 0)
(1.65523 0.145498 0)
(1.66363 0.185305 0)
(1.6744 0.2207 0)
(1.68704 0.250962 0)
(1.70105 0.275627 0)
(1.71596 0.294468 0)
(1.73144 0.307387 0)
(1.74747 0.314191 0)
(1.76404 0.314406 0)
(1.7807 0.307791 0)
(1.79735 0.2944 0)
(1.8137 0.274455 0)
(1.82958 0.248315 0)
(1.84485 0.216415 0)
(1.85942 0.179246 0)
(1.8732 0.137393 0)
(1.88606 0.0916301 0)
(1.89775 0.0431395 0)
(1.90772 -0.00607896 0)
(1.91544 -0.054073 0)
(1.92054 -0.099334 0)
(1.92272 -0.140572 0)
(1.92189 -0.176755 0)
(1.91808 -0.207148 0)
(1.91141 -0.231404 0)
(1.90207 -0.249388 0)
(1.88994 -0.261061 0)
(1.87495 -0.266341 0)
(1.85775 -0.265758 0)
(1.83889 -0.260258 0)
(1.81916 -0.250619 0)
(1.79935 -0.237471 0)
(1.78013 -0.221221 0)
(1.57716 0.265606 0)
(1.59835 0.324867 0)
(1.6223 0.376798 0)
(1.64815 0.42101 0)
(1.67518 0.457451 0)
(1.70283 0.486204 0)
(1.73074 0.507324 0)
(1.75891 0.520604 0)
(1.78767 0.525346 0)
(1.81685 0.520587 0)
(1.84644 0.505535 0)
(1.87633 0.479473 0)
(1.9063 0.441932 0)
(1.93604 0.392779 0)
(1.96515 0.332313 0)
(1.99309 0.261399 0)
(2.01927 0.181608 0)
(2.04288 0.0955306 0)
(2.06269 0.00741031 0)
(2.07766 -0.0785893 0)
(2.08731 -0.159382 0)
(2.0913 -0.232361 0)
(2.08953 -0.295478 0)
(2.0821 -0.347365 0)
(2.06934 -0.38732 0)
(2.05134 -0.41508 0)
(2.02735 -0.430456 0)
(1.998 -0.433821 0)
(1.96405 -0.427667 0)
(1.92663 -0.414753 0)
(1.88712 -0.397574 0)
(1.84688 -0.377972 0)
(1.80722 -0.356814 0)
(1.76908 -0.333869 0)
(1.73319 -0.308214 0)
(1.70019 -0.278814 0)
(1.67049 -0.244789 0)
(1.64442 -0.205661 0)
(1.62235 -0.161404 0)
(1.60461 -0.1124 0)
(1.59152 -0.0594329 0)
(1.58332 -0.00368365 0)
(1.58011 0.0532285 0)
(1.58176 0.10948 0)
(1.58797 0.163594 0)
(1.59832 0.214168 0)
(1.61226 0.259979 0)
(1.62915 0.300064 0)
(1.64837 0.333739 0)
(1.6693 0.360578 0)
(1.69143 0.380329 0)
(1.71449 0.392749 0)
(1.73847 0.397407 0)
(1.76291 0.393889 0)
(1.78756 0.382109 0)
(1.81216 0.362091 0)
(1.83642 0.334014 0)
(1.86012 0.298178 0)
(1.88305 0.254985 0)
(1.90497 0.20498 0)
(1.9256 0.148924 0)
(1.94461 0.088011 0)
(1.9613 0.0243128 0)
(1.97474 -0.0391526 0)
(1.9843 -0.100074 0)
(1.98959 -0.15641 0)
(1.99034 -0.206425 0)
(1.98645 -0.24884 0)
(1.97808 -0.282859 0)
(1.96541 -0.308136 0)
(1.94818 -0.324521 0)
(1.92646 -0.331816 0)
(1.90108 -0.331055 0)
(1.87285 -0.323921 0)
(1.84293 -0.311967 0)
(1.81248 -0.296498 0)
(1.78252 -0.27835 0)
(1.75389 -0.257802 0)
(1.72723 -0.234692 0)
(1.70293 -0.208656 0)
(1.68129 -0.179368 0)
(1.66255 -0.146685 0)
(1.64695 -0.110675 0)
(1.63474 -0.0716544 0)
(1.62609 -0.0302052 0)
(1.62117 0.01277 0)
(1.61999 0.0559626 0)
(1.62243 0.0981829 0)
(1.62824 0.138344 0)
(1.63708 0.175429 0)
(1.64855 0.208556 0)
(1.66217 0.237037 0)
(1.67747 0.260388 0)
(1.69402 0.278284 0)
(1.71152 0.290486 0)
(1.72992 0.296667 0)
(1.74897 0.29644 0)
(1.7683 0.289683 0)
(1.78771 0.276428 0)
(1.80689 0.256853 0)
(1.82559 0.23127 0)
(1.84362 0.200077 0)
(1.86082 0.163748 0)
(1.87702 0.122887 0)
(1.89199 0.0783579 0)
(1.90529 0.0315695 0)
(1.91621 -0.0153377 0)
(1.92425 -0.0605987 0)
(1.92903 -0.102727 0)
(1.93024 -0.140666 0)
(1.92791 -0.173637 0)
(1.92222 -0.200938 0)
(1.9133 -0.222172 0)
(1.90104 -0.237195 0)
(1.88531 -0.245861 0)
(1.86678 -0.248467 0)
(1.84606 -0.246013 0)
(1.824 -0.239417 0)
(1.80147 -0.22947 0)
(1.77926 -0.216748 0)
(1.75805 -0.201544 0)
(1.56441 0.246258 0)
(1.58574 0.302081 0)
(1.61029 0.35141 0)
(1.63728 0.393787 0)
(1.66606 0.429 0)
(1.69613 0.456935 0)
(1.72718 0.477411 0)
(1.75924 0.49 0)
(1.79242 0.493979 0)
(1.82638 0.488569 0)
(1.86107 0.473047 0)
(1.89621 0.446766 0)
(1.9314 0.409357 0)
(1.96614 0.360794 0)
(1.99984 0.301483 0)
(2.03185 0.232366 0)
(2.06139 0.155167 0)
(2.08741 0.0727999 0)
(2.10844 -0.010363 0)
(2.12356 -0.0907779 0)
(2.13232 -0.165574 0)
(2.13447 -0.232385 0)
(2.13 -0.289404 0)
(2.11921 -0.335379 0)
(2.10242 -0.369591 0)
(2.07905 -0.391575 0)
(2.04919 -0.400874 0)
(2.01377 -0.399106 0)
(1.97378 -0.38905 0)
(1.93076 -0.373581 0)
(1.88629 -0.3553 0)
(1.84201 -0.336023 0)
(1.79908 -0.31626 0)
(1.75827 -0.295488 0)
(1.72022 -0.272647 0)
(1.68541 -0.246501 0)
(1.6543 -0.216111 0)
(1.62717 -0.180953 0)
(1.60427 -0.140974 0)
(1.58588 -0.0965576 0)
(1.5723 -0.0484427 0)
(1.56373 0.00228161 0)
(1.56026 0.054178 0)
(1.5618 0.105617 0)
(1.56807 0.155263 0)
(1.57867 0.201839 0)
(1.59311 0.244219 0)
(1.61082 0.281483 0)
(1.63121 0.312934 0)
(1.65372 0.338071 0)
(1.67789 0.356508 0)
(1.70349 0.367847 0)
(1.73031 0.371649 0)
(1.75782 0.367631 0)
(1.78576 0.355694 0)
(1.81376 0.335831 0)
(1.84148 0.308199 0)
(1.86858 0.273085 0)
(1.89475 0.230898 0)
(1.91966 0.182195 0)
(1.94298 0.1278 0)
(1.96419 0.0691184 0)
(1.98229 0.00865936 0)
(1.99631 -0.050845 0)
(2.00562 -0.107288 0)
(2.00981 -0.158814 0)
(2.00873 -0.2039 0)
(2.00243 -0.241407 0)
(1.99112 -0.270659 0)
(1.97468 -0.291292 0)
(1.95286 -0.302881 0)
(1.92651 -0.305861 0)
(1.89644 -0.301903 0)
(1.86392 -0.292716 0)
(1.8303 -0.279905 0)
(1.79683 -0.26472 0)
(1.76457 -0.247824 0)
(1.73412 -0.229178 0)
(1.70595 -0.208391 0)
(1.68039 -0.184976 0)
(1.65776 -0.158588 0)
(1.63825 -0.129041 0)
(1.62207 -0.0963887 0)
(1.60942 -0.0609295 0)
(1.60049 -0.0232128 0)
(1.59541 0.0159385 0)
(1.59421 0.055368 0)
(1.59676 0.0940044 0)
(1.60284 0.130859 0)
(1.61213 0.165003 0)
(1.62424 0.195618 0)
(1.63876 0.222038 0)
(1.65524 0.24375 0)
(1.6733 0.260356 0)
(1.69268 0.271498 0)
(1.71322 0.276806 0)
(1.73453 0.275995 0)
(1.75629 0.26899 0)
(1.7782 0.255796 0)
(1.79992 0.236563 0)
(1.82117 0.211568 0)
(1.84169 0.181174 0)
(1.86126 0.145851 0)
(1.87962 0.106245 0)
(1.89636 0.0633633 0)
(1.91075 0.0189455 0)
(1.92204 -0.0249927 0)
(1.92984 -0.0668522 0)
(1.93367 -0.10527 0)
(1.93385 -0.139464 0)
(1.93006 -0.168801 0)
(1.9222 -0.192456 0)
(1.91051 -0.210124 0)
(1.89471 -0.221569 0)
(1.8754 -0.22689 0)
(1.85331 -0.227033 0)
(1.82936 -0.222996 0)
(1.80455 -0.215699 0)
(1.77977 -0.205896 0)
(1.75583 -0.194065 0)
(1.73328 -0.180305 0)
(1.55452 0.226929 0)
(1.57601 0.278952 0)
(1.6011 0.32522 0)
(1.6291 0.36521 0)
(1.65946 0.398568 0)
(1.69174 0.425002 0)
(1.72571 0.444138 0)
(1.76137 0.455424 0)
(1.79848 0.4582 0)
(1.83679 0.451832 0)
(1.87607 0.435647 0)
(1.91585 0.409116 0)
(1.9556 0.371986 0)
(1.99464 0.32434 0)
(2.03224 0.266655 0)
(2.06763 0.199957 0)
(2.0999 0.126141 0)
(2.12763 0.0485806 0)
(2.14932 -0.0285952 0)
(2.16413 -0.102402 0)
(2.17161 -0.17025 0)
(2.1716 -0.230049 0)
(2.16428 -0.280199 0)
(2.15 -0.319521 0)
(2.12859 -0.347156 0)
(2.09954 -0.362248 0)
(2.06382 -0.36518 0)
(2.02229 -0.358366 0)
(1.97653 -0.344719 0)
(1.92836 -0.327334 0)
(1.87974 -0.308874 0)
(1.83224 -0.290766 0)
(1.78678 -0.273067 0)
(1.74409 -0.255018 0)
(1.7047 -0.235426 0)
(1.66897 -0.212976 0)
(1.6372 -0.186548 0)
(1.60969 -0.155606 0)
(1.58659 -0.1201 0)
(1.56812 -0.0804046 0)
(1.55451 -0.0372432 0)
(1.54597 0.008377 0)
(1.54257 0.0551762 0)
(1.54422 0.1017 0)
(1.55067 0.146733 0)
(1.5616 0.189119 0)
(1.57656 0.227819 0)
(1.59503 0.261953 0)
(1.6165 0.290813 0)
(1.64046 0.313831 0)
(1.66653 0.330512 0)
(1.69445 0.340388 0)
(1.72376 0.343076 0)
(1.75402 0.33837 0)
(1.78486 0.326131 0)
(1.81586 0.30635 0)
(1.84658 0.279178 0)
(1.87662 0.244894 0)
(1.90558 0.2039 0)
(1.93307 0.156772 0)
(1.95865 0.104452 0)
(1.98151 0.0486889 0)
(2.00041 -0.00771211 0)
(2.01446 -0.0624413 0)
(2.02295 -0.113569 0)
(2.0255 -0.159541 0)
(2.02218 -0.199037 0)
(2.01317 -0.231066 0)
(1.99842 -0.255002 0)
(1.97749 -0.270172 0)
(1.95102 -0.27645 0)
(1.91986 -0.275299 0)
(1.88535 -0.26848 0)
(1.84905 -0.257809 0)
(1.81247 -0.244894 0)
(1.77694 -0.230763 0)
(1.74314 -0.215617 0)
(1.71158 -0.199197 0)
(1.68263 -0.181013 0)
(1.65654 -0.160504 0)
(1.63354 -0.137216 0)
(1.61383 -0.110975 0)
(1.59756 -0.0818221 0)
(1.58491 -0.0500423 0)
(1.57604 -0.0161612 0)
(1.5711 0.019069 0)
(1.57009 0.0546378 0)
(1.57291 0.0895776 0)
(1.57934 0.12299 0)
(1.58911 0.154025 0)
(1.60187 0.181922 0)
(1.61724 0.206031 0)
(1.63484 0.225812 0)
(1.65432 0.240805 0)
(1.67544 0.250595 0)
(1.69789 0.254837 0)
(1.72123 0.253328 0)
(1.74514 0.245979 0)
(1.76926 0.232783 0)
(1.79324 0.213871 0)
(1.81674 0.189486 0)
(1.83948 0.159974 0)
(1.86115 0.125823 0)
(1.88135 0.0877907 0)
(1.89938 0.0471793 0)
(1.91427 0.00593191 0)
(1.92544 -0.03437 0)
(1.93252 -0.0723216 0)
(1.93478 -0.106848 0)
(1.93407 -0.136937 0)
(1.92794 -0.161957 0)
(1.91736 -0.181331 0)
(1.90213 -0.194792 0)
(1.88264 -0.2022 0)
(1.8597 -0.204397 0)
(1.83435 -0.202416 0)
(1.80769 -0.197262 0)
(1.78079 -0.189836 0)
(1.7546 -0.180765 0)
(1.72967 -0.170245 0)
(1.70641 -0.158186 0)
(1.54674 0.207558 0)
(1.56844 0.255486 0)
(1.59405 0.298297 0)
(1.62301 0.335397 0)
(1.65482 0.366316 0)
(1.68916 0.390608 0)
(1.72585 0.40777 0)
(1.7647 0.417247 0)
(1.80532 0.418481 0)
(1.84746 0.4109 0)
(1.89069 0.39393 0)
(1.93444 0.367183 0)
(1.97799 0.330529 0)
(2.02055 0.284127 0)
(2.0613 0.228504 0)
(2.09937 0.164784 0)
(2.13362 0.0951608 0)
(2.16229 0.0234958 0)
(2.18405 -0.0467773 0)
(2.19804 -0.113002 0)
(2.20375 -0.173041 0)
(2.20122 -0.225097 0)
(2.19087 -0.2676 0)
(2.17265 -0.299463 0)
(2.14587 -0.319508 0)
(2.1112 -0.326961 0)
(2.06936 -0.323536 0)
(2.02191 -0.311872 0)
(1.97084 -0.295214 0)
(1.91835 -0.276854 0)
(1.86661 -0.259209 0)
(1.8168 -0.243076 0)
(1.76981 -0.228145 0)
(1.72623 -0.21341 0)
(1.68642 -0.197514 0)
(1.65064 -0.179059 0)
(1.61905 -0.156877 0)
(1.59184 -0.130312 0)
(1.56919 -0.0993767 0)
(1.55117 -0.0644545 0)
(1.53801 -0.0262613 0)
(1.52988 0.014253 0)
(1.52685 0.0559442 0)
(1.52885 0.0975283 0)
(1.53567 0.137882 0)
(1.54702 0.175954 0)
(1.56254 0.210784 0)
(1.58177 0.241529 0)
(1.60428 0.267466 0)
(1.62963 0.287977 0)
(1.65748 0.30252 0)
(1.68742 0.310644 0)
(1.71891 0.312032 0)
(1.75156 0.306473 0)
(1.78489 0.293822 0)
(1.81842 0.274087 0)
(1.85167 0.247412 0)
(1.88417 0.214063 0)
(1.91548 0.174436 0)
(1.94512 0.12915 0)
(1.97241 0.0793521 0)
(1.99606 0.0273684 0)
(2.01491 -0.0242733 0)
(2.02823 -0.0733941 0)
(2.03529 -0.118234 0)
(2.03574 -0.15791 0)
(2.02981 -0.191408 0)
(2.01767 -0.21748 0)
(1.99855 -0.235228 0)
(1.9728 -0.244069 0)
(1.9413 -0.245158 0)
(1.90546 -0.240208 0)
(1.86704 -0.231158 0)
(1.82781 -0.219903 0)
(1.78942 -0.207823 0)
(1.75271 -0.195391 0)
(1.71828 -0.182488 0)
(1.68649 -0.168673 0)
(1.65758 -0.153352 0)
(1.6317 -0.135921 0)
(1.609 -0.115893 0)
(1.58963 -0.0930365 0)
(1.57376 -0.0674418 0)
(1.56152 -0.0393887 0)
(1.55306 -0.00937683 0)
(1.54853 0.0219025 0)
(1.54793 0.0535803 0)
(1.55117 0.0847753 0)
(1.55807 0.11467 0)
(1.56839 0.142478 0)
(1.58183 0.167484 0)
(1.59806 0.189055 0)
(1.61676 0.206635 0)
(1.63761 0.21974 0)
(1.6603 0.227963 0)
(1.68439 0.231007 0)
(1.70952 0.228701 0)
(1.7353 0.220927 0)
(1.76135 0.207678 0)
(1.78729 0.189065 0)
(1.81277 0.165307 0)
(1.83745 0.136755 0)
(1.86092 0.103988 0)
(1.88253 0.0679864 0)
(1.90122 0.0304378 0)
(1.91614 -0.00706788 0)
(1.92681 -0.0431386 0)
(1.93254 -0.0766737 0)
(1.93361 -0.106678 0)
(1.92988 -0.132113 0)
(1.92074 -0.15224 0)
(1.90643 -0.166781 0)
(1.88728 -0.175495 0)
(1.86402 -0.179097 0)
(1.83777 -0.178597 0)
(1.80979 -0.175057 0)
(1.78126 -0.169486 0)
(1.75329 -0.16263 0)
(1.7265 -0.154773 0)
(1.70131 -0.145881 0)
(1.67802 -0.135752 0)
(1.54031 0.187993 0)
(1.56231 0.231613 0)
(1.58848 0.270636 0)
(1.61835 0.304401 0)
(1.65157 0.332343 0)
(1.68787 0.353926 0)
(1.72701 0.36862 0)
(1.76857 0.375921 0)
(1.81225 0.375356 0)
(1.85763 0.366399 0)
(1.90414 0.34862 0)
(1.95108 0.321778 0)
(1.99763 0.285844 0)
(2.04292 0.241026 0)
(2.08609 0.187883 0)
(2.12614 0.127693 0)
(2.16143 0.0632443 0)
(2.19021 -0.00177559 0)
(2.21134 -0.0643669 0)
(2.22387 -0.122121 0)
(2.22724 -0.173464 0)
(2.22183 -0.217014 0)
(2.20798 -0.251284 0)
(2.1849 -0.274813 0)
(2.1526 -0.285992 0)
(2.11174 -0.285646 0)
(2.06373 -0.275933 0)
(2.01071 -0.25994 0)
(1.95514 -0.241276 0)
(1.8997 -0.223185 0)
(1.84601 -0.207344 0)
(1.79515 -0.194021 0)
(1.74786 -0.182543 0)
(1.70454 -0.17165 0)
(1.66537 -0.159833 0)
(1.63045 -0.145621 0)
(1.59985 -0.127818 0)
(1.57366 -0.105741 0)
(1.55201 -0.0793831 0)
(1.53498 -0.0492049 0)
(1.52271 -0.0159193 0)
(1.51535 0.0195587 0)
(1.513 0.0562146 0)
(1.51559 0.092903 0)
(1.52296 0.128568 0)
(1.53487 0.162251 0)
(1.55103 0.193058 0)
(1.57108 0.220179 0)
(1.59464 0.242901 0)
(1.62136 0.260602 0)
(1.65078 0.272746 0)
(1.68241 0.278935 0)
(1.71578 0.278884 0)
(1.75042 0.272358 0)
(1.7858 0.259238 0)
(1.8214 0.239544 0)
(1.8567 0.213408 0)
(1.89122 0.181073 0)
(1.92447 0.14295 0)
(1.95579 0.0998508 0)
(1.98389 0.0535014 0)
(2.00727 0.00626821 0)
(2.025 -0.0397938 0)
(2.03649 -0.0827144 0)
(2.0407 -0.121158 0)
(2.03988 -0.154118 0)
(2.03084 -0.180906 0)
(2.01418 -0.199955 0)
(1.9899 -0.21032 0)
(1.95869 -0.21283 0)
(1.92212 -0.209098 0)
(1.88215 -0.201093 0)
(1.84083 -0.190907 0)
(1.8001 -0.180227 0)
(1.76105 -0.169794 0)
(1.72433 -0.159646 0)
(1.69037 -0.149415 0)
(1.65934 -0.138503 0)
(1.63132 -0.126218 0)
(1.60637 -0.111931 0)
(1.58459 -0.0951787 0)
(1.56611 -0.0757366 0)
(1.55107 -0.0536765 0)
(1.53962 -0.029323 0)
(1.5319 -0.00314934 0)
(1.52803 0.0242138 0)
(1.52805 0.0520223 0)
(1.53188 0.079459 0)
(1.53938 0.105777 0)
(1.55036 0.130256 0)
(1.56456 0.152222 0)
(1.58171 0.171067 0)
(1.60152 0.186246 0)
(1.62364 0.197286 0)
(1.64765 0.203814 0)
(1.67318 0.205582 0)
(1.69983 0.202392 0)
(1.7272 0.194127 0)
(1.75489 0.180778 0)
(1.78252 0.162435 0)
(1.80972 0.139313 0)
(1.83606 0.111821 0)
(1.8609 0.0807266 0)
(1.88312 0.0474865 0)
(1.90168 0.0136158 0)
(1.9158 -0.0195458 0)
(1.92492 -0.050802 0)
(1.92876 -0.0792085 0)
(1.9271 -0.103872 0)
(1.9198 -0.123946 0)
(1.90664 -0.138767 0)
(1.88811 -0.147979 0)
(1.86495 -0.152296 0)
(1.8383 -0.152676 0)
(1.80954 -0.150201 0)
(1.77997 -0.145958 0)
(1.75082 -0.140788 0)
(1.72278 -0.135061 0)
(1.69631 -0.128791 0)
(1.67168 -0.121781 0)
(1.64907 -0.113726 0)
(1.53463 0.168213 0)
(1.557 0.20731 0)
(1.58377 0.242228 0)
(1.61458 0.272252 0)
(1.64919 0.296764 0)
(1.68725 0.315188 0)
(1.72841 0.327043 0)
(1.77232 0.331912 0)
(1.81853 0.329342 0)
(1.86651 0.318924 0)
(1.91556 0.300382 0)
(1.96491 0.273602 0)
(2.01369 0.238606 0)
(2.06107 0.195607 0)
(2.10609 0.145286 0)
(2.14732 0.0893929 0)
(2.18258 0.0311451 0)
(2.21036 -0.026394 0)
(2.22961 -0.0803786 0)
(2.23951 -0.128726 0)
(2.24022 -0.170755 0)
(2.2319 -0.205534 0)
(2.21345 -0.230845 0)
(2.18463 -0.244409 0)
(2.14571 -0.246262 0)
(2.09809 -0.238098 0)
(2.04407 -0.222616 0)
(1.98633 -0.203425 0)
(1.92801 -0.184304 0)
(1.87124 -0.167753 0)
(1.8173 -0.154714 0)
(1.76705 -0.14499 0)
(1.72096 -0.137566 0)
(1.67922 -0.130931 0)
(1.64181 -0.123421 0)
(1.6087 -0.113534 0)
(1.57985 -0.100116 0)
(1.55531 -0.0824997 0)
(1.53521 -0.0606554 0)
(1.51963 -0.0351164 0)
(1.50865 -0.00660859 0)
(1.50241 0.0239799 0)
(1.50102 0.0557071 0)
(1.50443 0.0875839 0)
(1.51255 0.118606 0)
(1.5252 0.147871 0)
(1.54214 0.174554 0)
(1.56311 0.197893 0)
(1.58775 0.217191 0)
(1.61565 0.231854 0)
(1.64637 0.241441 0)
(1.67943 0.245585 0)
(1.71433 0.243979 0)
(1.75053 0.236414 0)
(1.78751 0.222794 0)
(1.82471 0.203137 0)
(1.86165 0.177549 0)
(1.89782 0.146264 0)
(1.93261 0.109842 0)
(1.96484 0.0696537 0)
(1.99281 0.0278609 0)
(2.01529 -0.0137289 0)
(2.03135 -0.053395 0)
(2.03996 -0.0897348 0)
(2.04138 -0.121397 0)
(2.03717 -0.147241 0)
(2.02255 -0.166158 0)
(1.99988 -0.176705 0)
(1.96939 -0.179609 0)
(1.93255 -0.1763 0)
(1.8916 -0.168704 0)
(1.84882 -0.159026 0)
(1.80648 -0.149182 0)
(1.76583 -0.140139 0)
(1.72764 -0.13209 0)
(1.69234 -0.124749 0)
(1.66007 -0.117514 0)
(1.63082 -0.109638 0)
(1.60454 -0.100398 0)
(1.58123 -0.0892001 0)
(1.56096 -0.0756396 0)
(1.54384 -0.0595301 0)
(1.53005 -0.0409346 0)
(1.51973 -0.0201879 0)
(1.51303 0.00223501 0)
(1.51006 0.0257591 0)
(1.51089 0.049728 0)
(1.51549 0.0734409 0)
(1.52376 0.0961911 0)
(1.53554 0.117297 0)
(1.55062 0.13613 0)
(1.56874 0.152105 0)
(1.58956 0.164729 0)
(1.61274 0.173601 0)
(1.6379 0.178384 0)
(1.66464 0.1788 0)
(1.69256 0.174656 0)
(1.72126 0.165842 0)
(1.75035 0.152337 0)
(1.77945 0.134224 0)
(1.8081 0.111761 0)
(1.83561 0.0855578 0)
(1.86076 0.0569135 0)
(1.88238 0.0272198 0)
(1.89954 -0.00225209 0)
(1.91153 -0.0303365 0)
(1.91795 -0.0560964 0)
(1.91858 -0.078737 0)
(1.91319 -0.0975859 0)
(1.9014 -0.111796 0)
(1.88372 -0.120713 0)
(1.86094 -0.125025 0)
(1.83433 -0.125673 0)
(1.80534 -0.123735 0)
(1.77538 -0.120335 0)
(1.74577 -0.116379 0)
(1.71725 -0.112298 0)
(1.69026 -0.108134 0)
(1.66506 -0.103692 0)
(1.64178 -0.0986617 0)
(1.6205 -0.0926865 0)
(1.52907 0.147973 0)
(1.55195 0.182414 0)
(1.57945 0.212995 0)
(1.61125 0.238964 0)
(1.64703 0.25967 0)
(1.68652 0.274639 0)
(1.72936 0.283458 0)
(1.77513 0.285736 0)
(1.82328 0.281121 0)
(1.87316 0.269338 0)
(1.92401 0.250211 0)
(1.97505 0.223652 0)
(2.02553 0.189687 0)
(2.07462 0.148647 0)
(2.12106 0.101613 0)
(2.16257 0.0511956 0)
(2.19705 0.000247473 0)
(2.22286 -0.0486917 0)
(2.23903 -0.0935203 0)
(2.2442 -0.132918 0)
(2.24328 -0.165349 0)
(2.22941 -0.190431 0)
(2.20383 -0.204423 0)
(2.16702 -0.20698 0)
(2.12 -0.199455 0)
(2.06544 -0.184136 0)
(2.0064 -0.16437 0)
(1.94629 -0.144069 0)
(1.88775 -0.12629 0)
(1.8321 -0.112563 0)
(1.78026 -0.103252 0)
(1.73273 -0.0977683 0)
(1.68965 -0.0947734 0)
(1.65095 -0.092533 0)
(1.61646 -0.0893124 0)
(1.58605 -0.0836406 0)
(1.55965 -0.0744467 0)
(1.53733 -0.0611359 0)
(1.51923 -0.0436699 0)
(1.50546 -0.0225945 0)
(1.49611 0.00131255 0)
(1.4913 0.0271984 0)
(1.49112 0.0541879 0)
(1.49559 0.0813625 0)
(1.50465 0.107802 0)
(1.51818 0.132655 0)
(1.53601 0.155149 0)
(1.55787 0.174584 0)
(1.58345 0.19035 0)
(1.61236 0.201932 0)
(1.64417 0.208909 0)
(1.67836 0.210945 0)
(1.71441 0.207766 0)
(1.75176 0.199171 0)
(1.78991 0.185047 0)
(1.82835 0.165385 0)
(1.86662 0.140297 0)
(1.90408 0.110125 0)
(1.9396 0.0759256 0)
(1.97137 0.0396626 0)
(1.99795 0.00305776 0)
(2.01811 -0.032125 0)
(2.03115 -0.0644826 0)
(2.03573 -0.0933222 0)
(2.0334 -0.117331 0)
(2.0211 -0.135049 0)
(1.99963 -0.144495 0)
(1.96976 -0.146661 0)
(1.93299 -0.142955 0)
(1.89165 -0.135158 0)
(1.84825 -0.12551 0)
(1.80531 -0.116065 0)
(1.76418 -0.107931 0)
(1.72566 -0.101433 0)
(1.69017 -0.0963513 0)
(1.65779 -0.0921021 0)
(1.62842 -0.0879155 0)
(1.60193 -0.0829953 0)
(1.57818 -0.0766454 0)
(1.55715 -0.068349 0)
(1.53889 -0.0577904 0)
(1.52358 -0.0448401 0)
(1.51139 -0.0295684 0)
(1.50251 -0.0122845 0)
(1.4971 0.00653135 0)
(1.49527 0.0263567 0)
(1.4971 0.0465951 0)
(1.5026 0.0666023 0)
(1.51173 0.0857413 0)
(1.52437 0.103404 0)
(1.54033 0.119027 0)
(1.55935 0.132108 0)
(1.5811 0.142201 0)
(1.60523 0.14891 0)
(1.63135 0.151902 0)
(1.6591 0.150913 0)
(1.68809 0.145754 0)
(1.71796 0.136312 0)
(1.74831 0.122567 0)
(1.77863 0.104657 0)
(1.80813 0.083118 0)
(1.83543 0.0591409 0)
(1.85932 0.0339479 0)
(1.87872 0.00868669 0)
(1.89279 -0.0155628 0)
(1.90109 -0.0379311 0)
(1.90344 -0.0577082 0)
(1.89954 -0.0743354 0)
(1.88898 -0.0868415 0)
(1.87217 -0.094616 0)
(1.84997 -0.0982446 0)
(1.8238 -0.0985996 0)
(1.79517 -0.0967447 0)
(1.7656 -0.0938021 0)
(1.73642 -0.0906821 0)
(1.70835 -0.0878282 0)
(1.68179 -0.0852916 0)
(1.65696 -0.0828956 0)
(1.63394 -0.0803347 0)
(1.61275 -0.0772388 0)
(1.5934 -0.0732374 0)
(1.52416 0.127388 0)
(1.54696 0.156975 0)
(1.57484 0.183023 0)
(1.60731 0.204729 0)
(1.64401 0.221485 0)
(1.68463 0.23282 0)
(1.72877 0.238383 0)
(1.77591 0.237914 0)
(1.8254 0.231198 0)
(1.87651 0.218036 0)
(1.92851 0.198287 0)
(1.98084 0.171872 0)
(2.03293 0.138879 0)
(2.08372 0.100005 0)
(2.13074 0.0573143 0)
(2.17143 0.0133623 0)
(2.20352 -0.0291756 0)
(2.22592 -0.0682172 0)
(2.23693 -0.103045 0)
(2.23824 -0.132502 0)
(2.22922 -0.155111 0)
(2.20516 -0.167222 0)
(2.16876 -0.16854 0)
(2.12165 -0.160483 0)
(2.06647 -0.144889 0)
(2.00675 -0.12471 0)
(1.94636 -0.10369 0)
(1.88796 -0.0848971 0)
(1.83288 -0.0701745 0)
(1.7819 -0.0603786 0)
(1.73533 -0.0554462 0)
(1.69314 -0.0544523 0)
(1.65514 -0.0558308 0)
(1.62106 -0.0577622 0)
(1.59066 -0.0585213 0)
(1.56378 -0.0567194 0)
(1.54041 -0.0514117 0)
(1.52066 -0.0421111 0)
(1.50479 -0.0287918 0)
(1.49303 -0.0119523 0)
(1.4855 0.00759391 0)
(1.48231 0.0290063 0)
(1.48355 0.0514662 0)
(1.48924 0.0740966 0)
(1.49935 0.09603 0)
(1.51383 0.116516 0)
(1.53254 0.134858 0)
(1.55523 0.150421 0)
(1.58163 0.162652 0)
(1.61137 0.171093 0)
(1.64403 0.175396 0)
(1.67906 0.175286 0)
(1.71589 0.170511 0)
(1.75402 0.16084 0)
(1.793 0.146124 0)
(1.83244 0.126344 0)
(1.87168 0.101753 0)
(1.90943 0.0732458 0)
(1.94377 0.0425164 0)
(1.97307 0.0112758 0)
(1.99582 -0.0188661 0)
(2.01078 -0.0467642 0)
(2.01802 -0.0711368 0)
(2.01688 -0.0915498 0)
(2.00585 -0.106593 0)
(1.985 -0.114114 0)
(1.95531 -0.114767 0)
(1.9187 -0.109988 0)
(1.87763 -0.101577 0)
(1.83478 -0.0917344 0)
(1.79271 -0.0824914 0)
(1.75268 -0.0749744 0)
(1.71546 -0.0695871 0)
(1.68134 -0.06619 0)
(1.65033 -0.0642584 0)
(1.62226 -0.0630346 0)
(1.59688 -0.0616822 0)
(1.57397 -0.0594214 0)
(1.55338 -0.0556336 0)
(1.53511 -0.0499174 0)
(1.51927 -0.0420714 0)
(1.50607 -0.0320339 0)
(1.49575 -0.0198744 0)
(1.48855 -0.00587097 0)
(1.48464 0.00950474 0)
(1.48414 0.0257843 0)
(1.48711 0.0424212 0)
(1.49363 0.0588232 0)
(1.50368 0.0744251 0)
(1.51719 0.0886882 0)
(1.53401 0.101123 0)
(1.55387 0.111299 0)
(1.57646 0.118827 0)
(1.60141 0.123331 0)
(1.62837 0.124481 0)
(1.657 0.122017 0)
(1.68698 0.115753 0)
(1.71789 0.105586 0)
(1.74914 0.0916181 0)
(1.77972 0.0743859 0)
(1.80814 0.0549514 0)
(1.83312 0.0343519 0)
(1.85352 0.013624 0)
(1.86845 -0.00628136 0)
(1.87752 -0.0245964 0)
(1.88063 -0.0408082 0)
(1.87734 -0.0544935 0)
(1.86732 -0.0644612 0)
(1.85103 -0.0703418 0)
(1.82947 -0.0727138 0)
(1.80412 -0.0723587 0)
(1.77656 -0.0702842 0)
(1.74834 -0.0675669 0)
(1.72071 -0.0650395 0)
(1.69425 -0.0630919 0)
(1.66929 -0.061776 0)
(1.64597 -0.0609429 0)
(1.62431 -0.0603076 0)
(1.60426 -0.0595042 0)
(1.5858 -0.0581494 0)
(1.56889 -0.0558983 0)
(1.52395 0.107727 0)
(1.54447 0.131532 0)
(1.57094 0.152476 0)
(1.60277 0.169589 0)
(1.63941 0.182165 0)
(1.68039 0.189726 0)
(1.72523 0.192035 0)
(1.77327 0.189013 0)
(1.82377 0.180545 0)
(1.87609 0.166393 0)
(1.92981 0.14617 0)
(1.98456 0.119494 0)
(2.03925 0.0868709 0)
(2.09064 0.0507779 0)
(2.13547 0.0136545 0)
(2.17139 -0.021838 0)
(2.1971 -0.0536478 0)
(2.21058 -0.0820488 0)
(2.21369 -0.105695 0)
(2.20266 -0.123811 0)
(2.17733 -0.132252 0)
(2.13914 -0.130738 0)
(2.09048 -0.120977 0)
(2.03458 -0.104906 0)
(1.97525 -0.0850303 0)
(1.91671 -0.0645216 0)
(1.86122 -0.0458703 0)
(1.80998 -0.0308293 0)
(1.76346 -0.0204968 0)
(1.7216 -0.0152334 0)
(1.68399 -0.0146412 0)
(1.65012 -0.0176849 0)
(1.6195 -0.0227507 0)
(1.59174 -0.0280639 0)
(1.56656 -0.0320065 0)
(1.54388 -0.0333285 0)
(1.52384 -0.0312614 0)
(1.50677 -0.0254957 0)
(1.49308 -0.0160299 0)
(1.48319 -0.00323601 0)
(1.47734 0.0120563 0)
(1.47571 0.0290735 0)
(1.47838 0.0472037 0)
(1.4853 0.0655574 0)
(1.49649 0.0831803 0)
(1.51193 0.0994295 0)
(1.53146 0.113715 0)
(1.55486 0.125464 0)
(1.58188 0.134185 0)
(1.61221 0.139504 0)
(1.64543 0.141191 0)
(1.68102 0.139074 0)
(1.71845 0.132864 0)
(1.75728 0.122155 0)
(1.79711 0.106678 0)
(1.83718 0.0866775 0)
(1.87571 0.0633276 0)
(1.91067 0.0380164 0)
(1.94035 0.0121984 0)
(1.9632 -0.0124675 0)
(1.9783 -0.034762 0)
(1.98535 -0.0541476 0)
(1.98363 -0.0703451 0)
(1.97193 -0.0813672 0)
(1.95046 -0.0858673 0)
(1.9204 -0.0844225 0)
(1.88403 -0.0782266 0)
(1.84409 -0.0691045 0)
(1.80348 -0.0592247 0)
(1.76431 -0.0503342 0)
(1.7276 -0.0434102 0)
(1.69386 -0.0388581 0)
(1.66322 -0.036648 0)
(1.63554 -0.0363628 0)
(1.61054 -0.037311 0)
(1.58788 -0.0386725 0)
(1.56727 -0.0396338 0)
(1.54848 -0.0395026 0)
(1.53144 -0.0377878 0)
(1.51622 -0.0342234 0)
(1.50302 -0.0287285 0)
(1.49211 -0.0213191 0)
(1.48381 -0.0120619 0)
(1.4784 -0.00118098 0)
(1.47611 0.0109098 0)
(1.47702 0.0238554 0)
(1.48121 0.0371105 0)
(1.48879 0.0500425 0)
(1.4998 0.0621707 0)
(1.5142 0.0730541 0)
(1.53186 0.0823044 0)
(1.55255 0.0896062 0)
(1.57594 0.0946383 0)
(1.60167 0.097012 0)
(1.62942 0.0963376 0)
(1.65889 0.0923236 0)
(1.6896 0.0848398 0)
(1.72081 0.0740777 0)
(1.75112 0.060735 0)
(1.77908 0.0456365 0)
(1.80339 0.0296606 0)
(1.8229 0.0137099 0)
(1.83689 -0.00142534 0)
(1.84511 -0.0152511 0)
(1.84752 -0.027542 0)
(1.84355 -0.0377552 0)
(1.83314 -0.0445867 0)
(1.81693 -0.0481229 0)
(1.7961 -0.0489257 0)
(1.77217 -0.0477181 0)
(1.74669 -0.0454124 0)
(1.72115 -0.042936 0)
(1.69643 -0.0409335 0)
(1.67297 -0.0397029 0)
(1.65099 -0.0392913 0)
(1.63051 -0.0395843 0)
(1.61148 -0.0403359 0)
(1.59378 -0.0412092 0)
(1.57733 -0.0418365 0)
(1.56206 -0.0418731 0)
(1.54799 -0.0410356 0)
(1.54243 0.093342 0)
(1.55732 0.11018 0)
(1.57917 0.124906 0)
(1.60759 0.136464 0)
(1.64205 0.144051 0)
(1.68201 0.147137 0)
(1.72688 0.145546 0)
(1.77586 0.139309 0)
(1.828 0.128155 0)
(1.88244 0.111396 0)
(1.93814 0.088786 0)
(1.99335 0.0613686 0)
(2.04483 0.032179 0)
(2.08928 0.00379327 0)
(2.12359 -0.0227274 0)
(2.14515 -0.0479048 0)
(2.1564 -0.068555 0)
(2.15477 -0.0852936 0)
(2.1385 -0.0947371 0)
(2.10829 -0.0974037 0)
(2.06573 -0.0922619 0)
(2.01411 -0.0804762 0)
(1.95753 -0.0640119 0)
(1.90049 -0.0454358 0)
(1.84636 -0.0270509 0)
(1.79698 -0.0104597 0)
(1.75328 0.00315211 0)
(1.71536 0.0129026 0)
(1.68267 0.018242 0)
(1.65429 0.0190491 0)
(1.62923 0.0159081 0)
(1.60662 0.00991302 0)
(1.58577 0.00248762 0)
(1.56605 -0.00485066 0)
(1.54718 -0.0107146 0)
(1.52923 -0.0140661 0)
(1.51263 -0.014353 0)
(1.49804 -0.0114308 0)
(1.48617 -0.00531091 0)
(1.4776 0.00377602 0)
(1.47306 0.0151777 0)
(1.47232 0.0281392 0)
(1.47524 0.0419969 0)
(1.48334 0.0559899 0)
(1.49545 0.069383 0)
(1.51171 0.081552 0)
(1.53193 0.0919253 0)
(1.55589 0.0999884 0)
(1.58338 0.105304 0)
(1.61424 0.10754 0)
(1.6482 0.106538 0)
(1.6847 0.102177 0)
(1.72292 0.094075 0)
(1.76201 0.0818577 0)
(1.80087 0.0659102 0)
(1.8377 0.0476286 0)
(1.87057 0.0282145 0)
(1.89736 0.00865827 0)
(1.91657 -0.0101168 0)
(1.92823 -0.0265383 0)
(1.93172 -0.0407757 0)
(1.92581 -0.0520609 0)
(1.91047 -0.0579809 0)
(1.88647 -0.0587438 0)
(1.85556 -0.0549287 0)
(1.82033 -0.0477121 0)
(1.78364 -0.0387389 0)
(1.74807 -0.0297431 0)
(1.71482 -0.021902 0)
(1.68451 -0.0159121 0)
(1.65727 -0.0121268 0)
(1.63291 -0.0106419 0)
(1.61111 -0.0112922 0)
(1.59145 -0.0135314 0)
(1.57352 -0.0166187 0)
(1.55695 -0.0197807 0)
(1.54148 -0.0223037 0)
(1.527 -0.023625 0)
(1.5136 -0.0234066 0)
(1.50147 -0.021523 0)
(1.49093 -0.017987 0)
(1.48231 -0.0128596 0)
(1.47601 -0.00618643 0)
(1.47241 0.00188042 0)
(1.47171 0.0109852 0)
(1.47375 0.0207414 0)
(1.47939 0.0306384 0)
(1.48813 0.0401975 0)
(1.50014 0.0490008 0)
(1.51546 0.0566442 0)
(1.53405 0.0628043 0)
(1.55571 0.0672564 0)
(1.57999 0.0697217 0)
(1.60638 0.0697782 0)
(1.63441 0.0670861 0)
(1.66352 0.0616147 0)
(1.69272 0.053705 0)
(1.72054 0.0440746 0)
(1.74561 0.0333459 0)
(1.76664 0.0221145 0)
(1.78276 0.0111058 0)
(1.79358 0.000843074 0)
(1.7991 -0.00847767 0)
(1.79907 -0.0168297 0)
(1.79311 -0.0230925 0)
(1.78167 -0.0266738 0)
(1.76559 -0.027934 0)
(1.74619 -0.0273823 0)
(1.7249 -0.0256405 0)
(1.70309 -0.023436 0)
(1.68184 -0.0214193 0)
(1.66163 -0.0200023 0)
(1.64271 -0.0193857 0)
(1.62514 -0.0196259 0)
(1.60885 -0.0206555 0)
(1.59372 -0.0222862 0)
(1.57958 -0.0242389 0)
(1.5663 -0.0261899 0)
(1.55378 -0.0278189 0)
(1.542 -0.0288477 0)
(1.53102 -0.0290625 0)
(1.58215 0.0845492 0)
(1.59364 0.0944978 0)
(1.61164 0.101899 0)
(1.63632 0.106361 0)
(1.66746 0.107309 0)
(1.70478 0.104259 0)
(1.74782 0.0973247 0)
(1.79563 0.0870489 0)
(1.84658 0.0735523 0)
(1.89809 0.0565589 0)
(1.94682 0.0364501 0)
(1.98887 0.0145339 0)
(2.01852 -0.00852332 0)
(2.04034 -0.028103 0)
(2.05165 -0.0433112 0)
(2.0506 -0.0561319 0)
(2.03559 -0.0623413 0)
(2.0077 -0.0641072 0)
(1.96899 -0.0598824 0)
(1.92253 -0.050676 0)
(1.87174 -0.0378006 0)
(1.82058 -0.0229327 0)
(1.77222 -0.0078724 0)
(1.72867 0.00612718 0)
(1.69128 0.018391 0)
(1.66043 0.0284352 0)
(1.63564 0.0357343 0)
(1.61593 0.0398058 0)
(1.60011 0.0404836 0)
(1.58718 0.0381823 0)
(1.57622 0.0332168 0)
(1.56637 0.0257784 0)
(1.55638 0.0178591 0)
(1.54558 0.0105872 0)
(1.53382 0.00490353 0)
(1.52133 0.0014115 0)
(1.50873 0.000213327 0)
(1.49693 0.00117741 0)
(1.48679 0.00439618 0)
(1.47915 0.00988137 0)
(1.47492 0.0174603 0)
(1.4744 0.0264196 0)
(1.47804 0.0359852 0)
(1.48611 0.0455493 0)
(1.49844 0.0547179 0)
(1.51498 0.0629123 0)
(1.53552 0.0695491 0)
(1.55983 0.0740717 0)
(1.58771 0.075901 0)
(1.61905 0.0745873 0)
(1.65352 0.0704396 0)
(1.68996 0.0641978 0)
(1.7262 0.0556805 0)
(1.76032 0.0445199 0)
(1.79065 0.0314855 0)
(1.81469 0.0169167 0)
(1.83309 0.00354913 0)
(1.84442 -0.00819386 0)
(1.84813 -0.0188738 0)
(1.84334 -0.0276524 0)
(1.83031 -0.0320463 0)
(1.80996 -0.033347 0)
(1.78389 -0.0311784 0)
(1.75432 -0.0263939 0)
(1.7237 -0.019908 0)
(1.69426 -0.0127834 0)
(1.66718 -0.00592746 0)
(1.6432 -8.87941e-06 0)
(1.62246 0.00452206 0)
(1.60467 0.00733488 0)
(1.58929 0.00822624 0)
(1.5757 0.00725913 0)
(1.56343 0.00475388 0)
(1.55209 0.00118969 0)
(1.54126 -0.00281898 0)
(1.53061 -0.0066292 0)
(1.5201 -0.00968386 0)
(1.50982 -0.0116123 0)
(1.50003 -0.0122208 0)
(1.49101 -0.011462 0)
(1.48313 -0.00944866 0)
(1.47679 -0.00634806 0)
(1.47238 -0.00218256 0)
(1.47043 0.00310817 0)
(1.47119 0.00928373 0)
(1.47506 0.0160324 0)
(1.48188 0.0228808 0)
(1.4917 0.0293356 0)
(1.5046 0.0348958 0)
(1.52058 0.0390948 0)
(1.53961 0.0417929 0)
(1.56137 0.0433071 0)
(1.5851 0.0437669 0)
(1.60993 0.0426052 0)
(1.63495 0.0393154 0)
(1.65895 0.0342356 0)
(1.6807 0.0280343 0)
(1.69879 0.0210538 0)
(1.71354 0.0145267 0)
(1.72369 0.00836297 0)
(1.72941 0.00268488 0)
(1.73078 -0.0026117 0)
(1.72737 -0.00679964 0)
(1.71954 -0.00936393 0)
(1.70794 -0.0103937 0)
(1.69357 -0.010184 0)
(1.67756 -0.00908181 0)
(1.661 -0.00750316 0)
(1.64482 -0.00590019 0)
(1.62947 -0.00461429 0)
(1.61519 -0.00386429 0)
(1.60205 -0.00378559 0)
(1.58998 -0.00445112 0)
(1.57885 -0.00584658 0)
(1.56848 -0.00786146 0)
(1.55871 -0.0102957 0)
(1.5494 -0.0128889 0)
(1.54045 -0.0153698 0)
(1.53184 -0.0174918 0)
(1.52361 -0.0190603 0)
(1.51587 -0.0199398 0)
(1.60769 0.0754584 0)
(1.62148 0.0801823 0)
(1.6389 0.0818035 0)
(1.66034 0.0802796 0)
(1.68567 0.0754604 0)
(1.71454 0.0672599 0)
(1.74436 0.0558722 0)
(1.77402 0.0418585 0)
(1.80356 0.0262119 0)
(1.83225 0.010558 0)
(1.85427 -0.00242726 0)
(1.86776 -0.0126485 0)
(1.87173 -0.0216483 0)
(1.86381 -0.0282779 0)
(1.84518 -0.0312257 0)
(1.81832 -0.0305368 0)
(1.78556 -0.0260631 0)
(1.74909 -0.0189741 0)
(1.7108 -0.0102039 0)
(1.67314 -0.000637559 0)
(1.63796 0.00932939 0)
(1.60667 0.0192883 0)
(1.58012 0.0286382 0)
(1.55865 0.0362491 0)
(1.54241 0.0417972 0)
(1.53107 0.0456261 0)
(1.52389 0.0478921 0)
(1.52001 0.0485956 0)
(1.51853 0.0474423 0)
(1.51887 0.04301 0)
(1.52036 0.0367999 0)
(1.52155 0.0299595 0)
(1.52136 0.0234806 0)
(1.51922 0.0177867 0)
(1.51498 0.0133977 0)
(1.50942 0.0106241 0)
(1.50384 0.00960008 0)
(1.49777 0.0102536 0)
(1.49139 0.0124293 0)
(1.48616 0.0158064 0)
(1.48339 0.0201364 0)
(1.48332 0.0251534 0)
(1.48728 0.030457 0)
(1.49531 0.0357027 0)
(1.50743 0.0405386 0)
(1.52352 0.0444724 0)
(1.54318 0.0469621 0)
(1.56585 0.0474754 0)
(1.59076 0.0457063 0)
(1.61677 0.0417585 0)
(1.64072 0.0359856 0)
(1.66271 0.0294666 0)
(1.68477 0.0233629 0)
(1.70269 0.0171364 0)
(1.71507 0.0106649 0)
(1.72173 0.00467014 0)
(1.72216 -0.00141777 0)
(1.71598 -0.00580768 0)
(1.70416 -0.00841012 0)
(1.68767 -0.00902362 0)
(1.66796 -0.00794379 0)
(1.6466 -0.00565231 0)
(1.62517 -0.0024494 0)
(1.60497 0.0013308 0)
(1.58681 0.00534265 0)
(1.57115 0.00920528 0)
(1.55814 0.0125184 0)
(1.54773 0.0150437 0)
(1.53961 0.016633 0)
(1.53325 0.0172468 0)
(1.52806 0.0168945 0)
(1.52354 0.0154916 0)
(1.51931 0.0124024 0)
(1.51485 0.00871347 0)
(1.50983 0.00493001 0)
(1.50413 0.00142716 0)
(1.49786 -0.00147811 0)
(1.49138 -0.00354469 0)
(1.48503 -0.0046609 0)
(1.47929 -0.00480124 0)
(1.47464 -0.00397061 0)
(1.47125 -0.00226554 0)
(1.46925 0.000171944 0)
(1.46882 0.00318967 0)
(1.4703 0.00659688 0)
(1.4745 0.0102043 0)
(1.48193 0.0138189 0)
(1.49219 0.0171369 0)
(1.50474 0.0198213 0)
(1.51932 0.0216311 0)
(1.53428 0.0224374 0)
(1.54915 0.0222755 0)
(1.56449 0.0212933 0)
(1.58107 0.0196658 0)
(1.59653 0.0176893 0)
(1.60974 0.015575 0)
(1.62026 0.0134141 0)
(1.6276 0.0110723 0)
(1.6317 0.00859282 0)
(1.63297 0.00620547 0)
(1.63121 0.00413224 0)
(1.62666 0.00289134 0)
(1.61978 0.00242346 0)
(1.61123 0.00248885 0)
(1.60163 0.00294749 0)
(1.5916 0.00370854 0)
(1.58169 0.00460223 0)
(1.57223 0.00542413 0)
(1.56345 0.00601518 0)
(1.55543 0.00625781 0)
(1.54814 0.00603138 0)
(1.54151 0.00524335 0)
(1.53542 0.00385721 0)
(1.52973 0.00190617 0)
(1.52429 -0.000501096 0)
(1.51898 -0.00320033 0)
(1.51373 -0.00598997 0)
(1.50855 -0.0086565 0)
(1.50347 -0.0110182 0)
(1.49859 -0.0129367 0)
(1.49401 -0.014315 0)
(1.52861 0.0611755 0)
(1.53817 0.0641591 0)
(1.54903 0.0638221 0)
(1.5606 0.0606993 0)
(1.57204 0.0543888 0)
(1.5826 0.0458995 0)
(1.59107 0.0363032 0)
(1.59611 0.0260428 0)
(1.59651 0.0159246 0)
(1.59207 0.00754615 0)
(1.58394 0.00198138 0)
(1.57349 -0.00120426 0)
(1.56122 -0.00243251 0)
(1.54721 -0.00186136 0)
(1.53193 -0.000291025 0)
(1.51578 0.00207773 0)
(1.49901 0.00564043 0)
(1.48205 0.0105478 0)
(1.46535 0.0165893 0)
(1.44957 0.023177 0)
(1.43558 0.0297318 0)
(1.42414 0.0357031 0)
(1.41579 0.0405795 0)
(1.41071 0.0440197 0)
(1.40864 0.046033 0)
(1.40934 0.0470471 0)
(1.41304 0.0469817 0)
(1.41938 0.0453614 0)
(1.42793 0.0415524 0)
(1.43763 0.0362758 0)
(1.44677 0.0304505 0)
(1.45429 0.0248954 0)
(1.45965 0.0202988 0)
(1.46269 0.0169786 0)
(1.46368 0.0146939 0)
(1.46273 0.0130775 0)
(1.46027 0.0127217 0)
(1.45705 0.013734 0)
(1.45393 0.0155983 0)
(1.45166 0.0177101 0)
(1.4508 0.0198865 0)
(1.45182 0.0220104 0)
(1.45504 0.0237421 0)
(1.46058 0.0250412 0)
(1.46847 0.0260956 0)
(1.47852 0.0267544 0)
(1.49027 0.0268646 0)
(1.50295 0.026409 0)
(1.51513 0.0255271 0)
(1.52605 0.0244315 0)
(1.53506 0.0227416 0)
(1.54138 0.0199236 0)
(1.54485 0.0170328 0)
(1.54582 0.0146061 0)
(1.5442 0.0125545 0)
(1.54003 0.0108102 0)
(1.53354 0.00960912 0)
(1.5252 0.00903319 0)
(1.51566 0.00870382 0)
(1.5055 0.00859774 0)
(1.49541 0.00890873 0)
(1.48589 0.00965748 0)
(1.47725 0.0108574 0)
(1.46984 0.0124132 0)
(1.46389 0.0142078 0)
(1.45948 0.0160678 0)
(1.45658 0.0176202 0)
(1.455 0.0186203 0)
(1.45447 0.0190159 0)
(1.45468 0.0189558 0)
(1.4554 0.0178819 0)
(1.45616 0.0159409 0)
(1.45644 0.0134628 0)
(1.4558 0.0107071 0)
(1.45413 0.00792867 0)
(1.45149 0.0053334 0)
(1.44808 0.00305689 0)
(1.44419 0.00120513 0)
(1.4402 -0.000125057 0)
(1.43643 -0.000899971 0)
(1.43321 -0.0010902 0)
(1.43082 -0.000697113 0)
(1.42949 0.000249208 0)
(1.42955 0.00163286 0)
(1.43118 0.00301787 0)
(1.43428 0.00418597 0)
(1.43878 0.00534876 0)
(1.44456 0.0066671 0)
(1.45129 0.00806987 0)
(1.45867 0.00955746 0)
(1.46641 0.0110036 0)
(1.47398 0.0118556 0)
(1.48091 0.0117865 0)
(1.48689 0.0113103 0)
(1.49188 0.0109735 0)
(1.49591 0.0107161 0)
(1.49891 0.0103445 0)
(1.50078 0.00983468 0)
(1.50153 0.00933805 0)
(1.50115 0.00891272 0)
(1.49961 0.00879003 0)
(1.49713 0.00874225 0)
(1.49393 0.00875431 0)
(1.49022 0.00892152 0)
(1.48619 0.00931596 0)
(1.48203 0.00988149 0)
(1.47797 0.0104387 0)
(1.47412 0.0108232 0)
(1.47056 0.010948 0)
(1.46728 0.0107437 0)
(1.46424 0.0101095 0)
(1.46139 0.00898081 0)
(1.45872 0.0073666 0)
(1.45611 0.00531745 0)
(1.45348 0.00292644 0)
(1.45074 0.000315914 0)
(1.44784 -0.00238028 0)
(1.44476 -0.005017 0)
(1.4416 -0.00742966 0)
(1.4384 -0.00949591 0)
(1.43525 -0.0111222 0)
(1.24477 0.0562964 0)
(1.24799 0.0587347 0)
(1.25035 0.0590125 0)
(1.25163 0.0571822 0)
(1.25079 0.0536475 0)
(1.2482 0.0490169 0)
(1.24504 0.0435484 0)
(1.24235 0.0370829 0)
(1.24089 0.0295616 0)
(1.241 0.0214552 0)
(1.24256 0.013894 0)
(1.24498 0.00764051 0)
(1.24752 0.00322221 0)
(1.24982 0.00101785 0)
(1.2518 0.00123123 0)
(1.25222 0.00406443 0)
(1.25036 0.00917005 0)
(1.24671 0.0157901 0)
(1.24222 0.0228474 0)
(1.23805 0.0292348 0)
(1.23497 0.0345563 0)
(1.2335 0.0387387 0)
(1.234 0.0417548 0)
(1.23675 0.0430066 0)
(1.24159 0.042857 0)
(1.2484 0.0411192 0)
(1.25703 0.037967 0)
(1.26706 0.0337834 0)
(1.27756 0.0290476 0)
(1.2872 0.024339 0)
(1.2953 0.0202087 0)
(1.30149 0.0170533 0)
(1.30571 0.0149889 0)
(1.30812 0.0138678 0)
(1.30901 0.0134562 0)
(1.3088 0.013629 0)
(1.30744 0.0148228 0)
(1.30551 0.0164222 0)
(1.30364 0.017909 0)
(1.30212 0.0191679 0)
(1.30114 0.0202485 0)
(1.30081 0.0212183 0)
(1.30127 0.0220492 0)
(1.30242 0.0226448 0)
(1.30413 0.0229974 0)
(1.30631 0.0231895 0)
(1.30886 0.023208 0)
(1.31174 0.0231071 0)
(1.31485 0.0228429 0)
(1.3181 0.0222488 0)
(1.32128 0.0212719 0)
(1.32402 0.0199182 0)
(1.32609 0.0184527 0)
(1.32752 0.0171092 0)
(1.32834 0.0158018 0)
(1.32851 0.0144552 0)
(1.32797 0.0132091 0)
(1.32683 0.0123286 0)
(1.32524 0.0118926 0)
(1.32334 0.0118246 0)
(1.32133 0.0121311 0)
(1.31948 0.0127714 0)
(1.31799 0.0136002 0)
(1.31702 0.0145302 0)
(1.31668 0.0154931 0)
(1.31707 0.0163474 0)
(1.31813 0.0168942 0)
(1.31969 0.0171257 0)
(1.32154 0.016977 0)
(1.32351 0.0164376 0)
(1.32532 0.015571 0)
(1.32669 0.0143948 0)
(1.32737 0.0128479 0)
(1.32718 0.0111007 0)
(1.32614 0.00931634 0)
(1.32438 0.00757582 0)
(1.32202 0.00593262 0)
(1.31924 0.00443537 0)
(1.31624 0.00315666 0)
(1.31325 0.00219303 0)
(1.31044 0.00160647 0)
(1.308 0.00140971 0)
(1.30609 0.00153107 0)
(1.30482 0.00183117 0)
(1.30418 0.00228712 0)
(1.30415 0.00292284 0)
(1.30471 0.00371444 0)
(1.30586 0.00468589 0)
(1.30763 0.0057645 0)
(1.31003 0.00683614 0)
(1.31303 0.00775583 0)
(1.31651 0.00833702 0)
(1.3202 0.00851755 0)
(1.32373 0.00847948 0)
(1.32705 0.00841613 0)
(1.33013 0.00836584 0)
(1.33289 0.00829871 0)
(1.33524 0.00818848 0)
(1.33705 0.00807768 0)
(1.33827 0.00806284 0)
(1.33897 0.0082321 0)
(1.33916 0.00869568 0)
(1.33878 0.00939848 0)
(1.3379 0.0102519 0)
(1.33667 0.0111348 0)
(1.33522 0.0119183 0)
(1.33374 0.0125102 0)
(1.33233 0.0128583 0)
(1.33103 0.0128994 0)
(1.32979 0.0126258 0)
(1.32858 0.0119614 0)
(1.32739 0.0108053 0)
(1.32617 0.00920442 0)
(1.32485 0.00722308 0)
(1.32335 0.00494858 0)
(1.32164 0.00250068 0)
(1.31968 1.42589e-05 0)
(1.31744 -0.00239687 0)
(1.31492 -0.00463035 0)
(1.3122 -0.00657992 0)
(1.30935 -0.0081719 0)
(0.839861 0.0551219 0)
(0.844306 0.0589705 0)
(0.849673 0.059762 0)
(0.855927 0.0592106 0)
(0.863306 0.0562851 0)
(0.872074 0.0492484 0)
(0.882215 0.0397007 0)
(0.89322 0.0285673 0)
(0.904023 0.0173642 0)
(0.913866 0.00753979 0)
(0.922118 -1.64444e-05 0)
(0.929019 -0.0042382 0)
(0.934377 -0.005878 0)
(0.938543 -0.0056101 0)
(0.941636 -0.00270536 0)
(0.943484 0.00303033 0)
(0.944704 0.0101801 0)
(0.945927 0.0176663 0)
(0.947572 0.024351 0)
(0.949971 0.0298334 0)
(0.953328 0.0340086 0)
(0.95775 0.0365795 0)
(0.963211 0.0375564 0)
(0.969609 0.0369572 0)
(0.976753 0.0350494 0)
(0.984394 0.0321608 0)
(0.992153 0.028673 0)
(0.999521 0.0250273 0)
(1.00615 0.0215456 0)
(1.0118 0.0184899 0)
(1.01636 0.016057 0)
(1.0199 0.0143713 0)
(1.02253 0.0134654 0)
(1.02439 0.0132703 0)
(1.02556 0.0136996 0)
(1.02606 0.0147192 0)
(1.02609 0.0161447 0)
(1.02604 0.0177026 0)
(1.02609 0.0191419 0)
(1.02631 0.0203666 0)
(1.0268 0.0213312 0)
(1.02769 0.0219097 0)
(1.0291 0.0221523 0)
(1.0311 0.0222667 0)
(1.03372 0.022206 0)
(1.03699 0.0218664 0)
(1.0409 0.0211399 0)
(1.04535 0.0201229 0)
(1.05023 0.0189783 0)
(1.05533 0.0177484 0)
(1.06039 0.0164445 0)
(1.06514 0.015103 0)
(1.0694 0.0138854 0)
(1.0731 0.0129137 0)
(1.07622 0.0122203 0)
(1.07876 0.0117931 0)
(1.08073 0.0116056 0)
(1.08224 0.0116394 0)
(1.08343 0.0118051 0)
(1.08444 0.0120835 0)
(1.08539 0.012443 0)
(1.08641 0.0128796 0)
(1.08761 0.0133623 0)
(1.08906 0.0138385 0)
(1.09079 0.0143599 0)
(1.0928 0.0148058 0)
(1.09502 0.0151267 0)
(1.09732 0.0152871 0)
(1.09956 0.0152597 0)
(1.10163 0.0150282 0)
(1.10342 0.0145479 0)
(1.10481 0.013836 0)
(1.10573 0.0129226 0)
(1.10613 0.011818 0)
(1.10597 0.0106063 0)
(1.10528 0.00936203 0)
(1.10414 0.00812823 0)
(1.10263 0.00694317 0)
(1.10087 0.0058593 0)
(1.09897 0.00493812 0)
(1.09709 0.00422702 0)
(1.09537 0.0037523 0)
(1.09395 0.00351641 0)
(1.09293 0.00346479 0)
(1.09236 0.00348811 0)
(1.09224 0.0035294 0)
(1.09263 0.00358892 0)
(1.09357 0.00371629 0)
(1.09507 0.00391151 0)
(1.0971 0.00415315 0)
(1.09958 0.00438578 0)
(1.10238 0.00453372 0)
(1.10527 0.00459845 0)
(1.10805 0.00467464 0)
(1.11067 0.00484469 0)
(1.11309 0.00511873 0)
(1.11531 0.00547078 0)
(1.11727 0.00589502 0)
(1.11894 0.00641992 0)
(1.12028 0.00708268 0)
(1.12132 0.00791584 0)
(1.1221 0.0088945 0)
(1.12273 0.0099617 0)
(1.12327 0.0110291 0)
(1.12376 0.0120111 0)
(1.12424 0.0128178 0)
(1.12468 0.0133501 0)
(1.12521 0.0134529 0)
(1.12577 0.0133983 0)
(1.12633 0.013181 0)
(1.12685 0.01247 0)
(1.12728 0.0113278 0)
(1.12752 0.00983303 0)
(1.12747 0.00805383 0)
(1.12707 0.00606163 0)
(1.12627 0.00393871 0)
(1.12507 0.00178466 0)
(1.1235 -0.000295422 0)
(1.12157 -0.00222439 0)
(1.11936 -0.00394182 0)
(1.11694 -0.00539594 0)
(0.461345 0.0475181 0)
(0.473656 0.049246 0)
(0.486438 0.0482284 0)
(0.499448 0.0448614 0)
(0.512498 0.0394293 0)
(0.524885 0.0324495 0)
(0.535835 0.0245896 0)
(0.545065 0.0165451 0)
(0.552402 0.00897267 0)
(0.557853 0.00239602 0)
(0.561806 -0.00280228 0)
(0.56482 -0.0062237 0)
(0.567358 -0.00769239 0)
(0.569771 -0.00682721 0)
(0.571973 -0.00359301 0)
(0.574453 0.00149998 0)
(0.57801 0.00769885 0)
(0.582957 0.0140076 0)
(0.589018 0.0196744 0)
(0.595975 0.0241873 0)
(0.603662 0.0273519 0)
(0.611904 0.029156 0)
(0.620513 0.0296495 0)
(0.629255 0.0288915 0)
(0.637855 0.0271125 0)
(0.646066 0.0246088 0)
(0.653691 0.0217029 0)
(0.660592 0.0187016 0)
(0.66669 0.0158847 0)
(0.671963 0.0135119 0)
(0.676448 0.0117802 0)
(0.680246 0.0108083 0)
(0.683496 0.0106191 0)
(0.686334 0.0111319 0)
(0.688899 0.0121781 0)
(0.691369 0.013558 0)
(0.693971 0.0151131 0)
(0.696859 0.0165695 0)
(0.700103 0.0176814 0)
(0.703712 0.0185005 0)
(0.707681 0.0189304 0)
(0.711987 0.0189703 0)
(0.716582 0.0186527 0)
(0.721432 0.0180278 0)
(0.726503 0.0171748 0)
(0.731723 0.0161821 0)
(0.736959 0.0151417 0)
(0.742096 0.0141344 0)
(0.747071 0.0132077 0)
(0.751842 0.0123729 0)
(0.756368 0.0116192 0)
(0.760603 0.0109447 0)
(0.764528 0.0103908 0)
(0.76817 0.00999557 0)
(0.771582 0.00975248 0)
(0.774814 0.00963156 0)
(0.777917 0.00961509 0)
(0.780945 0.00969862 0)
(0.783952 0.00986009 0)
(0.786979 0.0100713 0)
(0.790058 0.0103212 0)
(0.793216 0.0106078 0)
(0.79647 0.0109214 0)
(0.799813 0.011251 0)
(0.803234 0.0115847 0)
(0.806711 0.0118983 0)
(0.810181 0.0121601 0)
(0.813581 0.0123539 0)
(0.816848 0.0124597 0)
(0.819915 0.0124467 0)
(0.82272 0.0122782 0)
(0.825203 0.0119435 0)
(0.827321 0.0114427 0)
(0.829042 0.0108242 0)
(0.830371 0.010135 0)
(0.831338 0.00936569 0)
(0.831979 0.00852682 0)
(0.83234 0.00764893 0)
(0.832471 0.00677542 0)
(0.832436 0.00595023 0)
(0.832317 0.00521412 0)
(0.832203 0.00458367 0)
(0.832182 0.00405046 0)
(0.832327 0.00359337 0)
(0.832679 0.00320593 0)
(0.833251 0.0028799 0)
(0.834038 0.0026228 0)
(0.835038 0.0024654 0)
(0.836263 0.00241487 0)
(0.83772 0.00245015 0)
(0.839386 0.00254267 0)
(0.841205 0.00266181 0)
(0.843101 0.00279522 0)
(0.845038 0.00296153 0)
(0.847005 0.00319099 0)
(0.848996 0.0034999 0)
(0.850994 0.00388994 0)
(0.852967 0.00436299 0)
(0.8549 0.00493168 0)
(0.856794 0.00561234 0)
(0.858679 0.00641564 0)
(0.860598 0.0073261 0)
(0.862594 0.00829785 0)
(0.864691 0.00927714 0)
(0.866894 0.0102026 0)
(0.869192 0.010991 0)
(0.871525 0.0115448 0)
(0.873817 0.0118181 0)
(0.876036 0.0118131 0)
(0.878192 0.0115269 0)
(0.880228 0.0109523 0)
(0.882038 0.0100878 0)
(0.883536 0.00896095 0)
(0.884667 0.00761073 0)
(0.885384 0.00607387 0)
(0.885648 0.00440994 0)
(0.885439 0.00270468 0)
(0.884777 0.00103646 0)
(0.883712 -0.000537984 0)
(0.8823 -0.0019754 0)
(0.880615 -0.00324361 0)
(0.145769 0.0318694 0)
(0.159786 0.0333445 0)
(0.173958 0.0328748 0)
(0.187702 0.0307996 0)
(0.200557 0.0271459 0)
(0.211987 0.0220592 0)
(0.221565 0.0160013 0)
(0.229082 0.0095796 0)
(0.234493 0.00336645 0)
(0.238018 -0.00206407 0)
(0.240074 -0.00611872 0)
(0.241092 -0.00854941 0)
(0.241494 -0.00931983 0)
(0.241788 -0.00846831 0)
(0.24255 -0.00572989 0)
(0.244339 -0.001722 0)
(0.247553 0.00307597 0)
(0.252388 0.00782088 0)
(0.258805 0.0120535 0)
(0.266494 0.0154807 0)
(0.275144 0.0179202 0)
(0.284419 0.0193054 0)
(0.293973 0.0196653 0)
(0.303454 0.019108 0)
(0.312556 0.0178373 0)
(0.321035 0.0160847 0)
(0.328734 0.0140954 0)
(0.33558 0.0121104 0)
(0.341585 0.0103339 0)
(0.346833 0.00892519 0)
(0.351464 0.00798731 0)
(0.355658 0.00756444 0)
(0.359618 0.00763997 0)
(0.363533 0.0081339 0)
(0.367583 0.00892605 0)
(0.371902 0.00988876 0)
(0.376576 0.0108893 0)
(0.381639 0.0117857 0)
(0.387052 0.0124768 0)
(0.39273 0.0129128 0)
(0.398595 0.0130769 0)
(0.40455 0.0129789 0)
(0.410499 0.0126642 0)
(0.416371 0.0121935 0)
(0.422117 0.0116055 0)
(0.427692 0.0109299 0)
(0.433069 0.0101922 0)
(0.438216 0.00943431 0)
(0.44313 0.00869867 0)
(0.447827 0.00800927 0)
(0.452316 0.00738148 0)
(0.456601 0.00683157 0)
(0.460695 0.00638278 0)
(0.464632 0.00605256 0)
(0.468458 0.00583869 0)
(0.472213 0.00572696 0)
(0.47593 0.00570554 0)
(0.479639 0.00576604 0)
(0.483365 0.00589409 0)
(0.487118 0.00607681 0)
(0.490903 0.00630696 0)
(0.494723 0.00658338 0)
(0.498579 0.0069014 0)
(0.502469 0.00725542 0)
(0.506392 0.00764315 0)
(0.510344 0.00804397 0)
(0.514311 0.0084321 0)
(0.518274 0.00878233 0)
(0.52221 0.009067 0)
(0.526091 0.00925686 0)
(0.529878 0.00932646 0)
(0.533536 0.00926217 0)
(0.537017 0.00906109 0)
(0.540286 0.00872736 0)
(0.543322 0.00827453 0)
(0.546114 0.00772361 0)
(0.548655 0.00709836 0)
(0.550943 0.00642284 0)
(0.552985 0.00572515 0)
(0.554805 0.00503542 0)
(0.556436 0.00438121 0)
(0.557922 0.00378071 0)
(0.559308 0.00323744 0)
(0.560627 0.00274448 0)
(0.561902 0.0022938 0)
(0.56315 0.00188385 0)
(0.564386 0.00152107 0)
(0.56562 0.00122213 0)
(0.566889 0.000997083 0)
(0.5682 0.000848713 0)
(0.569566 0.000770019 0)
(0.570997 0.000754544 0)
(0.57247 0.000796408 0)
(0.573982 0.000893559 0)
(0.575541 0.00106929 0)
(0.577161 0.00135657 0)
(0.578846 0.00176556 0)
(0.580608 0.00228091 0)
(0.582472 0.00288716 0)
(0.584468 0.00357514 0)
(0.58663 0.00433805 0)
(0.588991 0.00515858 0)
(0.591577 0.00600574 0)
(0.594401 0.00683692 0)
(0.597458 0.00760163 0)
(0.60072 0.00824616 0)
(0.604134 0.00871506 0)
(0.607619 0.00897078 0)
(0.611089 0.00903022 0)
(0.614486 0.00889458 0)
(0.617737 0.00852335 0)
(0.620749 0.00791246 0)
(0.623442 0.00709226 0)
(0.625746 0.00610134 0)
(0.627607 0.00498532 0)
(0.628988 0.00379027 0)
(0.629878 0.00256357 0)
(0.630282 0.00135347 0)
(0.630219 0.000161899 0)
(0.629714 -0.000947766 0)
(0.628828 -0.00193556 0)
(-0.0573379 0.0179358 0)
(-0.0430281 0.0189808 0)
(-0.028485 0.018739 0)
(-0.0146119 0.0173679 0)
(-0.00210202 0.0149938 0)
(0.00853588 0.0117904 0)
(0.0168901 0.00803514 0)
(0.0226871 0.00407756 0)
(0.0258793 0.000218475 0)
(0.0267643 -0.00318366 0)
(0.0257238 -0.00578742 0)
(0.0234185 -0.00742161 0)
(0.0205046 -0.00800455 0)
(0.0176916 -0.0074747 0)
(0.0156543 -0.00589463 0)
(0.0153115 -0.00352582 0)
(0.0168844 -0.000719531 0)
(0.0201112 0.00226307 0)
(0.025188 0.00499674 0)
(0.0318112 0.00719857 0)
(0.0395973 0.00875745 0)
(0.0481443 0.00965823 0)
(0.0570344 0.00992914 0)
(0.0658769 0.00964265 0)
(0.074329 0.00892017 0)
(0.0821307 0.00789548 0)
(0.089133 0.00671777 0)
(0.0952905 0.00553684 0)
(0.100648 0.00448008 0)
(0.105326 0.00364557 0)
(0.109492 0.00310005 0)
(0.113355 0.0028778 0)
(0.11713 0.00297481 0)
(0.121014 0.00334062 0)
(0.125164 0.00389606 0)
(0.129671 0.00455052 0)
(0.134576 0.00519582 0)
(0.139887 0.00574978 0)
(0.145526 0.00619159 0)
(0.151378 0.00648007 0)
(0.15734 0.00659521 0)
(0.163298 0.00654062 0)
(0.169155 0.00633622 0)
(0.174833 0.00601218 0)
(0.180269 0.00560091 0)
(0.185419 0.00513553 0)
(0.190266 0.00464709 0)
(0.194799 0.00416521 0)
(0.199028 0.00370606 0)
(0.202975 0.0032801 0)
(0.206665 0.00289976 0)
(0.210128 0.00257883 0)
(0.2134 0.00232964 0)
(0.216518 0.00215589 0)
(0.21954 0.00205433 0)
(0.222514 0.00201687 0)
(0.225478 0.00203505 0)
(0.228463 0.00210235 0)
(0.231498 0.00221237 0)
(0.234605 0.00235955 0)
(0.237802 0.00253967 0)
(0.241105 0.0027501 0)
(0.244529 0.00298701 0)
(0.248087 0.00324592 0)
(0.251789 0.00352123 0)
(0.255643 0.00380107 0)
(0.259643 0.00407087 0)
(0.263778 0.00431543 0)
(0.268023 0.00451908 0)
(0.272344 0.00466523 0)
(0.276694 0.00473864 0)
(0.281017 0.00473132 0)
(0.285255 0.0046406 0)
(0.289353 0.00447093 0)
(0.293261 0.00423368 0)
(0.296931 0.00393675 0)
(0.300327 0.00358927 0)
(0.303423 0.00320653 0)
(0.306203 0.0028077 0)
(0.308665 0.00241005 0)
(0.310822 0.00202681 0)
(0.312694 0.00166618 0)
(0.314307 0.00133325 0)
(0.315688 0.00102884 0)
(0.316858 0.000752317 0)
(0.317841 0.000503382 0)
(0.318663 0.000287207 0)
(0.319357 0.000110679 0)
(0.31996 -2.78247e-05 0)
(0.320507 -0.000131115 0)
(0.321023 -0.000199272 0)
(0.321547 -0.000221455 0)
(0.322121 -0.000204416 0)
(0.322759 -0.000154665 0)
(0.323482 -6.50488e-05 0)
(0.32433 8.35003e-05 0)
(0.325346 0.000303858 0)
(0.326567 0.000587918 0)
(0.328011 0.000931367 0)
(0.329734 0.00134348 0)
(0.331775 0.00181533 0)
(0.334151 0.00232624 0)
(0.336875 0.00285151 0)
(0.339946 0.00336613 0)
(0.343342 0.00384298 0)
(0.347019 0.00425124 0)
(0.350912 0.00456059 0)
(0.354933 0.00475303 0)
(0.358994 0.00482603 0)
(0.363 0.00477298 0)
(0.366865 0.00458618 0)
(0.37049 0.00427155 0)
(0.373783 0.00384266 0)
(0.376663 0.00331583 0)
(0.379066 0.00270973 0)
(0.380947 0.00204484 0)
(0.382277 0.00135067 0)
(0.383054 0.000698384 0)
(0.383343 6.88692e-05 0)
(0.38313 -0.000564574 0)
(0.382442 -0.00112597 0)
(-0.101183 0.00558119 0)
(-0.0890461 0.00599989 0)
(-0.0764505 0.00593564 0)
(-0.0642977 0.00543051 0)
(-0.0533347 0.0046182 0)
(-0.0442503 0.00348654 0)
(-0.0375572 0.00217212 0)
(-0.0335965 0.000732499 0)
(-0.032354 -0.000689307 0)
(-0.033592 -0.0019801 0)
(-0.0369743 -0.00295506 0)
(-0.04196 -0.00358473 0)
(-0.0478234 -0.00385177 0)
(-0.0538208 -0.00373475 0)
(-0.0591683 -0.00324344 0)
(-0.063142 -0.00239075 0)
(-0.0653294 -0.00147495 0)
(-0.065592 -0.000372342 0)
(-0.0640059 0.000649169 0)
(-0.060669 0.00145292 0)
(-0.0559599 0.00200259 0)
(-0.0503392 0.00231726 0)
(-0.0442084 0.00241452 0)
(-0.03807 0.0023251 0)
(-0.0322099 0.00209254 0)
(-0.0269065 0.00175755 0)
(-0.022349 0.00136826 0)
(-0.0186089 0.000975241 0)
(-0.0156582 0.000622066 0)
(-0.0133891 0.000342726 0)
(-0.0116385 0.00016048 0)
(-0.0101795 9.45562e-05 0)
(-0.00879439 0.000148681 0)
(-0.00728303 0.000305118 0)
(-0.00547347 0.00053153 0)
(-0.00327039 0.000785213 0)
(-0.000593438 0.00101302 0)
(0.00258387 0.0012042 0)
(0.00612185 0.00136187 0)
(0.00992476 0.00146395 0)
(0.0139081 0.00150745 0)
(0.0179539 0.00149662 0)
(0.0219457 0.00143733 0)
(0.0257867 0.00133797 0)
(0.0294019 0.00120805 0)
(0.0327341 0.00105645 0)
(0.0357496 0.000890924 0)
(0.0384328 0.000719841 0)
(0.0407844 0.000553159 0)
(0.0428194 0.000397815 0)
(0.0445621 0.000258945 0)
(0.0460523 0.000140107 0)
(0.047336 5.14988e-05 0)
(0.0484612 -6.18786e-06 0)
(0.0494759 -4.17213e-05 0)
(0.0504249 -6.02458e-05 0)
(0.0513504 -5.94139e-05 0)
(0.0522897 -3.99554e-05 0)
(0.0532759 -4.31122e-06 0)
(0.0543375 4.5312e-05 0)
(0.0555003 0.000107383 0)
(0.0567872 0.000181494 0)
(0.0582193 0.000266532 0)
(0.0598145 0.000360924 0)
(0.0615878 0.000462578 0)
(0.0635487 0.000567735 0)
(0.0656981 0.00067162 0)
(0.068028 0.000769243 0)
(0.0705195 0.000855372 0)
(0.0731433 0.000924565 0)
(0.0758601 0.000971977 0)
(0.0786224 0.000994754 0)
(0.081379 0.000991755 0)
(0.0840792 0.000965038 0)
(0.0866761 0.000917646 0)
(0.0891286 0.000851568 0)
(0.0914014 0.000770044 0)
(0.0934659 0.000678058 0)
(0.0953037 0.000581187 0)
(0.0969061 0.000484053 0)
(0.0982754 0.000389534 0)
(0.0994188 0.000298892 0)
(0.100348 0.000212227 0)
(0.101078 0.000128802 0)
(0.101621 4.77988e-05 0)
(0.101988 -2.93289e-05 0)
(0.102193 -9.99335e-05 0)
(0.10225 -0.000168188 0)
(0.102179 -0.000233177 0)
(0.10202 -0.000305683 0)
(0.101785 -0.000364089 0)
(0.101498 -0.000400775 0)
(0.101177 -0.000424143 0)
(0.100844 -0.000435653 0)
(0.100529 -0.000433923 0)
(0.100269 -0.000418124 0)
(0.100119 -0.000380724 0)
(0.10014 -0.00030986 0)
(0.100342 -0.000177558 0)
(0.10079 -2.42284e-05 0)
(0.101508 0.000127013 0)
(0.102531 0.000290688 0)
(0.103888 0.000468529 0)
(0.10559 0.000645495 0)
(0.107629 0.000811565 0)
(0.109978 0.000957607 0)
(0.112589 0.00107499 0)
(0.115398 0.00115796 0)
(0.11833 0.00120513 0)
(0.12131 0.00121486 0)
(0.124251 0.00118614 0)
(0.127067 0.00112144 0)
(0.129675 0.00102455 0)
(0.132002 0.000900844 0)
(0.133989 0.000756924 0)
(0.13559 0.00059937 0)
(0.136774 0.000428885 0)
(0.137511 0.000257208 0)
(0.137827 8.95679e-05 0)
(0.137741 -0.000104009 0)
(0.137288 -0.000268976 0)
(1.80442 0.389808 0)
(1.81638 0.455884 0)
(1.82626 0.508163 0)
(1.8334 0.547298 0)
(1.8374 0.574619 0)
(1.83835 0.591751 0)
(1.83615 0.600189 0)
(1.83024 0.601326 0)
(1.82084 0.595494 0)
(1.80851 0.583197 0)
(1.79476 0.563906 0)
(1.78065 0.536929 0)
(1.76689 0.501214 0)
(1.75461 0.375809 0)
(1.76944 0.443205 0)
(1.78288 0.497556 0)
(1.79417 0.539432 0)
(1.80277 0.569859 0)
(1.8085 0.589999 0)
(1.81154 0.601391 0)
(1.81207 0.605381 0)
(1.80916 0.603952 0)
(1.80331 0.593369 0)
(1.79573 0.574801 0)
(1.78763 0.547925 0)
(1.77984 0.511593 0)
(1.77296 0.464736 0)
(1.76752 0.406828 0)
(1.76398 0.338021 0)
(1.76265 0.259213 0)
(1.76375 0.172058 0)
(1.76734 0.0791034 0)
(1.77312 -0.0159535 0)
(1.78056 -0.108946 0)
(1.78911 -0.196971 0)
(1.79808 -0.277415 0)
(1.80681 -0.348199 0)
(1.81468 -0.408027 0)
(1.8211 -0.45635 0)
(1.82558 -0.49291 0)
(1.82798 -0.518321 0)
(1.82848 -0.533688 0)
(1.82702 -0.539862 0)
(1.82262 -0.538369 0)
(1.81515 -0.527864 0)
(1.80567 -0.50951 0)
(1.79547 -0.483843 0)
(1.78512 -0.451003 0)
(1.77518 -0.410758 0)
(1.76625 -0.362791 0)
(1.75883 -0.306977 0)
(1.75329 -0.243567 0)
(1.74994 -0.173322 0)
(1.74898 -0.0975347 0)
(1.75045 -0.0182187 0)
(1.75415 0.0614973 0)
(1.75965 0.138753 0)
(1.76651 0.21128 0)
(1.77422 0.277061 0)
(1.78221 0.334496 0)
(1.78996 0.382372 0)
(1.79703 0.420033 0)
(1.80318 0.447426 0)
(1.80819 0.465007 0)
(1.81172 0.473942 0)
(1.81341 0.476287 0)
(1.81353 0.471382 0)
(1.81187 0.455187 0)
(1.80925 0.431429 0)
(1.80607 0.400671 0)
(1.80291 0.363112 0)
(1.80022 0.318816 0)
(1.79835 0.26792 0)
(1.79757 0.210756 0)
(1.79805 0.147956 0)
(1.79988 0.0805865 0)
(1.80302 0.0103649 0)
(1.80718 -0.0599261 0)
(1.81202 -0.127833 0)
(1.81715 -0.19135 0)
(1.82218 -0.248697 0)
(1.82671 -0.298442 0)
(1.83039 -0.339612 0)
(1.833 -0.371693 0)
(1.83444 -0.394687 0)
(1.83485 -0.408952 0)
(1.8344 -0.41519 0)
(1.83226 -0.415529 0)
(1.82782 -0.407274 0)
(1.82185 -0.39053 0)
(1.81545 -0.367182 0)
(1.80901 -0.337811 0)
(1.80291 -0.302788 0)
(1.79753 -0.262342 0)
(1.7932 -0.216707 0)
(1.79016 -0.166237 0)
(1.78858 -0.111517 0)
(1.78856 -0.0534901 0)
(1.79008 0.00632007 0)
(1.79295 0.0656377 0)
(1.79688 0.122654 0)
(1.80159 0.175797 0)
(1.80672 0.223651 0)
(1.81196 0.265034 0)
(1.81704 0.299055 0)
(1.82171 0.325261 0)
(1.82581 0.34365 0)
(1.82908 0.354698 0)
(1.83131 0.35952 0)
(1.8327 0.359781 0)
(1.83294 0.351889 0)
(1.83233 0.335668 0)
(1.83113 0.313295 0)
(1.82961 0.285244 0)
(1.82817 0.251943 0)
(1.82708 0.213778 0)
(1.82656 0.171165 0)
(1.82674 0.124611 0)
(1.82773 0.0748161 0)
(1.82954 0.0228519 0)
(1.83204 -0.0295227 0)
(1.835 -0.0805301 0)
(1.8382 -0.128776 0)
(1.84136 -0.172953 0)
(1.84424 -0.211949 0)
(1.84661 -0.244907 0)
(1.84833 -0.27129 0)
(1.84933 -0.290902 0)
(1.84968 -0.303878 0)
(1.84961 -0.310671 0)
(1.8488 -0.31232 0)
(1.84654 -0.309197 0)
(1.84294 -0.297968 0)
(1.83887 -0.28097 0)
(1.71039 0.35967 0)
(1.72742 0.427595 0)
(1.7438 0.48337 0)
(1.75876 0.527351 0)
(1.77171 0.560239 0)
(1.78222 0.582872 0)
(1.79032 0.59672 0)
(1.7957 0.603149 0)
(1.79857 0.604142 0)
(1.79945 0.596839 0)
(1.79841 0.579349 0)
(1.79681 0.552771 0)
(1.79535 0.51592 0)
(1.79458 0.467986 0)
(1.79495 0.408604 0)
(1.79676 0.338017 0)
(1.80022 0.257216 0)
(1.80541 0.168001 0)
(1.81223 0.0731142 0)
(1.82025 -0.0233657 0)
(1.82884 -0.117237 0)
(1.83743 -0.205525 0)
(1.84541 -0.2856 0)
(1.85219 -0.355439 0)
(1.85728 -0.413738 0)
(1.86021 -0.459957 0)
(1.86066 -0.49425 0)
(1.85877 -0.517291 0)
(1.85456 -0.530254 0)
(1.84721 -0.534343 0)
(1.83681 -0.529416 0)
(1.82361 -0.516791 0)
(1.80864 -0.497121 0)
(1.79299 -0.470924 0)
(1.7774 -0.438275 0)
(1.76252 -0.398859 0)
(1.74895 -0.352285 0)
(1.73722 -0.298343 0)
(1.72779 -0.237186 0)
(1.721 -0.169462 0)
(1.71712 -0.0963695 0)
(1.71628 -0.0197625 0)
(1.71837 0.0575681 0)
(1.72304 0.132827 0)
(1.72984 0.203833 0)
(1.73828 0.268619 0)
(1.74781 0.325575 0)
(1.7579 0.37353 0)
(1.76795 0.411684 0)
(1.77751 0.439976 0)
(1.78612 0.459021 0)
(1.79307 0.469992 0)
(1.79868 0.473963 0)
(1.80365 0.469004 0)
(1.80725 0.454418 0)
(1.80963 0.431681 0)
(1.81147 0.401369 0)
(1.81317 0.363705 0)
(1.81508 0.318912 0)
(1.81748 0.267252 0)
(1.82055 0.209146 0)
(1.82438 0.14531 0)
(1.829 0.076914 0)
(1.83427 0.00585353 0)
(1.83982 -0.064903 0)
(1.84525 -0.132921 0)
(1.8502 -0.196171 0)
(1.85429 -0.252871 0)
(1.85717 -0.301621 0)
(1.85857 -0.341515 0)
(1.85832 -0.372171 0)
(1.85646 -0.393692 0)
(1.85337 -0.406631 0)
(1.8488 -0.412041 0)
(1.84188 -0.409557 0)
(1.83282 -0.399377 0)
(1.82238 -0.382102 0)
(1.81158 -0.358584 0)
(1.80093 -0.329478 0)
(1.79089 -0.295127 0)
(1.78188 -0.255715 0)
(1.77424 -0.211413 0)
(1.76826 -0.162503 0)
(1.76414 -0.109502 0)
(1.76202 -0.053259 0)
(1.76194 0.00483067 0)
(1.76377 0.0626459 0)
(1.76727 0.11843 0)
(1.77216 0.170653 0)
(1.7781 0.217898 0)
(1.78478 0.258964 0)
(1.79185 0.292974 0)
(1.79896 0.319497 0)
(1.80574 0.338591 0)
(1.81172 0.350785 0)
(1.81647 0.357025 0)
(1.82109 0.357312 0)
(1.82515 0.349776 0)
(1.82846 0.33451 0)
(1.831 0.312671 0)
(1.83325 0.284837 0)
(1.83539 0.251464 0)
(1.83762 0.21301 0)
(1.8401 0.169949 0)
(1.84293 0.122844 0)
(1.84616 0.0724604 0)
(1.84977 0.0199571 0)
(1.85353 -0.0327237 0)
(1.8572 -0.0838101 0)
(1.86052 -0.13188 0)
(1.86323 -0.175628 0)
(1.86509 -0.21396 0)
(1.86591 -0.246084 0)
(1.86561 -0.271546 0)
(1.8642 -0.290245 0)
(1.8619 -0.302409 0)
(1.85906 -0.30867 0)
(1.85478 -0.309416 0)
(1.84906 -0.303896 0)
(1.842 -0.292261 0)
(1.83453 -0.275099 0)
(1.67244 0.3421 0)
(1.69113 0.40976 0)
(1.70999 0.466186 0)
(1.72816 0.511503 0)
(1.74505 0.546305 0)
(1.76002 0.571337 0)
(1.77268 0.587797 0)
(1.78273 0.597234 0)
(1.79098 0.599931 0)
(1.79785 0.593568 0)
(1.80349 0.577415 0)
(1.80849 0.55106 0)
(1.81352 0.513848 0)
(1.81907 0.465145 0)
(1.82542 0.404687 0)
(1.83276 0.332836 0)
(1.84111 0.25072 0)
(1.85042 0.160262 0)
(1.86045 0.0643959 0)
(1.87055 -0.0323825 0)
(1.88006 -0.126017 0)
(1.88843 -0.213481 0)
(1.8951 -0.292147 0)
(1.8996 -0.36007 0)
(1.90153 -0.416083 0)
(1.90066 -0.459784 0)
(1.89694 -0.491414 0)
(1.89059 -0.511788 0)
(1.8809 -0.522083 0)
(1.86752 -0.52243 0)
(1.85101 -0.514446 0)
(1.83193 -0.499694 0)
(1.81139 -0.478966 0)
(1.79042 -0.452621 0)
(1.76984 -0.420543 0)
(1.75034 -0.382315 0)
(1.73251 -0.337485 0)
(1.71687 -0.285784 0)
(1.70391 -0.227295 0)
(1.69401 -0.16257 0)
(1.68749 -0.092704 0)
(1.68454 -0.0194023 0)
(1.68513 0.0548287 0)
(1.68899 0.12735 0)
(1.6957 0.196077 0)
(1.70476 0.259104 0)
(1.71561 0.31487 0)
(1.72765 0.362234 0)
(1.74021 0.400441 0)
(1.75266 0.429361 0)
(1.76437 0.449466 0)
(1.77486 0.461634 0)
(1.78468 0.466375 0)
(1.79408 0.462409 0)
(1.80241 0.449118 0)
(1.80983 0.42718 0)
(1.81664 0.397191 0)
(1.82316 0.359545 0)
(1.82965 0.314538 0)
(1.8363 0.262497 0)
(1.8432 0.203915 0)
(1.85037 0.139584 0)
(1.85776 0.0707749 0)
(1.86509 -0.000384258 0)
(1.87191 -0.0708164 0)
(1.8778 -0.138161 0)
(1.88241 -0.200356 0)
(1.88537 -0.255649 0)
(1.88641 -0.302719 0)
(1.88535 -0.340783 0)
(1.88215 -0.369608 0)
(1.87702 -0.389436 0)
(1.87008 -0.400888 0)
(1.86052 -0.404212 0)
(1.84885 -0.399414 0)
(1.83521 -0.387568 0)
(1.82041 -0.369411 0)
(1.80534 -0.345752 0)
(1.79067 -0.31712 0)
(1.77692 -0.283735 0)
(1.76454 -0.245688 0)
(1.75387 -0.203071 0)
(1.7452 -0.156099 0)
(1.73876 -0.105227 0)
(1.73474 -0.0512333 0)
(1.73321 0.00461652 0)
(1.73412 0.0603561 0)
(1.73726 0.114307 0)
(1.74235 0.164996 0)
(1.74907 0.211044 0)
(1.75705 0.25128 0)
(1.76584 0.284876 0)
(1.775 0.311426 0)
(1.78406 0.330951 0)
(1.79254 0.343843 0)
(1.80033 0.350707 0)
(1.8082 0.351253 0)
(1.81566 0.344269 0)
(1.82261 0.329797 0)
(1.82896 0.308472 0)
(1.83483 0.280902 0)
(1.84043 0.247615 0)
(1.84591 0.209105 0)
(1.85136 0.16589 0)
(1.85683 0.118584 0)
(1.86233 0.0680213 0)
(1.86774 0.0155003 0)
(1.87274 -0.0369082 0)
(1.87704 -0.0874849 0)
(1.88038 -0.134784 0)
(1.88251 -0.177513 0)
(1.88322 -0.214635 0)
(1.8824 -0.245445 0)
(1.88001 -0.269605 0)
(1.8762 -0.287123 0)
(1.87126 -0.298336 0)
(1.86492 -0.303683 0)
(1.85699 -0.302776 0)
(1.84764 -0.295937 0)
(1.83721 -0.283512 0)
(1.82645 -0.266111 0)
(1.64056 0.323502 0)
(1.66041 0.390063 0)
(1.6812 0.446361 0)
(1.70199 0.492348 0)
(1.72207 0.528477 0)
(1.74079 0.555412 0)
(1.75762 0.574065 0)
(1.77242 0.585393 0)
(1.78614 0.589356 0)
(1.79902 0.584194 0)
(1.81099 0.568806 0)
(1.82257 0.542713 0)
(1.83418 0.505312 0)
(1.84609 0.456097 0)
(1.85848 0.39497 0)
(1.87135 0.322428 0)
(1.88458 0.2397 0)
(1.89794 0.14888 0)
(1.911 0.0531366 0)
(1.92291 -0.0427756 0)
(1.933 -0.134981 0)
(1.94075 -0.22047 0)
(1.94572 -0.296695 0)
(1.94756 -0.361831 0)
(1.94607 -0.414827 0)
(1.94118 -0.455401 0)
(1.93307 -0.483916 0)
(1.92161 -0.501191 0)
(1.9058 -0.507735 0)
(1.88644 -0.504466 0)
(1.8639 -0.493744 0)
(1.83914 -0.477156 0)
(1.81326 -0.455615 0)
(1.78729 -0.42939 0)
(1.7621 -0.398213 0)
(1.73839 -0.361537 0)
(1.71674 -0.318814 0)
(1.69766 -0.269719 0)
(1.68161 -0.214281 0)
(1.66901 -0.15298 0)
(1.6602 -0.0868111 0)
(1.65541 -0.0173342 0)
(1.65468 0.0531897 0)
(1.65778 0.122313 0)
(1.66436 0.188092 0)
(1.67389 0.248719 0)
(1.68579 0.302691 0)
(1.69941 0.348908 0)
(1.71405 0.386684 0)
(1.72902 0.415812 0)
(1.7437 0.436576 0)
(1.75772 0.449516 0)
(1.77147 0.454776 0)
(1.78499 0.45133 0)
(1.7978 0.438789 0)
(1.80999 0.417548 0)
(1.82162 0.388059 0)
(1.83285 0.350691 0)
(1.84382 0.30578 0)
(1.85462 0.25373 0)
(1.86527 0.195119 0)
(1.8757 0.130834 0)
(1.88576 0.0622731 0)
(1.89503 -0.00823593 0)
(1.90295 -0.0775345 0)
(1.90911 -0.143375 0)
(1.91317 -0.203711 0)
(1.9148 -0.25686 0)
(1.9138 -0.301612 0)
(1.91011 -0.337299 0)
(1.90386 -0.363784 0)
(1.89528 -0.381373 0)
(1.88384 -0.390502 0)
(1.86959 -0.391062 0)
(1.85307 -0.384146 0)
(1.83479 -0.370934 0)
(1.81567 -0.352277 0)
(1.79658 -0.328858 0)
(1.77822 -0.301055 0)
(1.76111 -0.268983 0)
(1.74571 -0.232638 0)
(1.73234 -0.192042 0)
(1.72132 -0.147356 0)
(1.71287 -0.0989815 0)
(1.70719 -0.0476419 0)
(1.70442 0.00550604 0)
(1.70453 0.0586563 0)
(1.70737 0.110238 0)
(1.71265 0.158862 0)
(1.72004 0.20322 0)
(1.72911 0.242206 0)
(1.73936 0.275031 0)
(1.7503 0.301293 0)
(1.76147 0.320946 0)
(1.77244 0.334222 0)
(1.78318 0.3414 0)
(1.79414 0.342016 0)
(1.80482 0.3353 0)
(1.81521 0.321316 0)
(1.82514 0.300498 0)
(1.83457 0.273351 0)
(1.84359 0.24038 0)
(1.85225 0.202097 0)
(1.86059 0.159051 0)
(1.86864 0.111903 0)
(1.87634 0.0615827 0)
(1.88344 0.00957274 0)
(1.88955 -0.0419807 0)
(1.89434 -0.091431 0)
(1.89754 -0.137338 0)
(1.89892 -0.178463 0)
(1.89831 -0.21385 0)
(1.89568 -0.242893 0)
(1.89111 -0.265344 0)
(1.88483 -0.281325 0)
(1.8769 -0.291136 0)
(1.86691 -0.294711 0)
(1.85527 -0.292103 0)
(1.84224 -0.284074 0)
(1.82843 -0.271149 0)
(1.81456 -0.253863 0)
(1.61446 0.304353 0)
(1.63503 0.369073 0)
(1.65723 0.424544 0)
(1.6801 0.470579 0)
(1.70284 0.507452 0)
(1.72485 0.535688 0)
(1.74565 0.555892 0)
(1.76518 0.568541 0)
(1.78417 0.573302 0)
(1.80274 0.56871 0)
(1.82087 0.553777 0)
(1.83888 0.527848 0)
(1.85692 0.490331 0)
(1.87511 0.440863 0)
(1.89341 0.379492 0)
(1.91165 0.306858 0)
(1.92956 0.224304 0)
(1.94672 0.134048 0)
(1.96245 0.039601 0)
(1.97579 -0.0541954 0)
(1.98608 -0.143753 0)
(1.9929 -0.22614 0)
(1.99587 -0.298927 0)
(1.99482 -0.360434 0)
(1.98969 -0.409751 0)
(1.98067 -0.446668 0)
(1.96792 -0.471546 0)
(1.9506 -0.4849 0)
(1.92886 -0.487084 0)
(1.90337 -0.480377 0)
(1.87491 -0.467133 0)
(1.84462 -0.449063 0)
(1.81365 -0.42713 0)
(1.78305 -0.401484 0)
(1.7537 -0.371667 0)
(1.72629 -0.336973 0)
(1.70136 -0.296757 0)
(1.67936 -0.250638 0)
(1.66074 -0.198612 0)
(1.64591 -0.141109 0)
(1.63522 -0.0790391 0)
(1.62893 -0.0138223 0)
(1.6271 0.0525074 0)
(1.62957 0.117704 0)
(1.63598 0.179986 0)
(1.64586 0.237674 0)
(1.65859 0.289349 0)
(1.67349 0.333954 0)
(1.68988 0.370821 0)
(1.70708 0.399676 0)
(1.7245 0.420608 0)
(1.74179 0.433851 0)
(1.75921 0.439254 0)
(1.77663 0.436026 0)
(1.79368 0.423972 0)
(1.81035 0.403297 0)
(1.82652 0.374308 0)
(1.84223 0.337342 0)
(1.85749 0.292775 0)
(1.87228 0.241074 0)
(1.88652 0.182882 0)
(1.90006 0.119171 0)
(1.91262 0.0514994 0)
(1.92361 -0.0174837 0)
(1.93239 -0.0848328 0)
(1.93859 -0.148338 0)
(1.94185 -0.206014 0)
(1.94191 -0.25628 0)
(1.93867 -0.298068 0)
(1.93218 -0.330843 0)
(1.9227 -0.354537 0)
(1.9101 -0.369421 0)
(1.89395 -0.375513 0)
(1.87504 -0.373364 0)
(1.8538 -0.364499 0)
(1.83111 -0.350133 0)
(1.80795 -0.331203 0)
(1.78518 -0.308299 0)
(1.7635 -0.281647 0)
(1.74345 -0.251221 0)
(1.72545 -0.21691 0)
(1.70981 -0.178662 0)
(1.69682 -0.136591 0)
(1.68671 -0.0910579 0)
(1.67971 -0.0427341 0)
(1.67594 0.00731524 0)
(1.67544 0.0574506 0)
(1.67804 0.106222 0)
(1.68348 0.15234 0)
(1.69142 0.194595 0)
(1.70141 0.23196 0)
(1.71293 0.263677 0)
(1.72549 0.289319 0)
(1.73862 0.308748 0)
(1.75191 0.322031 0)
(1.76539 0.329176 0)
(1.77926 0.329669 0)
(1.79303 0.323065 0)
(1.80666 0.30944 0)
(1.81993 0.289087 0)
(1.83271 0.262428 0)
(1.84496 0.22993 0)
(1.85668 0.192099 0)
(1.86782 0.149508 0)
(1.87835 0.102879 0)
(1.88813 0.0532485 0)
(1.89678 0.00230856 0)
(1.90382 -0.0477736 0)
(1.9089 -0.0954577 0)
(1.91174 -0.139347 0)
(1.91214 -0.178284 0)
(1.91003 -0.211414 0)
(1.90544 -0.238254 0)
(1.89857 -0.258688 0)
(1.8896 -0.272802 0)
(1.87823 -0.280638 0)
(1.86464 -0.28213 0)
(1.84932 -0.277999 0)
(1.83281 -0.269021 0)
(1.81584 -0.255806 0)
(1.79911 -0.238853 0)
)
;

boundaryField
{
    inlet
    {
        type            fixedValue;
        value           nonuniform List<vector> 0();
    }
    outlet
    {
        type            zeroGradient;
    }
    topWall
    {
        type            noSlip;
    }
    lowerWall
    {
        type            noSlip;
    }
    leadingEdge
    {
        type            noSlip;
    }
    trailingEdge
    {
        type            noSlip;
    }
    upperSurface
    {
        type            noSlip;
    }
    lowerSurface
    {
        type            noSlip;
    }
    frontAndBack
    {
        type            empty;
    }
    procBoundary6to1
    {
        type            processor;
        value           nonuniform List<vector> 2((1.7911 0.30997 0) (1.73929 0.295563 0));
    }
    procBoundary6to2
    {
        type            processor;
        value           nonuniform List<vector> 
122
(
(1.85949 0.401092 0)
(1.86796 0.46505 0)
(1.87361 0.514582 0)
(1.87605 0.550621 0)
(1.87527 0.574613 0)
(1.87111 0.588306 0)
(1.86251 0.593346 0)
(1.85004 0.590419 0)
(1.83404 0.581601 0)
(1.81551 0.567268 0)
(1.79569 0.547043 0)
(1.77567 0.52009 0)
(1.75629 0.485197 0)
(1.75423 0.455665 0)
(1.75423 0.455665 0)
(1.74335 0.399614 0)
(1.73476 0.333078 0)
(1.7289 0.256866 0)
(1.7261 0.172517 0)
(1.72653 0.0823407 0)
(1.73003 -0.0102863 0)
(1.73615 -0.101363 0)
(1.74435 -0.188098 0)
(1.75395 -0.267955 0)
(1.76419 -0.338865 0)
(1.77432 -0.399473 0)
(1.78378 -0.449082 0)
(1.79205 -0.487361 0)
(1.79871 -0.514518 0)
(1.80362 -0.531435 0)
(1.80674 -0.539576 0)
(1.80776 -0.541123 0)
(1.80621 -0.534112 0)
(1.80269 -0.516658 0)
(1.79816 -0.491431 0)
(1.7932 -0.458558 0)
(1.78848 -0.417721 0)
(1.78452 -0.368651 0)
(1.78172 -0.311332 0)
(1.78038 -0.246125 0)
(1.78072 -0.173869 0)
(1.78286 -0.0959819 0)
(1.78676 -0.0146657 0)
(1.79207 0.0666593 0)
(1.79837 0.145132 0)
(1.80518 0.218362 0)
(1.81198 0.284282 0)
(1.81823 0.341305 0)
(1.82345 0.388356 0)
(1.82731 0.424966 0)
(1.82965 0.451286 0)
(1.83058 0.467722 0)
(1.83028 0.475217 0)
(1.82787 0.475867 0)
(1.8227 0.467543 0)
(1.81554 0.450247 0)
(1.8077 0.425927 0)
(1.79965 0.395066 0)
(1.79184 0.357868 0)
(1.78476 0.31436 0)
(1.77883 0.26459 0)
(1.77436 0.208802 0)
(1.7716 0.147546 0)
(1.77069 0.0817861 0)
(1.7717 0.0131009 0)
(1.77444 -0.0559777 0)
(1.77859 -0.123002 0)
(1.78378 -0.186042 0)
(1.78961 -0.243339 0)
(1.79565 -0.293426 0)
(1.80153 -0.33523 0)
(1.80695 -0.368072 0)
(1.81172 -0.391809 0)
(1.81568 -0.406832 0)
(1.81853 -0.414217 0)
(1.81995 -0.415889 0)
(1.82027 -0.410305 0)
(1.81917 -0.394354 0)
(1.81742 -0.371423 0)
(1.8153 -0.34205 0)
(1.81324 -0.306634 0)
(1.81164 -0.265454 0)
(1.81076 -0.218823 0)
(1.8108 -0.167176 0)
(1.81188 -0.111169 0)
(1.81406 -0.051829 0)
(1.81725 0.00915952 0)
(1.82119 0.0693909 0)
(1.82558 0.127025 0)
(1.8301 0.18045 0)
(1.8344 0.228268 0)
(1.83816 0.269286 0)
(1.84113 0.302745 0)
(1.84318 0.328304 0)
(1.84428 0.346035 0)
(1.8446 0.356414 0)
(1.84417 0.360335 0)
(1.84209 0.359327 0)
(1.83814 0.349469 0)
(1.83319 0.332669 0)
(1.82795 0.30997 0)
(1.82272 0.281925 0)
(1.81784 0.248962 0)
(1.81359 0.211407 0)
(1.81024 0.169604 0)
(1.80796 0.123996 0)
(1.80686 0.0752179 0)
(1.807 0.0242519 0)
(1.80831 -0.0273017 0)
(1.8106 -0.0776752 0)
(1.81366 -0.125537 0)
(1.81723 -0.169598 0)
(1.82108 -0.208716 0)
(1.82497 -0.242001 0)
(1.82871 -0.268805 0)
(1.83214 -0.288828 0)
(1.83515 -0.302184 0)
(1.83751 -0.309504 0)
(1.83904 -0.311966 0)
(1.83989 -0.310299 0)
(1.84005 -0.299869 0)
(1.83966 -0.283246 0)
)
;
    }
    procBoundary6to5
    {
        type            processor;
        value           nonuniform List<vector> 
24
(
(1.57583 0.215246 0)
(1.55964 0.199787 0)
(1.54709 0.184724 0)
(1.53733 0.169943 0)
(1.52954 0.155314 0)
(1.52295 0.140606 0)
(1.51704 0.125769 0)
(1.51117 0.11053 0)
(1.5069 0.0955735 0)
(1.50988 0.0824772 0)
(1.53445 0.0756064 0)
(1.57626 0.0725437 0)
(1.59701 0.0676986 0)
(1.52045 0.0544935 0)
(1.24054 0.0507248 0)
(0.835982 0.0480316 0)
(0.450007 0.0427314 0)
(0.132588 0.0282844 0)
(-0.070643 0.0155333 0)
(-0.11193 0.00466939 0)
(1.69374 0.279942 0)
(1.65496 0.263749 0)
(1.62271 0.247356 0)
(1.59656 0.231122 0)
)
;
    }
    procBoundary6to7
    {
        type            processor;
        value           nonuniform List<vector> 
25
(
(1.76206 -0.202063 0)
(1.73833 -0.183901 0)
(1.71247 -0.164471 0)
(1.68512 -0.144367 0)
(1.65685 -0.124096 0)
(1.6286 -0.104288 0)
(1.60128 -0.0854226 0)
(1.57594 -0.0680099 0)
(1.55359 -0.0524787 0)
(1.53518 -0.0391213 0)
(1.52095 -0.0283222 0)
(1.50878 -0.0200517 0)
(1.48988 -0.0150951 0)
(1.43227 -0.0122487 0)
(1.30646 -0.00936027 0)
(1.11442 -0.006552 0)
(0.878733 -0.00431312 0)
(0.627628 -0.00278628 0)
(0.381357 -0.00160717 0)
(0.136506 -0.000419592 0)
(1.8347 -0.258795 0)
(1.82713 -0.253069 0)
(1.81593 -0.24433 0)
(1.80119 -0.232672 0)
(1.78318 -0.218498 0)
)
;
    }
}


// ************************************************************************* //
