/*--------------------------------*- C++ -*----------------------------------*\
| =========                 |                                                 |
| \\      /  F ield         | OpenFOAM: The Open Source CFD Toolbox           |
|  \\    /   O peration     | Version:  2206                                  |
|   \\  /    A nd           | Website:  www.openfoam.com                      |
|    \\/     M anipulation  |                                                 |
\*---------------------------------------------------------------------------*/
FoamFile
{
    version     2.0;
    format      ascii;
    arch        "LSB;label=32;scalar=64";
    class       volVectorField;
    location    "19.8999";
    object      U_0;
}
// * * * * * * * * * * * * * * * * * * * * * * * * * * * * * * * * * * * * * //

dimensions      [0 1 -1 0 0 0 0];

internalField   nonuniform List<vector> 
1838
(
(0.127133 0.0504409 0)
(0.207984 0.000342226 0)
(0.358577 -0.0576924 0)
(0.540274 -0.125244 0)
(0.735252 -0.195159 0)
(0.952249 -0.251318 0)
(1.1807 -0.276096 0)
(1.41729 -0.256585 0)
(1.65268 -0.184955 0)
(1.88883 -0.0371557 0)
(2.14122 0.20788 0)
(2.3617 0.494204 0)
(2.49999 0.737968 0)
(2.56238 0.915167 0)
(2.57023 1.02533 0)
(2.53908 1.08275 0)
(2.4724 1.08957 0)
(2.38353 1.04873 0)
(2.27907 0.976055 0)
(2.16464 0.882987 0)
(2.04797 0.777514 0)
(1.9391 0.661315 0)
(1.83962 0.540384 0)
(1.72447 0.439808 0)
(1.55728 0.394687 0)
(1.33651 0.402095 0)
(1.12669 0.409104 0)
(0.980711 0.371068 0)
(0.919234 0.284698 0)
(0.915936 0.171832 0)
(0.972985 0.0440737 0)
(1.0649 -0.0867111 0)
(1.17244 -0.209499 0)
(1.28644 -0.316475 0)
(1.40253 -0.406551 0)
(1.51705 -0.481113 0)
(1.62812 -0.540806 0)
(1.73654 -0.585053 0)
(1.84546 -0.611194 0)
(1.95812 -0.614665 0)
(2.07799 -0.590253 0)
(2.20718 -0.531987 0)
(2.34575 -0.435537 0)
(2.49095 -0.30149 0)
(2.63551 -0.137626 0)
(2.76424 0.0357483 0)
(2.86572 0.198374 0)
(2.93458 0.33513 0)
(2.96779 0.437778 0)
(2.97108 0.507052 0)
(2.94978 0.545558 0)
(2.89807 0.546865 0)
(2.82311 0.514915 0)
(2.72946 0.458279 0)
(2.62385 0.385935 0)
(2.51297 0.308733 0)
(2.40197 0.239479 0)
(2.29115 0.189116 0)
(2.17953 0.166673 0)
(2.0694 0.174707 0)
(1.96587 0.204272 0)
(1.87278 0.239561 0)
(1.79219 0.266366 0)
(1.72507 0.275659 0)
(1.67174 0.261448 0)
(1.63536 0.221215 0)
(1.61633 0.158207 0)
(1.61311 0.0788761 0)
(1.62454 -0.00890057 0)
(1.64871 -0.0973931 0)
(1.68311 -0.17976 0)
(1.72552 -0.251816 0)
(1.77368 -0.310756 0)
(1.8255 -0.355141 0)
(1.87945 -0.384494 0)
(1.93471 -0.398944 0)
(1.9906 -0.399089 0)
(2.04649 -0.386228 0)
(2.10255 -0.361765 0)
(2.15921 -0.326673 0)
(2.21726 -0.281296 0)
(2.27776 -0.225373 0)
(2.34088 -0.158989 0)
(2.40451 -0.0840634 0)
(2.46229 -0.00735099 0)
(2.50915 0.0645233 0)
(2.54288 0.126944 0)
(2.55896 0.178145 0)
(2.56063 0.217978 0)
(2.54916 0.245027 0)
(2.51042 0.255651 0)
(2.45047 0.251085 0)
(2.37555 0.236909 0)
(2.29153 0.218857 0)
(2.20706 0.20271 0)
(2.12763 0.19156 0)
(2.0567 0.185552 0)
(1.99607 0.18291 0)
(1.94594 0.18082 0)
(1.90543 0.176116 0)
(1.87318 0.165621 0)
(1.84834 0.146691 0)
(0.032141 -0.133126 0)
(0.0966731 -0.205272 0)
(0.209081 -0.257658 0)
(0.337056 -0.323143 0)
(0.483421 -0.397157 0)
(0.651369 -0.464243 0)
(0.84542 -0.499764 0)
(1.06216 -0.479855 0)
(1.28161 -0.395732 0)
(1.4843 -0.2455 0)
(1.67662 -0.0121171 0)
(1.86797 0.300919 0)
(2.02203 0.60679 0)
(2.12493 0.84797 0)
(2.17983 1.01428 0)
(2.19442 1.11141 0)
(2.17757 1.1441 0)
(2.13162 1.13075 0)
(2.05943 1.07613 0)
(1.97023 0.991501 0)
(1.87986 0.881979 0)
(1.78822 0.759037 0)
(1.6679 0.657929 0)
(1.48791 0.617399 0)
(1.26757 0.624559 0)
(1.07626 0.615499 0)
(0.95224 0.550024 0)
(0.90478 0.431051 0)
(0.906822 0.282188 0)
(0.967155 0.116998 0)
(1.05974 -0.0477861 0)
(1.16782 -0.196979 0)
(1.28248 -0.325684 0)
(1.39631 -0.432743 0)
(1.50436 -0.519196 0)
(1.60371 -0.587722 0)
(1.69275 -0.641134 0)
(1.7725 -0.681714 0)
(1.84712 -0.708846 0)
(1.92225 -0.717061 0)
(2.00365 -0.699999 0)
(2.09617 -0.651432 0)
(2.20026 -0.564499 0)
(2.31496 -0.43763 0)
(2.43765 -0.275088 0)
(2.5612 -0.0885463 0)
(2.67183 0.0985358 0)
(2.7597 0.267202 0)
(2.81992 0.405966 0)
(2.85108 0.505936 0)
(2.8565 0.56925 0)
(2.83553 0.596329 0)
(2.7898 0.587419 0)
(2.72227 0.548391 0)
(2.63802 0.488379 0)
(2.54255 0.417775 0)
(2.44089 0.351382 0)
(2.33533 0.302599 0)
(2.22773 0.279552 0)
(2.12273 0.282396 0)
(2.02592 0.302085 0)
(1.94092 0.32495 0)
(1.86891 0.338532 0)
(1.80993 0.333648 0)
(1.76554 0.303243 0)
(1.73804 0.246461 0)
(1.72612 0.167208 0)
(1.72903 0.0726321 0)
(1.74554 -0.0289763 0)
(1.77324 -0.128719 0)
(1.80958 -0.219963 0)
(1.85208 -0.298384 0)
(1.89815 -0.361196 0)
(1.94533 -0.407329 0)
(1.99191 -0.43707 0)
(2.03759 -0.451345 0)
(2.08239 -0.451068 0)
(2.12573 -0.437645 0)
(2.16811 -0.413012 0)
(2.21053 -0.378501 0)
(2.25404 -0.334587 0)
(2.29964 -0.280819 0)
(2.34794 -0.216559 0)
(2.39877 -0.141878 0)
(2.44971 -0.0598488 0)
(2.49518 0.0217206 0)
(2.53098 0.0976717 0)
(2.55345 0.16349 0)
(2.56083 0.217689 0)
(2.56016 0.260575 0)
(2.54049 0.292475 0)
(2.50434 0.307827 0)
(2.45229 0.308262 0)
(2.3873 0.298485 0)
(2.31552 0.28348 0)
(2.24394 0.267768 0)
(2.17717 0.253561 0)
(2.11813 0.240866 0)
(2.06837 0.228398 0)
(2.02806 0.213921 0)
(1.9967 0.194437 0)
(1.9739 0.167412 0)
(0.0139872 -0.13165 0)
(0.0105516 -0.228061 0)
(0.0265153 -0.304913 0)
(0.0646403 -0.405135 0)
(0.132477 -0.514561 0)
(0.231508 -0.619009 0)
(0.362843 -0.69475 0)
(0.532436 -0.702026 0)
(0.737121 -0.619678 0)
(0.947244 -0.446414 0)
(1.14263 -0.18797 0)
(1.32202 0.136703 0)
(1.48065 0.467851 0)
(1.6119 0.74791 0)
(1.70963 0.954811 0)
(1.77273 1.08504 0)
(1.80376 1.15003 0)
(1.80829 1.16491 0)
(1.78564 1.14256 0)
(1.74121 1.06432 0)
(1.6789 0.960483 0)
(1.57656 0.872767 0)
(1.41259 0.836999 0)
(1.21855 0.835243 0)
(1.05539 0.81207 0)
(0.953736 0.731425 0)
(0.918135 0.595033 0)
(0.926957 0.419512 0)
(0.996812 0.219695 0)
(1.09393 0.020612 0)
(1.20521 -0.160249 0)
(1.32205 -0.315277 0)
(1.43705 -0.442492 0)
(1.54413 -0.542349 0)
(1.63926 -0.617874 0)
(1.72009 -0.673116 0)
(1.78544 -0.713019 0)
(1.8365 -0.742817 0)
(1.87721 -0.764271 0)
(1.91323 -0.775395 0)
(1.95337 -0.76965 0)
(2.00543 -0.732806 0)
(2.07258 -0.658328 0)
(2.15381 -0.543265 0)
(2.24814 -0.388855 0)
(2.35195 -0.203268 0)
(2.45604 -0.00478358 0)
(2.54922 0.184467 0)
(2.62346 0.346741 0)
(2.67518 0.476011 0)
(2.70261 0.563289 0)
(2.70933 0.614226 0)
(2.69397 0.630153 0)
(2.65633 0.612856 0)
(2.59809 0.568449 0)
(2.52376 0.509573 0)
(2.43846 0.450785 0)
(2.34647 0.406098 0)
(2.25159 0.382736 0)
(2.15949 0.379822 0)
(2.07568 0.389206 0)
(2.00366 0.399567 0)
(1.94411 0.400072 0)
(1.89727 0.380537 0)
(1.86615 0.334712 0)
(1.85001 0.262374 0)
(1.84794 0.168209 0)
(1.85906 0.0598686 0)
(1.88159 -0.0536283 0)
(1.91278 -0.162525 0)
(1.94998 -0.260272 0)
(1.99062 -0.34245 0)
(2.03184 -0.406227 0)
(2.07143 -0.451359 0)
(2.10778 -0.479118 0)
(2.14094 -0.49166 0)
(2.17175 -0.489282 0)
(2.19964 -0.47397 0)
(2.22564 -0.448559 0)
(2.2516 -0.414623 0)
(2.2792 -0.372376 0)
(2.30945 -0.321229 0)
(2.34305 -0.260051 0)
(2.3802 -0.188045 0)
(2.42022 -0.10615 0)
(2.4601 -0.0186305 0)
(2.49498 0.0669457 0)
(2.52131 0.144942 0)
(2.53627 0.211732 0)
(2.53838 0.267212 0)
(2.52955 0.311201 0)
(2.50911 0.342099 0)
(2.47664 0.3574 0)
(2.43324 0.358302 0)
(2.3812 0.348778 0)
(2.32495 0.332881 0)
(2.26988 0.314049 0)
(2.2196 0.294072 0)
(2.1762 0.273025 0)
(2.14074 0.249438 0)
(2.11358 0.220809 0)
(2.09472 0.185532 0)
(-0.0172282 -0.102434 0)
(-0.0911374 -0.187579 0)
(-0.151464 -0.287778 0)
(-0.18619 -0.418873 0)
(-0.190416 -0.560309 0)
(-0.164316 -0.697382 0)
(-0.104656 -0.80836 0)
(-0.0113062 -0.860992 0)
(0.132962 -0.802288 0)
(0.318887 -0.632652 0)
(0.523199 -0.369447 0)
(0.724818 -0.0356743 0)
(0.905685 0.309803 0)
(1.0688 0.611819 0)
(1.21142 0.84741 0)
(1.32604 1.01103 0)
(1.40996 1.10668 0)
(1.46314 1.14525 0)
(1.48972 1.14221 0)
(1.48024 1.09501 0)
(1.41617 1.04491 0)
(1.29485 1.02376 0)
(1.1515 1.01605 0)
(1.02895 0.984009 0)
(0.95877 0.899437 0)
(0.937831 0.761933 0)
(0.961103 0.573968 0)
(1.04678 0.349236 0)
(1.15617 0.11769 0)
(1.27657 -0.0958671 0)
(1.39995 -0.281286 0)
(1.51887 -0.433706 0)
(1.62769 -0.552074 0)
(1.7219 -0.638327 0)
(1.79872 -0.697679 0)
(1.85573 -0.734979 0)
(1.8938 -0.756514 0)
(1.91484 -0.771473 0)
(1.92226 -0.783069 0)
(1.9222 -0.789703 0)
(1.92186 -0.791473 0)
(1.93143 -0.773847 0)
(1.95782 -0.714511 0)
(2.00342 -0.615458 0)
(2.06715 -0.475259 0)
(2.14637 -0.299206 0)
(2.23516 -0.101175 0)
(2.32377 0.0969464 0)
(2.40317 0.276153 0)
(2.46793 0.424566 0)
(2.51445 0.534858 0)
(2.54187 0.605877 0)
(2.55213 0.64052 0)
(2.54442 0.647377 0)
(2.51513 0.624151 0)
(2.46625 0.58026 0)
(2.40271 0.532305 0)
(2.33037 0.493267 0)
(2.25461 0.470009 0)
(2.18135 0.461466 0)
(2.11554 0.46093 0)
(2.06039 0.459501 0)
(2.01661 0.446815 0)
(1.9867 0.412751 0)
(1.97145 0.352255 0)
(1.96947 0.265949 0)
(1.97979 0.158886 0)
(2.00086 0.0390019 0)
(2.02992 -0.0831894 0)
(2.06382 -0.198065 0)
(2.09979 -0.298926 0)
(2.13554 -0.381667 0)
(2.16864 -0.443477 0)
(2.19768 -0.485087 0)
(2.22098 -0.507854 0)
(2.23903 -0.516064 0)
(2.25303 -0.511061 0)
(2.26245 -0.492523 0)
(2.26977 -0.465584 0)
(2.27741 -0.432781 0)
(2.28834 -0.393672 0)
(2.3033 -0.346234 0)
(2.32261 -0.288887 0)
(2.34629 -0.220568 0)
(2.37395 -0.141476 0)
(2.40434 -0.0539116 0)
(2.43411 0.0361297 0)
(2.45941 0.122306 0)
(2.4773 0.200311 0)
(2.48624 0.267391 0)
(2.48626 0.321243 0)
(2.47807 0.360395 0)
(2.46124 0.385439 0)
(2.43608 0.396447 0)
(2.40479 0.394158 0)
(2.3683 0.381515 0)
(2.32929 0.361337 0)
(2.29193 0.336745 0)
(2.25901 0.309125 0)
(2.23215 0.277724 0)
(2.21235 0.241335 0)
(2.19939 0.198875 0)
(-0.281401 -0.20834 0)
(-0.370305 -0.366577 0)
(-0.430392 -0.539526 0)
(-0.460915 -0.708229 0)
(-0.466081 -0.850536 0)
(-0.440921 -0.940876 0)
(-0.374247 -0.93525 0)
(-0.243322 -0.790314 0)
(-0.0682163 -0.540833 0)
(0.141935 -0.222098 0)
(0.353377 0.120386 0)
(0.553712 0.431899 0)
(0.738571 0.689844 0)
(0.898193 0.882485 0)
(1.0251 1.01015 0)
(1.11448 1.08569 0)
(1.16283 1.1245 0)
(1.1646 1.14442 0)
(1.11648 1.14756 0)
(1.04562 1.14145 0)
(0.980723 1.11031 0)
(0.951679 1.03606 0)
(0.951877 0.909749 0)
(1.00455 0.721867 0)
(1.11498 0.484626 0)
(1.24781 0.229099 0)
(1.38806 -0.01352 0)
(1.5253 -0.228216 0)
(1.65232 -0.407464 0)
(1.76447 -0.54814 0)
(1.85815 -0.650085 0)
(1.93141 -0.717137 0)
(1.98371 -0.754425 0)
(2.01445 -0.769711 0)
(2.02344 -0.77355 0)
(2.0107 -0.772612 0)
(1.97988 -0.772663 0)
(1.9416 -0.776004 0)
(1.90385 -0.778116 0)
(1.87291 -0.769862 0)
(1.85883 -0.731029 0)
(1.86826 -0.653267 0)
(1.9007 -0.532552 0)
(1.95344 -0.372377 0)
(2.02244 -0.183995 0)
(2.10038 0.0139073 0)
(2.17845 0.200529 0)
(2.24996 0.361333 0)
(2.31025 0.487781 0)
(2.35579 0.575843 0)
(2.38554 0.627201 0)
(2.40009 0.649138 0)
(2.39978 0.64943 0)
(2.37926 0.624349 0)
(2.3414 0.589468 0)
(2.29285 0.557365 0)
(2.24058 0.53484 0)
(2.19008 0.521623 0)
(2.14588 0.512937 0)
(2.11027 0.500714 0)
(2.08642 0.474779 0)
(2.07644 0.426931 0)
(2.07935 0.353127 0)
(2.09392 0.254835 0)
(2.1185 0.137337 0)
(2.1504 0.00944986 0)
(2.18541 -0.116942 0)
(2.22029 -0.233368 0)
(2.25238 -0.333053 0)
(2.27997 -0.412591 0)
(2.30152 -0.469336 0)
(2.31667 -0.504545 0)
(2.32438 -0.52063 0)
(2.32553 -0.523967 0)
(2.31887 -0.513011 0)
(2.30753 -0.490596 0)
(2.29563 -0.464035 0)
(2.2865 -0.433744 0)
(2.2806 -0.398349 0)
(2.27954 -0.355706 0)
(2.28411 -0.303451 0)
(2.29434 -0.239963 0)
(2.30978 -0.16506 0)
(2.32968 -0.0800407 0)
(2.35206 0.0106938 0)
(2.37382 0.100807 0)
(2.39235 0.18491 0)
(2.40602 0.258939 0)
(2.41395 0.321028 0)
(2.41609 0.367765 0)
(2.41304 0.399108 0)
(2.4052 0.415288 0)
(2.39141 0.418435 0)
(2.37323 0.410275 0)
(2.35229 0.392263 0)
(2.33102 0.366301 0)
(2.31179 0.334437 0)
(2.29649 0.29732 0)
(2.28607 0.254681 0)
(2.28059 0.206228 0)
(1.65624 0.0277004 0)
(1.61759 0.0270929 0)
(1.57952 0.0264767 0)
(1.54217 0.0259046 0)
(1.50509 0.0253844 0)
(1.46865 0.0248749 0)
(1.43284 0.0243645 0)
(1.39751 0.023862 0)
(1.36265 0.023373 0)
(1.32822 0.0228959 0)
(1.29424 0.0224305 0)
(1.26063 0.0219868 0)
(1.22735 0.0215819 0)
(1.19436 0.0212435 0)
(1.16154 0.021017 0)
(1.1287 0.0209514 0)
(1.09568 0.0210902 0)
(1.06224 0.0214626 0)
(1.02809 0.0220675 0)
(0.992912 0.0229306 0)
(0.95633 0.0240704 0)
(0.917896 0.0255284 0)
(0.877117 0.027351 0)
(0.833484 0.0294929 0)
(0.786596 0.0318343 0)
(0.735965 0.0341072 0)
(0.681499 0.0355543 0)
(0.625505 0.0354484 0)
(0.568551 0.0337246 0)
(0.510589 0.0308331 0)
(0.452222 0.0272106 0)
(2.6144 0.0526666 0)
(2.59621 0.0520809 0)
(2.57821 0.0514462 0)
(2.56038 0.0508189 0)
(2.54274 0.0502286 0)
(2.52525 0.0496565 0)
(2.50784 0.0491058 0)
(2.49046 0.0485949 0)
(2.47307 0.048134 0)
(2.45564 0.0477244 0)
(2.43816 0.0473664 0)
(2.42058 0.0470697 0)
(2.40286 0.0468535 0)
(2.38495 0.0467486 0)
(2.36679 0.0468045 0)
(2.3483 0.0470817 0)
(2.32936 0.0476447 0)
(2.30982 0.0485653 0)
(2.28957 0.049922 0)
(2.26829 0.0517868 0)
(2.24588 0.0542268 0)
(2.22218 0.0572905 0)
(2.19691 0.0610017 0)
(2.1698 0.0653562 0)
(2.14056 0.0703001 0)
(2.10885 0.0756891 0)
(2.07421 0.0812128 0)
(2.03496 0.0865371 0)
(1.99025 0.091595 0)
(1.9392 0.0964518 0)
(1.88102 0.101117 0)
(2.82942 0.0652944 0)
(2.82169 0.0643836 0)
(2.81429 0.0634647 0)
(2.80719 0.0625793 0)
(2.80037 0.0617583 0)
(2.79377 0.0610127 0)
(2.78733 0.0603493 0)
(2.78099 0.0597739 0)
(2.77471 0.0592864 0)
(2.76845 0.0588841 0)
(2.7622 0.0585675 0)
(2.75592 0.058349 0)
(2.7496 0.0582592 0)
(2.74321 0.0583437 0)
(2.73672 0.0586636 0)
(2.73012 0.0592997 0)
(2.72335 0.0603659 0)
(2.71638 0.0618996 0)
(2.70914 0.0638496 0)
(2.70158 0.0665131 0)
(2.69363 0.0697064 0)
(2.68522 0.0736715 0)
(2.67624 0.0786395 0)
(2.66661 0.084442 0)
(2.65618 0.0910128 0)
(2.64476 0.0982647 0)
(2.63209 0.106118 0)
(2.61778 0.114523 0)
(2.60137 0.123462 0)
(2.58215 0.133337 0)
(2.55948 0.143802 0)
(2.86725 0.0692416 0)
(2.86227 0.067873 0)
(2.858 0.0665423 0)
(2.85418 0.0653163 0)
(2.85075 0.0642329 0)
(2.84765 0.0633026 0)
(2.8448 0.0625192 0)
(2.84214 0.0618697 0)
(2.83963 0.0613379 0)
(2.83725 0.0609085 0)
(2.83498 0.0605766 0)
(2.83281 0.0603469 0)
(2.83074 0.0602501 0)
(2.82876 0.0603304 0)
(2.82687 0.0606443 0)
(2.82508 0.0612755 0)
(2.82337 0.0623189 0)
(2.82176 0.0638566 0)
(2.82024 0.065981 0)
(2.81878 0.0687777 0)
(2.81737 0.0723189 0)
(2.81598 0.0766633 0)
(2.81456 0.0818544 0)
(2.81316 0.0879184 0)
(2.81172 0.0948627 0)
(2.81017 0.102679 0)
(2.80838 0.111362 0)
(2.80616 0.120895 0)
(2.80327 0.131321 0)
(2.79944 0.142793 0)
(2.7944 0.155527 0)
(2.87176 0.0762495 0)
(2.86739 0.0740468 0)
(2.86368 0.071937 0)
(2.86056 0.0700374 0)
(2.85791 0.0683961 0)
(2.85565 0.0670095 0)
(2.85369 0.0658505 0)
(2.85196 0.0648843 0)
(2.85041 0.0640808 0)
(2.84903 0.0634366 0)
(2.84781 0.0629087 0)
(2.84677 0.0624978 0)
(2.84593 0.0622202 0)
(2.8453 0.0621288 0)
(2.8449 0.062256 0)
(2.84466 0.0627004 0)
(2.84475 0.0635483 0)
(2.84512 0.0648813 0)
(2.84575 0.0667719 0)
(2.84667 0.0693072 0)
(2.84786 0.072555 0)
(2.84932 0.0765823 0)
(2.85107 0.0814663 0)
(2.85314 0.0872437 0)
(2.85552 0.0939232 0)
(2.85819 0.101534 0)
(2.86105 0.11013 0)
(2.86404 0.119784 0)
(2.86681 0.130508 0)
(2.8696 0.142419 0)
(2.87219 0.155812 0)
(2.83709 0.0789624 0)
(2.834 0.0761956 0)
(2.83161 0.0736325 0)
(2.82978 0.0713674 0)
(2.82841 0.0694633 0)
(2.82734 0.0678966 0)
(2.8265 0.0666117 0)
(2.82581 0.0655495 0)
(2.82523 0.0646507 0)
(2.82478 0.0638586 0)
(2.82447 0.0631821 0)
(2.82434 0.0625131 0)
(2.82443 0.0620222 0)
(2.82479 0.0616502 0)
(2.82547 0.0614952 0)
(2.82648 0.0616296 0)
(2.82782 0.0621383 0)
(2.8295 0.0631235 0)
(2.83156 0.0646794 0)
(2.83399 0.0668922 0)
(2.83679 0.0698365 0)
(2.83997 0.0735799 0)
(2.84353 0.0781812 0)
(2.84749 0.0836796 0)
(2.85177 0.0901013 0)
(2.85635 0.0974845 0)
(2.86134 0.105872 0)
(2.86663 0.115344 0)
(2.87242 0.126004 0)
(2.878 0.137919 0)
(2.88389 0.151153 0)
(2.69396 0.0835132 0)
(2.69494 0.0795772 0)
(2.69648 0.0760757 0)
(2.69841 0.0730886 0)
(2.70059 0.0706436 0)
(2.7029 0.0686888 0)
(2.70526 0.0671444 0)
(2.7076 0.0659198 0)
(2.70992 0.0649074 0)
(2.71222 0.0640007 0)
(2.71457 0.0631604 0)
(2.71702 0.0623542 0)
(2.71964 0.0615796 0)
(2.7225 0.0608763 0)
(2.72568 0.0604056 0)
(2.72924 0.0601808 0)
(2.7332 0.0602931 0)
(2.7376 0.0608227 0)
(2.74247 0.061907 0)
(2.74782 0.0636404 0)
(2.7537 0.0660879 0)
(2.76012 0.0693143 0)
(2.7671 0.0733749 0)
(2.77469 0.0783249 0)
(2.78292 0.084219 0)
(2.79177 0.0910974 0)
(2.80124 0.0990173 0)
(2.81128 0.108059 0)
(2.82191 0.118376 0)
(2.83302 0.130049 0)
(2.84448 0.142828 0)
(2.23364 0.0789317 0)
(2.24591 0.0748626 0)
(2.25816 0.0712604 0)
(2.27033 0.0682271 0)
(2.28226 0.0657963 0)
(2.2939 0.063906 0)
(2.30519 0.0624479 0)
(2.31612 0.0612965 0)
(2.32669 0.0603293 0)
(2.33695 0.0594297 0)
(2.34696 0.0585149 0)
(2.35681 0.0575592 0)
(2.36663 0.0565626 0)
(2.37648 0.0555683 0)
(2.38644 0.0546712 0)
(2.39661 0.0539728 0)
(2.40708 0.0535861 0)
(2.41791 0.0536185 0)
(2.42919 0.0541717 0)
(2.44102 0.0553286 0)
(2.45348 0.0571595 0)
(2.4667 0.0597249 0)
(2.4808 0.0630755 0)
(2.4959 0.0672572 0)
(2.51214 0.0723182 0)
(2.52968 0.0783114 0)
(2.54863 0.0853175 0)
(2.56909 0.0934718 0)
(2.59102 0.102981 0)
(2.61429 0.114091 0)
(2.63856 0.126597 0)
(1.27186 0.0571971 0)
(1.30348 0.0532217 0)
(1.33346 0.0498814 0)
(1.362 0.0472955 0)
(1.38929 0.0454752 0)
(1.41553 0.0443228 0)
(1.44087 0.0436821 0)
(1.46545 0.0433743 0)
(1.48942 0.0432364 0)
(1.51279 0.0431045 0)
(1.53562 0.0428272 0)
(1.55806 0.0423343 0)
(1.58016 0.0416503 0)
(1.60196 0.0408437 0)
(1.62356 0.0400016 0)
(1.64499 0.0392174 0)
(1.66641 0.0385857 0)
(1.68795 0.038212 0)
(1.70973 0.0381949 0)
(1.73194 0.0386102 0)
(1.75479 0.0395192 0)
(1.77853 0.0409759 0)
(1.8034 0.0430234 0)
(1.82967 0.0456955 0)
(1.85762 0.0490273 0)
(1.88756 0.0530635 0)
(1.91982 0.0578962 0)
(1.9547 0.0636678 0)
(1.99242 0.0708328 0)
(2.03288 0.0797574 0)
(2.07472 0.0922478 0)
(0.261681 0.011305 0)
(0.29384 0.0110816 0)
(0.324034 0.0110066 0)
(0.352686 0.0110607 0)
(0.380243 0.0111979 0)
(0.407116 0.0113617 0)
(0.433637 0.0114958 0)
(0.459994 0.0115697 0)
(0.486328 0.0116017 0)
(0.512865 0.0115425 0)
(0.539135 0.0113096 0)
(0.565131 0.010936 0)
(0.590704 0.0104989 0)
(0.615691 0.0100571 0)
(0.640043 0.00967216 0)
(0.663766 0.00938149 0)
(0.686926 0.00921305 0)
(0.709682 0.00921854 0)
(0.732314 0.00943346 0)
(0.755062 0.00986389 0)
(0.778254 0.0105141 0)
(0.802277 0.011395 0)
(0.827519 0.0125117 0)
(0.854389 0.0138668 0)
(0.88332 0.0154645 0)
(0.914787 0.0173216 0)
(0.949249 0.0194854 0)
(0.987565 0.0221151 0)
(1.02956 0.0252263 0)
(1.08045 0.0309201 0)
(1.12653 0.0332418 0)
(0.393757 0.0228824 0)
(0.336028 0.0171263 0)
(0.28048 0.00857126 0)
(0.229952 -0.00488004 0)
(0.18901 -0.0238185 0)
(0.157909 -0.0408714 0)
(0.136389 -0.0469245 0)
(0.119559 -0.0396216 0)
(0.100169 -0.0226234 0)
(0.0716256 -0.000972616 0)
(0.023658 0.024205 0)
(-0.0470554 0.0567278 0)
(-0.152759 0.0883861 0)
(-0.295495 0.10273 0)
(-0.443409 0.0957948 0)
(-0.571073 0.0699215 0)
(-0.657615 0.0377834 0)
(-0.689364 0.00311222 0)
(-0.666854 -0.031164 0)
(-0.605267 -0.0557733 0)
(-0.515398 -0.0675038 0)
(-0.411275 -0.0683336 0)
(-0.307014 -0.0625963 0)
(-0.20848 -0.0535417 0)
(-0.119924 -0.0434872 0)
(-0.0447939 -0.0336291 0)
(0.0138415 -0.0244208 0)
(0.0543335 -0.0150276 0)
(0.0775013 -0.00671582 0)
(0.0848439 0.00106228 0)
(0.078836 0.0081895 0)
(0.0617374 0.0132434 0)
(0.0368632 0.0164117 0)
(0.00566084 0.0174963 0)
(-0.0278879 0.0176933 0)
(-0.0588604 0.0154579 0)
(-0.0842032 0.01177 0)
(-0.10188 0.00716403 0)
(-0.109807 0.00199152 0)
(-0.107738 -0.00345374 0)
(-0.096482 -0.00822991 0)
(-0.0768182 -0.0115706 0)
(-0.0524877 -0.0130303 0)
(-0.0260915 -0.012756 0)
(-0.00167791 -0.0101071 0)
(0.0161811 -0.00550847 0)
(0.0233405 0.000887468 0)
(0.0178749 0.00868169 0)
(-0.0026797 0.0166603 0)
(-0.0381737 0.0241546 0)
(-0.084343 0.0282033 0)
(-0.13459 0.0284763 0)
(-0.18181 0.0246843 0)
(-0.218232 0.0171061 0)
(-0.237595 0.00702694 0)
(-0.237737 -0.0034083 0)
(-0.22026 -0.0125387 0)
(-0.188913 -0.0184018 0)
(-0.150183 -0.0204901 0)
(-0.111424 -0.0187541 0)
(-0.0783542 -0.0142183 0)
(-0.0559656 -0.00830188 0)
(-0.046027 -0.00203099 0)
(-0.0476333 0.00365009 0)
(-0.0582168 0.00761668 0)
(-0.0743139 0.0093943 0)
(-0.0918017 0.00898263 0)
(-0.107099 0.00715835 0)
(-0.11768 0.00419998 0)
(-0.121973 0.000818935 0)
(-0.119839 -0.00274598 0)
(-0.111864 -0.00574402 0)
(-0.0986788 -0.00794327 0)
(-0.0821725 -0.0090324 0)
(-0.0642238 -0.00924431 0)
(-0.0463932 -0.00866078 0)
(-0.030164 -0.00738429 0)
(-0.0168336 -0.00563699 0)
(-0.00725721 -0.00360721 0)
(-0.00167987 -0.00149082 0)
(-3.4835e-05 0.000344004 0)
(-0.00167139 0.00178979 0)
(-0.0053413 0.0026853 0)
(-0.0100782 0.00301893 0)
(-0.0149608 0.00283148 0)
(-0.0189845 0.0022436 0)
(-0.0215828 0.00140824 0)
(-0.0224474 0.000523562 0)
(-0.0217626 -0.000214255 0)
(-0.0198835 -0.000695045 0)
(-0.0173701 -0.000865252 0)
(-0.0148495 -0.000717398 0)
(-0.0129501 -0.000277234 0)
(-0.0121687 0.000393801 0)
(-0.0127807 0.00115173 0)
(-0.014848 0.00187486 0)
(-0.0182627 0.00246758 0)
(-0.0226694 0.00285242 0)
(-0.0276044 0.00299708 0)
(-0.0325342 0.00287964 0)
(-0.0369625 0.00252869 0)
(-0.0404516 0.00199051 0)
(1.81436 0.105602 0)
(1.73813 0.109777 0)
(1.65148 0.113388 0)
(1.55218 0.116129 0)
(1.4371 0.117108 0)
(1.29838 0.114677 0)
(1.13338 0.108222 0)
(0.949256 0.101537 0)
(0.753649 0.100326 0)
(0.557579 0.105524 0)
(0.376868 0.11505 0)
(0.226131 0.128952 0)
(0.0876523 0.153343 0)
(-0.0516774 0.182846 0)
(-0.181952 0.180802 0)
(-0.283072 0.140297 0)
(-0.342971 0.0712058 0)
(-0.362009 -0.00980292 0)
(-0.340472 -0.0861151 0)
(-0.291764 -0.13454 0)
(-0.226721 -0.161013 0)
(-0.156776 -0.16789 0)
(-0.0853989 -0.16076 0)
(-0.0166125 -0.145078 0)
(0.0442332 -0.123753 0)
(0.0961809 -0.0980816 0)
(0.138415 -0.0704043 0)
(0.167317 -0.0432204 0)
(0.180781 -0.0193757 0)
(0.179698 0.00118221 0)
(0.164797 0.0195254 0)
(0.138645 0.0341594 0)
(0.105502 0.0439858 0)
(0.0681633 0.0482514 0)
(0.0303938 0.047775 0)
(-0.00456525 0.0425412 0)
(-0.033239 0.0327174 0)
(-0.0532717 0.0192154 0)
(-0.0627782 0.00358134 0)
(-0.0614742 -0.0122113 0)
(-0.0509786 -0.0257307 0)
(-0.0327439 -0.0355619 0)
(-0.00950346 -0.0402298 0)
(0.0159534 -0.039439 0)
(0.0394001 -0.0325881 0)
(0.0563673 -0.0196045 0)
(0.0634131 -0.00124519 0)
(0.0569778 0.0203752 0)
(0.0348029 0.0418816 0)
(-0.00218983 0.0605399 0)
(-0.0489234 0.0726504 0)
(-0.0988412 0.0753026 0)
(-0.145404 0.0659015 0)
(-0.179253 0.0440192 0)
(-0.192003 0.0140914 0)
(-0.183451 -0.0171317 0)
(-0.158551 -0.0415646 0)
(-0.121556 -0.0561992 0)
(-0.0790429 -0.0606991 0)
(-0.0375576 -0.0553977 0)
(-0.00309887 -0.042241 0)
(0.0194283 -0.0241092 0)
(0.0289588 -0.00513095 0)
(0.0265197 0.0112094 0)
(0.0155057 0.0219306 0)
(-0.000524783 0.0265961 0)
(-0.0170923 0.0258195 0)
(-0.0304959 0.0203741 0)
(-0.0385734 0.0114456 0)
(-0.0399963 0.00093005 0)
(-0.0351009 -0.00920153 0)
(-0.0246179 -0.0173665 0)
(-0.00925741 -0.0231415 0)
(0.0089987 -0.0263345 0)
(0.0282244 -0.0270224 0)
(0.0470814 -0.025416 0)
(0.0642465 -0.0217891 0)
(0.078524 -0.0167481 0)
(0.0891706 -0.0109702 0)
(0.0959604 -0.00516127 0)
(0.0988633 -0.000113851 0)
(0.0985832 0.00374703 0)
(0.0962731 0.00612617 0)
(0.0929702 0.00687254 0)
(0.0896813 0.0061409 0)
(0.0873284 0.00429213 0)
(0.0864752 0.00180528 0)
(0.0873493 -0.000638833 0)
(0.0897467 -0.00268371 0)
(0.0932722 -0.00395713 0)
(0.0973308 -0.00433162 0)
(0.101359 -0.0038283 0)
(0.104784 -0.0024625 0)
(0.107073 -0.000451281 0)
(0.107985 0.00186129 0)
(0.107492 0.00399468 0)
(0.105743 0.00567463 0)
(0.103121 0.00670888 0)
(0.100079 0.00698518 0)
(0.0971516 0.00650005 0)
(0.0948096 0.00534566 0)
(0.0934175 0.00365894 0)
(2.53244 0.155398 0)
(2.49999 0.167754 0)
(2.46085 0.181327 0)
(2.41309 0.196955 0)
(2.35399 0.215717 0)
(2.2813 0.239519 0)
(2.19061 0.268541 0)
(2.0745 0.299923 0)
(1.9278 0.329481 0)
(1.74743 0.352271 0)
(1.53364 0.36473 0)
(1.29767 0.365242 0)
(1.06441 0.356412 0)
(0.867167 0.335221 0)
(0.724669 0.29467 0)
(0.637086 0.225248 0)
(0.59103 0.118641 0)
(0.559655 -0.00115814 0)
(0.542255 -0.0967294 0)
(0.537821 -0.158041 0)
(0.538644 -0.185393 0)
(0.537775 -0.187178 0)
(0.53062 -0.176687 0)
(0.514863 -0.157537 0)
(0.495172 -0.139824 0)
(0.472996 -0.123944 0)
(0.454136 -0.10132 0)
(0.441023 -0.0670517 0)
(0.429653 -0.0253161 0)
(0.415393 0.0150577 0)
(0.395093 0.0472695 0)
(0.366618 0.0709845 0)
(0.332385 0.0850091 0)
(0.29584 0.0896226 0)
(0.259538 0.086299 0)
(0.225443 0.0754656 0)
(0.19585 0.0577326 0)
(0.172196 0.0348846 0)
(0.15571 0.00939797 0)
(0.147933 -0.0159748 0)
(0.149028 -0.0374997 0)
(0.157298 -0.0535947 0)
(0.171177 -0.0617406 0)
(0.188161 -0.0605613 0)
(0.205421 -0.0499997 0)
(0.219153 -0.0290994 0)
(0.225395 0.00125544 0)
(0.220467 0.0367806 0)
(0.20367 0.0716755 0)
(0.175941 0.100385 0)
(0.140872 0.117488 0)
(0.103857 0.118135 0)
(0.0724292 0.0986518 0)
(0.0541148 0.0592125 0)
(0.0524118 0.00798587 0)
(0.0688347 -0.0422654 0)
(0.0988454 -0.0792833 0)
(0.135759 -0.100392 0)
(0.175427 -0.105698 0)
(0.214112 -0.0958073 0)
(0.247524 -0.0716643 0)
(0.270776 -0.0391646 0)
(0.281896 -0.00683454 0)
(0.280983 0.0194146 0)
(0.272294 0.0356413 0)
(0.260095 0.0413272 0)
(0.2469 0.0378397 0)
(0.235294 0.027116 0)
(0.22783 0.0118191 0)
(0.226593 -0.00495592 0)
(0.232023 -0.0204903 0)
(0.242486 -0.0330447 0)
(0.256675 -0.0416918 0)
(0.273386 -0.0463428 0)
(0.291272 -0.0469293 0)
(0.309278 -0.044057 0)
(0.326106 -0.0384482 0)
(0.340435 -0.0305987 0)
(0.351313 -0.0213745 0)
(0.35847 -0.0117544 0)
(0.362039 -0.00295425 0)
(0.362843 0.00407259 0)
(0.361783 0.00841882 0)
(0.359399 0.010013 0)
(0.356699 0.00906853 0)
(0.354674 0.00620755 0)
(0.35409 0.00207951 0)
(0.35514 -0.00237232 0)
(0.357629 -0.0059634 0)
(0.361405 -0.00818759 0)
(0.36593 -0.00885076 0)
(0.370685 -0.00802977 0)
(0.375059 -0.00590884 0)
(0.378411 -0.0027993 0)
(0.380259 0.000791695 0)
(0.38056 0.00416079 0)
(0.37954 0.00685264 0)
(0.377477 0.00849403 0)
(0.374822 0.00889141 0)
(0.37212 0.00808949 0)
(0.36985 0.00621658 0)
(0.368365 0.00347743 0)
(2.7877 0.169848 0)
(2.77894 0.186093 0)
(2.76765 0.204766 0)
(2.75313 0.226956 0)
(2.73434 0.254234 0)
(2.70981 0.288182 0)
(2.67792 0.32994 0)
(2.63673 0.379275 0)
(2.58356 0.433307 0)
(2.51483 0.488297 0)
(2.42709 0.534197 0)
(2.31963 0.565014 0)
(2.19294 0.570333 0)
(2.0553 0.540976 0)
(1.91889 0.473442 0)
(1.7897 0.369337 0)
(1.66586 0.236827 0)
(1.5437 0.0956133 0)
(1.42269 -0.0257194 0)
(1.3165 -0.116329 0)
(1.23094 -0.166466 0)
(1.17192 -0.178743 0)
(1.13395 -0.170399 0)
(1.10724 -0.145041 0)
(1.08842 -0.10664 0)
(1.06518 -0.0673132 0)
(1.02766 -0.0330488 0)
(0.975178 -0.00579531 0)
(0.916648 0.0184447 0)
(0.861686 0.0443082 0)
(0.814953 0.0702844 0)
(0.77721 0.0940421 0)
(0.745344 0.111741 0)
(0.716663 0.120391 0)
(0.689331 0.118879 0)
(0.663076 0.107832 0)
(0.637423 0.0881413 0)
(0.612309 0.060448 0)
(0.587924 0.0268787 0)
(0.565882 -0.00697014 0)
(0.550241 -0.0361412 0)
(0.540429 -0.0576386 0)
(0.53631 -0.0692541 0)
(0.536646 -0.0713902 0)
(0.540885 -0.0614401 0)
(0.547342 -0.036904 0)
(0.551978 -0.00117488 0)
(0.549758 0.0414476 0)
(0.541637 0.0855032 0)
(0.531362 0.121822 0)
(0.52205 0.142617 0)
(0.514722 0.145022 0)
(0.512853 0.124586 0)
(0.519953 0.0722186 0)
(0.535325 0.00206942 0)
(0.558179 -0.0634869 0)
(0.58666 -0.109901 0)
(0.615056 -0.13494 0)
(0.641464 -0.140556 0)
(0.664691 -0.127803 0)
(0.681649 -0.0987567 0)
(0.689369 -0.0581679 0)
(0.688899 -0.0142672 0)
(0.683888 0.0202763 0)
(0.676634 0.0414174 0)
(0.669059 0.0515776 0)
(0.661034 0.0533111 0)
(0.654005 0.0443285 0)
(0.649101 0.0239799 0)
(0.646628 -0.000895993 0)
(0.647495 -0.0240755 0)
(0.651596 -0.0431119 0)
(0.658698 -0.0570822 0)
(0.668585 -0.065313 0)
(0.680548 -0.067906 0)
(0.694225 -0.0651682 0)
(0.709649 -0.0561726 0)
(0.725261 -0.0431025 0)
(0.738628 -0.0284328 0)
(0.748508 -0.0144236 0)
(0.754631 -0.00265079 0)
(0.757049 0.00606035 0)
(0.756726 0.0113455 0)
(0.754516 0.0132174 0)
(0.751171 0.0114234 0)
(0.747214 0.00668008 0)
(0.74345 0.000482619 0)
(0.74136 -0.00566251 0)
(0.74109 -0.0107088 0)
(0.742047 -0.0139921 0)
(0.744249 -0.0151367 0)
(0.74729 -0.0146316 0)
(0.750792 -0.0115054 0)
(0.754188 -0.00647061 0)
(0.756565 -0.000850967 0)
(0.757497 0.00457988 0)
(0.756977 0.00902359 0)
(0.755092 0.0120145 0)
(0.752129 0.0131753 0)
(0.748656 0.0123539 0)
(0.745069 0.00984526 0)
(0.741782 0.00605483 0)
(2.87452 0.170997 0)
(2.87674 0.188168 0)
(2.87902 0.207874 0)
(2.88175 0.231674 0)
(2.88487 0.261833 0)
(2.88743 0.299548 0)
(2.88875 0.345536 0)
(2.8874 0.400247 0)
(2.8812 0.46162 0)
(2.8672 0.525725 0)
(2.84245 0.585248 0)
(2.80408 0.631127 0)
(2.74913 0.652447 0)
(2.67676 0.637981 0)
(2.58545 0.582569 0)
(2.47521 0.489504 0)
(2.34772 0.370677 0)
(2.20406 0.242372 0)
(2.05377 0.123434 0)
(1.90494 0.0267796 0)
(1.76598 -0.0426495 0)
(1.64884 -0.0839794 0)
(1.55619 -0.100538 0)
(1.48628 -0.0977814 0)
(1.4378 -0.0835293 0)
(1.40577 -0.0600479 0)
(1.38759 -0.0244547 0)
(1.37918 0.0213614 0)
(1.37362 0.0664415 0)
(1.36421 0.100767 0)
(1.34741 0.125937 0)
(1.32407 0.14625 0)
(1.30141 0.157614 0)
(1.28358 0.156784 0)
(1.27194 0.151714 0)
(1.26546 0.138376 0)
(1.26191 0.118461 0)
(1.2563 0.092883 0)
(1.24423 0.06222 0)
(1.22164 0.0279219 0)
(1.18752 -0.0104323 0)
(1.14875 -0.049693 0)
(1.10773 -0.0753066 0)
(1.07064 -0.083796 0)
(1.03992 -0.0810365 0)
(1.01498 -0.0579909 0)
(0.999918 -0.0119153 0)
(0.993545 0.0416771 0)
(0.992962 0.0905235 0)
(0.995025 0.125396 0)
(0.9994 0.141451 0)
(1.00838 0.140496 0)
(1.02249 0.115867 0)
(1.04021 0.0591814 0)
(1.05647 -0.0172562 0)
(1.06804 -0.0871676 0)
(1.07931 -0.135708 0)
(1.09296 -0.161573 0)
(1.11129 -0.168322 0)
(1.13103 -0.157234 0)
(1.15082 -0.117662 0)
(1.16625 -0.0591564 0)
(1.17163 -0.0044799 0)
(1.16663 0.0342797 0)
(1.15535 0.0567553 0)
(1.14134 0.0650907 0)
(1.12835 0.0602154 0)
(1.12043 0.0431324 0)
(1.11706 0.0189638 0)
(1.11764 -0.00529468 0)
(1.12138 -0.0271381 0)
(1.12639 -0.0450222 0)
(1.13111 -0.0582688 0)
(1.13466 -0.0670734 0)
(1.13671 -0.0714982 0)
(1.13806 -0.0728637 0)
(1.13974 -0.0715676 0)
(1.14285 -0.0634672 0)
(1.14783 -0.0497609 0)
(1.15434 -0.0326041 0)
(1.16164 -0.0152753 0)
(1.1686 -0.00045423 0)
(1.17394 0.0103032 0)
(1.17688 0.01645 0)
(1.17736 0.0183655 0)
(1.17502 0.0168492 0)
(1.1702 0.0103172 0)
(1.16409 0.00244451 0)
(1.15829 -0.00470405 0)
(1.15371 -0.0101749 0)
(1.15088 -0.0133562 0)
(1.14967 -0.0142845 0)
(1.14948 -0.0127038 0)
(1.15029 -0.00851083 0)
(1.15105 -0.00245516 0)
(1.15045 0.00410251 0)
(1.14772 0.00989864 0)
(1.14291 0.0140693 0)
(1.1364 0.0159487 0)
(1.12863 0.0156927 0)
(1.12017 0.0135181 0)
(1.11167 0.00953585 0)
(2.89098 0.165899 0)
(2.89884 0.182223 0)
(2.90889 0.199841 0)
(2.92258 0.220598 0)
(2.93977 0.248286 0)
(2.96182 0.285414 0)
(2.98169 0.332664 0)
(3.00213 0.391394 0)
(3.01866 0.459073 0)
(3.02997 0.531476 0)
(3.03195 0.601682 0)
(3.0203 0.658267 0)
(2.99254 0.693251 0)
(2.94522 0.697739 0)
(2.87685 0.665735 0)
(2.78442 0.598646 0)
(2.66755 0.504125 0)
(2.52936 0.394382 0)
(2.37455 0.28123 0)
(2.21609 0.178885 0)
(2.06617 0.0963859 0)
(1.93057 0.035058 0)
(1.81552 -0.00571896 0)
(1.72532 -0.0270901 0)
(1.66035 -0.0309843 0)
(1.61614 -0.0211995 0)
(1.58816 -0.00300691 0)
(1.57509 0.0213543 0)
(1.58043 0.049635 0)
(1.60385 0.0771145 0)
(1.63919 0.105086 0)
(1.68129 0.130747 0)
(1.73094 0.142273 0)
(1.78545 0.142492 0)
(1.84198 0.134331 0)
(1.89895 0.119933 0)
(1.95389 0.10375 0)
(2.00523 0.0876174 0)
(2.04927 0.0681768 0)
(2.08038 0.0518776 0)
(2.09507 0.0416985 0)
(2.08224 0.0344784 0)
(2.03365 0.0310228 0)
(1.95358 0.0230288 0)
(1.84876 0.0165271 0)
(1.73265 0.0163803 0)
(1.62892 0.0264504 0)
(1.54986 0.0431875 0)
(1.4977 0.0754051 0)
(1.47234 0.108248 0)
(1.46397 0.122891 0)
(1.46478 0.120722 0)
(1.47372 0.0955432 0)
(1.48402 0.0473472 0)
(1.48644 -0.018527 0)
(1.47682 -0.0856017 0)
(1.46232 -0.136188 0)
(1.45096 -0.164838 0)
(1.4435 -0.172752 0)
(1.43926 -0.167588 0)
(1.4372 -0.135682 0)
(1.43884 -0.082383 0)
(1.44387 -0.0203151 0)
(1.44887 0.0295777 0)
(1.45079 0.059354 0)
(1.44968 0.0705989 0)
(1.44695 0.0708002 0)
(1.44366 0.05875 0)
(1.44064 0.0338296 0)
(1.4389 0.00444712 0)
(1.44142 -0.0230036 0)
(1.4514 -0.0461911 0)
(1.46975 -0.0627394 0)
(1.49473 -0.0706943 0)
(1.52308 -0.0719632 0)
(1.54902 -0.0693723 0)
(1.56815 -0.0618857 0)
(1.57822 -0.0506865 0)
(1.57763 -0.0369484 0)
(1.56888 -0.0239661 0)
(1.55623 -0.0131808 0)
(1.54227 -0.00411874 0)
(1.5278 0.00338159 0)
(1.51341 0.00915724 0)
(1.4996 0.0127511 0)
(1.48666 0.013576 0)
(1.4744 0.0112432 0)
(1.46264 0.00578348 0)
(1.45236 -0.000893007 0)
(1.44487 -0.00732218 0)
(1.44084 -0.0124307 0)
(1.44001 -0.0148424 0)
(1.44179 -0.0144626 0)
(1.44525 -0.0101419 0)
(1.44839 -0.00265124 0)
(1.44878 0.00647586 0)
(1.44505 0.015567 0)
(1.43687 0.0230679 0)
(1.42457 0.0279434 0)
(1.40893 0.0297143 0)
(1.39118 0.0283574 0)
(1.37264 0.0241661 0)
(2.85647 0.156634 0)
(2.86998 0.170676 0)
(2.88737 0.184887 0)
(2.90748 0.20133 0)
(2.93502 0.22354 0)
(2.97163 0.255148 0)
(3.0121 0.299389 0)
(3.05309 0.357311 0)
(3.09474 0.427473 0)
(3.12449 0.506719 0)
(3.13446 0.593186 0)
(3.12923 0.670665 0)
(3.1051 0.726638 0)
(3.05716 0.753335 0)
(2.98893 0.74392 0)
(2.89919 0.699925 0)
(2.78738 0.627082 0)
(2.65678 0.535275 0)
(2.51222 0.434579 0)
(2.35994 0.333545 0)
(2.21247 0.243027 0)
(2.07633 0.167298 0)
(1.9573 0.107605 0)
(1.85869 0.0633167 0)
(1.78246 0.0336737 0)
(1.72966 0.0192543 0)
(1.69755 0.0181225 0)
(1.68027 0.0255537 0)
(1.67647 0.0373251 0)
(1.68962 0.0484953 0)
(1.72223 0.0569637 0)
(1.77495 0.0618284 0)
(1.84711 0.0611183 0)
(1.93329 0.053869 0)
(2.03061 0.0414504 0)
(2.13725 0.0263211 0)
(2.25176 0.0114448 0)
(2.36837 -0.000375324 0)
(2.47753 -0.00676113 0)
(2.56224 -0.00538068 0)
(2.62484 0.00503877 0)
(2.67145 0.0220056 0)
(2.69257 0.0494797 0)
(2.68336 0.0874981 0)
(2.63598 0.128579 0)
(2.54754 0.161039 0)
(2.42573 0.175805 0)
(2.28541 0.177419 0)
(2.15186 0.173039 0)
(2.04292 0.164624 0)
(1.96164 0.151944 0)
(1.90251 0.131765 0)
(1.85965 0.0958383 0)
(1.82804 0.0463327 0)
(1.79848 -0.0112084 0)
(1.76462 -0.06756 0)
(1.72804 -0.113379 0)
(1.69479 -0.144533 0)
(1.66725 -0.15897 0)
(1.64085 -0.150994 0)
(1.61353 -0.117434 0)
(1.58355 -0.0648017 0)
(1.5541 -0.0090228 0)
(1.52727 0.0358094 0)
(1.5021 0.0646158 0)
(1.47738 0.0770504 0)
(1.45447 0.0729657 0)
(1.43912 0.0538075 0)
(1.43404 0.0245292 0)
(1.43899 -0.00948112 0)
(1.45528 -0.0444537 0)
(1.48372 -0.0769534 0)
(1.52361 -0.103139 0)
(1.57374 -0.11999 0)
(1.6327 -0.125465 0)
(1.69763 -0.118882 0)
(1.76397 -0.10137 0)
(1.82339 -0.0744846 0)
(1.87518 -0.0430375 0)
(1.91758 -0.0147288 0)
(1.9412 0.00821879 0)
(1.94521 0.0278281 0)
(1.92877 0.0419123 0)
(1.89726 0.0484374 0)
(1.85623 0.0480605 0)
(1.81025 0.0428407 0)
(1.76364 0.0347046 0)
(1.71966 0.0247739 0)
(1.68117 0.0135045 0)
(1.65001 0.00203041 0)
(1.62708 -0.007754 0)
(1.61186 -0.013969 0)
(1.60267 -0.0163874 0)
(1.59716 -0.0146589 0)
(1.59337 -0.00505386 0)
(1.58864 0.00849331 0)
(1.58008 0.0228446 0)
(1.56656 0.0355154 0)
(1.54824 0.0447911 0)
(1.52603 0.0497763 0)
(1.5014 0.0501465 0)
(1.47622 0.0459192 0)
(2.6633 0.139988 0)
(2.68875 0.15064 0)
(2.71931 0.159359 0)
(2.75973 0.170324 0)
(2.81199 0.187171 0)
(2.87694 0.21443 0)
(2.94696 0.256818 0)
(3.01593 0.318735 0)
(3.08429 0.399797 0)
(3.13565 0.495059 0)
(3.15649 0.597813 0)
(3.15736 0.689035 0)
(3.13834 0.763075 0)
(3.08767 0.811528 0)
(3.01591 0.824566 0)
(2.92444 0.801978 0)
(2.81363 0.748664 0)
(2.68728 0.672071 0)
(2.55021 0.580918 0)
(2.40682 0.482486 0)
(2.2652 0.385286 0)
(2.13271 0.296102 0)
(2.01431 0.217825 0)
(1.91287 0.151273 0)
(1.83129 0.0993969 0)
(1.77354 0.066753 0)
(1.7373 0.0515921 0)
(1.71509 0.0446356 0)
(1.7034 0.0364057 0)
(1.70071 0.0246832 0)
(1.70463 0.0105151 0)
(1.72038 -0.00379546 0)
(1.7548 -0.0209706 0)
(1.8123 -0.0445831 0)
(1.89545 -0.0739295 0)
(2.00018 -0.103927 0)
(2.12352 -0.129247 0)
(2.26222 -0.143085 0)
(2.41152 -0.140104 0)
(2.56273 -0.119866 0)
(2.70447 -0.0867825 0)
(2.82468 -0.0425938 0)
(2.91698 0.0118143 0)
(2.96931 0.0811721 0)
(2.98942 0.15471 0)
(2.98565 0.223617 0)
(2.94511 0.281667 0)
(2.8587 0.31779 0)
(2.74187 0.324799 0)
(2.61 0.304717 0)
(2.48089 0.267383 0)
(2.36586 0.22189 0)
(2.26632 0.169671 0)
(2.17859 0.11041 0)
(2.09861 0.0472247 0)
(2.02429 -0.0130337 0)
(1.95646 -0.0637806 0)
(1.89577 -0.100293 0)
(1.83896 -0.11738 0)
(1.78186 -0.109023 0)
(1.72195 -0.07383 0)
(1.65961 -0.0196135 0)
(1.59983 0.0366643 0)
(1.54542 0.0810735 0)
(1.49644 0.107774 0)
(1.45429 0.115184 0)
(1.42223 0.102963 0)
(1.40388 0.0726064 0)
(1.39958 0.0291299 0)
(1.40868 -0.0214287 0)
(1.43311 -0.0725371 0)
(1.46845 -0.119049 0)
(1.51371 -0.157207 0)
(1.56769 -0.184461 0)
(1.62965 -0.199502 0)
(1.69909 -0.201539 0)
(1.77602 -0.189915 0)
(1.85993 -0.165949 0)
(1.94849 -0.131577 0)
(2.03495 -0.0883581 0)
(2.1114 -0.0405227 0)
(2.16812 0.00902033 0)
(2.20665 0.0482541 0)
(2.22252 0.0789765 0)
(2.21214 0.100976 0)
(2.17693 0.109092 0)
(2.12303 0.106031 0)
(2.05726 0.0917081 0)
(1.98683 0.0706938 0)
(1.91897 0.0475647 0)
(1.85863 0.0261192 0)
(1.80853 0.00948987 0)
(1.76854 9.44419e-05 0)
(1.73669 -0.00137645 0)
(1.71047 0.00519243 0)
(1.68829 0.0196108 0)
(1.66732 0.0375693 0)
(1.64502 0.0548602 0)
(1.62026 0.0685639 0)
(1.59307 0.0767569 0)
(1.56459 0.078402 0)
(1.5366 0.0732331 0)
(2.11586 0.109268 0)
(2.15478 0.112518 0)
(2.2026 0.103404 0)
(2.26726 0.0927754 0)
(2.35087 0.0887126 0)
(2.45548 0.0995585 0)
(2.58042 0.133385 0)
(2.71785 0.195275 0)
(2.86257 0.290495 0)
(2.99325 0.420633 0)
(3.0742 0.568041 0)
(3.1033 0.698171 0)
(3.09176 0.801197 0)
(3.05365 0.875427 0)
(2.98223 0.912842 0)
(2.88823 0.90913 0)
(2.77643 0.870799 0)
(2.65163 0.80556 0)
(2.51948 0.721241 0)
(2.38384 0.624266 0)
(2.25042 0.522629 0)
(2.12217 0.422368 0)
(2.00471 0.330348 0)
(1.90414 0.250608 0)
(1.82143 0.17896 0)
(1.75681 0.114235 0)
(1.70022 0.0748929 0)
(1.64221 0.0632968 0)
(1.55863 0.0623806 0)
(1.4702 0.0615402 0)
(1.40494 0.0503852 0)
(1.37222 0.0214843 0)
(1.38317 -0.0266314 0)
(1.4361 -0.0876095 0)
(1.52303 -0.153164 0)
(1.63635 -0.214037 0)
(1.76946 -0.264205 0)
(1.91804 -0.298578 0)
(2.07968 -0.311804 0)
(2.25243 -0.299175 0)
(2.43105 -0.258414 0)
(2.60556 -0.190033 0)
(2.76212 -0.0987647 0)
(2.89127 0.00621939 0)
(2.98516 0.112004 0)
(3.04351 0.214026 0)
(3.0631 0.306591 0)
(3.05917 0.377895 0)
(3.02035 0.420617 0)
(2.94595 0.428107 0)
(2.83985 0.402359 0)
(2.71757 0.353628 0)
(2.59387 0.290569 0)
(2.4751 0.220271 0)
(2.3633 0.148015 0)
(2.25906 0.0789068 0)
(2.16279 0.0191373 0)
(2.07411 -0.0243508 0)
(1.98877 -0.0439377 0)
(1.90355 -0.0332319 0)
(1.81643 0.00541078 0)
(1.72988 0.0585613 0)
(1.65061 0.108294 0)
(1.58074 0.143458 0)
(1.52255 0.159056 0)
(1.47762 0.153296 0)
(1.4485 0.125185 0)
(1.43717 0.0789271 0)
(1.4415 0.0206858 0)
(1.45945 -0.0426276 0)
(1.48892 -0.104391 0)
(1.52787 -0.159471 0)
(1.57497 -0.205181 0)
(1.62905 -0.23963 0)
(1.68901 -0.261561 0)
(1.754 -0.270593 0)
(1.82367 -0.266891 0)
(1.89802 -0.250699 0)
(1.97679 -0.222264 0)
(2.05989 -0.181456 0)
(2.14596 -0.129155 0)
(2.22995 -0.0703399 0)
(2.30489 -0.0108017 0)
(2.36148 0.0451631 0)
(2.39806 0.0933245 0)
(2.41507 0.130001 0)
(2.40791 0.154855 0)
(2.37366 0.163492 0)
(2.31622 0.156532 0)
(2.24185 0.13503 0)
(2.15914 0.106473 0)
(2.07747 0.0787556 0)
(2.00171 0.0574488 0)
(1.93399 0.0458069 0)
(1.87488 0.0449398 0)
(1.82421 0.0534019 0)
(1.78089 0.0678946 0)
(1.74302 0.0841602 0)
(1.7087 0.0980983 0)
(1.67677 0.106577 0)
(1.64698 0.107587 0)
(1.61998 0.100129 0)
(1.1937 0.0765442 0)
(1.20841 0.0872075 0)
(1.24473 0.079482 0)
(1.31343 0.05851 0)
(1.41838 0.0335871 0)
(1.56278 0.0146069 0)
(1.7465 0.0147234 0)
(1.9624 0.047218 0)
(2.19975 0.124686 0)
(2.45587 0.270294 0)
(2.68546 0.469119 0)
(2.82998 0.660334 0)
(2.89132 0.812137 0)
(2.89089 0.920698 0)
(2.84767 0.989823 0)
(2.77074 1.01336 0)
(2.67054 0.990948 0)
(2.5544 0.934496 0)
(2.43033 0.854358 0)
(2.30309 0.757475 0)
(2.17527 0.651985 0)
(2.05235 0.546149 0)
(1.94294 0.442286 0)
(1.85201 0.341568 0)
(1.76364 0.252607 0)
(1.64446 0.197943 0)
(1.47625 0.189854 0)
(1.29248 0.207444 0)
(1.14714 0.209905 0)
(1.05884 0.17493 0)
(1.03433 0.0987892 0)
(1.05865 0.000920484 0)
(1.13393 -0.102598 0)
(1.24076 -0.2002 0)
(1.35912 -0.286762 0)
(1.48608 -0.360363 0)
(1.61778 -0.419573 0)
(1.75365 -0.46191 0)
(1.8947 -0.483612 0)
(2.04291 -0.480044 0)
(2.19962 -0.446199 0)
(2.36394 -0.378025 0)
(2.53178 -0.27418 0)
(2.69288 -0.141872 0)
(2.83256 0.00293099 0)
(2.93813 0.143306 0)
(3.00597 0.268418 0)
(3.03718 0.370961 0)
(3.04328 0.44462 0)
(3.02037 0.491093 0)
(2.96208 0.498803 0)
(2.87768 0.470739 0)
(2.77306 0.416552 0)
(2.6573 0.346119 0)
(2.53861 0.268308 0)
(2.42326 0.192045 0)
(2.31292 0.125258 0)
(2.20701 0.0766483 0)
(2.10237 0.0550254 0)
(1.99813 0.0655069 0)
(1.89595 0.101994 0)
(1.80119 0.148017 0)
(1.7171 0.187551 0)
(1.64553 0.21056 0)
(1.58785 0.212285 0)
(1.54549 0.18966 0)
(1.52155 0.143901 0)
(1.51449 0.0805682 0)
(1.52243 0.00705843 0)
(1.54369 -0.0693569 0)
(1.57598 -0.141974 0)
(1.61729 -0.206336 0)
(1.66578 -0.259575 0)
(1.71975 -0.299843 0)
(1.77795 -0.326186 0)
(1.83939 -0.338423 0)
(1.90299 -0.337127 0)
(1.96834 -0.323327 0)
(2.03546 -0.297977 0)
(2.10474 -0.261554 0)
(2.17713 -0.213661 0)
(2.25291 -0.154239 0)
(2.32861 -0.0868418 0)
(2.39817 -0.0172421 0)
(2.45558 0.0469837 0)
(2.49642 0.102505 0)
(2.51757 0.149421 0)
(2.52293 0.182926 0)
(2.5059 0.204771 0)
(2.46121 0.207965 0)
(2.39542 0.194162 0)
(2.31415 0.171125 0)
(2.225 0.146873 0)
(2.13682 0.127646 0)
(2.05458 0.116768 0)
(1.98141 0.11477 0)
(1.91854 0.119704 0)
(1.8656 0.128067 0)
(1.82137 0.135898 0)
(1.78428 0.139598 0)
(1.75305 0.136326 0)
(1.7272 0.124158 0)
)
;

boundaryField
{
    inlet
    {
        type            fixedValue;
        value           nonuniform List<vector> 0();
    }
    outlet
    {
        type            zeroGradient;
    }
    topWall
    {
        type            noSlip;
    }
    lowerWall
    {
        type            noSlip;
    }
    leadingEdge
    {
        type            noSlip;
    }
    trailingEdge
    {
        type            noSlip;
    }
    upperSurface
    {
        type            noSlip;
    }
    lowerSurface
    {
        type            noSlip;
    }
    frontAndBack
    {
        type            empty;
    }
    procBoundary1to0
    {
        type            processor;
        value           nonuniform List<vector> 10((1.69545 0.0282678 0) (2.63276 0.0531563 0) (2.83749 0.0661247 0) (2.87288 0.0705427 0) (2.87689 0.0783942 0) (2.84103 0.0817617 0) (2.69369 0.0876734 0) (2.22145 0.0832638 0) (1.23842 0.0616086 0) (0.227223 0.011674 0));
    }
    procBoundary1to2
    {
        type            processor;
        value           nonuniform List<vector> 
14
(
(1.83083 0.118784 0)
(1.95894 0.132132 0)
(2.08309 0.142831 0)
(2.1925 0.149742 0)
(-0.0426592 0.00130879 0)
(0.0932675 0.00158507 0)
(0.367917 0.000169459 0)
(0.739227 0.00138142 0)
(1.10379 0.00444115 0)
(1.35499 0.0176564 0)
(1.4527 0.0375144 0)
(1.51114 0.0615594 0)
(1.59722 0.0842523 0)
(1.7073 0.102779 0)
)
;
    }
    procBoundary1to5
    {
        type            processor;
        value           nonuniform List<vector> 
103
(
(-0.048504 -0.0137722 0)
(-0.17001 -0.0858999 0)
(-0.17001 -0.0858999 0)
(-0.334377 -0.0912204 0)
(-0.446455 -0.269965 0)
(-0.531065 -0.468927 0)
(-0.589274 -0.668183 0)
(-0.62198 -0.843291 0)
(-0.645035 -0.956435 0)
(-0.647215 -1.0022 0)
(-0.601392 -0.914168 0)
(-0.484214 -0.70291 0)
(-0.317299 -0.415673 0)
(-0.117732 -0.0914227 0)
(0.0966661 0.226578 0)
(0.302622 0.498233 0)
(0.484876 0.717648 0)
(0.636453 0.883865 0)
(0.75074 1.00383 0)
(0.825664 1.08596 0)
(0.868075 1.13427 0)
(0.888225 1.16183 0)
(0.899557 1.16419 0)
(0.916126 1.12071 0)
(0.960311 1.0128 0)
(1.05594 0.837455 0)
(1.19916 0.602085 0)
(1.36617 0.335683 0)
(1.53677 0.0735783 0)
(1.69648 -0.163265 0)
(1.83686 -0.364368 0)
(1.95305 -0.524391 0)
(2.04347 -0.642961 0)
(2.10908 -0.72186 0)
(2.1518 -0.7644 0)
(2.17395 -0.78114 0)
(2.17798 -0.776292 0)
(2.15683 -0.751569 0)
(2.11118 -0.726616 0)
(2.04714 -0.713123 0)
(1.97325 -0.713715 0)
(1.89966 -0.721804 0)
(1.83398 -0.725587 0)
(1.78331 -0.709439 0)
(1.75695 -0.656693 0)
(1.7578 -0.559938 0)
(1.78354 -0.420716 0)
(1.83057 -0.248871 0)
(1.89364 -0.0601312 0)
(1.96482 0.124909 0)
(2.03725 0.290529 0)
(2.10583 0.427074 0)
(2.16488 0.528593 0)
(2.21198 0.595978 0)
(2.24494 0.632103 0)
(2.2645 0.644964 0)
(2.27042 0.640972 0)
(2.2607 0.620161 0)
(2.2386 0.596043 0)
(2.21221 0.575399 0)
(2.18701 0.559034 0)
(2.16595 0.542719 0)
(2.15346 0.519757 0)
(2.15281 0.481327 0)
(2.16431 0.420607 0)
(2.18707 0.335235 0)
(2.21952 0.227115 0)
(2.25894 0.102608 0)
(2.30102 -0.0284758 0)
(2.34039 -0.153365 0)
(2.37437 -0.266262 0)
(2.40018 -0.359518 0)
(2.41692 -0.432431 0)
(2.42431 -0.481198 0)
(2.42304 -0.509146 0)
(2.41142 -0.516829 0)
(2.39002 -0.510068 0)
(2.36068 -0.49219 0)
(2.32845 -0.4692 0)
(2.29729 -0.443859 0)
(2.2691 -0.416851 0)
(2.24601 -0.386466 0)
(2.22987 -0.349947 0)
(2.22099 -0.304073 0)
(2.21911 -0.246687 0)
(2.22373 -0.177246 0)
(2.23421 -0.0967888 0)
(2.24938 -0.00867738 0)
(2.2672 0.081588 0)
(2.2854 0.167599 0)
(2.30252 0.24528 0)
(2.31749 0.311132 0)
(2.32964 0.362305 0)
(2.33869 0.397975 0)
(2.34425 0.41794 0)
(2.34634 0.425073 0)
(2.34427 0.422373 0)
(2.3388 0.404317 0)
(2.33432 0.377585 0)
(2.33049 0.34391 0)
(2.32909 0.303834 0)
(2.32939 0.257717 0)
(2.33273 0.20565 0)
)
;
    }
    procBoundary1to6
    {
        type            processor;
        value           uniform (2.2797 0.151733 0);
    }
}


// ************************************************************************* //
