/*--------------------------------*- C++ -*----------------------------------*\
| =========                 |                                                 |
| \\      /  F ield         | OpenFOAM: The Open Source CFD Toolbox           |
|  \\    /   O peration     | Version:  2206                                  |
|   \\  /    A nd           | Website:  www.openfoam.com                      |
|    \\/     M anipulation  |                                                 |
\*---------------------------------------------------------------------------*/
FoamFile
{
    version     2.0;
    format      ascii;
    arch        "LSB;label=32;scalar=64";
    class       surfaceScalarField;
    location    "19.5999";
    object      phi;
}
// * * * * * * * * * * * * * * * * * * * * * * * * * * * * * * * * * * * * * //

dimensions      [0 3 -1 0 0 0 0];

oriented        oriented;

internalField   nonuniform List<scalar> 
5953
(
7.92702e-06
-1.04801e-06
1.15057e-06
7.85187e-06
-7.35837e-07
8.10985e-07
7.80542e-06
-3.96864e-07
4.43323e-07
7.78796e-06
-4.13606e-08
5.88139e-08
7.79815e-06
3.17966e-07
-3.28151e-07
7.83379e-06
6.69732e-07
-7.05378e-07
7.89187e-06
1.0048e-06
-1.06288e-06
7.96865e-06
1.31498e-06
-1.39177e-06
8.06001e-06
1.59356e-06
-1.68492e-06
8.16179e-06
1.83564e-06
-1.93742e-06
8.27017e-06
2.03822e-06
-2.1466e-06
8.38194e-06
2.19995e-06
-2.31172e-06
8.49489e-06
2.32051e-06
-2.43346e-06
8.60824e-06
2.3996e-06
-2.51295e-06
8.72246e-06
2.43503e-06
-2.54925e-06
8.83726e-06
2.42243e-06
-2.53723e-06
8.95165e-06
2.35938e-06
-2.47376e-06
9.06498e-06
2.24457e-06
-2.35791e-06
9.17684e-06
2.07762e-06
-2.18947e-06
9.28663e-06
1.85915e-06
-1.96894e-06
9.39339e-06
1.59101e-06
-1.69778e-06
9.49578e-06
1.27663e-06
-1.37902e-06
9.592e-06
9.21703e-07
-1.01792e-06
9.67949e-06
5.35396e-07
-6.22888e-07
9.75408e-06
1.32874e-07
-2.07464e-07
9.81186e-06
-2.65617e-07
2.07841e-07
9.85044e-06
-6.45157e-07
6.06576e-07
9.86804e-06
-9.93026e-07
9.75427e-07
9.86367e-06
-1.29901e-06
1.30337e-06
9.83727e-06
-1.55586e-06
1.58226e-06
9.78944e-06
-1.7595e-06
1.80734e-06
9.72087e-06
-1.90866e-06
1.97722e-06
9.63128e-06
-2.00306e-06
2.09265e-06
9.51988e-06
-2.04304e-06
2.15444e-06
9.3898e-06
-2.03475e-06
2.16484e-06
9.24608e-06
-1.98874e-06
2.13246e-06
9.09411e-06
-1.91466e-06
2.06664e-06
8.93948e-06
-1.8199e-06
1.97453e-06
8.78745e-06
-1.70842e-06
1.86045e-06
8.64235e-06
-1.58071e-06
1.72581e-06
8.50746e-06
-1.43495e-06
1.56985e-06
8.38525e-06
-1.26872e-06
1.39093e-06
8.27779e-06
-1.08023e-06
1.18769e-06
8.18691e-06
-8.68962e-07
9.59841e-07
8.11431e-06
-6.36017e-07
7.0861e-07
8.06148e-06
-3.84228e-07
4.37065e-07
8.02945e-06
-1.18313e-07
1.50339e-07
8.01854e-06
1.54559e-07
-1.43645e-07
8.02799e-06
4.25406e-07
-4.34856e-07
8.05637e-06
6.87046e-07
-7.15431e-07
8.10164e-06
9.32584e-07
-9.77857e-07
8.16122e-06
1.15583e-06
-1.21541e-06
8.23219e-06
1.35176e-06
-1.42273e-06
8.31159e-06
1.51673e-06
-1.59613e-06
8.39677e-06
1.64855e-06
-1.73373e-06
8.48577e-06
1.74605e-06
-1.83505e-06
8.57771e-06
1.80835e-06
-1.90029e-06
8.67247e-06
1.83332e-06
-1.92807e-06
8.76897e-06
1.81818e-06
-1.91467e-06
8.86565e-06
1.76235e-06
-1.85903e-06
8.96124e-06
1.66623e-06
-1.76183e-06
9.05481e-06
1.53115e-06
-1.62472e-06
9.1456e-06
1.35914e-06
-1.44993e-06
9.2329e-06
1.15271e-06
-1.24e-06
9.31592e-06
9.15005e-07
-9.98031e-07
9.39365e-06
6.50234e-07
-7.27964e-07
9.46442e-06
3.64735e-07
-4.35504e-07
9.52502e-06
6.92416e-08
-1.29843e-07
9.57252e-06
-2.22654e-07
1.75157e-07
9.60491e-06
-5.0079e-07
4.68396e-07
9.62067e-06
-7.56248e-07
7.40495e-07
9.61889e-06
-9.81718e-07
9.83495e-07
9.59941e-06
-1.17198e-06
1.19146e-06
9.56272e-06
-1.32415e-06
1.36085e-06
9.5096e-06
-1.43729e-06
1.4904e-06
9.44018e-06
-1.51093e-06
1.58035e-06
9.35427e-06
-1.54494e-06
1.63085e-06
9.25425e-06
-1.54265e-06
1.64267e-06
9.14418e-06
-1.51026e-06
1.62033e-06
9.02835e-06
-1.4536e-06
1.56943e-06
8.91119e-06
-1.37743e-06
1.49459e-06
8.79675e-06
-1.28478e-06
1.39921e-06
8.68836e-06
-1.1769e-06
1.2853e-06
8.58852e-06
-1.05378e-06
1.15362e-06
8.49915e-06
-9.14947e-07
1.00432e-06
8.42175e-06
-7.60176e-07
8.37575e-07
8.35759e-06
-5.89905e-07
6.54059e-07
8.30778e-06
-4.0552e-07
4.55339e-07
8.27317e-06
-2.09546e-07
2.44154e-07
8.25435e-06
-5.96803e-09
2.47896e-08
8.25119e-06
1.99122e-07
-1.95961e-07
8.26293e-06
4.00077e-07
-4.11819e-07
8.28838e-06
5.91776e-07
-6.17225e-07
8.32592e-06
7.69374e-07
-8.06915e-07
8.37359e-06
9.28621e-07
-9.76298e-07
8.42925e-06
1.06612e-06
-1.12178e-06
8.49078e-06
1.17949e-06
-1.24102e-06
8.55643e-06
1.26727e-06
-1.33292e-06
8.62511e-06
1.3286e-06
-1.39728e-06
8.69661e-06
1.36228e-06
-1.43378e-06
8.77061e-06
1.36606e-06
-1.44006e-06
8.84582e-06
1.33868e-06
-1.41389e-06
8.92098e-06
1.28011e-06
-1.35526e-06
8.99499e-06
1.19111e-06
-1.26513e-06
9.06702e-06
1.07324e-06
-1.14527e-06
9.13638e-06
9.28574e-07
-9.97938e-07
9.20249e-06
7.59632e-07
-8.25742e-07
9.26467e-06
5.69605e-07
-6.31783e-07
9.32188e-06
3.62877e-07
-4.20085e-07
9.37211e-06
1.46277e-07
-1.96515e-07
9.41284e-06
-7.02763e-08
2.9554e-08
9.44229e-06
-2.78775e-07
2.49319e-07
9.4589e-06
-4.72704e-07
4.56101e-07
9.46187e-06
-6.4725e-07
6.44271e-07
9.4514e-06
-7.98898e-07
8.09377e-07
9.42793e-06
-9.24816e-07
9.48276e-07
9.39217e-06
-1.02363e-06
1.0594e-06
9.34448e-06
-1.09477e-06
1.14246e-06
9.28472e-06
-1.13768e-06
1.19744e-06
9.21363e-06
-1.15304e-06
1.22412e-06
9.13403e-06
-1.14396e-06
1.22356e-06
-1.11395e-06
1.19892e-06
7.86495e-06
-9.37842e-07
7.78351e-06
-6.5439e-07
7.73185e-06
-3.45205e-07
7.71024e-06
-1.97561e-08
7.71742e-06
3.10788e-07
7.75137e-06
6.35777e-07
7.80932e-06
9.46853e-07
7.88785e-06
1.23646e-06
7.98314e-06
1.49828e-06
8.09127e-06
1.72751e-06
8.20862e-06
1.92088e-06
8.33215e-06
2.07642e-06
8.45983e-06
2.19283e-06
8.59084e-06
2.2686e-06
8.72503e-06
2.30084e-06
8.86145e-06
2.286e-06
8.9988e-06
2.22203e-06
9.13589e-06
2.10748e-06
9.27149e-06
1.94201e-06
9.40419e-06
1.72645e-06
9.53228e-06
1.46293e-06
9.6537e-06
1.15521e-06
9.76593e-06
8.09472e-07
9.86554e-06
4.35789e-07
9.94712e-06
5.12906e-08
1.0007e-05
-3.25541e-07
1.00429e-05
-6.81054e-07
1.00533e-05
-1.00343e-06
1.00378e-05
-1.28342e-06
9.99662e-06
-1.51474e-06
9.93093e-06
-1.69381e-06
9.84095e-06
-1.81867e-06
9.72596e-06
-1.88808e-06
9.58772e-06
-1.9048e-06
9.43152e-06
-1.87855e-06
9.26319e-06
-1.82041e-06
9.08891e-06
-1.74038e-06
8.9147e-06
-1.64569e-06
8.74589e-06
-1.53962e-06
8.58663e-06
-1.42145e-06
8.43984e-06
-1.28816e-06
8.30766e-06
-1.13654e-06
8.19188e-06
-9.64448e-07
8.09415e-06
-7.71227e-07
8.016e-06
-5.57876e-07
7.95882e-06
-3.27042e-07
7.92359e-06
-8.30854e-08
7.91062e-06
1.67525e-07
7.91922e-06
4.16813e-07
7.94802e-06
6.58246e-07
7.99508e-06
8.85522e-07
8.05797e-06
1.09295e-06
8.13394e-06
1.27579e-06
8.22022e-06
1.43046e-06
8.31431e-06
1.55445e-06
8.41437e-06
1.646e-06
8.5194e-06
1.70332e-06
8.62871e-06
1.724e-06
8.74074e-06
1.70615e-06
8.85374e-06
1.64936e-06
8.96614e-06
1.55383e-06
9.07656e-06
1.42073e-06
9.18376e-06
1.25194e-06
9.28657e-06
1.04989e-06
9.38379e-06
8.17792e-07
9.47384e-06
5.60181e-07
9.55419e-06
2.84385e-07
9.62068e-06
2.74632e-09
9.67042e-06
-2.72396e-07
9.70125e-06
-5.31618e-07
9.71183e-06
-7.66821e-07
9.70166e-06
-9.71548e-07
9.67105e-06
-1.14137e-06
9.62083e-06
-1.27393e-06
9.55141e-06
-1.36786e-06
9.46261e-06
-1.42213e-06
9.35617e-06
-1.43849e-06
9.23631e-06
-1.42279e-06
9.10772e-06
-1.38168e-06
8.97532e-06
-1.32119e-06
8.84374e-06
-1.24585e-06
8.71706e-06
-1.15809e-06
8.5984e-06
-1.05824e-06
8.48997e-06
-9.45354e-07
8.39342e-06
-8.18402e-07
8.31009e-06
-6.7684e-07
8.24112e-06
-5.2094e-07
8.18755e-06
-3.51946e-07
8.1502e-06
-1.72197e-07
8.12961e-06
1.46208e-08
8.12566e-06
2.03078e-07
8.13761e-06
3.88128e-07
8.1643e-06
5.65079e-07
8.2042e-06
7.29478e-07
8.25543e-06
8.77387e-07
8.31598e-06
1.00558e-06
8.38385e-06
1.11162e-06
8.45739e-06
1.19372e-06
8.53558e-06
1.25042e-06
8.61788e-06
1.27998e-06
8.7034e-06
1.28054e-06
8.79067e-06
1.25141e-06
8.87829e-06
1.19249e-06
8.96496e-06
1.10444e-06
9.04957e-06
9.88635e-07
9.13113e-06
8.47015e-07
9.20868e-06
6.82073e-07
9.2811e-06
4.97187e-07
9.34664e-06
2.9734e-07
9.40223e-06
9.06852e-08
9.4455e-06
-1.13542e-07
9.47484e-06
-3.08117e-07
9.48864e-06
-4.86507e-07
9.48615e-06
-6.44752e-07
9.46837e-06
-7.81123e-07
9.43587e-06
-8.92312e-07
9.38874e-06
-9.76504e-07
9.32697e-06
-1.033e-06
9.25139e-06
-1.06209e-06
9.16477e-06
-1.06642e-06
9.07059e-06
-1.04978e-06
-1.01584e-06
7.80953e-06
-8.22661e-07
7.72424e-06
-5.69092e-07
7.66957e-06
-2.90535e-07
7.64559e-06
4.2229e-09
7.6511e-06
3.0527e-07
7.68423e-06
6.02654e-07
7.74245e-06
8.8863e-07
7.82269e-06
1.15622e-06
7.92148e-06
1.39949e-06
8.03526e-06
1.61373e-06
8.16068e-06
1.79546e-06
8.29498e-06
1.94212e-06
8.43627e-06
2.05154e-06
8.58357e-06
2.12129e-06
8.73612e-06
2.14829e-06
8.8924e-06
2.12973e-06
9.05071e-06
2.06371e-06
9.20932e-06
1.94888e-06
9.36627e-06
1.78505e-06
9.51943e-06
1.57329e-06
9.66638e-06
1.31597e-06
9.80446e-06
1.01714e-06
9.93047e-06
6.83462e-07
1.00397e-05
3.26588e-07
1.0126e-05
-3.50535e-08
1.01861e-05
-3.85618e-07
1.02176e-05
-7.12519e-07
1.02193e-05
-1.0052e-06
1.01914e-05
-1.25549e-06
1.01346e-05
-1.45792e-06
1.00497e-05
-1.6089e-06
9.93626e-06
-1.70525e-06
9.79478e-06
-1.7466e-06
9.63014e-06
-1.74016e-06
9.44869e-06
-1.6971e-06
9.2574e-06
-1.62912e-06
9.06336e-06
-1.54635e-06
8.87304e-06
-1.45537e-06
8.69124e-06
-1.35781e-06
8.52128e-06
-1.25149e-06
8.36578e-06
-1.13266e-06
8.22671e-06
-9.97477e-07
8.10556e-06
-8.43294e-07
8.0037e-06
-6.69364e-07
7.92246e-06
-4.76638e-07
7.86305e-06
-2.67632e-07
7.82637e-06
-4.64027e-08
7.81267e-06
1.81224e-07
7.82129e-06
4.08186e-07
7.851e-06
6.28542e-07
7.89998e-06
8.36539e-07
7.966e-06
1.02693e-06
8.04653e-06
1.19526e-06
8.13904e-06
1.33794e-06
8.24126e-06
1.45223e-06
8.35149e-06
1.53577e-06
8.46857e-06
1.58624e-06
8.59115e-06
1.60142e-06
8.71722e-06
1.58008e-06
8.84491e-06
1.52167e-06
8.97235e-06
1.42639e-06
9.09779e-06
1.29529e-06
9.2196e-06
1.13013e-06
9.3362e-06
9.33288e-07
9.44592e-06
7.08067e-07
9.54654e-06
4.59564e-07
9.63425e-06
1.96679e-07
9.70452e-06
-6.75268e-08
9.75432e-06
-3.22195e-07
9.78137e-06
-5.58665e-07
9.78474e-06
-7.70194e-07
9.76458e-06
-9.51386e-07
9.72156e-06
-1.09836e-06
9.65628e-06
-1.20865e-06
9.5685e-06
-1.28008e-06
9.45923e-06
-1.31286e-06
9.33268e-06
-1.31194e-06
9.19406e-06
-1.28417e-06
9.04889e-06
-1.23651e-06
8.90253e-06
-1.17483e-06
8.75975e-06
-1.10308e-06
8.62422e-06
-1.02256e-06
8.49847e-06
-9.3249e-07
8.38438e-06
-8.31269e-07
8.28335e-06
-7.17374e-07
8.19651e-06
-5.89993e-07
8.12488e-06
-4.49312e-07
8.0694e-06
-2.96466e-07
8.03084e-06
-1.33639e-07
8.0097e-06
3.57637e-08
8.00583e-06
2.06948e-07
8.01855e-06
3.75405e-07
8.04678e-06
5.36853e-07
8.08905e-06
6.87204e-07
8.14364e-06
8.22794e-07
8.2087e-06
9.40525e-07
8.28243e-06
1.03789e-06
8.36334e-06
1.11281e-06
8.45038e-06
1.16338e-06
8.54263e-06
1.18773e-06
8.63866e-06
1.1845e-06
8.73691e-06
1.15316e-06
8.83584e-06
1.09356e-06
8.93397e-06
1.0063e-06
9.02996e-06
8.92651e-07
9.12253e-06
7.54444e-07
9.21032e-06
5.9428e-07
9.29152e-06
4.15986e-07
9.36318e-06
2.25683e-07
9.42159e-06
3.22708e-08
9.46465e-06
-1.56596e-07
9.49095e-06
-3.34417e-07
9.50021e-06
-4.95768e-07
9.49259e-06
-6.37132e-07
9.46729e-06
-7.55824e-07
9.42385e-06
-8.48876e-07
9.36301e-06
-9.1566e-07
9.28563e-06
-9.55626e-07
9.19443e-06
-9.70897e-07
9.09329e-06
-9.6527e-07
8.98623e-06
-9.42722e-07
-9.06784e-07
7.75746e-06
-7.05005e-07
7.67073e-06
-4.82371e-07
7.61524e-06
-2.35038e-07
7.59078e-06
2.86823e-08
7.5962e-06
2.99852e-07
7.62961e-06
5.69243e-07
7.6888e-06
8.29435e-07
7.77104e-06
1.07398e-06
7.87324e-06
1.29728e-06
7.99222e-06
1.49475e-06
8.12502e-06
1.66266e-06
8.2692e-06
1.79794e-06
8.423e-06
1.89774e-06
8.58519e-06
1.9591e-06
8.75429e-06
1.97918e-06
8.9283e-06
1.95572e-06
9.10518e-06
1.88683e-06
9.28265e-06
1.77142e-06
9.45811e-06
1.60959e-06
9.6288e-06
1.4026e-06
9.79176e-06
1.15301e-06
9.94382e-06
8.6508e-07
1.0081e-05
5.46303e-07
1.01968e-05
2.10782e-07
1.02855e-05
-1.23791e-07
1.03435e-05
-4.43638e-07
1.03686e-05
-7.37575e-07
1.03601e-05
-9.96706e-07
1.03186e-05
-1.21398e-06
1.02449e-05
-1.3842e-06
1.01387e-05
-1.50272e-06
9.99977e-06
-1.56634e-06
9.83184e-06
-1.57867e-06
9.6414e-06
-1.54972e-06
9.43619e-06
-1.49189e-06
9.22459e-06
-1.41752e-06
9.01464e-06
-1.33639e-06
8.81229e-06
-1.25301e-06
8.62131e-06
-1.16683e-06
8.44451e-06
-1.07469e-06
8.28403e-06
-9.72181e-07
8.1415e-06
-8.54951e-07
8.01814e-06
-7.19936e-07
7.91502e-06
-5.66246e-07
7.83321e-06
-3.94829e-07
7.77373e-06
-2.08145e-07
7.73736e-06
-1.00398e-08
7.72432e-06
1.94271e-07
7.73397e-06
3.98536e-07
7.7652e-06
5.97307e-07
7.81641e-06
7.85335e-07
7.88556e-06
9.57775e-07
7.97043e-06
1.11039e-06
8.06875e-06
1.23962e-06
8.17855e-06
1.34243e-06
8.29819e-06
1.41613e-06
8.42614e-06
1.45829e-06
8.56045e-06
1.46711e-06
8.69897e-06
1.44155e-06
8.8396e-06
1.38104e-06
8.9802e-06
1.28579e-06
9.11869e-06
1.1568e-06
9.25314e-06
9.95688e-07
9.38161e-06
8.04809e-07
9.5019e-06
5.87786e-07
9.61063e-06
3.50825e-07
9.70271e-06
1.04599e-07
9.77398e-06
-1.38795e-07
9.82119e-06
-3.69398e-07
9.84189e-06
-5.79368e-07
9.83582e-06
-7.64122e-07
9.80411e-06
-9.19678e-07
9.74712e-06
-1.04137e-06
9.66429e-06
-1.12582e-06
9.55602e-06
-1.17182e-06
9.42622e-06
-1.18306e-06
9.28048e-06
-1.1662e-06
9.12508e-06
-1.12877e-06
8.96632e-06
-1.07775e-06
8.80996e-06
-1.01847e-06
8.66018e-06
-9.53294e-07
8.5196e-06
-8.8198e-07
8.39016e-06
-8.03051e-07
8.27341e-06
-7.14518e-07
8.17058e-06
-6.14542e-07
8.08265e-06
-5.02067e-07
8.0105e-06
-3.77155e-07
7.95493e-06
-2.40904e-07
7.91669e-06
-9.53914e-08
7.89619e-06
5.62553e-08
7.89331e-06
2.09833e-07
7.90742e-06
3.61296e-07
7.93753e-06
5.06736e-07
7.98234e-06
6.42402e-07
8.04026e-06
7.64869e-07
8.10965e-06
8.71132e-07
8.18895e-06
9.58596e-07
8.2768e-06
1.02496e-06
8.37203e-06
1.06815e-06
8.47324e-06
1.08653e-06
8.57869e-06
1.07904e-06
8.68678e-06
1.04508e-06
8.79581e-06
9.84527e-07
8.90414e-06
8.97966e-07
9.01023e-06
7.86563e-07
9.11251e-06
6.52167e-07
9.2091e-06
4.97685e-07
9.29723e-06
3.2786e-07
9.37273e-06
1.50181e-07
9.43225e-06
-2.72445e-08
9.47364e-06
-1.97989e-07
9.49571e-06
-3.56487e-07
9.49897e-06
-4.99032e-07
9.48263e-06
-6.20788e-07
9.44548e-06
-7.18671e-07
9.38827e-06
-7.91674e-07
9.31173e-06
-8.39111e-07
9.21852e-06
-8.62421e-07
9.11279e-06
-8.65165e-07
8.99904e-06
-8.51518e-07
8.88171e-06
-8.2539e-07
-7.90021e-07
7.70598e-06
-5.87202e-07
7.62011e-06
-3.96502e-07
7.56594e-06
-1.80869e-07
7.54295e-06
5.16698e-08
7.54996e-06
2.92838e-07
7.585e-06
5.34208e-07
7.64608e-06
7.68358e-07
7.73082e-06
9.89238e-07
7.83656e-06
1.19155e-06
7.96055e-06
1.37075e-06
8.10027e-06
1.52294e-06
8.25359e-06
1.64462e-06
8.41881e-06
1.73253e-06
8.5942e-06
1.78371e-06
8.7777e-06
1.79569e-06
8.96705e-06
1.76637e-06
9.1598e-06
1.69408e-06
9.35313e-06
1.57809e-06
9.54394e-06
1.41878e-06
9.72897e-06
1.21757e-06
9.90489e-06
9.77095e-07
1.0068e-05
7.0199e-07
1.02128e-05
4.0151e-07
1.03319e-05
9.16037e-08
1.04203e-05
-2.1214e-07
1.04737e-05
-4.97039e-07
1.049e-05
-7.53844e-07
1.04693e-05
-9.75998e-07
1.04126e-05
-1.15733e-06
1.03199e-05
-1.29147e-06
1.01898e-05
-1.37266e-06
1.00245e-05
-1.40101e-06
9.83018e-06
-1.38435e-06
9.61517e-06
-1.33471e-06
9.389e-06
-1.26573e-06
9.1615e-06
-1.19001e-06
8.94031e-06
-1.11521e-06
8.73023e-06
-1.04293e-06
8.53445e-06
-9.71051e-07
8.35512e-06
-8.9536e-07
8.19378e-06
-8.1084e-07
8.05159e-06
-7.12758e-07
7.92942e-06
-5.97764e-07
7.82797e-06
-4.64801e-07
7.74811e-06
-3.14964e-07
7.69069e-06
-1.50729e-07
7.65641e-06
2.42429e-08
7.64541e-06
2.05269e-07
7.65713e-06
3.8682e-07
7.69061e-06
5.63826e-07
7.74446e-06
7.31481e-07
7.81695e-06
8.8529e-07
7.90613e-06
1.02121e-06
8.01008e-06
1.13566e-06
8.12704e-06
1.22548e-06
8.25526e-06
1.28791e-06
8.39274e-06
1.32081e-06
8.53722e-06
1.32264e-06
8.68645e-06
1.29232e-06
8.83812e-06
1.22937e-06
8.98986e-06
1.13405e-06
9.1394e-06
1.00726e-06
9.28453e-06
8.50558e-07
9.42287e-06
6.66469e-07
9.55123e-06
4.59427e-07
9.66434e-06
2.37715e-07
9.75667e-06
1.2273e-08
9.82465e-06
-2.0678e-07
9.86567e-06
-4.10419e-07
9.87778e-06
-5.91477e-07
9.8611e-06
-7.4744e-07
9.81649e-06
-8.75064e-07
9.74243e-06
-9.67303e-07
9.63877e-06
-1.02216e-06
9.50904e-06
-1.04208e-06
9.35919e-06
-1.03321e-06
9.19625e-06
-1.00327e-06
9.02757e-06
-9.60081e-07
8.85992e-06
-9.10111e-07
8.69824e-06
-8.56791e-07
8.54547e-06
-8.00522e-07
8.40363e-06
-7.40134e-07
8.27415e-06
-6.7357e-07
8.15813e-06
-5.98502e-07
8.0565e-06
-5.12914e-07
7.97007e-06
-4.15636e-07
7.89959e-06
-3.06668e-07
7.8458e-06
-1.87117e-07
7.80938e-06
-5.89777e-08
7.79076e-06
7.4883e-08
7.78979e-06
2.10804e-07
7.80596e-06
3.45124e-07
7.83842e-06
4.74271e-07
7.88603e-06
5.94791e-07
7.94744e-06
7.03466e-07
8.02121e-06
7.97364e-07
8.10597e-06
8.73836e-07
8.20039e-06
9.30535e-07
8.30297e-06
9.65563e-07
8.412e-06
9.77499e-07
8.52574e-06
9.65306e-07
8.64244e-06
9.28378e-07
8.7603e-06
8.66664e-07
8.87757e-06
7.80696e-07
8.9925e-06
6.71636e-07
9.10312e-06
5.41549e-07
9.20675e-06
3.94053e-07
9.29919e-06
2.35419e-07
9.37605e-06
7.33251e-08
9.43425e-06
-8.54442e-08
9.47146e-06
-2.35205e-07
9.48689e-06
-3.71912e-07
9.4797e-06
-4.91844e-07
9.45006e-06
-5.91153e-07
9.39835e-06
-6.66962e-07
9.32485e-06
-7.18166e-07
9.23198e-06
-7.46248e-07
9.12408e-06
-7.54519e-07
9.00607e-06
-7.47154e-07
8.8829e-06
-7.28348e-07
8.75925e-06
-7.01741e-07
-6.69651e-07
7.65346e-06
-4.71052e-07
7.57026e-06
-3.13299e-07
7.51929e-06
-1.29901e-07
7.49959e-06
7.13719e-08
7.50984e-06
2.8259e-07
7.54803e-06
4.96018e-07
7.6121e-06
7.04285e-07
7.70007e-06
9.01268e-07
7.80971e-06
1.08191e-06
7.93877e-06
1.24169e-06
8.08515e-06
1.37656e-06
8.24694e-06
1.48283e-06
8.4222e-06
1.55726e-06
8.60876e-06
1.59715e-06
8.80429e-06
1.60017e-06
9.00627e-06
1.56438e-06
9.21182e-06
1.48853e-06
9.41769e-06
1.37222e-06
9.62044e-06
1.21603e-06
9.81658e-06
1.02143e-06
1.00025e-05
7.91197e-07
1.01733e-05
5.31212e-07
1.03213e-05
2.53442e-07
1.04398e-05
-2.69183e-08
1.05241e-05
-2.96344e-07
1.05698e-05
-5.42837e-07
1.05745e-05
-7.58513e-07
1.05396e-05
-9.41119e-07
1.04661e-05
-1.08374e-06
1.03509e-05
-1.17629e-06
1.01942e-05
-1.21595e-06
1.00015e-05
-1.20831e-06
9.78134e-06
-1.16423e-06
9.5444e-06
-1.09777e-06
9.30222e-06
-1.02355e-06
9.06456e-06
-9.52351e-07
8.83765e-06
-8.88302e-07
8.62538e-06
-8.30664e-07
8.43012e-06
-7.75786e-07
8.25321e-06
-7.18447e-07
8.09545e-06
-6.53078e-07
7.95745e-06
-5.74762e-07
7.83978e-06
-4.80094e-07
7.7429e-06
-3.67917e-07
7.66741e-06
-2.39483e-07
7.6141e-06
-9.74177e-08
7.58358e-06
5.47688e-08
7.57599e-06
2.12853e-07
7.59084e-06
3.71969e-07
7.62736e-06
5.27305e-07
7.68442e-06
6.74422e-07
7.76059e-06
8.09119e-07
7.85428e-06
9.27522e-07
7.96383e-06
1.02611e-06
8.08751e-06
1.10181e-06
8.22321e-06
1.15221e-06
8.3687e-06
1.17531e-06
8.5217e-06
1.16964e-06
8.67982e-06
1.1342e-06
8.84056e-06
1.06863e-06
9.00147e-06
9.7315e-07
9.1601e-06
8.48632e-07
9.31397e-06
6.96687e-07
9.45998e-06
5.20453e-07
9.59301e-06
3.26402e-07
9.70639e-06
1.24332e-07
9.7949e-06
-7.62353e-08
9.85505e-06
-2.66937e-07
9.88518e-06
-4.40549e-07
9.88647e-06
-5.92765e-07
9.85808e-06
-7.19052e-07
9.79578e-06
-8.12757e-07
9.69933e-06
-8.70854e-07
9.57228e-06
-8.95116e-07
9.42096e-06
-8.90765e-07
9.25316e-06
-8.65411e-07
9.07723e-06
-8.27341e-07
8.90105e-06
-7.83896e-07
8.73035e-06
-7.3941e-07
8.56849e-06
-6.94932e-07
8.41758e-06
-6.4962e-07
8.27892e-06
-6.01471e-07
8.1533e-06
-5.47948e-07
8.04135e-06
-4.86557e-07
7.94375e-06
-4.15315e-07
7.86122e-06
-3.33102e-07
7.79445e-06
-2.39896e-07
7.74414e-06
-1.36806e-07
7.71095e-06
-2.57949e-08
7.69533e-06
9.05127e-08
7.69718e-06
2.08952e-07
7.71612e-06
3.26176e-07
7.75149e-06
4.38904e-07
7.80234e-06
5.43947e-07
7.86753e-06
6.38273e-07
7.94585e-06
7.19042e-07
8.03598e-06
7.83702e-07
8.13636e-06
8.30155e-07
8.24531e-06
8.56622e-07
8.36108e-06
8.61721e-07
8.48193e-06
8.44462e-07
8.606e-06
8.04303e-07
8.73146e-06
7.41209e-07
8.85642e-06
6.55731e-07
8.97881e-06
5.49244e-07
9.09584e-06
4.2452e-07
9.20307e-06
2.86822e-07
9.29545e-06
1.4304e-07
9.36912e-06
-3.38444e-10
9.42128e-06
-1.37613e-07
9.45025e-06
-2.64166e-07
9.45488e-06
-3.76546e-07
9.43471e-06
-4.71676e-07
9.38974e-06
-5.46181e-07
9.32055e-06
-5.97769e-07
9.22976e-06
-6.27379e-07
9.1218e-06
-6.38288e-07
9.00194e-06
-6.34662e-07
8.87559e-06
-6.20801e-07
8.74786e-06
-6.00614e-07
8.62283e-06
-5.76709e-07
-5.49939e-07
7.6e-06
-3.57564e-07
7.52051e-06
-2.33809e-07
7.474e-06
-8.33884e-08
7.45902e-06
8.63497e-08
7.47388e-06
2.67734e-07
7.51656e-06
4.53338e-07
7.58495e-06
6.35898e-07
7.67717e-06
8.09046e-07
7.79139e-06
9.6769e-07
7.9258e-06
1.10727e-06
8.07861e-06
1.22375e-06
8.24783e-06
1.31361e-06
8.43133e-06
1.37377e-06
8.62684e-06
1.40164e-06
8.83186e-06
1.39515e-06
9.04353e-06
1.35271e-06
9.25863e-06
1.27343e-06
9.4737e-06
1.15715e-06
9.68524e-06
1.00449e-06
9.88967e-06
8.17003e-07
1.00825e-05
5.98347e-07
1.02563e-05
3.57461e-07
1.04023e-05
1.07398e-07
1.05144e-05
-1.38984e-07
1.05882e-05
-3.70172e-07
1.06214e-05
-5.75985e-07
1.06136e-05
-7.50781e-07
1.05649e-05
-8.92373e-07
1.04693e-05
-9.88194e-07
1.03258e-05
-1.03278e-06
1.01393e-05
-1.0294e-06
9.9184e-06
-9.8744e-07
9.6748e-06
-9.20635e-07
9.42173e-06
-8.44701e-07
9.17109e-06
-7.72905e-07
8.93073e-06
-7.11989e-07
8.70538e-06
-6.62954e-07
8.4978e-06
-6.23087e-07
8.30927e-06
-5.8726e-07
8.14017e-06
-5.49342e-07
7.99054e-06
-5.03449e-07
7.86055e-06
-4.44771e-07
7.75054e-06
-3.70085e-07
7.66089e-06
-2.78272e-07
7.59206e-06
-1.70646e-07
7.54473e-06
-5.00939e-08
7.51951e-06
7.99917e-08
7.5166e-06
2.15761e-07
7.53568e-06
3.52893e-07
7.57612e-06
4.86865e-07
7.63707e-06
6.1347e-07
7.71745e-06
7.28742e-07
7.81591e-06
8.29055e-07
7.93081e-06
9.11211e-07
8.06023e-06
9.72395e-07
8.20209e-06
1.01034e-06
8.35414e-06
1.02327e-06
8.51396e-06
1.00982e-06
8.67906e-06
9.69101e-07
8.84693e-06
9.00755e-07
9.01509e-06
8.04992e-07
9.18104e-06
6.82681e-07
9.34181e-06
5.35918e-07
9.49249e-06
3.69766e-07
9.62601e-06
1.92882e-07
9.73577e-06
1.45748e-08
9.81677e-06
-1.5723e-07
9.86588e-06
-3.16048e-07
9.88325e-06
-4.57925e-07
9.86829e-06
-5.77797e-07
9.81722e-06
-6.67982e-07
9.72831e-06
-7.23847e-07
9.60508e-06
-7.47631e-07
9.45412e-06
-7.44155e-07
9.28388e-06
-7.20522e-07
9.10363e-06
-6.85159e-07
8.92223e-06
-6.45949e-07
8.74618e-06
-6.07843e-07
8.57917e-06
-5.72403e-07
8.42335e-06
-5.39106e-07
8.27978e-06
-5.06048e-07
8.14892e-06
-4.7061e-07
8.03101e-06
-4.30041e-07
7.92637e-06
-3.81916e-07
7.83551e-06
-3.24452e-07
7.7591e-06
-2.56701e-07
7.69791e-06
-1.78703e-07
7.65263e-06
-9.1529e-08
7.62395e-06
2.8863e-09
7.61236e-06
1.02108e-07
7.61791e-06
2.03396e-07
7.64039e-06
3.03701e-07
7.67932e-06
3.99978e-07
7.73397e-06
4.89295e-07
7.80336e-06
5.68879e-07
7.88625e-06
6.36157e-07
7.98118e-06
6.88766e-07
8.08664e-06
7.24699e-07
8.20097e-06
7.42294e-07
8.32244e-06
7.40251e-07
8.44926e-06
7.1764e-07
8.57959e-06
6.73977e-07
8.71149e-06
6.09304e-07
8.8428e-06
5.24424e-07
8.97053e-06
4.21509e-07
9.08996e-06
3.05091e-07
9.19551e-06
1.81279e-07
9.28253e-06
5.60168e-08
9.34749e-06
-6.52949e-08
9.38808e-06
-1.78211e-07
9.40326e-06
-2.79345e-07
9.39253e-06
-3.65816e-07
9.3552e-06
-4.3435e-07
9.29153e-06
-4.82506e-07
9.20428e-06
-5.10518e-07
9.09825e-06
-5.21352e-07
8.97908e-06
-5.19115e-07
8.85253e-06
-5.08114e-07
8.72406e-06
-4.92334e-07
8.59794e-06
-4.74491e-07
8.47678e-06
-4.5555e-07
-4.35318e-07
7.54902e-06
-2.467e-07
7.47305e-06
-1.57843e-07
7.43109e-06
-4.14237e-08
7.42153e-06
9.59028e-08
7.44207e-06
2.472e-07
7.49011e-06
4.05298e-07
7.56369e-06
5.62312e-07
7.6611e-06
7.11638e-07
7.7806e-06
8.48194e-07
7.92042e-06
9.67446e-07
8.07881e-06
1.06536e-06
8.25392e-06
1.1385e-06
8.44368e-06
1.18401e-06
8.64575e-06
1.19957e-06
8.85744e-06
1.18346e-06
9.07561e-06
1.13453e-06
9.29692e-06
1.05212e-06
9.51804e-06
9.36025e-07
9.73579e-06
7.86741e-07
9.94619e-06
6.06605e-07
1.01423e-05
4.02203e-07
1.0315e-05
1.8483e-07
1.04557e-05
-3.33262e-08
1.05577e-05
-2.41032e-07
1.06164e-05
-4.28857e-07
1.06332e-05
-5.92785e-07
1.06083e-05
-7.25856e-07
1.0533e-05
-8.17044e-07
1.0403e-05
-8.58228e-07
1.02237e-05
-8.53463e-07
1.00044e-05
-8.1013e-07
9.7577e-06
-7.40726e-07
9.49828e-06
-6.61217e-07
9.23981e-06
-5.86232e-07
8.99146e-06
-5.24547e-07
8.75854e-06
-4.79073e-07
8.54412e-06
-4.48537e-07
8.34945e-06
-4.2841e-07
8.17453e-06
-4.12338e-07
8.01884e-06
-3.93655e-07
7.8819e-06
-3.66514e-07
7.76361e-06
-3.26481e-07
7.66425e-06
-2.7072e-07
7.58425e-06
-1.98269e-07
7.52408e-06
-1.10477e-07
7.48443e-06
-1.04513e-08
7.46593e-06
9.85001e-08
7.46881e-06
2.12876e-07
7.49302e-06
3.28682e-07
7.53819e-06
4.41698e-07
7.60366e-06
5.48002e-07
7.68845e-06
6.43947e-07
7.79132e-06
7.2619e-07
7.91074e-06
7.91793e-07
8.04487e-06
8.38257e-07
8.19163e-06
8.63588e-07
8.34868e-06
8.6622e-07
8.51358e-06
8.44915e-07
8.68391e-06
7.98773e-07
8.85728e-06
7.27381e-07
9.03125e-06
6.3102e-07
9.20279e-06
5.11141e-07
9.3669e-06
3.7181e-07
9.51629e-06
2.2038e-07
9.64359e-06
6.55783e-08
9.74274e-06
-8.45793e-08
9.80914e-06
-2.23624e-07
9.84115e-06
-3.48055e-07
9.83727e-06
-4.54044e-07
9.79445e-06
-5.34985e-07
9.71182e-06
-5.85346e-07
9.59268e-06
-6.04707e-07
9.44353e-06
-5.98479e-07
9.27339e-06
-5.74019e-07
9.09239e-06
-5.39524e-07
8.91018e-06
-5.0295e-07
8.73368e-06
-4.69446e-07
8.56668e-06
-4.4084e-07
8.41117e-06
-4.16898e-07
8.26795e-06
-3.95884e-07
8.1371e-06
-3.75198e-07
8.01845e-06
-3.5196e-07
7.91187e-06
-3.23465e-07
7.81751e-06
-2.87551e-07
7.73584e-06
-2.4278e-07
7.6676e-06
-1.88467e-07
7.61365e-06
-1.24747e-07
7.57479e-06
-5.26717e-08
7.55177e-06
2.5903e-08
7.54516e-06
1.08719e-07
7.55516e-06
1.93393e-07
7.58174e-06
2.7712e-07
7.62464e-06
3.57078e-07
7.68327e-06
4.30667e-07
7.75671e-06
4.95444e-07
7.84375e-06
5.49118e-07
7.94295e-06
5.89562e-07
8.05279e-06
6.1486e-07
8.17168e-06
6.23406e-07
8.29795e-06
6.13974e-07
8.42986e-06
5.8573e-07
8.56549e-06
5.38351e-07
8.70249e-06
4.72298e-07
8.83754e-06
3.89382e-07
8.96542e-06
2.93624e-07
9.08019e-06
1.90322e-07
9.17675e-06
8.47189e-08
9.25102e-06
-1.82556e-08
9.3003e-06
-1.14574e-07
9.32341e-06
-2.01319e-07
9.31993e-06
-2.75864e-07
9.28891e-06
-3.34801e-07
9.23047e-06
-3.7591e-07
9.14739e-06
-3.99421e-07
9.04483e-06
-4.07959e-07
8.92881e-06
-4.05328e-07
8.80536e-06
-3.95666e-07
8.68007e-06
-3.82828e-07
8.55712e-06
-3.69386e-07
8.43892e-06
-3.56288e-07
8.32681e-06
-3.43443e-07
-3.30087e-07
7.50911e-06
-1.38346e-07
7.43502e-06
-8.37583e-08
7.39556e-06
-1.95989e-09
7.39009e-06
1.01374e-07
7.41591e-06
2.2138e-07
7.46925e-06
3.51955e-07
7.54823e-06
4.83329e-07
7.65098e-06
6.08888e-07
7.77557e-06
7.23607e-07
7.92018e-06
8.22834e-07
8.08309e-06
9.02456e-07
8.26251e-06
9.59075e-07
8.45652e-06
9.90006e-07
8.66275e-06
9.93332e-07
8.87834e-06
9.67875e-07
9.1e-06
9.12874e-07
9.32454e-06
8.27575e-07
9.54922e-06
7.11343e-07
9.77091e-06
5.65054e-07
9.98346e-06
3.94062e-07
1.0177e-05
2.08614e-07
1.0342e-05
1.99145e-08
1.04695e-05
-1.60881e-07
1.05534e-05
-3.24896e-07
1.05913e-05
-4.66787e-07
1.05821e-05
-5.8355e-07
1.05187e-05
-6.62472e-07
1.03971e-05
-6.95434e-07
1.02228e-05
-6.83932e-07
1.00054e-05
-6.36113e-07
9.75875e-06
-5.63443e-07
9.49895e-06
-4.80925e-07
9.2407e-06
-4.02973e-07
8.99348e-06
-3.39006e-07
8.76241e-06
-2.9348e-07
8.55029e-06
-2.66956e-07
8.35805e-06
-2.563e-07
8.18532e-06
-2.55678e-07
8.03109e-06
-2.58107e-07
7.89429e-06
-2.56851e-07
7.7742e-06
-2.46422e-07
7.67073e-06
-2.23015e-07
7.5844e-06
-1.84393e-07
7.51595e-06
-1.29814e-07
7.46604e-06
-6.05655e-08
7.43547e-06
2.01101e-08
7.42494e-06
1.0903e-07
7.43462e-06
2.03196e-07
7.46455e-06
2.98756e-07
7.5147e-06
3.91544e-07
7.58465e-06
4.78054e-07
7.67354e-06
5.55058e-07
7.78023e-06
6.19502e-07
7.9033e-06
6.68719e-07
8.04104e-06
7.00516e-07
8.1914e-06
7.13237e-07
8.35201e-06
7.05608e-07
8.5205e-06
6.76423e-07
8.69468e-06
6.2459e-07
8.87233e-06
5.49732e-07
9.05032e-06
4.53028e-07
9.22289e-06
3.38576e-07
9.38206e-06
2.12643e-07
9.51978e-06
8.26535e-08
9.6293e-06
-4.39351e-08
9.7058e-06
-1.61084e-07
9.74705e-06
-2.64875e-07
9.75134e-06
-3.52344e-07
9.71511e-06
-4.17808e-07
9.63685e-06
-4.56725e-07
9.52002e-06
-4.68521e-07
9.37279e-06
-4.57476e-07
9.205e-06
-4.30684e-07
9.0274e-06
-3.9642e-07
8.84995e-06
-3.62079e-07
8.67935e-06
-3.32349e-07
8.519e-06
-3.09095e-07
8.37048e-06
-2.9232e-07
8.23414e-06
-2.80554e-07
8.10962e-06
-2.71366e-07
7.99631e-06
-2.61885e-07
7.89364e-06
-2.49294e-07
7.80135e-06
-2.31178e-07
7.71961e-06
-2.05807e-07
7.64901e-06
-1.72181e-07
7.59048e-06
-1.29932e-07
7.54503e-06
-7.93021e-08
7.51366e-06
-2.13016e-08
7.49727e-06
4.22905e-08
7.49645e-06
1.09538e-07
7.5114e-06
1.78447e-07
7.54234e-06
2.46178e-07
7.58934e-06
3.10083e-07
7.65195e-06
3.68056e-07
7.7293e-06
4.18093e-07
7.82016e-06
4.58254e-07
7.92312e-06
4.86604e-07
8.03672e-06
5.01261e-07
8.15948e-06
5.00645e-07
8.2898e-06
4.83658e-07
8.42577e-06
4.49757e-07
8.56485e-06
3.99269e-07
8.703e-06
3.34152e-07
8.83446e-06
2.57916e-07
8.95307e-06
1.75022e-07
9.05352e-06
8.98713e-08
9.13153e-06
6.70796e-09
9.18439e-06
-7.11132e-08
9.21102e-06
-1.41208e-07
9.21099e-06
-2.01285e-07
9.18317e-06
-2.48047e-07
9.12805e-06
-2.79677e-07
9.04882e-06
-2.96684e-07
8.95095e-06
-3.01549e-07
8.84065e-06
-2.97656e-07
8.72407e-06
-2.88747e-07
8.60661e-06
-2.78207e-07
8.49194e-06
-2.6816e-07
8.38198e-06
-2.59423e-07
8.27769e-06
-2.52003e-07
8.17952e-06
-2.45277e-07
-2.38198e-07
7.49378e-06
-3.42926e-08
7.4206e-06
-1.05799e-08
7.38174e-06
3.68987e-08
7.37469e-06
1.0842e-07
7.39922e-06
1.9685e-07
7.45506e-06
2.96123e-07
7.53792e-06
4.00463e-07
7.64484e-06
5.0197e-07
7.77336e-06
5.95088e-07
7.92136e-06
6.74828e-07
8.08698e-06
7.36844e-07
8.26843e-06
7.77621e-07
8.46392e-06
7.94514e-07
8.67136e-06
7.85894e-07
8.8881e-06
7.51137e-07
9.11121e-06
6.89765e-07
9.33821e-06
6.0057e-07
9.5665e-06
4.83054e-07
9.7899e-06
3.41659e-07
9.99724e-06
1.86717e-07
1.01759e-05
2.99622e-08
1.03167e-05
-1.20898e-07
1.04116e-05
-2.55811e-07
1.04594e-05
-3.72637e-07
1.04558e-05
-4.6321e-07
1.03933e-05
-5.21089e-07
1.02707e-05
-5.39829e-07
1.00945e-05
-5.19242e-07
9.87697e-06
-4.66393e-07
9.63337e-06
-3.92519e-07
9.38098e-06
-3.11054e-07
9.13425e-06
-2.34194e-07
8.90152e-06
-1.70239e-07
8.68669e-06
-1.24177e-07
8.49116e-06
-9.79477e-08
8.3148e-06
-9.05959e-08
8.15651e-06
-9.8015e-08
8.01469e-06
-1.13853e-07
7.88773e-06
-1.31146e-07
7.77446e-06
-1.43581e-07
7.67439e-06
-1.46358e-07
7.58788e-06
-1.36502e-07
7.51598e-06
-1.12494e-07
7.45998e-06
-7.38088e-08
7.42089e-06
-2.14746e-08
7.39983e-06
4.11654e-08
7.39779e-06
1.11068e-07
7.41466e-06
1.86324e-07
7.45052e-06
2.62902e-07
7.50573e-06
3.36338e-07
7.57987e-06
4.03908e-07
7.67223e-06
4.62702e-07
7.78182e-06
5.09912e-07
7.90743e-06
5.43106e-07
8.04759e-06
5.60353e-07
8.20044e-06
5.60395e-07
8.36369e-06
5.42351e-07
8.53507e-06
5.05047e-07
8.71225e-06
4.47408e-07
8.89159e-06
3.70388e-07
9.06635e-06
2.7827e-07
9.2274e-06
1.77527e-07
9.36648e-06
7.35675e-08
9.47664e-06
-2.75073e-08
9.55305e-06
-1.20345e-07
9.59356e-06
-2.01593e-07
9.59657e-06
-2.67894e-07
9.55873e-06
-3.14501e-07
9.47934e-06
-3.38415e-07
9.36278e-06
-3.40161e-07
9.21798e-06
-3.23726e-07
9.05596e-06
-2.95455e-07
8.88808e-06
-2.62801e-07
8.72353e-06
-2.31873e-07
8.56767e-06
-2.06225e-07
8.42295e-06
-1.87627e-07
8.29014e-06
-1.7628e-07
8.16891e-06
-1.71096e-07
8.05841e-06
-1.70051e-07
7.95757e-06
-1.7053e-07
7.86545e-06
-1.69766e-07
7.78143e-06
-1.65267e-07
7.70537e-06
-1.55124e-07
7.63772e-06
-1.38157e-07
7.57936e-06
-1.13822e-07
7.53151e-06
-8.20821e-08
7.49543e-06
-4.32133e-08
7.47213e-06
1.99612e-09
7.46282e-06
5.15967e-08
7.46796e-06
1.04396e-07
7.48793e-06
1.58482e-07
7.5235e-06
2.10609e-07
7.57475e-06
2.58826e-07
7.64136e-06
3.01449e-07
7.72252e-06
3.36937e-07
7.81699e-06
3.63784e-07
7.92336e-06
3.8023e-07
8.04026e-06
3.84359e-07
8.16615e-06
3.74759e-07
8.29889e-06
3.50914e-07
8.43541e-06
3.13241e-07
8.57085e-06
2.63828e-07
8.69894e-06
2.06065e-07
8.81364e-06
1.43217e-07
8.90981e-06
7.8847e-08
8.98349e-06
1.61936e-08
9.03247e-06
-4.22736e-08
9.05628e-06
-9.49233e-08
9.05415e-06
-1.39082e-07
9.02526e-06
-1.72396e-07
8.97085e-06
-1.93637e-07
8.89496e-06
-2.03785e-07
8.80336e-06
-2.05082e-07
8.70221e-06
-2.00396e-07
8.59734e-06
-1.92791e-07
8.49336e-06
-1.84768e-07
8.39294e-06
-1.77785e-07
8.29729e-06
-1.72511e-07
8.20687e-06
-1.69003e-07
8.12167e-06
-1.66802e-07
8.04147e-06
-1.65077e-07
-1.62783e-07
7.51762e-06
5.7827e-08
7.44804e-06
5.89929e-08
7.40661e-06
7.83307e-08
7.39572e-06
1.19313e-07
7.41507e-06
1.77503e-07
7.46536e-06
2.45829e-07
7.5454e-06
3.20425e-07
7.65071e-06
3.96663e-07
7.77811e-06
4.67684e-07
7.92514e-06
5.27798e-07
8.08977e-06
5.72215e-07
8.27054e-06
5.9685e-07
8.46647e-06
5.98584e-07
8.67637e-06
5.75995e-07
8.89747e-06
5.30032e-07
9.12514e-06
4.62099e-07
9.35358e-06
3.72129e-07
9.57483e-06
2.61808e-07
9.77876e-06
1.37723e-07
9.95362e-06
1.18539e-08
1.0086e-05
-1.0239e-07
1.01724e-05
-2.07283e-07
1.02095e-05
-2.9298e-07
1.01894e-05
-3.52541e-07
1.011e-05
-3.83735e-07
9.97221e-06
-3.8334e-07
9.78593e-06
-3.53546e-07
9.56644e-06
-2.99753e-07
9.33165e-06
-2.31611e-07
9.09842e-06
-1.59285e-07
8.8785e-06
-9.11333e-08
8.67756e-06
-3.32548e-08
8.49759e-06
9.72993e-09
8.3378e-06
3.56161e-08
8.1958e-06
4.40544e-08
8.06924e-06
3.59615e-08
7.95543e-06
1.57885e-08
7.85198e-06
-1.03988e-08
7.75725e-06
-3.64139e-08
7.67053e-06
-5.68608e-08
7.5921e-06
-6.7932e-08
7.52321e-06
-6.76089e-08
7.46578e-06
-5.50621e-08
7.42185e-06
-2.98845e-08
7.3932e-06
7.17991e-09
7.38091e-06
5.34548e-08
7.38513e-06
1.06847e-07
7.40748e-06
1.63971e-07
7.44916e-06
2.21225e-07
7.50919e-06
2.76303e-07
7.58709e-06
3.26013e-07
7.68232e-06
3.67474e-07
7.79416e-06
3.98071e-07
7.92183e-06
4.15431e-07
8.06442e-06
4.17766e-07
8.22016e-06
4.04659e-07
8.38583e-06
3.76676e-07
8.55735e-06
3.33529e-07
8.72976e-06
2.75001e-07
8.89553e-06
2.0461e-07
9.04625e-06
1.27552e-07
9.17233e-06
5.14481e-08
9.2678e-06
-2.19044e-08
9.32974e-06
-8.94481e-08
9.35691e-06
-1.47513e-07
9.34548e-06
-1.90164e-07
9.29476e-06
-2.17169e-07
9.20659e-06
-2.26332e-07
9.08784e-06
-2.19665e-07
8.94854e-06
-2.00868e-07
8.80003e-06
-1.75215e-07
8.65248e-06
-1.47898e-07
8.51247e-06
-1.22793e-07
8.38305e-06
-1.02452e-07
8.26526e-06
-8.84399e-08
8.15884e-06
-8.12057e-08
8.06267e-06
-8.01062e-08
7.97526e-06
-8.36887e-08
7.89517e-06
-8.99578e-08
7.8211e-06
-9.64647e-08
7.75215e-06
-1.00813e-07
7.688e-06
-1.01117e-07
7.62899e-06
-9.61112e-08
7.57593e-06
-8.51031e-08
7.53009e-06
-6.7978e-08
7.49307e-06
-4.50637e-08
7.46661e-06
-1.67502e-08
7.45204e-06
1.65574e-08
7.44945e-06
5.41886e-08
7.46002e-06
9.38288e-08
7.48544e-06
1.33059e-07
7.52582e-06
1.70236e-07
7.58147e-06
2.03175e-07
7.65244e-06
2.30482e-07
7.73786e-06
2.51513e-07
7.83596e-06
2.65682e-07
7.9446e-06
2.7159e-07
8.06184e-06
2.67123e-07
8.18538e-06
2.51213e-07
8.31144e-06
2.24861e-07
8.43466e-06
1.90022e-07
8.54916e-06
1.4932e-07
8.64907e-06
1.06163e-07
8.73015e-06
6.21364e-08
8.7895e-06
1.94956e-08
8.82615e-06
-2.04603e-08
8.8398e-06
-5.59268e-08
8.8295e-06
-8.46161e-08
8.79566e-06
-1.05241e-07
8.74076e-06
-1.17497e-07
8.66965e-06
-1.22531e-07
8.58798e-06
-1.22113e-07
8.5013e-06
-1.18406e-07
8.41435e-06
-1.1344e-07
8.33018e-06
-1.08628e-07
8.25026e-06
-1.04845e-07
8.17507e-06
-1.02592e-07
8.1045e-06
-1.01939e-07
8.03809e-06
-1.02592e-07
7.97526e-06
-1.03972e-07
7.9155e-06
-1.05319e-07
-1.05805e-07
7.58004e-06
1.17693e-07
7.53217e-06
1.06863e-07
7.50086e-06
1.09636e-07
7.49197e-06
1.28202e-07
7.50947e-06
1.60005e-07
7.55349e-06
2.01818e-07
7.62345e-06
2.50462e-07
7.71859e-06
3.01519e-07
7.83703e-06
3.4925e-07
7.97684e-06
3.87985e-07
8.13632e-06
4.12732e-07
8.31387e-06
4.19304e-07
8.50776e-06
4.04693e-07
8.71601e-06
3.6774e-07
8.933e-06
3.13048e-07
9.14727e-06
2.47822e-07
9.34627e-06
1.73129e-07
9.51537e-06
9.2716e-08
9.64541e-06
7.67902e-09
9.7351e-06
-7.78362e-08
9.77805e-06
-1.45342e-07
9.76667e-06
-1.95897e-07
9.69857e-06
-2.24879e-07
9.57664e-06
-2.30611e-07
9.41108e-06
-2.18175e-07
9.21645e-06
-1.88715e-07
9.0092e-06
-1.46298e-07
8.80482e-06
-9.53662e-08
8.61424e-06
-4.1033e-08
8.44404e-06
1.09146e-08
8.29731e-06
5.55983e-08
8.17395e-06
9.00994e-08
8.07123e-06
1.12452e-07
7.98412e-06
1.22728e-07
7.90711e-06
1.2106e-07
7.83819e-06
1.04888e-07
7.77432e-06
7.96558e-08
7.71311e-06
5.08153e-08
7.65325e-06
2.34416e-08
7.59474e-06
1.64844e-09
7.53866e-06
-1.18524e-08
7.48719e-06
-1.61345e-08
7.44314e-06
-1.1012e-08
7.40933e-06
3.91932e-09
7.38864e-06
2.7877e-08
7.3825e-06
5.95919e-08
7.39244e-06
9.69052e-08
7.42005e-06
1.36364e-07
7.46551e-06
1.75765e-07
7.52877e-06
2.13045e-07
7.60941e-06
2.45374e-07
7.70681e-06
2.70073e-07
7.8202e-06
2.84676e-07
7.94862e-06
2.87017e-07
8.09075e-06
2.75629e-07
8.24349e-06
2.51924e-07
8.39969e-06
2.20475e-07
8.55056e-06
1.82655e-07
8.68877e-06
1.368e-07
8.80599e-06
8.73812e-08
8.89717e-06
3.63769e-08
8.96002e-06
-1.14019e-08
8.99124e-06
-5.31296e-08
8.98814e-06
-8.63447e-08
8.95018e-06
-1.0955e-07
8.88005e-06
-1.20034e-07
8.7836e-06
-1.20721e-07
8.66972e-06
-1.12451e-07
8.5482e-06
-9.81457e-08
8.42791e-06
-8.05766e-08
8.31488e-06
-6.2191e-08
8.21231e-06
-4.53216e-08
8.12126e-06
-3.17466e-08
8.04128e-06
-2.24695e-08
7.97089e-06
-1.80543e-08
7.90829e-06
-1.86059e-08
7.85148e-06
-2.32973e-08
7.79877e-06
-3.09757e-08
7.74907e-06
-4.02612e-08
7.70148e-06
-4.88651e-08
7.65547e-06
-5.48085e-08
7.61127e-06
-5.69121e-08
7.56961e-06
-5.44588e-08
7.53161e-06
-4.71013e-08
7.49872e-06
-3.50881e-08
7.47272e-06
-1.90614e-08
7.45548e-06
4.93956e-10
7.44886e-06
2.31692e-08
7.45449e-06
4.85636e-08
7.47267e-06
7.56469e-08
7.50352e-06
1.02214e-07
7.54798e-06
1.2577e-07
7.60657e-06
1.44584e-07
7.679e-06
1.58052e-07
7.76397e-06
1.66548e-07
7.85872e-06
1.70928e-07
7.95993e-06
1.7038e-07
8.06443e-06
1.62622e-07
8.16787e-06
1.47773e-07
8.26482e-06
1.27915e-07
8.35054e-06
1.04296e-07
8.422e-06
7.78658e-08
8.47645e-06
5.17142e-08
8.51253e-06
2.60527e-08
8.52993e-06
2.09497e-09
8.52812e-06
-1.86543e-08
8.5075e-06
-3.5305e-08
8.46988e-06
-4.69942e-08
8.41877e-06
-5.41275e-08
8.35875e-06
-5.74778e-08
8.29443e-06
-5.82128e-08
8.22978e-06
-5.74632e-08
8.16748e-06
-5.61092e-08
8.10889e-06
-5.48478e-08
8.05449e-06
-5.4227e-08
8.00419e-06
-5.45476e-08
7.9575e-06
-5.58988e-08
7.91371e-06
-5.81541e-08
7.8721e-06
-6.09764e-08
7.83201e-06
-6.38788e-08
7.793e-06
-6.63131e-08
-6.77356e-08
7.57401e-06
1.31072e-07
7.56753e-06
1.13342e-07
7.57077e-06
1.06393e-07
7.58927e-06
1.09711e-07
7.62571e-06
1.23563e-07
7.68062e-06
1.46905e-07
7.75463e-06
1.76453e-07
7.84835e-06
2.07795e-07
7.96167e-06
2.35933e-07
8.09324e-06
2.56414e-07
8.23989e-06
2.66085e-07
8.39575e-06
2.63436e-07
8.55041e-06
2.5004e-07
8.69133e-06
2.26812e-07
8.81557e-06
1.88813e-07
8.92683e-06
1.36561e-07
9.0176e-06
8.23631e-08
9.07459e-06
3.57206e-08
9.08853e-06
-6.25925e-09
9.05336e-06
-4.26614e-08
8.97384e-06
-6.58247e-08
8.85677e-06
-7.88292e-08
8.71324e-06
-8.13435e-08
8.5572e-06
-7.45794e-08
8.3994e-06
-6.03671e-08
8.24913e-06
-3.84472e-08
8.11164e-06
-8.80807e-09
7.99124e-06
2.50352e-08
7.8904e-06
5.98038e-08
7.80978e-06
9.15335e-08
7.74834e-06
1.17035e-07
7.70357e-06
1.34872e-07
7.67235e-06
1.43676e-07
7.64978e-06
1.45297e-07
7.63197e-06
1.38866e-07
7.61613e-06
1.20726e-07
7.59889e-06
9.69027e-08
7.57781e-06
7.1895e-08
7.55217e-06
4.90817e-08
7.52311e-06
3.07005e-08
7.49326e-06
1.80043e-08
7.46471e-06
1.24138e-08
7.43867e-06
1.50282e-08
7.41791e-06
2.46749e-08
7.40592e-06
3.98745e-08
7.40583e-06
5.96804e-08
7.42059e-06
8.21453e-08
7.4514e-06
1.05548e-07
7.49847e-06
1.28702e-07
7.56184e-06
1.49677e-07
7.64077e-06
1.66439e-07
7.73354e-06
1.77308e-07
7.83735e-06
1.80865e-07
7.94739e-06
1.76974e-07
8.05591e-06
1.67104e-07
8.15734e-06
1.50497e-07
8.2524e-06
1.25413e-07
8.33725e-06
9.78052e-08
8.40354e-06
7.05098e-08
8.44699e-06
4.39371e-08
8.46425e-06
1.91126e-08
8.4555e-06
-2.64689e-09
8.42189e-06
-1.95205e-08
8.36631e-06
-3.07703e-08
8.29345e-06
-3.6689e-08
8.21106e-06
-3.76402e-08
8.12544e-06
-3.50993e-08
8.04263e-06
-2.96436e-08
7.96647e-06
-2.19914e-08
7.89915e-06
-1.32507e-08
7.84154e-06
-4.58154e-09
7.79355e-06
2.66331e-09
7.75417e-06
7.63451e-09
7.72165e-06
1.00586e-08
7.6939e-06
9.69259e-09
7.66934e-06
5.95195e-09
7.64624e-06
-1.94279e-10
7.62315e-06
-7.88739e-09
7.59906e-06
-1.61723e-08
7.57363e-06
-2.34344e-08
7.54724e-06
-2.84184e-08
7.52087e-06
-3.05458e-08
7.49596e-06
-2.9547e-08
7.4742e-06
-2.53412e-08
7.45691e-06
-1.78017e-08
7.44476e-06
-6.90183e-09
7.43828e-06
6.96575e-09
7.43863e-06
2.28247e-08
7.44796e-06
3.92274e-08
7.46876e-06
5.48557e-08
7.50171e-06
6.92576e-08
7.54523e-06
8.22477e-08
7.59599e-06
9.38301e-08
7.65107e-06
1.02975e-07
7.70967e-06
1.07942e-07
7.77327e-06
1.0733e-07
7.84142e-06
1.02234e-07
7.90882e-06
9.5219e-08
7.96952e-06
8.70708e-08
8.02013e-06
7.7304e-08
8.05864e-06
6.57865e-08
8.08402e-06
5.24858e-08
8.09687e-06
3.88684e-08
8.09723e-06
2.56868e-08
8.08566e-06
1.36639e-08
8.06354e-06
3.47332e-09
8.03302e-06
-4.78874e-09
7.99708e-06
-1.10566e-08
7.95859e-06
-1.56348e-08
7.92007e-06
-1.89604e-08
7.88322e-06
-2.13611e-08
7.84892e-06
-2.31631e-08
7.81756e-06
-2.47454e-08
7.78912e-06
-2.64069e-08
7.76323e-06
-2.83406e-08
7.73936e-06
-3.06822e-08
7.71691e-06
-3.34431e-08
7.69527e-06
-3.65134e-08
7.67394e-06
-3.96515e-08
7.65259e-06
-4.25253e-08
7.63104e-06
-4.47668e-08
-4.6038e-08
7.36183e-06
1.09812e-07
7.38897e-06
8.62051e-08
7.42043e-06
7.4938e-08
7.45674e-06
7.33939e-08
7.49921e-06
8.10956e-08
7.54843e-06
9.76888e-08
7.60536e-06
1.19518e-07
7.67029e-06
1.42873e-07
7.74252e-06
1.63696e-07
7.81967e-06
1.79269e-07
7.89668e-06
1.89073e-07
7.96648e-06
1.93631e-07
8.02313e-06
1.93399e-07
8.06266e-06
1.87281e-07
8.08057e-06
1.709e-07
8.07157e-06
1.45558e-07
8.03707e-06
1.16868e-07
7.98373e-06
8.90559e-08
7.91481e-06
6.26634e-08
7.83311e-06
3.90418e-08
7.74645e-06
2.08278e-08
7.6592e-06
8.42433e-09
7.57576e-06
2.09928e-09
7.49978e-06
1.39774e-09
7.43201e-06
7.40146e-09
7.37347e-06
2.00938e-08
7.3254e-06
3.92682e-08
7.28867e-06
6.1763e-08
7.2639e-06
8.45715e-08
7.25067e-06
1.04762e-07
7.24763e-06
1.20077e-07
7.25313e-06
1.29371e-07
7.26492e-06
1.31882e-07
7.28072e-06
1.29502e-07
7.29859e-06
1.21001e-07
7.31379e-06
1.05525e-07
7.32387e-06
8.68185e-08
7.32791e-06
6.7856e-08
7.32598e-06
5.10133e-08
7.31896e-06
3.77153e-08
7.3084e-06
2.85687e-08
7.29669e-06
2.41242e-08
7.28661e-06
2.51079e-08
7.28002e-06
3.1263e-08
7.27844e-06
4.14564e-08
7.28365e-06
5.4472e-08
7.29697e-06
6.88182e-08
7.31936e-06
8.31659e-08
7.35154e-06
9.65175e-08
7.39348e-06
1.07741e-07
7.44395e-06
1.15969e-07
7.50022e-06
1.21036e-07
7.55773e-06
1.23356e-07
7.61159e-06
1.23112e-07
7.65872e-06
1.19977e-07
7.69649e-06
1.12727e-07
7.72152e-06
1.00384e-07
7.73358e-06
8.57409e-08
7.73338e-06
7.07083e-08
7.72127e-06
5.60483e-08
7.69826e-06
4.21218e-08
7.66609e-06
2.95271e-08
7.6275e-06
1.90627e-08
7.58567e-06
1.10667e-08
7.54357e-06
5.40712e-09
7.50383e-06
2.09807e-09
7.46774e-06
9.98409e-10
7.43629e-06
1.79906e-09
7.41016e-06
4.14033e-09
7.38957e-06
7.33948e-09
7.37434e-06
1.06475e-08
7.36377e-06
1.32395e-08
7.35679e-06
1.46103e-08
7.35215e-06
1.46955e-08
7.34869e-06
1.31606e-08
7.34525e-06
9.38844e-09
7.34064e-06
4.41514e-09
7.33384e-06
-1.08664e-09
7.32415e-06
-6.48178e-09
7.31172e-06
-1.10079e-08
7.29735e-06
-1.40426e-08
7.28207e-06
-1.52747e-08
7.26703e-06
-1.45053e-08
7.25327e-06
-1.15773e-08
7.24194e-06
-6.47037e-09
7.23428e-06
7.52508e-10
7.23151e-06
9.73759e-09
7.23446e-06
1.98751e-08
7.24342e-06
3.02656e-08
7.25814e-06
4.01361e-08
7.27805e-06
4.93545e-08
7.30247e-06
5.78199e-08
7.33052e-06
6.57831e-08
7.36082e-06
7.26782e-08
7.39162e-06
7.71383e-08
7.42083e-06
7.8124e-08
7.44676e-06
7.63004e-08
7.4689e-06
7.30802e-08
7.48696e-06
6.90058e-08
7.50053e-06
6.37346e-08
7.50926e-06
5.70595e-08
7.51256e-06
4.91846e-08
7.51075e-06
4.06836e-08
7.50429e-06
3.21454e-08
7.49402e-06
2.39311e-08
7.48116e-06
1.63351e-08
7.46681e-06
9.55687e-09
7.45193e-06
3.82757e-09
7.43721e-06
-9.15221e-10
7.42314e-06
-4.89482e-09
7.41e-06
-8.22081e-09
7.39786e-06
-1.10223e-08
7.38664e-06
-1.35243e-08
7.37615e-06
-1.59101e-08
7.36609e-06
-1.82829e-08
7.35614e-06
-2.07364e-08
7.34596e-06
-2.32575e-08
7.3352e-06
-2.5756e-08
7.32364e-06
-2.80883e-08
7.31118e-06
-3.00657e-08
7.29789e-06
-3.14766e-08
-3.21204e-08
6.54224e-06
9.17489e-08
6.55789e-06
7.05487e-08
6.57286e-06
5.99653e-08
6.58772e-06
5.85396e-08
6.60363e-06
6.51811e-08
6.62178e-06
7.95377e-08
6.64261e-06
9.86933e-08
6.66466e-06
1.20822e-07
6.68536e-06
1.42998e-07
6.70271e-06
1.61917e-07
6.71582e-06
1.75964e-07
6.72475e-06
1.84699e-07
6.72958e-06
1.88564e-07
6.72928e-06
1.87587e-07
6.72111e-06
1.79065e-07
6.7044e-06
1.6227e-07
6.6814e-06
1.39865e-07
6.6563e-06
1.14165e-07
6.63186e-06
8.71027e-08
6.60925e-06
6.16464e-08
6.58958e-06
4.04942e-08
6.5729e-06
2.51135e-08
6.55891e-06
1.60878e-08
6.54703e-06
1.32705e-08
6.53766e-06
1.67722e-08
6.53165e-06
2.6109e-08
6.53053e-06
4.03829e-08
6.53481e-06
5.74838e-08
6.54446e-06
7.49199e-08
6.55898e-06
9.02415e-08
6.57731e-06
1.01756e-07
6.5981e-06
1.08579e-07
6.61954e-06
1.10439e-07
6.64126e-06
1.07779e-07
6.6618e-06
1.00463e-07
6.67844e-06
8.88856e-08
6.69023e-06
7.50334e-08
6.69707e-06
6.10121e-08
6.69948e-06
4.86012e-08
6.69825e-06
3.89494e-08
6.69413e-06
3.26824e-08
6.68829e-06
2.99729e-08
6.6825e-06
3.08941e-08
6.67817e-06
3.55944e-08
6.67624e-06
4.33876e-08
6.67737e-06
5.33356e-08
6.68184e-06
6.4352e-08
6.68957e-06
7.54352e-08
6.7003e-06
8.57839e-08
6.71333e-06
9.47145e-08
6.72755e-06
1.01744e-07
6.74191e-06
1.06678e-07
6.75572e-06
1.0955e-07
6.76855e-06
1.10277e-07
6.78009e-06
1.08439e-07
6.78944e-06
1.03382e-07
6.7949e-06
9.49181e-08
6.79645e-06
8.4189e-08
6.79482e-06
7.23418e-08
6.79082e-06
6.00508e-08
6.78508e-06
4.78586e-08
6.77806e-06
3.65482e-08
6.77025e-06
2.68716e-08
6.76213e-06
1.91846e-08
6.75401e-06
1.35306e-08
6.74626e-06
9.84389e-09
6.73924e-06
8.02633e-09
6.73321e-06
7.82194e-09
6.72845e-06
8.90349e-09
6.72511e-06
1.06841e-08
6.72318e-06
1.25775e-08
6.72234e-06
1.40804e-08
6.72212e-06
1.48255e-08
6.72203e-06
1.47822e-08
6.72146e-06
1.37317e-08
6.71956e-06
1.12864e-08
6.71591e-06
8.07029e-09
6.71027e-06
4.55431e-09
6.70262e-06
1.16669e-09
6.69324e-06
-1.63316e-09
6.68259e-06
-3.38998e-09
6.67133e-06
-4.01458e-09
6.66019e-06
-3.36311e-09
6.64973e-06
-1.11485e-09
6.6406e-06
2.66026e-09
6.63351e-06
7.84104e-09
6.62905e-06
1.41941e-08
6.62759e-06
2.13341e-08
6.6291e-06
2.87577e-08
6.63319e-06
3.60486e-08
6.63949e-06
4.30537e-08
6.64766e-06
4.96527e-08
6.65775e-06
5.56854e-08
6.66974e-06
6.0694e-08
6.68286e-06
6.40197e-08
6.69578e-06
6.5199e-08
6.70764e-06
6.44434e-08
6.71837e-06
6.23528e-08
6.72811e-06
5.926e-08
6.73671e-06
5.51343e-08
6.74382e-06
4.99543e-08
6.7491e-06
4.38991e-08
6.75247e-06
3.73122e-08
6.75404e-06
3.05748e-08
6.75398e-06
2.39983e-08
6.75247e-06
1.78415e-08
6.74973e-06
1.22983e-08
6.74606e-06
7.4954e-09
6.74172e-06
3.42393e-09
6.73684e-06
-7.63623e-12
6.73152e-06
-2.90917e-09
6.7259e-06
-5.39587e-09
6.71997e-06
-7.59759e-09
6.71369e-06
-9.62993e-09
6.70698e-06
-1.15681e-08
6.6997e-06
-1.34615e-08
6.69175e-06
-1.53057e-08
6.68304e-06
-1.70461e-08
6.67354e-06
-1.85922e-08
6.66331e-06
-1.98289e-08
6.65246e-06
-2.06301e-08
-2.08773e-08
4.93269e-06
7.70435e-08
4.9477e-06
5.55351e-08
4.96537e-06
4.23022e-08
4.98572e-06
3.81814e-08
5.00808e-06
4.28287e-08
5.03214e-06
5.54694e-08
5.05716e-06
7.36764e-08
5.08241e-06
9.55785e-08
5.10646e-06
1.18945e-07
5.12806e-06
1.40311e-07
5.14715e-06
1.56878e-07
5.16446e-06
1.67389e-07
5.18135e-06
1.7168e-07
5.19926e-06
1.69671e-07
5.21739e-06
1.60935e-07
5.23538e-06
1.4428e-07
5.25316e-06
1.22088e-07
5.27037e-06
9.69505e-08
5.28597e-06
7.15074e-08
5.29922e-06
4.83968e-08
5.31014e-06
2.95717e-08
5.31902e-06
1.62311e-08
5.32643e-06
8.6813e-09
5.33298e-06
6.71705e-09
5.33917e-06
1.05909e-08
5.34563e-06
1.96439e-08
5.35341e-06
3.25995e-08
5.36316e-06
4.77381e-08
5.37503e-06
6.30484e-08
5.38879e-06
7.64792e-08
5.40393e-06
8.66181e-08
5.41977e-06
9.27408e-08
5.43553e-06
9.46751e-08
5.45069e-06
9.26212e-08
5.46434e-06
8.68162e-08
5.47534e-06
7.78817e-08
5.48324e-06
6.71393e-08
5.48816e-06
5.60926e-08
5.49068e-06
4.60785e-08
5.49158e-06
3.80522e-08
5.49158e-06
3.26781e-08
5.49139e-06
3.01649e-08
5.49177e-06
3.05085e-08
5.49342e-06
3.39528e-08
5.49677e-06
4.00339e-08
5.50206e-06
4.80468e-08
5.50926e-06
5.71543e-08
5.51818e-06
6.65087e-08
5.52862e-06
7.53428e-08
5.54034e-06
8.30016e-08
5.55306e-06
8.90225e-08
5.56658e-06
9.31575e-08
5.58085e-06
9.52784e-08
5.59589e-06
9.52327e-08
5.61155e-06
9.27775e-08
5.62722e-06
8.77176e-08
5.64191e-06
8.02266e-08
5.65507e-06
7.10309e-08
5.66646e-06
6.09477e-08
5.67586e-06
5.06496e-08
5.683e-06
4.07208e-08
5.68779e-06
3.176e-08
5.69043e-06
2.42327e-08
5.69124e-06
1.83701e-08
5.69056e-06
1.42154e-08
5.68872e-06
1.16827e-08
5.68615e-06
1.05926e-08
5.68326e-06
1.07135e-08
5.68044e-06
1.17231e-08
5.67798e-06
1.31488e-08
5.67598e-06
1.45795e-08
5.67438e-06
1.56789e-08
5.67295e-06
1.62537e-08
5.67151e-06
1.62248e-08
5.6698e-06
1.5434e-08
5.66763e-06
1.34563e-08
5.6648e-06
1.09039e-08
5.66119e-06
8.16515e-09
5.65681e-06
5.5492e-09
5.65177e-06
3.40017e-09
5.6463e-06
2.08185e-09
5.64071e-06
1.57864e-09
5.63535e-06
1.99637e-09
5.63055e-06
3.68376e-09
5.62667e-06
6.53924e-09
5.62406e-06
1.04477e-08
5.62303e-06
1.52256e-08
5.62377e-06
2.0598e-08
5.62629e-06
2.62353e-08
5.63049e-06
3.18461e-08
5.63631e-06
3.72401e-08
5.6437e-06
4.22578e-08
5.65269e-06
4.67026e-08
5.66311e-06
5.02705e-08
5.67453e-06
5.25998e-08
5.68626e-06
5.34644e-08
5.69775e-06
5.29547e-08
5.70874e-06
5.13612e-08
5.71911e-06
4.88931e-08
5.72863e-06
4.56123e-08
5.73701e-06
4.15765e-08
5.74397e-06
3.69383e-08
5.74935e-06
3.19328e-08
5.75311e-06
2.68137e-08
5.7553e-06
2.1806e-08
5.75605e-06
1.70972e-08
5.75552e-06
1.28282e-08
5.75394e-06
9.07325e-09
5.75153e-06
5.83428e-09
5.74846e-06
3.06219e-09
5.74485e-06
7.00225e-10
5.7408e-06
-1.34371e-09
5.73636e-06
-3.16339e-09
5.73158e-06
-4.84207e-09
5.72643e-06
-6.42496e-09
5.72091e-06
-7.93915e-09
5.71499e-06
-9.38203e-09
5.70866e-06
-1.0717e-08
5.70195e-06
-1.18822e-08
5.69492e-06
-1.27985e-08
5.68767e-06
-1.33799e-08
-1.35446e-08
3.16204e-06
4.73629e-08
3.18834e-06
2.92343e-08
3.21246e-06
1.81845e-08
3.23557e-06
1.50685e-08
3.25854e-06
1.98644e-08
3.28245e-06
3.156e-08
3.30808e-06
4.80435e-08
3.33619e-06
6.7467e-08
3.36733e-06
8.78103e-08
3.40123e-06
1.06409e-07
3.43735e-06
1.20753e-07
3.47519e-06
1.29552e-07
3.51437e-06
1.32502e-07
3.5544e-06
1.29641e-07
3.59429e-06
1.21038e-07
3.63152e-06
1.07056e-07
3.66433e-06
8.92781e-08
3.69168e-06
6.95945e-08
3.7132e-06
4.99923e-08
3.72925e-06
3.23418e-08
3.74073e-06
1.80905e-08
3.74885e-06
8.11663e-09
3.75486e-06
2.66675e-09
3.75979e-06
1.79101e-09
3.76475e-06
5.62715e-09
3.77102e-06
1.33757e-08
3.77962e-06
2.39968e-08
3.79126e-06
3.61054e-08
3.80612e-06
4.81869e-08
3.82387e-06
5.87318e-08
3.84386e-06
6.662e-08
3.86535e-06
7.12513e-08
3.88755e-06
7.24797e-08
3.90968e-06
7.04909e-08
3.93084e-06
6.56565e-08
3.95013e-06
5.85887e-08
3.96704e-06
5.02357e-08
3.98145e-06
4.16801e-08
3.99362e-06
3.39065e-08
4.004e-06
2.7675e-08
4.01318e-06
2.34908e-08
4.02174e-06
2.16132e-08
4.03005e-06
2.21932e-08
4.03878e-06
2.52242e-08
4.0485e-06
3.03106e-08
4.05967e-06
3.68837e-08
4.07254e-06
4.42783e-08
4.08725e-06
5.18048e-08
4.10376e-06
5.88303e-08
4.12193e-06
6.48303e-08
4.14152e-06
6.9434e-08
4.16225e-06
7.2427e-08
4.18384e-06
7.36907e-08
4.20593e-06
7.31431e-08
4.22797e-06
7.07374e-08
4.24918e-06
6.65044e-08
4.26874e-06
6.06669e-08
4.28606e-06
5.37098e-08
4.30081e-06
4.6195e-08
4.31284e-06
3.86247e-08
4.32212e-06
3.14358e-08
4.32887e-06
2.5016e-08
4.33344e-06
1.96562e-08
4.3363e-06
1.55171e-08
4.33788e-06
1.26312e-08
4.33864e-06
1.09231e-08
4.33901e-06
1.02193e-08
4.3394e-06
1.03293e-08
4.34011e-06
1.10122e-08
4.34134e-06
1.19171e-08
4.34316e-06
1.27597e-08
4.34556e-06
1.32803e-08
4.3484e-06
1.34128e-08
4.35154e-06
1.30855e-08
4.3548e-06
1.2169e-08
4.35775e-06
1.05071e-08
4.36016e-06
8.49461e-09
4.36192e-06
6.40817e-09
4.363e-06
4.47345e-09
4.36347e-06
2.92421e-09
4.36358e-06
1.97378e-09
4.36347e-06
1.68914e-09
4.36331e-06
2.15281e-09
4.36345e-06
3.54233e-09
4.3642e-06
5.7917e-09
4.36585e-06
8.79532e-09
4.36868e-06
1.24022e-08
4.37285e-06
1.64236e-08
4.37845e-06
2.06334e-08
4.38548e-06
2.48231e-08
4.39389e-06
2.88293e-08
4.40364e-06
3.25062e-08
4.41465e-06
3.56898e-08
4.42674e-06
3.81826e-08
4.43955e-06
3.97914e-08
4.4526e-06
4.04135e-08
4.46546e-06
4.00933e-08
4.47785e-06
3.89689e-08
4.48958e-06
3.71647e-08
4.50044e-06
3.47567e-08
4.51019e-06
3.18202e-08
4.51866e-06
2.84724e-08
4.52572e-06
2.48695e-08
4.53136e-06
2.11784e-08
4.53561e-06
1.75531e-08
4.53858e-06
1.41253e-08
4.54042e-06
1.09905e-08
4.54129e-06
8.19829e-09
4.54138e-06
5.75271e-09
4.54081e-06
3.62385e-09
4.53976e-06
1.75876e-09
4.53827e-06
1.43414e-10
4.53644e-06
-1.33407e-09
4.53431e-06
-2.71328e-09
4.53189e-06
-4.00461e-09
4.52917e-06
-5.21889e-09
4.52614e-06
-6.35402e-09
4.52281e-06
-7.38344e-09
4.51919e-06
-8.26311e-09
4.51533e-06
-8.93803e-09
4.5113e-06
-9.34901e-09
-9.43989e-09
1.55538e-06
2.16997e-08
1.57559e-06
9.02314e-09
1.5922e-06
1.58141e-09
1.60725e-06
1.83744e-11
1.6236e-06
3.51299e-09
1.6432e-06
1.19585e-08
1.66764e-06
2.36011e-08
1.69769e-06
3.74139e-08
1.73364e-06
5.18614e-08
1.77501e-06
6.50385e-08
1.82055e-06
7.52211e-08
1.86859e-06
8.15073e-08
1.91738e-06
8.37097e-08
1.96521e-06
8.18205e-08
2.01027e-06
7.59718e-08
2.0507e-06
6.66252e-08
2.08524e-06
5.47356e-08
2.11329e-06
4.15496e-08
2.13486e-06
2.84208e-08
2.15062e-06
1.65859e-08
2.16165e-06
7.05637e-09
2.1694e-06
3.70749e-10
2.17533e-06
-3.2706e-09
2.18085e-06
-3.72291e-09
2.18729e-06
-8.19164e-10
2.19634e-06
4.33297e-09
2.20882e-06
1.15129e-08
2.22537e-06
1.95549e-08
2.24598e-06
2.7576e-08
2.27013e-06
3.45857e-08
2.29691e-06
3.98413e-08
2.32522e-06
4.29389e-08
2.35393e-06
4.37703e-08
2.38197e-06
4.24489e-08
2.40838e-06
3.92496e-08
2.43235e-06
3.46197e-08
2.4534e-06
2.91831e-08
2.47145e-06
2.36334e-08
2.48675e-06
1.86061e-08
2.49982e-06
1.45983e-08
2.51136e-06
1.19534e-08
2.52209e-06
1.0887e-08
2.53279e-06
1.1495e-08
2.54431e-06
1.36968e-08
2.55739e-06
1.72302e-08
2.57255e-06
2.173e-08
2.59007e-06
2.67608e-08
2.61e-06
3.18667e-08
2.63221e-06
3.66277e-08
2.65634e-06
4.06965e-08
2.68195e-06
4.38238e-08
2.70852e-06
4.58587e-08
2.73549e-06
4.6718e-08
2.76228e-06
4.63572e-08
2.78825e-06
4.47672e-08
2.81275e-06
4.20033e-08
2.83518e-06
3.82364e-08
2.85513e-06
3.37605e-08
2.8724e-06
2.8919e-08
2.88699e-06
2.40357e-08
2.89903e-06
1.93985e-08
2.90879e-06
1.52529e-08
2.91667e-06
1.17798e-08
2.92311e-06
9.07571e-09
2.92858e-06
7.16067e-09
2.93351e-06
5.99194e-09
2.93826e-06
5.47259e-09
2.94312e-06
5.46431e-09
2.94835e-06
5.78976e-09
2.95401e-06
6.24923e-09
2.96011e-06
6.6685e-09
2.96648e-06
6.90645e-09
2.973e-06
6.88969e-09
2.97952e-06
6.56505e-09
2.98582e-06
5.87659e-09
2.99151e-06
4.80922e-09
2.99647e-06
3.53665e-09
3.00066e-06
2.22267e-09
3.0041e-06
1.02643e-09
3.00694e-06
9.16879e-11
3.00938e-06
-4.68256e-10
3.01162e-06
-5.56506e-10
3.01395e-06
-1.69146e-10
3.01667e-06
8.15546e-10
3.02009e-06
2.37115e-09
3.02449e-06
4.39985e-09
3.03011e-06
6.7832e-09
3.03709e-06
9.4433e-09
3.04549e-06
1.22342e-08
3.05529e-06
1.50215e-08
3.06643e-06
1.76906e-08
3.0788e-06
2.01355e-08
3.09225e-06
2.22436e-08
3.10653e-06
2.38959e-08
3.12133e-06
2.49887e-08
3.13628e-06
2.54705e-08
3.15101e-06
2.5358e-08
3.16527e-06
2.47162e-08
3.17881e-06
2.36168e-08
3.19145e-06
2.21152e-08
3.20301e-06
2.02674e-08
3.21333e-06
1.81492e-08
3.22234e-06
1.5858e-08
3.23002e-06
1.34978e-08
3.23641e-06
1.11658e-08
3.24159e-06
8.94375e-09
3.24569e-06
6.89183e-09
3.24885e-06
5.04327e-09
3.2512e-06
3.40042e-09
3.25288e-06
1.94127e-09
3.25395e-06
6.85213e-10
3.25454e-06
-4.40425e-10
3.25468e-06
-1.47712e-09
3.25441e-06
-2.43813e-09
3.25373e-06
-3.32719e-09
3.25266e-06
-4.15328e-09
3.25123e-06
-4.91802e-09
3.24944e-06
-5.60102e-09
3.24736e-06
-6.17625e-09
3.24503e-06
-6.60991e-09
3.24255e-06
-6.86535e-09
-6.90684e-09
3.97066e-07
4.70737e-09
4.07923e-07
-1.83435e-09
4.15553e-07
-6.04839e-09
4.22784e-07
-7.21287e-09
4.31762e-07
-5.46453e-09
4.44631e-07
-9.10057e-10
4.63849e-07
4.38273e-09
4.8996e-07
1.13026e-08
5.23092e-07
1.87296e-08
5.62467e-07
2.56632e-08
6.06595e-07
3.1094e-08
6.53625e-07
3.44771e-08
7.01419e-07
3.59151e-08
7.47966e-07
3.5274e-08
7.91268e-07
3.26695e-08
8.29567e-07
2.83265e-08
8.61613e-07
2.26896e-08
8.86878e-07
1.62846e-08
9.05531e-07
9.76826e-09
9.18418e-07
3.69818e-09
9.26515e-07
-1.04026e-09
9.31608e-07
-4.72249e-09
9.35107e-07
-6.76993e-09
9.38519e-07
-7.13461e-09
9.43513e-07
-5.81297e-09
9.50921e-07
-3.07488e-09
9.62074e-07
3.59489e-10
9.77501e-07
4.12837e-09
9.96941e-07
8.13621e-09
1.01982e-06
1.17078e-08
1.04521e-06
1.44536e-08
1.07199e-06
1.6159e-08
1.099e-06
1.67543e-08
1.12518e-06
1.62689e-08
1.1496e-06
1.48286e-08
1.17156e-06
1.26648e-08
1.19066e-06
1.00831e-08
1.20687e-06
7.4169e-09
1.2205e-06
4.97791e-09
1.23208e-06
3.02095e-09
1.2423e-06
1.73326e-09
1.25197e-06
1.22022e-09
1.26196e-06
1.50269e-09
1.2731e-06
2.5512e-09
1.28607e-06
4.26913e-09
1.3013e-06
6.49248e-09
1.31905e-06
9.01221e-09
1.33932e-06
1.1603e-08
1.36189e-06
1.4055e-08
1.38639e-06
1.61931e-08
1.41233e-06
1.7888e-08
1.43913e-06
1.90562e-08
1.4662e-06
1.96486e-08
1.49292e-06
1.96349e-08
1.51868e-06
1.90071e-08
1.54289e-06
1.77961e-08
1.56504e-06
1.6087e-08
1.58478e-06
1.40197e-08
1.60194e-06
1.17573e-08
1.61652e-06
9.45528e-09
1.62867e-06
7.2537e-09
1.63865e-06
5.27232e-09
1.64683e-06
3.60017e-09
1.65361e-06
2.28766e-09
1.65942e-06
1.35055e-09
1.66464e-06
7.73509e-10
1.6696e-06
5.10898e-10
1.67457e-06
4.95273e-10
1.67972e-06
6.45414e-10
1.6851e-06
8.69866e-10
1.69069e-06
1.08068e-09
1.69638e-06
1.20867e-09
1.70206e-06
1.21341e-09
1.70756e-06
1.06004e-09
1.71271e-06
7.30021e-10
1.71731e-06
2.09599e-10
1.72123e-06
-3.78804e-10
1.72447e-06
-1.02576e-09
1.72711e-06
-1.6128e-09
1.72928e-06
-2.07805e-09
1.73118e-06
-2.36657e-09
1.73306e-06
-2.43114e-09
1.73514e-06
-2.24836e-09
1.73772e-06
-1.76788e-09
1.74106e-06
-9.73415e-10
1.74546e-06
3.80277e-12
1.75115e-06
1.09772e-09
1.75818e-06
2.40974e-09
1.76661e-06
3.80368e-09
1.77642e-06
5.21048e-09
1.78754e-06
6.57034e-09
1.79985e-06
7.82933e-09
1.81316e-06
8.93078e-09
1.82724e-06
9.81759e-09
1.84178e-06
1.04425e-08
1.85647e-06
1.07827e-08
1.87099e-06
1.08398e-08
1.88507e-06
1.06368e-08
1.89848e-06
1.02062e-08
1.91102e-06
9.5752e-09
1.92252e-06
8.77109e-09
1.93284e-06
7.82937e-09
1.9419e-06
6.79599e-09
1.94967e-06
5.72113e-09
1.95619e-06
4.65037e-09
1.96151e-06
3.62281e-09
1.96574e-06
2.66436e-09
1.96899e-06
1.79368e-09
1.97138e-06
1.00606e-09
1.97304e-06
2.80645e-10
1.974e-06
-2.74729e-10
1.97439e-06
-8.25223e-10
1.97425e-06
-1.34261e-09
1.97364e-06
-1.82362e-09
1.97259e-06
-2.27458e-09
1.97113e-06
-2.69969e-09
1.96931e-06
-3.09998e-09
1.96718e-06
-3.4634e-09
1.96478e-06
-3.77714e-09
1.96219e-06
-4.02425e-09
1.95951e-06
-4.18708e-09
-4.24752e-09
-1.03668e-07
-1.05502e-07
-1.11551e-07
-1.18763e-07
-1.24228e-07
-1.25138e-07
-1.20755e-07
-1.09453e-07
-9.07231e-08
-6.506e-08
-3.3966e-08
5.11078e-10
3.64262e-08
7.17001e-08
1.0437e-07
1.32696e-07
1.55386e-07
1.7167e-07
1.81439e-07
1.85137e-07
1.84096e-07
1.79374e-07
1.72604e-07
1.65469e-07
1.59656e-07
1.56582e-07
1.56941e-07
1.61069e-07
1.69206e-07
1.80913e-07
1.95367e-07
2.11526e-07
2.2828e-07
2.44549e-07
2.59378e-07
2.72043e-07
2.82126e-07
2.89543e-07
2.94521e-07
2.97541e-07
2.99275e-07
3.00495e-07
3.01998e-07
3.04549e-07
3.08818e-07
3.1531e-07
3.24323e-07
3.35926e-07
3.49981e-07
3.66174e-07
3.84062e-07
4.03118e-07
4.22767e-07
4.42401e-07
4.61409e-07
4.79205e-07
4.95292e-07
5.09311e-07
5.21069e-07
5.30524e-07
5.37778e-07
5.4305e-07
5.4665e-07
5.48938e-07
5.50288e-07
5.51062e-07
5.51573e-07
5.52068e-07
5.52713e-07
5.53583e-07
5.54664e-07
5.55873e-07
5.57086e-07
5.58146e-07
5.58876e-07
5.59086e-07
5.58707e-07
5.57681e-07
5.56068e-07
5.5399e-07
5.51624e-07
5.49193e-07
5.46944e-07
5.45176e-07
5.44203e-07
5.44207e-07
5.45304e-07
5.47714e-07
5.51518e-07
5.56728e-07
5.63299e-07
5.71128e-07
5.80059e-07
5.89876e-07
6.00319e-07
6.11102e-07
6.21941e-07
6.32578e-07
6.42784e-07
6.5236e-07
6.61131e-07
6.6896e-07
6.75756e-07
6.81477e-07
6.86128e-07
6.8975e-07
6.92415e-07
6.94208e-07
6.95214e-07
6.95495e-07
6.9522e-07
6.94395e-07
6.93053e-07
6.91229e-07
6.88954e-07
6.86255e-07
6.83155e-07
6.79691e-07
6.75914e-07
6.7189e-07
6.67703e-07
8.46134e-06
-1.43261e-06
8.4518e-06
-1.00149e-06
8.45932e-06
-5.37277e-07
8.48261e-06
-5.72308e-08
8.51881e-06
4.17452e-07
8.56461e-06
8.71279e-07
8.61604e-06
1.29063e-06
8.66929e-06
1.66521e-06
8.72059e-06
1.98798e-06
8.76652e-06
2.25427e-06
8.8048e-06
2.4627e-06
8.8345e-06
2.61456e-06
8.85546e-06
2.71356e-06
8.86633e-06
2.76655e-06
8.86562e-06
2.78233e-06
8.85223e-06
2.75508e-06
8.83186e-06
2.67146e-06
8.80756e-06
2.54295e-06
8.78298e-06
2.3691e-06
8.76115e-06
2.14885e-06
8.74437e-06
1.88172e-06
8.73448e-06
1.56864e-06
8.73286e-06
1.21278e-06
8.74033e-06
8.20224e-07
8.75693e-06
4.0061e-07
8.78142e-06
-3.12093e-08
8.81156e-06
-4.56035e-07
8.84493e-06
-8.60187e-07
8.87883e-06
-1.23151e-06
8.91061e-06
-1.56004e-06
8.93778e-06
-1.83877e-06
8.95845e-06
-2.06351e-06
8.97163e-06
-2.23323e-06
8.97724e-06
-2.34982e-06
8.97586e-06
-2.41725e-06
8.9667e-06
-2.44076e-06
8.94298e-06
-2.42421e-06
8.9086e-06
-2.35992e-06
8.87034e-06
-2.25439e-06
8.83059e-06
-2.11255e-06
8.79191e-06
-1.93635e-06
8.75684e-06
-1.72618e-06
8.72757e-06
-1.48223e-06
8.70582e-06
-1.20545e-06
8.69286e-06
-8.98372e-07
8.68948e-06
-5.65656e-07
8.69588e-06
-2.14641e-07
8.71099e-06
1.43294e-07
8.73327e-06
4.94163e-07
8.76079e-06
8.27937e-07
8.79142e-06
1.13524e-06
8.82304e-06
1.40779e-06
8.85373e-06
1.63952e-06
8.88193e-06
1.82629e-06
8.90649e-06
1.96654e-06
8.92632e-06
2.06162e-06
8.94013e-06
2.11591e-06
8.94703e-06
2.1364e-06
8.94796e-06
2.12252e-06
8.94264e-06
2.0551e-06
8.93385e-06
1.94636e-06
8.92369e-06
1.80103e-06
8.91444e-06
1.62104e-06
8.90785e-06
1.4083e-06
8.90524e-06
1.16485e-06
8.90752e-06
8.93428e-07
8.91519e-06
5.98062e-07
8.92827e-06
2.84817e-07
8.94589e-06
-3.65664e-08
8.96654e-06
-3.52916e-07
8.98874e-06
-6.54629e-07
9.01075e-06
-9.33149e-07
9.03087e-06
-1.18109e-06
9.04767e-06
-1.39276e-06
9.0602e-06
-1.56439e-06
9.06809e-06
-1.69448e-06
9.07148e-06
-1.78374e-06
9.07073e-06
-1.83509e-06
9.06507e-06
-1.85285e-06
9.04885e-06
-1.83877e-06
9.02585e-06
-1.78288e-06
9.00036e-06
-1.69158e-06
8.97411e-06
-1.56976e-06
8.94898e-06
-1.42018e-06
8.92668e-06
-1.24477e-06
8.90864e-06
-1.04522e-06
8.89599e-06
-8.23469e-07
8.88949e-06
-5.8226e-07
8.88955e-06
-3.25568e-07
8.89589e-06
-5.93401e-08
8.90764e-06
2.06772e-07
8.92372e-06
4.64551e-07
8.94281e-06
7.07029e-07
8.96353e-06
9.27771e-07
8.98459e-06
1.12125e-06
9.00495e-06
1.28332e-06
9.02378e-06
1.41139e-06
9.04032e-06
1.5046e-06
9.05351e-06
1.56462e-06
9.06207e-06
1.59582e-06
9.06707e-06
1.60313e-06
9.06852e-06
1.5774e-06
9.06637e-06
1.51079e-06
9.06237e-06
1.41287e-06
9.05763e-06
1.28659e-06
9.05347e-06
1.13423e-06
9.05115e-06
9.58128e-07
9.0515e-06
7.60942e-07
9.0551e-06
5.45736e-07
9.06219e-06
3.16452e-07
9.07246e-06
7.89395e-08
9.08507e-06
-1.57806e-07
9.09907e-06
-3.86475e-07
9.11334e-06
-6.00918e-07
9.12676e-06
-7.95516e-07
9.13834e-06
-9.65597e-07
9.14738e-06
-1.10773e-06
9.15353e-06
-1.21992e-06
9.15684e-06
-1.3017e-06
9.15758e-06
-1.35419e-06
9.15601e-06
-1.38036e-06
-1.38292e-06
8.31421e-06
-1.38641e-06
8.28753e-06
-9.74809e-07
8.28133e-06
-5.3108e-07
8.29486e-06
-7.07521e-08
8.3256e-06
3.86706e-07
8.37039e-06
8.2649e-07
8.42513e-06
1.23589e-06
8.48588e-06
1.60445e-06
8.54894e-06
1.92493e-06
8.61072e-06
2.19248e-06
8.66817e-06
2.40525e-06
8.71884e-06
2.56389e-06
8.76075e-06
2.67165e-06
8.79263e-06
2.73467e-06
8.81567e-06
2.7593e-06
8.83176e-06
2.73899e-06
8.83964e-06
2.66359e-06
8.84359e-06
2.539e-06
8.84669e-06
2.366e-06
8.85134e-06
2.1442e-06
8.85941e-06
1.87365e-06
8.87225e-06
1.55579e-06
8.89073e-06
1.19431e-06
8.91512e-06
7.95833e-07
8.94489e-06
3.70839e-07
8.97806e-06
-6.43745e-08
9.01226e-06
-4.90233e-07
9.04506e-06
-8.92994e-07
9.07395e-06
-1.2604e-06
9.09654e-06
-1.58263e-06
9.11079e-06
-1.85302e-06
9.11549e-06
-2.06821e-06
9.11023e-06
-2.22797e-06
9.09527e-06
-2.33485e-06
9.07122e-06
-2.39321e-06
9.03612e-06
-2.40567e-06
8.98543e-06
-2.37352e-06
8.92613e-06
-2.30062e-06
8.86297e-06
-2.19123e-06
8.79926e-06
-2.04884e-06
8.73795e-06
-1.87504e-06
8.68172e-06
-1.66995e-06
8.63295e-06
-1.43346e-06
8.59364e-06
-1.16614e-06
8.56534e-06
-8.7007e-07
8.54912e-06
-5.49437e-07
8.54546e-06
-2.10981e-07
8.55381e-06
1.34946e-07
8.5728e-06
4.75169e-07
8.60065e-06
8.00082e-07
8.6353e-06
1.10059e-06
8.67454e-06
1.36855e-06
8.71626e-06
1.5978e-06
8.75822e-06
1.78433e-06
8.79811e-06
1.92664e-06
8.83362e-06
2.02611e-06
8.86297e-06
2.08656e-06
8.88713e-06
2.11224e-06
8.91078e-06
2.09888e-06
8.92856e-06
2.03731e-06
8.94236e-06
1.93256e-06
8.95441e-06
1.78899e-06
8.96638e-06
1.60907e-06
8.97959e-06
1.39509e-06
8.99499e-06
1.14944e-06
9.01317e-06
8.75252e-07
9.03431e-06
5.76919e-07
9.05806e-06
2.6107e-07
9.08302e-06
-6.15225e-08
9.10761e-06
-3.7751e-07
9.13029e-06
-6.77303e-07
9.14935e-06
-9.52217e-07
9.16326e-06
-1.195e-06
9.17084e-06
-1.40034e-06
9.17149e-06
-1.56504e-06
9.16524e-06
-1.68824e-06
9.15287e-06
-1.77136e-06
9.13509e-06
-1.81731e-06
9.10991e-06
-1.82768e-06
9.07257e-06
-1.80143e-06
9.02946e-06
-1.73977e-06
8.98409e-06
-1.64621e-06
8.93883e-06
-1.5245e-06
8.89587e-06
-1.37722e-06
8.85711e-06
-1.20602e-06
8.82418e-06
-1.01229e-06
8.79837e-06
-7.97658e-07
8.78063e-06
-5.64519e-07
8.77152e-06
-3.16454e-07
8.77107e-06
-5.88957e-08
8.77863e-06
1.99215e-07
8.79323e-06
4.49951e-07
8.81366e-06
6.86603e-07
8.83855e-06
9.02877e-07
8.86651e-06
1.0933e-06
8.89609e-06
1.25374e-06
8.92579e-06
1.38169e-06
8.9539e-06
1.47649e-06
8.97869e-06
1.53983e-06
8.99935e-06
1.57516e-06
9.01858e-06
1.5839e-06
9.03754e-06
1.55844e-06
9.05258e-06
1.49575e-06
9.06531e-06
1.40014e-06
9.07704e-06
1.27486e-06
9.08866e-06
1.12261e-06
9.10084e-06
9.45945e-07
9.11418e-06
7.47607e-07
9.12904e-06
5.30869e-07
9.14546e-06
3.00036e-07
9.16279e-06
6.16095e-08
9.17993e-06
-1.74949e-07
9.19584e-06
-4.02384e-07
9.20937e-06
-6.14446e-07
9.21945e-06
-8.05594e-07
9.22522e-06
-9.7137e-07
9.22619e-06
-1.1087e-06
9.22232e-06
-1.21606e-06
9.21418e-06
-1.29355e-06
9.20274e-06
-1.34275e-06
9.188e-06
-1.36562e-06
-1.3616e-06
8.1898e-06
-1.32237e-06
8.14778e-06
-9.32791e-07
8.12902e-06
-5.12312e-07
8.13314e-06
-7.48744e-08
8.15807e-06
3.61774e-07
8.2009e-06
7.83664e-07
8.25777e-06
1.17901e-06
8.32456e-06
1.53766e-06
8.39735e-06
1.85213e-06
8.47229e-06
2.11755e-06
8.54576e-06
2.33177e-06
8.61455e-06
2.4951e-06
8.67602e-06
2.61018e-06
8.72912e-06
2.68158e-06
8.77579e-06
2.71262e-06
8.81837e-06
2.69641e-06
8.85475e-06
2.62721e-06
8.88736e-06
2.50639e-06
8.91857e-06
2.33479e-06
8.95026e-06
2.11251e-06
8.98376e-06
1.84015e-06
9.01985e-06
1.5197e-06
9.05877e-06
1.15538e-06
9.10024e-06
7.54365e-07
9.14311e-06
3.27967e-07
9.18451e-06
-1.05773e-07
9.22202e-06
-5.27736e-07
9.25315e-06
-9.24131e-07
9.27566e-06
-1.2829e-06
9.28765e-06
-1.59462e-06
9.28782e-06
-1.85318e-06
9.27557e-06
-2.05596e-06
9.25103e-06
-2.20344e-06
9.21471e-06
-2.29853e-06
9.16567e-06
-2.34417e-06
9.10168e-06
-2.34167e-06
9.02515e-06
-2.29699e-06
8.94079e-06
-2.21626e-06
8.85324e-06
-2.10368e-06
8.76645e-06
-1.96205e-06
8.68369e-06
-1.79228e-06
8.60774e-06
-1.59401e-06
8.54103e-06
-1.36675e-06
8.48567e-06
-1.11077e-06
8.44339e-06
-8.27793e-07
8.41551e-06
-5.21549e-07
8.40272e-06
-1.98189e-07
8.40487e-06
1.32787e-07
8.42084e-06
4.592e-07
8.44898e-06
7.71947e-07
8.48722e-06
1.06235e-06
8.53315e-06
1.32262e-06
8.58419e-06
1.54676e-06
8.63755e-06
1.73097e-06
8.69037e-06
1.87382e-06
8.74036e-06
1.97613e-06
8.78645e-06
2.04046e-06
8.82995e-06
2.06875e-06
8.87291e-06
2.05591e-06
8.91245e-06
1.99778e-06
8.9486e-06
1.89641e-06
8.98262e-06
1.75497e-06
9.01561e-06
1.57608e-06
9.04845e-06
1.36224e-06
9.08171e-06
1.11618e-06
9.11563e-06
8.41332e-07
9.15008e-06
5.42476e-07
9.18426e-06
2.26884e-07
9.21617e-06
-9.34282e-08
9.24418e-06
-4.05524e-07
9.26666e-06
-6.99783e-07
9.28203e-06
-9.67582e-07
9.28898e-06
-1.20196e-06
9.28671e-06
-1.39806e-06
9.27503e-06
-1.55335e-06
9.25442e-06
-1.66763e-06
9.22568e-06
-1.74261e-06
9.18843e-06
-1.78006e-06
9.1406e-06
-1.77985e-06
9.0835e-06
-1.74433e-06
9.02088e-06
-1.67715e-06
8.95631e-06
-1.58165e-06
8.89284e-06
-1.46103e-06
8.83302e-06
-1.31739e-06
8.77892e-06
-1.15192e-06
8.73225e-06
-9.65618e-07
8.69438e-06
-7.59795e-07
8.66639e-06
-5.36524e-07
8.64899e-06
-2.99053e-07
8.64247e-06
-5.23804e-08
8.64639e-06
1.95296e-07
8.65987e-06
4.3647e-07
8.68173e-06
6.64746e-07
8.71053e-06
8.7408e-07
8.74459e-06
1.05924e-06
8.78206e-06
1.21627e-06
8.82096e-06
1.34279e-06
8.85927e-06
1.43818e-06
8.89555e-06
1.50355e-06
8.92972e-06
1.541e-06
8.96386e-06
1.54975e-06
8.99786e-06
1.52444e-06
9.02955e-06
1.46406e-06
9.05898e-06
1.3707e-06
9.08677e-06
1.24708e-06
9.11357e-06
1.09581e-06
9.13991e-06
9.196e-07
9.16612e-06
7.214e-07
9.19226e-06
5.04729e-07
9.21801e-06
2.74285e-07
9.24228e-06
3.73345e-08
9.26371e-06
-1.9637e-07
9.28113e-06
-4.19811e-07
9.29342e-06
-6.26735e-07
9.29962e-06
-8.1179e-07
9.2991e-06
-9.70855e-07
9.29172e-06
-1.10132e-06
9.27786e-06
-1.20219e-06
9.25829e-06
-1.27399e-06
9.23361e-06
-1.31807e-06
9.20291e-06
-1.33491e-06
-1.32358e-06
8.08586e-06
-1.2429e-06
8.03051e-06
-8.77436e-07
8.00066e-06
-4.82469e-07
7.99627e-06
-7.048e-08
8.01558e-06
3.4246e-07
8.05597e-06
7.43273e-07
8.1139e-06
1.12109e-06
8.18524e-06
1.46632e-06
8.26583e-06
1.77155e-06
8.35151e-06
2.03187e-06
8.43837e-06
2.24491e-06
8.52295e-06
2.41053e-06
8.60269e-06
2.53043e-06
8.6769e-06
2.60737e-06
8.74734e-06
2.64218e-06
8.81481e-06
2.62894e-06
8.87851e-06
2.56351e-06
8.93924e-06
2.44566e-06
8.99837e-06
2.27566e-06
9.05704e-06
2.05385e-06
9.1159e-06
1.78128e-06
9.1751e-06
1.46051e-06
9.23421e-06
1.09627e-06
9.29221e-06
6.96363e-07
9.34713e-06
2.73045e-07
9.3954e-06
-1.54039e-07
9.43461e-06
-5.66942e-07
9.46248e-06
-9.52007e-07
9.47718e-06
-1.2976e-06
9.4774e-06
-1.59484e-06
9.46248e-06
-1.83827e-06
9.43248e-06
-2.02595e-06
9.38787e-06
-2.15883e-06
9.32846e-06
-2.23912e-06
9.25247e-06
-2.26819e-06
9.16117e-06
-2.25037e-06
9.05865e-06
-2.19446e-06
8.94957e-06
-2.10718e-06
8.83879e-06
-1.9929e-06
8.73047e-06
-1.85373e-06
8.62802e-06
-1.68983e-06
8.53426e-06
-1.50024e-06
8.45157e-06
-1.28407e-06
8.38207e-06
-1.04127e-06
8.32756e-06
-7.73292e-07
8.28951e-06
-4.83491e-07
8.26881e-06
-1.77497e-07
8.26558e-06
1.36016e-07
8.27887e-06
4.45918e-07
8.30711e-06
7.437e-07
8.34823e-06
1.02123e-06
8.39961e-06
1.27125e-06
8.45835e-06
1.48802e-06
8.52145e-06
1.66786e-06
8.58611e-06
1.80916e-06
8.65015e-06
1.91209e-06
8.71259e-06
1.97802e-06
8.7744e-06
2.00694e-06
8.83601e-06
1.99429e-06
8.89583e-06
1.93796e-06
8.9532e-06
1.83905e-06
9.00836e-06
1.69981e-06
9.06176e-06
1.52269e-06
9.11374e-06
1.31026e-06
9.16447e-06
1.06546e-06
9.21379e-06
7.92004e-07
9.26116e-06
4.9511e-07
9.30521e-06
1.82834e-07
9.34342e-06
-1.31633e-07
9.37407e-06
-4.36175e-07
9.3955e-06
-7.21212e-07
9.40628e-06
-9.78361e-07
9.40541e-06
-1.2011e-06
9.39254e-06
-1.38519e-06
9.36796e-06
-1.52878e-06
9.33242e-06
-1.63209e-06
9.28615e-06
-1.69634e-06
9.22806e-06
-1.72198e-06
9.15865e-06
-1.71044e-06
9.08102e-06
-1.6667e-06
8.99888e-06
-1.595e-06
8.91605e-06
-1.49882e-06
8.83576e-06
-1.38075e-06
8.76063e-06
-1.24226e-06
8.69278e-06
-1.08407e-06
8.63394e-06
-9.06774e-07
8.58549e-06
-7.11348e-07
8.54857e-06
-4.99597e-07
8.524e-06
-2.74491e-07
8.51228e-06
-4.06549e-08
8.51315e-06
1.94428e-07
8.52579e-06
4.23832e-07
8.54897e-06
6.41564e-07
8.58111e-06
8.41937e-07
8.62034e-06
1.02001e-06
8.66458e-06
1.17202e-06
8.71171e-06
1.29566e-06
8.75977e-06
1.39011e-06
8.80749e-06
1.45583e-06
8.85488e-06
1.49361e-06
8.90308e-06
1.50155e-06
8.95144e-06
1.47608e-06
8.99858e-06
1.41691e-06
9.04393e-06
1.32535e-06
9.08744e-06
1.20357e-06
9.12925e-06
1.054e-06
9.1695e-06
8.79348e-07
9.20826e-06
6.82643e-07
9.24534e-06
4.67641e-07
9.28007e-06
2.3956e-07
9.31072e-06
6.68838e-09
9.33579e-06
-2.21449e-07
9.35403e-06
-4.38042e-07
9.3643e-06
-6.37014e-07
9.36587e-06
-8.13353e-07
9.35841e-06
-9.63398e-07
9.34217e-06
-1.08508e-06
9.31784e-06
-1.17787e-06
9.28621e-06
-1.24236e-06
9.24711e-06
-1.27897e-06
9.19962e-06
-1.28742e-06
-1.26911e-06
7.99943e-06
7.93298e-06
7.89383e-06
7.88217e-06
7.89647e-06
7.93437e-06
7.99258e-06
8.06713e-06
8.15376e-06
8.24821e-06
8.34652e-06
8.44532e-06
8.54229e-06
8.63671e-06
8.72964e-06
8.82135e-06
8.9111e-06
8.99885e-06
9.08504e-06
9.16995e-06
9.25345e-06
9.33494e-06
9.41328e-06
9.48676e-06
9.55234e-06
9.60614e-06
9.64578e-06
9.6692e-06
9.67497e-06
9.66239e-06
9.63146e-06
9.58273e-06
9.51656e-06
9.43188e-06
9.32852e-06
9.21061e-06
9.08278e-06
8.95013e-06
8.81768e-06
8.68976e-06
8.56978e-06
8.46046e-06
8.36409e-06
8.28267e-06
8.21798e-06
8.17156e-06
8.1444e-06
8.13677e-06
8.14783e-06
8.1761e-06
8.21948e-06
8.27531e-06
8.34061e-06
8.41234e-06
8.48776e-06
8.5648e-06
8.64253e-06
8.7214e-06
8.80102e-06
8.87994e-06
8.95716e-06
9.03224e-06
9.105e-06
9.17525e-06
9.24268e-06
9.30672e-06
9.36633e-06
9.41932e-06
9.46284e-06
9.49506e-06
9.51435e-06
9.51948e-06
9.50984e-06
9.4855e-06
9.44712e-06
9.39537e-06
9.32988e-06
9.25057e-06
9.16047e-06
9.0632e-06
8.96278e-06
8.86318e-06
8.76773e-06
8.67909e-06
8.59934e-06
8.53014e-06
8.47286e-06
8.4286e-06
8.39826e-06
8.38239e-06
8.38086e-06
8.39287e-06
8.41721e-06
8.45223e-06
8.49595e-06
8.54619e-06
8.60084e-06
8.65803e-06
8.71658e-06
8.77642e-06
8.83791e-06
8.9001e-06
8.96175e-06
9.02198e-06
9.08028e-06
9.13635e-06
9.18995e-06
9.24081e-06
9.28837e-06
9.33141e-06
9.36766e-06
9.39553e-06
9.41358e-06
9.42084e-06
9.41687e-06
9.40175e-06
9.37607e-06
9.34066e-06
9.29574e-06
9.2409e-06
9.17704e-06
)
;

boundaryField
{
    inlet
    {
        type            calculated;
        value           nonuniform List<scalar> 0();
    }
    outlet
    {
        type            calculated;
        value           nonuniform List<scalar> 0();
    }
    topWall
    {
        type            calculated;
        value           uniform 0;
    }
    lowerWall
    {
        type            calculated;
        value           nonuniform List<scalar> 0();
    }
    leadingEdge
    {
        type            calculated;
        value           nonuniform List<scalar> 0();
    }
    trailingEdge
    {
        type            calculated;
        value           nonuniform List<scalar> 0();
    }
    upperSurface
    {
        type            calculated;
        value           nonuniform List<scalar> 0();
    }
    lowerSurface
    {
        type            calculated;
        value           nonuniform List<scalar> 0();
    }
    frontAndBack
    {
        type            empty;
        value           nonuniform List<scalar> 0();
    }
    procBoundary6to1
    {
        type            processor;
        value           uniform -8.48749e-06;
    }
    procBoundary6to2
    {
        type            processor;
        value           nonuniform List<scalar> 
122
(
1.45876e-06
1.01102e-06
5.29761e-07
3.39323e-08
-4.53648e-07
-9.17083e-07
-1.34205e-06
-1.71846e-06
-2.03927e-06
-2.3002e-06
-2.50097e-06
-2.64427e-06
-2.73452e-06
-2.77742e-06
-2.78163e-06
-2.74169e-06
-2.65109e-06
-2.51865e-06
-2.34452e-06
-2.12702e-06
-1.86494e-06
-1.55875e-06
-1.21117e-06
-8.27693e-07
-4.17206e-07
6.71761e-09
4.25899e-07
8.26818e-07
1.1976e-06
1.52826e-06
1.81159e-06
2.04284e-06
2.22005e-06
2.34422e-06
2.41863e-06
2.44993e-06
2.44792e-06
2.3943e-06
2.29266e-06
2.1523e-06
1.97502e-06
1.76125e-06
1.5115e-06
1.2272e-06
9.11339e-07
5.69035e-07
2.08242e-07
-1.58405e-07
-5.16442e-07
-8.55463e-07
-1.16586e-06
-1.43942e-06
-1.67021e-06
-1.85448e-06
-1.9911e-06
-2.08145e-06
-2.12972e-06
-2.1433e-06
-2.12346e-06
-2.04977e-06
-1.93757e-06
-1.79088e-06
-1.61179e-06
-1.40171e-06
-1.16224e-06
-8.95709e-07
-6.05739e-07
-2.97897e-07
1.89541e-08
3.32259e-07
6.32436e-07
9.1114e-07
1.16097e-06
1.37596e-06
1.55186e-06
1.68658e-06
1.78035e-06
1.83584e-06
1.85852e-06
1.85499e-06
1.80588e-06
1.71707e-06
1.59601e-06
1.4453e-06
1.26708e-06
1.06325e-06
8.36122e-07
5.88753e-07
3.25516e-07
5.29971e-08
-2.18524e-07
-4.80628e-07
-7.26123e-07
-9.48489e-07
-1.14232e-06
-1.30368e-06
-1.43022e-06
-1.52114e-06
-1.57781e-06
-1.60439e-06
-1.60813e-06
-1.57884e-06
-1.50864e-06
-1.40887e-06
-1.28185e-06
-1.13007e-06
-9.55801e-07
-7.61297e-07
-5.4934e-07
-3.23541e-07
-8.92064e-08
1.45197e-07
3.72475e-07
5.86647e-07
7.82097e-07
9.54016e-07
1.0987e-06
1.21377e-06
1.29839e-06
1.35345e-06
1.38193e-06
1.38884e-06
)
;
    }
    procBoundary6to5
    {
        type            processor;
        value           nonuniform List<scalar> 
24
(
-8.02958e-06
-7.97512e-06
-7.92472e-06
-7.87511e-06
-7.82378e-06
-7.76961e-06
-7.71349e-06
-7.65988e-06
-7.61746e-06
-7.59783e-06
-7.60974e-06
-7.63991e-06
-7.58739e-06
-7.34057e-06
-6.52417e-06
-4.91798e-06
-3.13236e-06
-1.52972e-06
-3.80074e-07
1.08375e-07
-8.3604e-06
-8.25384e-06
-8.16533e-06
-8.09176e-06
)
;
    }
    procBoundary6to7
    {
        type            processor;
        value           nonuniform List<scalar> 
25
(
9.04906e-06
8.97248e-06
8.87717e-06
8.76494e-06
8.63888e-06
8.50311e-06
8.36216e-06
8.22158e-06
8.08764e-06
7.96605e-06
7.85852e-06
7.75493e-06
7.60935e-06
7.28397e-06
6.64122e-06
5.68034e-06
4.50719e-06
3.24001e-06
1.95685e-06
6.63455e-07
9.15008e-06
9.16668e-06
9.16489e-06
9.14514e-06
9.10685e-06
)
;
    }
}


// ************************************************************************* //
