/*--------------------------------*- C++ -*----------------------------------*\
| =========                 |                                                 |
| \\      /  F ield         | OpenFOAM: The Open Source CFD Toolbox           |
|  \\    /   O peration     | Version:  2206                                  |
|   \\  /    A nd           | Website:  www.openfoam.com                      |
|    \\/     M anipulation  |                                                 |
\*---------------------------------------------------------------------------*/
FoamFile
{
    version     2.0;
    format      ascii;
    arch        "LSB;label=32;scalar=64";
    class       surfaceScalarField;
    location    "18.2001";
    object      phi_0;
}
// * * * * * * * * * * * * * * * * * * * * * * * * * * * * * * * * * * * * * //

dimensions      [0 3 -1 0 0 0 0];

oriented        oriented;

internalField   nonuniform List<scalar> 
3552
(
1.02937e-06
-1.29013e-07
1.15493e-06
-1.25555e-07
1.27579e-06
-1.20864e-07
1.39147e-06
-1.1568e-07
1.50227e-06
-1.108e-07
1.60896e-06
-1.06686e-07
1.71273e-06
-1.03774e-07
1.81547e-06
-1.02736e-07
1.91938e-06
-1.03909e-07
2.02688e-06
-1.075e-07
2.1406e-06
-1.13727e-07
2.26342e-06
-1.22814e-07
2.3985e-06
-1.35085e-07
2.54959e-06
-1.51091e-07
2.7215e-06
-1.71909e-07
2.92095e-06
-1.99451e-07
3.15884e-06
-2.37887e-07
3.458e-06
-2.99156e-07
-3.90116e-07
3.84811e-06
4.0781e-06
-2.37224e-07
4.18325e-06
-2.3071e-07
4.2854e-06
-2.23018e-07
4.38492e-06
-2.1519e-07
4.48229e-06
-2.08176e-07
4.57834e-06
-2.02735e-07
4.67434e-06
-1.99772e-07
4.77131e-06
-1.99707e-07
4.87056e-06
-2.0316e-07
4.97359e-06
-2.10533e-07
5.08206e-06
-2.22194e-07
5.19782e-06
-2.38578e-07
5.32303e-06
-2.60287e-07
5.46018e-06
-2.88244e-07
5.61226e-06
-3.23993e-07
5.78288e-06
-3.70067e-07
5.97578e-06
-4.30792e-07
6.18956e-06
-5.12935e-07
-6.22609e-07
6.42205e-06
6.8379e-06
-2.71698e-07
6.87301e-06
-2.65819e-07
6.90916e-06
-2.5917e-07
6.94666e-06
-2.52688e-07
6.98583e-06
-2.47348e-07
7.02681e-06
-2.4371e-07
7.07025e-06
-2.43221e-07
7.11627e-06
-2.45721e-07
7.16542e-06
-2.5231e-07
7.21824e-06
-2.63359e-07
7.27537e-06
-2.79324e-07
7.33754e-06
-3.00741e-07
7.40555e-06
-3.28302e-07
7.48026e-06
-3.6295e-07
7.56226e-06
-4.05995e-07
7.65152e-06
-4.59324e-07
7.74618e-06
-5.25457e-07
7.84063e-06
-6.07384e-07
-7.07292e-07
7.92531e-06
8.0873e-06
-2.69617e-07
8.08738e-06
-2.65893e-07
8.08993e-06
-2.61718e-07
8.09514e-06
-2.57903e-07
8.10304e-06
-2.55246e-07
8.11358e-06
-2.54247e-07
8.12673e-06
-2.56375e-07
8.14243e-06
-2.61424e-07
8.16058e-06
-2.70458e-07
8.18108e-06
-2.83861e-07
8.20386e-06
-3.02103e-07
8.22886e-06
-3.25743e-07
8.25597e-06
-3.55406e-07
8.28477e-06
-3.91756e-07
8.31442e-06
-4.35643e-07
8.3432e-06
-4.88102e-07
8.36786e-06
-5.50117e-07
8.38326e-06
-6.22782e-07
-7.07592e-07
8.38356e-06
8.46557e-06
-2.55334e-07
8.45344e-06
-2.53757e-07
8.44369e-06
-2.51975e-07
8.43642e-06
-2.50625e-07
8.43174e-06
-2.50566e-07
8.42959e-06
-2.52105e-07
8.42949e-06
-2.56271e-07
8.43143e-06
-2.63367e-07
8.43502e-06
-2.7404e-07
8.43988e-06
-2.88722e-07
8.44566e-06
-3.07888e-07
8.45211e-06
-3.32194e-07
8.45885e-06
-3.62143e-07
8.46533e-06
-3.98235e-07
8.47072e-06
-4.41028e-07
8.47373e-06
-4.91113e-07
8.47277e-06
-5.49164e-07
8.46555e-06
-6.15558e-07
-6.88955e-07
8.44691e-06
8.55264e-06
-2.37538e-07
8.53654e-06
-2.3766e-07
8.52242e-06
-2.37857e-07
8.51038e-06
-2.3858e-07
8.50041e-06
-2.40601e-07
8.49235e-06
-2.44041e-07
8.48578e-06
-2.49704e-07
8.48059e-06
-2.58175e-07
8.47636e-06
-2.6981e-07
8.47286e-06
-2.85227e-07
8.47008e-06
-3.05104e-07
8.4676e-06
-3.2972e-07
8.46491e-06
-3.5945e-07
8.46138e-06
-3.94705e-07
8.45613e-06
-4.3578e-07
8.44781e-06
-4.82787e-07
8.43422e-06
-5.35572e-07
8.41228e-06
-5.93626e-07
-6.55421e-07
8.37875e-06
8.52327e-06
-2.18032e-07
8.50501e-06
-2.19398e-07
8.48812e-06
-2.20963e-07
8.47263e-06
-2.23088e-07
8.45824e-06
-2.26211e-07
8.44493e-06
-2.30736e-07
8.43244e-06
-2.37216e-07
8.42055e-06
-2.46283e-07
8.40882e-06
-2.58081e-07
8.39663e-06
-2.7303e-07
8.3837e-06
-2.92176e-07
8.36963e-06
-3.15655e-07
8.35391e-06
-3.43723e-07
8.33579e-06
-3.76583e-07
8.31422e-06
-4.14213e-07
8.28773e-06
-4.56295e-07
8.25434e-06
-5.02185e-07
8.21153e-06
-5.50814e-07
-6.0049e-07
8.1566e-06
8.41248e-06
-1.8703e-07
8.38315e-06
-1.88697e-07
8.35412e-06
-1.90376e-07
8.32546e-06
-1.923e-07
8.29705e-06
-1.94676e-07
8.26863e-06
-1.97787e-07
8.23993e-06
-2.02037e-07
8.21058e-06
-2.07866e-07
8.18011e-06
-2.15814e-07
8.14798e-06
-2.25953e-07
8.11357e-06
-2.38622e-07
8.07619e-06
-2.54793e-07
8.03506e-06
-2.7453e-07
7.9894e-06
-2.98056e-07
7.93816e-06
-3.25349e-07
7.87997e-06
-3.56025e-07
7.81305e-06
-3.8937e-07
7.73536e-06
-4.245e-07
7.6444e-06
-4.59853e-07
-4.93172e-07
7.53708e-06
7.72195e-06
-1.24791e-07
7.65872e-06
-1.25469e-07
7.59465e-06
-1.26308e-07
7.52974e-06
-1.27391e-07
7.46368e-06
-1.28612e-07
7.39603e-06
-1.30142e-07
7.32631e-06
-1.32309e-07
7.25385e-06
-1.35409e-07
7.17775e-06
-1.39719e-07
7.0972e-06
-1.454e-07
7.0113e-06
-1.52724e-07
6.9186e-06
-1.62093e-07
6.81771e-06
-1.73636e-07
6.7069e-06
-1.87251e-07
6.58449e-06
-2.0294e-07
6.449e-06
-2.20534e-07
6.29862e-06
-2.38986e-07
6.12879e-06
-2.54665e-07
5.93273e-06
-2.63801e-07
-2.6659e-07
5.70615e-06
4.78454e-06
4.65907e-06
4.53276e-06
4.40537e-06
4.27676e-06
4.14662e-06
4.01431e-06
3.8789e-06
3.73918e-06
3.59378e-06
3.44106e-06
3.27896e-06
3.10533e-06
2.91808e-06
2.71514e-06
2.4946e-06
2.25562e-06
2.00095e-06
1.73715e-06
1.47056e-06
4.19459e-06
-5.78466e-07
2.31989e-07
4.56584e-06
-8.08611e-07
4.37361e-07
4.84945e-06
-1.05875e-06
7.75139e-07
5.00662e-06
-1.31235e-06
1.15519e-06
5.06136e-06
-1.50066e-06
1.44591e-06
5.02548e-06
-1.59991e-06
1.63579e-06
4.90991e-06
-1.61637e-06
1.73194e-06
4.72875e-06
-1.53816e-06
1.71933e-06
4.50532e-06
-1.36734e-06
1.59077e-06
4.26747e-06
-1.12294e-06
1.36079e-06
4.05328e-06
-8.32326e-07
1.04651e-06
3.90705e-06
-5.29691e-07
6.75928e-07
3.88066e-06
-2.51426e-07
2.77817e-07
4.02595e-06
-1.04015e-08
-1.34897e-07
4.34665e-06
1.87753e-07
-5.0845e-07
4.8319e-06
3.09873e-07
-7.95126e-07
5.4597e-06
3.29494e-07
-9.5729e-07
6.20191e-06
2.29555e-07
-9.71761e-07
7.01127e-06
9.16161e-09
-8.18529e-07
7.81725e-06
-3.34056e-07
-4.7192e-07
8.52614e-06
-7.43322e-07
3.44331e-08
9.07122e-06
-1.13029e-06
5.85207e-07
9.43338e-06
-1.43308e-06
1.07093e-06
9.62105e-06
-1.61581e-06
1.42814e-06
9.66051e-06
-1.70139e-06
1.66193e-06
9.58547e-06
-1.74663e-06
1.82167e-06
9.41155e-06
-1.74334e-06
1.91727e-06
9.14809e-06
-1.68506e-06
1.94851e-06
8.81688e-06
-1.58936e-06
1.92058e-06
8.44276e-06
-1.46941e-06
1.84353e-06
8.04587e-06
-1.33073e-06
1.72762e-06
7.64455e-06
-1.1815e-06
1.58283e-06
7.25704e-06
-1.03221e-06
1.41973e-06
6.90046e-06
-8.89628e-07
1.2462e-06
6.58983e-06
-7.57047e-07
1.06768e-06
6.33027e-06
-6.38219e-07
8.97778e-07
6.10667e-06
-5.42646e-07
7.66241e-07
5.88441e-06
-4.87529e-07
7.09792e-07
5.62511e-06
-4.86334e-07
7.45632e-07
5.30787e-06
-5.32043e-07
8.4929e-07
4.94754e-06
-6.02224e-07
9.62553e-07
4.59085e-06
-6.67815e-07
1.0245e-06
4.28906e-06
-6.9116e-07
9.92948e-07
4.08066e-06
-6.43542e-07
8.51951e-07
3.97962e-06
-5.09939e-07
6.10977e-07
3.97403e-06
-2.93648e-07
2.99237e-07
4.05289e-06
-2.64786e-08
-5.2379e-08
4.19422e-06
2.60521e-07
-4.01855e-07
4.37196e-06
5.334e-07
-7.11144e-07
4.57362e-06
7.65743e-07
-9.67397e-07
4.7896e-06
9.50394e-07
-1.16638e-06
5.01445e-06
1.08409e-06
-1.30894e-06
5.24773e-06
1.16459e-06
-1.39787e-06
5.49047e-06
1.19377e-06
-1.43651e-06
5.7449e-06
1.17464e-06
-1.42907e-06
6.01553e-06
1.10816e-06
-1.37879e-06
6.30837e-06
9.92615e-07
-1.28545e-06
6.62949e-06
8.24679e-07
-1.1458e-06
6.98224e-06
5.99446e-07
-9.52195e-07
7.35083e-06
3.27949e-07
-6.96539e-07
7.69962e-06
3.9027e-08
-3.8782e-07
7.98579e-06
-2.28811e-07
-5.7358e-08
8.19048e-06
-4.58626e-07
2.53935e-07
8.31217e-06
-6.42313e-07
5.20617e-07
8.35397e-06
-7.71881e-07
7.30086e-07
8.32238e-06
-8.49492e-07
8.8108e-07
8.20033e-06
-8.62728e-07
9.84782e-07
7.982e-06
-8.03879e-07
1.02221e-06
7.69041e-06
-6.93709e-07
9.85299e-07
7.35366e-06
-5.56229e-07
8.92974e-07
7.00215e-06
-4.18834e-07
7.70353e-07
6.65999e-06
-3.05337e-07
6.47488e-07
6.34106e-06
-2.30916e-07
5.49847e-07
6.0524e-06
-2.02684e-07
4.91348e-07
5.79723e-06
-2.2041e-07
4.7558e-07
5.57533e-06
-2.73848e-07
4.95746e-07
5.3839e-06
-3.44562e-07
5.35995e-07
5.21902e-06
-4.11121e-07
5.76005e-07
5.07708e-06
-4.5473e-07
5.96666e-07
4.95686e-06
-4.62822e-07
5.83045e-07
4.86077e-06
-4.29635e-07
5.25717e-07
4.79211e-06
-3.55559e-07
4.24226e-07
4.75358e-06
-2.45693e-07
2.8422e-07
4.74688e-06
-1.08652e-07
1.15352e-07
4.77208e-06
4.4911e-08
-7.01093e-08
4.82778e-06
2.03479e-07
-2.59184e-07
4.9107e-06
3.55625e-07
-4.38545e-07
5.01707e-06
4.92242e-07
-5.98611e-07
5.14286e-06
6.06279e-07
-7.32066e-07
5.28395e-06
6.92681e-07
-8.33768e-07
5.4362e-06
7.48456e-07
-9.00707e-07
5.59563e-06
7.72358e-07
-9.31788e-07
5.75876e-06
7.64419e-07
-9.27552e-07
5.92323e-06
7.25256e-07
-8.89724e-07
6.08801e-06
6.55824e-07
-8.20606e-07
6.25306e-06
5.57705e-07
-7.22752e-07
6.41833e-06
4.33134e-07
-5.9841e-07
6.57908e-06
2.89287e-07
-4.5004e-07
6.72552e-06
1.36817e-07
-2.83256e-07
6.84746e-06
-1.28417e-08
-1.09095e-07
6.93504e-06
-1.47829e-07
6.02476e-08
6.98212e-06
-2.62076e-07
2.14995e-07
6.98234e-06
-3.48292e-07
3.48071e-07
6.92775e-06
-4.01108e-07
4.55706e-07
6.81621e-06
-4.18202e-07
5.29734e-07
6.65565e-06
-4.05272e-07
5.65835e-07
6.4636e-06
-3.74491e-07
5.66541e-07
6.26118e-06
-3.40874e-07
5.43296e-07
6.06541e-06
-3.15783e-07
5.1155e-07
-3.04105e-07
4.8332e-07
6.62035e-06
-7.76762e-07
6.77279e-06
-9.61056e-07
6.85596e-06
-1.14192e-06
6.84907e-06
-1.30547e-06
6.77372e-06
-1.4253e-06
6.651e-06
-1.47719e-06
6.4949e-06
-1.46027e-06
6.33206e-06
-1.37532e-06
6.1887e-06
-1.22398e-06
6.08463e-06
-1.01887e-06
6.03883e-06
-7.86525e-07
6.06437e-06
-5.5523e-07
6.16329e-06
-3.50341e-07
6.34207e-06
-1.89185e-07
6.61735e-06
-8.75248e-08
6.99826e-06
-7.10426e-08
7.46859e-06
-1.40837e-07
7.98609e-06
-2.87939e-07
8.51926e-06
-5.2401e-07
9.02497e-06
-8.39769e-07
9.4398e-06
-1.15815e-06
9.72053e-06
-1.41102e-06
9.8669e-06
-1.57945e-06
9.90977e-06
-1.65868e-06
9.87041e-06
-1.66204e-06
9.72844e-06
-1.60466e-06
9.47888e-06
-1.49379e-06
9.14378e-06
-1.34995e-06
8.74771e-06
-1.1933e-06
8.3131e-06
-1.0348e-06
7.86445e-06
-8.8208e-07
7.42553e-06
-7.42584e-07
7.01502e-06
-6.21706e-07
6.64886e-06
-5.23471e-07
6.3416e-06
-4.49786e-07
6.10206e-06
-3.98678e-07
5.92636e-06
-3.66948e-07
5.79399e-06
-3.55155e-07
5.67327e-06
-3.65614e-07
5.53158e-06
-3.90347e-07
5.34208e-06
-4.12725e-07
5.09301e-06
-4.18745e-07
4.79793e-06
-3.9608e-07
4.49739e-06
-3.43004e-07
4.24825e-06
-2.60804e-07
4.09172e-06
-1.37115e-07
4.03647e-06
2.87682e-08
4.07523e-06
2.2176e-07
4.19103e-06
4.17601e-07
4.36114e-06
5.95641e-07
4.5659e-06
7.45627e-07
4.79589e-06
8.54098e-07
5.04928e-06
9.11205e-07
5.32408e-06
9.18971e-07
5.6217e-06
8.77016e-07
5.94964e-06
7.80222e-07
6.31788e-06
6.24378e-07
6.72834e-06
4.14221e-07
7.15184e-06
1.75943e-07
7.53931e-06
-5.95223e-08
7.85816e-06
-2.79822e-07
8.08452e-06
-4.55174e-07
8.2089e-06
-5.83001e-07
8.24373e-06
-6.77144e-07
8.19322e-06
-7.2137e-07
8.04094e-06
-6.97212e-07
7.78657e-06
-6.08358e-07
7.4604e-06
-4.77713e-07
7.10001e-06
-3.33315e-07
6.74047e-06
-1.96692e-07
6.40556e-06
-8.39172e-08
6.10721e-06
-6.98602e-09
5.84951e-06
2.67815e-08
5.62781e-06
1.90137e-08
5.43642e-06
-2.90202e-08
5.26698e-06
-1.04403e-07
5.11112e-06
-1.88709e-07
4.96393e-06
-2.6393e-07
4.82514e-06
-3.15937e-07
4.69855e-06
-3.36239e-07
4.5911e-06
-3.22183e-07
4.51012e-06
-2.74572e-07
4.4608e-06
-1.96377e-07
4.4454e-06
-9.3252e-08
4.46375e-06
2.65612e-08
4.51474e-06
1.52489e-07
4.59547e-06
2.74893e-07
4.70218e-06
3.85539e-07
4.83079e-06
4.77661e-07
4.97732e-06
5.46158e-07
5.13828e-06
5.87496e-07
5.31087e-06
5.99761e-07
5.49265e-06
5.82639e-07
5.68164e-06
5.36267e-07
5.87523e-06
4.62235e-07
6.06841e-06
3.64524e-07
6.2517e-06
2.49848e-07
6.41159e-06
1.29398e-07
6.53563e-06
1.27771e-08
6.61704e-06
-9.42552e-08
6.6484e-06
-1.79184e-07
6.62348e-06
-2.37162e-07
6.54112e-06
-2.65925e-07
6.40748e-06
-2.67471e-07
6.23876e-06
-2.49482e-07
6.05535e-06
-2.21863e-07
5.87532e-06
-1.94458e-07
5.70895e-06
-1.74511e-07
5.56002e-06
-1.66853e-07
-1.72863e-07
7.97576e-06
-8.2721e-07
7.97691e-06
-9.62208e-07
7.92563e-06
-1.09064e-06
7.82327e-06
-1.20311e-06
7.68004e-06
-1.28207e-06
7.51333e-06
-1.31048e-06
7.33759e-06
-1.28453e-06
7.17084e-06
-1.20857e-06
7.03327e-06
-1.08641e-06
6.94128e-06
-9.26883e-07
6.91086e-06
-7.56111e-07
6.95366e-06
-5.98025e-07
7.06446e-06
-4.61146e-07
7.23636e-06
-3.61082e-07
7.47319e-06
-3.24356e-07
7.7673e-06
-3.65155e-07
8.10429e-06
-4.77821e-07
8.46806e-06
-6.51707e-07
8.84122e-06
-8.97179e-07
9.20487e-06
-1.20342e-06
9.5189e-06
-1.47217e-06
9.74318e-06
-1.6353e-06
9.86376e-06
-1.70004e-06
9.88606e-06
-1.68098e-06
9.80955e-06
-1.58553e-06
9.61083e-06
-1.40593e-06
9.29113e-06
-1.17409e-06
8.88133e-06
-9.40158e-07
8.4133e-06
-7.25265e-07
7.91894e-06
-5.40437e-07
7.43004e-06
-3.9318e-07
6.97118e-06
-2.83721e-07
6.55995e-06
-2.10481e-07
6.20936e-06
-1.72876e-07
5.92763e-06
-1.6806e-07
5.71802e-06
-1.89067e-07
5.57638e-06
-2.2531e-07
5.49041e-06
-2.69178e-07
5.43981e-06
-3.15014e-07
5.39975e-06
-3.50293e-07
5.35141e-06
-3.64379e-07
5.2798e-06
-3.47141e-07
5.17251e-06
-2.88792e-07
5.01497e-06
-1.85464e-07
4.80774e-06
-5.35667e-08
4.58315e-06
8.74772e-08
4.40392e-06
2.07989e-07
4.30977e-06
3.1591e-07
4.30758e-06
4.19797e-07
4.38434e-06
5.1888e-07
4.53208e-06
5.97888e-07
4.74374e-06
6.4244e-07
5.00441e-06
6.50536e-07
5.30654e-06
6.16838e-07
5.65213e-06
5.31423e-07
6.04813e-06
3.84221e-07
6.48508e-06
1.87427e-07
6.92611e-06
-2.68074e-08
7.30846e-06
-2.06402e-07
7.58549e-06
-3.36559e-07
7.74903e-06
-4.43362e-07
7.80942e-06
-5.15561e-07
7.76482e-06
-5.38398e-07
7.60301e-06
-5.15332e-07
7.34211e-06
-4.6047e-07
7.01684e-06
-3.71947e-07
6.66709e-06
-2.58606e-07
6.32621e-06
-1.36835e-07
6.017e-06
-2.41021e-08
5.75552e-06
6.47867e-08
5.54634e-06
1.25264e-07
5.38544e-06
1.53906e-07
5.26497e-06
1.47256e-07
5.17356e-06
1.10425e-07
5.09546e-06
4.90757e-08
5.01243e-06
-2.13708e-08
4.9131e-06
-8.93799e-08
4.79439e-06
-1.45222e-07
4.66248e-06
-1.84021e-07
4.52956e-06
-2.03323e-07
4.40846e-06
-2.01077e-07
4.31007e-06
-1.76187e-07
4.24325e-06
-1.29555e-07
4.21337e-06
-6.33701e-08
4.22133e-06
1.85996e-08
4.26563e-06
1.08187e-07
4.34307e-06
1.97459e-07
4.44987e-06
2.78738e-07
4.58245e-06
3.45076e-07
4.73752e-06
3.91088e-07
4.91231e-06
4.12709e-07
5.10364e-06
4.08432e-07
5.30674e-06
3.79539e-07
5.51291e-06
3.30099e-07
5.7091e-06
2.66043e-07
5.88261e-06
1.91009e-07
6.01955e-06
1.12917e-07
6.11153e-06
3.74137e-08
6.15296e-06
-2.86482e-08
6.13899e-06
-8.02866e-08
6.07271e-06
-1.12911e-07
5.96392e-06
-1.28369e-07
5.82783e-06
-1.29836e-07
5.68174e-06
-1.21381e-07
5.54032e-06
-1.08056e-07
5.41231e-06
-9.38556e-08
5.30054e-06
-8.26924e-08
5.204e-06
-7.7967e-08
5.11953e-06
-8.23849e-08
-9.62545e-08
8.36059e-06
-8.04241e-07
8.30686e-06
-9.08475e-07
8.22371e-06
-1.00749e-06
8.10719e-06
-1.08659e-06
7.96115e-06
-1.13603e-06
7.79977e-06
-1.14909e-06
7.6373e-06
-1.12207e-06
7.48659e-06
-1.05786e-06
7.36071e-06
-9.60535e-07
7.27316e-06
-8.3933e-07
7.23139e-06
-7.14337e-07
7.23996e-06
-6.06598e-07
7.30587e-06
-5.27059e-07
7.42834e-06
-4.83546e-07
7.59925e-06
-4.95266e-07
7.81007e-06
-5.75978e-07
8.05361e-06
-7.21362e-07
8.32634e-06
-9.24439e-07
8.63325e-06
-1.20409e-06
8.9395e-06
-1.50966e-06
9.18531e-06
-1.71798e-06
9.34638e-06
-1.79637e-06
9.44351e-06
-1.79717e-06
9.44161e-06
-1.67908e-06
9.29694e-06
-1.44086e-06
9.01673e-06
-1.12572e-06
8.62889e-06
-7.86251e-07
8.16082e-06
-4.72083e-07
7.64947e-06
-2.13919e-07
7.13247e-06
-2.3439e-08
6.64086e-06
9.84322e-08
6.1994e-06
1.57739e-07
5.82611e-06
1.62804e-07
5.52862e-06
1.24618e-07
5.30586e-06
5.4703e-08
5.15706e-06
-4.02721e-08
5.0761e-06
-1.44349e-07
5.05194e-06
-2.45015e-07
5.06493e-06
-3.2801e-07
5.09211e-06
-3.7747e-07
5.1184e-06
-3.90669e-07
5.13776e-06
-3.66499e-07
5.13933e-06
-2.9036e-07
5.12263e-06
-1.68767e-07
5.08125e-06
-1.21868e-08
5.01293e-06
1.558e-07
4.92975e-06
2.91163e-07
4.85502e-06
3.90639e-07
4.81517e-06
4.5965e-07
4.83507e-06
4.98976e-07
4.92319e-06
5.09771e-07
5.08233e-06
4.83304e-07
5.31235e-06
4.2051e-07
5.609e-06
3.20194e-07
5.95536e-06
1.85061e-07
6.30507e-06
3.45136e-08
6.59917e-06
-1.0668e-07
6.79911e-06
-2.26747e-07
6.90585e-06
-3.13138e-07
6.92166e-06
-3.52366e-07
6.83828e-06
-3.59985e-07
6.66484e-06
-3.42122e-07
6.42679e-06
-3.00344e-07
6.14957e-06
-2.38116e-07
5.85195e-06
-1.62854e-07
5.56139e-06
-8.13845e-08
5.30424e-06
-1.45917e-09
5.09648e-06
7.09329e-08
4.9435e-06
1.28878e-07
4.84453e-06
1.63755e-07
4.79074e-06
1.79057e-07
4.77363e-06
1.71012e-07
4.78672e-06
1.3416e-07
4.81453e-06
8.26221e-08
4.8307e-06
3.29078e-08
4.81756e-06
-8.23952e-09
4.76818e-06
-3.99999e-08
4.6848e-06
-6.18372e-08
4.575e-06
-7.42253e-08
4.45269e-06
-8.10075e-08
4.33405e-06
-8.24415e-08
4.2331e-06
-7.52308e-08
4.15977e-06
-5.62292e-08
4.12119e-06
-2.47882e-08
4.12122e-06
1.85714e-08
4.16009e-06
6.93151e-08
4.23477e-06
1.22779e-07
4.34121e-06
1.72299e-07
4.47522e-06
2.11066e-07
4.63045e-06
2.3586e-07
4.7991e-06
2.44055e-07
4.97096e-06
2.36567e-07
5.13431e-06
2.1619e-07
5.27725e-06
1.8716e-07
5.38871e-06
1.54584e-07
5.4619e-06
1.1782e-07
5.49394e-06
8.0879e-08
5.48504e-06
4.63156e-08
5.44023e-06
1.61629e-08
5.36598e-06
-6.04061e-09
5.27606e-06
-2.29897e-08
5.18214e-06
-3.44503e-08
5.09297e-06
-4.0664e-08
5.01403e-06
-4.24407e-08
4.94743e-06
-4.14591e-08
4.89283e-06
-3.92498e-08
4.84779e-06
-3.76522e-08
4.8086e-06
-3.87866e-08
4.77109e-06
-4.48726e-08
-5.58991e-08
8.40976e-06
-7.67089e-07
8.34757e-06
-8.46289e-07
8.25846e-06
-9.18383e-07
8.14615e-06
-9.74269e-07
8.01666e-06
-1.00655e-06
7.87681e-06
-1.00924e-06
7.73498e-06
-9.80231e-07
7.599e-06
-9.21875e-07
7.47827e-06
-8.39805e-07
7.38493e-06
-7.45995e-07
7.32742e-06
-6.56822e-07
7.30714e-06
-5.86315e-07
7.32681e-06
-5.46732e-07
7.38481e-06
-5.41548e-07
7.47639e-06
-5.86849e-07
7.59831e-06
-6.97892e-07
7.74805e-06
-8.71098e-07
7.92444e-06
-1.10084e-06
8.11335e-06
-1.393e-06
8.27926e-06
-1.67557e-06
8.39165e-06
-1.83038e-06
8.44434e-06
-1.84906e-06
8.42975e-06
-1.78258e-06
8.30647e-06
-1.5558e-06
8.0606e-06
-1.19499e-06
7.70383e-06
-7.68949e-07
7.26141e-06
-3.43836e-07
6.7654e-06
2.39279e-08
6.26117e-06
2.90308e-07
5.78945e-06
4.48285e-07
5.37666e-06
5.1122e-07
5.03089e-06
5.03511e-07
4.75944e-06
4.34257e-07
4.56357e-06
3.2049e-07
4.44059e-06
1.77679e-07
4.38479e-06
1.5529e-08
4.38431e-06
-1.43874e-07
4.4179e-06
-2.78604e-07
4.46466e-06
-3.74768e-07
4.51418e-06
-4.26987e-07
4.561e-06
-4.37486e-07
4.60855e-06
-4.14056e-07
4.65402e-06
-3.35824e-07
4.69764e-06
-2.12394e-07
4.74247e-06
-5.70099e-08
4.76609e-06
1.32173e-07
4.77494e-06
2.82322e-07
4.78333e-06
3.8224e-07
4.81104e-06
4.31946e-07
4.8707e-06
4.3931e-07
4.96537e-06
4.15101e-07
5.09199e-06
3.56691e-07
5.23718e-06
2.75314e-07
5.37744e-06
1.79942e-07
5.48185e-06
8.06426e-08
5.5301e-06
-1.37307e-08
5.53168e-06
-1.08258e-07
5.49379e-06
-1.8886e-07
5.42232e-06
-2.41666e-07
5.32939e-06
-2.59436e-07
5.21153e-06
-2.42127e-07
5.06155e-06
-1.92149e-07
4.88052e-06
-1.19305e-07
4.68395e-06
-4.15509e-08
4.4932e-06
2.78975e-08
4.32851e-06
8.33086e-08
4.20358e-06
1.23471e-07
4.1244e-06
1.5011e-07
4.08976e-06
1.63515e-07
4.10078e-06
1.52739e-07
4.15632e-06
1.23518e-07
4.2457e-06
8.16282e-08
4.34387e-06
3.59934e-08
4.42418e-06
2.30802e-09
4.4757e-06
-1.86134e-08
4.49645e-06
-2.89839e-08
4.48455e-06
-2.81054e-08
4.44228e-06
-1.95658e-08
4.37752e-06
-9.46391e-09
4.30096e-06
-4.4434e-09
4.22181e-06
-3.29408e-09
4.14839e-06
-1.81674e-09
4.08905e-06
3.11119e-09
4.05006e-06
1.42084e-08
4.03654e-06
3.20925e-08
4.05078e-06
5.50732e-08
4.09322e-06
8.03356e-08
4.16077e-06
1.04754e-07
4.24672e-06
1.25111e-07
4.34086e-06
1.41717e-07
4.43174e-06
1.53173e-07
4.51072e-06
1.57588e-07
4.57236e-06
1.54549e-07
4.61431e-06
1.45213e-07
4.63756e-06
1.31333e-07
4.64236e-06
1.13024e-07
4.63156e-06
9.16763e-08
4.60892e-06
6.89594e-08
4.57873e-06
4.63494e-08
4.54709e-06
2.5603e-08
4.51628e-06
7.81862e-09
4.48869e-06
-6.86342e-09
4.46443e-06
-1.64058e-08
4.44393e-06
-2.19408e-08
4.42675e-06
-2.42806e-08
4.41182e-06
-2.43164e-08
4.39765e-06
-2.34846e-08
4.38217e-06
-2.32981e-08
4.36224e-06
-2.49465e-08
-2.88337e-08
8.32988e-06
-7.18224e-07
8.26197e-06
-7.78378e-07
8.17494e-06
-8.31346e-07
8.07099e-06
-8.70327e-07
7.95289e-06
-8.88445e-07
7.82553e-06
-8.81881e-07
7.69434e-06
-8.49048e-07
7.56354e-06
-7.9107e-07
7.43832e-06
-7.14581e-07
7.32775e-06
-6.3543e-07
7.2421e-06
-5.71173e-07
7.18307e-06
-5.27283e-07
7.14518e-06
-5.08837e-07
7.12209e-06
-5.18462e-07
7.104e-06
-5.68761e-07
7.09471e-06
-6.88602e-07
7.08872e-06
-8.65103e-07
7.05261e-06
-1.06474e-06
6.95365e-06
-1.29404e-06
6.78931e-06
-1.51123e-06
6.60093e-06
-1.64199e-06
6.41309e-06
-1.66122e-06
6.19208e-06
-1.56157e-06
5.92378e-06
-1.2875e-06
5.60351e-06
-8.74716e-07
5.23254e-06
-3.9798e-07
4.85152e-06
3.71835e-08
4.50005e-06
3.75396e-07
4.19749e-06
5.92867e-07
3.94877e-06
6.97002e-07
3.74946e-06
7.10537e-07
3.60187e-06
6.51097e-07
3.50787e-06
5.28254e-07
3.46449e-06
3.63876e-07
3.45561e-06
1.86555e-07
3.45921e-06
1.19357e-08
3.45114e-06
-1.35806e-07
3.42252e-06
-2.49987e-07
3.37962e-06
-3.31865e-07
3.33447e-06
-3.81837e-07
3.29884e-06
-4.01854e-07
3.28067e-06
-3.95888e-07
3.29193e-06
-3.47087e-07
3.34013e-06
-2.60591e-07
3.42074e-06
-1.37625e-07
3.53678e-06
1.61326e-08
3.65297e-06
1.66136e-07
3.74813e-06
2.87079e-07
3.81493e-06
3.6514e-07
3.85277e-06
4.01477e-07
3.86156e-06
4.06304e-07
3.83074e-06
3.87513e-07
3.76628e-06
3.39775e-07
3.69265e-06
2.53575e-07
3.64537e-06
1.2792e-07
3.64718e-06
-1.55436e-08
3.68558e-06
-1.46658e-07
3.72827e-06
-2.31543e-07
3.75194e-06
-2.65337e-07
3.74719e-06
-2.54684e-07
3.69713e-06
-1.92066e-07
3.60412e-06
-9.91424e-08
3.49068e-06
-5.86505e-09
3.37995e-06
6.91748e-08
3.28872e-06
1.1913e-07
3.22753e-06
1.44495e-07
3.20101e-06
1.49997e-07
3.21315e-06
1.37973e-07
3.26356e-06
1.13103e-07
3.34194e-06
7.4361e-08
3.43218e-06
3.32771e-08
3.51504e-06
-1.23795e-09
3.57728e-06
-2.62469e-08
3.61657e-06
-3.6982e-08
3.63539e-06
-3.74323e-08
3.63567e-06
-2.92572e-08
3.61915e-06
-1.15924e-08
3.59032e-06
9.27068e-09
3.55521e-06
2.56408e-08
3.51717e-06
3.36016e-08
3.47844e-06
3.54302e-08
3.44197e-06
3.46585e-08
3.4107e-06
3.43761e-08
3.38802e-06
3.68897e-08
3.37684e-06
4.32755e-08
3.37896e-06
5.29464e-08
3.39488e-06
6.44224e-08
3.42278e-06
7.68487e-08
3.45879e-06
8.91026e-08
3.4998e-06
1.00707e-07
3.54227e-06
1.10705e-07
3.58243e-06
1.17428e-07
3.61723e-06
1.19745e-07
3.64497e-06
1.17474e-07
3.66548e-06
1.10823e-07
3.6787e-06
9.98041e-08
3.68531e-06
8.5069e-08
3.68663e-06
6.76417e-08
3.68404e-06
4.89345e-08
3.67887e-06
3.07798e-08
3.67181e-06
1.48776e-08
3.66263e-06
2.31839e-09
3.65242e-06
-6.19691e-09
3.64179e-06
-1.13117e-08
3.6309e-06
-1.33915e-08
3.61963e-06
-1.3047e-08
3.60756e-06
-1.1413e-08
3.59406e-06
-9.80533e-09
3.57846e-06
-9.34005e-09
-1.0612e-08
8.0871e-06
-6.4873e-07
8.00114e-06
-6.92412e-07
7.8977e-06
-7.27908e-07
7.77807e-06
-7.507e-07
7.64551e-06
-7.55887e-07
7.50356e-06
-7.39934e-07
7.35543e-06
-7.00909e-07
7.20329e-06
-6.38935e-07
7.05e-06
-5.61287e-07
6.89795e-06
-4.83387e-07
6.75076e-06
-4.23975e-07
6.61241e-06
-3.88936e-07
6.47617e-06
-3.72597e-07
6.3331e-06
-3.75393e-07
6.17056e-06
-4.06225e-07
5.94261e-06
-4.60645e-07
5.58817e-06
-5.10662e-07
5.09829e-06
-5.74862e-07
4.57366e-06
-7.69407e-07
4.11929e-06
-1.05686e-06
3.75552e-06
-1.27822e-06
3.43731e-06
-1.34301e-06
3.11364e-06
-1.2379e-06
2.79645e-06
-9.70302e-07
2.50865e-06
-5.8692e-07
2.27127e-06
-1.60595e-07
2.14807e-06
1.60376e-07
2.0929e-06
4.30572e-07
2.08826e-06
5.97504e-07
2.12026e-06
6.65002e-07
2.17285e-06
6.5795e-07
2.23206e-06
5.91881e-07
2.27464e-06
4.85672e-07
2.28021e-06
3.5831e-07
2.24243e-06
2.24338e-07
2.16796e-06
8.64011e-08
2.06746e-06
-3.5305e-08
1.96538e-06
-1.47908e-07
1.87125e-06
-2.37739e-07
1.78827e-06
-2.98847e-07
1.71693e-06
-3.30524e-07
1.65382e-06
-3.32775e-07
1.608e-06
-3.01261e-07
1.58499e-06
-2.37583e-07
1.58925e-06
-1.41886e-07
1.62214e-06
-1.67622e-08
1.6864e-06
1.01885e-07
1.75458e-06
2.1889e-07
1.81228e-06
3.07447e-07
1.85487e-06
3.58882e-07
1.88898e-06
3.72197e-07
1.9247e-06
3.51797e-07
1.97658e-06
2.87892e-07
2.05019e-06
1.79961e-07
2.134e-06
4.41119e-08
2.20138e-06
-8.29259e-08
2.24334e-06
-1.88618e-07
2.26016e-06
-2.48365e-07
2.25392e-06
-2.59095e-07
2.22398e-06
-2.24739e-07
2.17669e-06
-1.4478e-07
2.12664e-06
-4.9094e-08
2.09136e-06
2.94159e-08
2.07023e-06
9.03057e-08
2.06372e-06
1.25645e-07
2.07273e-06
1.35478e-07
2.09571e-06
1.27022e-07
2.12983e-06
1.03849e-07
2.16994e-06
7.29937e-08
2.20473e-06
3.95723e-08
2.23015e-06
7.85948e-09
2.24419e-06
-1.52749e-08
2.24992e-06
-3.19821e-08
2.25074e-06
-3.77979e-08
2.24755e-06
-3.4251e-08
2.24009e-06
-2.1792e-08
2.23097e-06
-2.46945e-09
2.22651e-06
1.37322e-08
2.22444e-06
2.77034e-08
2.22226e-06
3.57804e-08
2.21935e-06
3.83421e-08
2.21672e-06
3.72933e-08
2.21612e-06
3.49691e-08
2.21956e-06
3.34522e-08
2.22869e-06
3.41512e-08
2.24408e-06
3.75526e-08
2.26521e-06
4.32905e-08
2.2909e-06
5.11586e-08
2.31937e-06
6.06359e-08
2.3493e-06
7.07799e-08
2.37963e-06
8.03726e-08
2.40914e-06
8.79195e-08
2.43676e-06
9.21195e-08
2.46189e-06
9.23457e-08
2.48422e-06
8.84921e-08
2.50335e-06
8.06796e-08
2.51895e-06
6.94622e-08
2.53088e-06
5.57145e-08
2.53903e-06
4.07798e-08
2.54365e-06
2.61645e-08
2.54522e-06
1.33068e-08
2.5443e-06
3.24138e-09
2.54173e-06
-3.63197e-09
2.53794e-06
-7.5141e-09
2.53345e-06
-8.90189e-09
2.52878e-06
-8.38577e-09
2.52433e-06
-6.95771e-09
2.52012e-06
-5.59789e-09
2.51588e-06
-5.09953e-09
-5.82846e-09
7.41098e-06
-5.22627e-07
7.26499e-06
-5.4642e-07
7.09953e-06
-5.6245e-07
6.91719e-06
-5.68362e-07
6.72287e-06
-5.61567e-07
6.52179e-06
-5.38852e-07
6.31508e-06
-4.94194e-07
6.09699e-06
-4.20843e-07
5.86884e-06
-3.33137e-07
5.63832e-06
-2.52868e-07
5.41002e-06
-1.95677e-07
5.18856e-06
-1.67478e-07
4.9524e-06
-1.36434e-07
4.65095e-06
-7.39451e-08
4.23046e-06
1.42585e-08
3.6639e-06
1.05918e-07
3.07556e-06
7.76812e-08
2.59694e-06
-9.62441e-08
2.25144e-06
-4.2391e-07
1.93294e-06
-7.38348e-07
1.57474e-06
-9.20023e-07
1.18185e-06
-9.50121e-07
8.03367e-07
-8.59418e-07
4.84808e-07
-6.51743e-07
2.67401e-07
-3.69513e-07
1.71956e-07
-6.51509e-08
1.71342e-07
1.6099e-07
2.53671e-07
3.48243e-07
3.86134e-07
4.65041e-07
5.36173e-07
5.14963e-07
6.84081e-07
5.10042e-07
8.10468e-07
4.65494e-07
9.02321e-07
3.9382e-07
9.57762e-07
3.02869e-07
9.79534e-07
2.02566e-07
9.67057e-07
9.88777e-08
9.28203e-07
3.54892e-09
8.59628e-07
-7.93332e-08
7.69346e-07
-1.47456e-07
6.66403e-07
-1.95904e-07
5.58066e-07
-2.22188e-07
4.52529e-07
-2.27238e-07
3.59042e-07
-2.07774e-07
2.85516e-07
-1.64057e-07
2.41036e-07
-9.74053e-08
2.35243e-07
-1.09699e-08
2.69842e-07
6.72872e-08
3.38668e-07
1.50064e-07
4.30979e-07
2.15136e-07
5.37848e-07
2.52012e-07
6.52886e-07
2.57159e-07
7.71094e-07
2.33589e-07
8.8122e-07
1.77765e-07
9.65577e-07
9.56039e-08
1.00769e-06
2.00047e-09
1.01216e-06
-8.73991e-08
9.81223e-07
-1.57679e-07
9.28888e-07
-1.9603e-07
8.68705e-07
-1.98911e-07
8.11331e-07
-1.67366e-07
7.74451e-07
-1.079e-07
7.63485e-07
-3.81279e-08
7.74726e-07
1.81747e-08
8.02395e-07
6.26373e-08
8.40085e-07
8.79545e-08
8.81691e-07
9.38727e-08
9.21951e-07
8.67607e-08
9.55608e-07
7.01933e-08
9.80343e-07
4.82582e-08
9.95444e-07
2.4471e-08
1.00113e-06
2.17178e-09
1.00067e-06
-1.48171e-08
9.94841e-07
-2.61487e-08
9.86976e-07
-2.99328e-08
9.7938e-07
-2.66547e-08
9.74891e-07
-1.73039e-08
9.76587e-07
-4.16527e-09
9.83126e-07
7.19388e-09
9.94064e-07
1.6765e-08
1.00706e-06
2.2787e-08
1.02049e-06
2.49084e-08
1.03357e-06
2.42161e-08
1.04621e-06
2.23243e-08
1.05899e-06
2.06744e-08
1.07271e-06
2.04319e-08
1.08822e-06
2.2041e-08
1.10599e-06
2.55215e-08
1.12653e-06
3.06208e-08
1.15008e-06
3.70834e-08
1.17666e-06
4.42004e-08
1.20597e-06
5.10586e-08
1.23727e-06
5.66265e-08
1.26943e-06
5.99523e-08
1.3013e-06
6.04764e-08
1.33168e-06
5.81117e-08
1.35936e-06
5.30025e-08
1.38328e-06
4.55432e-08
1.40269e-06
3.6309e-08
1.41715e-06
2.63174e-08
1.42674e-06
1.65711e-08
1.43221e-06
7.83601e-09
1.43439e-06
1.06761e-09
1.43428e-06
-3.52713e-09
1.43319e-06
-6.42585e-09
1.43188e-06
-7.58775e-09
1.43098e-06
-7.48779e-09
1.4308e-06
-6.77693e-09
1.43127e-06
-6.06289e-09
1.432e-06
-5.83828e-09
-6.35665e-09
5.44814e-06
-2.64619e-07
5.16037e-06
-2.58648e-07
4.84681e-06
-2.4889e-07
4.51428e-06
-2.3583e-07
4.17344e-06
-2.20723e-07
3.842e-06
-2.07414e-07
3.54086e-06
-1.93053e-07
3.27321e-06
-1.53198e-07
2.99927e-06
-5.91919e-08
2.70377e-06
4.26314e-08
2.36767e-06
1.40425e-07
2.00683e-06
1.93358e-07
1.67031e-06
2.00084e-07
1.42167e-06
1.74694e-07
1.27837e-06
1.57559e-07
1.23849e-06
1.45807e-07
1.23248e-06
8.36834e-08
1.18863e-06
-5.23904e-08
9.78222e-07
-2.13502e-07
5.97943e-07
-3.5807e-07
1.26546e-07
-4.48626e-07
-3.38793e-07
-4.84783e-07
-7.67416e-07
-4.30795e-07
-1.09179e-06
-3.27372e-07
-1.27236e-06
-1.88938e-07
-1.30254e-06
-3.49772e-08
-1.21707e-06
7.55232e-08
-1.04549e-06
1.76668e-07
-8.23192e-07
2.42739e-07
-5.80413e-07
2.72184e-07
-3.41849e-07
2.71478e-07
-1.25543e-07
2.49188e-07
5.6028e-08
2.12248e-07
1.9199e-07
1.66908e-07
2.78131e-07
1.16425e-07
3.13793e-07
6.32151e-08
3.05054e-07
1.22887e-08
2.52914e-07
-2.71935e-08
1.68053e-07
-6.25947e-08
6.23358e-08
-9.01875e-08
-5.2324e-08
-1.07528e-07
-1.68857e-07
-1.10705e-07
-2.74675e-07
-1.01956e-07
-3.57219e-07
-8.15131e-08
-4.04723e-07
-4.99017e-08
-4.06711e-07
-8.98114e-09
-3.69572e-07
3.01475e-08
-2.90641e-07
7.11333e-08
-1.79079e-07
1.03574e-07
-4.97435e-08
1.22677e-07
8.1068e-08
1.26348e-07
2.03021e-07
1.11636e-07
2.97899e-07
8.28875e-08
3.51846e-07
4.1657e-08
3.56179e-07
-2.33257e-09
3.13062e-07
-4.42826e-08
2.33976e-07
-7.8593e-08
1.36486e-07
-9.85392e-08
3.93356e-08
-1.01761e-07
-4.10459e-08
-8.69844e-08
-9.00785e-08
-5.88676e-08
-1.03214e-07
-2.49928e-08
-8.85049e-08
3.46603e-09
-5.26216e-08
2.6754e-08
-5.68408e-09
4.1017e-08
4.20492e-08
4.61395e-08
8.59723e-08
4.28376e-08
1.21516e-07
3.465e-08
1.4643e-07
2.33436e-08
1.6015e-07
1.07515e-08
1.62981e-07
-6.59588e-10
1.57867e-07
-9.70329e-09
1.47737e-07
-1.60187e-08
1.35974e-07
-1.81696e-08
1.26174e-07
-1.6855e-08
1.21282e-07
-1.24111e-08
1.2331e-07
-6.19347e-09
1.30377e-07
1.26676e-10
1.42676e-07
4.46548e-09
1.57525e-07
7.93802e-09
1.72889e-07
9.54481e-09
1.87665e-07
9.43971e-09
2.01393e-07
8.59662e-09
2.14404e-07
7.66305e-09
2.27442e-07
7.39478e-09
2.41355e-07
8.12768e-09
2.57176e-07
9.70081e-09
2.75587e-07
1.22092e-08
2.97154e-07
1.55164e-08
3.22233e-07
1.91217e-08
3.50625e-07
2.26667e-08
3.81628e-07
2.56228e-08
4.14089e-07
2.74919e-08
4.46599e-07
2.79667e-08
4.77643e-07
2.7067e-08
5.05905e-07
2.47405e-08
5.30281e-07
2.11678e-08
5.49934e-07
1.66555e-08
5.64547e-07
1.17042e-08
5.74325e-07
6.79329e-09
5.79867e-07
2.29453e-09
5.82146e-07
-1.21132e-09
5.82334e-07
-3.71589e-09
5.81245e-07
-5.33701e-09
5.7976e-07
-6.10196e-09
5.78511e-07
-6.23867e-09
5.77749e-07
-6.01497e-09
5.77425e-07
-5.73971e-09
5.77284e-07
-5.69659e-09
-5.96004e-09
1.20594e-06
9.47293e-07
6.98403e-07
4.62573e-07
2.41849e-07
3.44351e-08
-1.58618e-07
-3.11817e-07
-3.71009e-07
-3.28377e-07
-1.87953e-07
5.40542e-09
2.05489e-07
3.80183e-07
5.37741e-07
6.83548e-07
7.67231e-07
7.14841e-07
5.01339e-07
1.43269e-07
-3.05356e-07
-7.90139e-07
-1.22093e-06
-1.54831e-06
-1.73724e-06
-1.77222e-06
-1.6967e-06
-1.52003e-06
-1.27729e-06
-1.00511e-06
-7.33628e-07
-4.8444e-07
-2.72191e-07
-1.05284e-07
1.11409e-08
7.43561e-08
8.66447e-08
5.94513e-08
-3.14343e-09
-9.33309e-08
-2.00859e-07
-3.11564e-07
-4.1352e-07
-4.95033e-07
-5.44935e-07
-5.53916e-07
-5.23769e-07
-4.52635e-07
-3.49061e-07
-2.26384e-07
-1.00037e-07
1.15992e-08
9.44867e-08
1.36144e-07
1.33811e-07
8.95285e-08
1.09355e-08
-8.76038e-08
-1.89365e-07
-2.76349e-07
-3.35217e-07
-3.6021e-07
-3.56744e-07
-3.2999e-07
-2.88973e-07
-2.42833e-07
-1.99996e-07
-1.65346e-07
-1.42002e-07
-1.3125e-07
-1.3191e-07
-1.41613e-07
-1.57632e-07
-1.75802e-07
-1.92657e-07
-2.05068e-07
-2.11261e-07
-2.11135e-07
-2.06669e-07
-1.98731e-07
-1.89186e-07
-1.79747e-07
-1.7115e-07
-1.63487e-07
-1.56092e-07
-1.47964e-07
-1.38264e-07
-1.26054e-07
-1.10538e-07
-9.14164e-08
-6.87497e-08
-4.31269e-08
-1.5635e-08
1.23317e-08
3.93987e-08
6.41392e-08
8.5307e-08
1.01962e-07
1.13667e-07
1.2046e-07
1.22755e-07
1.21543e-07
1.17827e-07
1.1249e-07
1.06388e-07
1.0015e-07
9.41347e-08
8.8395e-08
8.26984e-08
-2.56038e-07
-5.44867e-07
-5.40933e-07
-7.75845e-07
-7.6924e-07
-1.13301e-06
-9.22572e-07
-1.56321e-06
-9.96702e-07
-1.97085e-06
-2.28114e-06
-3.74354e-07
-1.70513e-07
-7.47427e-07
-4.02771e-07
-1.08364e-06
-7.96789e-07
-1.35206e-06
-1.29479e-06
-1.54955e-06
-1.77336e-06
-1.68191e-06
-2.14878e-06
-1.75849e-06
-2.36697e-06
-1.74401e-06
-2.3771e-06
-1.58154e-06
-2.09331e-06
-1.27369e-06
-1.49082e-06
-8.50378e-07
-6.4395e-07
-3.42516e-07
2.34205e-07
1.86133e-07
1.09015e-06
6.65466e-07
1.84715e-06
1.05074e-06
2.46418e-06
1.332e-06
2.92841e-06
1.52401e-06
3.26171e-06
1.65996e-06
3.45547e-06
1.77621e-06
3.51384e-06
1.93431e-06
3.40231e-06
2.19209e-06
3.05453e-06
2.58942e-06
2.47371e-06
3.10307e-06
1.71198e-06
3.67073e-06
8.70384e-07
4.22919e-06
5.72855e-08
4.73763e-06
-6.59932e-07
5.174e-06
-1.2518e-06
5.52854e-06
-1.71075e-06
5.79993e-06
-2.04173e-06
5.99316e-06
-2.25704e-06
6.11649e-06
-2.37215e-06
6.17923e-06
-2.40734e-06
6.1768e-06
-2.36904e-06
6.09735e-06
-2.26997e-06
5.94354e-06
-2.16847e-06
5.73995e-06
-2.10715e-06
5.51737e-06
-2.10098e-06
5.30466e-06
-2.13041e-06
5.12448e-06
-2.15391e-06
5.0104e-06
-2.12115e-06
4.97919e-06
-1.98155e-06
5.03041e-06
-1.70494e-06
5.15468e-06
-1.2968e-06
5.33812e-06
-7.88862e-07
5.5591e-06
-2.28935e-07
5.79449e-06
3.24146e-07
6.02509e-06
8.24064e-07
6.23316e-06
1.24079e-06
6.40571e-06
1.55715e-06
6.53424e-06
1.77311e-06
6.61844e-06
1.89888e-06
6.66086e-06
1.95314e-06
6.65388e-06
1.95213e-06
6.60043e-06
1.91229e-06
6.52052e-06
1.8547e-06
6.4337e-06
1.80026e-06
6.35497e-06
1.7529e-06
6.29724e-06
1.69962e-06
6.27332e-06
1.61511e-06
6.28883e-06
1.47431e-06
6.34287e-06
1.25978e-06
6.43142e-06
9.66353e-07
6.54713e-06
6.04596e-07
6.67879e-06
1.99957e-07
6.80916e-06
-2.0881e-07
6.92731e-06
-5.89122e-07
7.02421e-06
-9.20301e-07
7.09465e-06
-1.18638e-06
7.13566e-06
-1.38102e-06
7.14835e-06
-1.50479e-06
7.1316e-06
-1.55982e-06
7.08166e-06
-1.55519e-06
7.00108e-06
-1.51072e-06
6.90512e-06
-1.44256e-06
6.80714e-06
-1.36926e-06
6.7152e-06
-1.29853e-06
6.63641e-06
-1.22909e-06
6.57683e-06
-1.15307e-06
6.53919e-06
-1.05779e-06
6.52379e-06
-9.31186e-07
6.5296e-06
-7.65313e-07
6.55471e-06
-5.58206e-07
6.5966e-06
-3.13656e-07
6.6505e-06
-4.25357e-08
6.70889e-06
2.37232e-07
6.76658e-06
5.05398e-07
6.81906e-06
7.46927e-07
6.86379e-06
9.51644e-07
6.89845e-06
1.11032e-06
6.92242e-06
1.22054e-06
6.9348e-06
1.2847e-06
6.93389e-06
1.30941e-06
6.921e-06
1.2991e-06
6.90417e-06
1.24396e-06
6.88952e-06
1.16033e-06
6.88016e-06
1.05538e-06
6.87779e-06
9.3177e-07
6.88379e-06
7.89393e-07
6.89917e-06
6.27715e-07
6.92349e-06
4.47187e-07
6.9555e-06
2.49164e-07
6.99241e-06
3.81588e-08
7.02922e-06
-1.74743e-07
7.06118e-06
-3.7707e-07
7.08427e-06
-5.59908e-07
7.09652e-06
-7.16863e-07
7.09757e-06
-8.43265e-07
7.08888e-06
-9.36638e-07
7.07329e-06
-9.9577e-07
-1.02058e-06
-3.89939e-07
2.19426e-07
-7.57165e-07
-3.55455e-08
-1.09107e-06
-4.6288e-07
-1.39373e-06
-9.92134e-07
-1.65182e-06
-1.51527e-06
-1.8545e-06
-1.9461e-06
-2.00244e-06
-2.21903e-06
-2.08498e-06
-2.29455e-06
-2.05911e-06
-2.11918e-06
-1.87642e-06
-1.67352e-06
-1.53632e-06
-9.8405e-07
-1.11043e-06
-1.91682e-07
-6.13844e-07
5.93562e-07
-1.14315e-07
1.34762e-06
3.41485e-07
2.00838e-06
7.38555e-07
2.53134e-06
1.0913e-06
2.90896e-06
1.42073e-06
3.12604e-06
1.78078e-06
3.15379e-06
2.23436e-06
2.94872e-06
2.79239e-06
2.4965e-06
3.44094e-06
1.82516e-06
4.13398e-06
1.01894e-06
4.8023e-06
2.02065e-07
5.39114e-06
-5.31549e-07
5.87206e-06
-1.14085e-06
6.23798e-06
-1.61772e-06
6.49659e-06
-1.96936e-06
6.66058e-06
-2.20572e-06
6.74391e-06
-2.34038e-06
6.76193e-06
-2.39017e-06
6.7192e-06
-2.36461e-06
6.61286e-06
-2.2627e-06
6.44777e-06
-2.10487e-06
6.22115e-06
-1.94185e-06
5.94011e-06
-1.82611e-06
5.62845e-06
-1.78932e-06
5.31977e-06
-1.82173e-06
5.04397e-06
-1.87812e-06
4.82618e-06
-1.90335e-06
4.69074e-06
-1.84612e-06
4.64928e-06
-1.66348e-06
4.69641e-06
-1.34393e-06
4.81916e-06
-9.1162e-07
4.99971e-06
-4.09485e-07
5.2144e-06
1.09459e-07
5.44319e-06
5.95276e-07
5.66806e-06
1.01592e-06
5.87309e-06
1.35212e-06
6.04732e-06
1.59888e-06
6.1845e-06
1.7617e-06
6.28409e-06
1.85355e-06
6.34683e-06
1.88939e-06
6.37318e-06
1.88594e-06
6.374e-06
1.85389e-06
6.3641e-06
1.81016e-06
6.36271e-06
1.75429e-06
6.38443e-06
1.6779e-06
6.43799e-06
1.56155e-06
6.52608e-06
1.38622e-06
6.64715e-06
1.13871e-06
6.79598e-06
8.1753e-07
6.96225e-06
4.38324e-07
7.12734e-06
3.48628e-08
7.27191e-06
-3.53377e-07
7.38502e-06
-7.02231e-07
7.45952e-06
-9.948e-07
7.49411e-06
-1.22098e-06
7.48959e-06
-1.3765e-06
7.44394e-06
-1.45914e-06
7.35602e-06
-1.47191e-06
7.23151e-06
-1.43067e-06
7.08113e-06
-1.36034e-06
6.92075e-06
-1.28218e-06
6.76304e-06
-1.21155e-06
6.6173e-06
-1.15279e-06
6.49012e-06
-1.1019e-06
6.38612e-06
-1.04907e-06
6.30814e-06
-9.79811e-07
6.25636e-06
-8.79409e-07
6.22944e-06
-7.38387e-07
6.22572e-06
-5.54491e-07
6.24369e-06
-3.31619e-07
6.28075e-06
-7.9599e-08
6.33219e-06
1.85796e-07
6.39318e-06
4.44401e-07
6.45938e-06
6.80728e-07
6.5273e-06
8.83726e-07
6.59256e-06
1.04506e-06
6.65174e-06
1.16135e-06
6.7022e-06
1.23425e-06
6.74414e-06
1.26747e-06
6.78163e-06
1.26162e-06
6.81133e-06
1.21425e-06
6.8376e-06
1.13406e-06
6.86496e-06
1.02801e-06
6.8968e-06
8.9993e-07
6.93432e-06
7.51876e-07
6.97753e-06
5.84506e-07
7.02624e-06
3.98475e-07
7.07875e-06
1.96657e-07
7.12976e-06
-1.28525e-08
7.17333e-06
-2.18314e-07
7.20453e-06
-4.0827e-07
7.2186e-06
-5.73978e-07
7.21485e-06
-7.13114e-07
7.1971e-06
-8.2551e-07
7.16564e-06
-9.05181e-07
7.11821e-06
-9.48344e-07
-9.56691e-07
-3.57069e-07
5.76495e-07
-5.51789e-07
1.59175e-07
-7.47715e-07
-2.66954e-07
-9.63443e-07
-7.76406e-07
-1.19706e-06
-1.28165e-06
-1.4328e-06
-1.71035e-06
-1.64086e-06
-2.01097e-06
-1.79944e-06
-2.13598e-06
-1.87716e-06
-2.04146e-06
-1.82792e-06
-1.72276e-06
-1.61227e-06
-1.1997e-06
-1.26928e-06
-5.34666e-07
-8.36083e-07
1.60364e-07
-3.59132e-07
8.70673e-07
1.37561e-07
1.51169e-06
6.46781e-07
2.02212e-06
1.18255e-06
2.37319e-06
1.76352e-06
2.54507e-06
2.41202e-06
2.5053e-06
3.12997e-06
2.23078e-06
3.90745e-06
1.71902e-06
4.71487e-06
1.01773e-06
5.48689e-06
2.4692e-07
6.15518e-06
-4.66227e-07
6.68337e-06
-1.05974e-06
7.06473e-06
-1.52222e-06
7.31127e-06
-1.86426e-06
7.44389e-06
-2.10197e-06
7.48556e-06
-2.2474e-06
7.44976e-06
-2.30458e-06
7.34377e-06
-2.28417e-06
7.1781e-06
-2.19894e-06
6.97213e-06
-2.05674e-06
6.73716e-06
-1.8699e-06
6.46463e-06
-1.66932e-06
6.14373e-06
-1.50521e-06
5.7803e-06
-1.42589e-06
5.40418e-06
-1.44561e-06
5.05268e-06
-1.52661e-06
4.75276e-06
-1.60343e-06
4.52644e-06
-1.6198e-06
4.3939e-06
-1.53095e-06
4.36146e-06
-1.31149e-06
4.41971e-06
-9.69867e-07
4.55136e-06
-5.41134e-07
4.73431e-06
-7.3492e-08
4.94644e-06
3.83145e-07
5.17036e-06
7.91996e-07
5.39013e-06
1.13235e-06
5.59317e-06
1.39584e-06
5.77108e-06
1.58379e-06
5.92026e-06
1.70437e-06
6.03986e-06
1.76979e-06
6.1347e-06
1.79109e-06
6.21025e-06
1.77834e-06
6.28063e-06
1.73979e-06
6.36058e-06
1.67433e-06
6.46258e-06
1.57591e-06
6.59288e-06
1.43124e-06
6.75293e-06
1.22617e-06
6.9404e-06
9.5124e-07
7.14798e-06
6.09951e-07
7.35839e-06
2.27916e-07
7.54658e-06
-1.53332e-07
7.69428e-06
-5.01071e-07
7.78998e-06
-7.97931e-07
7.83179e-06
-1.03662e-06
7.8225e-06
-1.21168e-06
7.76138e-06
-1.31538e-06
7.64652e-06
-1.34428e-06
7.48412e-06
-1.3095e-06
7.287e-06
-1.23356e-06
7.06941e-06
-1.14276e-06
6.84801e-06
-1.06078e-06
6.63645e-06
-9.99991e-07
6.44425e-06
-9.60595e-07
6.27708e-06
-9.34732e-07
6.13751e-06
-9.0951e-07
6.0271e-06
-8.69394e-07
5.94559e-06
-7.97902e-07
5.89175e-06
-6.84548e-07
5.86435e-06
-5.27095e-07
5.8627e-06
-3.29966e-07
5.88576e-06
-1.02657e-07
5.93088e-06
1.40679e-07
5.9937e-06
3.81573e-07
6.06987e-06
6.04567e-07
6.15479e-06
7.98802e-07
6.24339e-06
9.56457e-07
6.33113e-06
1.07362e-06
6.41539e-06
1.14998e-06
6.49635e-06
1.18651e-06
6.57495e-06
1.18302e-06
6.64843e-06
1.14077e-06
6.7176e-06
1.06489e-06
6.7847e-06
9.60911e-07
6.85169e-06
8.32944e-07
6.92015e-06
6.83417e-07
6.99116e-06
5.13493e-07
7.06445e-06
3.25182e-07
7.13555e-06
1.25559e-07
7.1963e-06
-7.35957e-08
7.24029e-06
-2.62307e-07
7.2648e-06
-4.32784e-07
7.27054e-06
-5.79712e-07
7.25629e-06
-6.98863e-07
7.21873e-06
-7.87955e-07
7.15285e-06
-8.393e-07
7.05898e-06
-8.54474e-07
-8.41027e-07
-1.16272e-07
6.92767e-07
-4.96453e-08
9.25481e-08
3.66711e-08
-3.5327e-07
1.16639e-07
-8.56374e-07
1.42924e-07
-1.30794e-06
7.85634e-08
-1.64599e-06
-7.58724e-08
-1.85654e-06
-2.88256e-07
-1.92359e-06
-4.99579e-07
-1.83014e-06
-6.38813e-07
-1.58353e-06
-6.41791e-07
-1.19673e-06
-4.83498e-07
-6.92959e-07
-1.92339e-07
-1.30795e-07
2.28339e-07
4.49994e-07
7.57506e-07
9.8252e-07
1.37513e-06
1.4045e-06
2.07171e-06
1.67662e-06
2.84139e-06
1.77538e-06
3.66651e-06
1.68018e-06
4.52857e-06
1.36871e-06
5.40958e-06
8.38012e-07
6.25436e-06
1.72948e-07
6.9856e-06
-4.84323e-07
7.55401e-06
-1.03463e-06
7.94555e-06
-1.45128e-06
8.17668e-06
-1.75334e-06
8.27766e-06
-1.96524e-06
8.27333e-06
-2.09764e-06
8.1775e-06
-2.15157e-06
8.00576e-06
-2.13285e-06
7.7764e-06
-2.05481e-06
7.50787e-06
-1.93041e-06
7.22002e-06
-1.76889e-06
6.92798e-06
-1.57786e-06
6.63132e-06
-1.37266e-06
6.3127e-06
-1.18659e-06
5.95342e-06
-1.06661e-06
5.55771e-06
-1.04991e-06
5.15952e-06
-1.12842e-06
4.79816e-06
-1.24206e-06
4.49921e-06
-1.32085e-06
4.28398e-06
-1.31571e-06
4.16736e-06
-1.19486e-06
4.151e-06
-9.53508e-07
4.22489e-06
-6.15027e-07
4.36655e-06
-2.15154e-07
4.5502e-06
1.99498e-07
4.75826e-06
5.83938e-07
4.97605e-06
9.14559e-07
5.19123e-06
1.18067e-06
5.39453e-06
1.38049e-06
5.58041e-06
1.51849e-06
5.74799e-06
1.60221e-06
5.90037e-06
1.63872e-06
6.04445e-06
1.63426e-06
6.1911e-06
1.59314e-06
6.34995e-06
1.51548e-06
6.52923e-06
1.39662e-06
6.73294e-06
1.22753e-06
6.96249e-06
9.96631e-07
7.21412e-06
6.99607e-07
7.47401e-06
3.5006e-07
7.71416e-06
-1.22368e-08
7.90929e-06
-3.48456e-07
8.04307e-06
-6.34861e-07
8.10684e-06
-8.61694e-07
8.10546e-06
-1.03524e-06
8.04217e-06
-1.14839e-06
7.914e-06
-1.18721e-06
7.72613e-06
-1.15641e-06
7.49111e-06
-1.07448e-06
7.22544e-06
-9.67884e-07
6.94872e-06
-8.6604e-07
6.67798e-06
-7.90041e-07
6.42532e-06
-7.47332e-07
6.19928e-06
-7.34554e-07
6.0044e-06
-7.39856e-07
5.84157e-06
-7.46672e-07
5.70981e-06
-7.37636e-07
5.60822e-06
-6.96313e-07
5.53532e-06
-6.11649e-07
5.49038e-06
-4.82151e-07
5.47341e-06
-3.13002e-07
5.48475e-06
-1.13991e-07
5.52358e-06
1.01845e-07
5.58627e-06
3.18886e-07
5.66843e-06
5.22407e-07
5.76501e-06
7.02221e-07
5.87087e-06
8.50598e-07
5.98165e-06
9.6283e-07
6.09473e-06
1.0369e-06
6.20895e-06
1.0723e-06
6.3226e-06
1.06937e-06
6.43317e-06
1.03021e-06
6.53974e-06
9.58314e-07
6.64292e-06
8.57731e-07
6.74408e-06
7.31783e-07
6.84478e-06
5.82715e-07
6.9454e-06
4.12874e-07
7.04281e-06
2.27767e-07
7.13e-06
3.83731e-08
7.19989e-06
-1.43489e-07
7.24629e-06
-3.08707e-07
7.26669e-06
-4.53177e-07
7.26112e-06
-5.74141e-07
7.22321e-06
-6.60963e-07
7.14291e-06
-7.07647e-07
7.02215e-06
-7.18544e-07
6.87232e-06
-7.04643e-07
-6.76041e-07
9.24756e-07
1.45467e-06
1.87653e-06
2.17535e-06
2.31332e-06
2.30312e-06
2.17852e-06
1.97426e-06
1.73489e-06
1.51216e-06
1.36194e-06
1.34491e-06
1.49193e-06
1.80703e-06
2.2811e-06
2.89047e-06
3.6098e-06
4.41342e-06
5.27507e-06
6.17186e-06
7.04431e-06
7.80246e-06
8.38906e-06
8.78257e-06
8.99323e-06
9.06155e-06
9.01358e-06
8.86445e-06
8.63346e-06
8.34414e-06
8.01695e-06
7.66937e-06
7.3202e-06
6.98855e-06
6.68357e-06
6.39476e-06
6.09439e-06
5.75427e-06
5.37148e-06
4.97871e-06
4.62041e-06
4.3292e-06
4.12728e-06
4.02572e-06
4.02167e-06
4.10575e-06
4.25287e-06
4.43496e-06
4.63837e-06
4.85164e-06
5.06575e-06
5.2753e-06
5.47964e-06
5.68185e-06
5.88704e-06
6.10139e-06
6.33142e-06
6.58224e-06
6.85758e-06
7.15767e-06
7.46946e-06
7.76216e-06
8.00386e-06
8.17602e-06
8.27124e-06
8.29063e-06
8.24017e-06
8.11399e-06
7.91208e-06
7.64864e-06
7.34451e-06
7.02412e-06
6.70792e-06
6.40923e-06
6.13748e-06
5.89867e-06
5.69481e-06
5.52414e-06
5.38317e-06
5.2699e-06
5.18397e-06
5.12605e-06
5.09726e-06
5.09863e-06
5.13036e-06
5.19006e-06
5.27393e-06
5.37754e-06
5.49607e-06
5.62513e-06
5.76132e-06
5.90183e-06
6.04364e-06
6.18413e-06
6.32184e-06
6.45681e-06
6.59019e-06
6.72286e-06
6.85248e-06
6.97115e-06
7.06977e-06
7.14128e-06
7.18064e-06
7.18317e-06
7.13877e-06
7.04364e-06
6.90253e-06
6.72728e-06
6.53419e-06
)
;

boundaryField
{
    inlet
    {
        type            calculated;
        value           nonuniform List<scalar> 0();
    }
    outlet
    {
        type            calculated;
        value           nonuniform List<scalar> 0();
    }
    topWall
    {
        type            calculated;
        value           uniform 0;
    }
    lowerWall
    {
        type            calculated;
        value           nonuniform List<scalar> 0();
    }
    leadingEdge
    {
        type            calculated;
        value           nonuniform List<scalar> 0();
    }
    trailingEdge
    {
        type            calculated;
        value           uniform 0;
    }
    upperSurface
    {
        type            calculated;
        value           uniform 0;
    }
    lowerSurface
    {
        type            calculated;
        value           nonuniform List<scalar> 0();
    }
    frontAndBack
    {
        type            empty;
        value           nonuniform List<scalar> 0();
    }
    procBoundary5to1
    {
        type            processor;
        value           nonuniform List<scalar> 
111
(
8.00905e-07
1.06074e-06
1.36131e-06
1.71654e-06
2.04498e-06
2.28359e-06
-9.99157e-07
2.44355e-06
2.36262e-06
1.93085e-06
1.18297e-06
2.20633e-07
-7.42067e-07
-1.6188e-06
-2.32649e-06
-2.84945e-06
-3.20967e-06
-3.45372e-06
-3.59141e-06
-3.63009e-06
-3.56041e-06
-3.31231e-06
-2.87103e-06
-2.22563e-06
-1.43804e-06
-6.15747e-07
1.51497e-07
8.15423e-07
1.35621e-06
1.77034e-06
2.06381e-06
2.24882e-06
2.3446e-06
2.37147e-06
2.34942e-06
2.32228e-06
2.31074e-06
2.32357e-06
2.34312e-06
2.33409e-06
2.23523e-06
2.01275e-06
1.65373e-06
1.17253e-06
6.0542e-07
7.94919e-09
-5.59537e-07
-1.05466e-06
-1.44886e-06
-1.7297e-06
-1.90165e-06
-1.98308e-06
-1.99556e-06
-1.94515e-06
-1.85884e-06
-1.7748e-06
-1.71344e-06
-1.67418e-06
-1.64189e-06
-1.59119e-06
-1.48982e-06
-1.31383e-06
-1.0549e-06
-7.20298e-07
-3.31626e-07
7.84447e-08
4.70968e-07
8.23402e-07
1.11594e-06
1.34002e-06
1.49209e-06
1.57657e-06
1.60513e-06
1.59131e-06
1.53852e-06
1.46724e-06
1.39047e-06
1.30788e-06
1.21265e-06
1.09543e-06
9.46585e-07
7.59511e-07
5.33095e-07
2.71763e-07
-1.13592e-08
-2.9563e-07
-5.6308e-07
-7.99413e-07
-9.96368e-07
-1.14498e-06
-1.24451e-06
-1.29708e-06
-1.3085e-06
-1.28621e-06
-1.22713e-06
-1.14568e-06
-1.04602e-06
-9.294e-07
-7.95393e-07
-6.43093e-07
-4.71511e-07
-2.81169e-07
-7.50748e-08
1.37941e-07
3.45105e-07
5.36818e-07
7.04613e-07
8.42215e-07
9.45328e-07
1.01136e-06
1.04333e-06
)
;
    }
    procBoundary5to4
    {
        type            processor;
        value           nonuniform List<scalar> 
11
(
-9.00359e-07
-3.96988e-06
-6.80342e-06
-8.08938e-06
-8.47986e-06
-8.57043e-06
-8.54278e-06
2.16538e-07
-8.44199e-06
-7.78419e-06
-4.90933e-06
)
;
    }
    procBoundary5to6
    {
        type            processor;
        value           nonuniform List<scalar> 
15
(
5.8862e-06
5.42878e-06
5.04292e-06
4.73074e-06
4.33517e-06
3.56024e-06
2.5111e-06
1.43253e-06
5.76887e-07
7.67384e-08
7.05054e-06
7.05433e-06
6.94332e-06
6.70733e-06
6.34147e-06
)
;
    }
}


// ************************************************************************* //
