/*--------------------------------*- C++ -*----------------------------------*\
| =========                 |                                                 |
| \\      /  F ield         | OpenFOAM: The Open Source CFD Toolbox           |
|  \\    /   O peration     | Version:  2206                                  |
|   \\  /    A nd           | Website:  www.openfoam.com                      |
|    \\/     M anipulation  |                                                 |
\*---------------------------------------------------------------------------*/
FoamFile
{
    version     2.0;
    format      ascii;
    arch        "LSB;label=32;scalar=64";
    class       volScalarField;
    location    "18.9";
    object      p;
}
// * * * * * * * * * * * * * * * * * * * * * * * * * * * * * * * * * * * * * //

dimensions      [0 2 -2 0 0 0 0];

internalField   nonuniform List<scalar> 
4867
(
-0.110644
-0.106619
-0.101514
-0.0955106
-0.0888066
-0.0816089
-0.0741259
-0.0665577
-0.0590858
-0.0518629
-0.044947
-0.0382933
-0.0322585
-0.0272624
-0.0231551
-0.0198447
-0.0173708
-0.015733
-0.014909
-0.0148684
-0.0155693
-0.0169582
-0.0189707
-0.0215298
-0.0245452
-0.0279134
-0.0315192
-0.0352376
-0.038934
-0.0424703
-0.045722
-0.0485724
-0.0509163
-0.052668
-0.0537662
-0.0541961
-0.0539406
-0.0530219
-0.0514914
-0.0494201
-0.0468974
-0.0440274
-0.0409245
-0.0377072
-0.0344918
-0.0313911
-0.0285106
-0.0259504
-0.0237919
-0.0221047
-0.0209881
-0.0205444
-0.0206696
-0.0212434
-0.0223735
-0.0241466
-0.0265197
-0.0294494
-0.0328846
-0.0367546
-0.0409732
-0.0454392
-0.0500374
-0.0546407
-0.0591141
-0.0633181
-0.0671141
-0.0703699
-0.0729633
-0.0747889
-0.0758236
-0.0759857
-0.0752824
-0.0737457
-0.0714303
-0.0684179
-0.0648126
-0.0607348
-0.0563165
-0.0516928
-0.0469965
-0.0423586
-0.0378774
-0.0335084
-0.0292566
-0.025682
-0.0229128
-0.0207318
-0.0191512
-0.0181936
-0.0178437
-0.018078
-0.0188636
-0.0201578
-0.0219107
-0.0240646
-0.026553
-0.0293004
-0.0322233
-0.0352315
-0.0382299
-0.0411204
-0.0438054
-0.046193
-0.0481974
-0.0497431
-0.0507675
-0.0512276
-0.051108
-0.0503991
-0.0491156
-0.0472946
-0.0449879
-0.0422623
-0.0391961
-0.0358756
-0.0323923
-0.0288358
-0.0252928
-0.0218455
-0.0185668
-0.0155179
-0.012768
-0.0104203
-0.00849819
-0.00681347
-0.00534428
-0.00425404
-0.00352673
-0.00310964
-0.00295734
-0.00301154
-0.00319838
-0.00344039
-0.00361845
-0.00369657
-0.00322335
-0.00265286
-0.000594683
-0.107195
-0.10306
-0.0978491
-0.0917431
-0.0849417
-0.0776514
-0.0700758
-0.0624075
-0.0548253
-0.0474578
-0.0403103
-0.0334787
-0.0275016
-0.0224982
-0.0182746
-0.0148553
-0.0122729
-0.0105193
-0.00957275
-0.00940106
-0.00996
-0.0111943
-0.0130381
-0.0154143
-0.018234
-0.0213965
-0.0247908
-0.0282976
-0.0317925
-0.0351456
-0.0382335
-0.0409477
-0.0431904
-0.0448809
-0.0459624
-0.0464194
-0.0462368
-0.0454337
-0.0440578
-0.0421754
-0.0398705
-0.0372407
-0.0343936
-0.0314407
-0.0284928
-0.0256567
-0.0230367
-0.0207267
-0.0188023
-0.0173382
-0.0164285
-0.0161562
-0.0164267
-0.0171444
-0.0184117
-0.0203028
-0.0227779
-0.0257946
-0.0293014
-0.0332277
-0.0374872
-0.0419793
-0.0465892
-0.0511908
-0.0556504
-0.0598302
-0.0635941
-0.0668122
-0.0693638
-0.0711479
-0.0721431
-0.0722723
-0.0715435
-0.0699885
-0.067663
-0.0646492
-0.0610508
-0.0569865
-0.0525871
-0.0479843
-0.0433092
-0.0386829
-0.0341417
-0.0296228
-0.0254658
-0.0220936
-0.0193725
-0.0172171
-0.0156737
-0.0147494
-0.0144278
-0.0146837
-0.0154812
-0.0167752
-0.0185144
-0.0206406
-0.0230875
-0.0257807
-0.028638
-0.0315718
-0.0344902
-0.0372989
-0.0399043
-0.0422177
-0.044158
-0.0456541
-0.0466475
-0.0470974
-0.04699
-0.0463182
-0.0450957
-0.0433583
-0.0411561
-0.0385533
-0.0356249
-0.0324538
-0.0291266
-0.0257301
-0.022348
-0.0190591
-0.015935
-0.0130384
-0.0104381
-0.00822227
-0.0064073
-0.00483314
-0.00348852
-0.00251644
-0.00190389
-0.0016029
-0.00157038
-0.0017513
-0.0020742
-0.00246575
-0.00280379
-0.00307525
-0.00273266
-0.00240737
-0.000325203
-0.102145
-0.0979604
-0.0927109
-0.0865775
-0.0797572
-0.0724526
-0.064863
-0.0571753
-0.0495523
-0.0420819
-0.0347859
-0.0280046
-0.02215
-0.0171271
-0.0128567
-0.00939516
-0.00676094
-0.00494446
-0.00392401
-0.00366506
-0.0041212
-0.00523547
-0.00694124
-0.00916181
-0.0118099
-0.0147875
-0.0179878
-0.0212967
-0.0245965
-0.0277683
-0.0306938
-0.0332687
-0.0354028
-0.0370214
-0.0380716
-0.0385371
-0.0384071
-0.0376978
-0.0364527
-0.0347342
-0.0326209
-0.0302049
-0.0275868
-0.0248717
-0.0221647
-0.0195688
-0.0171843
-0.0150964
-0.0133814
-0.0121151
-0.0113862
-0.0112598
-0.0116445
-0.0124767
-0.0138595
-0.015846
-0.0183989
-0.0214773
-0.0250294
-0.0289848
-0.0332582
-0.037749
-0.0423439
-0.0469183
-0.0513404
-0.0554751
-0.0591887
-0.0623538
-0.0648536
-0.0666019
-0.0675574
-0.0676622
-0.0669233
-0.0653707
-0.0630606
-0.060075
-0.0565158
-0.0524998
-0.0481538
-0.0436067
-0.0389848
-0.0343773
-0.0297582
-0.0252242
-0.0213039
-0.0180976
-0.0154342
-0.0133475
-0.0118738
-0.0110108
-0.0107422
-0.0110406
-0.0118663
-0.0131717
-0.0149046
-0.0170079
-0.0194163
-0.0220565
-0.0248479
-0.027705
-0.030539
-0.0332601
-0.0357787
-0.0380104
-0.0398786
-0.0413168
-0.0422706
-0.0427024
-0.0425997
-0.0419581
-0.0407908
-0.0391318
-0.03703
-0.0345465
-0.0317531
-0.0287289
-0.0255567
-0.0223193
-0.0190977
-0.0159684
-0.0130009
-0.0102585
-0.00780879
-0.00572655
-0.00401732
-0.00255264
-0.00133836
-0.000493516
-4.98262e-06
0.000169128
6.92178e-05
-0.000252458
-0.000727282
-0.001287
-0.00180759
-0.00229941
-0.00212069
-0.00207909
-2.66184e-05
-0.095617
-0.0914462
-0.0862303
-0.0801472
-0.0733886
-0.0661513
-0.0586274
-0.0509961
-0.043397
-0.0358824
-0.0285894
-0.0220054
-0.016286
-0.0112862
-0.00703936
-0.00359639
-0.000966349
0.000859944
0.00190569
0.00220806
0.00181597
0.000788415
-0.000808238
-0.00289845
-0.00539715
-0.00820944
-0.0112321
-0.0143563
-0.0174703
-0.020463
-0.0232258
-0.0256586
-0.0276776
-0.0292141
-0.0302195
-0.0306728
-0.0305754
-0.0299369
-0.0287974
-0.0272159
-0.0252662
-0.0230349
-0.0206165
-0.0181101
-0.0156154
-0.0132323
-0.0110529
-0.00915788
-0.00762436
-0.00652832
-0.00595249
-0.00594465
-0.00641391
-0.00733307
-0.00880649
-0.0108628
-0.0134669
-0.01658
-0.0201501
-0.0241073
-0.0283667
-0.0328292
-0.0373828
-0.0419052
-0.0462674
-0.0503372
-0.0539841
-0.0570833
-0.0595197
-0.0612422
-0.0621623
-0.0622524
-0.061519
-0.0599901
-0.0577212
-0.0547932
-0.0513055
-0.0473715
-0.0431126
-0.0386548
-0.0341087
-0.0295054
-0.024842
-0.0205055
-0.0168518
-0.0137628
-0.0111997
-0.00922175
-0.00784846
-0.00707557
-0.0068864
-0.00725097
-0.0081205
-0.00944315
-0.0111718
-0.0132557
-0.0156285
-0.0182161
-0.0209401
-0.0237178
-0.0264633
-0.029091
-0.031516
-0.0336585
-0.0354468
-0.036819
-0.0377252
-0.038131
-0.0380239
-0.0374052
-0.036286
-0.0346988
-0.0326911
-0.0303212
-0.0276575
-0.0247754
-0.021754
-0.0186726
-0.0156091
-0.0126375
-0.00982573
-0.00723651
-0.00493604
-0.0029872
-0.00138278
-2.80696e-05
0.00105168
0.00176325
0.00212119
0.00216093
0.00192001
0.00144757
0.000808756
6.61064e-05
-0.000655432
-0.00138942
-0.00140336
-0.00167718
0.000294741
-0.0877881
-0.0836931
-0.0785801
-0.0726209
-0.0660003
-0.0589065
-0.051523
-0.0440162
-0.036491
-0.0290195
-0.0219296
-0.0156118
-0.0100249
-0.00511752
-0.000961932
0.0024046
0.00497555
0.00676041
0.00778441
0.00808757
0.00772175
0.00675049
0.00523736
0.00325536
0.000887022
-0.00177595
-0.00463479
-0.0075854
-0.0105218
-0.0133395
-0.0159386
-0.0182259
-0.0201229
-0.0215669
-0.0225131
-0.0229368
-0.0228513
-0.0222601
-0.0212004
-0.0197284
-0.0179138
-0.0158375
-0.0135887
-0.0112609
-0.00894932
-0.00674811
-0.00474176
-0.00301058
-0.00163052
-0.000675739
-0.000223131
-0.000303329
-0.000829008
-0.00180992
-0.00334803
-0.00544759
-0.00807632
-0.0111973
-0.0147582
-0.0186898
-0.0229084
-0.0273164
-0.0318037
-0.036251
-0.0405324
-0.0445193
-0.0480862
-0.0511116
-0.0534825
-0.0551718
-0.0560671
-0.056156
-0.0554453
-0.0539617
-0.0517598
-0.0489183
-0.045533
-0.0417123
-0.0375726
-0.0332328
-0.0287653
-0.0241599
-0.0196059
-0.0155896
-0.0121589
-0.00920449
-0.00678638
-0.00495016
-0.00370646
-0.00305083
-0.00296413
-0.00340985
-0.00434101
-0.00569587
-0.00741951
-0.00947275
-0.0118069
-0.014344
-0.0169993
-0.0196938
-0.0223461
-0.0248743
-0.0271988
-0.0292448
-0.0309455
-0.0322437
-0.0330942
-0.0334662
-0.0333456
-0.0327418
-0.0316629
-0.03014
-0.0282185
-0.0259547
-0.0234138
-0.0206672
-0.0177906
-0.0148598
-0.0119501
-0.0091328
-0.00647386
-0.00403492
-0.00188028
-6.27826e-05
0.00143786
0.00268212
0.00362522
0.00420038
0.00442383
0.00432452
0.00393696
0.00330683
0.00249545
0.00155918
0.000622861
-0.000369373
-0.000599842
-0.00121302
0.000631917
-0.0788675
-0.0749082
-0.0699633
-0.0641969
-0.0577843
-0.050904
-0.0437298
-0.036406
-0.029015
-0.0217238
-0.0149767
-0.00893999
-0.00352062
0.00122672
0.00523253
0.00846886
0.0109291
0.0126234
0.0135781
0.0138411
0.0134704
0.0125296
0.011084
0.00919541
0.00693874
0.00440934
0.00170327
-0.0010818
-0.00384601
-0.00649129
-0.00892507
-0.0110625
-0.0128304
-0.0141716
-0.0150444
-0.0154247
-0.0153292
-0.0147617
-0.0137566
-0.0123672
-0.0106594
-0.00870927
-0.00660042
-0.00442123
-0.00226294
-0.000211515
0.00165169
0.00324788
0.00450273
0.00534322
0.00570183
0.00557283
0.00501617
0.00398871
0.00241268
0.000296917
-0.00233032
-0.00543283
-0.00895818
-0.0128383
-0.0169906
-0.0213196
-0.0257178
-0.030069
-0.034251
-0.0381401
-0.0416148
-0.0445577
-0.0468772
-0.04852
-0.0494001
-0.0495023
-0.0488317
-0.0474152
-0.0453052
-0.0425768
-0.0393222
-0.0356439
-0.0316531
-0.0274462
-0.0230408
-0.0184918
-0.0142481
-0.0105626
-0.00731802
-0.00454291
-0.00230839
-0.000643067
0.000445105
0.000961894
0.000926252
0.000381463
-0.000613688
-0.00200763
-0.00374706
-0.00577411
-0.00804723
-0.0105191
-0.0131045
-0.0157117
-0.0182645
-0.0206865
-0.0229033
-0.0248453
-0.0264508
-0.0276672
-0.0284542
-0.0287837
-0.0286425
-0.0280452
-0.0269979
-0.0255306
-0.023687
-0.0215209
-0.0190945
-0.016476
-0.013737
-0.0109506
-0.00818892
-0.00552092
-0.00301032
-0.000718005
0.00129535
0.00298689
0.00438561
0.00551731
0.00632265
0.006761
0.00684834
0.00660778
0.00607088
0.00527946
0.00429077
0.00315451
0.00199449
0.000734038
0.000268235
-0.000699679
0.000978129
-0.0690931
-0.0653241
-0.0606057
-0.0550926
-0.0489496
-0.0423447
-0.0354367
-0.0283407
-0.0211616
-0.0142249
-0.00788218
-0.00211753
0.00307385
0.00759932
0.0114028
0.0144592
0.0167629
0.0183255
0.0191754
0.0193618
0.0189513
0.0180119
0.0166087
0.0148087
0.012669
0.0102636
0.00769916
0.00507314
0.00247738
3.0803e-06
-0.00226361
-0.00424568
-0.00587683
-0.00710509
-0.00789284
-0.00821224
-0.00808464
-0.00751992
-0.00654696
-0.00521523
-0.00358791
-0.00173637
0.000260815
0.00231933
0.00435481
0.00628671
0.00803509
0.00952369
0.0106805
0.0114346
0.01173
0.0115839
0.0110162
0.00996015
0.00837178
0.00626482
0.0036636
0.000604234
-0.00286118
-0.00666575
-0.0107287
-0.0149567
-0.0192454
-0.0234822
-0.0275496
-0.0313287
-0.034702
-0.037554
-0.0398312
-0.0414296
-0.0423028
-0.0424317
-0.0418178
-0.0404885
-0.038494
-0.0359036
-0.0328044
-0.0292951
-0.0254738
-0.0213874
-0.0170448
-0.0127489
-0.00890561
-0.00548466
-0.00245476
9.61246e-05
0.00211643
0.0035848
0.00449488
0.00484786
0.00467599
0.00403345
0.00297425
0.00154128
-0.000213771
-0.00223121
-0.00445078
-0.0068319
-0.00932681
-0.0118418
-0.0142881
-0.0165962
-0.0186977
-0.0205282
-0.0220309
-0.0231582
-0.023874
-0.0241528
-0.0239843
-0.0233852
-0.0223608
-0.0209402
-0.0191658
-0.0170887
-0.0147683
-0.0122696
-0.00966085
-0.0070118
-0.00439187
-0.00186748
0.000500165
0.00265128
0.0045286
0.00610102
0.0074001
0.00841538
0.00908316
0.00938654
0.00933829
0.00895675
0.00827067
0.00731769
0.00615087
0.00481264
0.00342502
0.00189261
0.00117717
-0.000152449
0.00132403
-0.0587167
-0.0551856
-0.0507441
-0.0455356
-0.0397145
-0.033437
-0.0268372
-0.0200162
-0.0131733
-0.0067147
-0.000773141
0.00469629
0.00960069
0.0138541
0.0174093
0.0202429
0.0223513
0.0237432
0.024454
0.0245441
0.0240829
0.0231259
0.0217374
0.0199911
0.0179611
0.0157002
0.0132817
0.0108102
0.00838293
0.00608193
0.00398598
0.00216619
0.000681534
-0.000426491
-0.00113051
-0.00137184
-0.00117552
-0.000598437
0.000360026
0.00165748
0.00322833
0.00500657
0.00691759
0.00888275
0.0108242
0.012663
0.0143223
0.015729
0.0168131
0.017507
0.0177713
0.0176331
0.017067
0.0160017
0.0144249
0.0123491
0.00979614
0.00680219
0.00341859
-0.000289261
-0.00424263
-0.00835079
-0.0125129
-0.0166203
-0.0205608
-0.0242206
-0.0274862
-0.030253
-0.0324748
-0.0340406
-0.0349184
-0.0350879
-0.0345479
-0.0333244
-0.0314654
-0.0290359
-0.0261155
-0.0227968
-0.0191436
-0.0151545
-0.0109936
-0.00712227
-0.00363917
-0.000470915
0.0022974
0.0045903
0.00637107
0.00762176
0.0083275
0.00850293
0.00819337
0.00745936
0.00633713
0.0048694
0.00310724
0.0011071
-0.00106946
-0.0033632
-0.00573879
-0.00814342
-0.010477
-0.0126633
-0.0146415
-0.0163531
-0.0177459
-0.0187769
-0.0194141
-0.0196355
-0.0194324
-0.0188232
-0.0178138
-0.0164317
-0.0147178
-0.0127214
-0.0104987
-0.00811184
-0.00562552
-0.00310678
-0.000622363
0.00176494
0.00399531
0.00600974
0.00775762
0.00922362
0.0104218
0.0113126
0.0118462
0.0120184
0.011837
0.0113172
0.0104848
0.00937314
0.00803142
0.00649392
0.00488092
0.00307803
0.00210242
0.000412014
0.00165644
-0.0479932
-0.0447394
-0.0406163
-0.0357546
-0.0302979
-0.024384
-0.0181183
-0.0116425
-0.00529983
0.000653764
0.00622444
0.0113475
0.0159143
0.0198534
0.0231205
0.0256943
0.0275731
0.0287621
0.0293116
0.0292983
0.0287733
0.0277905
0.0264137
0.0247134
0.0227644
0.0206392
0.01839
0.016084
0.0138234
0.0116974
0.0097764
0.00812356
0.006798
0.00583787
0.00518154
0.00503554
0.00536998
0.00594951
0.00690162
0.00819269
0.00972864
0.0114547
0.0133038
0.0152014
0.0170725
0.0188416
0.0204351
0.0217823
0.0228148
0.0234738
0.0237458
0.0236286
0.023065
0.0220125
0.0204691
0.0184442
0.0159591
0.01305
0.00976713
0.00617412
0.00234743
-0.00162521
-0.00564668
-0.0096136
-0.0134182
-0.0169513
-0.0201016
-0.0228011
-0.0249561
-0.0264978
-0.0273914
-0.027615
-0.0271658
-0.0260661
-0.0243595
-0.0221093
-0.0193898
-0.0162682
-0.0127479
-0.00889274
-0.00514006
-0.00171643
0.00146819
0.00434274
0.00681174
0.00882131
0.0103401
0.0113527
0.01184
0.0118337
0.0114037
0.0105819
0.00940227
0.00790849
0.00614972
0.00418026
0.00205826
-0.000155456
-0.00240826
-0.0046722
-0.00688071
-0.00893839
-0.0107852
-0.0123704
-0.0136466
-0.0145751
-0.0151276
-0.0152856
-0.0150418
-0.0144136
-0.0134122
-0.0120612
-0.0104003
-0.00847672
-0.00634403
-0.00406111
-0.00169008
0.000705077
0.00306063
0.00531698
0.00741519
0.00929887
0.0109271
0.0122966
0.0133879
0.0141489
0.014554
0.0145994
0.0142892
0.0136359
0.0126625
0.0113981
0.00988848
0.00815959
0.00633366
0.00426083
0.00302107
0.000979004
0.00196987
-0.0371707
-0.0342253
-0.0304523
-0.0259711
-0.0209098
-0.0153765
-0.00947916
-0.00348515
0.00228736
0.00778005
0.0129528
0.0176823
0.0218748
0.0254658
0.0284146
0.0307005
0.0323108
0.0332808
0.033674
0.0335502
0.0329554
0.0319454
0.0305821
0.0289319
0.027065
0.0250543
0.0229675
0.0208516
0.0187709
0.0168219
0.0150796
0.0136002
0.0124363
0.0116129
0.0109758
0.0110291
0.0115596
0.0120757
0.0130253
0.0143367
0.0158594
0.0175542
0.0193636
0.0212148
0.0230359
0.0247555
0.0263028
0.027609
0.0286103
0.0292665
0.0295674
0.0294695
0.0289193
0.0278993
0.0264065
0.024449
0.0220485
0.0192404
0.0160737
0.0126102
0.00892382
0.00509876
0.00122765
-0.00259037
-0.0062531
-0.00965425
-0.0126974
-0.015321
-0.0174177
-0.0189418
-0.0198611
-0.0201531
-0.0198101
-0.0188488
-0.017312
-0.0152595
-0.0127502
-0.00978292
-0.0063807
-0.00289853
0.000354248
0.0034291
0.00628912
0.0088262
0.0109706
0.0126786
0.0139212
0.0146679
0.0149366
0.0147792
0.0142368
0.0133361
0.0121121
0.0106068
0.00886655
0.0069429
0.00489106
0.00276784
0.000628827
-0.00148444
-0.00354074
-0.00546085
-0.00716975
-0.00862137
-0.00977496
-0.0105959
-0.0110583
-0.0111475
-0.0108584
-0.0102026
-0.00920318
-0.00787737
-0.00626286
-0.0044055
-0.00235613
-0.000170722
0.00209143
0.00436892
0.00660201
0.00873276
0.0107038
0.0124647
0.0139899
0.0152615
0.0162338
0.0168688
0.0171517
0.0170758
0.0166426
0.0158627
0.0147558
0.0133468
0.0116785
0.00976662
0.00774883
0.005424
0.00391461
0.00153586
0.00226046
-0.0264804
-0.0238669
-0.0204683
-0.0163919
-0.011738
-0.00659482
-0.00115349
0.00424596
0.00948075
0.0145283
0.0192612
0.0235641
0.027354
0.0305713
0.0331804
0.035146
0.0364794
0.0372328
0.037473
0.0372397
0.0365799
0.0355487
0.0342046
0.0326099
0.0308316
0.0289383
0.0269975
0.0250691
0.0231931
0.0214315
0.0198736
0.0185743
0.0175815
0.0169289
0.0164238
0.0165009
0.0170983
0.0177581
0.0187579
0.0200683
0.0215876
0.0232684
0.0250532
0.0268736
0.0286611
0.030347
0.0318631
0.0331439
0.0341392
0.034822
0.0351496
0.0350672
0.034547
0.0335748
0.0321462
0.0302698
0.0279671
0.0252728
0.0222345
0.018912
0.015376
0.0117069
0.0079935
0.00432925
0.000811157
-0.00245444
-0.00540542
-0.00794269
-0.00999116
-0.0115041
-0.0124562
-0.0128335
-0.0126157
-0.0118068
-0.010456
-0.00860887
-0.0062598
-0.00340641
-0.000330559
0.00262797
0.00547245
0.00819589
0.0106866
0.0128617
0.0146656
0.0160596
0.0170026
0.0174919
0.0175698
0.0172783
0.0166376
0.0156752
0.0144255
0.0129269
0.0112226
0.00936088
0.00739379
0.00537524
0.00335862
0.00139191
-0.000495626
-0.00226102
-0.00382558
-0.00513796
-0.00616357
-0.0068726
-0.00724212
-0.0072584
-0.00691961
-0.00623469
-0.00522918
-0.00392387
-0.00235074
-0.000554021
0.00141807
0.00351198
0.00567058
0.00783627
0.00995251
0.0119619
0.0138115
0.015466
0.0168952
0.0180553
0.0189051
0.0194216
0.0195886
0.0193976
0.018849
0.0179508
0.0167201
0.0151777
0.0133627
0.0112816
0.00908793
0.00654399
0.00476839
0.00207526
0.00252057
-0.0161327
-0.0138662
-0.0108617
-0.00720048
-0.00294329
0.00177792
0.00662751
0.0114311
0.0161798
0.020751
0.0250135
0.0288674
0.0322344
0.0350607
0.0373108
0.0389499
0.0400086
0.0405685
0.0406633
0.0403303
0.0396174
0.0385758
0.0372604
0.0357322
0.0340541
0.0322897
0.0305009
0.0287468
0.0270774
0.0255255
0.0241529
0.0230304
0.0221965
0.0216706
0.0214427
0.0216087
0.0221476
0.0229394
0.0240125
0.0253445
0.0268766
0.0285584
0.0303327
0.0321355
0.0339011
0.0355637
0.0370611
0.0383404
0.0393585
0.0400643
0.0404063
0.0403509
0.0398739
0.0389601
0.0376063
0.0358212
0.0336262
0.0310551
0.0281539
0.0249797
0.0216004
0.0180929
0.0145415
0.0110349
0.00766484
0.00451593
0.00166919
-0.000792255
-0.00280145
-0.00430713
-0.00529329
-0.00576957
-0.00571529
-0.0050801
-0.00389225
-0.00219604
3.932e-05
0.00260328
0.0051494
0.00764918
0.0101196
0.0124486
0.0145446
0.0163445
0.0178017
0.0188665
0.0195155
0.019779
0.0197006
0.0192928
0.0185749
0.0175741
0.0163205
0.0148486
0.0131982
0.0114154
0.00954955
0.00765076
0.00576863
0.00394993
0.00223188
0.000638255
-0.000774546
-0.00194396
-0.00283784
-0.0034323
-0.00370694
-0.00364526
-0.00325171
-0.00254205
-0.00152853
-0.000235696
0.00130113
0.00304053
0.00493902
0.00694476
0.00900356
0.0110615
0.0130648
0.0149598
0.0167063
0.0182633
0.0195814
0.0206224
0.0213572
0.0217618
0.0218193
0.0215209
0.0208656
0.0198595
0.0185169
0.0168547
0.0149086
0.0126765
0.0103285
0.00759631
0.00556503
0.00258875
0.00274425
-0.00633567
-0.00441497
-0.00180305
0.00148244
0.00534754
0.00949136
0.0137118
0.0179984
0.0222452
0.0263126
0.0300878
0.0334785
0.0364144
0.0388456
0.0407179
0.0420402
0.0428715
0.0432557
0.0432219
0.0428086
0.0420607
0.0410255
0.039756
0.038309
0.0367435
0.0351187
0.0334914
0.0319153
0.0304391
0.0291009
0.0279319
0.0269923
0.0263288
0.0259612
0.0259008
0.0261725
0.0267694
0.027648
0.0287865
0.0301551
0.0317103
0.0334015
0.0351733
0.0369661
0.0387183
0.0403737
0.0418767
0.0431695
0.0441985
0.0449155
0.0452809
0.0452626
0.0448364
0.0439886
0.0427169
0.0410302
0.0389498
0.036508
0.0337485
0.030727
0.0275083
0.0241655
0.0207773
0.0174283
0.0142022
0.0111677
0.00841677
0.00601767
0.00403265
0.00251738
0.00151311
0.000993589
0.000818506
0.00126255
0.00237843
0.0039513
0.00591038
0.00794878
0.0100033
0.0121115
0.0141675
0.0160751
0.0177675
0.0191919
0.0202959
0.021036
0.0214297
0.021519
0.0213089
0.0208104
0.0200429
0.0190286
0.0177934
0.0163687
0.0147921
0.0131065
0.0113573
0.00959136
0.00785453
0.0061905
0.004638
0.00322218
0.00197175
0.000947115
0.000186228
-0.000294265
-0.00048079
-0.000334773
0.0001218
0.000850618
0.00186869
0.00315186
0.0046533
0.00633938
0.00816824
0.0100898
0.0120539
0.014012
0.0159142
0.017709
0.0193506
0.020793
0.0219958
0.0229249
0.0235506
0.0238494
0.0238047
0.0234074
0.0226554
0.0215532
0.0201126
0.018347
0.0162879
0.0139269
0.0114477
0.00856045
0.00629528
0.00307184
0.00292429
0.00275206
0.00443255
0.00667475
0.00957429
0.0128833
0.0163818
0.0200585
0.0238264
0.0275449
0.0310951
0.0343751
0.0373008
0.0398092
0.0418333
0.0433535
0.044411
0.0450479
0.0452849
0.0451522
0.0446863
0.0439276
0.0429212
0.0417167
0.0403675
0.0389283
0.0374538
0.0359964
0.0346041
0.0333208
0.0321854
0.0312243
0.0304723
0.0299801
0.0297721
0.0298581
0.0302459
0.0309287
0.0318819
0.0330796
0.0344915
0.0360745
0.0377796
0.0395562
0.0413495
0.0431031
0.0447608
0.0462644
0.0475595
0.0485971
0.0493328
0.0497278
0.0497509
0.0493799
0.0486027
0.0474176
0.0458333
0.0438699
0.0415596
0.0389448
0.0360784
0.0330219
0.0298428
0.0266156
0.0234203
0.020328
0.0174134
0.0147511
0.0124071
0.0104334
0.00889488
0.00796375
0.00747721
0.00673966
0.00696912
0.00829351
0.00960536
0.011023
0.0125587
0.0142133
0.0158927
0.0175077
0.0189903
0.0202859
0.0213407
0.0220963
0.022561
0.0227686
0.0227158
0.0224053
0.0218485
0.0210598
0.0200568
0.0188625
0.0175059
0.0160218
0.0144492
0.0128297
0.0112069
0.00962321
0.00811855
0.00672984
0.00548591
0.00440405
0.00352586
0.00289785
0.00253444
0.00240686
0.00266956
0.0032166
0.00391647
0.00493275
0.00621002
0.00767885
0.00931563
0.0110793
0.0129237
0.0148021
0.0166665
0.0184663
0.0201536
0.0216838
0.023015
0.0241087
0.024931
0.0254532
0.0256528
0.0255138
0.0250268
0.0241892
0.0230042
0.0214815
0.0196317
0.0174804
0.015017
0.0124281
0.00942148
0.00695065
0.00353297
0.00304778
0.0110932
0.0125359
0.0144124
0.0167839
0.0194602
0.0224057
0.0255572
0.0287829
0.0319635
0.0349938
0.0377825
0.0402579
0.0423421
0.0439875
0.0452178
0.0460696
0.0465507
0.0466804
0.0464862
0.0460007
0.0452604
0.0443076
0.0431887
0.0419537
0.0406535
0.0393385
0.0380564
0.0368503
0.0357592
0.0348183
0.0340559
0.0334932
0.0331717
0.0331184
0.033342
0.0338447
0.0346194
0.0356473
0.0369033
0.038356
0.039966
0.0416882
0.0434736
0.0452698
0.0470226
0.0486777
0.0501812
0.0514821
0.0525326
0.0532896
0.0537161
0.053783
0.0534694
0.0527639
0.0516652
0.0501832
0.0483376
0.0461594
0.0436896
0.0409776
0.0380802
0.0350613
0.0319923
0.0289411
0.0259791
0.0231739
0.0205961
0.0183023
0.0163058
0.0146688
0.0138456
0.0130226
0.0121007
0.0125397
0.0135819
0.0143801
0.0153017
0.0164398
0.0176623
0.0188925
0.020073
0.0211495
0.0220659
0.0227578
0.0232325
0.0235067
0.0235673
0.0234095
0.0230355
0.0224521
0.0216688
0.0207002
0.0195673
0.0182963
0.0169191
0.0154714
0.0139916
0.0125187
0.0110915
0.00974767
0.00852191
0.00744126
0.00652148
0.00578896
0.00529704
0.00504346
0.0049087
0.00535683
0.0060349
0.00663207
0.00765824
0.00893127
0.010367
0.011954
0.0136544
0.015423
0.0172148
0.018983
0.0206805
0.022262
0.0236845
0.0249078
0.0258953
0.0266147
0.0270388
0.0271459
0.0269204
0.0263534
0.0254422
0.0241894
0.0226023
0.0206901
0.0184711
0.0159373
0.0132534
0.0101686
0.00751254
0.00398797
0.00309739
0.0187521
0.019745
0.0211662
0.0229364
0.0250628
0.0274851
0.0300877
0.0327619
0.0354062
0.0379281
0.040251
0.0422929
0.0439835
0.0453298
0.046355
0.0470527
0.0474284
0.0474984
0.0472846
0.0468151
0.0461233
0.0452484
0.0442342
0.0431275
0.041976
0.0408263
0.0397218
0.0387011
0.0377986
0.0370453
0.0364682
0.0360863
0.0359294
0.0360236
0.0363771
0.0369898
0.037854
0.0389533
0.0402637
0.041755
0.0433899
0.045126
0.0469166
0.0487122
0.0504616
0.0521133
0.0536162
0.0549212
0.0559826
0.0567592
0.0572153
0.0573236
0.0570653
0.0564306
0.0554187
0.0540393
0.0523121
0.0502659
0.0479387
0.0453771
0.0426341
0.03977
0.0368498
0.0339357
0.0310941
0.0283958
0.0258937
0.0236172
0.0216201
0.0199972
0.0187985
0.0179103
0.0175212
0.0175877
0.0178596
0.0182241
0.018788
0.0194981
0.0202771
0.0210804
0.0218603
0.0225547
0.0231055
0.0235283
0.0238157
0.0239443
0.0239
0.0236769
0.0232735
0.0226909
0.0219359
0.0210211
0.0199647
0.018791
0.0175294
0.0162125
0.0148754
0.0135543
0.0122843
0.011099
0.0100302
0.00910483
0.00833937
0.00774756
0.00737038
0.00721049
0.00726966
0.00766357
0.00828024
0.00904606
0.0100733
0.0113079
0.0127057
0.0142404
0.0158747
0.0175662
0.0192712
0.0209445
0.0225412
0.0240181
0.0253347
0.026453
0.0273386
0.0279606
0.0282932
0.0283154
0.0280122
0.027375
0.0264015
0.025095
0.0234611
0.0215117
0.0192557
0.0166997
0.0139254
0.0108255
0.00793887
0.00440951
0.00302672
0.025431
0.0259481
0.0267975
0.028036
0.0296435
0.0315154
0.0335591
0.0356875
0.0378158
0.039868
0.0417569
0.0434002
0.0447999
0.0459533
0.0468364
0.0474399
0.0477667
0.0478261
0.0476346
0.0472156
0.0465998
0.0458241
0.04493
0.0439617
0.0429641
0.0419805
0.0410507
0.0402095
0.0394867
0.0389093
0.0385024
0.0382855
0.0382821
0.0385131
0.0389859
0.0396994
0.0406457
0.0418095
0.0431682
0.0446926
0.0463479
0.0480938
0.0498863
0.0516786
0.0534223
0.0550687
0.0565693
0.0578773
0.0589486
0.0597434
0.0602272
0.0603741
0.0601677
0.0596002
0.058672
0.0573922
0.0557785
0.0538579
0.0516663
0.0492471
0.0466503
0.0439341
0.0411514
0.0383656
0.0356364
0.0330147
0.0305459
0.0282805
0.0262865
0.0246298
0.0233906
0.022545
0.0219619
0.0215144
0.0213115
0.0213147
0.0214661
0.0217373
0.0220945
0.0225201
0.022918
0.0232539
0.0235667
0.0238141
0.0239603
0.0239857
0.0238771
0.0236227
0.023215
0.0226532
0.021942
0.0210921
0.0201203
0.0190491
0.0179054
0.0167194
0.0155231
0.0143487
0.0132282
0.0121929
0.0112717
0.0104892
0.00986157
0.00939969
0.00913177
0.00907539
0.00923942
0.00964772
0.0102751
0.0110922
0.0121114
0.0133177
0.0146775
0.01616
0.0177297
0.0193463
0.0209665
0.0225464
0.0240427
0.0254151
0.026626
0.0276403
0.028426
0.0289542
0.0292002
0.0291438
0.0287707
0.0280731
0.0270493
0.0257053
0.0240419
0.0220771
0.0197976
0.0172811
0.0144647
0.0114149
0.00828936
0.00481969
0.00279565
0.0310702
0.0309932
0.0313239
0.0320552
0.0331128
0.0344256
0.0359231
0.0375395
0.0392143
0.0408368
0.0423338
0.0437176
0.0449458
0.0459761
0.0467838
0.0473552
0.0476848
0.0477762
0.0476417
0.0473009
0.046782
0.0461203
0.0453556
0.0445301
0.0436861
0.0428642
0.0421019
0.0414303
0.0408748
0.0404589
0.0402052
0.0401369
0.0402716
0.0406256
0.0412046
0.042007
0.0430253
0.0442444
0.0456429
0.0471929
0.0488613
0.0506101
0.0523976
0.0541793
0.0559095
0.0575421
0.0590321
0.0603357
0.0614114
0.0622199
0.0627278
0.062911
0.0627555
0.0622546
0.0614083
0.0602242
0.0587195
0.0569186
0.0548526
0.0525658
0.0501104
0.0475263
0.0448663
0.0421871
0.0395345
0.0369572
0.0345271
0.0322991
0.0303702
0.0287891
0.0274979
0.026371
0.0253368
0.024536
0.0239568
0.0235475
0.0232902
0.0231825
0.0231877
0.0232361
0.0233423
0.0234897
0.0236366
0.0237497
0.0238023
0.0237682
0.0236256
0.0233606
0.0229646
0.0224348
0.0217743
0.0209929
0.0201065
0.019136
0.0181063
0.0170451
0.0159814
0.014944
0.013962
0.0130639
0.0122763
0.0116222
0.011117
0.0107702
0.0106007
0.0106285
0.0108619
0.0113064
0.0119518
0.0127824
0.0137934
0.0149701
0.0162862
0.0177124
0.019215
0.0207547
0.0222893
0.0237755
0.0251722
0.0264421
0.0275514
0.0284681
0.0291617
0.0296049
0.0297735
0.0296468
0.0292105
0.0284595
0.0273938
0.0260227
0.0243273
0.022369
0.0201136
0.0176191
0.0148345
0.0118833
0.00863617
0.00527089
0.00239972
0.035466
0.0349013
0.0347464
0.0349472
0.0354603
0.0362477
0.0372538
0.0384438
0.0396881
0.0409546
0.042243
0.0434793
0.0446053
0.0455798
0.0463697
0.0469538
0.0473239
0.047479
0.0474253
0.04718
0.04677
0.0462294
0.0455966
0.0449116
0.0442142
0.0435434
0.0429346
0.0424163
0.0420099
0.0417352
0.0416144
0.041674
0.0419272
0.0423856
0.0430533
0.0439289
0.0450052
0.0462676
0.0476953
0.049262
0.0509359
0.052681
0.0544578
0.0562245
0.0579381
0.0595554
0.0610344
0.0623348
0.0634176
0.0642423
0.0647713
0.0649817
0.0648652
0.0644188
0.0636442
0.062547
0.0611409
0.0594382
0.0574919
0.0553328
0.0529947
0.0505243
0.0479509
0.0453392
0.0427614
0.0402567
0.0379409
0.0358386
0.0339682
0.0322792
0.0306327
0.0291299
0.0278195
0.0266973
0.0257576
0.0250125
0.0244588
0.0240088
0.0236795
0.0235131
0.0234526
0.0234575
0.0234908
0.0235179
0.0235074
0.0234319
0.0232688
0.0230021
0.0226222
0.0221243
0.021511
0.0207928
0.0199851
0.019107
0.0181809
0.0172321
0.016287
0.0153714
0.0145117
0.0137336
0.0130615
0.012518
0.0121165
0.0118675
0.0117841
0.0118837
0.0121714
0.0126462
0.0133014
0.0141279
0.0151179
0.0162584
0.0175274
0.0188983
0.020339
0.0218104
0.0232675
0.0246647
0.0259609
0.0271232
0.0281242
0.0289373
0.0295354
0.0298932
0.0299901
0.029804
0.0293158
0.0285189
0.0274072
0.0260202
0.0243478
0.0223937
0.0201699
0.0177177
0.0149967
0.0121106
0.008967
0.00585589
0.00186829
0.0387516
0.0377234
0.0370556
0.0367389
0.0367644
0.0371467
0.0377439
0.0385152
0.0395082
0.040619
0.0417808
0.0429296
0.0440099
0.0449755
0.0457837
0.0464049
0.0468315
0.0470605
0.0470939
0.046947
0.0466458
0.0462235
0.0457171
0.0451643
0.0446021
0.0440679
0.0435963
0.0432135
0.042937
0.0427823
0.0427775
0.0429449
0.0432973
0.0438412
0.0445802
0.0455147
0.0466371
0.0479315
0.0493776
0.0509503
0.0526193
0.0543501
0.0561051
0.0578448
0.0595295
0.0611197
0.0625765
0.0638631
0.0649449
0.0657794
0.0663198
0.0665501
0.0664747
0.0660878
0.0653871
0.0643588
0.0630311
0.0614432
0.0596014
0.057531
0.0552677
0.052879
0.0503854
0.0478657
0.0454629
0.0430878
0.0408509
0.0387764
0.0366912
0.0346639
0.0327888
0.0310699
0.0295106
0.0281377
0.0269393
0.0258709
0.0249955
0.0243616
0.0239117
0.0236157
0.0234377
0.0233417
0.0232904
0.0232499
0.0231896
0.0230819
0.0229015
0.0226323
0.0222656
0.0217952
0.0212225
0.0205592
0.0198201
0.0190216
0.0181842
0.0173317
0.0164884
0.0156767
0.0149204
0.014242
0.0136627
0.0132066
0.0128897
0.0127198
0.0127033
0.0128573
0.0131854
0.0136819
0.0143395
0.0151521
0.0161138
0.0172128
0.0184285
0.0197356
0.021105
0.022499
0.0238719
0.0251769
0.026374
0.0274364
0.0283427
0.0290688
0.0295889
0.0298792
0.0299212
0.0296777
0.0291147
0.0282628
0.0271451
0.025756
0.0240947
0.0221534
0.0199725
0.0175548
0.0149026
0.0121644
0.00915205
0.00639676
0.00127627
0.0409176
0.0394683
0.0384251
0.0377763
0.0374135
0.0373728
0.0377097
0.0383229
0.0391587
0.0401538
0.0412436
0.0423467
0.043405
0.0443719
0.0451976
0.0458471
0.0463335
0.0466356
0.0467499
0.0466937
0.0464923
0.0461779
0.0457859
0.0453507
0.0449055
0.044488
0.0441316
0.0438595
0.0436865
0.0436292
0.0437164
0.04397
0.0444009
0.0450083
0.0457923
0.0467612
0.0479097
0.0492192
0.0506699
0.0522382
0.0538951
0.0556074
0.0573391
0.0590519
0.0607078
0.0622705
0.0637044
0.0649819
0.066086
0.0669635
0.0675149
0.0677312
0.0676549
0.0672759
0.0666136
0.0656979
0.0644413
0.0628983
0.0611308
0.0591243
0.0569236
0.0546992
0.0523897
0.0499015
0.0476078
0.045346
0.0429968
0.0406527
0.0384027
0.0362548
0.0342161
0.0323113
0.0305239
0.0288809
0.0274786
0.026322
0.0253802
0.0246442
0.02409
0.0236952
0.0234319
0.0232582
0.023135
0.0230337
0.0229254
0.0227872
0.0225888
0.0223141
0.0219531
0.0214932
0.0209397
0.0203175
0.0196368
0.018904
0.018137
0.0173619
0.0166009
0.0158701
0.0151942
0.014595
0.0140862
0.0136927
0.0134514
0.0133452
0.0133788
0.0135813
0.0139429
0.0144477
0.015084
0.0158526
0.0167591
0.0178006
0.0189577
0.0202097
0.0215367
0.0228957
0.0242236
0.0254528
0.026534
0.0274595
0.0282369
0.0288551
0.0292827
0.0294793
0.0294538
0.0291919
0.0286296
0.0277466
0.0266298
0.0252583
0.0235852
0.0216382
0.0195358
0.0172307
0.0146456
0.0121379
0.00904605
0.00651824
0.000829845
0.0423804
0.0405822
0.0391162
0.0381286
0.0375986
0.0374609
0.0376785
0.0381842
0.038913
0.0398165
0.0408632
0.0419272
0.0429625
0.0439367
0.0447807
0.0453949
0.0459203
0.0462805
0.0464538
0.0464666
0.0463455
0.0461214
0.0458272
0.045492
0.0451423
0.0448227
0.0445618
0.044377
0.0442845
0.0443073
0.0444667
0.0447884
0.0452872
0.0459413
0.0467554
0.0477562
0.0489257
0.0502406
0.0516863
0.0532404
0.0548743
0.0565557
0.0582486
0.0599158
0.0615226
0.0630415
0.0644385
0.0656791
0.0667694
0.0676687
0.0681784
0.0683782
0.0683586
0.0680615
0.0674697
0.0665767
0.0653292
0.0638113
0.0621742
0.0603135
0.05812
0.0559675
0.0538189
0.0515196
0.0490625
0.0466012
0.0441702
0.041738
0.0393723
0.0370861
0.0348792
0.0328216
0.0309758
0.0293331
0.0279024
0.026687
0.025682
0.0248814
0.0242635
0.0238015
0.0234792
0.0232437
0.0230516
0.022892
0.0227451
0.0225791
0.0223441
0.022046
0.021691
0.0212465
0.0207184
0.0201272
0.0194835
0.0188005
0.0180805
0.0173639
0.0166749
0.0160071
0.0153945
0.0148585
0.0143757
0.0139879
0.0138373
0.0137938
0.0138149
0.0140342
0.0144184
0.0149274
0.015545
0.0162813
0.0171464
0.0181434
0.0192388
0.0204094
0.0216506
0.0229172
0.0241556
0.0252957
0.026279
0.0271204
0.0278244
0.0283676
0.0287237
0.0288714
0.0290196
0.02876
0.0279193
0.0269579
0.0258516
0.024495
0.0228595
0.020939
0.0188779
0.0167205
0.0143194
0.0118166
0.00858983
0.00607722
0.000660742
0.0429435
0.0410864
0.039639
0.0386185
0.0380114
0.0377868
0.0379089
0.03832
0.0389682
0.0398287
0.0407983
0.0417449
0.0426999
0.0436138
0.0444053
0.0451091
0.0456776
0.046043
0.0462514
0.0463181
0.046261
0.046108
0.0458878
0.0456253
0.045346
0.0451027
0.0449138
0.0447895
0.0447526
0.0448247
0.0450198
0.0453905
0.0459894
0.0466685
0.047424
0.0484179
0.0495991
0.0509059
0.0523341
0.0538655
0.0554731
0.0571265
0.0587915
0.0604292
0.0619992
0.0634748
0.0647932
0.0659124
0.0671439
0.0684801
0.0688665
0.0686458
0.068577
0.0683358
0.0677911
0.0669572
0.0657802
0.0642613
0.0626632
0.0609428
0.0590092
0.056829
0.0544736
0.0521457
0.0496458
0.0471205
0.0446204
0.0421239
0.0396852
0.0373764
0.0352045
0.0331832
0.031338
0.0296816
0.0282292
0.0269895
0.0259586
0.0251268
0.0244674
0.0239669
0.0235935
0.0232959
0.02304
0.0228259
0.0226295
0.0224033
0.0221542
0.0218557
0.0214814
0.0210425
0.0205409
0.0199706
0.019345
0.0186864
0.0180091
0.0173357
0.0166782
0.0160487
0.0154652
0.0149468
0.0145078
0.0141872
0.0140194
0.0139864
0.0140882
0.0143681
0.0148396
0.0153666
0.0158708
0.0164356
0.0171411
0.0180552
0.0190613
0.020139
0.0214252
0.0228325
0.0242317
0.0253895
0.0261083
0.0266149
0.0270978
0.0275859
0.027948
0.0280715
0.0280283
0.0276652
0.0269906
0.0261227
0.0249491
0.0235638
0.0220218
0.0202554
0.0182094
0.0159508
0.0135702
0.01109
0.00798778
0.00536029
0.000799949
0.0436085
0.0417237
0.040234
0.0391554
0.0384871
0.0382091
0.0382787
0.0386312
0.0392097
0.0399955
0.0408701
0.041738
0.0425762
0.0433934
0.0441688
0.0449287
0.0454874
0.0458819
0.046128
0.0462367
0.0462285
0.0461269
0.0459571
0.0457447
0.0455242
0.0453318
0.0451841
0.0450936
0.0450948
0.0452093
0.0454539
0.0458502
0.0464156
0.0471237
0.0479669
0.0489749
0.0501363
0.0514252
0.0528283
0.054327
0.0558967
0.0575035
0.059108
0.0606609
0.0621039
0.0634832
0.0648163
0.0660095
0.06709
0.0679763
0.0685358
0.0687545
0.0687214
0.0683686
0.0677652
0.0669757
0.0659373
0.0646196
0.0629805
0.0610905
0.0591157
0.0569092
0.0545661
0.0521706
0.0496794
0.0471525
0.0446562
0.0422051
0.039824
0.0375477
0.0353982
0.0333993
0.0315751
0.0299409
0.0285045
0.0272683
0.0262308
0.0253784
0.0246927
0.0241512
0.0237137
0.0233692
0.0230771
0.0228064
0.0225495
0.0222823
0.022015
0.0217131
0.0213373
0.0208977
0.0203989
0.0198449
0.0192422
0.0186046
0.0179607
0.0173092
0.0166772
0.0160777
0.0155233
0.0150361
0.0146306
0.014328
0.0141461
0.0140853
0.0141589
0.0143841
0.0147637
0.0152603
0.0158281
0.0164702
0.0172074
0.0180759
0.0190436
0.0200699
0.0211592
0.0222887
0.0234081
0.0244274
0.0252756
0.0259633
0.0265192
0.0269523
0.0272215
0.0272902
0.0271336
0.0267456
0.02609
0.0252182
0.0241173
0.0227328
0.0211
0.0192701
0.0172456
0.0150677
0.0126983
0.0102265
0.00738163
0.00472156
0.00105113
0.0441425
0.0422715
0.0407978
0.0397241
0.0390404
0.0387239
0.0387264
0.038997
0.0394763
0.0401311
0.0409042
0.041751
0.0425709
0.0433649
0.0441607
0.0448741
0.0454148
0.045816
0.0460758
0.0462187
0.046253
0.0461965
0.0460726
0.0459054
0.04572
0.045538
0.045411
0.045356
0.0453824
0.0455086
0.04576
0.0461535
0.046699
0.0473887
0.0482185
0.0491968
0.0503202
0.0515716
0.0529331
0.0543846
0.0559062
0.0574737
0.0590532
0.0606089
0.0621038
0.0635104
0.0648048
0.0659571
0.0669442
0.0677793
0.0683563
0.0685789
0.0685475
0.0682576
0.0676454
0.0667496
0.0655925
0.0642358
0.0625957
0.0607636
0.0587832
0.0566342
0.0543545
0.0519931
0.0495701
0.0471169
0.044674
0.0422698
0.0399335
0.0376975
0.035588
0.033626
0.0318292
0.0302108
0.0287792
0.0275371
0.0264829
0.0256054
0.0248901
0.0243004
0.0238095
0.0234101
0.0230879
0.0227976
0.0225199
0.0222455
0.0219452
0.0216069
0.0212168
0.0207718
0.0202777
0.0197356
0.019145
0.0185269
0.0178973
0.0172597
0.0166412
0.0160578
0.0155123
0.0150349
0.0146448
0.0143559
0.0141816
0.0141298
0.0142039
0.0144072
0.0147389
0.0151809
0.0157122
0.0163304
0.017044
0.0178605
0.0187667
0.0197442
0.0207883
0.021876
0.0229453
0.0239094
0.0246965
0.0253113
0.0258027
0.0261742
0.0264131
0.0264522
0.0262408
0.0258249
0.0251587
0.0242412
0.0231027
0.0217407
0.0201672
0.0183989
0.0164372
0.0143056
0.0119923
0.00956355
0.00692228
0.00428687
0.00123277
0.0446987
0.0428415
0.0413615
0.0402655
0.0395406
0.0391454
0.039064
0.0392675
0.0397179
0.0403316
0.0410561
0.041845
0.0426376
0.043409
0.0441387
0.0447895
0.0453307
0.0457406
0.0460241
0.0461924
0.0462535
0.0462233
0.0461274
0.0459907
0.0458316
0.0456848
0.0455854
0.0455465
0.0455901
0.045739
0.0460118
0.046419
0.0469671
0.0476561
0.048485
0.0494537
0.050556
0.0517772
0.0531
0.0545118
0.0559757
0.0574749
0.0589836
0.0604701
0.0619087
0.0632775
0.0645459
0.0656714
0.0665926
0.0673053
0.0678298
0.0680532
0.0680015
0.0676894
0.0671073
0.0662592
0.0651626
0.0638321
0.0622612
0.0604836
0.0585326
0.0564284
0.0541985
0.0518775
0.0494967
0.0470887
0.044689
0.0423291
0.0400377
0.0378423
0.0357673
0.0338335
0.0320581
0.0304534
0.0290268
0.0277796
0.0267074
0.0258008
0.0250476
0.0244298
0.0239233
0.0234992
0.0231368
0.0228098
0.0224999
0.0221922
0.0218673
0.0215116
0.0211119
0.0206631
0.0201686
0.0196308
0.0190578
0.0184641
0.0178566
0.0172399
0.016622
0.0160486
0.0155285
0.0150712
0.0146936
0.0144111
0.0142391
0.0141889
0.0142516
0.0144225
0.0147159
0.0151243
0.0156347
0.0162385
0.0169325
0.0177143
0.018574
0.0194957
0.0204614
0.0214441
0.0224064
0.0232978
0.0240646
0.0246873
0.0251675
0.0255007
0.0256751
0.0256655
0.0254433
0.0249992
0.0243271
0.0234213
0.0222927
0.0209607
0.0194225
0.0176938
0.0157737
0.0136794
0.0114333
0.00906217
0.00655671
0.00398854
0.00129473
0.0474077
0.0452135
0.0433681
0.0418833
0.0407622
0.0399993
0.0395765
0.0394622
0.0396125
0.0399829
0.0405207
0.0411749
0.0419004
0.0426517
0.0433908
0.0440891
0.0447178
0.0452457
0.0456552
0.0459557
0.0461401
0.0462248
0.0462278
0.0461676
0.0460659
0.0459459
0.0458418
0.0457678
0.0457401
0.0457949
0.0459586
0.0462392
0.0466458
0.0471825
0.0478546
0.0486626
0.0496041
0.050673
0.0518577
0.053142
0.0545069
0.0559295
0.0573948
0.0588754
0.0603342
0.0617394
0.0630639
0.0642762
0.0653433
0.0662376
0.0669371
0.0674248
0.0676419
0.0675881
0.0672861
0.0667338
0.0658855
0.0647862
0.0634574
0.0619092
0.0601646
0.0582507
0.0561913
0.0540127
0.0517462
0.0494218
0.0470695
0.0447219
0.0424107
0.0401639
0.0380079
0.0359666
0.0340601
0.0323043
0.0307111
0.0292872
0.0280341
0.0269478
0.0260195
0.0252361
0.0245815
0.0240366
0.0235778
0.0231821
0.0228254
0.0224836
0.0221474
0.0218032
0.0214307
0.0210208
0.0205693
0.0200733
0.0195382
0.0189786
0.0183989
0.0178046
0.0172036
0.0166066
0.0160427
0.0155414
0.0151026
0.014739
0.0144676
0.0142997
0.0142434
0.0143003
0.0144702
0.0147539
0.0151457
0.0156375
0.0162221
0.0168943
0.0176476
0.0184718
0.0193515
0.0202672
0.0211911
0.0220863
0.022912
0.0236293
0.0242137
0.0246567
0.0249513
0.0250841
0.0250358
0.0247869
0.0243259
0.0236469
0.0227471
0.0216321
0.0203117
0.0187938
0.017088
0.0152045
0.013159
0.0109809
0.00867848
0.00628104
0.00379338
0.00129085
0.0479113
0.0457462
0.0439156
0.0424307
0.0412936
0.0404969
0.0400247
0.0398476
0.0399423
0.0402469
0.0407203
0.0413067
0.0419656
0.0426622
0.0433564
0.0440163
0.044616
0.0451243
0.0455303
0.0458335
0.0460336
0.0461373
0.0461656
0.0461353
0.0460667
0.0459836
0.0459114
0.0458709
0.045883
0.0459726
0.0461584
0.0464534
0.04687
0.0474139
0.0480885
0.0488948
0.0498271
0.0508794
0.0520407
0.0532954
0.0546191
0.0560023
0.0574183
0.0588409
0.060242
0.0615921
0.0628627
0.0640233
0.0650423
0.0658906
0.0665439
0.0669777
0.0671663
0.0671112
0.0668066
0.0662435
0.065423
0.0643591
0.063066
0.0615588
0.0598582
0.0579886
0.0559752
0.053845
0.0516275
0.0493531
0.0470508
0.0447515
0.0424861
0.040282
0.0381646
0.0361564
0.0342766
0.0325405
0.0309594
0.0295394
0.0282821
0.0271839
0.026237
0.0254291
0.0247448
0.0241656
0.0236705
0.0232387
0.0228491
0.0224821
0.022122
0.0217537
0.0213636
0.0209436
0.0204886
0.0199974
0.0194734
0.0189241
0.0183565
0.0177786
0.0172007
0.0166361
0.0161031
0.0156194
0.0151993
0.0148523
0.0145933
0.0144336
0.0143793
0.0144332
0.014596
0.014867
0.0152427
0.0157166
0.0162817
0.0169308
0.0176553
0.0184434
0.0192793
0.0201427
0.0210073
0.0218411
0.0226103
0.0232832
0.0238346
0.0242487
0.0245135
0.0246152
0.0245386
0.0242692
0.0237961
0.0231136
0.0222198
0.021118
0.0198152
0.0183202
0.0166429
0.0147967
0.0127959
0.0106667
0.00841575
0.00608758
0.0036659
0.0012705
0.048344
0.0462084
0.044395
0.0429145
0.0417688
0.0409507
0.040444
0.0402165
0.0402527
0.0404961
0.0409062
0.0414353
0.0420416
0.0426876
0.0433375
0.0439595
0.044527
0.0450178
0.0454189
0.0457249
0.0459353
0.0460583
0.0461102
0.046108
0.0460697
0.0460184
0.0459753
0.0459587
0.0459959
0.046109
0.0463136
0.0466219
0.0470458
0.047593
0.0482659
0.0490642
0.0499846
0.0510199
0.052159
0.0533869
0.0546851
0.0560355
0.057415
0.0587989
0.0601599
0.0614688
0.0626969
0.0638156
0.0647961
0.0656108
0.0662336
0.0666399
0.0668142
0.0667488
0.0664538
0.0658771
0.0650616
0.064011
0.0627372
0.0612563
0.0595879
0.0577546
0.0557813
0.0536942
0.0515218
0.0492931
0.0470367
0.044782
0.0425585
0.0403929
0.0383096
0.0363305
0.0344741
0.0327551
0.0311842
0.0297675
0.0285064
0.0273979
0.0264346
0.0256053
0.0248953
0.0242876
0.0237629
0.0233015
0.022884
0.0224923
0.0221102
0.0217233
0.0213196
0.020891
0.0204326
0.0199434
0.019426
0.0188858
0.0183298
0.0177663
0.0172059
0.0166615
0.0161463
0.0156802
0.0152795
0.014952
0.0147091
0.0145603
0.0145122
0.0145686
0.0147306
0.0149972
0.0153649
0.0158284
0.0163805
0.0170133
0.0177168
0.0184782
0.0192812
0.0201051
0.020925
0.021712
0.0224363
0.0230699
0.023589
0.0239753
0.024214
0.0242911
0.0241925
0.023906
0.0234221
0.0227355
0.0218445
0.0207514
0.0194622
0.0179854
0.0163314
0.0145142
0.0125477
0.0104556
0.008246
0.00595937
0.00358507
0.00123129
0.0486081
0.0464945
0.0446952
0.0432205
0.0420721
0.0412436
0.0407217
0.0404904
0.0404748
0.0406711
0.0410365
0.0415252
0.0420948
0.0427068
0.0433262
0.0439223
0.0444689
0.0449457
0.0453395
0.0456447
0.0458618
0.0459975
0.0460636
0.0460773
0.0460612
0.0460338
0.0460163
0.0460339
0.0460996
0.04623
0.0464477
0.046767
0.0471982
0.0477484
0.048421
0.0492142
0.0501269
0.0511506
0.0522744
0.0534839
0.0547619
0.0560889
0.0574427
0.0587982
0.0601291
0.0614071
0.0626038
0.0636911
0.0646412
0.0654273
0.0660248
0.0664113
0.066567
0.0664783
0.0661251
0.0655746
0.0647801
0.0637484
0.0624937
0.0610335
0.0593878
0.0575791
0.0556319
0.0535725
0.0514287
0.0492288
0.0470018
0.044776
0.0425796
0.0404394
0.0383791
0.03642
0.0345801
0.0328737
0.0313111
0.0298983
0.0286367
0.0275235
0.0265517
0.0257104
0.0249858
0.0243615
0.0238193
0.0233404
0.0229064
0.0224997
0.0221046
0.0217069
0.0212956
0.0208626
0.0204031
0.0199163
0.019404
0.0188712
0.0183246
0.0177729
0.0172268
0.0166995
0.016209
0.0157675
0.0153783
0.0150604
0.0148257
0.0146832
0.0146392
0.0146974
0.0148589
0.0151229
0.0154861
0.0159432
0.0164873
0.0171099
0.0178004
0.0185455
0.0193284
0.0201287
0.0209221
0.0216817
0.0223796
0.0229897
0.0234888
0.0238578
0.0240806
0.0241428
0.0240312
0.0237344
0.0232437
0.0225539
0.0216636
0.0205748
0.019293
0.0178264
0.0161856
0.0143842
0.0124369
0.0103641
0.00818018
0.00591253
0.00357285
0.00120806
-0.102852
-0.100046
-0.0962879
-0.0917243
-0.086524
-0.0808624
-0.0749285
-0.0689116
-0.0629733
-0.0572694
-0.0519417
-0.0471115
-0.0428841
-0.0393026
-0.036141
-0.0338039
-0.0329207
-0.032486
-0.0328103
-0.0339472
-0.0358387
-0.0384654
-0.041755
-0.0456011
-0.0498837
-0.0544836
-0.0592811
-0.0641286
-0.0688639
-0.0733224
-0.0773431
-0.0807751
-0.0834857
-0.0853657
-0.0863414
-0.0864063
-0.0855494
-0.0838097
-0.081262
-0.0780057
-0.074165
-0.0698766
-0.0652859
-0.060546
-0.0558041
-0.0511901
-0.0468319
-0.0428339
-0.0392936
-0.036285
-0.0339008
-0.032217
-0.0311083
-0.0307812
-0.0310445
-0.0319986
-0.0336349
-0.0359048
-0.0387394
-0.0420459
-0.045737
-0.0497265
-0.0539135
-0.0581747
-0.062377
-0.0663841
-0.0700596
-0.073273
-0.0759047
-0.0778513
-0.0790347
-0.0794366
-0.0790241
-0.0778194
-0.0758678
-0.0732433
-0.0700416
-0.0663732
-0.0623624
-0.0581364
-0.0538338
-0.0495767
-0.0454758
-0.0416437
-0.0381751
-0.0351462
-0.0324886
-0.0302082
-0.029023
-0.0282663
-0.027991
-0.028369
-0.0293089
-0.0307646
-0.0327215
-0.0351162
-0.0378709
-0.0409047
-0.0441286
-0.0474432
-0.0507468
-0.0539354
-0.0568987
-0.0595283
-0.0617225
-0.0633905
-0.0644542
-0.0648586
-0.0645945
-0.0636436
-0.0620255
-0.0597824
-0.0569768
-0.0536891
-0.0500086
-0.0460367
-0.04188
-0.0376457
-0.0334301
-0.0293186
-0.025394
-0.021737
-0.0183619
-0.0153278
-0.0126659
-0.0107069
-0.00886274
-0.00740707
-0.00635413
-0.00560696
-0.00512909
-0.0048632
-0.00472287
-0.00461614
-0.00445037
-0.00409565
-0.00356708
-0.107576
-0.104468
-0.100366
-0.0954251
-0.0898231
-0.0837461
-0.0773894
-0.070947
-0.0645895
-0.0584749
-0.0527502
-0.0475472
-0.0429629
-0.038876
-0.0352663
-0.032781
-0.0313802
-0.0306606
-0.03073
-0.0315891
-0.033192
-0.035512
-0.0384938
-0.0420508
-0.0460749
-0.0504319
-0.0549854
-0.0596033
-0.0641346
-0.0684195
-0.0723023
-0.0756381
-0.0782986
-0.0801772
-0.0812009
-0.0813628
-0.0806484
-0.0790932
-0.0767665
-0.0737604
-0.0701937
-0.0661987
-0.0619107
-0.0574765
-0.0530397
-0.0487277
-0.0446652
-0.0409603
-0.0377139
-0.034991
-0.0329038
-0.0316944
-0.0307105
-0.030463
-0.0308987
-0.0320261
-0.0338723
-0.0363146
-0.0392691
-0.0426916
-0.0465127
-0.0506344
-0.0549427
-0.059312
-0.0636087
-0.0676941
-0.0714301
-0.0746841
-0.0773354
-0.0792775
-0.0804325
-0.0807854
-0.0803037
-0.0790106
-0.0769549
-0.0742129
-0.0708827
-0.067078
-0.0629281
-0.0585618
-0.0541208
-0.0497287
-0.0455021
-0.041556
-0.0379992
-0.0348667
-0.0318701
-0.0294042
-0.0283034
-0.0274323
-0.0271078
-0.0274324
-0.0283175
-0.0297216
-0.0316183
-0.0339524
-0.0366508
-0.0396317
-0.0428052
-0.046074
-0.0493331
-0.0524779
-0.0554034
-0.0580032
-0.0601779
-0.0618382
-0.0629083
-0.0633349
-0.0631065
-0.062206
-0.0606533
-0.0584872
-0.0557694
-0.0525778
-0.0490005
-0.0451345
-0.0410822
-0.0369515
-0.0328371
-0.0288257
-0.0250054
-0.0214467
-0.0181884
-0.0153953
-0.0130289
-0.0107632
-0.00897193
-0.00755428
-0.00649696
-0.00579457
-0.00535956
-0.00512111
-0.0049973
-0.00490173
-0.00473725
-0.00439019
-0.00378741
-0.00271657
-0.00129358
-0.110815
-0.107426
-0.103007
-0.0977221
-0.0917568
-0.0853073
-0.0785742
-0.071753
-0.0650243
-0.0585479
-0.0524735
-0.0469251
-0.0418784
-0.037192
-0.0334301
-0.0307943
-0.0290092
-0.0280113
-0.0278159
-0.0284053
-0.029742
-0.0317871
-0.034485
-0.0377566
-0.0415033
-0.045607
-0.0499247
-0.054312
-0.0586314
-0.0627331
-0.0664671
-0.0696941
-0.0722911
-0.0741557
-0.0752183
-0.075468
-0.0748874
-0.0735115
-0.0714026
-0.0686474
-0.065356
-0.0616547
-0.057675
-0.0535537
-0.0494259
-0.0454241
-0.0416673
-0.0382608
-0.0352907
-0.0328143
-0.0309529
-0.0299272
-0.0294034
-0.0293718
-0.0300268
-0.0313555
-0.0333022
-0.0358403
-0.0389234
-0.0424838
-0.0464344
-0.0506731
-0.0550856
-0.059546
-0.0639192
-0.0680653
-0.0718445
-0.0751234
-0.0777804
-0.079709
-0.0808309
-0.0811332
-0.0805852
-0.0792116
-0.077065
-0.0742223
-0.0707834
-0.0668661
-0.0626006
-0.0581224
-0.0535689
-0.0490688
-0.0447436
-0.0407112
-0.0370452
-0.0335852
-0.0304291
-0.0281976
-0.0268034
-0.0259104
-0.025591
-0.0258743
-0.0267172
-0.0280806
-0.0299277
-0.0322056
-0.0348458
-0.0377681
-0.0408838
-0.0440962
-0.0473019
-0.0503952
-0.0532733
-0.0558337
-0.0579794
-0.0596238
-0.0606942
-0.0611381
-0.0609436
-0.0600939
-0.0586091
-0.056527
-0.0539057
-0.0508207
-0.0473581
-0.0436132
-0.0396864
-0.0356772
-0.0316853
-0.0278007
-0.0241034
-0.020644
-0.0174793
-0.0148079
-0.0126271
-0.0104287
-0.00869876
-0.00736379
-0.00635199
-0.00568987
-0.00530115
-0.00509109
-0.00499573
-0.00493391
-0.00480067
-0.00449853
-0.0038636
-0.0028393
-0.00117925
-0.11245
-0.108807
-0.104108
-0.0985245
-0.0922473
-0.0854792
-0.0784251
-0.0712846
-0.0642393
-0.0574538
-0.0510764
-0.0451655
-0.0395944
-0.0346532
-0.0308222
-0.0279252
-0.0258428
-0.0245867
-0.024144
-0.0244887
-0.0255828
-0.0273796
-0.0298201
-0.032828
-0.0363086
-0.0401512
-0.0442283
-0.0483924
-0.0524989
-0.0564116
-0.059989
-0.0630974
-0.0656195
-0.0674584
-0.0685469
-0.0688718
-0.0684146
-0.0672066
-0.0653061
-0.062794
-0.0597727
-0.0563605
-0.0526848
-0.0488759
-0.0450624
-0.0413718
-0.0379186
-0.0348016
-0.0321046
-0.0299013
-0.0283094
-0.0274825
-0.0272317
-0.0274305
-0.028237
-0.0297141
-0.0318166
-0.0345077
-0.0377326
-0.0414187
-0.0454803
-0.0498173
-0.054315
-0.0588464
-0.0632757
-0.0674625
-0.0712666
-0.0745539
-0.0772016
-0.0791045
-0.0801984
-0.08045
-0.0798416
-0.0783991
-0.0761752
-0.0732492
-0.0697247
-0.0657219
-0.0613717
-0.0568093
-0.0521737
-0.0475972
-0.0432037
-0.0390964
-0.0352339
-0.0314965
-0.0284619
-0.0263111
-0.0247861
-0.0238459
-0.0235034
-0.0237529
-0.0245625
-0.0258926
-0.0276996
-0.0299289
-0.0325138
-0.0353764
-0.0384295
-0.0415781
-0.0447216
-0.0477553
-0.050577
-0.0530885
-0.055196
-0.0568161
-0.0578793
-0.0583351
-0.058171
-0.0573714
-0.0559551
-0.0539598
-0.0514409
-0.0484709
-0.0451334
-0.041522
-0.0377348
-0.0338665
-0.0300145
-0.0262659
-0.0226952
-0.0193566
-0.0163175
-0.0137324
-0.0116018
-0.00966828
-0.00799165
-0.00671855
-0.00581146
-0.00520107
-0.00485106
-0.00470069
-0.00467396
-0.00468612
-0.00462613
-0.00441509
-0.00379427
-0.0028709
-0.00102521
-0.112402
-0.108546
-0.103617
-0.0977896
-0.0912631
-0.0842443
-0.0769393
-0.0695472
-0.0622515
-0.0552174
-0.0485633
-0.0422549
-0.0363189
-0.0313264
-0.0273736
-0.0242385
-0.0219302
-0.0204597
-0.0198052
-0.0199381
-0.0208186
-0.0223959
-0.0246077
-0.0273774
-0.0306135
-0.0342089
-0.0380436
-0.0419843
-0.0458846
-0.0496073
-0.0530229
-0.0560051
-0.0584424
-0.0602437
-0.0613442
-0.0617297
-0.061382
-0.0603275
-0.058621
-0.0563385
-0.0535755
-0.0504427
-0.0470616
-0.0435571
-0.0400513
-0.036664
-0.0335048
-0.0306717
-0.0282534
-0.0263218
-0.0249783
-0.0243448
-0.0242941
-0.0246913
-0.0256628
-0.0272976
-0.0295487
-0.0323708
-0.0357114
-0.0395004
-0.0436522
-0.048066
-0.0526263
-0.0572059
-0.0616691
-0.0658754
-0.069685
-0.0729646
-0.0755904
-0.0774564
-0.0785249
-0.0787281
-0.078065
-0.0765658
-0.0742848
-0.0713026
-0.0677228
-0.0636664
-0.0592649
-0.0546556
-0.0499734
-0.0453495
-0.0409079
-0.036692
-0.0325749
-0.0288335
-0.0259561
-0.0237893
-0.0222122
-0.0212499
-0.0208956
-0.021129
-0.0219193
-0.0232258
-0.0250012
-0.0271893
-0.0297234
-0.0325273
-0.0355156
-0.0385957
-0.0416696
-0.0446353
-0.0473927
-0.0498464
-0.0519067
-0.0534939
-0.0545419
-0.0550033
-0.0548644
-0.0541126
-0.0527638
-0.050856
-0.0484431
-0.0455939
-0.0423901
-0.0389213
-0.0352835
-0.0315686
-0.0278676
-0.0242658
-0.020837
-0.0176401
-0.0147441
-0.012271
-0.0102414
-0.00844279
-0.00685819
-0.00566503
-0.00483636
-0.00431382
-0.00405553
-0.00400012
-0.0040706
-0.0041858
-0.00423058
-0.00414691
-0.00358007
-0.00280873
-0.000829683
)
;

boundaryField
{
    inlet
    {
        type            zeroGradient;
    }
    outlet
    {
        type            fixedValue;
        value           uniform 0;
    }
    topWall
    {
        type            zeroGradient;
    }
    lowerWall
    {
        type            zeroGradient;
    }
    leadingEdge
    {
        type            zeroGradient;
    }
    trailingEdge
    {
        type            zeroGradient;
    }
    upperSurface
    {
        type            zeroGradient;
    }
    lowerSurface
    {
        type            zeroGradient;
    }
    frontAndBack
    {
        type            empty;
    }
    procBoundary7to2
    {
        type            processor;
        value           uniform -0.10459;
    }
    procBoundary7to3
    {
        type            processor;
        value           nonuniform List<scalar> 
140
(
-0.0967998
-0.0943048
-0.0909039
-0.0867368
-0.0819595
-0.0767422
-0.0712631
-0.0656957
-0.0602077
-0.0549489
-0.0500481
-0.0456173
-0.0417504
-0.0385263
-0.0360147
-0.034287
-0.0334888
-0.0333582
-0.0339772
-0.035419
-0.0376451
-0.0405995
-0.0441756
-0.0482719
-0.0528005
-0.0576548
-0.0626934
-0.0677588
-0.0726852
-0.0773033
-0.0814468
-0.0849599
-0.0877049
-0.0895702
-0.0904977
-0.0904577
-0.0894532
-0.0875299
-0.0847654
-0.0812676
-0.0771625
-0.0725942
-0.0677188
-0.0626904
-0.057658
-0.0527633
-0.0481339
-0.0438811
-0.0401002
-0.0368465
-0.0340106
-0.0317928
-0.0308576
-0.0303032
-0.0303846
-0.0312001
-0.0326536
-0.0347341
-0.0373973
-0.0405582
-0.0441235
-0.0479886
-0.0520456
-0.0561844
-0.060278
-0.0641915
-0.0677913
-0.0709496
-0.0735496
-0.0754905
-0.0766944
-0.0771424
-0.0767994
-0.0756861
-0.0738472
-0.0713533
-0.0682933
-0.0647785
-0.0609264
-0.0568659
-0.0527199
-0.0486163
-0.0446672
-0.0409765
-0.0376253
-0.0346963
-0.0322911
-0.0305456
-0.0291017
-0.0284273
-0.0282482
-0.0286566
-0.0296469
-0.0311774
-0.0332038
-0.0356558
-0.0384594
-0.0415356
-0.044796
-0.0481477
-0.05149
-0.0547128
-0.0577035
-0.0603526
-0.0625569
-0.0642238
-0.0652754
-0.0656561
-0.065355
-0.0643557
-0.0626774
-0.0603667
-0.057485
-0.054114
-0.0503482
-0.0462894
-0.0420468
-0.0377277
-0.0334327
-0.0292566
-0.025289
-0.0216086
-0.018116
-0.0147278
-0.0120792
-0.0101699
-0.00830478
-0.00685676
-0.00580791
-0.00506117
-0.00458296
-0.00431866
-0.00418783
-0.00409827
-0.00396273
-0.00363748
-0.00322033
-0.00250542
-0.00250542
-0.00136774
)
;
    }
    procBoundary7to6
    {
        type            processor;
        value           nonuniform List<scalar> 
35
(
-0.113437
-0.110099
-0.105109
-0.0985894
-0.0907159
-0.0816987
-0.071779
-0.0612139
-0.0502644
-0.0391845
-0.0282128
-0.0175673
-0.00745508
0.00196009
0.0105135
0.0184271
0.0254213
0.0314891
0.0364508
0.0401553
0.0427201
0.0444609
0.0452292
0.0458751
0.0463973
0.046919
0.046919
0.0499281
0.0503905
0.0507826
0.0510175
-0.109564
-0.113042
-0.114896
-0.115039
)
;
    }
}


// ************************************************************************* //
