/*--------------------------------*- C++ -*----------------------------------*\
| =========                 |                                                 |
| \\      /  F ield         | OpenFOAM: The Open Source CFD Toolbox           |
|  \\    /   O peration     | Version:  2206                                  |
|   \\  /    A nd           | Website:  www.openfoam.com                      |
|    \\/     M anipulation  |                                                 |
\*---------------------------------------------------------------------------*/
FoamFile
{
    version     2.0;
    format      ascii;
    arch        "LSB;label=32;scalar=64";
    class       volVectorField;
    location    "18.6999";
    object      U_0;
}
// * * * * * * * * * * * * * * * * * * * * * * * * * * * * * * * * * * * * * //

dimensions      [0 1 -1 0 0 0 0];

internalField   nonuniform List<vector> 
3038
(
(1.64092 0.410627 0)
(1.66604 0.455626 0)
(1.69149 0.492165 0)
(1.7167 0.520618 0)
(1.7413 0.541329 0)
(1.7653 0.554371 0)
(1.78932 0.559112 0)
(1.81333 0.554285 0)
(1.83739 0.53891 0)
(1.86162 0.512169 0)
(1.88598 0.473462 0)
(1.91033 0.422528 0)
(1.93446 0.359585 0)
(1.95797 0.285455 0)
(1.98041 0.201728 0)
(2.00114 0.111031 0)
(2.01914 0.0174778 0)
(2.03337 -0.0741902 0)
(2.04329 -0.160683 0)
(2.04852 -0.23919 0)
(2.04884 -0.307539 0)
(2.04423 -0.364236 0)
(2.03488 -0.408592 0)
(2.02108 -0.440503 0)
(2.0024 -0.460192 0)
(1.97842 -0.467729 0)
(1.95003 -0.464789 0)
(1.91793 -0.45418 0)
(1.88329 -0.438317 0)
(1.84734 -0.418992 0)
(1.8113 -0.397063 0)
(1.77623 -0.372439 0)
(1.74299 -0.344355 0)
(1.7122 -0.31184 0)
(1.68436 -0.274112 0)
(1.65987 -0.230755 0)
(1.63915 -0.181767 0)
(1.62258 -0.127582 0)
(1.61051 -0.0690811 0)
(1.60318 -0.00760023 0)
(1.60067 0.0549882 0)
(1.60282 0.116636 0)
(1.6093 0.1757 0)
(1.61962 0.230627 0)
(1.6332 0.280086 0)
(1.64934 0.323061 0)
(1.66738 0.358885 0)
(1.68665 0.387214 0)
(1.70661 0.407962 0)
(1.72692 0.421117 0)
(1.74778 0.426342 0)
(1.76885 0.423023 0)
(1.78983 0.411027 0)
(1.81062 0.390431 0)
(1.83102 0.361448 0)
(1.85093 0.324384 0)
(1.87026 0.279625 0)
(1.88886 0.227686 0)
(1.90656 0.169294 0)
(1.92311 0.105555 0)
(1.93806 0.0382389 0)
(1.95063 -0.0296344 0)
(1.96018 -0.0953658 0)
(1.96629 -0.156747 0)
(1.96867 -0.211853 0)
(1.9671 -0.259208 0)
(1.96157 -0.297873 0)
(1.95229 -0.32742 0)
(1.93938 -0.347854 0)
(1.92239 -0.359211 0)
(1.90176 -0.361636 0)
(1.87815 -0.356612 0)
(1.85241 -0.345702 0)
(1.82561 -0.330222 0)
(1.79874 -0.311109 0)
(1.7727 -0.288806 0)
(1.74815 -0.263345 0)
(1.72559 -0.234535 0)
(1.70537 -0.20216 0)
(1.68778 -0.166105 0)
(1.6731 -0.126441 0)
(1.66156 -0.0834888 0)
(1.65338 -0.0378604 0)
(1.6487 0.00947908 0)
(1.64756 0.0570392 0)
(1.64982 0.103465 0)
(1.65523 0.147544 0)
(1.66344 0.188136 0)
(1.67402 0.224264 0)
(1.68648 0.25518 0)
(1.70031 0.2804 0)
(1.71504 0.299689 0)
(1.73032 0.312967 0)
(1.74614 0.320062 0)
(1.76252 0.320478 0)
(1.77901 0.313931 0)
(1.79551 0.300468 0)
(1.81176 0.280313 0)
(1.82757 0.253832 0)
(1.84283 0.221468 0)
(1.85744 0.183721 0)
(1.8713 0.141177 0)
(1.8843 0.0946087 0)
(1.8962 0.0451914 0)
(1.90646 -0.00507279 0)
(1.91453 -0.0541339 0)
(1.92001 -0.100418 0)
(1.9226 -0.142568 0)
(1.92216 -0.179516 0)
(1.91868 -0.210514 0)
(1.9123 -0.235207 0)
(1.90324 -0.253483 0)
(1.89135 -0.265329 0)
(1.87653 -0.270655 0)
(1.85944 -0.269973 0)
(1.84061 -0.264267 0)
(1.82084 -0.254349 0)
(1.80092 -0.240874 0)
(1.78155 -0.224269 0)
(1.76329 -0.204741 0)
(1.74655 -0.182355 0)
(1.62584 0.385419 0)
(1.65238 0.429389 0)
(1.67992 0.465555 0)
(1.70791 0.494048 0)
(1.73604 0.514945 0)
(1.76436 0.528017 0)
(1.79324 0.532505 0)
(1.82255 0.527369 0)
(1.85229 0.511736 0)
(1.88239 0.484817 0)
(1.9126 0.446101 0)
(1.94261 0.395448 0)
(1.97198 0.333191 0)
(2.00016 0.260265 0)
(2.02651 0.178408 0)
(2.05018 0.0903991 0)
(2.06988 0.000801359 0)
(2.0846 -0.0862754 0)
(2.09388 -0.167719 0)
(2.09741 -0.240928 0)
(2.09511 -0.303939 0)
(2.08711 -0.355427 0)
(2.0738 -0.394734 0)
(2.05516 -0.421677 0)
(2.03045 -0.436055 0)
(2.00044 -0.438418 0)
(1.96583 -0.431429 0)
(1.92781 -0.417901 0)
(1.88776 -0.400362 0)
(1.84704 -0.380619 0)
(1.80698 -0.359454 0)
(1.76848 -0.336518 0)
(1.73227 -0.310804 0)
(1.699 -0.281214 0)
(1.6691 -0.246841 0)
(1.6429 -0.207209 0)
(1.62075 -0.162316 0)
(1.603 -0.112578 0)
(1.58996 -0.0588167 0)
(1.58187 -0.00225253 0)
(1.57882 0.0554547 0)
(1.58065 0.112461 0)
(1.58707 0.167272 0)
(1.59762 0.21847 0)
(1.61175 0.264823 0)
(1.62883 0.305359 0)
(1.6482 0.339396 0)
(1.66925 0.36651 0)
(1.69146 0.386457 0)
(1.71457 0.399 0)
(1.73858 0.4037 0)
(1.76305 0.400118 0)
(1.7877 0.38815 0)
(1.81231 0.367805 0)
(1.83661 0.339252 0)
(1.86037 0.302779 0)
(1.88337 0.25879 0)
(1.90538 0.20784 0)
(1.92613 0.15071 0)
(1.94526 0.0886156 0)
(1.96209 0.0236636 0)
(1.97568 -0.0410554 0)
(1.98542 -0.103162 0)
(1.99089 -0.16055 0)
(1.99181 -0.21144 0)
(1.98809 -0.254518 0)
(1.97986 -0.288982 0)
(1.96732 -0.314501 0)
(1.95022 -0.330962 0)
(1.92859 -0.338171 0)
(1.90327 -0.337183 0)
(1.87508 -0.329736 0)
(1.84517 -0.317425 0)
(1.81471 -0.301585 0)
(1.78473 -0.283061 0)
(1.75606 -0.262129 0)
(1.72934 -0.238616 0)
(1.70495 -0.21215 0)
(1.68318 -0.182408 0)
(1.6643 -0.149243 0)
(1.64853 -0.112716 0)
(1.63612 -0.0731261 0)
(1.62727 -0.0310423 0)
(1.62212 0.0126473 0)
(1.62071 0.0566149 0)
(1.62291 0.0996372 0)
(1.62849 0.140604 0)
(1.6371 0.178466 0)
(1.64835 0.212318 0)
(1.66175 0.241446 0)
(1.67685 0.26535 0)
(1.69319 0.283704 0)
(1.71046 0.296277 0)
(1.72862 0.302749 0)
(1.74747 0.302698 0)
(1.76662 0.295977 0)
(1.78589 0.282613 0)
(1.80497 0.262786 0)
(1.82362 0.236816 0)
(1.84166 0.205109 0)
(1.85891 0.168148 0)
(1.87522 0.126539 0)
(1.89038 0.0811392 0)
(1.90395 0.0333402 0)
(1.91523 -0.014673 0)
(1.92369 -0.0610548 0)
(1.92891 -0.104247 0)
(1.93057 -0.143084 0)
(1.92864 -0.176763 0)
(1.92329 -0.204626 0)
(1.9147 -0.226267 0)
(1.90275 -0.241554 0)
(1.88728 -0.250346 0)
(1.86891 -0.252908 0)
(1.84828 -0.250271 0)
(1.82621 -0.243397 0)
(1.80361 -0.233111 0)
(1.78128 -0.220015 0)
(1.75989 -0.204413 0)
(1.73996 -0.186359 0)
(1.72183 -0.165776 0)
(1.61422 0.359194 0)
(1.64199 0.401523 0)
(1.67137 0.436631 0)
(1.70188 0.464442 0)
(1.73326 0.484786 0)
(1.76559 0.497215 0)
(1.79901 0.50095 0)
(1.83321 0.495144 0)
(1.86818 0.479006 0)
(1.90363 0.451834 0)
(1.93915 0.413228 0)
(1.97423 0.363163 0)
(2.00826 0.302087 0)
(2.04052 0.231035 0)
(2.07023 0.15186 0)
(2.09624 0.0677486 0)
(2.11707 -0.0167389 0)
(2.13185 -0.0980947 0)
(2.14012 -0.173432 0)
(2.14169 -0.240399 0)
(2.13658 -0.297254 0)
(2.12513 -0.342807 0)
(2.10764 -0.376354 0)
(2.08347 -0.397448 0)
(2.05284 -0.405717 0)
(2.01666 -0.403003 0)
(1.97597 -0.392163 0)
(1.93232 -0.376147 0)
(1.8873 -0.357581 0)
(1.84256 -0.338232 0)
(1.7992 -0.318505 0)
(1.75802 -0.297791 0)
(1.71965 -0.274945 0)
(1.68458 -0.248671 0)
(1.65328 -0.217998 0)
(1.62603 -0.182398 0)
(1.60306 -0.141848 0)
(1.58468 -0.0967605 0)
(1.57116 -0.0479114 0)
(1.56271 0.00357665 0)
(1.5594 0.0562339 0)
(1.56112 0.108405 0)
(1.56759 0.158737 0)
(1.57839 0.205939 0)
(1.59304 0.248871 0)
(1.61093 0.286606 0)
(1.63148 0.318446 0)
(1.65413 0.34389 0)
(1.6784 0.362557 0)
(1.70406 0.374047 0)
(1.73093 0.377908 0)
(1.75848 0.373833 0)
(1.78645 0.361707 0)
(1.8145 0.341508 0)
(1.84227 0.313381 0)
(1.86944 0.277611 0)
(1.89569 0.23461 0)
(1.92071 0.18495 0)
(1.94413 0.129474 0)
(1.96544 0.0696021 0)
(1.98368 0.00786682 0)
(1.99784 -0.0529054 0)
(2.00731 -0.110543 0)
(2.01167 -0.163123 0)
(2.01074 -0.209076 0)
(2.00457 -0.247229 0)
(1.99339 -0.276904 0)
(1.97708 -0.297775 0)
(1.95536 -0.309431 0)
(1.92909 -0.312288 0)
(1.89907 -0.308076 0)
(1.86658 -0.298554 0)
(1.83298 -0.285368 0)
(1.79951 -0.269795 0)
(1.76724 -0.252506 0)
(1.73676 -0.233455 0)
(1.70854 -0.212239 0)
(1.68292 -0.188368 0)
(1.66019 -0.161498 0)
(1.64055 -0.13144 0)
(1.62419 -0.098243 0)
(1.61134 -0.0621915 0)
(1.60217 -0.0238188 0)
(1.59684 0.0160618 0)
(1.59537 0.0562728 0)
(1.59764 0.0957122 0)
(1.60344 0.13337 0)
(1.61246 0.168286 0)
(1.62431 0.199619 0)
(1.63857 0.226679 0)
(1.6548 0.248943 0)
(1.67259 0.266013 0)
(1.69169 0.277536 0)
(1.71197 0.283124 0)
(1.73305 0.282455 0)
(1.75461 0.275445 0)
(1.77637 0.262097 0)
(1.79799 0.242564 0)
(1.81919 0.217129 0)
(1.83973 0.18617 0)
(1.85937 0.150158 0)
(1.87786 0.109733 0)
(1.89484 0.0658873 0)
(1.90958 0.0203468 0)
(1.92131 -0.0247572 0)
(1.9296 -0.0677699 0)
(1.93397 -0.107231 0)
(1.93448 -0.142294 0)
(1.9312 -0.172318 0)
(1.92372 -0.196511 0)
(1.91243 -0.214554 0)
(1.89698 -0.22623 0)
(1.87791 -0.231589 0)
(1.85598 -0.231591 0)
(1.83209 -0.227287 0)
(1.80725 -0.219637 0)
(1.78238 -0.209432 0)
(1.75829 -0.197166 0)
(1.73554 -0.182964 0)
(1.71451 -0.166682 0)
(1.6955 -0.148137 0)
(1.60541 0.332097 0)
(1.63428 0.372217 0)
(1.66532 0.405629 0)
(1.69814 0.432066 0)
(1.73254 0.45116 0)
(1.76857 0.462332 0)
(1.80602 0.464873 0)
(1.84468 0.458092 0)
(1.88432 0.441262 0)
(1.92451 0.413815 0)
(1.96466 0.375479 0)
(2.00411 0.32635 0)
(2.04206 0.266956 0)
(2.07772 0.198413 0)
(2.11014 0.122764 0)
(2.1378 0.043682 0)
(2.15922 -0.0346551 0)
(2.17361 -0.109244 0)
(2.1805 -0.177524 0)
(2.17982 -0.237406 0)
(2.17178 -0.28734 0)
(2.15675 -0.326199 0)
(2.13446 -0.353135 0)
(2.10454 -0.367266 0)
(2.06796 -0.369221 0)
(2.02562 -0.361515 0)
(1.97913 -0.347155 0)
(1.93032 -0.329307 0)
(1.88116 -0.310647 0)
(1.83317 -0.292525 0)
(1.78728 -0.274915 0)
(1.74422 -0.256976 0)
(1.70451 -0.23744 0)
(1.66852 -0.214926 0)
(1.63657 -0.188281 0)
(1.60896 -0.156967 0)
(1.58582 -0.120952 0)
(1.56737 -0.0806461 0)
(1.55384 -0.0368058 0)
(1.54542 0.00953273 0)
(1.54218 0.0570603 0)
(1.54401 0.104295 0)
(1.55067 0.150004 0)
(1.5618 0.193015 0)
(1.57696 0.232277 0)
(1.59562 0.2669 0)
(1.61725 0.296172 0)
(1.64136 0.319529 0)
(1.66753 0.336471 0)
(1.69552 0.346523 0)
(1.7249 0.349283 0)
(1.75521 0.344525 0)
(1.7861 0.332097 0)
(1.81715 0.311972 0)
(1.84793 0.284293 0)
(1.87805 0.249338 0)
(1.90709 0.207521 0)
(1.93466 0.159432 0)
(1.96032 0.106027 0)
(1.98327 0.049055 0)
(2.0023 -0.00863706 0)
(2.01648 -0.0646508 0)
(2.02512 -0.116984 0)
(2.02783 -0.163997 0)
(2.02463 -0.204344 0)
(2.01573 -0.237004 0)
(2.0011 -0.261362 0)
(1.98029 -0.276771 0)
(1.95392 -0.283081 0)
(1.92282 -0.281783 0)
(1.88837 -0.274693 0)
(1.85212 -0.263673 0)
(1.81557 -0.250371 0)
(1.78007 -0.235839 0)
(1.74629 -0.220288 0)
(1.71475 -0.203453 0)
(1.68579 -0.184826 0)
(1.65967 -0.163828 0)
(1.6366 -0.140016 0)
(1.61677 -0.113224 0)
(1.60033 -0.0834859 0)
(1.58746 -0.0510782 0)
(1.57835 -0.0165099 0)
(1.57311 0.0194721 0)
(1.5718 0.0558354 0)
(1.57429 0.0915837 0)
(1.5804 0.125798 0)
(1.58985 0.157602 0)
(1.60229 0.186211 0)
(1.61734 0.210957 0)
(1.63461 0.231294 0)
(1.65375 0.246758 0)
(1.67453 0.256926 0)
(1.69668 0.261422 0)
(1.71975 0.260015 0)
(1.74343 0.252616 0)
(1.76738 0.239215 0)
(1.79124 0.219946 0)
(1.81469 0.195065 0)
(1.83744 0.164925 0)
(1.85917 0.130012 0)
(1.87953 0.0910704 0)
(1.89785 0.0493766 0)
(1.91316 0.00690996 0)
(1.92483 -0.0346355 0)
(1.93252 -0.0737539 0)
(1.93528 -0.109301 0)
(1.935 -0.140219 0)
(1.92944 -0.16593 0)
(1.91933 -0.185807 0)
(1.90454 -0.199619 0)
(1.8854 -0.20717 0)
(1.86271 -0.209289 0)
(1.83749 -0.207068 0)
(1.81087 -0.201557 0)
(1.78393 -0.193697 0)
(1.75763 -0.184158 0)
(1.73255 -0.173166 0)
(1.70911 -0.160637 0)
(1.68759 -0.146339 0)
(1.66824 -0.129998 0)
(1.59874 0.304197 0)
(1.62862 0.341594 0)
(1.6612 0.372718 0)
(1.69616 0.397139 0)
(1.73336 0.414347 0)
(1.77266 0.423758 0)
(1.81369 0.424766 0)
(1.85626 0.416757 0)
(1.89993 0.399118 0)
(1.94414 0.371437 0)
(1.98816 0.333583 0)
(2.03116 0.285741 0)
(2.07229 0.228487 0)
(2.11064 0.163031 0)
(2.145 0.0917805 0)
(2.17355 0.0187911 0)
(2.19501 -0.0524603 0)
(2.2085 -0.119306 0)
(2.21357 -0.179644 0)
(2.21031 -0.231712 0)
(2.19916 -0.273962 0)
(2.18007 -0.305291 0)
(2.15231 -0.324543 0)
(2.11668 -0.331064 0)
(2.07394 -0.32672 0)
(2.02565 -0.314237 0)
(1.97384 -0.296961 0)
(1.92071 -0.278236 0)
(1.86843 -0.260465 0)
(1.81812 -0.244376 0)
(1.7707 -0.229589 0)
(1.72674 -0.215021 0)
(1.68662 -0.199243 0)
(1.65059 -0.180798 0)
(1.61884 -0.158477 0)
(1.59154 -0.131607 0)
(1.56887 -0.100229 0)
(1.55089 -0.0647522 0)
(1.53783 -0.0259289 0)
(1.52983 0.0152626 0)
(1.52697 0.0576542 0)
(1.52916 0.0999327 0)
(1.53618 0.140952 0)
(1.54773 0.179647 0)
(1.56344 0.215046 0)
(1.58287 0.246297 0)
(1.60553 0.272673 0)
(1.63102 0.293552 0)
(1.65897 0.308385 0)
(1.68899 0.316706 0)
(1.72056 0.318177 0)
(1.75326 0.312573 0)
(1.78664 0.299733 0)
(1.82022 0.279649 0)
(1.85352 0.25246 0)
(1.88608 0.218437 0)
(1.91744 0.177987 0)
(1.94712 0.131744 0)
(1.97446 0.0808607 0)
(1.99821 0.0276221 0)
(2.01719 -0.0253257 0)
(2.03063 -0.0757451 0)
(2.03783 -0.12179 0)
(2.0384 -0.162499 0)
(2.03257 -0.196828 0)
(2.02055 -0.223522 0)
(2.00157 -0.241712 0)
(1.97592 -0.25078 0)
(1.9445 -0.251871 0)
(1.90874 -0.246757 0)
(1.87038 -0.237428 0)
(1.83123 -0.225823 0)
(1.79292 -0.213354 0)
(1.75629 -0.200516 0)
(1.72194 -0.187198 0)
(1.69022 -0.172952 0)
(1.66136 -0.157168 0)
(1.6355 -0.139219 0)
(1.61278 -0.118614 0)
(1.59332 -0.095147 0)
(1.57729 -0.0689133 0)
(1.56482 -0.0401826 0)
(1.55609 -0.00944207 0)
(1.55124 0.0226215 0)
(1.55029 0.0551152 0)
(1.55316 0.0871291 0)
(1.55968 0.117826 0)
(1.56961 0.146404 0)
(1.58266 0.172127 0)
(1.59849 0.194345 0)
(1.61676 0.212491 0)
(1.63718 0.226068 0)
(1.65947 0.234648 0)
(1.6832 0.237905 0)
(1.708 0.235656 0)
(1.73351 0.227779 0)
(1.75935 0.214264 0)
(1.78514 0.195235 0)
(1.81053 0.170921 0)
(1.83518 0.14168 0)
(1.8587 0.10807 0)
(1.8805 0.0710273 0)
(1.89957 0.0322162 0)
(1.91502 -0.00661415 0)
(1.92627 -0.04398 0)
(1.93269 -0.0786646 0)
(1.93421 -0.109668 0)
(1.93114 -0.135933 0)
(1.92258 -0.156724 0)
(1.90882 -0.171758 0)
(1.89012 -0.180742 0)
(1.86721 -0.184357 0)
(1.84119 -0.183671 0)
(1.81333 -0.179792 0)
(1.78483 -0.173774 0)
(1.75682 -0.166416 0)
(1.72993 -0.158046 0)
(1.70462 -0.148646 0)
(1.68118 -0.138009 0)
(1.65981 -0.125834 0)
(1.64066 -0.111805 0)
(1.59352 0.275501 0)
(1.62438 0.309724 0)
(1.65841 0.338023 0)
(1.69538 0.359859 0)
(1.73508 0.374685 0)
(1.77715 0.381964 0)
(1.8213 0.381186 0)
(1.86715 0.371792 0)
(1.91415 0.353327 0)
(1.96159 0.325543 0)
(2.00863 0.288429 0)
(2.05438 0.242221 0)
(2.09794 0.187527 0)
(2.13826 0.125747 0)
(2.17362 0.0598904 0)
(2.20229 -0.00626594 0)
(2.22311 -0.0696179 0)
(2.23511 -0.127824 0)
(2.23779 -0.179364 0)
(2.23162 -0.22284 0)
(2.2169 -0.256769 0)
(2.1928 -0.279673 0)
(2.15948 -0.29002 0)
(2.1176 -0.288797 0)
(2.06867 -0.278234 0)
(2.01482 -0.261516 0)
(1.95852 -0.242338 0)
(1.90246 -0.223975 0)
(1.8482 -0.208072 0)
(1.79685 -0.194854 0)
(1.74911 -0.183581 0)
(1.70541 -0.172916 0)
(1.66593 -0.161283 0)
(1.63077 -0.147159 0)
(1.60002 -0.129302 0)
(1.57375 -0.106994 0)
(1.55212 -0.0802597 0)
(1.53517 -0.0495837 0)
(1.52301 -0.0157123 0)
(1.51581 0.0204104 0)
(1.51364 0.0577421 0)
(1.51643 0.0951123 0)
(1.524 0.131437 0)
(1.53611 0.165746 0)
(1.55246 0.197133 0)
(1.57268 0.22478 0)
(1.5964 0.247966 0)
(1.62323 0.26606 0)
(1.65276 0.27852 0)
(1.68447 0.284921 0)
(1.7179 0.284967 0)
(1.75258 0.278406 0)
(1.788 0.265103 0)
(1.82363 0.245062 0)
(1.85896 0.218414 0)
(1.89349 0.185411 0)
(1.92672 0.146484 0)
(1.95802 0.102428 0)
(1.98618 0.0549073 0)
(2.00964 0.00641164 0)
(2.02746 -0.0409594 0)
(2.03909 -0.0851798 0)
(2.0434 -0.124827 0)
(2.04269 -0.158814 0)
(2.03378 -0.186424 0)
(2.01727 -0.206128 0)
(1.99311 -0.216939 0)
(1.96201 -0.219636 0)
(1.92552 -0.215888 0)
(1.88563 -0.207716 0)
(1.8444 -0.197261 0)
(1.80381 -0.186246 0)
(1.7649 -0.175434 0)
(1.72835 -0.164881 0)
(1.69454 -0.154232 0)
(1.66367 -0.14288 0)
(1.63579 -0.130109 0)
(1.61094 -0.115259 0)
(1.58919 -0.0978628 0)
(1.57064 -0.0777208 0)
(1.55546 -0.0549531 0)
(1.54377 -0.0298613 0)
(1.53575 -0.0029078 0)
(1.53154 0.0252803 0)
(1.53117 0.0539367 0)
(1.53457 0.0822158 0)
(1.54162 0.109356 0)
(1.55212 0.13462 0)
(1.56583 0.157317 0)
(1.58247 0.176819 0)
(1.60174 0.192566 0)
(1.62335 0.204067 0)
(1.64688 0.21092 0)
(1.67196 0.212856 0)
(1.69822 0.20967 0)
(1.72526 0.201242 0)
(1.75268 0.187566 0)
(1.7801 0.168746 0)
(1.80714 0.145008 0)
(1.8334 0.116752 0)
(1.8583 0.0846923 0)
(1.88086 0.0501725 0)
(1.89991 0.0149 0)
(1.91464 -0.0196837 0)
(1.92443 -0.0522752 0)
(1.92894 -0.0818448 0)
(1.92796 -0.107495 0)
(1.92135 -0.128377 0)
(1.90885 -0.143854 0)
(1.89087 -0.15349 0)
(1.86815 -0.157934 0)
(1.84182 -0.158209 0)
(1.81326 -0.155439 0)
(1.7838 -0.150759 0)
(1.75469 -0.14507 0)
(1.72664 -0.138794 0)
(1.70013 -0.131975 0)
(1.67543 -0.12442 0)
(1.6527 -0.115816 0)
(1.63206 -0.105809 0)
(1.61362 -0.0940785 0)
(1.58915 0.246015 0)
(1.62097 0.276654 0)
(1.6564 0.301668 0)
(1.69519 0.320476 0)
(1.73694 0.332549 0)
(1.78137 0.337445 0)
(1.82806 0.334681 0)
(1.87651 0.323821 0)
(1.92606 0.304578 0)
(1.97592 0.276854 0)
(2.0252 0.240709 0)
(2.07304 0.196377 0)
(2.11847 0.1446 0)
(2.15994 0.0872929 0)
(2.19528 0.0278164 0)
(2.22298 -0.0306887 0)
(2.24194 -0.0852325 0)
(2.25134 -0.133805 0)
(2.25151 -0.175878 0)
(2.24213 -0.210491 0)
(2.22275 -0.235345 0)
(2.19288 -0.24819 0)
(2.15287 -0.249251 0)
(2.10423 -0.240276 0)
(2.04931 -0.224044 0)
(1.99075 -0.204237 0)
(1.93174 -0.184705 0)
(1.87435 -0.167951 0)
(1.81983 -0.15491 0)
(1.76907 -0.14535 0)
(1.72254 -0.138192 0)
(1.68041 -0.13185 0)
(1.6427 -0.124597 0)
(1.60935 -0.114879 0)
(1.58036 -0.101496 0)
(1.55579 -0.0837417 0)
(1.53573 -0.0615862 0)
(1.52026 -0.0356042 0)
(1.50942 -0.0065505 0)
(1.50337 0.024655 0)
(1.50217 0.0570426 0)
(1.5058 0.0895952 0)
(1.51412 0.121277 0)
(1.52696 0.151172 0)
(1.54409 0.178446 0)
(1.56522 0.202331 0)
(1.59 0.222126 0)
(1.61801 0.23721 0)
(1.64882 0.247128 0)
(1.68195 0.251505 0)
(1.71688 0.250016 0)
(1.75311 0.242431 0)
(1.79008 0.228638 0)
(1.82728 0.208642 0)
(1.86419 0.182558 0)
(1.90029 0.150635 0)
(1.93499 0.113421 0)
(1.96715 0.0722266 0)
(1.9951 0.0292435 0)
(2.0176 -0.0136594 0)
(2.03376 -0.0546808 0)
(2.04255 -0.0923306 0)
(2.04408 -0.125199 0)
(2.04004 -0.152054 0)
(2.02562 -0.171831 0)
(2.00309 -0.183048 0)
(1.97271 -0.18634 0)
(1.93594 -0.183189 0)
(1.89505 -0.175571 0)
(1.85236 -0.165748 0)
(1.81017 -0.155673 0)
(1.76972 -0.14633 0)
(1.73178 -0.137928 0)
(1.69676 -0.130196 0)
(1.66477 -0.122542 0)
(1.6358 -0.114209 0)
(1.60977 -0.104447 0)
(1.58665 -0.0926273 0)
(1.56648 -0.0783358 0)
(1.54935 -0.0614233 0)
(1.53542 -0.0420136 0)
(1.52487 -0.0204525 0)
(1.51783 0.00281369 0)
(1.51448 0.0272155 0)
(1.51486 0.0520887 0)
(1.51896 0.0766875 0)
(1.52668 0.100276 0)
(1.53787 0.122181 0)
(1.55233 0.141765 0)
(1.56982 0.158431 0)
(1.59003 0.171632 0)
(1.61259 0.180933 0)
(1.63716 0.185995 0)
(1.66335 0.186531 0)
(1.69078 0.182334 0)
(1.71905 0.173293 0)
(1.74778 0.159401 0)
(1.77656 0.140755 0)
(1.80498 0.11761 0)
(1.83242 0.0905104 0)
(1.85782 0.0605911 0)
(1.8799 0.0294345 0)
(1.89769 -0.00158002 0)
(1.91042 -0.0311632 0)
(1.91759 -0.0582855 0)
(1.91894 -0.0820986 0)
(1.9143 -0.101904 0)
(1.90327 -0.116935 0)
(1.88621 -0.126438 0)
(1.86394 -0.13101 0)
(1.83771 -0.13166 0)
(1.80898 -0.129506 0)
(1.77921 -0.125718 0)
(1.74974 -0.121262 0)
(1.72132 -0.116624 0)
(1.69441 -0.11188 0)
(1.66925 -0.106852 0)
(1.64598 -0.101234 0)
(1.62465 -0.0946577 0)
(1.60531 -0.0867621 0)
(1.58805 -0.0772458 0)
(1.58512 0.215669 0)
(1.61796 0.242433 0)
(1.65461 0.26381 0)
(1.6948 0.279282 0)
(1.73822 0.288414 0)
(1.78447 0.290782 0)
(1.83306 0.285998 0)
(1.88337 0.273764 0)
(1.93469 0.253915 0)
(1.98622 0.226408 0)
(2.0372 0.191299 0)
(2.08679 0.148961 0)
(2.13362 0.100613 0)
(2.17542 0.0489306 0)
(2.21004 -0.00311683 0)
(2.23578 -0.0527981 0)
(2.25152 -0.0979928 0)
(2.25621 -0.137409 0)
(2.25481 -0.169721 0)
(2.2399 -0.194432 0)
(2.21334 -0.20783 0)
(2.17542 -0.20968 0)
(2.12733 -0.2014 0)
(2.07177 -0.185353 0)
(2.01182 -0.164944 0)
(1.95097 -0.144145 0)
(1.89174 -0.12603 0)
(1.83546 -0.11216 0)
(1.78306 -0.102907 0)
(1.73502 -0.0976488 0)
(1.69149 -0.0949853 0)
(1.6524 -0.0931082 0)
(1.61761 -0.0902209 0)
(1.58698 -0.0848084 0)
(1.56047 -0.0757522 0)
(1.53814 -0.0623967 0)
(1.52011 -0.0446925 0)
(1.5065 -0.0232292 0)
(1.49734 0.00118869 0)
(1.49274 0.0276719 0)
(1.49278 0.0553118 0)
(1.49746 0.0831574 0)
(1.50673 0.110266 0)
(1.52046 0.135769 0)
(1.53846 0.158881 0)
(1.56047 0.178889 0)
(1.58617 0.195168 0)
(1.61518 0.207192 0)
(1.64705 0.21453 0)
(1.68129 0.216825 0)
(1.71734 0.213789 0)
(1.75467 0.205198 0)
(1.79276 0.190921 0)
(1.83112 0.17095 0)
(1.86926 0.145403 0)
(1.90657 0.11462 0)
(1.94195 0.0796194 0)
(1.97365 0.042308 0)
(2.00022 0.00444869 0)
(2.02045 -0.0321213 0)
(2.03365 -0.0659113 0)
(2.03836 -0.096114 0)
(2.03621 -0.121301 0)
(2.02413 -0.140054 0)
(2.00277 -0.150372 0)
(1.97298 -0.153117 0)
(1.93621 -0.149745 0)
(1.89484 -0.142088 0)
(1.85148 -0.132451 0)
(1.80867 -0.122931 0)
(1.76777 -0.114639 0)
(1.72958 -0.107901 0)
(1.69449 -0.102512 0)
(1.66255 -0.0978983 0)
(1.63365 -0.0932958 0)
(1.6076 -0.0878976 0)
(1.58425 -0.0809756 0)
(1.56353 -0.0719744 0)
(1.54548 -0.0605689 0)
(1.53021 -0.0466785 0)
(1.51791 -0.0304542 0)
(1.50878 -0.0122511 0)
(1.50299 0.00748841 0)
(1.50071 0.0282544 0)
(1.50202 0.0494492 0)
(1.50692 0.0704041 0)
(1.51539 0.0904544 0)
(1.52733 0.10897 0)
(1.54255 0.125369 0)
(1.5608 0.139127 0)
(1.5818 0.149777 0)
(1.60517 0.156901 0)
(1.63057 0.160142 0)
(1.65764 0.159224 0)
(1.68602 0.153953 0)
(1.71531 0.144223 0)
(1.74514 0.130032 0)
(1.77503 0.111519 0)
(1.80429 0.08912 0)
(1.83175 0.0638872 0)
(1.85604 0.0371893 0)
(1.87607 0.0102721 0)
(1.89092 -0.0156477 0)
(1.90002 -0.0395648 0)
(1.90316 -0.0606719 0)
(1.90007 -0.0783991 0)
(1.89027 -0.0919468 0)
(1.87413 -0.100452 0)
(1.85249 -0.104489 0)
(1.82672 -0.104981 0)
(1.79842 -0.103027 0)
(1.76911 -0.0997924 0)
(1.74017 -0.0962424 0)
(1.71233 -0.0928691 0)
(1.686 -0.0897575 0)
(1.66138 -0.0867548 0)
(1.63852 -0.0835686 0)
(1.61745 -0.0798297 0)
(1.59814 -0.0751562 0)
(1.58062 -0.0692112 0)
(1.56496 -0.0617398 0)
(1.5808 0.184538 0)
(1.61425 0.207223 0)
(1.65177 0.224815 0)
(1.69305 0.236814 0)
(1.7377 0.242822 0)
(1.78524 0.242519 0)
(1.83509 0.235648 0)
(1.88656 0.222014 0)
(1.939 0.20151 0)
(1.99182 0.174116 0)
(2.04447 0.139984 0)
(2.09583 0.0998793 0)
(2.14337 0.0559271 0)
(2.18448 0.010846 0)
(2.21674 -0.0325218 0)
(2.23906 -0.072075 0)
(2.24966 -0.107098 0)
(2.25055 -0.136481 0)
(2.24084 -0.158786 0)
(2.21591 -0.170251 0)
(2.17834 -0.170864 0)
(2.13009 -0.162088 0)
(2.07383 -0.145805 0)
(2.01311 -0.125009 0)
(1.95189 -0.103483 0)
(1.89273 -0.084279 0)
(1.83695 -0.0692782 0)
(1.78534 -0.0593868 0)
(1.73821 -0.0545599 0)
(1.69553 -0.0538494 0)
(1.65711 -0.0556285 0)
(1.62269 -0.0579988 0)
(1.59201 -0.0591741 0)
(1.56495 -0.0577245 0)
(1.5415 -0.0526587 0)
(1.52178 -0.0434211 0)
(1.50601 -0.0299393 0)
(1.49445 -0.0127709 0)
(1.48714 0.00725066 0)
(1.4842 0.0292505 0)
(1.48568 0.0523639 0)
(1.4916 0.0756718 0)
(1.50192 0.0982885 0)
(1.5166 0.119445 0)
(1.53547 0.138429 0)
(1.5583 0.154592 0)
(1.58481 0.167368 0)
(1.61462 0.176287 0)
(1.6473 0.180983 0)
(1.68233 0.181165 0)
(1.71912 0.176565 0)
(1.75715 0.166933 0)
(1.79599 0.152105 0)
(1.83522 0.132062 0)
(1.87423 0.107041 0)
(1.9118 0.077897 0)
(1.94604 0.0463153 0)
(1.97536 0.0139699 0)
(1.99822 -0.017525 0)
(2.01333 -0.0469084 0)
(2.02075 -0.0727264 0)
(2.01974 -0.0944479 0)
(2.0088 -0.110736 0)
(1.98798 -0.119271 0)
(1.95823 -0.120663 0)
(1.92148 -0.116385 0)
(1.88023 -0.108288 0)
(1.83728 -0.0986392 0)
(1.79527 -0.08952 0)
(1.75547 -0.0820588 0)
(1.71866 -0.0766402 0)
(1.68509 -0.0731088 0)
(1.65474 -0.0709401 0)
(1.62736 -0.069385 0)
(1.60268 -0.0676123 0)
(1.58043 -0.064831 0)
(1.56043 -0.0603917 0)
(1.54262 -0.0538569 0)
(1.52708 -0.0450158 0)
(1.514 -0.0338615 0)
(1.5036 -0.0205731 0)
(1.49613 -0.00550747 0)
(1.4918 0.0108943 0)
(1.49077 0.0282084 0)
(1.49312 0.045898 0)
(1.4989 0.0633221 0)
(1.50815 0.0798828 0)
(1.52081 0.0950344 0)
(1.53674 0.108275 0)
(1.5557 0.11915 0)
(1.57736 0.127232 0)
(1.60139 0.132124 0)
(1.62746 0.133483 0)
(1.65525 0.131043 0)
(1.6844 0.124625 0)
(1.71455 0.114134 0)
(1.74514 0.0996442 0)
(1.77535 0.0815598 0)
(1.80379 0.0608846 0)
(1.8291 0.0387438 0)
(1.85011 0.0162585 0)
(1.86585 -0.00547168 0)
(1.87576 -0.0255238 0)
(1.87964 -0.0432519 0)
(1.87719 -0.0582054 0)
(1.86793 -0.0693818 0)
(1.85229 -0.0761474 0)
(1.83124 -0.0790854 0)
(1.80627 -0.0790229 0)
(1.77904 -0.077001 0)
(1.75113 -0.0741377 0)
(1.72385 -0.0713104 0)
(1.69776 -0.0689445 0)
(1.67322 -0.0671175 0)
(1.65031 -0.0657017 0)
(1.62905 -0.0644302 0)
(1.60934 -0.0629477 0)
(1.59113 -0.0608716 0)
(1.57436 -0.0578482 0)
(1.55907 -0.0535943 0)
(1.54535 -0.0479181 0)
(1.5782 0.153088 0)
(1.61063 0.171282 0)
(1.64781 0.184825 0)
(1.68924 0.193195 0)
(1.73442 0.196082 0)
(1.78272 0.19332 0)
(1.83349 0.184725 0)
(1.88614 0.170029 0)
(1.94029 0.148957 0)
(1.9956 0.121185 0)
(2.05092 0.0873333 0)
(2.10298 0.0499513 0)
(2.1484 0.011672 0)
(2.18468 -0.02472 0)
(2.2105 -0.057073 0)
(2.22382 -0.0856986 0)
(2.2266 -0.109344 0)
(2.21487 -0.127143 0)
(2.18855 -0.134965 0)
(2.14925 -0.132676 0)
(2.09948 -0.122144 0)
(2.04249 -0.105387 0)
(1.98214 -0.0849217 0)
(1.92265 -0.0639143 0)
(1.86632 -0.0448358 0)
(1.81435 -0.029454 0)
(1.76715 -0.0189187 0)
(1.72469 -0.0136506 0)
(1.68658 -0.013259 0)
(1.65231 -0.0166714 0)
(1.62139 -0.0222113 0)
(1.5934 -0.0280296 0)
(1.56806 -0.0324656 0)
(1.54532 -0.0342393 0)
(1.5253 -0.0325179 0)
(1.50829 -0.0269001 0)
(1.49473 -0.0173452 0)
(1.48503 -0.00427358 0)
(1.47942 0.0114534 0)
(1.47805 0.0290572 0)
(1.48096 0.0478605 0)
(1.48811 0.0669102 0)
(1.49952 0.0852388 0)
(1.51514 0.102185 0)
(1.53483 0.117142 0)
(1.55835 0.129524 0)
(1.58545 0.138828 0)
(1.6158 0.144665 0)
(1.649 0.146785 0)
(1.68453 0.145004 0)
(1.72185 0.139029 0)
(1.76049 0.128434 0)
(1.80006 0.112923 0)
(1.83984 0.0926992 0)
(1.87818 0.0688474 0)
(1.91306 0.0427778 0)
(1.94276 0.0159453 0)
(1.96574 -0.00996008 0)
(1.98103 -0.0336456 0)
(1.98827 -0.054495 0)
(1.98669 -0.0720319 0)
(1.97501 -0.0843621 0)
(1.95339 -0.0899784 0)
(1.92302 -0.0894092 0)
(1.88622 -0.0838668 0)
(1.84582 -0.0752289 0)
(1.80487 -0.0657494 0)
(1.76558 -0.0572231 0)
(1.72901 -0.0506439 0)
(1.69572 -0.0463767 0)
(1.66579 -0.0443174 0)
(1.63902 -0.0440228 0)
(1.61503 -0.0448056 0)
(1.59342 -0.0458575 0)
(1.57382 -0.0463743 0)
(1.55596 -0.0456513 0)
(1.5397 -0.0431618 0)
(1.52507 -0.0386164 0)
(1.51226 -0.0319426 0)
(1.50154 -0.0232061 0)
(1.49319 -0.0125816 0)
(1.48749 -0.000424041 0)
(1.4847 0.0128187 0)
(1.48497 0.0268974 0)
(1.48843 0.0413338 0)
(1.49512 0.0553893 0)
(1.50515 0.0685327 0)
(1.51853 0.0803403 0)
(1.53512 0.090433 0)
(1.5547 0.0984633 0)
(1.57697 0.104062 0)
(1.60159 0.106816 0)
(1.62826 0.10633 0)
(1.65668 0.102321 0)
(1.68639 0.0946441 0)
(1.71672 0.0834108 0)
(1.74658 0.0691952 0)
(1.77444 0.0528724 0)
(1.799 0.0353255 0)
(1.8191 0.017515 0)
(1.83387 0.000381055 0)
(1.84289 -0.0153451 0)
(1.84605 -0.0292602 0)
(1.84283 -0.0409306 0)
(1.83304 -0.0491218 0)
(1.81731 -0.0536676 0)
(1.79681 -0.0551763 0)
(1.77313 -0.054422 0)
(1.74789 -0.0523619 0)
(1.7227 -0.0499562 0)
(1.69843 -0.0478699 0)
(1.67554 -0.0464138 0)
(1.6542 -0.0456423 0)
(1.63441 -0.0454507 0)
(1.61607 -0.045609 0)
(1.59901 -0.045797 0)
(1.58309 -0.0456588 0)
(1.56822 -0.0448557 0)
(1.55437 -0.0431033 0)
(1.54161 -0.0401971 0)
(1.53009 -0.0360246 0)
(1.59095 0.125211 0)
(1.61933 0.137859 0)
(1.65377 0.146432 0)
(1.69374 0.150361 0)
(1.73858 0.149362 0)
(1.78747 0.143308 0)
(1.83949 0.131907 0)
(1.89384 0.114522 0)
(1.9496 0.0909558 0)
(2.00508 0.0623636 0)
(2.05703 0.031989 0)
(2.10189 0.00251753 0)
(2.1364 -0.0250427 0)
(2.15799 -0.0508352 0)
(2.16918 -0.071806 0)
(2.16719 -0.0887445 0)
(2.15029 -0.0976756 0)
(2.11922 -0.0997772 0)
(2.07568 -0.093893 0)
(2.02304 -0.081336 0)
(1.96541 -0.0641338 0)
(1.90735 -0.0449042 0)
(1.85219 -0.025982 0)
(1.80187 -0.00898056 0)
(1.75734 0.00495244 0)
(1.71868 0.0149403 0)
(1.68537 0.0203968 0)
(1.6565 0.0211436 0)
(1.63106 0.0177077 0)
(1.60825 0.0112197 0)
(1.58732 0.00320822 0)
(1.56763 -0.00470675 0)
(1.54888 -0.0111262 0)
(1.53111 -0.0149884 0)
(1.51471 -0.0156606 0)
(1.50029 -0.0129278 0)
(1.48857 -0.00678637 0)
(1.48017 0.0025224 0)
(1.47586 0.0143347 0)
(1.47521 0.027898 0)
(1.47837 0.0424248 0)
(1.48663 0.0571138 0)
(1.4989 0.071234 0)
(1.5153 0.0841353 0)
(1.53564 0.0952225 0)
(1.55968 0.103966 0)
(1.58721 0.109916 0)
(1.61805 0.112726 0)
(1.65194 0.112208 0)
(1.68833 0.108231 0)
(1.72641 0.10043 0)
(1.76529 0.0883927 0)
(1.80395 0.0724036 0)
(1.84067 0.0537971 0)
(1.87357 0.0337794 0)
(1.90047 0.0134115 0)
(1.91981 -0.00640625 0)
(1.93177 -0.0241243 0)
(1.93543 -0.0398155 0)
(1.92948 -0.0525551 0)
(1.91388 -0.0596983 0)
(1.88936 -0.0615673 0)
(1.85767 -0.0586215 0)
(1.82151 -0.0521088 0)
(1.78394 -0.043754 0)
(1.74773 -0.0353604 0)
(1.71413 -0.0281414 0)
(1.68386 -0.0227951 0)
(1.65708 -0.0197006 0)
(1.6336 -0.018887 0)
(1.61301 -0.0199826 0)
(1.59476 -0.022384 0)
(1.57831 -0.0253717 0)
(1.56321 -0.0281954 0)
(1.54912 -0.030165 0)
(1.53583 -0.0307239 0)
(1.52339 -0.0295261 0)
(1.51195 -0.0264385 0)
(1.50182 -0.0214931 0)
(1.4934 -0.0148064 0)
(1.48705 -0.00655288 0)
(1.48325 0.00299369 0)
(1.48224 0.0134933 0)
(1.48321 0.0245726 0)
(1.48795 0.0357576 0)
(1.4956 0.0465471 0)
(1.50641 0.0564576 0)
(1.52052 0.0650962 0)
(1.53788 0.0721529 0)
(1.55826 0.077343 0)
(1.58123 0.0803441 0)
(1.60631 0.0807446 0)
(1.63309 0.0782126 0)
(1.66104 0.0726957 0)
(1.68932 0.0644155 0)
(1.71661 0.0539526 0)
(1.74155 0.0419622 0)
(1.76282 0.0291089 0)
(1.77945 0.016201 0)
(1.79092 0.00389334 0)
(1.79705 -0.007414 0)
(1.79755 -0.0175228 0)
(1.79198 -0.0254722 0)
(1.78076 -0.0304591 0)
(1.76476 -0.0328035 0)
(1.74534 -0.0330922 0)
(1.72405 -0.0320182 0)
(1.70242 -0.0303397 0)
(1.68154 -0.0287086 0)
(1.6619 -0.0275218 0)
(1.64375 -0.026961 0)
(1.6271 -0.0270878 0)
(1.61183 -0.0278357 0)
(1.59774 -0.0290057 0)
(1.5846 -0.0303229 0)
(1.57221 -0.0314832 0)
(1.56042 -0.0321906 0)
(1.54916 -0.0321878 0)
(1.53847 -0.0312769 0)
(1.52844 -0.0293346 0)
(1.51929 -0.0263173 0)
(1.62864 0.102434 0)
(1.65315 0.10798 0)
(1.68397 0.109798 0)
(1.72082 0.107598 0)
(1.76322 0.101484 0)
(1.81008 0.0917379 0)
(1.8599 0.0780918 0)
(1.91059 0.0601859 0)
(1.95838 0.0390331 0)
(1.99971 0.015547 0)
(2.02904 -0.00899392 0)
(2.05101 -0.0295979 0)
(2.06229 -0.045656 0)
(2.06095 -0.0590282 0)
(2.04552 -0.0653042 0)
(2.01709 -0.066808 0)
(1.97773 -0.0620301 0)
(1.93058 -0.0521171 0)
(1.87909 -0.0384534 0)
(1.82727 -0.0227752 0)
(1.77814 -0.00693393 0)
(1.73366 0.0077254 0)
(1.69525 0.0204508 0)
(1.66343 0.030793 0)
(1.63782 0.0383071 0)
(1.61742 0.0425306 0)
(1.60103 0.0431902 0)
(1.58765 0.0406089 0)
(1.57644 0.0351653 0)
(1.56662 0.027103 0)
(1.55692 0.0184422 0)
(1.54661 0.0104329 0)
(1.53543 0.00408916 0)
(1.52355 7.13673e-05 0)
(1.51151 -0.00144605 0)
(1.50017 -0.000549687 0)
(1.49041 0.00277676 0)
(1.48298 0.00854786 0)
(1.47876 0.0165172 0)
(1.47842 0.0260355 0)
(1.48223 0.0362757 0)
(1.49029 0.0465743 0)
(1.50265 0.0564863 0)
(1.51923 0.0654166 0)
(1.5398 0.0727757 0)
(1.56412 0.0780019 0)
(1.592 0.0805203 0)
(1.6233 0.0798644 0)
(1.65771 0.0762386 0)
(1.69417 0.0703689 0)
(1.73047 0.0621846 0)
(1.76467 0.0512273 0)
(1.79517 0.038098 0)
(1.8194 0.0231279 0)
(1.83792 0.00894759 0)
(1.84951 -0.00367362 0)
(1.85327 -0.015592 0)
(1.84826 -0.0256649 0)
(1.83467 -0.0310106 0)
(1.81334 -0.0333606 0)
(1.78593 -0.0320612 0)
(1.75486 -0.0280289 0)
(1.72283 -0.0222966 0)
(1.69227 -0.015987 0)
(1.66444 -0.010026 0)
(1.64012 -0.00510848 0)
(1.61943 -0.00173705 0)
(1.60206 -0.000197369 0)
(1.58752 -0.000473979 0)
(1.5753 -0.00233838 0)
(1.5648 -0.00545918 0)
(1.55537 -0.00930797 0)
(1.54648 -0.013239 0)
(1.53774 -0.0166381 0)
(1.52896 -0.0189869 0)
(1.52015 -0.0199116 0)
(1.51147 -0.0192245 0)
(1.50321 -0.0169613 0)
(1.49579 -0.0133092 0)
(1.48963 -0.00843131 0)
(1.48518 -0.00243675 0)
(1.48294 0.00457356 0)
(1.48317 0.0124707 0)
(1.48617 0.0208491 0)
(1.4919 0.0292024 0)
(1.50043 0.0370174 0)
(1.51196 0.0436335 0)
(1.52661 0.0487447 0)
(1.54429 0.0524231 0)
(1.56464 0.0548126 0)
(1.58699 0.0558556 0)
(1.61055 0.0550107 0)
(1.63451 0.0517538 0)
(1.6577 0.0463228 0)
(1.67893 0.0393221 0)
(1.69687 0.0310419 0)
(1.71166 0.0228922 0)
(1.72212 0.0148739 0)
(1.72816 0.00719471 0)
(1.72959 -5.83357e-05 0)
(1.72603 -0.00616565 0)
(1.71786 -0.0103516 0)
(1.7058 -0.0127227 0)
(1.6909 -0.0136855 0)
(1.67445 -0.0136477 0)
(1.65774 -0.0130329 0)
(1.64169 -0.0123012 0)
(1.62679 -0.0117981 0)
(1.61326 -0.0117104 0)
(1.60111 -0.0121295 0)
(1.59021 -0.0130772 0)
(1.58037 -0.0144971 0)
(1.57137 -0.0162675 0)
(1.56297 -0.0181991 0)
(1.55494 -0.0200499 0)
(1.54709 -0.0215763 0)
(1.53936 -0.0225658 0)
(1.53177 -0.0228544 0)
(1.5244 -0.0223368 0)
(1.51743 -0.0209745 0)
(1.51104 -0.018806 0)
(1.65645 0.0822043 0)
(1.67743 0.0823941 0)
(1.70158 0.0790301 0)
(1.72774 0.0719918 0)
(1.75558 0.0613606 0)
(1.78376 0.0476739 0)
(1.81295 0.0318427 0)
(1.84079 0.0154885 0)
(1.86204 0.00126951 0)
(1.87497 -0.0106471 0)
(1.87828 -0.0214827 0)
(1.86966 -0.0293823 0)
(1.85031 -0.0330497 0)
(1.82272 -0.0327609 0)
(1.78947 -0.0284 0)
(1.75294 -0.0211606 0)
(1.71472 -0.0119109 0)
(1.67702 -0.00167776 0)
(1.6417 0.00901029 0)
(1.61009 0.0198172 0)
(1.58302 0.0301175 0)
(1.56083 0.0387127 0)
(1.5437 0.0449123 0)
(1.53152 0.0489573 0)
(1.52362 0.0512313 0)
(1.51912 0.0518898 0)
(1.51711 0.0506171 0)
(1.5171 0.0457593 0)
(1.51848 0.0387977 0)
(1.51987 0.0309144 0)
(1.52021 0.0234408 0)
(1.51896 0.0169761 0)
(1.51581 0.0119203 0)
(1.51112 0.00861341 0)
(1.50622 0.00731064 0)
(1.50105 0.00789343 0)
(1.4956 0.0103244 0)
(1.4911 0.0141732 0)
(1.4887 0.0190774 0)
(1.48883 0.0247184 0)
(1.49287 0.0307212 0)
(1.50087 0.0367179 0)
(1.51297 0.0423093 0)
(1.52905 0.046992 0)
(1.54872 0.0502235 0)
(1.57141 0.0514625 0)
(1.59637 0.0503709 0)
(1.62251 0.0470004 0)
(1.64697 0.0416916 0)
(1.669 0.0354816 0)
(1.69099 0.0296008 0)
(1.70929 0.0233936 0)
(1.72187 0.0167751 0)
(1.72862 0.010367 0)
(1.72877 0.00367056 0)
(1.72192 -0.00131296 0)
(1.70902 -0.00455851 0)
(1.69098 -0.00582864 0)
(1.66936 -0.00541531 0)
(1.6459 -0.00384581 0)
(1.62249 -0.00146745 0)
(1.6006 0.00131998 0)
(1.58121 0.00414353 0)
(1.56485 0.00665632 0)
(1.55166 0.0085123 0)
(1.54147 0.00959103 0)
(1.53398 0.00985181 0)
(1.52869 0.00936777 0)
(1.52492 0.00739158 0)
(1.52237 0.00393001 0)
(1.52028 -2.11336e-05 0)
(1.51796 -0.00403322 0)
(1.51502 -0.00769351 0)
(1.51129 -0.0106198 0)
(1.50685 -0.0125179 0)
(1.5019 -0.0132222 0)
(1.49684 -0.0126887 0)
(1.49224 -0.0109576 0)
(1.48831 -0.00812951 0)
(1.48526 -0.00436394 0)
(1.48324 0.000130241 0)
(1.48248 0.00517385 0)
(1.4834 0.0105671 0)
(1.48667 0.0160362 0)
(1.49278 0.0213048 0)
(1.50189 0.0260785 0)
(1.51334 0.0300307 0)
(1.52607 0.0329057 0)
(1.53947 0.0345826 0)
(1.55329 0.0350864 0)
(1.56778 0.0345037 0)
(1.58359 0.0329316 0)
(1.5987 0.0306481 0)
(1.61157 0.0280072 0)
(1.62178 0.0249161 0)
(1.62873 0.0210416 0)
(1.63247 0.0169304 0)
(1.63303 0.0126992 0)
(1.63033 0.00896183 0)
(1.62471 0.00607434 0)
(1.61666 0.00399601 0)
(1.60693 0.00252069 0)
(1.59639 0.00149575 0)
(1.5859 0.000800232 0)
(1.57594 0.000246448 0)
(1.56682 -0.000324528 0)
(1.55871 -0.00101074 0)
(1.5517 -0.00190159 0)
(1.54568 -0.00304426 0)
(1.54048 -0.00445215 0)
(1.53589 -0.00613337 0)
(1.53174 -0.00818302 0)
(1.52782 -0.010429 0)
(1.52391 -0.0125732 0)
(1.51989 -0.0144603 0)
(1.51571 -0.0159466 0)
(1.51138 -0.0169158 0)
(1.507 -0.017288 0)
(1.50271 -0.0170199 0)
(1.49868 -0.0160927 0)
(1.49516 -0.01451 0)
(1.55584 0.0642708 0)
(1.56695 0.0638056 0)
(1.57778 0.0601305 0)
(1.58745 0.0533379 0)
(1.59501 0.0440655 0)
(1.59908 0.0332149 0)
(1.59848 0.0221635 0)
(1.59289 0.0127436 0)
(1.58344 0.0058083 0)
(1.57159 0.000996132 0)
(1.55797 -0.00181072 0)
(1.54306 -0.00223849 0)
(1.52751 -0.00132933 0)
(1.51166 0.000318841 0)
(1.49568 0.00321413 0)
(1.47982 0.00797041 0)
(1.46425 0.0146077 0)
(1.44937 0.0220676 0)
(1.43578 0.0296534 0)
(1.42431 0.0367878 0)
(1.41568 0.0428306 0)
(1.41016 0.0472331 0)
(1.4076 0.0497815 0)
(1.40758 0.050846 0)
(1.41046 0.0508334 0)
(1.41597 0.0492603 0)
(1.42383 0.0451635 0)
(1.43318 0.039254 0)
(1.44259 0.0323407 0)
(1.45076 0.025451 0)
(1.45705 0.0194286 0)
(1.46117 0.014861 0)
(1.46314 0.0118761 0)
(1.46333 0.0100502 0)
(1.46201 0.00935945 0)
(1.45985 0.0102869 0)
(1.45755 0.0124405 0)
(1.45584 0.0152277 0)
(1.45535 0.0182795 0)
(1.45661 0.0212751 0)
(1.45995 0.0239585 0)
(1.46558 0.0261211 0)
(1.47356 0.0278753 0)
(1.48373 0.0292194 0)
(1.49563 0.0300117 0)
(1.50855 0.0301906 0)
(1.52108 0.0298453 0)
(1.53236 0.0291944 0)
(1.54171 0.0280729 0)
(1.54832 0.0258157 0)
(1.5519 0.0231779 0)
(1.55276 0.0208744 0)
(1.5507 0.0189203 0)
(1.54577 0.0172056 0)
(1.53809 0.0158868 0)
(1.52816 0.0150294 0)
(1.51672 0.0143619 0)
(1.50445 0.0138776 0)
(1.49229 0.0137169 0)
(1.48092 0.013675 0)
(1.47078 0.0136788 0)
(1.46222 0.0137094 0)
(1.45559 0.013734 0)
(1.45097 0.0137122 0)
(1.44826 0.013591 0)
(1.44707 0.0129693 0)
(1.44741 0.0112881 0)
(1.44917 0.00883376 0)
(1.45173 0.00571972 0)
(1.4542 0.00231662 0)
(1.45597 -0.000992425 0)
(1.45685 -0.00399912 0)
(1.45676 -0.00656323 0)
(1.45563 -0.0085498 0)
(1.45361 -0.0097364 0)
(1.45093 -0.0100611 0)
(1.44788 -0.00955694 0)
(1.44477 -0.00822225 0)
(1.44194 -0.00606293 0)
(1.43975 -0.00317991 0)
(1.43854 0.000226562 0)
(1.43857 0.00390127 0)
(1.43996 0.00754833 0)
(1.44272 0.0109436 0)
(1.44681 0.0140362 0)
(1.4521 0.0169181 0)
(1.45834 0.0195842 0)
(1.46532 0.0221997 0)
(1.47262 0.0243876 0)
(1.47978 0.0254859 0)
(1.48634 0.0254578 0)
(1.49192 0.024858 0)
(1.49641 0.0242071 0)
(1.4998 0.0234347 0)
(1.50203 0.0222573 0)
(1.50293 0.0205813 0)
(1.50229 0.0186844 0)
(1.50026 0.0168346 0)
(1.49709 0.0150678 0)
(1.49312 0.0134043 0)
(1.4887 0.0117268 0)
(1.48418 0.0100703 0)
(1.47983 0.00848284 0)
(1.47586 0.00700178 0)
(1.47235 0.00568341 0)
(1.46932 0.00442367 0)
(1.46684 0.00295686 0)
(1.46482 0.00134901 0)
(1.46317 -0.000407243 0)
(1.46178 -0.00230975 0)
(1.46051 -0.0043228 0)
(1.45916 -0.00638444 0)
(1.45757 -0.00838963 0)
(1.45562 -0.0102278 0)
(1.4533 -0.0118015 0)
(1.45065 -0.0130241 0)
(1.44772 -0.0138267 0)
(1.44462 -0.014163 0)
(1.44147 -0.014011 0)
(1.43841 -0.0133649 0)
(1.43556 -0.0122065 0)
(1.24311 0.0594434 0)
(1.24492 0.060008 0)
(1.24542 0.0586014 0)
(1.24357 0.0552988 0)
(1.23995 0.0505 0)
(1.23581 0.0444046 0)
(1.2323 0.0371129 0)
(1.23039 0.0289077 0)
(1.23057 0.0202726 0)
(1.23251 0.0121274 0)
(1.23522 0.00552195 0)
(1.23795 0.00123632 0)
(1.24057 -0.000435289 0)
(1.24279 0.00079978 0)
(1.24322 0.00489467 0)
(1.24163 0.0112318 0)
(1.2387 0.0189795 0)
(1.2354 0.0268417 0)
(1.23269 0.0338144 0)
(1.23124 0.0395138 0)
(1.23147 0.0438293 0)
(1.23372 0.0465196 0)
(1.23794 0.0472117 0)
(1.24395 0.0460234 0)
(1.25172 0.0430977 0)
(1.26107 0.0387285 0)
(1.27139 0.0332257 0)
(1.28137 0.0271619 0)
(1.29002 0.0213892 0)
(1.29684 0.0165626 0)
(1.3016 0.0130443 0)
(1.30446 0.0108577 0)
(1.30574 0.00988102 0)
(1.30588 0.00963752 0)
(1.30502 0.0103143 0)
(1.30348 0.0121707 0)
(1.30185 0.0143968 0)
(1.30057 0.016545 0)
(1.29985 0.0185446 0)
(1.29986 0.0203883 0)
(1.30066 0.0220215 0)
(1.30225 0.0234038 0)
(1.30449 0.0245334 0)
(1.30727 0.0254044 0)
(1.31047 0.026037 0)
(1.31401 0.0264792 0)
(1.31777 0.0267218 0)
(1.32155 0.0266678 0)
(1.32511 0.0262483 0)
(1.3281 0.0255658 0)
(1.3302 0.024688 0)
(1.33138 0.0238749 0)
(1.33171 0.0230049 0)
(1.33107 0.0220604 0)
(1.32947 0.0211745 0)
(1.32705 0.0205229 0)
(1.32406 0.0199498 0)
(1.32081 0.0193606 0)
(1.31767 0.0187129 0)
(1.31498 0.0180213 0)
(1.3129 0.0173318 0)
(1.31144 0.0165276 0)
(1.31073 0.0154215 0)
(1.31091 0.0140284 0)
(1.31204 0.0123373 0)
(1.31404 0.0102445 0)
(1.31656 0.00773546 0)
(1.3191 0.00502151 0)
(1.32125 0.00231892 0)
(1.32271 -0.000273622 0)
(1.32336 -0.00265351 0)
(1.32315 -0.00472378 0)
(1.32207 -0.00635827 0)
(1.32021 -0.00731436 0)
(1.31776 -0.00765534 0)
(1.31492 -0.00736763 0)
(1.31193 -0.0064998 0)
(1.30902 -0.0051041 0)
(1.30642 -0.00326409 0)
(1.30433 -0.00106252 0)
(1.30293 0.00143323 0)
(1.30234 0.00411261 0)
(1.30259 0.00683001 0)
(1.30359 0.00947233 0)
(1.30526 0.0120113 0)
(1.30751 0.0144663 0)
(1.31024 0.0168113 0)
(1.31344 0.0189267 0)
(1.31705 0.0206394 0)
(1.32082 0.0217909 0)
(1.32442 0.0223794 0)
(1.3276 0.0225592 0)
(1.33034 0.0224835 0)
(1.33269 0.0221698 0)
(1.33465 0.0215741 0)
(1.33613 0.0206223 0)
(1.33707 0.0193829 0)
(1.33748 0.0179207 0)
(1.33747 0.0163431 0)
(1.33714 0.0147253 0)
(1.3366 0.0131112 0)
(1.33589 0.0115103 0)
(1.33507 0.00991828 0)
(1.33422 0.00835059 0)
(1.33341 0.00679315 0)
(1.33271 0.00519367 0)
(1.33211 0.00352491 0)
(1.33153 0.00179493 0)
(1.33089 3.08116e-05 0)
(1.33011 -0.00174319 0)
(1.32911 -0.00350906 0)
(1.32781 -0.00523604 0)
(1.32615 -0.00685707 0)
(1.32414 -0.008289 0)
(1.32178 -0.00946596 0)
(1.31913 -0.0103344 0)
(1.31627 -0.0108536 0)
(1.31328 -0.0110007 0)
(1.31026 -0.0107718 0)
(1.30735 -0.0101782 0)
(1.30464 -0.00923935 0)
(0.834479 0.0599291 0)
(0.840207 0.0610301 0)
(0.84701 0.0605213 0)
(0.855141 0.0573172 0)
(0.864764 0.049603 0)
(0.875618 0.03917 0)
(0.886955 0.0272246 0)
(0.897855 0.0155946 0)
(0.907604 0.00575507 0)
(0.915688 -0.00157513 0)
(0.922354 -0.00552122 0)
(0.927437 -0.007 0)
(0.931485 -0.00642722 0)
(0.934469 -0.00270525 0)
(0.936456 0.0036905 0)
(0.93815 0.0116034 0)
(0.940067 0.0198764 0)
(0.942539 0.0272611 0)
(0.945848 0.0332853 0)
(0.950145 0.0377383 0)
(0.95552 0.040385 0)
(0.961807 0.0411238 0)
(0.968855 0.0401096 0)
(0.976412 0.0376457 0)
(0.984195 0.0340591 0)
(0.991799 0.0297359 0)
(0.998707 0.0251322 0)
(1.00458 0.0206947 0)
(1.00924 0.0168122 0)
(1.0127 0.0137573 0)
(1.01513 0.0116604 0)
(1.01673 0.0104986 0)
(1.0177 0.0101458 0)
(1.0182 0.0106143 0)
(1.01819 0.0118381 0)
(1.01802 0.0135568 0)
(1.01806 0.0154717 0)
(1.01846 0.0173784 0)
(1.01928 0.0191434 0)
(1.0206 0.0206334 0)
(1.02253 0.0216953 0)
(1.02515 0.0223982 0)
(1.02849 0.0229362 0)
(1.03255 0.0231745 0)
(1.03729 0.0230888 0)
(1.04261 0.0227625 0)
(1.04835 0.0223069 0)
(1.05431 0.0218037 0)
(1.06023 0.0212727 0)
(1.06585 0.0207085 0)
(1.07093 0.0202336 0)
(1.07535 0.0199564 0)
(1.07905 0.0199169 0)
(1.08198 0.0200595 0)
(1.08416 0.0202222 0)
(1.08578 0.0203688 0)
(1.08696 0.0202457 0)
(1.0879 0.0199247 0)
(1.08869 0.0193041 0)
(1.0894 0.0184118 0)
(1.09012 0.0172925 0)
(1.09096 0.0159529 0)
(1.09196 0.0143778 0)
(1.09304 0.0125908 0)
(1.09416 0.0106455 0)
(1.0952 0.00855201 0)
(1.09601 0.00636659 0)
(1.09644 0.00420466 0)
(1.09642 0.00213488 0)
(1.09596 0.000218729 0)
(1.09502 -0.00146641 0)
(1.09364 -0.00282669 0)
(1.09189 -0.00381231 0)
(1.0899 -0.00440435 0)
(1.08779 -0.00457967 0)
(1.08572 -0.00433611 0)
(1.08381 -0.0036937 0)
(1.08216 -0.00267634 0)
(1.08089 -0.00130784 0)
(1.08011 0.000359945 0)
(1.0799 0.00222795 0)
(1.08029 0.00421198 0)
(1.08127 0.00623459 0)
(1.08282 0.00823392 0)
(1.08488 0.0101778 0)
(1.08739 0.0120559 0)
(1.09033 0.013849 0)
(1.09367 0.0155203 0)
(1.09735 0.0169703 0)
(1.10122 0.018066 0)
(1.10507 0.018774 0)
(1.10879 0.0191769 0)
(1.1123 0.0193565 0)
(1.11558 0.01931 0)
(1.1186 0.0189936 0)
(1.12133 0.0184085 0)
(1.12372 0.0176021 0)
(1.12574 0.016613 0)
(1.12741 0.0154812 0)
(1.12876 0.0142476 0)
(1.12982 0.0129299 0)
(1.13062 0.0115419 0)
(1.13119 0.0101013 0)
(1.13155 0.00863222 0)
(1.13174 0.00715022 0)
(1.13176 0.005645 0)
(1.13158 0.00409627 0)
(1.13118 0.00252549 0)
(1.13055 0.000961089 0)
(1.12967 -0.000573421 0)
(1.12851 -0.00205832 0)
(1.12706 -0.0034702 0)
(1.12533 -0.00476886 0)
(1.12334 -0.00590925 0)
(1.12113 -0.00685196 0)
(1.11876 -0.00756259 0)
(1.11631 -0.00801376 0)
(1.11386 -0.00819176 0)
(1.11148 -0.0080937 0)
(1.10926 -0.00771722 0)
(1.10725 -0.00706101 0)
(0.465536 0.0495033 0)
(0.478801 0.0485842 0)
(0.492317 0.0451499 0)
(0.505849 0.0395211 0)
(0.51857 0.0322725 0)
(0.529664 0.0240603 0)
(0.538754 0.0156573 0)
(0.545752 0.0077896 0)
(0.550835 0.00103132 0)
(0.554479 -0.00419451 0)
(0.557206 -0.00751869 0)
(0.559493 -0.00875044 0)
(0.561662 -0.00754825 0)
(0.563744 -0.00383629 0)
(0.566351 0.00188531 0)
(0.570219 0.00873806 0)
(0.575576 0.0157149 0)
(0.582185 0.0219763 0)
(0.589774 0.0269406 0)
(0.598135 0.0303964 0)
(0.607038 0.0323219 0)
(0.616237 0.0327567 0)
(0.625445 0.031778 0)
(0.634355 0.0296087 0)
(0.642709 0.0265698 0)
(0.650293 0.0230104 0)
(0.656945 0.0192703 0)
(0.662581 0.0157113 0)
(0.667208 0.0126717 0)
(0.67093 0.0103946 0)
(0.673926 0.00899238 0)
(0.676401 0.00846397 0)
(0.678539 0.00874224 0)
(0.680489 0.00967117 0)
(0.682505 0.0110548 0)
(0.684851 0.0126746 0)
(0.68769 0.0142487 0)
(0.691098 0.0155512 0)
(0.695106 0.0165835 0)
(0.699715 0.0172499 0)
(0.704872 0.0175398 0)
(0.710486 0.0174818 0)
(0.716478 0.0171567 0)
(0.722765 0.0166607 0)
(0.729207 0.0160937 0)
(0.735668 0.015555 0)
(0.742052 0.0151252 0)
(0.748285 0.0148482 0)
(0.754293 0.0147328 0)
(0.760001 0.0147861 0)
(0.765348 0.0150236 0)
(0.770303 0.0154477 0)
(0.774902 0.0160241 0)
(0.7792 0.0166834 0)
(0.783196 0.0173019 0)
(0.786982 0.0177717 0)
(0.790554 0.0179645 0)
(0.793907 0.0178159 0)
(0.797047 0.0173413 0)
(0.799977 0.0165986 0)
(0.802706 0.0156417 0)
(0.805227 0.0144777 0)
(0.807505 0.0130965 0)
(0.809506 0.0115304 0)
(0.811202 0.00983303 0)
(0.812562 0.00803709 0)
(0.813549 0.00618129 0)
(0.814145 0.00434325 0)
(0.814356 0.00259116 0)
(0.81421 0.000988729 0)
(0.813732 -0.000425563 0)
(0.812969 -0.00160158 0)
(0.812012 -0.00248903 0)
(0.810953 -0.00304727 0)
(0.809894 -0.00326794 0)
(0.808945 -0.00316035 0)
(0.808195 -0.00273397 0)
(0.807737 -0.00201652 0)
(0.807652 -0.00105278 0)
(0.807994 0.000127637 0)
(0.808815 0.00147734 0)
(0.810144 0.00293672 0)
(0.811968 0.00445981 0)
(0.814264 0.00600068 0)
(0.816997 0.00753279 0)
(0.82013 0.00903594 0)
(0.823633 0.0104827 0)
(0.827469 0.0118309 0)
(0.831581 0.0130181 0)
(0.83588 0.0139848 0)
(0.840252 0.0147149 0)
(0.844602 0.0152366 0)
(0.848875 0.0155782 0)
(0.853031 0.0157276 0)
(0.857032 0.0156513 0)
(0.86083 0.015332 0)
(0.864382 0.0147932 0)
(0.867653 0.0140775 0)
(0.870623 0.0132251 0)
(0.873282 0.0122668 0)
(0.875631 0.0112243 0)
(0.877671 0.010114 0)
(0.879402 0.0089518 0)
(0.880829 0.00775716 0)
(0.881962 0.00654245 0)
(0.882806 0.00530696 0)
(0.883352 0.00404722 0)
(0.883577 0.0027691 0)
(0.883468 0.00149363 0)
(0.883043 0.000249278 0)
(0.882315 -0.000950363 0)
(0.881298 -0.00208874 0)
(0.880019 -0.00313783 0)
(0.878509 -0.0040673 0)
(0.876815 -0.00484943 0)
(0.87499 -0.00546033 0)
(0.873101 -0.00587904 0)
(0.871213 -0.00609085 0)
(0.869388 -0.00608924 0)
(0.867686 -0.00587421 0)
(0.866166 -0.00544908 0)
(0.151887 0.0332586 0)
(0.166262 0.0329518 0)
(0.180202 0.0308705 0)
(0.193224 0.0271152 0)
(0.204722 0.0218565 0)
(0.21423 0.0155713 0)
(0.221562 0.00889611 0)
(0.226746 0.00251806 0)
(0.229961 -0.0029701 0)
(0.231646 -0.00707966 0)
(0.232323 -0.00942365 0)
(0.232417 -0.0100713 0)
(0.232477 -0.00894724 0)
(0.233124 -0.00584742 0)
(0.234949 -0.00129081 0)
(0.238276 0.00396929 0)
(0.243458 0.00915567 0)
(0.250416 0.0138303 0)
(0.258764 0.0176287 0)
(0.26814 0.0203233 0)
(0.278182 0.0218374 0)
(0.288498 0.0221896 0)
(0.298688 0.0214912 0)
(0.308406 0.0199482 0)
(0.317369 0.0178102 0)
(0.325384 0.0153456 0)
(0.332354 0.0128243 0)
(0.338284 0.0104947 0)
(0.343275 0.00855829 0)
(0.347513 0.00714497 0)
(0.351224 0.00630595 0)
(0.354648 0.00602218 0)
(0.358009 0.00621959 0)
(0.361511 0.0067874 0)
(0.365334 0.00759613 0)
(0.369582 0.00849985 0)
(0.374298 0.00935401 0)
(0.379453 0.0100586 0)
(0.384981 0.0105624 0)
(0.390798 0.0108351 0)
(0.396801 0.0108805 0)
(0.402891 0.0107507 0)
(0.408969 0.0105179 0)
(0.41497 0.0102277 0)
(0.420857 0.00992644 0)
(0.426608 0.00966481 0)
(0.432216 0.00949176 0)
(0.43769 0.00944487 0)
(0.443047 0.00954257 0)
(0.448307 0.00979319 0)
(0.453502 0.0102005 0)
(0.458672 0.0107479 0)
(0.463863 0.0113889 0)
(0.46912 0.0120557 0)
(0.474456 0.012652 0)
(0.479853 0.0131013 0)
(0.485267 0.0133384 0)
(0.490595 0.0133249 0)
(0.495765 0.0130638 0)
(0.500716 0.0125798 0)
(0.505391 0.011892 0)
(0.509748 0.0110137 0)
(0.51374 0.00996537 0)
(0.517326 0.00877886 0)
(0.520467 0.00748901 0)
(0.523147 0.00611981 0)
(0.52534 0.00471766 0)
(0.527048 0.00333389 0)
(0.528292 0.00201692 0)
(0.529101 0.000815557 0)
(0.529522 -0.000262521 0)
(0.529632 -0.00117481 0)
(0.529521 -0.00188842 0)
(0.529269 -0.00238612 0)
(0.528951 -0.00266398 0)
(0.528654 -0.0027157 0)
(0.528474 -0.00253688 0)
(0.528508 -0.00214358 0)
(0.528817 -0.00155572 0)
(0.529458 -0.000796579 0)
(0.530466 0.000113106 0)
(0.531879 0.00113103 0)
(0.533721 0.00221566 0)
(0.535997 0.00332931 0)
(0.538701 0.00446486 0)
(0.54182 0.00560103 0)
(0.545335 0.00671055 0)
(0.549224 0.00776057 0)
(0.553445 0.00871036 0)
(0.557936 0.00952029 0)
(0.562623 0.0101719 0)
(0.567436 0.0106706 0)
(0.572319 0.0110224 0)
(0.57722 0.0112168 0)
(0.582079 0.0112393 0)
(0.586832 0.0110907 0)
(0.591413 0.0107865 0)
(0.595765 0.0103476 0)
(0.599849 0.00979686 0)
(0.603635 0.00915622 0)
(0.6071 0.00844198 0)
(0.610227 0.00766674 0)
(0.613003 0.00684113 0)
(0.615422 0.00597662 0)
(0.617485 0.00508165 0)
(0.619193 0.00416717 0)
(0.620544 0.0032505 0)
(0.621535 0.00234074 0)
(0.622167 0.00143021 0)
(0.622448 0.000510761 0)
(0.622391 -0.000400972 0)
(0.622014 -0.00126801 0)
(0.621345 -0.00207095 0)
(0.620412 -0.00279408 0)
(0.619256 -0.00341941 0)
(0.617923 -0.00392918 0)
(0.616467 -0.00430673 0)
(0.614945 -0.00453693 0)
(0.613419 -0.00460878 0)
(0.611948 -0.00451757 0)
(0.610587 -0.00426261 0)
(-0.0503091 0.0188617 0)
(-0.0358296 0.0187197 0)
(-0.0218485 0.017355 0)
(-0.00913509 0.0149166 0)
(0.00153929 0.0115985 0)
(0.00972865 0.00773723 0)
(0.0153242 0.00366636 0)
(0.0182703 -0.000302536 0)
(0.0187654 -0.00378608 0)
(0.0173931 -0.00640691 0)
(0.0147214 -0.00800607 0)
(0.011442 -0.00849919 0)
(0.00840153 -0.00781558 0)
(0.00636306 -0.00601131 0)
(0.00591081 -0.00337111 0)
(0.00754751 -0.000218944 0)
(0.0113948 0.00309202 0)
(0.0171607 0.00610538 0)
(0.0245928 0.00854585 0)
(0.0332999 0.0102699 0)
(0.0428491 0.0112516 0)
(0.0527623 0.0115281 0)
(0.0625849 0.0111644 0)
(0.0719277 0.010284 0)
(0.0804804 0.00903491 0)
(0.0880469 0.0075722 0)
(0.0945509 0.00606194 0)
(0.100023 0.00465699 0)
(0.104585 0.00347905 0)
(0.108434 0.00261267 0)
(0.111796 0.00209934 0)
(0.114911 0.00193988 0)
(0.118003 0.00209059 0)
(0.121265 0.00246849 0)
(0.124835 0.00298616 0)
(0.128776 0.00354129 0)
(0.133105 0.00405291 0)
(0.137779 0.00446889 0)
(0.142716 0.00476941 0)
(0.147818 0.00492263 0)
(0.152998 0.00493901 0)
(0.158166 0.00485206 0)
(0.163268 0.00469775 0)
(0.168268 0.00449957 0)
(0.173142 0.00429417 0)
(0.177897 0.00413023 0)
(0.182535 0.00404233 0)
(0.187114 0.00404925 0)
(0.1917 0.00416106 0)
(0.196349 0.00438118 0)
(0.201128 0.0047057 0)
(0.206099 0.00511728 0)
(0.21131 0.00558343 0)
(0.216783 0.00606035 0)
(0.222504 0.00649376 0)
(0.228426 0.00683503 0)
(0.234467 0.00704526 0)
(0.240533 0.00710519 0)
(0.246499 0.00700772 0)
(0.252273 0.00676125 0)
(0.257769 0.00638195 0)
(0.262906 0.00588301 0)
(0.267614 0.00527524 0)
(0.271829 0.00457405 0)
(0.275502 0.00380007 0)
(0.278598 0.00297843 0)
(0.2811 0.00213526 0)
(0.283009 0.00129902 0)
(0.284355 0.000493994 0)
(0.285168 -0.000263602 0)
(0.285499 -0.000954946 0)
(0.285422 -0.00156162 0)
(0.285006 -0.00203511 0)
(0.284353 -0.00234901 0)
(0.283561 -0.00251489 0)
(0.28273 -0.00255968 0)
(0.281962 -0.00247242 0)
(0.281343 -0.00225355 0)
(0.280956 -0.00191662 0)
(0.280874 -0.00148421 0)
(0.28116 -0.000972065 0)
(0.281851 -0.000387219 0)
(0.282965 0.000250459 0)
(0.284554 0.000939036 0)
(0.28664 0.00163694 0)
(0.2892 0.00232801 0)
(0.292225 0.0029996 0)
(0.295696 0.00363474 0)
(0.299576 0.00421223 0)
(0.303813 0.00471262 0)
(0.308341 0.0051268 0)
(0.313098 0.00545647 0)
(0.31802 0.00570339 0)
(0.323042 0.00586083 0)
(0.328091 0.00591906 0)
(0.333092 0.00587613 0)
(0.337978 0.00574025 0)
(0.342687 0.00552415 0)
(0.347166 0.00524139 0)
(0.351374 0.00490458 0)
(0.355277 0.00452341 0)
(0.358846 0.00410456 0)
(0.362056 0.0036542 0)
(0.364891 0.00317688 0)
(0.367334 0.00267597 0)
(0.369376 0.00216009 0)
(0.371017 0.00163548 0)
(0.372258 0.00110651 0)
(0.373101 0.000580797 0)
(0.373561 5.41276e-05 0)
(0.373624 -0.000494905 0)
(0.373289 -0.00101603 0)
(0.372603 -0.00149289 0)
(0.3716 -0.00192136 0)
(0.37032 -0.00229148 0)
(0.368811 -0.00259297 0)
(0.367131 -0.00281621 0)
(0.36534 -0.00295321 0)
(0.363505 -0.00299869 0)
(0.361697 -0.00295085 0)
(0.359985 -0.0028116 0)
(-0.0930364 0.00592616 0)
(-0.08052 0.0059233 0)
(-0.0683626 0.00547028 0)
(-0.0574269 0.00459143 0)
(-0.0484524 0.0034055 0)
(-0.041967 0.00203942 0)
(-0.0382767 0.000555481 0)
(-0.0373706 -0.00094113 0)
(-0.0390378 -0.00223553 0)
(-0.0428622 -0.0031937 0)
(-0.0482818 -0.00383839 0)
(-0.0545602 -0.00405538 0)
(-0.060874 -0.00388581 0)
(-0.0664094 -0.00332296 0)
(-0.0704363 -0.00244272 0)
(-0.0724136 -0.00129106 0)
(-0.0722503 -7.17269e-05 0)
(-0.0700684 0.00104826 0)
(-0.065944 0.00194053 0)
(-0.0602588 0.00255575 0)
(-0.0536021 0.00290753 0)
(-0.0463964 0.00301922 0)
(-0.0391445 0.00291244 0)
(-0.0322903 0.00263206 0)
(-0.0260872 0.00222744 0)
(-0.0207913 0.00174677 0)
(-0.0165091 0.00124586 0)
(-0.013235 0.000776387 0)
(-0.0108615 0.000383076 0)
(-0.00921584 0.000101609 0)
(-0.00807706 -6.53242e-05 0)
(-0.00718703 -0.000113546 0)
(-0.00633518 -6.29711e-05 0)
(-0.00532713 5.94368e-05 0)
(-0.00404149 0.000233551 0)
(-0.00239556 0.000406644 0)
(-0.000337302 0.000565535 0)
(0.00206654 0.000690282 0)
(0.0047153 0.000779014 0)
(0.00752015 0.000815952 0)
(0.0103878 0.000813202 0)
(0.0132468 0.000761038 0)
(0.0160324 0.000686888 0)
(0.0186729 0.000600267 0)
(0.0211591 0.000526814 0)
(0.0235065 0.000488373 0)
(0.0257539 0.000482832 0)
(0.0279505 0.000500274 0)
(0.03016 0.000544589 0)
(0.0324558 0.000626275 0)
(0.0349127 0.000747177 0)
(0.0376008 0.000901383 0)
(0.040577 0.001076 0)
(0.0438748 0.00125456 0)
(0.0474966 0.00141823 0)
(0.0514096 0.00155072 0)
(0.0555499 0.00164098 0)
(0.0598308 0.00168442 0)
(0.0641546 0.00167985 0)
(0.0684207 0.00162967 0)
(0.0725304 0.00153965 0)
(0.0763937 0.00141312 0)
(0.0799306 0.00125255 0)
(0.0830646 0.00106453 0)
(0.0857353 0.000852535 0)
(0.0878957 0.000620242 0)
(0.0895118 0.000375555 0)
(0.0905675 0.000126609 0)
(0.0910598 -0.000127518 0)
(0.091039 -0.000400649 0)
(0.0905463 -0.000633047 0)
(0.0896234 -0.000826826 0)
(0.0883288 -0.000981221 0)
(0.0867502 -0.00109903 0)
(0.0849795 -0.00117686 0)
(0.0831026 -0.00121199 0)
(0.0812075 -0.00120513 0)
(0.079386 -0.00115758 0)
(0.0777245 -0.00107183 0)
(0.076299 -0.000953347 0)
(0.0751751 -0.000809391 0)
(0.0744107 -0.000642291 0)
(0.0740562 -0.000446363 0)
(0.0741149 -0.000208332 0)
(0.0745884 2.27061e-05 0)
(0.0755071 0.000247309 0)
(0.0768717 0.000466087 0)
(0.0786685 0.000672827 0)
(0.0808701 0.000861325 0)
(0.0834356 0.00102619 0)
(0.0863142 0.00116435 0)
(0.0894526 0.00127589 0)
(0.0927973 0.00136162 0)
(0.0962933 0.00141991 0)
(0.0998812 0.00144887 0)
(0.103498 0.00144857 0)
(0.107081 0.00142132 0)
(0.110575 0.00137073 0)
(0.11393 0.00130136 0)
(0.117106 0.00121782 0)
(0.120073 0.00112336 0)
(0.122802 0.00101938 0)
(0.125268 0.000909067 0)
(0.127455 0.000791969 0)
(0.129341 0.000668222 0)
(0.130913 0.000536185 0)
(0.132155 0.000397442 0)
(0.133062 0.00025566 0)
(0.133622 0.000110882 0)
(0.13383 -4.43353e-05 0)
(0.1337 -0.000221234 0)
(0.133246 -0.000384075 0)
(0.132468 -0.000536458 0)
(0.131388 -0.000676012 0)
(0.130035 -0.000799155 0)
(0.128445 -0.000902899 0)
(0.126663 -0.00098492 0)
(0.124738 -0.00104277 0)
(0.122728 -0.00107493 0)
(0.120691 -0.0010807 0)
(0.118689 -0.00105988 0)
(1.82885 0.519793 0)
(1.83589 0.55722 0)
(1.83965 0.582915 0)
(1.84015 0.59863 0)
(1.8373 0.606164 0)
(1.83063 0.606509 0)
(1.82044 0.600281 0)
(1.80743 0.587824 0)
(1.7931 0.568418 0)
(1.77849 0.541183 0)
(1.76435 0.504902 0)
(1.75144 0.458401 0)
(1.74043 0.401016 0)
(1.78535 0.509158 0)
(1.79665 0.54944 0)
(1.80508 0.578465 0)
(1.81046 0.597546 0)
(1.81305 0.607884 0)
(1.81295 0.611417 0)
(1.80937 0.609476 0)
(1.80287 0.598566 0)
(1.79473 0.579819 0)
(1.78619 0.552595 0)
(1.77807 0.515582 0)
(1.77097 0.467648 0)
(1.76544 0.408286 0)
(1.76192 0.337725 0)
(1.76072 0.256963 0)
(1.76205 0.167855 0)
(1.76595 0.0730728 0)
(1.77209 -0.0233809 0)
(1.77988 -0.117362 0)
(1.78876 -0.205982 0)
(1.79804 -0.286661 0)
(1.80702 -0.357355 0)
(1.81505 -0.416759 0)
(1.82157 -0.46448 0)
(1.82609 -0.500534 0)
(1.82845 -0.525283 0)
(1.82886 -0.53996 0)
(1.82714 -0.545747 0)
(1.82245 -0.543744 0)
(1.81466 -0.532866 0)
(1.80493 -0.514247 0)
(1.79449 -0.488323 0)
(1.78393 -0.455156 0)
(1.77381 -0.414443 0)
(1.76474 -0.365827 0)
(1.75723 -0.309182 0)
(1.75165 -0.244783 0)
(1.7483 -0.17343 0)
(1.74739 -0.0965007 0)
(1.74894 -0.016071 0)
(1.75273 0.0646192 0)
(1.75833 0.142719 0)
(1.76528 0.21594 0)
(1.77303 0.282248 0)
(1.78105 0.340062 0)
(1.78879 0.388206 0)
(1.7958 0.426028 0)
(1.80183 0.453461 0)
(1.8067 0.47104 0)
(1.81011 0.479938 0)
(1.81169 0.482206 0)
(1.81155 0.47701 0)
(1.80961 0.460598 0)
(1.80675 0.436575 0)
(1.80336 0.405488 0)
(1.80001 0.367495 0)
(1.79719 0.322632 0)
(1.79525 0.271025 0)
(1.79445 0.213015 0)
(1.79495 0.149255 0)
(1.79688 0.0808506 0)
(1.80017 0.00957822 0)
(1.80456 -0.0617141 0)
(1.80967 -0.130539 0)
(1.81512 -0.194864 0)
(1.82049 -0.25287 0)
(1.82537 -0.303114 0)
(1.82942 -0.344619 0)
(1.83238 -0.376906 0)
(1.83414 -0.399955 0)
(1.83484 -0.414164 0)
(1.83464 -0.420296 0)
(1.83272 -0.420628 0)
(1.82843 -0.412234 0)
(1.82259 -0.395229 0)
(1.8163 -0.37163 0)
(1.80994 -0.342001 0)
(1.80388 -0.306695 0)
(1.79852 -0.265924 0)
(1.79419 -0.219906 0)
(1.79114 -0.168985 0)
(1.78954 -0.113738 0)
(1.78949 -0.0551032 0)
(1.79097 0.00539049 0)
(1.79378 0.0654529 0)
(1.79765 0.123235 0)
(1.80225 0.177134 0)
(1.80725 0.225718 0)
(1.81233 0.267777 0)
(1.81721 0.302436 0)
(1.82168 0.329224 0)
(1.82555 0.348032 0)
(1.82862 0.359363 0)
(1.8307 0.364346 0)
(1.83178 0.364793 0)
(1.83179 0.357079 0)
(1.83081 0.340835 0)
(1.82932 0.318346 0)
(1.82754 0.290105 0)
(1.82586 0.25654 0)
(1.82458 0.218026 0)
(1.82391 0.174971 0)
(1.82401 0.127878 0)
(1.82496 0.0774484 0)
(1.82679 0.024761 0)
(1.82937 -0.0284207 0)
(1.83247 -0.0802506 0)
(1.83586 -0.129295 0)
(1.83925 -0.174216 0)
(1.84239 -0.21387 0)
(1.84503 -0.247383 0)
(1.84702 -0.274202 0)
(1.84828 -0.294129 0)
(1.84886 -0.307309 0)
(1.84897 -0.314212 0)
(1.84834 -0.315916 0)
(1.84623 -0.312841 0)
(1.84273 -0.301529 0)
(1.83874 -0.284386 0)
(1.83461 -0.262022 0)
(1.83061 -0.234943 0)
(1.74622 0.494792 0)
(1.76129 0.537383 0)
(1.77416 0.569045 0)
(1.78446 0.590719 0)
(1.79211 0.603655 0)
(1.79708 0.609558 0)
(1.79951 0.610309 0)
(1.79981 0.602607 0)
(1.79827 0.584858 0)
(1.7963 0.557804 0)
(1.79457 0.520148 0)
(1.79364 0.471029 0)
(1.79396 0.410089 0)
(1.79583 0.337638 0)
(1.79943 0.254797 0)
(1.80483 0.163535 0)
(1.81194 0.0667859 0)
(1.82023 -0.0310992 0)
(1.82907 -0.125965 0)
(1.83789 -0.214812 0)
(1.84606 -0.295066 0)
(1.85296 -0.364727 0)
(1.8581 -0.422574 0)
(1.86105 -0.468154 0)
(1.86145 -0.501742 0)
(1.85936 -0.524092 0)
(1.85504 -0.536421 0)
(1.8473 -0.539896 0)
(1.83655 -0.534464 0)
(1.82298 -0.521491 0)
(1.8077 -0.501574 0)
(1.79176 -0.475153 0)
(1.77592 -0.442213 0)
(1.76083 -0.402368 0)
(1.7471 -0.355192 0)
(1.73525 -0.300466 0)
(1.72574 -0.238368 0)
(1.71895 -0.16959 0)
(1.71511 -0.0953969 0)
(1.71436 -0.0177076 0)
(1.71656 0.0605711 0)
(1.72137 0.136684 0)
(1.7283 0.208401 0)
(1.73684 0.273742 0)
(1.74644 0.331119 0)
(1.75656 0.379358 0)
(1.76664 0.417745 0)
(1.77614 0.446133 0)
(1.78466 0.465178 0)
(1.79152 0.476065 0)
(1.79703 0.479906 0)
(1.80184 0.474891 0)
(1.80521 0.460044 0)
(1.8074 0.437032 0)
(1.80907 0.40636 0)
(1.81063 0.368221 0)
(1.81245 0.322815 0)
(1.81481 0.270395 0)
(1.81788 0.211388 0)
(1.82177 0.146536 0)
(1.8265 0.077045 0)
(1.83194 0.00487356 0)
(1.83771 -0.0669365 0)
(1.8434 -0.135916 0)
(1.84864 -0.200001 0)
(1.85305 -0.257379 0)
(1.85625 -0.306631 0)
(1.85797 -0.346854 0)
(1.85802 -0.377684 0)
(1.85642 -0.399251 0)
(1.85357 -0.412134 0)
(1.84925 -0.417429 0)
(1.8425 -0.414777 0)
(1.83354 -0.404374 0)
(1.82316 -0.386851 0)
(1.8124 -0.363071 0)
(1.80178 -0.333687 0)
(1.79173 -0.299032 0)
(1.7827 -0.259277 0)
(1.77502 -0.214578 0)
(1.76898 -0.165208 0)
(1.76479 -0.111674 0)
(1.76261 -0.0548215 0)
(1.76247 0.00395979 0)
(1.76422 0.0625313 0)
(1.76764 0.119102 0)
(1.77242 0.172107 0)
(1.77823 0.220112 0)
(1.78475 0.261893 0)
(1.79163 0.296543 0)
(1.79857 0.323633 0)
(1.80518 0.343156 0)
(1.811 0.355652 0)
(1.81555 0.362082 0)
(1.81992 0.362553 0)
(1.82374 0.355216 0)
(1.82681 0.339899 0)
(1.82913 0.317937 0)
(1.83116 0.2899 0)
(1.83312 0.256236 0)
(1.83521 0.217396 0)
(1.83759 0.173848 0)
(1.84037 0.126153 0)
(1.84362 0.0750786 0)
(1.84729 0.0217887 0)
(1.85119 -0.0317514 0)
(1.85503 -0.0837109 0)
(1.85858 -0.132625 0)
(1.86154 -0.177144 0)
(1.86368 -0.216146 0)
(1.86478 -0.248822 0)
(1.86473 -0.27471 0)
(1.86355 -0.29371 0)
(1.86145 -0.306056 0)
(1.8588 -0.312397 0)
(1.85468 -0.313188 0)
(1.84906 -0.307623 0)
(1.84206 -0.295866 0)
(1.8346 -0.278527 0)
(1.82718 -0.256275 0)
(1.8201 -0.229616 0)
(1.71246 0.477275 0)
(1.73091 0.521476 0)
(1.74783 0.555214 0)
(1.76272 0.579426 0)
(1.77513 0.59523 0)
(1.7848 0.604077 0)
(1.79266 0.606456 0)
(1.79912 0.599861 0)
(1.80437 0.58332 0)
(1.80908 0.556372 0)
(1.81393 0.518252 0)
(1.81939 0.468261 0)
(1.82576 0.406154 0)
(1.83318 0.332358 0)
(1.84168 0.248116 0)
(1.8512 0.155573 0)
(1.86144 0.0578309 0)
(1.87173 -0.0403373 0)
(1.88138 -0.134929 0)
(1.88985 -0.222907 0)
(1.89657 -0.301704 0)
(1.90105 -0.369391 0)
(1.90291 -0.424883 0)
(1.90192 -0.467895 0)
(1.89806 -0.49878 0)
(1.89149 -0.518411 0)
(1.88145 -0.527935 0)
(1.86768 -0.52756 0)
(1.85075 -0.519095 0)
(1.83127 -0.50403 0)
(1.81038 -0.483097 0)
(1.78909 -0.456567 0)
(1.76823 -0.424237 0)
(1.7485 -0.385624 0)
(1.73048 -0.340236 0)
(1.71471 -0.287802 0)
(1.70166 -0.228428 0)
(1.69174 -0.162707 0)
(1.68527 -0.0917942 0)
(1.68241 -0.0174555 0)
(1.68313 0.0576989 0)
(1.68714 0.131058 0)
(1.69401 0.200508 0)
(1.70321 0.264119 0)
(1.71418 0.320335 0)
(1.72629 0.368021 0)
(1.73891 0.40648 0)
(1.75138 0.435543 0)
(1.76307 0.455687 0)
(1.77349 0.467828 0)
(1.78321 0.472528 0)
(1.79248 0.468427 0)
(1.80067 0.454923 0)
(1.80795 0.432693 0)
(1.81463 0.402314 0)
(1.82105 0.364155 0)
(1.82749 0.318492 0)
(1.83413 0.265643 0)
(1.84106 0.206112 0)
(1.84833 0.140712 0)
(1.85584 0.0707582 0)
(1.86336 -0.00155761 0)
(1.87039 -0.0730851 0)
(1.87653 -0.141425 0)
(1.8814 -0.204481 0)
(1.88466 -0.260461 0)
(1.88598 -0.308029 0)
(1.88519 -0.346404 0)
(1.88224 -0.375377 0)
(1.87733 -0.395217 0)
(1.87061 -0.406587 0)
(1.86121 -0.40977 0)
(1.84966 -0.404766 0)
(1.83609 -0.392667 0)
(1.82132 -0.374225 0)
(1.80626 -0.350269 0)
(1.79158 -0.321327 0)
(1.77779 -0.287611 0)
(1.76534 -0.249199 0)
(1.75458 -0.20617 0)
(1.74582 -0.158727 0)
(1.73929 -0.107316 0)
(1.73516 -0.0527113 0)
(1.73353 0.00383295 0)
(1.73433 0.0603339 0)
(1.73736 0.11508 0)
(1.74234 0.166571 0)
(1.74893 0.213401 0)
(1.75675 0.254372 0)
(1.76538 0.288618 0)
(1.77438 0.315721 0)
(1.78328 0.335678 0)
(1.79162 0.348894 0)
(1.7992 0.355997 0)
(1.80684 0.356768 0)
(1.81411 0.349902 0)
(1.82087 0.335416 0)
(1.82702 0.313959 0)
(1.83272 0.286155 0)
(1.83819 0.252533 0)
(1.84357 0.213587 0)
(1.84898 0.169834 0)
(1.85446 0.121886 0)
(1.86003 0.0705798 0)
(1.86555 0.0172084 0)
(1.87074 -0.0361166 0)
(1.87527 -0.0876117 0)
(1.87887 -0.135785 0)
(1.88129 -0.179303 0)
(1.88229 -0.217099 0)
(1.88174 -0.248446 0)
(1.8796 -0.273004 0)
(1.87601 -0.290789 0)
(1.87126 -0.302151 0)
(1.86509 -0.307571 0)
(1.85728 -0.306663 0)
(1.848 -0.299731 0)
(1.83758 -0.28714 0)
(1.82679 -0.269518 0)
(1.81619 -0.247479 0)
(1.80621 -0.221428 0)
(1.68381 0.456983 0)
(1.70502 0.502091 0)
(1.72526 0.537358 0)
(1.74399 0.563594 0)
(1.76071 0.581701 0)
(1.77527 0.592611 0)
(1.78869 0.596285 0)
(1.80127 0.590805 0)
(1.813 0.574974 0)
(1.82442 0.548207 0)
(1.83594 0.509806 0)
(1.84786 0.459217 0)
(1.86032 0.396366 0)
(1.87331 0.321824 0)
(1.8867 0.236939 0)
(1.90025 0.143986 0)
(1.91346 0.0464201 0)
(1.92546 -0.0508393 0)
(1.93558 -0.143957 0)
(1.94329 -0.229901 0)
(1.94816 -0.306194 0)
(1.94985 -0.371033 0)
(1.94814 -0.42347 0)
(1.94302 -0.463322 0)
(1.93466 -0.491037 0)
(1.92281 -0.50749 0)
(1.90657 -0.513137 0)
(1.88674 -0.509171 0)
(1.86374 -0.497976 0)
(1.83856 -0.481103 0)
(1.81229 -0.459396 0)
(1.78598 -0.433029 0)
(1.7605 -0.401644 0)
(1.73654 -0.364627 0)
(1.71469 -0.321396 0)
(1.69546 -0.27162 0)
(1.67932 -0.215358 0)
(1.6667 -0.153127 0)
(1.65793 -0.0859716 0)
(1.65325 -0.0155094 0)
(1.65265 0.0559123 0)
(1.65593 0.125853 0)
(1.66268 0.192355 0)
(1.67239 0.253587 0)
(1.68444 0.308039 0)
(1.69816 0.354616 0)
(1.71289 0.392661 0)
(1.72792 0.421968 0)
(1.74262 0.442819 0)
(1.7566 0.455775 0)
(1.77029 0.461002 0)
(1.78373 0.457456 0)
(1.79644 0.444716 0)
(1.80853 0.423175 0)
(1.82008 0.393272 0)
(1.83125 0.355355 0)
(1.84221 0.309746 0)
(1.85304 0.256845 0)
(1.86375 0.197238 0)
(1.8743 0.131843 0)
(1.8845 0.0620989 0)
(1.89395 -0.00960333 0)
(1.90207 -0.0800298 0)
(1.90847 -0.146891 0)
(1.91277 -0.208099 0)
(1.91466 -0.261938 0)
(1.91391 -0.30718 0)
(1.91044 -0.343163 0)
(1.9044 -0.369774 0)
(1.89602 -0.387352 0)
(1.88474 -0.396376 0)
(1.87061 -0.39673 0)
(1.85416 -0.389553 0)
(1.83591 -0.376047 0)
(1.8168 -0.35708 0)
(1.79769 -0.333341 0)
(1.77927 -0.305207 0)
(1.7621 -0.272783 0)
(1.7466 -0.236056 0)
(1.73313 -0.195035 0)
(1.72198 -0.14987 0)
(1.7134 -0.100955 0)
(1.7076 -0.049001 0)
(1.7047 0.00484509 0)
(1.70467 0.0587595 0)
(1.70736 0.111139 0)
(1.71251 0.16057 0)
(1.71975 0.205719 0)
(1.72867 0.245447 0)
(1.73877 0.278929 0)
(1.74956 0.30574 0)
(1.76057 0.325825 0)
(1.77138 0.339435 0)
(1.78192 0.346877 0)
(1.79268 0.347719 0)
(1.80319 0.341118 0)
(1.8134 0.32711 0)
(1.82317 0.306142 0)
(1.83248 0.278731 0)
(1.84141 0.245384 0)
(1.85002 0.206618 0)
(1.85837 0.162983 0)
(1.86648 0.115141 0)
(1.87428 0.0640216 0)
(1.88156 0.011102 0)
(1.88791 -0.0414193 0)
(1.89298 -0.0918258 0)
(1.89649 -0.13863 0)
(1.89818 -0.18055 0)
(1.89788 -0.216601 0)
(1.89553 -0.24616 0)
(1.89121 -0.268979 0)
(1.88514 -0.285188 0)
(1.8774 -0.295124 0)
(1.86756 -0.298741 0)
(1.85601 -0.296064 0)
(1.84301 -0.287881 0)
(1.82917 -0.274736 0)
(1.81522 -0.257187 0)
(1.80172 -0.235702 0)
(1.78913 -0.210589 0)
(1.66008 0.434593 0)
(1.68346 0.479969 0)
(1.7065 0.516185 0)
(1.72863 0.543864 0)
(1.74943 0.563639 0)
(1.76884 0.575967 0)
(1.78768 0.580444 0)
(1.8061 0.575515 0)
(1.82412 0.560091 0)
(1.84209 0.533412 0)
(1.86016 0.494816 0)
(1.87844 0.443911 0)
(1.89687 0.380769 0)
(1.91528 0.306094 0)
(1.93336 0.221381 0)
(1.95067 0.129027 0)
(1.96648 0.0328117 0)
(1.97979 -0.062263 0)
(1.98998 -0.152658 0)
(1.99661 -0.235429 0)
(1.99934 -0.308226 0)
(1.99798 -0.369389 0)
(1.99252 -0.418109 0)
(1.98315 -0.454273 0)
(1.97 -0.47831 0)
(1.95216 -0.490716 0)
(1.92992 -0.491992 0)
(1.9039 -0.484601 0)
(1.87495 -0.470904 0)
(1.84422 -0.452589 0)
(1.81284 -0.430538 0)
(1.78188 -0.404799 0)
(1.75224 -0.374823 0)
(1.72457 -0.339835 0)
(1.69943 -0.299161 0)
(1.67728 -0.252419 0)
(1.65857 -0.19963 0)
(1.64372 -0.141262 0)
(1.63307 -0.0782704 0)
(1.62689 -0.0121251 0)
(1.62521 0.0550708 0)
(1.62785 0.121066 0)
(1.63446 0.184063 0)
(1.64452 0.242367 0)
(1.65742 0.294548 0)
(1.67247 0.339548 0)
(1.68898 0.376715 0)
(1.70626 0.405779 0)
(1.72372 0.426837 0)
(1.74101 0.440135 0)
(1.75841 0.445537 0)
(1.77578 0.442222 0)
(1.79278 0.429976 0)
(1.80938 0.408993 0)
(1.82552 0.379567 0)
(1.84121 0.34202 0)
(1.85649 0.296717 0)
(1.87134 0.244125 0)
(1.88568 0.184903 0)
(1.89934 0.120049 0)
(1.91205 0.0511619 0)
(1.92321 -0.0190382 0)
(1.93219 -0.0875405 0)
(1.9386 -0.152084 0)
(1.94208 -0.210639 0)
(1.94237 -0.261591 0)
(1.93934 -0.303854 0)
(1.93304 -0.336906 0)
(1.92373 -0.360706 0)
(1.9113 -0.375561 0)
(1.89526 -0.381506 0)
(1.87643 -0.379113 0)
(1.85523 -0.36995 0)
(1.83256 -0.355259 0)
(1.80938 -0.335992 0)
(1.78656 -0.312743 0)
(1.76482 -0.285734 0)
(1.74469 -0.254931 0)
(1.72657 -0.220217 0)
(1.7108 -0.181528 0)
(1.69766 -0.138969 0)
(1.6874 -0.0928898 0)
(1.68024 -0.0439493 0)
(1.67631 0.0068015 0)
(1.67564 0.0577051 0)
(1.67807 0.107277 0)
(1.68335 0.154204 0)
(1.69112 0.197248 0)
(1.70094 0.235353 0)
(1.71231 0.267727 0)
(1.72471 0.293921 0)
(1.73767 0.313792 0)
(1.75079 0.32742 0)
(1.76407 0.334849 0)
(1.77774 0.335559 0)
(1.79134 0.329048 0)
(1.80482 0.315379 0)
(1.81796 0.294852 0)
(1.83065 0.267893 0)
(1.84286 0.234976 0)
(1.85457 0.196615 0)
(1.86577 0.153387 0)
(1.87639 0.106015 0)
(1.88633 0.0555243 0)
(1.89522 0.00360139 0)
(1.90254 -0.0474952 0)
(1.90796 -0.0961702 0)
(1.91115 -0.140971 0)
(1.9119 -0.180697 0)
(1.91011 -0.214471 0)
(1.90582 -0.24179 0)
(1.89919 -0.262544 0)
(1.89045 -0.276857 0)
(1.87926 -0.284794 0)
(1.8658 -0.286265 0)
(1.85053 -0.282 0)
(1.83401 -0.272807 0)
(1.81698 -0.25932 0)
(1.80013 -0.242058 0)
(1.78404 -0.221372 0)
(1.76916 -0.19746 0)
)
;

boundaryField
{
    inlet
    {
        type            fixedValue;
        value           nonuniform List<vector> 0();
    }
    outlet
    {
        type            zeroGradient;
    }
    topWall
    {
        type            noSlip;
    }
    lowerWall
    {
        type            noSlip;
    }
    leadingEdge
    {
        type            noSlip;
    }
    trailingEdge
    {
        type            noSlip;
    }
    upperSurface
    {
        type            noSlip;
    }
    lowerSurface
    {
        type            noSlip;
    }
    frontAndBack
    {
        type            empty;
    }
    procBoundary6to1
    {
        type            processor;
        value           nonuniform List<vector> 2((1.81893 0.469318 0) (1.77168 0.456377 0));
    }
    procBoundary6to2
    {
        type            processor;
        value           nonuniform List<vector> 
122
(
(1.87646 0.526153 0)
(1.87866 0.560241 0)
(1.87748 0.582487 0)
(1.87275 0.594788 0)
(1.86341 0.59848 0)
(1.8501 0.594767 0)
(1.83328 0.585619 0)
(1.81402 0.571209 0)
(1.79358 0.550977 0)
(1.77303 0.523879 0)
(1.75323 0.488542 0)
(1.73494 0.443715 0)
(1.71888 0.388661 0)
(1.73183 0.332845 0)
(1.73183 0.332845 0)
(1.7261 0.254794 0)
(1.72353 0.168587 0)
(1.7243 0.0766897 0)
(1.72822 -0.01734 0)
(1.73478 -0.109388 0)
(1.7434 -0.19673 0)
(1.7534 -0.276865 0)
(1.764 -0.347753 0)
(1.77442 -0.408034 0)
(1.78404 -0.457123 0)
(1.79241 -0.494884 0)
(1.79914 -0.521517 0)
(1.804 -0.537905 0)
(1.80696 -0.545621 0)
(1.80782 -0.546894 0)
(1.80603 -0.539352 0)
(1.80229 -0.521606 0)
(1.79755 -0.496109 0)
(1.79244 -0.462882 0)
(1.78759 -0.421537 0)
(1.78355 -0.371778 0)
(1.7807 -0.313589 0)
(1.77934 -0.247351 0)
(1.7797 -0.173948 0)
(1.7819 -0.0948814 0)
(1.78587 -0.0124376 0)
(1.79125 0.0698659 0)
(1.7976 0.14916 0)
(1.80445 0.223068 0)
(1.81125 0.289489 0)
(1.81746 0.346857 0)
(1.82261 0.394128 0)
(1.82636 0.430855 0)
(1.82856 0.457185 0)
(1.82933 0.473664 0)
(1.82882 0.481034 0)
(1.8261 0.481498 0)
(1.82061 0.472803 0)
(1.81317 0.455348 0)
(1.80505 0.430814 0)
(1.79674 0.399664 0)
(1.78872 0.362076 0)
(1.78147 0.318051 0)
(1.77542 0.267626 0)
(1.77089 0.211048 0)
(1.76813 0.148894 0)
(1.7673 0.0821661 0)
(1.76845 0.0124933 0)
(1.77139 -0.0575214 0)
(1.77582 -0.125406 0)
(1.78134 -0.189218 0)
(1.78754 -0.247147 0)
(1.79397 -0.297713 0)
(1.80026 -0.339844 0)
(1.8061 -0.372905 0)
(1.81126 -0.396741 0)
(1.81556 -0.411779 0)
(1.81868 -0.419133 0)
(1.82028 -0.420769 0)
(1.82086 -0.415015 0)
(1.81998 -0.398868 0)
(1.81838 -0.37573 0)
(1.81638 -0.346141 0)
(1.81443 -0.310474 0)
(1.8129 -0.268994 0)
(1.81208 -0.221999 0)
(1.81216 -0.169915 0)
(1.81327 -0.113392 0)
(1.81546 -0.0534582 0)
(1.81864 0.0081957 0)
(1.82255 0.0691498 0)
(1.82687 0.127521 0)
(1.83128 0.181674 0)
(1.83545 0.230181 0)
(1.83905 0.271857 0)
(1.84182 0.305914 0)
(1.84363 0.332006 0)
(1.84446 0.350188 0)
(1.84451 0.360905 0)
(1.84382 0.365004 0)
(1.84146 0.364058 0)
(1.83717 0.354252 0)
(1.83185 0.337438 0)
(1.82626 0.31467 0)
(1.82071 0.28649 0)
(1.81554 0.253312 0)
(1.81106 0.21546 0)
(1.80751 0.173267 0)
(1.80508 0.127174 0)
(1.8039 0.0778182 0)
(1.80402 0.026186 0)
(1.80536 -0.0261068 0)
(1.80775 -0.0772516 0)
(1.81095 -0.125868 0)
(1.81474 -0.17063 0)
(1.81883 -0.210374 0)
(1.82299 -0.244196 0)
(1.82701 -0.271443 0)
(1.83073 -0.2918 0)
(1.834 -0.305395 0)
(1.83657 -0.312872 0)
(1.83828 -0.315424 0)
(1.83933 -0.313779 0)
(1.83964 -0.303294 0)
(1.83937 -0.286554 0)
(1.83879 -0.264391 0)
(1.83798 -0.237247 0)
)
;
    }
    procBoundary6to5
    {
        type            processor;
        value           nonuniform List<vector> 
24
(
(1.6169 0.356984 0)
(1.60099 0.333634 0)
(1.5887 0.309813 0)
(1.5793 0.285589 0)
(1.57205 0.260976 0)
(1.56621 0.235911 0)
(1.5612 0.210373 0)
(1.55641 0.184206 0)
(1.55179 0.157409 0)
(1.5511 0.131 0)
(1.56909 0.109355 0)
(1.61046 0.093576 0)
(1.63862 0.0784387 0)
(1.54522 0.0612622 0)
(1.23996 0.0564354 0)
(0.829876 0.0554317 0)
(0.452831 0.0474646 0)
(0.137696 0.0315032 0)
(-0.0645261 0.0176313 0)
(-0.104991 0.00544284 0)
(1.72944 0.440314 0)
(1.69308 0.421889 0)
(1.66239 0.401486 0)
(1.63715 0.379694 0)
)
;
    }
    procBoundary6to7
    {
        type            processor;
        value           nonuniform List<vector> 
25
(
(1.73162 -0.157143 0)
(1.70575 -0.142599 0)
(1.67873 -0.127204 0)
(1.65123 -0.111425 0)
(1.62389 -0.095686 0)
(1.5975 -0.0803959 0)
(1.57297 -0.0659062 0)
(1.55129 -0.0525854 0)
(1.53335 -0.0407179 0)
(1.52001 -0.0305459 0)
(1.51127 -0.0222361 0)
(1.50548 -0.0159106 0)
(1.49222 -0.0123254 0)
(1.43309 -0.0105195 0)
(1.30226 -0.00797828 0)
(1.10554 -0.00613426 0)
(0.864883 -0.00482193 0)
(0.609396 -0.00384898 0)
(0.35844 -0.00258606 0)
(0.11678 -0.00101137 0)
(1.82699 -0.203602 0)
(1.81368 -0.198941 0)
(1.79717 -0.191669 0)
(1.77777 -0.182068 0)
(1.75581 -0.170446 0)
)
;
    }
}


// ************************************************************************* //
