/*--------------------------------*- C++ -*----------------------------------*\
| =========                 |                                                 |
| \\      /  F ield         | OpenFOAM: The Open Source CFD Toolbox           |
|  \\    /   O peration     | Version:  2206                                  |
|   \\  /    A nd           | Website:  www.openfoam.com                      |
|    \\/     M anipulation  |                                                 |
\*---------------------------------------------------------------------------*/
FoamFile
{
    version     2.0;
    format      ascii;
    arch        "LSB;label=32;scalar=64";
    class       volVectorField;
    location    "18.6999";
    object      U;
}
// * * * * * * * * * * * * * * * * * * * * * * * * * * * * * * * * * * * * * //

dimensions      [0 1 -1 0 0 0 0];

internalField   nonuniform List<vector> 
1814
(
(2.27429 0.248061 0)
(2.33157 0.195017 0)
(2.39121 0.133059 0)
(2.4509 0.0642747 0)
(2.50466 -0.00461164 0)
(2.54884 -0.0682825 0)
(2.58107 -0.12254 0)
(2.59809 -0.166543 0)
(2.60125 -0.200774 0)
(2.59245 -0.224494 0)
(2.56427 -0.234919 0)
(2.51204 -0.232442 0)
(2.44591 -0.221846 0)
(2.36956 -0.20751 0)
(2.28973 -0.194009 0)
(2.21257 -0.18453 0)
(2.14157 -0.179654 0)
(2.07913 -0.178138 0)
(2.02611 -0.177683 0)
(1.98227 -0.17557 0)
(1.94664 -0.169089 0)
(1.91826 -0.155816 0)
(1.89692 -0.1345 0)
(1.88244 -0.105469 0)
(1.87446 -0.0698105 0)
(1.873 -0.0294472 0)
(1.87792 0.0131411 0)
(1.88868 0.0549382 0)
(1.90456 0.0934924 0)
(1.92482 0.127005 0)
(1.9487 0.154079 0)
(1.97552 0.173726 0)
(2.00486 0.185315 0)
(2.03596 0.188553 0)
(2.06814 0.183502 0)
(2.10089 0.170406 0)
(2.1337 0.149816 0)
(2.16631 0.12246 0)
(2.19854 0.0890952 0)
(2.22965 0.0509716 0)
(2.2577 0.0105768 0)
(2.2808 -0.0296868 0)
(2.2973 -0.0677005 0)
(2.30608 -0.101687 0)
(2.30611 -0.130555 0)
(2.2955 -0.153281 0)
(2.27338 -0.167592 0)
(2.24066 -0.173559 0)
(2.19984 -0.173069 0)
(2.15476 -0.168531 0)
(2.10965 -0.162299 0)
(2.06698 -0.155859 0)
(2.02801 -0.149636 0)
(1.99339 -0.143342 0)
(1.96319 -0.13634 0)
(1.93728 -0.127838 0)
(1.91547 -0.117061 0)
(1.89767 -0.103404 0)
(1.88396 -0.0866322 0)
(1.87443 -0.0669987 0)
(1.86903 -0.0449892 0)
(1.8677 -0.0214689 0)
(1.87026 0.00232673 0)
(1.87632 0.0250587 0)
(1.88548 0.045688 0)
(1.89732 0.0633368 0)
(1.91141 0.0773297 0)
(1.92741 0.0871916 0)
(1.94494 0.0926268 0)
(1.96356 0.0935385 0)
(1.98297 0.0899521 0)
(2.0029 0.0819168 0)
(2.023 0.069612 0)
(2.04277 0.0534677 0)
(2.06133 0.0343292 0)
(2.07738 0.0135309 0)
(2.08987 -0.00781301 0)
(2.09793 -0.028693 0)
(2.10105 -0.048206 0)
(2.09883 -0.0656543 0)
(2.09086 -0.080239 0)
(2.07742 -0.0911049 0)
(2.05923 -0.0983747 0)
(2.03747 -0.102513 0)
(2.01352 -0.104022 0)
(1.98871 -0.103419 0)
(1.96423 -0.101159 0)
(1.94076 -0.0974574 0)
(1.91883 -0.092275 0)
(1.89884 -0.0855004 0)
(1.8811 -0.0770428 0)
(1.86587 -0.0668362 0)
(1.85339 -0.0548631 0)
(1.8439 -0.0411965 0)
(1.83757 -0.0260954 0)
(1.83446 -0.0100455 0)
(1.83447 0.00624994 0)
(1.83739 0.022036 0)
(1.8429 0.0365854 0)
(1.85066 0.0492696 0)
(1.86029 0.0595934 0)
(1.87144 0.0671989 0)
(1.88377 0.0718695 0)
(1.8969 0.0735419 0)
(1.91054 0.072266 0)
(1.92443 0.0681147 0)
(1.93829 0.0612268 0)
(1.95177 0.0518706 0)
(1.96445 0.0404643 0)
(1.97571 0.0276434 0)
(1.985 0.0140232 0)
(1.99187 0.000175836 0)
(1.99601 -0.0133471 0)
(1.99725 -0.0260546 0)
(1.99549 -0.0375377 0)
(1.99069 -0.0474129 0)
(1.98301 -0.0552599 0)
(1.97286 -0.0609672 0)
(1.96075 -0.0646446 0)
(1.94731 -0.0664271 0)
(1.93315 -0.0664507 0)
(2.23075 0.183565 0)
(2.30287 0.127107 0)
(2.37358 0.0649742 0)
(2.43793 0.0027155 0)
(2.4909 -0.0547125 0)
(2.52727 -0.104164 0)
(2.54745 -0.145597 0)
(2.55313 -0.174142 0)
(2.53931 -0.192556 0)
(2.50119 -0.195784 0)
(2.44344 -0.183812 0)
(2.37104 -0.162658 0)
(2.29013 -0.140171 0)
(2.20812 -0.12182 0)
(2.12998 -0.110723 0)
(2.05898 -0.107949 0)
(1.99678 -0.112259 0)
(1.94346 -0.120728 0)
(1.89816 -0.129782 0)
(1.85958 -0.136004 0)
(1.82661 -0.136678 0)
(1.79864 -0.129989 0)
(1.7759 -0.115115 0)
(1.75917 -0.0926026 0)
(1.74874 -0.0635971 0)
(1.74502 -0.029949 0)
(1.74812 0.00601587 0)
(1.75785 0.04178 0)
(1.77362 0.0749468 0)
(1.79479 0.103791 0)
(1.82068 0.126917 0)
(1.85055 0.143284 0)
(1.88353 0.152264 0)
(1.91893 0.153691 0)
(1.95625 0.147548 0)
(1.99508 0.133859 0)
(2.03498 0.112856 0)
(2.07504 0.0852024 0)
(2.11334 0.0526033 0)
(2.14689 0.0177629 0)
(2.17334 -0.0168426 0)
(2.19097 -0.0490239 0)
(2.19882 -0.0773598 0)
(2.19556 -0.10121 0)
(2.18004 -0.118397 0)
(2.15327 -0.127752 0)
(2.11758 -0.130726 0)
(2.07659 -0.129476 0)
(2.03416 -0.126156 0)
(1.99313 -0.122515 0)
(1.95474 -0.119482 0)
(1.91958 -0.117168 0)
(1.88774 -0.115209 0)
(1.85903 -0.112987 0)
(1.83315 -0.109754 0)
(1.80992 -0.104761 0)
(1.78931 -0.0974051 0)
(1.77154 -0.087323 0)
(1.75697 -0.0743879 0)
(1.74602 -0.0587531 0)
(1.73908 -0.0409102 0)
(1.73629 -0.0215991 0)
(1.73766 -0.00181532 0)
(1.74302 0.0172791 0)
(1.75209 0.0346723 0)
(1.76455 0.0495196 0)
(1.78 0.0611017 0)
(1.798 0.0689206 0)
(1.81818 0.0727353 0)
(1.84015 0.07239 0)
(1.86346 0.0677866 0)
(1.88746 0.0590508 0)
(1.91111 0.0467232 0)
(1.9329 0.0318831 0)
(1.95152 0.0156354 0)
(1.96584 -0.00106526 0)
(1.97513 -0.0173843 0)
(1.97906 -0.0326943 0)
(1.97728 -0.0464841 0)
(1.9697 -0.0578141 0)
(1.95688 -0.0662952 0)
(1.93977 -0.0722649 0)
(1.91959 -0.0761274 0)
(1.89757 -0.0782743 0)
(1.87475 -0.0790682 0)
(1.85196 -0.0787757 0)
(1.82971 -0.0774928 0)
(1.80836 -0.0751545 0)
(1.78818 -0.0716238 0)
(1.76946 -0.0667549 0)
(1.75244 -0.0604318 0)
(1.73741 -0.0525917 0)
(1.72467 -0.0432472 0)
(1.71451 -0.0324952 0)
(1.70724 -0.020543 0)
(1.70305 -0.00772447 0)
(1.70202 0.00542801 0)
(1.70407 0.0182678 0)
(1.70907 0.030155 0)
(1.71678 0.0404849 0)
(1.72687 0.0487716 0)
(1.73899 0.0546905 0)
(1.75275 0.0580629 0)
(1.76773 0.0588071 0)
(1.78353 0.056902 0)
(1.79966 0.0524384 0)
(1.81554 0.0456807 0)
(1.83039 0.037109 0)
(1.84355 0.0272524 0)
(1.85445 0.0166202 0)
(1.86263 0.00569043 0)
(1.86782 -0.00509814 0)
(1.86988 -0.015384 0)
(1.86873 -0.0248313 0)
(1.8644 -0.0330169 0)
(1.8572 -0.0396567 0)
(1.84756 -0.0447909 0)
(1.83606 -0.0484934 0)
(1.82328 -0.0508302 0)
(1.80976 -0.0518755 0)
(1.79596 -0.0517113 0)
(2.19645 0.102948 0)
(2.27355 0.0487575 0)
(2.33873 -0.00509385 0)
(2.38615 -0.056023 0)
(2.41636 -0.096887 0)
(2.42754 -0.128059 0)
(2.41557 -0.148691 0)
(2.38023 -0.155019 0)
(2.3257 -0.147981 0)
(2.25751 -0.128567 0)
(2.18304 -0.102746 0)
(2.11048 -0.0771366 0)
(2.04371 -0.056793 0)
(1.98426 -0.0448829 0)
(1.93216 -0.0427396 0)
(1.88704 -0.0494673 0)
(1.84805 -0.0624612 0)
(1.8135 -0.0780692 0)
(1.78152 -0.0925382 0)
(1.75097 -0.10288 0)
(1.72168 -0.107126 0)
(1.69426 -0.104285 0)
(1.66998 -0.0942529 0)
(1.65033 -0.0775319 0)
(1.63665 -0.055183 0)
(1.62982 -0.0286805 0)
(1.63025 5.43981e-05 0)
(1.63797 0.0288431 0)
(1.65269 0.0556405 0)
(1.67388 0.0787707 0)
(1.70091 0.0969649 0)
(1.73313 0.109328 0)
(1.76984 0.115205 0)
(1.81034 0.114055 0)
(1.85377 0.105478 0)
(1.89877 0.0896595 0)
(1.9431 0.0678036 0)
(1.98336 0.0422787 0)
(2.01665 0.0154796 0)
(2.04076 -0.0105344 0)
(2.05463 -0.0343847 0)
(2.05766 -0.055394 0)
(2.04902 -0.0722366 0)
(2.02988 -0.0829118 0)
(2.00252 -0.0882803 0)
(1.96997 -0.0900454 0)
(1.93536 -0.0897688 0)
(1.90126 -0.0887024 0)
(1.86888 -0.0876989 0)
(1.83876 -0.0871638 0)
(1.8109 -0.087182 0)
(1.78497 -0.0875905 0)
(1.76058 -0.0879811 0)
(1.73738 -0.0877722 0)
(1.71519 -0.0863405 0)
(1.69407 -0.0831597 0)
(1.67433 -0.0778673 0)
(1.65644 -0.0702902 0)
(1.64103 -0.0604409 0)
(1.62875 -0.0484849 0)
(1.62022 -0.0347273 0)
(1.61596 -0.0197123 0)
(1.61625 -0.0042798 0)
(1.62111 0.010559 0)
(1.63039 0.023913 0)
(1.64379 0.0350204 0)
(1.66084 0.0432611 0)
(1.68096 0.048177 0)
(1.70343 0.049477 0)
(1.7274 0.0471288 0)
(1.75178 0.0414452 0)
(1.77505 0.0331318 0)
(1.79587 0.0230402 0)
(1.81309 0.0119675 0)
(1.82586 0.000594149 0)
(1.83385 -0.0105687 0)
(1.83694 -0.0212162 0)
(1.83498 -0.0308727 0)
(1.82821 -0.0387582 0)
(1.81733 -0.0448956 0)
(1.80323 -0.0495508 0)
(1.78688 -0.0529318 0)
(1.76909 -0.0552447 0)
(1.75047 -0.0566828 0)
(1.7315 -0.0573793 0)
(1.71253 -0.0573722 0)
(1.69378 -0.0566228 0)
(1.67548 -0.0550507 0)
(1.65787 -0.0525473 0)
(1.64121 -0.0489969 0)
(1.62582 -0.0443098 0)
(1.61203 -0.0384443 0)
(1.60017 -0.0314214 0)
(1.59061 -0.0233345 0)
(1.58367 -0.0143381 0)
(1.57964 -0.00468361 0)
(1.57868 0.00525118 0)
(1.58083 0.014894 0)
(1.58599 0.0236733 0)
(1.59397 0.0311446 0)
(1.60441 0.036935 0)
(1.6169 0.0407689 0)
(1.63093 0.042487 0)
(1.64596 0.0420615 0)
(1.66135 0.0396105 0)
(1.67632 0.0354106 0)
(1.69016 0.029812 0)
(1.70224 0.0231701 0)
(1.71208 0.0158331 0)
(1.71935 0.0081461 0)
(1.7239 0.000391798 0)
(1.72565 -0.00717972 0)
(1.72458 -0.0142737 0)
(1.72084 -0.0205132 0)
(1.71475 -0.0258057 0)
(1.70674 -0.0301751 0)
(1.69725 -0.0336213 0)
(1.68671 -0.0361488 0)
(1.67549 -0.0377753 0)
(1.66391 -0.0385195 0)
(1.65226 -0.0383961 0)
(2.14209 0.0204533 0)
(2.1874 -0.0188061 0)
(2.21359 -0.0506638 0)
(2.2182 -0.0769679 0)
(2.19946 -0.0940016 0)
(2.16173 -0.100589 0)
(2.11037 -0.0970427 0)
(2.05097 -0.0851352 0)
(1.98916 -0.0683784 0)
(1.93076 -0.0500206 0)
(1.87951 -0.0326951 0)
(1.83771 -0.0187375 0)
(1.80526 -0.0101584 0)
(1.78055 -0.00752669 0)
(1.76095 -0.0107733 0)
(1.74464 -0.0218354 0)
(1.72895 -0.0371603 0)
(1.71124 -0.0526324 0)
(1.69034 -0.0657322 0)
(1.66632 -0.0746928 0)
(1.6402 -0.078537 0)
(1.61374 -0.0769021 0)
(1.58892 -0.0699532 0)
(1.5677 -0.0581801 0)
(1.55185 -0.042184 0)
(1.54285 -0.0228497 0)
(1.5416 -0.00175269 0)
(1.54832 0.0193374 0)
(1.56283 0.0387379 0)
(1.58465 0.0549302 0)
(1.61303 0.0666497 0)
(1.64696 0.0729045 0)
(1.68524 0.0731326 0)
(1.72613 0.0673833 0)
(1.76697 0.0565014 0)
(1.80466 0.042092 0)
(1.83657 0.0259186 0)
(1.86063 0.00947215 0)
(1.87584 -0.00625144 0)
(1.8821 -0.0208866 0)
(1.87919 -0.0338534 0)
(1.86802 -0.0433794 0)
(1.85044 -0.0497425 0)
(1.82859 -0.0539718 0)
(1.80475 -0.0568226 0)
(1.78083 -0.0587177 0)
(1.75779 -0.0600467 0)
(1.73604 -0.0611241 0)
(1.71555 -0.0621647 0)
(1.69605 -0.0633112 0)
(1.67716 -0.064567 0)
(1.65849 -0.0657526 0)
(1.63981 -0.0665447 0)
(1.62098 -0.0665677 0)
(1.60215 -0.0654706 0)
(1.58369 -0.0629922 0)
(1.56613 -0.0589707 0)
(1.55006 -0.0533503 0)
(1.53615 -0.0461909 0)
(1.52504 -0.0376779 0)
(1.5173 -0.0280765 0)
(1.51344 -0.0177251 0)
(1.51383 -0.0072057 0)
(1.51848 0.00265408 0)
(1.52717 0.0112652 0)
(1.53948 0.0181107 0)
(1.55479 0.022796 0)
(1.57224 0.0251031 0)
(1.59078 0.0250456 0)
(1.60911 0.022883 0)
(1.62609 0.0190224 0)
(1.64083 0.0138812 0)
(1.65261 0.00785759 0)
(1.66107 0.00130577 0)
(1.6661 -0.00549632 0)
(1.66768 -0.0122809 0)
(1.6658 -0.0185794 0)
(1.66075 -0.0239794 0)
(1.653 -0.0285349 0)
(1.64312 -0.0322803 0)
(1.63165 -0.0352252 0)
(1.619 -0.0374265 0)
(1.60554 -0.0389704 0)
(1.59153 -0.0399378 0)
(1.57719 -0.0403868 0)
(1.56271 -0.0403323 0)
(1.54827 -0.0397448 0)
(1.53406 -0.0385647 0)
(1.52027 -0.0367136 0)
(1.50715 -0.0341124 0)
(1.49495 -0.0307045 0)
(1.48396 -0.0264699 0)
(1.4745 -0.0214384 0)
(1.46685 -0.0156958 0)
(1.4613 -0.00937735 0)
(1.4581 -0.00265939 0)
(1.45744 0.00419431 0)
(1.4594 0.0107489 0)
(1.46387 0.0166141 0)
(1.47061 0.0214959 0)
(1.47923 0.0251467 0)
(1.48925 0.0274047 0)
(1.50011 0.0282139 0)
(1.51116 0.0276293 0)
(1.52178 0.0258046 0)
(1.53146 0.0229177 0)
(1.5398 0.019151 0)
(1.54648 0.0147086 0)
(1.55132 0.0097927 0)
(1.55423 0.00458886 0)
(1.55517 -0.00070015 0)
(1.55416 -0.00580936 0)
(1.55137 -0.0105251 0)
(1.54703 -0.0147968 0)
(1.54141 -0.0185641 0)
(1.53479 -0.0217581 0)
(1.5274 -0.0243358 0)
(1.51945 -0.0262734 0)
(1.51114 -0.0275552 0)
(1.50264 -0.0281727 0)
(1.49412 -0.0281204 0)
(1.93408 -0.00646268 0)
(1.93061 -0.0232778 0)
(1.91246 -0.0347341 0)
(1.88403 -0.0409374 0)
(1.84882 -0.0424995 0)
(1.81006 -0.0408839 0)
(1.77103 -0.0368535 0)
(1.73452 -0.0307199 0)
(1.70256 -0.0228404 0)
(1.67689 -0.0142084 0)
(1.65804 -0.00633418 0)
(1.64605 -0.000849847 0)
(1.6397 0.00160929 0)
(1.63693 0.000873598 0)
(1.63609 -0.00613271 0)
(1.63478 -0.0165767 0)
(1.63 -0.0280231 0)
(1.62038 -0.0385354 0)
(1.60593 -0.0467651 0)
(1.58737 -0.0519725 0)
(1.56599 -0.0538614 0)
(1.54353 -0.0524032 0)
(1.52201 -0.0477893 0)
(1.50313 -0.0403718 0)
(1.48848 -0.0306161 0)
(1.47932 -0.0190224 0)
(1.47668 -0.00623985 0)
(1.48103 0.00635671 0)
(1.49209 0.0175557 0)
(1.50916 0.0264002 0)
(1.53105 0.0321946 0)
(1.55607 0.034629 0)
(1.58198 0.0338538 0)
(1.60648 0.0306367 0)
(1.62779 0.025542 0)
(1.64455 0.0188144 0)
(1.65609 0.0109668 0)
(1.66244 0.00256855 0)
(1.66376 -0.00606931 0)
(1.6605 -0.0140118 0)
(1.65348 -0.0208613 0)
(1.64363 -0.0268291 0)
(1.63199 -0.0319952 0)
(1.61934 -0.036244 0)
(1.60619 -0.0395883 0)
(1.59282 -0.0421631 0)
(1.57937 -0.0441438 0)
(1.56589 -0.045705 0)
(1.55236 -0.0469854 0)
(1.53868 -0.0480703 0)
(1.5247 -0.0489725 0)
(1.51032 -0.0496239 0)
(1.49551 -0.0498857 0)
(1.48037 -0.0495846 0)
(1.46516 -0.0485599 0)
(1.45025 -0.0466717 0)
(1.43605 -0.0438143 0)
(1.42302 -0.0399497 0)
(1.41162 -0.0351176 0)
(1.40228 -0.0294426 0)
(1.39539 -0.0231413 0)
(1.39122 -0.0164677 0)
(1.38999 -0.00969868 0)
(1.3917 -0.00332518 0)
(1.39599 0.00219374 0)
(1.40241 0.00661867 0)
(1.41037 0.0096508 0)
(1.41915 0.0113788 0)
(1.42798 0.0117798 0)
(1.43626 0.0109318 0)
(1.44348 0.0089491 0)
(1.44924 0.00597181 0)
(1.4533 0.00227986 0)
(1.45549 -0.0018835 0)
(1.45569 -0.00623048 0)
(1.45388 -0.0103857 0)
(1.45018 -0.014207 0)
(1.44481 -0.0176235 0)
(1.43805 -0.0205378 0)
(1.43017 -0.0229064 0)
(1.42144 -0.0247519 0)
(1.41208 -0.0261268 0)
(1.40229 -0.0270882 0)
(1.39224 -0.0276851 0)
(1.38206 -0.0279461 0)
(1.37185 -0.0278699 0)
(1.36171 -0.027422 0)
(1.35175 -0.0265465 0)
(1.34209 -0.0251843 0)
(1.33289 -0.0232842 0)
(1.32431 -0.020812 0)
(1.31655 -0.0177587 0)
(1.30982 -0.0141533 0)
(1.3043 -0.010072 0)
(1.30019 -0.00563331 0)
(1.29761 -0.000996991 0)
(1.29669 0.00365347 0)
(1.29744 0.00809031 0)
(1.29974 0.0120404 0)
(1.30333 0.0153279 0)
(1.30793 0.017823 0)
(1.31319 0.0194384 0)
(1.31871 0.0201397 0)
(1.32415 0.0199442 0)
(1.32919 0.018896 0)
(1.3336 0.0170644 0)
(1.33718 0.0145497 0)
(1.33978 0.0114761 0)
(1.34131 0.00799141 0)
(1.34173 0.00427191 0)
(1.34103 0.000481243 0)
(1.33928 -0.00327582 0)
(1.33658 -0.00688792 0)
(1.33304 -0.0102381 0)
(1.3288 -0.0132307 0)
(1.32399 -0.0158009 0)
(1.31871 -0.0179034 0)
(1.3131 -0.0195051 0)
(1.30727 -0.0205849 0)
(1.30134 -0.0211329 0)
(1.29541 -0.0211426 0)
(1.54939 0.0108395 0)
(1.54312 0.00107718 0)
(1.53477 -0.00737899 0)
(1.52484 -0.0142278 0)
(1.51361 -0.0182449 0)
(1.5015 -0.0194651 0)
(1.48872 -0.0180783 0)
(1.47617 -0.0144192 0)
(1.46527 -0.00981619 0)
(1.45705 -0.00536221 0)
(1.45203 -0.00196542 0)
(1.45 -0.000359074 0)
(1.44993 -0.000763782 0)
(1.45135 -0.00368427 0)
(1.45271 -0.00880564 0)
(1.45195 -0.0154267 0)
(1.44787 -0.022251 0)
(1.44022 -0.0280552 0)
(1.4293 -0.0321268 0)
(1.41577 -0.034175 0)
(1.40053 -0.0342213 0)
(1.38461 -0.0324648 0)
(1.36916 -0.0290996 0)
(1.3552 -0.0243097 0)
(1.34357 -0.0182928 0)
(1.33508 -0.0114478 0)
(1.33022 -0.00422117 0)
(1.3293 0.00305648 0)
(1.33216 0.00965306 0)
(1.33808 0.015004 0)
(1.34621 0.0188482 0)
(1.3556 0.0210401 0)
(1.36524 0.0214633 0)
(1.37437 0.0200908 0)
(1.38238 0.0170518 0)
(1.38876 0.0126473 0)
(1.39312 0.00721307 0)
(1.39521 0.00122298 0)
(1.39489 -0.00485604 0)
(1.39214 -0.0106307 0)
(1.38715 -0.0158822 0)
(1.38023 -0.0203495 0)
(1.37174 -0.0239531 0)
(1.36204 -0.0267758 0)
(1.35151 -0.028971 0)
(1.34047 -0.0306831 0)
(1.32915 -0.0320369 0)
(1.31771 -0.0331413 0)
(1.30621 -0.0340696 0)
(1.29463 -0.0348478 0)
(1.28297 -0.0354584 0)
(1.27118 -0.0358456 0)
(1.2593 -0.0359232 0)
(1.24738 -0.0355936 0)
(1.23557 -0.0347682 0)
(1.22405 -0.0333584 0)
(1.21301 -0.0312973 0)
(1.20274 -0.028571 0)
(1.19347 -0.0252063 0)
(1.18544 -0.0212843 0)
(1.17883 -0.0169454 0)
(1.17381 -0.0123957 0)
(1.1704 -0.00785861 0)
(1.16856 -0.00358405 0)
(1.16812 0.000224609 0)
(1.16881 0.00336474 0)
(1.17026 0.00568258 0)
(1.17213 0.00709503 0)
(1.1741 0.00758449 0)
(1.17584 0.00717612 0)
(1.17705 0.00594899 0)
(1.17752 0.004076 0)
(1.17711 0.00173283 0)
(1.17571 -0.000909756 0)
(1.17327 -0.00367929 0)
(1.16986 -0.00644302 0)
(1.16559 -0.00907575 0)
(1.16057 -0.0114668 0)
(1.15495 -0.0135564 0)
(1.14887 -0.0153242 0)
(1.14243 -0.0167684 0)
(1.13575 -0.0178988 0)
(1.12891 -0.018731 0)
(1.12198 -0.019278 0)
(1.11498 -0.0195441 0)
(1.10798 -0.0195181 0)
(1.10102 -0.0191725 0)
(1.09416 -0.0184723 0)
(1.08748 -0.017384 0)
(1.08107 -0.0158796 0)
(1.07507 -0.0139439 0)
(1.06959 -0.0115827 0)
(1.06477 -0.00882516 0)
(1.06071 -0.00573727 0)
(1.05755 -0.00241879 0)
(1.05536 0.00102264 0)
(1.05417 0.00445196 0)
(1.05396 0.00771571 0)
(1.05464 0.0106658 0)
(1.05609 0.0131643 0)
(1.05813 0.0150971 0)
(1.06058 0.0163866 0)
(1.06324 0.016991 0)
(1.06592 0.0168985 0)
(1.06844 0.0161303 0)
(1.07064 0.0147411 0)
(1.07237 0.0128138 0)
(1.07352 0.0104503 0)
(1.07402 0.00775656 0)
(1.07382 0.00484069 0)
(1.07291 0.00181279 0)
(1.0713 -0.00121169 0)
(1.06904 -0.00411317 0)
(1.06617 -0.00682471 0)
(1.06279 -0.0092756 0)
(1.05899 -0.0114065 0)
(1.05486 -0.013173 0)
(1.0505 -0.0145423 0)
(1.04601 -0.015491 0)
(1.04149 -0.0160049 0)
(1.03701 -0.0160754 0)
(1.16441 0.00302038 0)
(1.16876 -0.00651426 0)
(1.16993 -0.0129736 0)
(1.16767 -0.0164476 0)
(1.16228 -0.0169817 0)
(1.15483 -0.0147674 0)
(1.14626 -0.0106207 0)
(1.13785 -0.00635727 0)
(1.13044 -0.00265633 0)
(1.12474 3.14736e-05 0)
(1.12068 0.00165409 0)
(1.11789 0.00201975 0)
(1.11615 0.000795183 0)
(1.1151 -0.00233969 0)
(1.11357 -0.00674825 0)
(1.11082 -0.0116722 0)
(1.1064 -0.0162132 0)
(1.10019 -0.0197299 0)
(1.0924 -0.0218926 0)
(1.08347 -0.0226298 0)
(1.07386 -0.0220279 0)
(1.06405 -0.0202587 0)
(1.05454 -0.0174896 0)
(1.04576 -0.0138415 0)
(1.03817 -0.00950202 0)
(1.03215 -0.0047041 0)
(1.02802 0.000252993 0)
(1.02594 0.00497508 0)
(1.02578 0.00913635 0)
(1.02734 0.0124369 0)
(1.03024 0.0145818 0)
(1.03398 0.0154838 0)
(1.03807 0.0151703 0)
(1.04193 0.0137947 0)
(1.04507 0.0115395 0)
(1.04705 0.00855431 0)
(1.04758 0.00510553 0)
(1.04646 0.00152503 0)
(1.04361 -0.00204329 0)
(1.03914 -0.00544024 0)
(1.03335 -0.00855822 0)
(1.02653 -0.0113669 0)
(1.01895 -0.0138855 0)
(1.01085 -0.016132 0)
(1.00241 -0.0181217 0)
(0.993755 -0.019868 0)
(0.984941 -0.0213804 0)
(0.975994 -0.0226666 0)
(0.966903 -0.0237304 0)
(0.957649 -0.0245679 0)
(0.948218 -0.025165 0)
(0.938614 -0.0254971 0)
(0.928872 -0.0255254 0)
(0.919062 -0.0252033 0)
(0.909297 -0.0244812 0)
(0.899707 -0.0233092 0)
(0.890462 -0.0216593 0)
(0.881723 -0.0195264 0)
(0.873661 -0.0169348 0)
(0.866442 -0.0139524 0)
(0.860193 -0.0106919 0)
(0.854985 -0.00727757 0)
(0.850874 -0.00387033 0)
(0.847833 -0.00063868 0)
(0.845764 0.00224667 0)
(0.844494 0.00463844 0)
(0.843833 0.00641768 0)
(0.843577 0.00753854 0)
(0.843525 0.00800233 0)
(0.843486 0.00786486 0)
(0.843281 0.00700058 0)
(0.842759 0.00562199 0)
(0.841779 0.00383693 0)
(0.84028 0.0017558 0)
(0.838218 -0.000484843 0)
(0.835556 -0.0027307 0)
(0.832336 -0.00487477 0)
(0.828617 -0.00684153 0)
(0.82447 -0.00858033 0)
(0.819976 -0.0100614 0)
(0.815215 -0.0112751 0)
(0.810257 -0.0122253 0)
(0.805167 -0.012922 0)
(0.799996 -0.0133738 0)
(0.794794 -0.013583 0)
(0.789604 -0.0135428 0)
(0.784476 -0.0132373 0)
(0.779467 -0.0126462 0)
(0.774642 -0.0117492 0)
(0.770078 -0.0105322 0)
(0.765858 -0.00899042 0)
(0.762076 -0.0071347 0)
(0.758814 -0.00498738 0)
(0.756152 -0.00259625 0)
(0.754187 -2.95792e-05 0)
(0.752974 0.00262492 0)
(0.752495 0.00525385 0)
(0.752739 0.00774278 0)
(0.753658 0.00997604 0)
(0.755162 0.0118517 0)
(0.757135 0.0132949 0)
(0.759444 0.0142543 0)
(0.761944 0.0146979 0)
(0.764483 0.0146177 0)
(0.766914 0.0140319 0)
(0.769101 0.0129782 0)
(0.770926 0.0115097 0)
(0.772291 0.00969224 0)
(0.773121 0.00760579 0)
(0.773368 0.00534129 0)
(0.77302 0.00298056 0)
(0.7721 0.00059615 0)
(0.770594 -0.0017483 0)
(0.768548 -0.00395812 0)
(0.766054 -0.00597947 0)
(0.763185 -0.0077666 0)
(0.76002 -0.00928028 0)
(0.756642 -0.0104901 0)
(0.753139 -0.0113722 0)
(0.7496 -0.0119079 0)
(0.746108 -0.0120864 0)
(0.735669 -7.40116e-05 0)
(0.73546 -0.00464477 0)
(0.732861 -0.00706089 0)
(0.728766 -0.0072878 0)
(0.723976 -0.00599179 0)
(0.719314 -0.00374954 0)
(0.715414 -0.00122837 0)
(0.712685 0.00110356 0)
(0.711215 0.0028159 0)
(0.710747 0.00372579 0)
(0.711 0.00385804 0)
(0.711616 0.00297892 0)
(0.712225 0.000819862 0)
(0.712238 -0.00218186 0)
(0.710996 -0.00554985 0)
(0.708237 -0.00882417 0)
(0.70393 -0.011582 0)
(0.698291 -0.013497 0)
(0.691689 -0.0144159 0)
(0.684551 -0.0143479 0)
(0.677324 -0.0133998 0)
(0.670404 -0.0117222 0)
(0.664085 -0.00946929 0)
(0.658617 -0.00675186 0)
(0.654267 -0.00371938 0)
(0.65124 -0.000510238 0)
(0.649652 0.0027545 0)
(0.649415 0.00582962 0)
(0.650466 0.00849797 0)
(0.652571 0.0105917 0)
(0.655431 0.0120372 0)
(0.658711 0.0127733 0)
(0.662044 0.0127989 0)
(0.66511 0.0121537 0)
(0.667649 0.0108609 0)
(0.669388 0.00903134 0)
(0.670152 0.00678709 0)
(0.669827 0.0042683 0)
(0.668437 0.00160773 0)
(0.666012 -0.00102894 0)
(0.662598 -0.00352545 0)
(0.658277 -0.0058099 0)
(0.653162 -0.00786051 0)
(0.647368 -0.00965632 0)
(0.640994 -0.0111948 0)
(0.634126 -0.0124864 0)
(0.626844 -0.0135457 0)
(0.619218 -0.0143903 0)
(0.611314 -0.0150394 0)
(0.603192 -0.0155058 0)
(0.594915 -0.0157913 0)
(0.586537 -0.0158881 0)
(0.578126 -0.0157807 0)
(0.569781 -0.0154443 0)
(0.561583 -0.0148474 0)
(0.553633 -0.0139585 0)
(0.546068 -0.0127573 0)
(0.53903 -0.0112433 0)
(0.532646 -0.00943867 0)
(0.527012 -0.0073757 0)
(0.522259 -0.00512696 0)
(0.518453 -0.00278982 0)
(0.515628 -0.000450958 0)
(0.513774 0.00176171 0)
(0.51279 0.00372165 0)
(0.512569 0.00534394 0)
(0.512972 0.00655264 0)
(0.513819 0.00727012 0)
(0.514909 0.00750801 0)
(0.516064 0.00726571 0)
(0.517091 0.00658483 0)
(0.517805 0.00554464 0)
(0.518092 0.00422539 0)
(0.517849 0.00272699 0)
(0.517044 0.00111571 0)
(0.515663 -0.000517609 0)
(0.513701 -0.0020795 0)
(0.511207 -0.00352309 0)
(0.508248 -0.0048223 0)
(0.504901 -0.00595208 0)
(0.501236 -0.00689875 0)
(0.497326 -0.00765767 0)
(0.493235 -0.00822817 0)
(0.489024 -0.00861032 0)
(0.484752 -0.00880161 0)
(0.48048 -0.0087954 0)
(0.476268 -0.00858115 0)
(0.472189 -0.00814725 0)
(0.468319 -0.00748153 0)
(0.464742 -0.00657685 0)
(0.461542 -0.00543409 0)
(0.45881 -0.00406304 0)
(0.456626 -0.00248296 0)
(0.455064 -0.000729122 0)
(0.454199 0.00114232 0)
(0.454071 0.00306367 0)
(0.454687 0.00494983 0)
(0.456027 0.00672612 0)
(0.458034 0.00831894 0)
(0.460622 0.00966103 0)
(0.46368 0.0106947 0)
(0.467077 0.0113777 0)
(0.470675 0.0116868 0)
(0.474327 0.0116177 0)
(0.477885 0.0111826 0)
(0.481215 0.0104048 0)
(0.484195 0.00932108 0)
(0.486724 0.00797993 0)
(0.488721 0.00643693 0)
(0.490129 0.00474817 0)
(0.490911 0.0029684 0)
(0.491047 0.001152 0)
(0.490565 -0.000640559 0)
(0.489506 -0.00233384 0)
(0.487901 -0.0039027 0)
(0.485821 -0.00531009 0)
(0.483346 -0.00652198 0)
(0.480557 -0.00751217 0)
(0.477543 -0.0082607 0)
(0.474394 -0.00875194 0)
(0.471211 -0.00897418 0)
(0.356245 -0.000860366 0)
(0.355938 -0.00378702 0)
(0.354002 -0.00542911 0)
(0.351353 -0.00588803 0)
(0.348725 -0.00536264 0)
(0.346658 -0.00409324 0)
(0.34551 -0.0024216 0)
(0.345334 -0.000752068 0)
(0.345903 0.000526838 0)
(0.34698 0.00127653 0)
(0.348319 0.00149413 0)
(0.349553 0.00117884 0)
(0.350304 0.00026749 0)
(0.350085 -0.00122897 0)
(0.34862 -0.00298295 0)
(0.345916 -0.00474287 0)
(0.342053 -0.00628974 0)
(0.337277 -0.0074342 0)
(0.331946 -0.00804641 0)
(0.326426 -0.008077 0)
(0.321061 -0.00758609 0)
(0.316169 -0.00666032 0)
(0.312013 -0.0053443 0)
(0.308749 -0.00369143 0)
(0.30656 -0.00180515 0)
(0.305571 0.000260373 0)
(0.305847 0.00228119 0)
(0.307346 0.00416402 0)
(0.309977 0.00580896 0)
(0.31354 0.0071221 0)
(0.317795 0.00802539 0)
(0.322454 0.00848886 0)
(0.32719 0.00851921 0)
(0.331739 0.00812411 0)
(0.335821 0.00737413 0)
(0.339212 0.00633733 0)
(0.341731 0.00509883 0)
(0.343267 0.00374796 0)
(0.34378 0.00234593 0)
(0.343266 0.000941565 0)
(0.341757 -0.00043489 0)
(0.33928 -0.00175263 0)
(0.335939 -0.00294699 0)
(0.331859 -0.00400851 0)
(0.327134 -0.0049416 0)
(0.321859 -0.00575366 0)
(0.316128 -0.00644774 0)
(0.310025 -0.00702531 0)
(0.303628 -0.00749245 0)
(0.297016 -0.00785367 0)
(0.290272 -0.00810108 0)
(0.283465 -0.00821907 0)
(0.276668 -0.0081981 0)
(0.269978 -0.00802809 0)
(0.2635 -0.00768455 0)
(0.257338 -0.00714757 0)
(0.251605 -0.00641537 0)
(0.246418 -0.00549593 0)
(0.241917 -0.00440072 0)
(0.238201 -0.00315381 0)
(0.235327 -0.00178928 0)
(0.233362 -0.000366451 0)
(0.232353 0.00104942 0)
(0.232254 0.00236149 0)
(0.232992 0.00350676 0)
(0.234441 0.0044395 0)
(0.236456 0.00511922 0)
(0.238857 0.00552248 0)
(0.241441 0.00564878 0)
(0.24403 0.00550321 0)
(0.246441 0.00508922 0)
(0.248507 0.00446024 0)
(0.250102 0.00366127 0)
(0.251138 0.00273181 0)
(0.251558 0.00174332 0)
(0.251358 0.000721513 0)
(0.25054 -0.000289261 0)
(0.249113 -0.00124165 0)
(0.247153 -0.00209588 0)
(0.244741 -0.00284036 0)
(0.24195 -0.00346992 0)
(0.238856 -0.00398273 0)
(0.235537 -0.00437915 0)
(0.232067 -0.00465941 0)
(0.228523 -0.00482213 0)
(0.22498 -0.00486242 0)
(0.221518 -0.00477404 0)
(0.218215 -0.00454908 0)
(0.21516 -0.0041819 0)
(0.212442 -0.00366904 0)
(0.210149 -0.00300783 0)
(0.20837 -0.00220506 0)
(0.207177 -0.00127414 0)
(0.20662 -0.00022515 0)
(0.206787 0.000922978 0)
(0.207724 0.0020807 0)
(0.209408 0.00320979 0)
(0.211812 0.00426829 0)
(0.214879 0.00521277 0)
(0.218521 0.00600588 0)
(0.222624 0.00661862 0)
(0.227054 0.0070289 0)
(0.231665 0.00722082 0)
(0.236303 0.00718893 0)
(0.24082 0.00693774 0)
(0.245075 0.00648222 0)
(0.24894 0.0058437 0)
(0.252301 0.00504969 0)
(0.25507 0.00413206 0)
(0.257178 0.00312636 0)
(0.258586 0.00206409 0)
(0.259286 0.000975079 0)
(0.259281 -0.000121914 0)
(0.258568 -0.00119185 0)
(0.2572 -0.00218621 0)
(0.255248 -0.00308139 0)
(0.252793 -0.00386225 0)
(0.249922 -0.00451506 0)
(0.246733 -0.0050254 0)
(0.243335 -0.00538406 0)
(0.239835 -0.00558584 0)
(0.10532 -0.000791271 0)
(0.103592 -0.00154878 0)
(0.100386 -0.00190241 0)
(0.0965575 -0.00190495 0)
(0.0928629 -0.00164082 0)
(0.089882 -0.00119454 0)
(0.087954 -0.000668385 0)
(0.0871022 -0.000200245 0)
(0.0871895 0.000137607 0)
(0.0879705 0.000352434 0)
(0.0890765 0.000401741 0)
(0.0901221 0.000250792 0)
(0.0906515 -0.00010965 0)
(0.0903836 -0.000672386 0)
(0.0890712 -0.0012603 0)
(0.086525 -0.00181079 0)
(0.0827912 -0.00226984 0)
(0.0781007 -0.00257826 0)
(0.072788 -0.0027114 0)
(0.0672388 -0.00267319 0)
(0.0618296 -0.00246334 0)
(0.0569072 -0.00210165 0)
(0.0527724 -0.00161486 0)
(0.0496852 -0.00104283 0)
(0.0478268 -0.000380934 0)
(0.0472679 0.000324613 0)
(0.0480142 0.00100237 0)
(0.0500799 0.00163163 0)
(0.0533658 0.00218779 0)
(0.0576871 0.00264114 0)
(0.0628077 0.00297204 0)
(0.0684463 0.00317095 0)
(0.0743159 0.00322634 0)
(0.080134 0.00315298 0)
(0.0856335 0.0029573 0)
(0.0905906 0.00265964 0)
(0.0948244 0.00228153 0)
(0.0982114 0.00185901 0)
(0.100684 0.00141416 0)
(0.102212 0.000965731 0)
(0.102825 0.000492239 0)
(0.102601 1.50748e-05 0)
(0.101596 -0.00039373 0)
(0.0998459 -0.000752366 0)
(0.0974272 -0.00106457 0)
(0.0944163 -0.00133362 0)
(0.0908877 -0.00156291 0)
(0.0869126 -0.00175485 0)
(0.0825602 -0.00191259 0)
(0.0778962 -0.0020383 0)
(0.0729895 -0.00213078 0)
(0.0679194 -0.00218622 0)
(0.0627722 -0.00219719 0)
(0.0576406 -0.00215697 0)
(0.0526343 -0.00206418 0)
(0.0478778 -0.0019126 0)
(0.0435107 -0.00169422 0)
(0.0396625 -0.00140335 0)
(0.0364643 -0.00105108 0)
(0.0340421 -0.000653591 0)
(0.0325036 -0.000219696 0)
(0.0318868 0.0002574 0)
(0.0321614 0.000723531 0)
(0.0333127 0.001145 0)
(0.0352927 0.0015119 0)
(0.0379869 0.00181033 0)
(0.0412457 0.00202774 0)
(0.0448957 0.00215478 0)
(0.0487481 0.00218893 0)
(0.052617 0.00213363 0)
(0.0563173 0.00199374 0)
(0.0596859 0.00177816 0)
(0.0625866 0.00150487 0)
(0.0649144 0.00119415 0)
(0.0666006 0.000855386 0)
(0.0676093 0.000507189 0)
(0.0679616 0.000133892 0)
(0.0676944 -0.000227396 0)
(0.0668323 -0.000544329 0)
(0.0654148 -0.000821797 0)
(0.0635072 -0.00105937 0)
(0.0611813 -0.00125817 0)
(0.0585106 -0.00141861 0)
(0.0555712 -0.00154079 0)
(0.0524409 -0.00162325 0)
(0.0492005 -0.00166368 0)
(0.0459365 -0.00165893 0)
(0.04274 -0.0016063 0)
(0.0397108 -0.00150274 0)
(0.03695 -0.00134536 0)
(0.0345661 -0.00113592 0)
(0.0326645 -0.000875978 0)
(0.0313473 -0.000569429 0)
(0.0307133 -0.000220166 0)
(0.0307638 0.000195576 0)
(0.0314992 0.000601909 0)
(0.0329848 0.000986517 0)
(0.0352068 0.00134153 0)
(0.0381142 0.00165806 0)
(0.0416263 0.00192599 0)
(0.0456376 0.00213514 0)
(0.0500239 0.0022777 0)
(0.0546468 0.0023505 0)
(0.0593598 0.00235306 0)
(0.0640165 0.00228569 0)
(0.0684732 0.00215164 0)
(0.0725994 0.00195649 0)
(0.0762762 0.00170848 0)
(0.0794047 0.00141776 0)
(0.0819073 0.00109554 0)
(0.0837307 0.000752757 0)
(0.0848305 0.000399536 0)
(0.0852186 2.31051e-05 0)
(0.0849308 -0.000363202 0)
(0.0839874 -0.000714659 0)
(0.0824105 -0.00103247 0)
(0.0802607 -0.00131376 0)
(0.0776079 -0.00155399 0)
(0.0745342 -0.00175115 0)
(0.0711302 -0.00190347 0)
(0.0674932 -0.00200679 0)
(2.29382 0.343537 0)
(2.27765 0.308692 0)
(2.2685 0.266117 0)
(2.26604 0.2142 0)
(2.26976 0.152618 0)
(2.27897 0.0823741 0)
(2.29264 0.00589144 0)
(2.30888 -0.0724434 0)
(2.32567 -0.148095 0)
(2.34155 -0.21747 0)
(2.3556 -0.278093 0)
(2.36711 -0.327308 0)
(2.37583 -0.363838 0)
(2.38162 -0.387286 0)
(2.38433 -0.398551 0)
(2.38397 -0.400894 0)
(2.38024 -0.392362 0)
(2.37586 -0.37283 0)
(2.37335 -0.346436 0)
(2.37214 -0.313539 0)
(2.37254 -0.274533 0)
(2.3755 -0.229586 0)
(2.38133 -0.178961 0)
(2.3894 -0.123204 0)
(2.39934 -0.0636096 0)
(2.4099 -0.00296467 0)
(2.41957 0.0554307 0)
(2.42723 0.109098 0)
(2.43208 0.15632 0)
(2.43392 0.195292 0)
(2.43274 0.225283 0)
(2.42964 0.245515 0)
(2.42506 0.256414 0)
(2.4197 0.259494 0)
(2.41083 0.254767 0)
(2.40044 0.240533 0)
(2.38976 0.219097 0)
(2.38157 0.191573 0)
(2.37448 0.158589 0)
(2.37011 0.120781 0)
(2.36872 0.0789442 0)
(2.36996 0.0337982 0)
(2.37357 -0.0138895 0)
(2.37882 -0.0622143 0)
(2.38471 -0.108981 0)
(2.39038 -0.152356 0)
(2.39518 -0.190821 0)
(2.39888 -0.223207 0)
(2.40162 -0.248549 0)
(2.40327 -0.265828 0)
(2.40388 -0.275705 0)
(2.40339 -0.279417 0)
(2.40128 -0.279039 0)
(2.39909 -0.269702 0)
(2.3959 -0.25304 0)
(2.39194 -0.230948 0)
(2.38852 -0.204364 0)
(2.38615 -0.173752 0)
(2.38404 -0.139777 0)
(2.38212 -0.103212 0)
(2.38041 -0.0647581 0)
(2.37909 -0.0262365 0)
(2.37811 0.0106603 0)
(2.37734 0.0446776 0)
(2.37674 0.0747509 0)
(2.37635 0.0999844 0)
(2.37632 0.119643 0)
(2.3767 0.133007 0)
(2.37727 0.140429 0)
(2.37769 0.143081 0)
(2.37829 0.142505 0)
(2.37919 0.134735 0)
(2.3802 0.121146 0)
(2.38119 0.102758 0)
(2.38215 0.0801441 0)
(2.38282 0.0539723 0)
(2.38293 0.0250347 0)
(2.38254 -0.00566883 0)
(2.38158 -0.0365388 0)
(2.38012 -0.0662583 0)
(2.37831 -0.0938311 0)
(2.37631 -0.118371 0)
(2.37433 -0.139021 0)
(2.3726 -0.155065 0)
(2.3713 -0.165955 0)
(2.37056 -0.171763 0)
(2.37021 -0.173601 0)
(2.36983 -0.172882 0)
(2.36893 -0.165958 0)
(2.36807 -0.15418 0)
(2.36708 -0.138359 0)
(2.36586 -0.119047 0)
(2.36442 -0.0968414 0)
(2.36274 -0.0723719 0)
(2.36083 -0.0463696 0)
(2.35867 -0.0197827 0)
(2.35616 0.00624553 0)
(2.35352 0.0307506 0)
(2.35101 0.0527998 0)
(2.34888 0.0716293 0)
(2.34734 0.0865777 0)
(2.3465 0.0973233 0)
(2.34631 0.10393 0)
(2.34651 0.106952 0)
(2.34706 0.107372 0)
(2.34828 0.104513 0)
(2.35013 0.0974216 0)
(2.35214 0.0867442 0)
(2.35408 0.0729175 0)
(2.35584 0.0564554 0)
(2.35725 0.037908 0)
(2.35822 0.0178506 0)
(2.35867 -0.00296666 0)
(2.35864 -0.0235169 0)
(2.35816 -0.043048 0)
(2.35731 -0.0608161 0)
(2.35619 -0.0761677 0)
(2.35494 -0.088524 0)
(2.35372 -0.0974182 0)
(2.35266 -0.102792 0)
(2.33624 0.356018 0)
(2.33414 0.315302 0)
(2.33748 0.26658 0)
(2.3461 0.208866 0)
(2.35966 0.141987 0)
(2.3774 0.0674655 0)
(2.39772 -0.0117791 0)
(2.41777 -0.0902002 0)
(2.43518 -0.164105 0)
(2.4483 -0.230647 0)
(2.45618 -0.287198 0)
(2.45866 -0.332842 0)
(2.45616 -0.365134 0)
(2.44934 -0.385263 0)
(2.43719 -0.393096 0)
(2.4212 -0.391343 0)
(2.40254 -0.381032 0)
(2.38314 -0.362845 0)
(2.36489 -0.338036 0)
(2.34959 -0.307448 0)
(2.33837 -0.271298 0)
(2.3315 -0.229492 0)
(2.32882 -0.181905 0)
(2.33 -0.12886 0)
(2.33458 -0.0713104 0)
(2.34161 -0.0115795 0)
(2.34982 0.0470414 0)
(2.35819 0.101867 0)
(2.36603 0.150753 0)
(2.37297 0.191904 0)
(2.37892 0.223741 0)
(2.38393 0.245542 0)
(2.38758 0.257317 0)
(2.38942 0.261167 0)
(2.38988 0.258904 0)
(2.38979 0.244648 0)
(2.39027 0.222298 0)
(2.39156 0.193315 0)
(2.39431 0.158921 0)
(2.39784 0.119827 0)
(2.40194 0.076603 0)
(2.40699 0.0298705 0)
(2.41306 -0.0191517 0)
(2.41925 -0.0679477 0)
(2.42449 -0.114153 0)
(2.42825 -0.156089 0)
(2.43015 -0.192601 0)
(2.43006 -0.223139 0)
(2.42814 -0.247191 0)
(2.42583 -0.264006 0)
(2.42297 -0.273694 0)
(2.41781 -0.277202 0)
(2.41023 -0.274592 0)
(2.39915 -0.264247 0)
(2.3872 -0.247153 0)
(2.37615 -0.224741 0)
(2.364 -0.198161 0)
(2.3529 -0.168024 0)
(2.34375 -0.134753 0)
(2.33662 -0.0989054 0)
(2.33167 -0.0614694 0)
(2.32879 -0.024014 0)
(2.32765 0.011987 0)
(2.32789 0.0452533 0)
(2.32927 0.0746673 0)
(2.33166 0.0992247 0)
(2.33493 0.118141 0)
(2.33877 0.131208 0)
(2.34248 0.138884 0)
(2.34629 0.141852 0)
(2.35051 0.140291 0)
(2.35519 0.132443 0)
(2.35985 0.118942 0)
(2.3642 0.100591 0)
(2.36817 0.0781848 0)
(2.37152 0.0524983 0)
(2.37413 0.024307 0)
(2.37585 -0.00555544 0)
(2.37669 -0.0357513 0)
(2.37679 -0.0649951 0)
(2.3763 -0.0922684 0)
(2.37529 -0.116779 0)
(2.37371 -0.137494 0)
(2.3716 -0.153693 0)
(2.36919 -0.164946 0)
(2.36682 -0.171251 0)
(2.36412 -0.173189 0)
(2.36049 -0.172089 0)
(2.35553 -0.164812 0)
(2.34974 -0.152612 0)
(2.3435 -0.136291 0)
(2.33707 -0.116485 0)
(2.33082 -0.0939035 0)
(2.32526 -0.0691878 0)
(2.32045 -0.0429761 0)
(2.31652 -0.0163017 0)
(2.3135 0.00964321 0)
(2.31134 0.0338476 0)
(2.31003 0.0553936 0)
(2.30956 0.0735337 0)
(2.30987 0.0876929 0)
(2.31087 0.0976646 0)
(2.31223 0.103705 0)
(2.31375 0.106466 0)
(2.31577 0.106307 0)
(2.31842 0.102518 0)
(2.3217 0.0950821 0)
(2.3252 0.0842882 0)
(2.32863 0.0705775 0)
(2.33181 0.0544183 0)
(2.33453 0.0362993 0)
(2.33666 0.0167365 0)
(2.33807 -0.00354673 0)
(2.33866 -0.0235291 0)
(2.33839 -0.0425158 0)
(2.33731 -0.0598376 0)
(2.33552 -0.0748414 0)
(2.33318 -0.0869819 0)
(2.33055 -0.0959132 0)
(2.32804 -0.101602 0)
(2.32578 -0.10439 0)
(2.34795 0.352209 0)
(2.36121 0.30711 0)
(2.37845 0.253801 0)
(2.39974 0.1916 0)
(2.42481 0.120898 0)
(2.4526 0.0436725 0)
(2.48021 -0.0351057 0)
(2.50423 -0.110461 0)
(2.52186 -0.179121 0)
(2.53129 -0.238992 0)
(2.53225 -0.28866 0)
(2.52541 -0.32669 0)
(2.51065 -0.352874 0)
(2.48785 -0.367513 0)
(2.45938 -0.371195 0)
(2.42647 -0.365666 0)
(2.39062 -0.352814 0)
(2.3547 -0.334573 0)
(2.32186 -0.312551 0)
(2.29384 -0.286639 0)
(2.27191 -0.255979 0)
(2.25636 -0.21971 0)
(2.24664 -0.177243 0)
(2.24221 -0.12875 0)
(2.24251 -0.0751466 0)
(2.24686 -0.0182162 0)
(2.2542 0.0386867 0)
(2.26363 0.0925803 0)
(2.27455 0.141076 0)
(2.2864 0.182057 0)
(2.29869 0.214183 0)
(2.31073 0.236977 0)
(2.32162 0.250971 0)
(2.33193 0.256898 0)
(2.34253 0.253406 0)
(2.35315 0.239729 0)
(2.36286 0.217345 0)
(2.37222 0.187931 0)
(2.38149 0.15283 0)
(2.39125 0.113075 0)
(2.40172 0.0692973 0)
(2.41215 0.0221217 0)
(2.42162 -0.0265626 0)
(2.42927 -0.0739824 0)
(2.43484 -0.118401 0)
(2.43819 -0.158439 0)
(2.43898 -0.193263 0)
(2.43829 -0.222064 0)
(2.43455 -0.244485 0)
(2.4271 -0.260001 0)
(2.41551 -0.267356 0)
(2.401 -0.266784 0)
(2.38056 -0.259263 0)
(2.35713 -0.246048 0)
(2.33303 -0.228269 0)
(2.31018 -0.206538 0)
(2.29022 -0.181425 0)
(2.27374 -0.153613 0)
(2.26075 -0.123335 0)
(2.25123 -0.0907703 0)
(2.24516 -0.0564904 0)
(2.24226 -0.0217881 0)
(2.24211 0.0119118 0)
(2.24429 0.0432907 0)
(2.24841 0.0711396 0)
(2.2541 0.0944534 0)
(2.26089 0.112581 0)
(2.26822 0.125359 0)
(2.27561 0.133076 0)
(2.28334 0.1359 0)
(2.29153 0.133465 0)
(2.30012 0.125516 0)
(2.30868 0.112279 0)
(2.31679 0.0944215 0)
(2.32429 0.0727179 0)
(2.33104 0.0478904 0)
(2.33693 0.0206315 0)
(2.34184 -0.0082516 0)
(2.34549 -0.0374702 0)
(2.34764 -0.0658023 0)
(2.34813 -0.0921795 0)
(2.34683 -0.115549 0)
(2.34364 -0.135054 0)
(2.33864 -0.150133 0)
(2.33175 -0.160603 0)
(2.3227 -0.166303 0)
(2.31173 -0.167006 0)
(2.29879 -0.163025 0)
(2.28441 -0.154455 0)
(2.27001 -0.141726 0)
(2.25671 -0.125506 0)
(2.24513 -0.106426 0)
(2.23563 -0.0850619 0)
(2.22833 -0.0619109 0)
(2.22326 -0.0374684 0)
(2.22037 -0.0126139 0)
(2.2195 0.0116603 0)
(2.22033 0.034404 0)
(2.22258 0.0547095 0)
(2.22596 0.0718366 0)
(2.23015 0.0852794 0)
(2.23477 0.0948778 0)
(2.23945 0.100868 0)
(2.24427 0.103548 0)
(2.24939 0.102736 0)
(2.25477 0.0984153 0)
(2.26037 0.0906803 0)
(2.2659 0.0798369 0)
(2.2711 0.0663151 0)
(2.27582 0.0505584 0)
(2.27986 0.0330274 0)
(2.28307 0.014252 0)
(2.28523 -0.00501683 0)
(2.28618 -0.0239086 0)
(2.28588 -0.0417656 0)
(2.28431 -0.0579857 0)
(2.28155 -0.0720442 0)
(2.27775 -0.0835117 0)
(2.27319 -0.0921102 0)
(2.2681 -0.0977754 0)
(2.26242 -0.100536 0)
(2.34012 0.333149 0)
(2.36783 0.284623 0)
(2.39871 0.227663 0)
(2.43299 0.161855 0)
(2.47003 0.0882048 0)
(2.50709 0.0107076 0)
(2.54004 -0.0645309 0)
(2.56571 -0.132878 0)
(2.58114 -0.191248 0)
(2.58482 -0.240141 0)
(2.57813 -0.280108 0)
(2.5605 -0.310027 0)
(2.532 -0.327707 0)
(2.49364 -0.333579 0)
(2.44696 -0.330296 0)
(2.39515 -0.32073 0)
(2.34258 -0.30752 0)
(2.29297 -0.29229 0)
(2.24867 -0.275419 0)
(2.21107 -0.256125 0)
(2.1808 -0.232611 0)
(2.15815 -0.203122 0)
(2.14274 -0.166984 0)
(2.13369 -0.124199 0)
(2.13045 -0.0756786 0)
(2.13252 -0.0232272 0)
(2.13915 0.0301964 0)
(2.14949 0.0812706 0)
(2.16287 0.127615 0)
(2.17859 0.167252 0)
(2.19576 0.198812 0)
(2.21355 0.221759 0)
(2.23143 0.236038 0)
(2.24993 0.241422 0)
(2.2689 0.237491 0)
(2.28793 0.224327 0)
(2.30653 0.202764 0)
(2.32452 0.173962 0)
(2.34187 0.139042 0)
(2.35885 0.0990891 0)
(2.37573 0.0553969 0)
(2.3918 0.00951873 0)
(2.40568 -0.0365452 0)
(2.41638 -0.0813031 0)
(2.42341 -0.123252 0)
(2.42679 -0.160824 0)
(2.4263 -0.192623 0)
(2.42141 -0.217819 0)
(2.4101 -0.23579 0)
(2.39074 -0.245067 0)
(2.36482 -0.246348 0)
(2.33373 -0.240876 0)
(2.29999 -0.230162 0)
(2.26636 -0.216042 0)
(2.23496 -0.19969 0)
(2.20701 -0.181278 0)
(2.18336 -0.160561 0)
(2.16429 -0.137194 0)
(2.14975 -0.111089 0)
(2.13952 -0.0825042 0)
(2.13336 -0.051974 0)
(2.131 -0.0206234 0)
(2.13199 0.010122 0)
(2.1359 0.0389631 0)
(2.14227 0.0647337 0)
(2.15062 0.0865097 0)
(2.16035 0.103668 0)
(2.17091 0.115949 0)
(2.18207 0.123325 0)
(2.19391 0.12565 0)
(2.20614 0.122815 0)
(2.21859 0.114804 0)
(2.23087 0.101868 0)
(2.2426 0.0845832 0)
(2.25354 0.0636131 0)
(2.26358 0.0396207 0)
(2.2725 0.0133235 0)
(2.27986 -0.0142173 0)
(2.28498 -0.0415729 0)
(2.28745 -0.0676662 0)
(2.28691 -0.0914739 0)
(2.28317 -0.112121 0)
(2.27603 -0.128961 0)
(2.26525 -0.14142 0)
(2.25101 -0.148864 0)
(2.23403 -0.151328 0)
(2.21502 -0.149565 0)
(2.19494 -0.144282 0)
(2.1749 -0.135726 0)
(2.15617 -0.124346 0)
(2.13959 -0.110492 0)
(2.12564 -0.0943024 0)
(2.11465 -0.0759908 0)
(2.10667 -0.0558385 0)
(2.10164 -0.0342441 0)
(2.09946 -0.0119227 0)
(2.09991 0.0101494 0)
(2.10263 0.031047 0)
(2.10727 0.0498927 0)
(2.11341 0.0659733 0)
(2.12059 0.0788046 0)
(2.12835 0.0881698 0)
(2.1364 0.0940732 0)
(2.14478 0.0965343 0)
(2.15333 0.0955396 0)
(2.1619 0.0911924 0)
(2.17035 0.0836479 0)
(2.17841 0.0732143 0)
(2.18589 0.0602968 0)
(2.19262 0.0453257 0)
(2.19843 0.0287455 0)
(2.20308 0.0110928 0)
(2.20628 -0.00682187 0)
(2.20783 -0.0242857 0)
(2.20764 -0.0406881 0)
(2.20571 -0.0554758 0)
(2.20207 -0.0681733 0)
(2.19683 -0.0784255 0)
(2.19008 -0.0859869 0)
(2.18191 -0.0906599 0)
(2.17266 -0.0924077 0)
(2.31403 0.298081 0)
(2.35657 0.247077 0)
(2.40168 0.187186 0)
(2.44915 0.118898 0)
(2.49682 0.0452093 0)
(2.53951 -0.0272245 0)
(2.57363 -0.0943111 0)
(2.59599 -0.151577 0)
(2.60455 -0.198942 0)
(2.60533 -0.235936 0)
(2.5908 -0.264763 0)
(2.56016 -0.281071 0)
(2.5154 -0.285065 0)
(2.45788 -0.280218 0)
(2.39225 -0.27033 0)
(2.32427 -0.258906 0)
(2.25895 -0.248178 0)
(2.1993 -0.238401 0)
(2.14735 -0.228652 0)
(2.10388 -0.217294 0)
(2.06881 -0.202138 0)
(2.04177 -0.180735 0)
(2.02259 -0.15197 0)
(2.01041 -0.115931 0)
(2.00466 -0.0736006 0)
(2.00504 -0.0268242 0)
(2.01108 0.0216864 0)
(2.02199 0.0686191 0)
(2.03705 0.111569 0)
(2.05549 0.148662 0)
(2.07645 0.178542 0)
(2.09916 0.200402 0)
(2.12334 0.213781 0)
(2.14887 0.218335 0)
(2.17509 0.213993 0)
(2.20159 0.200963 0)
(2.22783 0.179896 0)
(2.25341 0.151824 0)
(2.27824 0.117759 0)
(2.30227 0.0785814 0)
(2.3251 0.0356883 0)
(2.34574 -0.00843729 0)
(2.36314 -0.0516889 0)
(2.37605 -0.0924036 0)
(2.38322 -0.129205 0)
(2.38359 -0.160961 0)
(2.3758 -0.186729 0)
(2.35833 -0.204756 0)
(2.33163 -0.213423 0)
(2.29703 -0.21412 0)
(2.25699 -0.209162 0)
(2.2147 -0.200655 0)
(2.17373 -0.190367 0)
(2.13601 -0.179172 0)
(2.10263 -0.167054 0)
(2.07409 -0.153486 0)
(2.05051 -0.137807 0)
(2.03178 -0.11941 0)
(2.01777 -0.0980494 0)
(2.00828 -0.0740133 0)
(2.00304 -0.0477897 0)
(2.00181 -0.0203216 0)
(2.00421 0.00697697 0)
(2.00977 0.0328317 0)
(2.01807 0.0561487 0)
(2.0286 0.0760237 0)
(2.04086 0.0918207 0)
(2.05442 0.103129 0)
(2.06909 0.109686 0)
(2.0846 0.111341 0)
(2.10057 0.108128 0)
(2.11674 0.100149 0)
(2.13275 0.0876742 0)
(2.14829 0.0711666 0)
(2.16312 0.0511486 0)
(2.17681 0.0282958 0)
(2.18856 0.00369732 0)
(2.19743 -0.0212779 0)
(2.20274 -0.0455186 0)
(2.20402 -0.0679934 0)
(2.20093 -0.0878816 0)
(2.19303 -0.104482 0)
(2.1802 -0.116961 0)
(2.16297 -0.124914 0)
(2.1422 -0.128764 0)
(2.11913 -0.129115 0)
(2.09512 -0.12655 0)
(2.0715 -0.121585 0)
(2.04918 -0.114478 0)
(2.02888 -0.105328 0)
(2.01108 -0.0941539 0)
(1.99611 -0.0809375 0)
(1.98421 -0.0657078 0)
(1.97552 -0.048655 0)
(1.97006 -0.0301897 0)
(1.96776 -0.0108962 0)
(1.96843 0.00839122 0)
(1.97178 0.0268502 0)
(1.97742 0.0436856 0)
(1.98493 0.0582293 0)
(1.99386 0.0699919 0)
(2.00378 0.0786669 0)
(2.01442 0.084096 0)
(2.0256 0.0862347 0)
(2.03699 0.0851385 0)
(2.04839 0.080924 0)
(2.05957 0.07376 0)
(2.07031 0.0639321 0)
(2.08039 0.0517876 0)
(2.0896 0.0377237 0)
(2.09758 0.0222688 0)
(2.10388 0.00616879 0)
(2.10816 -0.00991126 0)
(2.11019 -0.0253652 0)
(2.10986 -0.0396475 0)
(2.10712 -0.0522995 0)
(2.10195 -0.0629522 0)
(2.09439 -0.0712723 0)
(2.08475 -0.0769648 0)
(2.07349 -0.0800591 0)
(2.0611 -0.0807824 0)
)
;

boundaryField
{
    inlet
    {
        type            fixedValue;
        value           nonuniform List<vector> 0();
    }
    outlet
    {
        type            zeroGradient;
    }
    topWall
    {
        type            noSlip;
    }
    lowerWall
    {
        type            noSlip;
    }
    leadingEdge
    {
        type            noSlip;
    }
    trailingEdge
    {
        type            noSlip;
    }
    upperSurface
    {
        type            noSlip;
    }
    lowerSurface
    {
        type            noSlip;
    }
    frontAndBack
    {
        type            empty;
    }
    procBoundary6to1
    {
        type            processor;
        value           uniform (2.3168 0.373057 0);
    }
    procBoundary6to2
    {
        type            processor;
        value           nonuniform List<vector> 
122
(
(2.22672 0.316038 0)
(2.19754 0.288991 0)
(2.17708 0.254219 0)
(2.1648 0.20964 0)
(2.15993 0.154636 0)
(2.16182 0.0901773 0)
(2.16978 0.0184047 0)
(2.18266 -0.0569556 0)
(2.19889 -0.131115 0)
(2.2172 -0.200235 0)
(2.23655 -0.261238 0)
(2.25612 -0.311788 0)
(2.27492 -0.350209 0)
(2.2921 -0.376384 0)
(2.30681 -0.391076 0)
(2.32012 -0.395311 0)
(2.33233 -0.388584 0)
(2.34318 -0.370038 0)
(2.35303 -0.3428 0)
(2.36327 -0.308531 0)
(2.37504 -0.267691 0)
(2.38841 -0.220555 0)
(2.40333 -0.167754 0)
(2.41938 -0.110341 0)
(2.43544 -0.0502067 0)
(2.4497 0.00907399 0)
(2.46077 0.0646284 0)
(2.46753 0.114232 0)
(2.46923 0.156916 0)
(2.4663 0.19229 0)
(2.46092 0.219452 0)
(2.4507 0.23802 0)
(2.43645 0.247502 0)
(2.41812 0.247195 0)
(2.39631 0.238581 0)
(2.37283 0.223216 0)
(2.3503 0.20264 0)
(2.33078 0.177534 0)
(2.31553 0.147949 0)
(2.30496 0.114095 0)
(2.2989 0.0762102 0)
(2.297 0.034587 0)
(2.29884 -0.0101665 0)
(2.3037 -0.0566773 0)
(2.31052 -0.102526 0)
(2.31842 -0.145646 0)
(2.32681 -0.184397 0)
(2.33521 -0.217174 0)
(2.34337 -0.243004 0)
(2.35098 -0.261487 0)
(2.35749 -0.272934 0)
(2.36328 -0.27797 0)
(2.36869 -0.278116 0)
(2.37312 -0.270049 0)
(2.37652 -0.253905 0)
(2.37902 -0.231849 0)
(2.38099 -0.20474 0)
(2.38282 -0.173526 0)
(2.38471 -0.139194 0)
(2.38702 -0.10243 0)
(2.38928 -0.0641541 0)
(2.39065 -0.0260176 0)
(2.391 0.0104337 0)
(2.39097 0.0441485 0)
(2.39056 0.0739573 0)
(2.38987 0.0990299 0)
(2.3888 0.118774 0)
(2.38747 0.132374 0)
(2.38636 0.140222 0)
(2.38543 0.143156 0)
(2.3839 0.142903 0)
(2.38146 0.135294 0)
(2.37851 0.121596 0)
(2.37531 0.102939 0)
(2.37186 0.0799704 0)
(2.36856 0.0534241 0)
(2.36573 0.0241544 0)
(2.36342 -0.00689355 0)
(2.36158 -0.0381306 0)
(2.36004 -0.0682177 0)
(2.3587 -0.0960682 0)
(2.35761 -0.120665 0)
(2.35691 -0.141059 0)
(2.35673 -0.156574 0)
(2.35706 -0.166783 0)
(2.35761 -0.172039 0)
(2.35815 -0.173655 0)
(2.35889 -0.172979 0)
(2.35992 -0.166196 0)
(2.36086 -0.154432 0)
(2.36153 -0.138581 0)
(2.36199 -0.119263 0)
(2.36226 -0.0970962 0)
(2.36234 -0.072727 0)
(2.36221 -0.0469107 0)
(2.3618 -0.0207075 0)
(2.36102 0.00484575 0)
(2.35981 0.0289513 0)
(2.35812 0.0508872 0)
(2.35642 0.0699577 0)
(2.35503 0.0854168 0)
(2.35424 0.0967679 0)
(2.35394 0.103913 0)
(2.35405 0.107308 0)
(2.35444 0.10798 0)
(2.35514 0.106064 0)
(2.35605 0.0990892 0)
(2.35698 0.0884077 0)
(2.3578 0.0744292 0)
(2.35846 0.0576563 0)
(2.35886 0.0386473 0)
(2.35888 0.0180176 0)
(2.35841 -0.00336762 0)
(2.35748 -0.0243517 0)
(2.35616 -0.0441726 0)
(2.35462 -0.062111 0)
(2.35301 -0.0774772 0)
(2.3515 -0.0896879 0)
(2.35024 -0.098387 0)
(2.34933 -0.103492 0)
(2.35194 -0.105177 0)
(2.35194 -0.105177 0)
)
;
    }
    procBoundary6to5
    {
        type            processor;
        value           nonuniform List<vector> 
14
(
(2.21945 0.29183 0)
(2.16158 0.230035 0)
(2.11463 0.152524 0)
(2.08082 0.0650327 0)
(1.92056 0.0117057 0)
(1.5534 0.0213913 0)
(1.15714 0.01503 0)
(0.732769 0.00638583 0)
(0.354234 0.00326311 0)
(0.104774 0.000328408 0)
(2.34248 0.390462 0)
(2.33837 0.390212 0)
(2.31489 0.374018 0)
(2.27343 0.340554 0)
)
;
    }
    procBoundary6to7
    {
        type            processor;
        value           nonuniform List<vector> 
14
(
(1.91883 -0.0648666 0)
(1.7823 -0.050409 0)
(1.64078 -0.0374071 0)
(1.48574 -0.0273912 0)
(1.28959 -0.0206083 0)
(1.03267 -0.0156964 0)
(0.742747 -0.0119025 0)
(0.46809 -0.00892178 0)
(0.236349 -0.00562589 0)
(0.063727 -0.00205827 0)
(2.32332 -0.104763 0)
(2.2562 -0.100342 0)
(2.16264 -0.0915181 0)
(2.0481 -0.0793336 0)
)
;
    }
}


// ************************************************************************* //
