/*--------------------------------*- C++ -*----------------------------------*\
| =========                 |                                                 |
| \\      /  F ield         | OpenFOAM: The Open Source CFD Toolbox           |
|  \\    /   O peration     | Version:  2206                                  |
|   \\  /    A nd           | Website:  www.openfoam.com                      |
|    \\/     M anipulation  |                                                 |
\*---------------------------------------------------------------------------*/
FoamFile
{
    version     2.0;
    format      ascii;
    arch        "LSB;label=32;scalar=64";
    class       volVectorField;
    location    "19.2999";
    object      U_0;
}
// * * * * * * * * * * * * * * * * * * * * * * * * * * * * * * * * * * * * * //

dimensions      [0 1 -1 0 0 0 0];

internalField   nonuniform List<vector> 
3050
(
(1.68404 -0.00947066 0)
(1.682 0.0244841 0)
(1.68238 0.0577929 0)
(1.68504 0.0896368 0)
(1.68977 0.119232 0)
(1.6963 0.14588 0)
(1.70433 0.169025 0)
(1.71352 0.188278 0)
(1.72357 0.203409 0)
(1.7342 0.214304 0)
(1.74533 0.220837 0)
(1.75703 0.222663 0)
(1.76902 0.219464 0)
(1.78116 0.21122 0)
(1.79327 0.19802 0)
(1.80514 0.1801 0)
(1.81662 0.157799 0)
(1.82761 0.13154 0)
(1.83797 0.101848 0)
(1.84756 0.0694038 0)
(1.85612 0.0351534 0)
(1.86321 0.000543211 0)
(1.86856 -0.0331961 0)
(1.87203 -0.0650563 0)
(1.87323 -0.0942182 0)
(1.87306 -0.120071 0)
(1.8704 -0.142169 0)
(1.86574 -0.160131 0)
(1.85923 -0.173871 0)
(1.85084 -0.183342 0)
(1.84052 -0.188462 0)
(1.82872 -0.189344 0)
(1.81581 -0.186457 0)
(1.80228 -0.180185 0)
(1.78863 -0.170853 0)
(1.77535 -0.158736 0)
(1.76282 -0.144051 0)
(1.75135 -0.126977 0)
(1.74116 -0.107688 0)
(1.73244 -0.0863907 0)
(1.72532 -0.0633527 0)
(1.7199 -0.0389285 0)
(1.71627 -0.0136084 0)
(1.71446 0.0118851 0)
(1.71442 0.0369059 0)
(1.71606 0.060876 0)
(1.71923 0.0832436 0)
(1.72378 0.103512 0)
(1.72948 0.121269 0)
(1.73612 0.136212 0)
(1.74346 0.14815 0)
(1.75129 0.156987 0)
(1.75952 0.162645 0)
(1.76821 0.164918 0)
(1.77719 0.163541 0)
(1.78634 0.158466 0)
(1.79552 0.14973 0)
(1.80456 0.137479 0)
(1.81331 0.121955 0)
(1.82165 0.103473 0)
(1.82948 0.0824213 0)
(1.83666 0.0592848 0)
(1.84305 0.0346948 0)
(1.84838 0.00954839 0)
(1.85243 -0.0152343 0)
(1.8551 -0.0390006 0)
(1.85625 -0.0611976 0)
(1.85579 -0.0812812 0)
(1.85375 -0.0987603 0)
(1.85025 -0.113394 0)
(1.84541 -0.125095 0)
(1.83934 -0.133785 0)
(1.83205 -0.139403 0)
(1.82364 -0.141905 0)
(1.81447 -0.141427 0)
(1.80479 -0.138195 0)
(1.79496 -0.132377 0)
(1.78529 -0.12415 0)
(1.77609 -0.113698 0)
(1.76759 -0.101203 0)
(1.75998 -0.0868568 0)
(1.75342 -0.0708714 0)
(1.748 -0.0534968 0)
(1.74381 -0.0350351 0)
(1.74092 -0.0158735 0)
(1.73937 0.00343707 0)
(1.73911 0.0224132 0)
(1.7401 0.0406309 0)
(1.74223 0.0576882 0)
(1.74538 0.0732216 0)
(1.74942 0.0869283 0)
(1.75418 0.0985804 0)
(1.75951 0.10803 0)
(1.76525 0.115197 0)
(1.77129 0.120031 0)
(1.77767 0.122418 0)
(1.78432 0.122162 0)
(1.79112 0.119202 0)
(1.79797 0.11355 0)
(1.80474 0.105293 0)
(1.81131 0.0945922 0)
(1.81756 0.0816706 0)
(1.82339 0.066804 0)
(1.82871 0.0503256 0)
(1.83339 0.0326429 0)
(1.83729 0.0142932 0)
(1.84022 -0.00404826 0)
(1.84207 -0.0218795 0)
(1.84278 -0.038763 0)
(1.84234 -0.05431 0)
(1.84075 -0.0681986 0)
(1.83809 -0.0801901 0)
(1.83444 -0.0901279 0)
(1.82992 -0.0979165 0)
(1.8246 -0.103503 0)
(1.8185 -0.106827 0)
(1.81176 -0.107876 0)
(1.80453 -0.106643 0)
(1.79725 -0.103588 0)
(1.78925 -0.097335 0)
(1.78319 -0.0921155 0)
(1.77306 -0.0759145 0)
(1.65788 -0.00601173 0)
(1.6557 0.0253827 0)
(1.65611 0.0562413 0)
(1.65897 0.0858114 0)
(1.66408 0.113371 0)
(1.67116 0.138275 0)
(1.67992 0.159991 0)
(1.69005 0.178125 0)
(1.70124 0.192405 0)
(1.71325 0.202631 0)
(1.72604 0.208566 0)
(1.73953 0.209876 0)
(1.7534 0.206378 0)
(1.76752 0.198053 0)
(1.78164 0.184978 0)
(1.79554 0.167363 0)
(1.80905 0.145527 0)
(1.82197 0.11989 0)
(1.83413 0.0909968 0)
(1.84529 0.0595903 0)
(1.85505 0.0267824 0)
(1.86292 -0.00598647 0)
(1.86866 -0.037674 0)
(1.87198 -0.0674068 0)
(1.87282 -0.094449 0)
(1.87157 -0.118093 0)
(1.86747 -0.137875 0)
(1.86111 -0.153651 0)
(1.85249 -0.165332 0)
(1.84155 -0.172807 0)
(1.8287 -0.176122 0)
(1.81442 -0.175732 0)
(1.79921 -0.172093 0)
(1.78365 -0.165583 0)
(1.76825 -0.156509 0)
(1.75347 -0.145078 0)
(1.7397 -0.131418 0)
(1.72722 -0.115626 0)
(1.71622 -0.0978119 0)
(1.70687 -0.0781396 0)
(1.6993 -0.0568427 0)
(1.69359 -0.0342481 0)
(1.68981 -0.0108124 0)
(1.688 0.0128123 0)
(1.68808 0.0360402 0)
(1.68996 0.0583331 0)
(1.6935 0.0791797 0)
(1.69852 0.0981172 0)
(1.70483 0.11476 0)
(1.7122 0.128811 0)
(1.72042 0.14006 0)
(1.72931 0.148356 0)
(1.73879 0.153538 0)
(1.74884 0.155381 0)
(1.75924 0.153718 0)
(1.76987 0.148527 0)
(1.78056 0.139843 0)
(1.79111 0.127803 0)
(1.80138 0.112634 0)
(1.81121 0.0946412 0)
(1.82044 0.0742194 0)
(1.82888 0.0518849 0)
(1.83627 0.028341 0)
(1.84226 0.00454469 0)
(1.84662 -0.0187383 0)
(1.84922 -0.0408787 0)
(1.84997 -0.0613369 0)
(1.84882 -0.0796559 0)
(1.84584 -0.095482 0)
(1.84113 -0.108596 0)
(1.83484 -0.118875 0)
(1.82702 -0.126233 0)
(1.81781 -0.130625 0)
(1.80756 -0.132164 0)
(1.79661 -0.131099 0)
(1.78532 -0.127623 0)
(1.77406 -0.121904 0)
(1.76316 -0.114093 0)
(1.75292 -0.104321 0)
(1.74356 -0.0927165 0)
(1.73527 -0.0794216 0)
(1.72818 -0.064612 0)
(1.72239 -0.0485075 0)
(1.71798 -0.0313859 0)
(1.715 -0.01361 0)
(1.71347 0.00432189 0)
(1.71336 0.0219704 0)
(1.71458 0.0389405 0)
(1.71704 0.0548583 0)
(1.72062 0.0693872 0)
(1.72517 0.0822426 0)
(1.73053 0.0932028 0)
(1.73656 0.102109 0)
(1.74311 0.108848 0)
(1.75011 0.113317 0)
(1.75755 0.115369 0)
(1.76529 0.114868 0)
(1.77321 0.111791 0)
(1.78121 0.106155 0)
(1.78913 0.0980421 0)
(1.79684 0.0876093 0)
(1.8042 0.075072 0)
(1.81109 0.0607073 0)
(1.81736 0.0448635 0)
(1.82282 0.0279792 0)
(1.82725 0.0106505 0)
(1.83044 -0.00654379 0)
(1.83232 -0.0231554 0)
(1.83283 -0.0387811 0)
(1.83196 -0.0530749 0)
(1.82975 -0.0657588 0)
(1.82628 -0.0766258 0)
(1.82165 -0.0855331 0)
(1.81596 -0.0923839 0)
(1.80928 -0.0971114 0)
(1.80176 -0.0996887 0)
(1.79367 -0.100203 0)
(1.78516 -0.0986698 0)
(1.77676 -0.0955213 0)
(1.76769 -0.0894228 0)
(1.7609 -0.0844176 0)
(1.74984 -0.0691077 0)
(1.63198 -0.00243164 0)
(1.62984 0.0262709 0)
(1.63039 0.0545422 0)
(1.6335 0.081692 0)
(1.63898 0.107058 0)
(1.64658 0.130044 0)
(1.65603 0.150144 0)
(1.66704 0.166957 0)
(1.67932 0.180164 0)
(1.69268 0.189484 0)
(1.70704 0.194622 0)
(1.72217 0.195306 0)
(1.7378 0.191433 0)
(1.75374 0.182968 0)
(1.76972 0.169985 0)
(1.7855 0.152679 0)
(1.80086 0.131359 0)
(1.81557 0.10645 0)
(1.82937 0.0785376 0)
(1.84189 0.0484684 0)
(1.85254 0.0175496 0)
(1.86088 -0.0130036 0)
(1.86663 -0.0422293 0)
(1.86961 -0.0693423 0)
(1.86963 -0.0936801 0)
(1.8667 -0.114614 0)
(1.86098 -0.131782 0)
(1.85258 -0.145076 0)
(1.84148 -0.154375 0)
(1.82803 -0.159645 0)
(1.81278 -0.161303 0)
(1.79627 -0.159846 0)
(1.77912 -0.155698 0)
(1.76192 -0.149224 0)
(1.74518 -0.140678 0)
(1.72934 -0.13019 0)
(1.71473 -0.117792 0)
(1.70159 -0.103492 0)
(1.6901 -0.0873379 0)
(1.6804 -0.0694546 0)
(1.67259 -0.0500502 0)
(1.66676 -0.0294258 0)
(1.66298 -0.00800214 0)
(1.66125 0.0136374 0)
(1.66151 0.0349598 0)
(1.66367 0.055467 0)
(1.66759 0.0746847 0)
(1.6731 0.092183 0)
(1.68 0.107594 0)
(1.6881 0.120621 0)
(1.69718 0.131026 0)
(1.7071 0.138607 0)
(1.71779 0.143157 0)
(1.72912 0.144481 0)
(1.74087 0.142483 0)
(1.7529 0.137137 0)
(1.76501 0.128479 0)
(1.77702 0.116644 0)
(1.78872 0.101852 0)
(1.79994 0.0844126 0)
(1.81045 0.0647491 0)
(1.81997 0.0434367 0)
(1.82807 0.0213094 0)
(1.8344 -0.00078823 0)
(1.83876 -0.0222052 0)
(1.84101 -0.0423704 0)
(1.8411 -0.0608068 0)
(1.83904 -0.0771293 0)
(1.83491 -0.0910488 0)
(1.82882 -0.102372 0)
(1.82086 -0.11098 0)
(1.8112 -0.116815 0)
(1.80023 -0.119967 0)
(1.78831 -0.120686 0)
(1.77584 -0.119185 0)
(1.76323 -0.115644 0)
(1.75083 -0.110215 0)
(1.73899 -0.103008 0)
(1.72798 -0.0940966 0)
(1.71801 -0.0835522 0)
(1.70926 -0.0714681 0)
(1.70184 -0.0579829 0)
(1.69584 -0.0432885 0)
(1.69134 -0.0276375 0)
(1.68837 -0.0113628 0)
(1.68694 0.00508974 0)
(1.687 0.0213191 0)
(1.68848 0.0369574 0)
(1.69127 0.0516558 0)
(1.69526 0.065099 0)
(1.70031 0.0770167 0)
(1.70626 0.0871893 0)
(1.71297 0.095443 0)
(1.72033 0.101634 0)
(1.72826 0.10562 0)
(1.73672 0.107263 0)
(1.7455 0.106483 0)
(1.75452 0.103265 0)
(1.76362 0.0976271 0)
(1.77265 0.0896572 0)
(1.78146 0.0795114 0)
(1.78989 0.0674109 0)
(1.79775 0.0536477 0)
(1.80485 0.0385916 0)
(1.8109 0.0227362 0)
(1.81563 0.00668248 0)
(1.8189 -0.00912089 0)
(1.82062 -0.0242677 0)
(1.82074 -0.0384051 0)
(1.81929 -0.0512364 0)
(1.81632 -0.0625237 0)
(1.81192 -0.0720859 0)
(1.80618 -0.0797913 0)
(1.79922 -0.0855529 0)
(1.79121 -0.0893436 0)
(1.78245 -0.0912166 0)
(1.77318 -0.0913023 0)
(1.7636 -0.0895843 0)
(1.75428 -0.0864687 0)
(1.74435 -0.0806873 0)
(1.73702 -0.0760264 0)
(1.72532 -0.0618457 0)
(1.60688 0.00107406 0)
(1.60492 0.0270014 0)
(1.60572 0.0525989 0)
(1.60915 0.0772324 0)
(1.61505 0.100293 0)
(1.62318 0.121223 0)
(1.63329 0.139537 0)
(1.64513 0.154824 0)
(1.65847 0.166729 0)
(1.67313 0.174924 0)
(1.68894 0.179114 0)
(1.70558 0.179096 0)
(1.72282 0.174778 0)
(1.74043 0.166123 0)
(1.75811 0.153204 0)
(1.7756 0.136214 0)
(1.79265 0.115456 0)
(1.80895 0.0913848 0)
(1.82414 0.0646786 0)
(1.83761 0.0363869 0)
(1.8487 0.00780744 0)
(1.857 -0.0200699 0)
(1.86224 -0.0463739 0)
(1.86423 -0.070395 0)
(1.86292 -0.0915625 0)
(1.85836 -0.109427 0)
(1.85065 -0.123699 0)
(1.83981 -0.134205 0)
(1.82622 -0.140869 0)
(1.8104 -0.14408 0)
(1.79299 -0.144337 0)
(1.77467 -0.14209 0)
(1.75607 -0.137752 0)
(1.73777 -0.131641 0)
(1.72026 -0.123928 0)
(1.70386 -0.114621 0)
(1.68883 -0.103657 0)
(1.67539 -0.0909779 0)
(1.66371 -0.076602 0)
(1.6539 -0.0606126 0)
(1.64605 -0.0431888 0)
(1.64026 -0.0246141 0)
(1.63657 -0.00527861 0)
(1.635 0.0142993 0)
(1.63548 0.0336352 0)
(1.63793 0.0522692 0)
(1.64222 0.0697625 0)
(1.64819 0.0857139 0)
(1.65566 0.099771 0)
(1.66445 0.111632 0)
(1.67439 0.121035 0)
(1.68534 0.127744 0)
(1.69721 0.131547 0)
(1.70974 0.132295 0)
(1.72278 0.129917 0)
(1.73614 0.124376 0)
(1.7496 0.11572 0)
(1.76297 0.104085 0)
(1.77601 0.0897029 0)
(1.78849 0.0729124 0)
(1.80007 0.0541924 0)
(1.8103 0.0342459 0)
(1.81871 0.0139204 0)
(1.825 -0.0061404 0)
(1.829 -0.0253533 0)
(1.83058 -0.043229 0)
(1.82974 -0.0593662 0)
(1.82652 -0.0734445 0)
(1.82101 -0.0852259 0)
(1.8133 -0.0945508 0)
(1.80359 -0.101327 0)
(1.79227 -0.105632 0)
(1.77975 -0.107713 0)
(1.76646 -0.10778 0)
(1.75284 -0.106021 0)
(1.73927 -0.102607 0)
(1.72613 -0.0976601 0)
(1.71372 -0.091234 0)
(1.70226 -0.0833355 0)
(1.69197 -0.0739853 0)
(1.68297 -0.0632349 0)
(1.67539 -0.0511807 0)
(1.66931 -0.037987 0)
(1.66478 -0.0238876 0)
(1.66185 -0.00918949 0)
(1.66053 0.00571069 0)
(1.66076 0.0204472 0)
(1.66248 0.0346787 0)
(1.66559 0.0480809 0)
(1.66996 0.0603582 0)
(1.67548 0.0712508 0)
(1.68201 0.0805366 0)
(1.68941 0.0880243 0)
(1.69759 0.0935454 0)
(1.70647 0.0969527 0)
(1.71589 0.0981367 0)
(1.7257 0.0970492 0)
(1.73577 0.0936665 0)
(1.74594 0.0880162 0)
(1.75604 0.0801957 0)
(1.76589 0.0703714 0)
(1.77528 0.058782 0)
(1.78398 0.0457451 0)
(1.79167 0.0316983 0)
(1.798 0.01719 0)
(1.80278 0.0026474 0)
(1.80586 -0.0115327 0)
(1.80719 -0.0250007 0)
(1.80673 -0.0374562 0)
(1.80454 -0.0486472 0)
(1.80067 -0.0583704 0)
(1.79522 -0.0664736 0)
(1.78829 -0.0728522 0)
(1.78012 -0.0774569 0)
(1.771 -0.0803541 0)
(1.76119 -0.0816319 0)
(1.751 -0.0813934 0)
(1.74059 -0.0795927 0)
(1.73066 -0.0766623 0)
(1.72019 -0.0713694 0)
(1.71252 -0.0671758 0)
(1.7005 -0.0543346 0)
(1.58308 0.00433386 0)
(1.58147 0.027445 0)
(1.58264 0.0503195 0)
(1.58649 0.0723741 0)
(1.59286 0.0930448 0)
(1.60155 0.111807 0)
(1.61236 0.128185 0)
(1.62504 0.141759 0)
(1.63942 0.152154 0)
(1.65529 0.159045 0)
(1.67237 0.162175 0)
(1.69039 0.161388 0)
(1.7091 0.156564 0)
(1.7282 0.147672 0)
(1.74742 0.134796 0)
(1.76646 0.118129 0)
(1.785 0.098003 0)
(1.80264 0.0749502 0)
(1.81874 0.0498457 0)
(1.8325 0.0239207 0)
(1.84339 -0.00184032 0)
(1.85102 -0.0265512 0)
(1.85514 -0.0494788 0)
(1.85565 -0.0700328 0)
(1.85259 -0.087744 0)
(1.84597 -0.102265 0)
(1.83581 -0.113312 0)
(1.8225 -0.120744 0)
(1.80658 -0.124945 0)
(1.78872 -0.126404 0)
(1.76966 -0.125586 0)
(1.75011 -0.122935 0)
(1.73072 -0.118814 0)
(1.712 -0.113418 0)
(1.69427 -0.106763 0)
(1.67779 -0.0987727 0)
(1.66276 -0.0893429 0)
(1.64936 -0.078378 0)
(1.63775 -0.0658358 0)
(1.62805 -0.0517886 0)
(1.62036 -0.036404 0)
(1.61475 -0.0199342 0)
(1.61128 -0.00273559 0)
(1.60995 0.0147345 0)
(1.61072 0.0320343 0)
(1.6135 0.0487382 0)
(1.61818 0.0644368 0)
(1.62462 0.0787495 0)
(1.63267 0.091332 0)
(1.64216 0.101878 0)
(1.65295 0.110116 0)
(1.66491 0.11581 0)
(1.67782 0.118771 0)
(1.69148 0.118885 0)
(1.70572 0.116073 0)
(1.72032 0.110305 0)
(1.73505 0.10164 0)
(1.74968 0.0902271 0)
(1.76391 0.0763296 0)
(1.77739 0.0603492 0)
(1.78962 0.0429122 0)
(1.80003 0.0247974 0)
(1.80826 0.00661126 0)
(1.81406 -0.0110777 0)
(1.81726 -0.0277861 0)
(1.81782 -0.0431105 0)
(1.81577 -0.0567222 0)
(1.81116 -0.0683676 0)
(1.80403 -0.0778485 0)
(1.79465 -0.0850117 0)
(1.78337 -0.0899671 0)
(1.77063 -0.0929472 0)
(1.75691 -0.0941532 0)
(1.74268 -0.0937774 0)
(1.72835 -0.092 0)
(1.71435 -0.0889518 0)
(1.70093 -0.0846736 0)
(1.68834 -0.0791507 0)
(1.67675 -0.0723528 0)
(1.66635 -0.0642588 0)
(1.65728 -0.0548812 0)
(1.64967 -0.0443037 0)
(1.6436 -0.0326699 0)
(1.63913 -0.0201809 0)
(1.63631 -0.00711308 0)
(1.63513 0.00618329 0)
(1.63555 0.019374 0)
(1.63751 0.0321406 0)
(1.64092 0.0441791 0)
(1.64567 0.0552084 0)
(1.65165 0.0649754 0)
(1.65875 0.0732556 0)
(1.66684 0.0798505 0)
(1.67583 0.0845904 0)
(1.68557 0.0873412 0)
(1.69589 0.0880239 0)
(1.70667 0.0865872 0)
(1.71774 0.0830137 0)
(1.72891 0.0773485 0)
(1.74 0.0697045 0)
(1.75077 0.0602673 0)
(1.76095 0.0493124 0)
(1.77017 0.0372487 0)
(1.77804 0.0245602 0)
(1.78431 0.0116285 0)
(1.78881 -0.00117809 0)
(1.79142 -0.0135286 0)
(1.79211 -0.0251348 0)
(1.7909 -0.0357464 0)
(1.78782 -0.0451552 0)
(1.78293 -0.053198 0)
(1.77637 -0.0597405 0)
(1.76839 -0.0647337 0)
(1.75923 -0.0682576 0)
(1.74924 -0.0703972 0)
(1.73867 -0.0711981 0)
(1.72794 -0.0707777 0)
(1.71704 -0.0690562 0)
(1.70687 -0.0664508 0)
(1.69616 -0.0617746 0)
(1.68836 -0.0581175 0)
(1.67627 -0.0467519 0)
(1.56121 0.00716262 0)
(1.56009 0.0274575 0)
(1.56176 0.0475889 0)
(1.56612 0.0670208 0)
(1.57304 0.0852292 0)
(1.58236 0.101718 0)
(1.5939 0.116028 0)
(1.60747 0.127746 0)
(1.62286 0.1365 0)
(1.6398 0.141983 0)
(1.65802 0.14399 0)
(1.67727 0.142352 0)
(1.69727 0.136957 0)
(1.71771 0.127788 0)
(1.7383 0.114936 0)
(1.75868 0.0986256 0)
(1.77841 0.0792705 0)
(1.79681 0.0576256 0)
(1.81296 0.03481 0)
(1.82624 0.0117454 0)
(1.83615 -0.010707 0)
(1.84237 -0.0318165 0)
(1.84476 -0.0509983 0)
(1.84331 -0.0677858 0)
(1.83801 -0.0818209 0)
(1.82882 -0.0927384 0)
(1.81616 -0.100316 0)
(1.80054 -0.104933 0)
(1.78271 -0.107064 0)
(1.76345 -0.107181 0)
(1.74348 -0.105751 0)
(1.72354 -0.103166 0)
(1.70413 -0.099637 0)
(1.68558 -0.0951811 0)
(1.66815 -0.0897118 0)
(1.65202 -0.0831042 0)
(1.63735 -0.0752279 0)
(1.62431 -0.0659764 0)
(1.61304 -0.0552949 0)
(1.60366 -0.043211 0)
(1.59629 -0.0298675 0)
(1.59101 -0.0155131 0)
(1.58786 -0.000464052 0)
(1.58686 0.0148765 0)
(1.58798 0.0301024 0)
(1.59115 0.0448192 0)
(1.59627 0.0586449 0)
(1.60323 0.0712212 0)
(1.6119 0.0822186 0)
(1.62214 0.091337 0)
(1.63379 0.0983039 0)
(1.64664 0.102894 0)
(1.66052 0.104959 0)
(1.67523 0.104377 0)
(1.69056 0.101071 0)
(1.70628 0.0950363 0)
(1.72213 0.0863565 0)
(1.73781 0.0752202 0)
(1.75291 0.0619686 0)
(1.76684 0.0471874 0)
(1.77901 0.0315472 0)
(1.789 0.0156065 0)
(1.79649 -0.000108115 0)
(1.80127 -0.0151402 0)
(1.80327 -0.0291127 0)
(1.80249 -0.0417079 0)
(1.79896 -0.0526662 0)
(1.79271 -0.0617494 0)
(1.78399 -0.0687777 0)
(1.77314 -0.0738851 0)
(1.76062 -0.0772847 0)
(1.74694 -0.0791801 0)
(1.73257 -0.0797706 0)
(1.71796 -0.0792344 0)
(1.70351 -0.0776911 0)
(1.6895 -0.0751701 0)
(1.67616 -0.0716391 0)
(1.66368 -0.0670487 0)
(1.65222 -0.0613533 0)
(1.64194 -0.0545236 0)
(1.63299 -0.0465565 0)
(1.62549 -0.0374908 0)
(1.61955 -0.0274336 0)
(1.61523 -0.0165767 0)
(1.61258 -0.00516889 0)
(1.61159 0.00648547 0)
(1.61223 0.0180809 0)
(1.61446 0.0293213 0)
(1.61819 0.0399223 0)
(1.62334 0.0496178 0)
(1.62982 0.0581644 0)
(1.63751 0.0653416 0)
(1.6463 0.0709514 0)
(1.65604 0.0748315 0)
(1.66657 0.0768801 0)
(1.67775 0.0770177 0)
(1.68941 0.0751948 0)
(1.70137 0.0714155 0)
(1.71341 0.0657465 0)
(1.72529 0.0583288 0)
(1.73669 0.049408 0)
(1.74717 0.0393842 0)
(1.75637 0.0286512 0)
(1.76398 0.017553 0)
(1.76979 0.0064153 0)
(1.77365 -0.0044675 0)
(1.77551 -0.0148364 0)
(1.77537 -0.0244609 0)
(1.77324 -0.0331405 0)
(1.76916 -0.0406995 0)
(1.76328 -0.0469685 0)
(1.75579 -0.0519412 0)
(1.74699 -0.0556938 0)
(1.73718 -0.0582935 0)
(1.72671 -0.0598172 0)
(1.71578 -0.0603007 0)
(1.70491 -0.0598478 0)
(1.69389 -0.0583323 0)
(1.68375 -0.0561192 0)
(1.67308 -0.0521226 0)
(1.66533 -0.0490331 0)
(1.65342 -0.0392377 0)
(1.542 0.00941162 0)
(1.54152 0.0269014 0)
(1.54381 0.0443003 0)
(1.54879 0.0610934 0)
(1.55637 0.076796 0)
(1.5664 0.090942 0)
(1.57872 0.103085 0)
(1.59311 0.112821 0)
(1.60937 0.119833 0)
(1.62726 0.123861 0)
(1.6465 0.124678 0)
(1.66685 0.122122 0)
(1.68799 0.116102 0)
(1.70962 0.106623 0)
(1.73135 0.0938124 0)
(1.75269 0.0779976 0)
(1.77287 0.0598581 0)
(1.79093 0.0403858 0)
(1.80616 0.0204096 0)
(1.81799 0.000726086 0)
(1.82602 -0.017975 0)
(1.83007 -0.0351466 0)
(1.83013 -0.0503458 0)
(1.82615 -0.0632278 0)
(1.81808 -0.0733584 0)
(1.80629 -0.0804903 0)
(1.79133 -0.0849866 0)
(1.77398 -0.0872884 0)
(1.75505 -0.0878719 0)
(1.73529 -0.0872123 0)
(1.71542 -0.0857104 0)
(1.69596 -0.0835865 0)
(1.67723 -0.0808611 0)
(1.65946 -0.0774454 0)
(1.64283 -0.0732033 0)
(1.62748 -0.0679819 0)
(1.61356 -0.0616374 0)
(1.60119 -0.0540593 0)
(1.59051 -0.0451907 0)
(1.58167 -0.0350493 0)
(1.57479 -0.0237448 0)
(1.56996 -0.0114911 0)
(1.56723 0.00140752 0)
(1.56664 0.0146091 0)
(1.56818 0.0277472 0)
(1.5718 0.0404475 0)
(1.57743 0.0523539 0)
(1.58497 0.0631242 0)
(1.59429 0.0724354 0)
(1.60524 0.0800116 0)
(1.61765 0.0856198 0)
(1.63134 0.0890618 0)
(1.64612 0.0901732 0)
(1.66177 0.08884 0)
(1.67807 0.0850125 0)
(1.69475 0.0787183 0)
(1.71144 0.0700915 0)
(1.72772 0.0594341 0)
(1.74289 0.0472979 0)
(1.7564 0.0342361 0)
(1.76777 0.020752 0)
(1.77663 0.00731666 0)
(1.78274 -0.00566251 0)
(1.78602 -0.0178511 0)
(1.78645 -0.0289681 0)
(1.78404 -0.0387746 0)
(1.7788 -0.0469998 0)
(1.77097 -0.0534424 0)
(1.76089 -0.0582554 0)
(1.74903 -0.061634 0)
(1.73589 -0.0637848 0)
(1.72193 -0.064913 0)
(1.70758 -0.0651894 0)
(1.69323 -0.0647232 0)
(1.67917 -0.0635441 0)
(1.66561 -0.0616118 0)
(1.65273 -0.0588581 0)
(1.64069 -0.0552124 0)
(1.62964 -0.0506142 0)
(1.61973 -0.0450251 0)
(1.6111 -0.038436 0)
(1.60387 -0.0308739 0)
(1.59818 -0.0224146 0)
(1.59409 -0.0132048 0)
(1.59166 -0.00346733 0)
(1.5909 0.00652676 0)
(1.5918 0.0164993 0)
(1.59433 0.0261767 0)
(1.59844 0.0352908 0)
(1.60404 0.0435825 0)
(1.61102 0.0508168 0)
(1.61929 0.0567908 0)
(1.6287 0.0613375 0)
(1.63911 0.0643191 0)
(1.65037 0.0656249 0)
(1.66229 0.0651817 0)
(1.6747 0.0629638 0)
(1.68735 0.0590033 0)
(1.69997 0.0534123 0)
(1.71219 0.0464215 0)
(1.72356 0.0383831 0)
(1.7337 0.029621 0)
(1.74233 0.0204439 0)
(1.74917 0.0111393 0)
(1.75408 0.00195446 0)
(1.75697 -0.0068974 0)
(1.75784 -0.0152239 0)
(1.7567 -0.0228439 0)
(1.75356 -0.0295702 0)
(1.74855 -0.0352262 0)
(1.74186 -0.0398254 0)
(1.73376 -0.0434347 0)
(1.72457 -0.0461253 0)
(1.71458 -0.0479727 0)
(1.7041 -0.0490439 0)
(1.6933 -0.0493556 0)
(1.68268 -0.0489699 0)
(1.67193 -0.0477351 0)
(1.66213 -0.045948 0)
(1.6518 -0.0426646 0)
(1.6443 -0.0401483 0)
(1.63286 -0.0319659 0)
(1.5263 0.0109063 0)
(1.52659 0.025643 0)
(1.52959 0.0403151 0)
(1.53526 0.0544607 0)
(1.54353 0.0676296 0)
(1.55426 0.0793852 0)
(1.5673 0.0893215 0)
(1.58246 0.0970768 0)
(1.59954 0.102338 0)
(1.61829 0.104844 0)
(1.63847 0.104395 0)
(1.65979 0.100857 0)
(1.68191 0.0941747 0)
(1.70442 0.0844065 0)
(1.72675 0.0718324 0)
(1.74802 0.0570995 0)
(1.76727 0.0410179 0)
(1.78375 0.0243278 0)
(1.79683 0.00774312 0)
(1.80609 -0.00811634 0)
(1.81134 -0.0227722 0)
(1.81256 -0.0358525 0)
(1.80967 -0.0470471 0)
(1.80262 -0.0558369 0)
(1.79179 -0.0620215 0)
(1.77775 -0.0659425 0)
(1.76129 -0.0680062 0)
(1.74324 -0.068671 0)
(1.72434 -0.0684009 0)
(1.70527 -0.0675839 0)
(1.68653 -0.0664362 0)
(1.66839 -0.0649877 0)
(1.65105 -0.0631542 0)
(1.63466 -0.0607959 0)
(1.61935 -0.0577466 0)
(1.60521 -0.0538406 0)
(1.59238 -0.0489369 0)
(1.58097 -0.0429345 0)
(1.57114 -0.0357832 0)
(1.56304 -0.0274942 0)
(1.55681 -0.0181544 0)
(1.55256 -0.0079438 0)
(1.55038 0.00286056 0)
(1.55029 0.0139365 0)
(1.55231 0.024959 0)
(1.55642 0.0355877 0)
(1.56256 0.0454927 0)
(1.57067 0.0543717 0)
(1.58061 0.0619481 0)
(1.59224 0.0679642 0)
(1.60537 0.0721855 0)
(1.61982 0.0744165 0)
(1.63539 0.074517 0)
(1.65182 0.072407 0)
(1.66882 0.0680793 0)
(1.68601 0.0616409 0)
(1.70286 0.0533791 0)
(1.71867 0.04377 0)
(1.7329 0.0332663 0)
(1.74505 0.0223109 0)
(1.75474 0.0113161 0)
(1.76172 0.000625083 0)
(1.76589 -0.00948943 0)
(1.76726 -0.018804 0)
(1.76583 -0.0271131 0)
(1.76159 -0.0341164 0)
(1.75477 -0.0396362 0)
(1.74572 -0.0438165 0)
(1.73489 -0.046835 0)
(1.72276 -0.0488924 0)
(1.70977 -0.0501894 0)
(1.69632 -0.0508881 0)
(1.68274 -0.0510923 0)
(1.6693 -0.0508345 0)
(1.65618 -0.0500743 0)
(1.64354 -0.0487329 0)
(1.63154 -0.0467231 0)
(1.62029 -0.0439639 0)
(1.60995 -0.0403921 0)
(1.60066 -0.0359702 0)
(1.59255 -0.030689 0)
(1.58578 -0.0245657 0)
(1.58048 -0.0176507 0)
(1.57674 -0.0100555 0)
(1.57462 -0.00196945 0)
(1.57416 0.00635495 0)
(1.57538 0.0146572 0)
(1.57824 0.0226957 0)
(1.58272 0.0302332 0)
(1.58873 0.0370422 0)
(1.59619 0.0429119 0)
(1.60495 0.0476546 0)
(1.6149 0.0511105 0)
(1.62587 0.0531513 0)
(1.63767 0.0536873 0)
(1.65009 0.0526735 0)
(1.66289 0.0501217 0)
(1.67576 0.0461285 0)
(1.68827 0.0409077 0)
(1.69999 0.0347351 0)
(1.71058 0.0278799 0)
(1.71972 0.0206117 0)
(1.72716 0.0131809 0)
(1.73273 0.00579587 0)
(1.73636 -0.00138125 0)
(1.73803 -0.00820965 0)
(1.73776 -0.0145462 0)
(1.73555 -0.02021 0)
(1.7315 -0.0250148 0)
(1.7258 -0.0289829 0)
(1.71871 -0.0321741 0)
(1.7105 -0.03466 0)
(1.70147 -0.0365182 0)
(1.69185 -0.0378133 0)
(1.6819 -0.0385825 0)
(1.67175 -0.0388256 0)
(1.66183 -0.0385578 0)
(1.65179 -0.0376263 0)
(1.64265 -0.0362548 0)
(1.63303 -0.0336655 0)
(1.62602 -0.0316847 0)
(1.61537 -0.0250933 0)
(1.51481 0.0115715 0)
(1.51601 0.0236367 0)
(1.51982 0.0356459 0)
(1.52622 0.0471622 0)
(1.53518 0.0577938 0)
(1.54659 0.0671478 0)
(1.56032 0.0748467 0)
(1.57619 0.0805534 0)
(1.59401 0.0839818 0)
(1.61354 0.084904 0)
(1.6345 0.0831575 0)
(1.65652 0.0786529 0)
(1.67912 0.071424 0)
(1.70163 0.0617467 0)
(1.72306 0.0502126 0)
(1.74253 0.0374583 0)
(1.75925 0.0241174 0)
(1.77261 0.0108071 0)
(1.78219 -0.00194945 0)
(1.78786 -0.0137542 0)
(1.78962 -0.0243441 0)
(1.78736 -0.0334637 0)
(1.78107 -0.0405128 0)
(1.77114 -0.0453963 0)
(1.7582 -0.0484379 0)
(1.74304 -0.0500012 0)
(1.72645 -0.0505024 0)
(1.70913 -0.0503645 0)
(1.69169 -0.0499357 0)
(1.67453 -0.0494119 0)
(1.65787 -0.0488287 0)
(1.64185 -0.0481153 0)
(1.62659 -0.0471418 0)
(1.61215 -0.0457449 0)
(1.59863 -0.0437528 0)
(1.58611 -0.0410099 0)
(1.57471 -0.037392 0)
(1.56456 -0.0328169 0)
(1.55583 -0.0272507 0)
(1.54866 -0.0207109 0)
(1.54324 -0.0132687 0)
(1.53971 -0.00506367 0)
(1.53816 0.00367106 0)
(1.53866 0.0126576 0)
(1.54123 0.0216116 0)
(1.54586 0.0301957 0)
(1.55252 0.0380949 0)
(1.56118 0.045049 0)
(1.5717 0.0508347 0)
(1.58392 0.0552337 0)
(1.59763 0.0580275 0)
(1.61263 0.0590371 0)
(1.62866 0.0581592 0)
(1.64538 0.0553777 0)
(1.66236 0.0507966 0)
(1.67899 0.0446896 0)
(1.69463 0.0374267 0)
(1.70874 0.0293787 0)
(1.72086 0.0209198 0)
(1.73061 0.012394 0)
(1.73778 0.00407817 0)
(1.74228 -0.00382419 0)
(1.74416 -0.011161 0)
(1.74339 -0.0177772 0)
(1.73999 -0.0233516 0)
(1.73418 -0.0277458 0)
(1.72631 -0.0310973 0)
(1.71682 -0.03356 0)
(1.70615 -0.0353118 0)
(1.69468 -0.0365313 0)
(1.68277 -0.0373628 0)
(1.67066 -0.0379007 0)
(1.65859 -0.0381798 0)
(1.64668 -0.0381711 0)
(1.63507 -0.0377999 0)
(1.62385 -0.0369778 0)
(1.61314 -0.0356169 0)
(1.60307 -0.0336401 0)
(1.59377 -0.0309901 0)
(1.58539 -0.0276354 0)
(1.57807 -0.0235705 0)
(1.57197 -0.0188102 0)
(1.56723 -0.0133847 0)
(1.56397 -0.00736279 0)
(1.56228 -0.000897674 0)
(1.5622 0.00577165 0)
(1.56378 0.0124131 0)
(1.567 0.0188191 0)
(1.57182 0.0247814 0)
(1.57818 0.0300974 0)
(1.58597 0.03458 0)
(1.59506 0.0380656 0)
(1.60529 0.0404206 0)
(1.61648 0.0415462 0)
(1.62838 0.0413864 0)
(1.64072 0.0399424 0)
(1.65317 0.037299 0)
(1.66528 0.0336381 0)
(1.67668 0.029167 0)
(1.68703 0.0240982 0)
(1.69604 0.0186518 0)
(1.70348 0.0130378 0)
(1.70918 0.0074284 0)
(1.7131 0.0019452 0)
(1.71522 -0.00332197 0)
(1.71558 -0.00827921 0)
(1.71417 -0.0127693 0)
(1.71107 -0.0166046 0)
(1.70646 -0.0198075 0)
(1.70057 -0.0224306 0)
(1.69366 -0.0245377 0)
(1.68596 -0.0262002 0)
(1.67768 -0.0274767 0)
(1.66903 -0.0284061 0)
(1.66017 -0.028997 0)
(1.6512 -0.0292351 0)
(1.64241 -0.0290928 0)
(1.63354 -0.0284428 0)
(1.62545 -0.0274368 0)
(1.61691 -0.0254722 0)
(1.61066 -0.0239564 0)
(1.60119 -0.0188592 0)
(1.50807 0.011071 0)
(1.51009 0.0206275 0)
(1.51482 0.030088 0)
(1.52205 0.0390781 0)
(1.53178 0.0472556 0)
(1.54392 0.0542585 0)
(1.55833 0.0597399 0)
(1.57484 0.0633987 0)
(1.59324 0.0649908 0)
(1.61322 0.0643417 0)
(1.63437 0.0613817 0)
(1.65611 0.0561975 0)
(1.67762 0.0490725 0)
(1.69794 0.0404742 0)
(1.71627 0.0309073 0)
(1.73187 0.0208927 0)
(1.74419 0.0109147 0)
(1.75292 0.00136878 0)
(1.75801 -0.00746723 0)
(1.75951 -0.0154502 0)
(1.75726 -0.0222932 0)
(1.75136 -0.027404 0)
(1.74227 -0.030858 0)
(1.73065 -0.0329361 0)
(1.71723 -0.0339417 0)
(1.70275 -0.0342242 0)
(1.68778 -0.0341333 0)
(1.67283 -0.0339462 0)
(1.65818 -0.0338177 0)
(1.64394 -0.0337822 0)
(1.63022 -0.0337907 0)
(1.61703 -0.0337395 0)
(1.60443 -0.0334865 0)
(1.59245 -0.0328718 0)
(1.58115 -0.031739 0)
(1.57062 -0.0299546 0)
(1.56098 -0.0274195 0)
(1.55238 -0.0240778 0)
(1.545 -0.0199106 0)
(1.539 -0.0149326 0)
(1.53456 -0.00920665 0)
(1.53187 -0.00284891 0)
(1.53107 0.00393381 0)
(1.5322 0.0108861 0)
(1.53538 0.0177665 0)
(1.54055 0.0242858 0)
(1.54769 0.0301704 0)
(1.5568 0.0352089 0)
(1.56776 0.0392279 0)
(1.58032 0.04204 0)
(1.59418 0.0434534 0)
(1.60907 0.0433513 0)
(1.62463 0.0417276 0)
(1.64041 0.0386896 0)
(1.65576 0.034472 0)
(1.67015 0.0293481 0)
(1.68309 0.0236031 0)
(1.69415 0.0175269 0)
(1.70303 0.0113848 0)
(1.70955 0.00538221 0)
(1.7137 -0.000343879 0)
(1.71555 -0.00570637 0)
(1.71508 -0.0105983 0)
(1.71231 -0.0146968 0)
(1.70747 -0.0179272 0)
(1.70092 -0.0204128 0)
(1.69303 -0.0222767 0)
(1.68419 -0.0236598 0)
(1.67473 -0.0247026 0)
(1.6649 -0.0255186 0)
(1.65491 -0.0261818 0)
(1.64489 -0.026722 0)
(1.63495 -0.0271217 0)
(1.62513 -0.0273225 0)
(1.61551 -0.0272479 0)
(1.60616 -0.0268178 0)
(1.59717 -0.0259574 0)
(1.58867 -0.0246045 0)
(1.58078 -0.0227153 0)
(1.57365 -0.0202684 0)
(1.56744 -0.0172646 0)
(1.56229 -0.0137201 0)
(1.55835 -0.00965632 0)
(1.55577 -0.00511039 0)
(1.55463 -0.00019887 0)
(1.55503 0.00485763 0)
(1.55697 0.00986599 0)
(1.56048 0.0146559 0)
(1.5655 0.0190544 0)
(1.57196 0.0228945 0)
(1.57975 0.026025 0)
(1.58871 0.0283184 0)
(1.59863 0.0296783 0)
(1.60928 0.0300472 0)
(1.62037 0.0294242 0)
(1.63155 0.0278827 0)
(1.64241 0.02556 0)
(1.65264 0.022599 0)
(1.66194 0.0191482 0)
(1.67005 0.0153707 0)
(1.67679 0.01143 0)
(1.68203 0.00746303 0)
(1.68573 0.00356165 0)
(1.6879 -0.000224505 0)
(1.68859 -0.00384547 0)
(1.68779 -0.00717957 0)
(1.68557 -0.0100535 0)
(1.68208 -0.012484 0)
(1.67754 -0.0145117 0)
(1.67215 -0.0161854 0)
(1.66608 -0.0175604 0)
(1.65952 -0.0186842 0)
(1.6526 -0.0195885 0)
(1.64544 -0.0202874 0)
(1.63812 -0.0207692 0)
(1.63076 -0.0210105 0)
(1.62347 -0.0209595 0)
(1.61617 -0.0205354 0)
(1.60941 -0.0198122 0)
(1.60232 -0.018373 0)
(1.59709 -0.0172484 0)
(1.58924 -0.0134915 0)
(1.5059 0.00995862 0)
(1.5093 0.016919 0)
(1.51507 0.023746 0)
(1.5232 0.0301809 0)
(1.53366 0.0358916 0)
(1.54631 0.0405439 0)
(1.56098 0.0438424 0)
(1.57746 0.0455496 0)
(1.59542 0.0454994 0)
(1.61443 0.0436561 0)
(1.63381 0.0402064 0)
(1.65263 0.0354272 0)
(1.67012 0.0295857 0)
(1.68558 0.0230665 0)
(1.69842 0.0162672 0)
(1.70824 0.00951648 0)
(1.71489 0.00305945 0)
(1.71844 -0.00296182 0)
(1.7189 -0.00847629 0)
(1.71617 -0.013037 0)
(1.71053 -0.0163139 0)
(1.70245 -0.0184856 0)
(1.69257 -0.0197618 0)
(1.68153 -0.020363 0)
(1.66988 -0.0205473 0)
(1.65809 -0.0205616 0)
(1.64645 -0.0205906 0)
(1.63511 -0.0207378 0)
(1.62412 -0.0210309 0)
(1.6135 -0.0214448 0)
(1.60323 -0.0219097 0)
(1.59331 -0.0223187 0)
(1.58373 -0.0225422 0)
(1.57454 -0.0224452 0)
(1.56578 -0.0219044 0)
(1.55758 -0.0208213 0)
(1.55005 -0.0191298 0)
(1.54336 -0.0167984 0)
(1.53768 -0.0138268 0)
(1.53315 -0.0102555 0)
(1.52996 -0.0061559 0)
(1.5283 -0.00160308 0)
(1.5284 0.00324911 0)
(1.53032 0.00827066 0)
(1.53404 0.0132833 0)
(1.53953 0.017914 0)
(1.54684 0.0218008 0)
(1.55592 0.024858 0)
(1.56655 0.0271951 0)
(1.57839 0.0287616 0)
(1.59108 0.0292738 0)
(1.6043 0.0285895 0)
(1.61758 0.0268452 0)
(1.63037 0.0242651 0)
(1.64224 0.0210425 0)
(1.65279 0.0173652 0)
(1.66172 0.0134341 0)
(1.6688 0.00943782 0)
(1.67393 0.00551334 0)
(1.67715 0.00173127 0)
(1.67854 -0.00187355 0)
(1.67809 -0.00519763 0)
(1.67587 -0.00796915 0)
(1.6721 -0.0101842 0)
(1.66707 -0.0119341 0)
(1.66111 -0.0133 0)
(1.65449 -0.0143759 0)
(1.64745 -0.0152564 0)
(1.64016 -0.0160171 0)
(1.63274 -0.0167075 0)
(1.62527 -0.0173481 0)
(1.6178 -0.0179268 0)
(1.61035 -0.0184031 0)
(1.60296 -0.0187201 0)
(1.59566 -0.0188172 0)
(1.58851 -0.0186369 0)
(1.58159 -0.0181286 0)
(1.57499 -0.0172521 0)
(1.56884 -0.0159803 0)
(1.56327 -0.0143012 0)
(1.55842 -0.0122181 0)
(1.55443 -0.00974671 0)
(1.55144 -0.00689549 0)
(1.54959 -0.00367661 0)
(1.549 -0.000174865 0)
(1.54976 0.00341422 0)
(1.55188 0.00694307 0)
(1.55537 0.0102737 0)
(1.56017 0.0132724 0)
(1.56617 0.0158176 0)
(1.57323 0.0178062 0)
(1.58116 0.0191586 0)
(1.58972 0.0198241 0)
(1.59865 0.019796 0)
(1.60764 0.0191234 0)
(1.61635 0.0178925 0)
(1.62455 0.0161909 0)
(1.63199 0.0141113 0)
(1.63849 0.0117606 0)
(1.64391 0.00924887 0)
(1.64817 0.00667383 0)
(1.65124 0.00410433 0)
(1.65315 0.00157426 0)
(1.65393 -0.0008946 0)
(1.6536 -0.00322484 0)
(1.65222 -0.00527809 0)
(1.6499 -0.00705363 0)
(1.64679 -0.00857532 0)
(1.64306 -0.00987084 0)
(1.63882 -0.0109744 0)
(1.6342 -0.011917 0)
(1.62928 -0.0127203 0)
(1.62412 -0.0133952 0)
(1.61879 -0.0139396 0)
(1.61332 -0.0143364 0)
(1.60778 -0.0145599 0)
(1.60223 -0.0145619 0)
(1.59668 -0.0142917 0)
(1.59145 -0.0137702 0)
(1.58601 -0.0127461 0)
(1.58194 -0.0119294 0)
(1.57589 -0.00927072 0)
(1.50702 0.00688854 0)
(1.51116 0.0114644 0)
(1.5174 0.0160457 0)
(1.52571 0.0203769 0)
(1.53597 0.0241175 0)
(1.54795 0.0269513 0)
(1.56135 0.0286091 0)
(1.57581 0.0289665 0)
(1.59082 0.0280774 0)
(1.60564 0.0261125 0)
(1.61939 0.0232381 0)
(1.63218 0.0198312 0)
(1.64304 0.0160783 0)
(1.65171 0.0121482 0)
(1.65798 0.00823185 0)
(1.66187 0.00443061 0)
(1.66347 0.000762926 0)
(1.66273 -0.00261908 0)
(1.65976 -0.0052593 0)
(1.65489 -0.00718504 0)
(1.64856 -0.00853821 0)
(1.64126 -0.00942103 0)
(1.63343 -0.00995001 0)
(1.62543 -0.0102688 0)
(1.61751 -0.0105125 0)
(1.6098 -0.0107837 0)
(1.60233 -0.0111429 0)
(1.5951 -0.0116178 0)
(1.58808 -0.0122106 0)
(1.58121 -0.0128922 0)
(1.57447 -0.0136 0)
(1.56783 -0.0142452 0)
(1.56131 -0.0147254 0)
(1.55494 -0.01494 0)
(1.54881 -0.0148035 0)
(1.54302 -0.0142521 0)
(1.53772 -0.0132452 0)
(1.53305 -0.011765 0)
(1.52919 -0.00980019 0)
(1.52635 -0.00731103 0)
(1.52464 -0.0044249 0)
(1.52405 -0.00126741 0)
(1.52463 0.0020298 0)
(1.52651 0.00533181 0)
(1.53009 0.00849523 0)
(1.53548 0.0113671 0)
(1.54214 0.0137966 0)
(1.54955 0.0156665 0)
(1.55752 0.0169096 0)
(1.56649 0.0174989 0)
(1.57623 0.0174389 0)
(1.58586 0.0167766 0)
(1.59504 0.0155917 0)
(1.60345 0.0139753 0)
(1.61083 0.0120265 0)
(1.61699 0.00985921 0)
(1.62183 0.00758653 0)
(1.62532 0.00529775 0)
(1.62749 0.00303505 0)
(1.62841 0.000808306 0)
(1.62811 -0.00129782 0)
(1.62666 -0.00309808 0)
(1.62423 -0.0046104 0)
(1.62103 -0.00587847 0)
(1.61726 -0.00693635 0)
(1.61309 -0.00783135 0)
(1.60866 -0.00861408 0)
(1.60406 -0.00932636 0)
(1.59934 -0.00999743 0)
(1.59454 -0.0106416 0)
(1.58966 -0.0112563 0)
(1.58472 -0.0118216 0)
(1.57972 -0.0123015 0)
(1.57469 -0.012651 0)
(1.56965 -0.0128215 0)
(1.56466 -0.0127698 0)
(1.55978 -0.0124635 0)
(1.55509 -0.0118811 0)
(1.55068 -0.0110111 0)
(1.54666 -0.00985354 0)
(1.54314 -0.0084201 0)
(1.54023 -0.00673207 0)
(1.53806 -0.00481409 0)
(1.53673 -0.00268057 0)
(1.53638 -0.000374771 0)
(1.5371 0.00196026 0)
(1.53889 0.00422831 0)
(1.54172 0.00634663 0)
(1.54552 0.0082326 0)
(1.55017 0.00981068 0)
(1.55549 0.0110191 0)
(1.56132 0.0118158 0)
(1.56743 0.012184 0)
(1.5736 0.0121386 0)
(1.5796 0.0117186 0)
(1.58527 0.0109656 0)
(1.59044 0.00992685 0)
(1.59501 0.00866029 0)
(1.59887 0.00722862 0)
(1.60197 0.00569179 0)
(1.60429 0.00410091 0)
(1.60586 0.00249188 0)
(1.60669 0.000884692 0)
(1.6068 -0.000692018 0)
(1.60621 -0.00215131 0)
(1.60501 -0.00345939 0)
(1.60328 -0.00462089 0)
(1.60111 -0.00564295 0)
(1.59859 -0.00653931 0)
(1.59577 -0.00732391 0)
(1.59271 -0.00800774 0)
(1.58943 -0.00859699 0)
(1.58597 -0.00909193 0)
(1.58235 -0.00948567 0)
(1.57859 -0.00976474 0)
(1.57474 -0.00990962 0)
(1.57082 -0.00989263 0)
(1.56687 -0.00967973 0)
(1.56311 -0.00927922 0)
(1.55921 -0.00854401 0)
(1.55626 -0.00794699 0)
(1.55191 -0.00611788 0)
(1.49725 0.00405881 0)
(1.49994 0.00673939 0)
(1.50419 0.0093155 0)
(1.51006 0.0116505 0)
(1.51747 0.0135925 0)
(1.52615 0.0150144 0)
(1.53567 0.0158294 0)
(1.54525 0.0160192 0)
(1.55442 0.0156566 0)
(1.56284 0.0148203 0)
(1.57018 0.0135201 0)
(1.57621 0.0118678 0)
(1.58084 0.0100525 0)
(1.58403 0.00812289 0)
(1.58585 0.00613104 0)
(1.58633 0.00408502 0)
(1.58549 0.00220732 0)
(1.58348 0.000635881 0)
(1.58053 -0.000683034 0)
(1.57691 -0.00178082 0)
(1.57288 -0.00266182 0)
(1.56866 -0.00335675 0)
(1.56441 -0.00391898 0)
(1.56023 -0.00440764 0)
(1.55615 -0.00487122 0)
(1.5522 -0.00535034 0)
(1.54833 -0.00587978 0)
(1.54452 -0.00647819 0)
(1.54071 -0.00714075 0)
(1.53688 -0.00784092 0)
(1.53296 -0.00853399 0)
(1.52895 -0.00916102 0)
(1.52486 -0.00965505 0)
(1.52075 -0.00994855 0)
(1.51669 -0.00998598 0)
(1.51277 -0.00972881 0)
(1.50912 -0.00915534 0)
(1.50586 -0.00826314 0)
(1.5031 -0.00706685 0)
(1.501 -0.00556699 0)
(1.49969 -0.0037333 0)
(1.49933 -0.00161926 0)
(1.50001 0.000545813 0)
(1.50172 0.00256266 0)
(1.50435 0.00435047 0)
(1.50782 0.00602563 0)
(1.51208 0.00766319 0)
(1.51699 0.00907482 0)
(1.52233 0.00994909 0)
(1.52778 0.0102211 0)
(1.53315 0.0101314 0)
(1.5383 0.00983737 0)
(1.54308 0.00931049 0)
(1.54736 0.00853273 0)
(1.551 0.00753977 0)
(1.55396 0.00638523 0)
(1.5562 0.00512302 0)
(1.55774 0.00379969 0)
(1.5586 0.00244801 0)
(1.55879 0.00110312 0)
(1.55835 -0.000156425 0)
(1.55736 -0.00129357 0)
(1.55593 -0.0023071 0)
(1.55414 -0.00319854 0)
(1.55208 -0.00398376 0)
(1.54981 -0.00468468 0)
(1.54737 -0.00532251 0)
(1.54477 -0.00591551 0)
(1.54203 -0.00647639 0)
(1.53916 -0.00700995 0)
(1.53615 -0.00751154 0)
(1.53299 -0.0079661 0)
(1.52971 -0.00834937 0)
(1.52632 -0.0086307 0)
(1.52287 -0.00877629 0)
(1.5194 -0.00875594 0)
(1.51599 -0.00855063 0)
(1.5127 -0.00815119 0)
(1.50961 -0.0075554 0)
(1.50681 -0.00676769 0)
(1.50437 -0.0058007 0)
(1.50236 -0.00467119 0)
(1.50086 -0.00340502 0)
(1.49993 -0.00202575 0)
(1.49963 -0.000560791 0)
(1.50002 0.000905584 0)
(1.50106 0.00231967 0)
(1.50273 0.00364627 0)
(1.50497 0.00484223 0)
(1.50769 0.00586387 0)
(1.5108 0.00667331 0)
(1.51416 0.00724423 0)
(1.51765 0.00756475 0)
(1.52113 0.00763353 0)
(1.52451 0.00745848 0)
(1.52769 0.00705769 0)
(1.53058 0.00645912 0)
(1.53312 0.00569645 0)
(1.53528 0.00480607 0)
(1.53701 0.00382463 0)
(1.53831 0.00278561 0)
(1.53918 0.00171655 0)
(1.53963 0.000638756 0)
(1.53966 -0.000422975 0)
(1.53929 -0.00142129 0)
(1.53856 -0.00233167 0)
(1.53752 -0.0031505 0)
(1.5362 -0.00387959 0)
(1.53464 -0.00452296 0)
(1.53286 -0.00508488 0)
(1.5309 -0.00556904 0)
(1.52877 -0.00597714 0)
(1.52648 -0.00630813 0)
(1.52406 -0.00655718 0)
(1.52152 -0.00671631 0)
(1.5189 -0.00677306 0)
(1.51622 -0.00671537 0)
(1.5135 -0.00651908 0)
(1.51091 -0.00619992 0)
(1.50822 -0.00565384 0)
(1.50617 -0.00520817 0)
(1.50314 -0.00393476 0)
(1.44235 0.00254508 0)
(1.44396 0.00419958 0)
(1.44627 0.00568929 0)
(1.44921 0.00699803 0)
(1.45264 0.00809571 0)
(1.45641 0.00899244 0)
(1.46035 0.00974962 0)
(1.46428 0.0103168 0)
(1.46803 0.0105645 0)
(1.47149 0.0104486 0)
(1.47451 0.0099764 0)
(1.47701 0.00921872 0)
(1.47895 0.00825937 0)
(1.48032 0.0071536 0)
(1.48112 0.00595758 0)
(1.48135 0.00472659 0)
(1.48102 0.00353035 0)
(1.48023 0.00240616 0)
(1.47909 0.00139052 0)
(1.47768 0.000505281 0)
(1.47606 -0.000253535 0)
(1.4743 -0.000904869 0)
(1.47245 -0.00147193 0)
(1.47056 -0.00198073 0)
(1.46862 -0.00246118 0)
(1.46666 -0.00294253 0)
(1.46464 -0.00344575 0)
(1.46255 -0.00397992 0)
(1.46036 -0.00453946 0)
(1.45805 -0.00510394 0)
(1.4556 -0.00564317 0)
(1.45301 -0.00612173 0)
(1.4503 -0.00650176 0)
(1.44752 -0.00674378 0)
(1.44472 -0.00680994 0)
(1.44197 -0.00667367 0)
(1.43937 -0.00632118 0)
(1.43698 -0.00574888 0)
(1.43489 -0.00496335 0)
(1.43319 -0.00398307 0)
(1.43196 -0.0028427 0)
(1.43127 -0.00156871 0)
(1.43119 -0.000207872 0)
(1.4317 0.00113145 0)
(1.43271 0.00240948 0)
(1.43417 0.00361816 0)
(1.43606 0.00472461 0)
(1.43835 0.00564683 0)
(1.44095 0.00630286 0)
(1.44365 0.0066791 0)
(1.44633 0.00682314 0)
(1.44892 0.00676291 0)
(1.45137 0.00649534 0)
(1.45362 0.00603186 0)
(1.45562 0.00540186 0)
(1.45731 0.00464204 0)
(1.45866 0.00379201 0)
(1.45966 0.0028904 0)
(1.46031 0.00196873 0)
(1.4606 0.00104914 0)
(1.46053 0.000159316 0)
(1.46015 -0.000655803 0)
(1.45949 -0.001382 0)
(1.45858 -0.00202529 0)
(1.45746 -0.00259568 0)
(1.45615 -0.00310496 0)
(1.45467 -0.00356563 0)
(1.45304 -0.00398889 0)
(1.45125 -0.00438255 0)
(1.44933 -0.00474957 0)
(1.44727 -0.00508707 0)
(1.44507 -0.00538607 0)
(1.44277 -0.00563243 0)
(1.44036 -0.00580909 0)
(1.4379 -0.0058985 0)
(1.43541 -0.00588417 0)
(1.43296 -0.00575248 0)
(1.4306 -0.00549433 0)
(1.42837 -0.00510598 0)
(1.42634 -0.00458893 0)
(1.42454 -0.00394885 0)
(1.42303 -0.00319728 0)
(1.42185 -0.00234921 0)
(1.42101 -0.00142377 0)
(1.42056 -0.000441781 0)
(1.42051 0.000563285 0)
(1.42085 0.00153857 0)
(1.42155 0.00245279 0)
(1.42259 0.00327832 0)
(1.42392 0.00398721 0)
(1.42549 0.00455497 0)
(1.42724 0.00496384 0)
(1.42911 0.00520409 0)
(1.43102 0.00527033 0)
(1.43291 0.00516377 0)
(1.43472 0.00489664 0)
(1.4364 0.00448814 0)
(1.4379 0.00396128 0)
(1.43919 0.00334145 0)
(1.44024 0.00265425 0)
(1.44103 0.00192312 0)
(1.44157 0.00116795 0)
(1.44184 0.000406149 0)
(1.44183 -0.0003422 0)
(1.44157 -0.00104316 0)
(1.44106 -0.00168056 0)
(1.44033 -0.00225296 0)
(1.43941 -0.00276065 0)
(1.43831 -0.00320506 0)
(1.43705 -0.00358834 0)
(1.43566 -0.00391239 0)
(1.43414 -0.00417794 0)
(1.43251 -0.00438389 0)
(1.4308 -0.00452679 0)
(1.42901 -0.00460097 0)
(1.42716 -0.00459803 0)
(1.4253 -0.00451187 0)
(1.4234 -0.0043264 0)
(1.42161 -0.00405968 0)
(1.41974 -0.00363153 0)
(1.41832 -0.00328122 0)
(1.4162 -0.00234635 0)
(1.31642 0.00188545 0)
(1.3169 0.0031262 0)
(1.31777 0.00431078 0)
(1.31897 0.00540552 0)
(1.32045 0.00637337 0)
(1.32216 0.00718362 0)
(1.32405 0.00781295 0)
(1.32609 0.00822539 0)
(1.3282 0.00838385 0)
(1.3303 0.00828306 0)
(1.33227 0.00794319 0)
(1.33405 0.00740531 0)
(1.33557 0.00672108 0)
(1.33679 0.00593669 0)
(1.33769 0.00509741 0)
(1.33825 0.0042403 0)
(1.33848 0.00339845 0)
(1.3384 0.00260425 0)
(1.33805 0.00189358 0)
(1.33746 0.00127294 0)
(1.33668 0.000731507 0)
(1.33576 0.0002546 0)
(1.33471 -0.000175503 0)
(1.33356 -0.000577402 0)
(1.33234 -0.000968774 0)
(1.33104 -0.00136443 0)
(1.32967 -0.00177463 0)
(1.32822 -0.002203 0)
(1.32668 -0.00264409 0)
(1.32503 -0.00308385 0)
(1.32327 -0.00350169 0)
(1.32141 -0.00387277 0)
(1.31947 -0.00417044 0)
(1.31746 -0.00436845 0)
(1.31543 -0.00444208 0)
(1.31343 -0.00437194 0)
(1.31151 -0.00414743 0)
(1.30972 -0.00376561 0)
(1.30811 -0.00323016 0)
(1.30674 -0.00255051 0)
(1.30566 -0.00174764 0)
(1.3049 -0.000858169 0)
(1.3045 7.51065e-05 0)
(1.30446 0.00100878 0)
(1.30476 0.00189591 0)
(1.30538 0.00272284 0)
(1.3063 0.00347684 0)
(1.3075 0.0041109 0)
(1.30892 0.00456794 0)
(1.31046 0.00482592 0)
(1.31205 0.00490591 0)
(1.31364 0.004838 0)
(1.31517 0.00463722 0)
(1.3166 0.00431225 0)
(1.31787 0.00387875 0)
(1.31896 0.00335946 0)
(1.31983 0.00277962 0)
(1.32046 0.00216304 0)
(1.32085 0.00153019 0)
(1.321 0.000899561 0)
(1.3209 0.00029822 0)
(1.32056 -0.000246038 0)
(1.32003 -0.000732836 0)
(1.31932 -0.00116622 0)
(1.31845 -0.00155191 0)
(1.31745 -0.00189771 0)
(1.31633 -0.002212 0)
(1.31511 -0.00250219 0)
(1.31379 -0.00277328 0)
(1.31237 -0.00302682 0)
(1.31088 -0.00326031 0)
(1.3093 -0.00346727 0)
(1.30767 -0.00363814 0)
(1.30598 -0.00376161 0)
(1.30427 -0.00382619 0)
(1.30255 -0.00382068 0)
(1.30086 -0.00373471 0)
(1.29922 -0.00356061 0)
(1.29767 -0.00329506 0)
(1.29624 -0.00293864 0)
(1.29496 -0.0024956 0)
(1.29385 -0.00197359 0)
(1.29295 -0.00138378 0)
(1.29227 -0.000742639 0)
(1.29184 -6.89634e-05 0)
(1.29165 0.000617029 0)
(1.29172 0.00129045 0)
(1.29202 0.0019202 0)
(1.29255 0.00248819 0)
(1.29327 0.00297581 0)
(1.29416 0.00336582 0)
(1.29517 0.0036452 0)
(1.29627 0.00380652 0)
(1.29741 0.00384692 0)
(1.29855 0.00376773 0)
(1.29965 0.00357621 0)
(1.30067 0.00328497 0)
(1.30157 0.00290998 0)
(1.30233 0.00246881 0)
(1.30294 0.00197902 0)
(1.30337 0.00145661 0)
(1.30363 0.000915676 0)
(1.3037 0.000370985 0)
(1.30359 -0.000156289 0)
(1.3033 -0.000647202 0)
(1.30284 -0.001096 0)
(1.30224 -0.00150001 0)
(1.30151 -0.0018581 0)
(1.30066 -0.00217035 0)
(1.29971 -0.00243748 0)
(1.29868 -0.00266011 0)
(1.29757 -0.00283815 0)
(1.29639 -0.00297031 0)
(1.29516 -0.00305397 0)
(1.29389 -0.00308463 0)
(1.2926 -0.00305737 0)
(1.2913 -0.00296772 0)
(1.29 -0.00280613 0)
(1.28878 -0.00258454 0)
(1.28751 -0.00224667 0)
(1.28654 -0.00196464 0)
(1.28512 -0.00124062 0)
(1.12787 0.00189293 0)
(1.12824 0.00274382 0)
(1.12888 0.00355191 0)
(1.12978 0.00429701 0)
(1.13089 0.00495848 0)
(1.13219 0.00552148 0)
(1.13363 0.00597481 0)
(1.13518 0.00629666 0)
(1.13679 0.0064603 0)
(1.13837 0.00645352 0)
(1.13988 0.00628308 0)
(1.14126 0.00597186 0)
(1.14246 0.00555087 0)
(1.14346 0.00505043 0)
(1.14424 0.00449972 0)
(1.14481 0.00392748 0)
(1.14516 0.00336145 0)
(1.14531 0.00281915 0)
(1.14529 0.00231115 0)
(1.1451 0.00184849 0)
(1.1448 0.00143305 0)
(1.14439 0.00105648 0)
(1.1439 0.000708085 0)
(1.14334 0.000375434 0)
(1.14271 4.63425e-05 0)
(1.14201 -0.000294379 0)
(1.14124 -0.000642628 0)
(1.14039 -0.000997039 0)
(1.13945 -0.00135373 0)
(1.13843 -0.00170304 0)
(1.13731 -0.00203076 0)
(1.13612 -0.00231986 0)
(1.13485 -0.00255237 0)
(1.13353 -0.00271096 0)
(1.13219 -0.00277962 0)
(1.13087 -0.00274517 0)
(1.12959 -0.00260085 0)
(1.12839 -0.00234543 0)
(1.12733 -0.00198363 0)
(1.12642 -0.00152418 0)
(1.1257 -0.000980305 0)
(1.12521 -0.000374507 0)
(1.12495 0.000267 0)
(1.12494 0.00091244 0)
(1.12516 0.00153161 0)
(1.12559 0.0021109 0)
(1.12623 0.00263197 0)
(1.12704 0.00306512 0)
(1.12799 0.00338368 0)
(1.12903 0.00357929 0)
(1.13009 0.00366045 0)
(1.13115 0.00363784 0)
(1.13216 0.00351747 0)
(1.13309 0.00330638 0)
(1.13392 0.00301702 0)
(1.13462 0.00266586 0)
(1.13517 0.00227078 0)
(1.13556 0.00184888 0)
(1.13579 0.00141571 0)
(1.13585 0.000984187 0)
(1.13575 0.000573097 0)
(1.1355 0.000195742 0)
(1.13513 -0.000147265 0)
(1.13464 -0.000457409 0)
(1.13406 -0.00073802 0)
(1.13339 -0.000993391 0)
(1.13265 -0.00122823 0)
(1.13184 -0.00144667 0)
(1.13097 -0.00165137 0)
(1.13005 -0.00184295 0)
(1.12907 -0.00201958 0)
(1.12804 -0.00217691 0)
(1.12697 -0.00230845 0)
(1.12586 -0.0024064 0)
(1.12474 -0.00246245 0)
(1.12361 -0.00246775 0)
(1.12249 -0.00241395 0)
(1.12141 -0.00229543 0)
(1.12038 -0.00210972 0)
(1.11942 -0.00185712 0)
(1.11857 -0.00154054 0)
(1.11784 -0.00116614 0)
(1.11724 -0.000741836 0)
(1.1168 -0.000279197 0)
(1.11652 0.00020783 0)
(1.11641 0.000702496 0)
(1.11648 0.00118461 0)
(1.11671 0.00163322 0)
(1.11709 0.00203616 0)
(1.11761 0.00238007 0)
(1.11824 0.00265303 0)
(1.11896 0.00284624 0)
(1.11973 0.00295456 0)
(1.12054 0.00297644 0)
(1.12133 0.00291354 0)
(1.1221 0.00277074 0)
(1.12281 0.00255649 0)
(1.12343 0.00228196 0)
(1.12396 0.00195965 0)
(1.12437 0.00160218 0)
(1.12466 0.00122159 0)
(1.12482 0.000828789 0)
(1.12485 0.0004345 0)
(1.12475 5.38373e-05 0)
(1.12452 -0.0003025 0)
(1.12418 -0.000629435 0)
(1.12374 -0.000924247 0)
(1.12321 -0.00118559 0)
(1.12259 -0.00141291 0)
(1.12191 -0.00160613 0)
(1.12117 -0.00176519 0)
(1.12037 -0.00188961 0)
(1.11954 -0.00197804 0)
(1.11868 -0.00202842 0)
(1.11779 -0.00203697 0)
(1.11689 -0.00200152 0)
(1.116 -0.00191644 0)
(1.11512 -0.00177898 0)
(1.11428 -0.00158842 0)
(1.11346 -0.00131814 0)
(1.1128 -0.00107843 0)
(1.1119 -0.000478425 0)
(0.895285 0.00156616 0)
(0.895799 0.00221574 0)
(0.89652 0.0028426 0)
(0.897436 0.00342589 0)
(0.898526 0.00394639 0)
(0.899769 0.00438818 0)
(0.901137 0.0047376 0)
(0.902599 0.00498034 0)
(0.904117 0.00510395 0)
(0.905644 0.00510371 0)
(0.907135 0.00498601 0)
(0.908549 0.00476674 0)
(0.909855 0.00446638 0)
(0.911029 0.00410652 0)
(0.912057 0.00370826 0)
(0.912931 0.00329212 0)
(0.913652 0.00287704 0)
(0.914227 0.00247847 0)
(0.914665 0.0021061 0)
(0.914982 0.001763 0)
(0.915193 0.00144751 0)
(0.915311 0.00115523 0)
(0.915345 0.000879959 0)
(0.915302 0.000616791 0)
(0.915185 0.000361215 0)
(0.914993 0.000105213 0)
(0.914724 -0.000156102 0)
(0.914375 -0.000422982 0)
(0.913946 -0.000690954 0)
(0.913433 -0.000952498 0)
(0.912842 -0.00119747 0)
(0.912177 -0.00141402 0)
(0.911452 -0.00158963 0)
(0.91068 -0.00171216 0)
(0.909884 -0.00177039 0)
(0.909089 -0.00175506 0)
(0.90832 -0.00166064 0)
(0.907609 -0.00148658 0)
(0.906982 -0.00123501 0)
(0.906468 -0.000913057 0)
(0.906087 -0.000531743 0)
(0.905859 -0.000103588 0)
(0.9058 0.000348985 0)
(0.905914 0.000801911 0)
(0.906191 0.00123999 0)
(0.906623 0.00165056 0)
(0.907197 0.00201866 0)
(0.907893 0.00232614 0)
(0.908684 0.00255709 0)
(0.909535 0.00270485 0)
(0.910412 0.00277175 0)
(0.911286 0.0027633 0)
(0.912132 0.00268511 0)
(0.912926 0.00254339 0)
(0.913647 0.00234693 0)
(0.914277 0.00210638 0)
(0.914804 0.00183353 0)
(0.915219 0.00154133 0)
(0.915519 0.00124057 0)
(0.915703 0.000941801 0)
(0.915775 0.000652508 0)
(0.915744 0.000380552 0)
(0.915621 0.000132211 0)
(0.915417 -9.36847e-05 0)
(0.915141 -0.000299916 0)
(0.914802 -0.000488964 0)
(0.914405 -0.000663705 0)
(0.913956 -0.000826618 0)
(0.913458 -0.000979234 0)
(0.912914 -0.00112164 0)
(0.912328 -0.0012523 0)
(0.911702 -0.00136792 0)
(0.911042 -0.00146378 0)
(0.910355 -0.00153425 0)
(0.909649 -0.00157361 0)
(0.908937 -0.00157599 0)
(0.908234 -0.00153637 0)
(0.907554 -0.00145088 0)
(0.906914 -0.001318 0)
(0.906332 -0.00113834 0)
(0.905825 -0.000914279 0)
(0.905408 -0.000649633 0)
(0.905096 -0.000350474 0)
(0.904898 -2.41243e-05 0)
(0.904825 0.000318619 0)
(0.904882 0.000663117 0)
(0.905067 0.000997121 0)
(0.905373 0.00131021 0)
(0.905789 0.00159191 0)
(0.906301 0.00183235 0)
(0.906893 0.00202315 0)
(0.907543 0.00215813 0)
(0.908232 0.00223356 0)
(0.908935 0.00224835 0)
(0.909629 0.00220355 0)
(0.910294 0.00210232 0)
(0.910909 0.00195044 0)
(0.911457 0.00175561 0)
(0.911924 0.00152651 0)
(0.912301 0.0012725 0)
(0.91258 0.00100246 0)
(0.912758 0.00072398 0)
(0.912831 0.000444333 0)
(0.912801 0.000172431 0)
(0.912676 -8.19692e-05 0)
(0.912462 -0.000315423 0)
(0.912168 -0.000526249 0)
(0.911804 -0.000713265 0)
(0.911379 -0.000875778 0)
(0.910901 -0.00101341 0)
(0.91038 -0.00112585 0)
(0.909822 -0.00121245 0)
(0.909238 -0.00127206 0)
(0.908636 -0.0013029 0)
(0.908022 -0.00130231 0)
(0.907416 -0.00126911 0)
(0.906812 -0.00119713 0)
(0.906246 -0.00108834 0)
(0.905695 -0.000931678 0)
(0.905219 -0.000729567 0)
(0.904782 -0.000520932 0)
(0.904346 -1.41216e-05 0)
(0.642837 0.00106592 0)
(0.643537 0.00150139 0)
(0.644425 0.00192162 0)
(0.645491 0.00231304 0)
(0.646717 0.00266351 0)
(0.648084 0.00296251 0)
(0.649566 0.00320066 0)
(0.651134 0.00336887 0)
(0.652754 0.00345991 0)
(0.654387 0.00347081 0)
(0.655997 0.00340484 0)
(0.657549 0.00327132 0)
(0.659016 0.00308298 0)
(0.660377 0.00285382 0)
(0.661617 0.00259779 0)
(0.662729 0.002328 0)
(0.663711 0.00205633 0)
(0.664567 0.00179205 0)
(0.665305 0.00154148 0)
(0.665933 0.00130808 0)
(0.666462 0.00109225 0)
(0.6669 0.000891714 0)
(0.667256 0.000702178 0)
(0.667535 0.000518665 0)
(0.667738 0.000337019 0)
(0.667866 0.000151724 0)
(0.667916 -3.96978e-05 0)
(0.667884 -0.000232227 0)
(0.667772 -0.000422496 0)
(0.667578 -0.000607567 0)
(0.667306 -0.000780452 0)
(0.666961 -0.000932518 0)
(0.666554 -0.0010552 0)
(0.666099 -0.00114092 0)
(0.665612 -0.00118241 0)
(0.665117 -0.00117415 0)
(0.664635 -0.00111167 0)
(0.664192 -0.000995147 0)
(0.663811 -0.000826696 0)
(0.663515 -0.000610782 0)
(0.663324 -0.000354827 0)
(0.663254 -6.61535e-05 0)
(0.663316 0.000236462 0)
(0.663515 0.00054319 0)
(0.663847 0.000842769 0)
(0.664307 0.00112404 0)
(0.664883 0.00137599 0)
(0.66556 0.00158727 0)
(0.666316 0.00174878 0)
(0.667126 0.0018564 0)
(0.667966 0.00191036 0)
(0.668809 0.00191299 0)
(0.669636 0.0018676 0)
(0.670426 0.00177833 0)
(0.671162 0.00165152 0)
(0.671829 0.00149406 0)
(0.672416 0.00131419 0)
(0.672916 0.00111989 0)
(0.673326 0.000918924 0)
(0.673643 0.000719124 0)
(0.673872 0.000525621 0)
(0.674019 0.000343465 0)
(0.674091 0.00017314 0)
(0.674094 1.57487e-05 0)
(0.674034 -0.000128962 0)
(0.673919 -0.000262587 0)
(0.673753 -0.000387052 0)
(0.67354 -0.000503703 0)
(0.673283 -0.000613124 0)
(0.672984 -0.000715055 0)
(0.672646 -0.000808237 0)
(0.672273 -0.000890468 0)
(0.671868 -0.000958766 0)
(0.671438 -0.00100942 0)
(0.670992 -0.00103839 0)
(0.670537 -0.00104156 0)
(0.670089 -0.00101593 0)
(0.669657 -0.000958702 0)
(0.669257 -0.000868701 0)
(0.668904 -0.000746903 0)
(0.668609 -0.000594481 0)
(0.668387 -0.000414102 0)
(0.668248 -0.000209861 0)
(0.668202 1.2935e-05 0)
(0.668255 0.000242564 0)
(0.668411 0.000475366 0)
(0.668668 0.000703385 0)
(0.669021 0.000917531 0)
(0.669461 0.00111031 0)
(0.669977 0.00127519 0)
(0.670555 0.00140672 0)
(0.671178 0.00150086 0)
(0.671828 0.00155521 0)
(0.672488 0.00156891 0)
(0.673139 0.00154257 0)
(0.673763 0.00147828 0)
(0.674344 0.00137986 0)
(0.67487 0.00125231 0)
(0.675327 0.0011014 0)
(0.675709 0.000933348 0)
(0.676009 0.000753927 0)
(0.676224 0.000568476 0)
(0.676354 0.000382671 0)
(0.676402 0.000201042 0)
(0.67637 2.87614e-05 0)
(0.676266 -0.000128594 0)
(0.676097 -0.00027164 0)
(0.675871 -0.000399743 0)
(0.675595 -0.000511838 0)
(0.675277 -0.000607299 0)
(0.674926 -0.000685548 0)
(0.674548 -0.000745935 0)
(0.674151 -0.000787565 0)
(0.673744 -0.000809106 0)
(0.673333 -0.000809067 0)
(0.672935 -0.000785616 0)
(0.672546 -0.000734399 0)
(0.6722 -0.00065722 0)
(0.671868 -0.000543599 0)
(0.671629 -0.000395987 0)
(0.67137 -0.000227651 0)
(0.67132 0.000178983 0)
(0.386982 0.000377166 0)
(0.387625 0.000638514 0)
(0.388443 0.000888682 0)
(0.389429 0.00112071 0)
(0.390567 0.00132799 0)
(0.391837 0.00150453 0)
(0.393216 0.00164486 0)
(0.394677 0.00174424 0)
(0.396187 0.00179927 0)
(0.397716 0.0018088 0)
(0.399228 0.00177474 0)
(0.400695 0.00170222 0)
(0.40209 0.00159821 0)
(0.403396 0.00147044 0)
(0.404598 0.00132689 0)
(0.405688 0.00117505 0)
(0.406663 0.00102152 0)
(0.407525 0.00087183 0)
(0.408278 0.000729508 0)
(0.408929 0.000596452 0)
(0.409486 0.000472873 0)
(0.409955 0.000357463 0)
(0.410341 0.000248073 0)
(0.410648 0.000142217 0)
(0.410878 3.61117e-05 0)
(0.411028 -7.05208e-05 0)
(0.411101 -0.000177539 0)
(0.411095 -0.00028621 0)
(0.411009 -0.000392003 0)
(0.410844 -0.000493073 0)
(0.410604 -0.000585812 0)
(0.410296 -0.000665961 0)
(0.40993 -0.000729238 0)
(0.409521 -0.000771071 0)
(0.409085 -0.000787702 0)
(0.408642 -0.000775587 0)
(0.408213 -0.000733098 0)
(0.407821 -0.00066004 0)
(0.407488 -0.000557359 0)
(0.407234 -0.000428124 0)
(0.407076 -0.000275409 0)
(0.407027 -0.000104274 0)
(0.407101 7.96365e-05 0)
(0.407302 0.000265402 0)
(0.407627 0.000444266 0)
(0.408068 0.000610551 0)
(0.408616 0.000758664 0)
(0.409256 0.000882869 0)
(0.409971 0.000978487 0)
(0.410738 0.00104318 0)
(0.411534 0.00107704 0)
(0.41234 0.00108111 0)
(0.413133 0.00105683 0)
(0.413897 0.00100693 0)
(0.414613 0.000934934 0)
(0.41527 0.000844778 0)
(0.415856 0.000741423 0)
(0.416364 0.00062889 0)
(0.416791 0.000511653 0)
(0.417135 0.000393803 0)
(0.417398 0.000279064 0)
(0.417585 0.000169863 0)
(0.417702 6.6555e-05 0)
(0.417752 -3.24522e-05 0)
(0.41774 -0.000124319 0)
(0.417673 -0.000207954 0)
(0.417555 -0.000285339 0)
(0.41739 -0.00035736 0)
(0.417181 -0.000424402 0)
(0.41693 -0.000486329 0)
(0.41664 -0.000542358 0)
(0.416317 -0.000591234 0)
(0.415964 -0.000631055 0)
(0.415589 -0.000659692 0)
(0.415198 -0.000675213 0)
(0.414802 -0.000675687 0)
(0.414412 -0.000658902 0)
(0.41404 -0.000623531 0)
(0.413699 -0.000569268 0)
(0.413401 -0.000496194 0)
(0.413161 -0.000405156 0)
(0.412988 -0.000297946 0)
(0.412892 -0.000176474 0)
(0.412881 -4.2675e-05 0)
(0.412963 0.00010118 0)
(0.413143 0.000245617 0)
(0.413414 0.000385089 0)
(0.413773 0.000515596 0)
(0.414211 0.0006333 0)
(0.41472 0.000734643 0)
(0.415286 0.000816601 0)
(0.415895 0.000876921 0)
(0.41653 0.000914231 0)
(0.417176 0.000927966 0)
(0.417815 0.000918251 0)
(0.418431 0.000886202 0)
(0.419011 0.000833935 0)
(0.419542 0.000764198 0)
(0.420012 0.000680142 0)
(0.420415 0.000585094 0)
(0.420745 0.000482551 0)
(0.420998 0.00037645 0)
(0.421174 0.000269302 0)
(0.421276 0.000163909 0)
(0.421307 6.10729e-05 0)
(0.42127 -3.76662e-05 0)
(0.421171 -0.000128208 0)
(0.421018 -0.00020927 0)
(0.420819 -0.000280686 0)
(0.42058 -0.000342352 0)
(0.420309 -0.000393984 0)
(0.420013 -0.000435116 0)
(0.4197 -0.000465148 0)
(0.419377 -0.000483245 0)
(0.419053 -0.000488602 0)
(0.41874 -0.000479419 0)
(0.418441 -0.000454391 0)
(0.418181 -0.000412153 0)
(0.417944 -0.000347342 0)
(0.417804 -0.000259552 0)
(0.417623 -0.000153941 0)
(0.417788 0.000140746 0)
(0.128036 1.09996e-05 0)
(0.128276 9.41386e-05 0)
(0.128686 0.000173356 0)
(0.129258 0.00024632 0)
(0.12998 0.000311074 0)
(0.130833 0.000366109 0)
(0.131796 0.000409792 0)
(0.132845 0.000440901 0)
(0.13395 0.000458508 0)
(0.135082 0.000462349 0)
(0.136211 0.000453099 0)
(0.137309 0.000432119 0)
(0.138354 0.000401667 0)
(0.139325 0.000364193 0)
(0.140209 0.00032182 0)
(0.140999 0.000277281 0)
(0.14169 0.000232194 0)
(0.142283 0.000188469 0)
(0.142781 0.000146783 0)
(0.143189 0.000108215 0)
(0.143514 7.23894e-05 0)
(0.143761 3.88841e-05 0)
(0.143935 7.25815e-06 0)
(0.144036 -2.41368e-05 0)
(0.14407 -5.78527e-05 0)
(0.144037 -9.15998e-05 0)
(0.143936 -0.000123142 0)
(0.143765 -0.000154515 0)
(0.143523 -0.000184634 0)
(0.143212 -0.00021346 0)
(0.142835 -0.00023968 0)
(0.142399 -0.000262056 0)
(0.141914 -0.000279317 0)
(0.141391 -0.000289926 0)
(0.140847 -0.000292727 0)
(0.140298 -0.000286876 0)
(0.139766 -0.000271805 0)
(0.139271 -0.000247261 0)
(0.138832 -0.000213328 0)
(0.138472 -0.000171381 0)
(0.138206 -0.00012272 0)
(0.13805 -6.76881e-05 0)
(0.138008 -4.45691e-06 0)
(0.138084 5.7863e-05 0)
(0.13828 0.000115666 0)
(0.138593 0.000168754 0)
(0.139014 0.000215476 0)
(0.13953 0.00025441 0)
(0.140122 0.000284396 0)
(0.140772 0.000304877 0)
(0.141459 0.000315721 0)
(0.142162 0.000317161 0)
(0.142861 0.000309686 0)
(0.143539 0.000294236 0)
(0.144179 0.000271809 0)
(0.144766 0.000243609 0)
(0.145291 0.000210987 0)
(0.145744 0.000175755 0)
(0.146122 0.000138736 0)
(0.146421 0.000101739 0)
(0.146642 6.54723e-05 0)
(0.146787 3.01121e-05 0)
(0.14686 -3.6206e-06 0)
(0.146867 -3.93133e-05 0)
(0.146815 -7.0272e-05 0)
(0.146704 -9.82747e-05 0)
(0.146539 -0.000123859 0)
(0.146323 -0.000147412 0)
(0.146058 -0.000169071 0)
(0.145749 -0.000188781 0)
(0.145399 -0.000206382 0)
(0.145011 -0.000221438 0)
(0.144592 -0.000233562 0)
(0.144147 -0.000242267 0)
(0.143685 -0.000246746 0)
(0.143216 -0.000246205 0)
(0.14275 -0.000240179 0)
(0.142299 -0.000228145 0)
(0.141877 -0.000209935 0)
(0.141496 -0.000185782 0)
(0.14117 -0.000156053 0)
(0.14091 -0.000120864 0)
(0.140728 -8.11401e-05 0)
(0.140633 -3.73762e-05 0)
(0.140628 1.51137e-05 0)
(0.140712 6.46986e-05 0)
(0.140891 0.000111302 0)
(0.141163 0.000154333 0)
(0.14152 0.000192885 0)
(0.141953 0.000226089 0)
(0.142452 0.000253098 0)
(0.143002 0.000273297 0)
(0.143589 0.000286291 0)
(0.144197 0.000291964 0)
(0.14481 0.000290282 0)
(0.145413 0.000281583 0)
(0.14599 0.000266468 0)
(0.14653 0.000245767 0)
(0.147021 0.000220329 0)
(0.147454 0.000191216 0)
(0.147823 0.000159478 0)
(0.148122 0.000126069 0)
(0.148349 9.2192e-05 0)
(0.148505 5.86157e-05 0)
(0.148589 2.53241e-05 0)
(0.148608 -9.72117e-06 0)
(0.148566 -4.19433e-05 0)
(0.148468 -7.01289e-05 0)
(0.148317 -9.4888e-05 0)
(0.148119 -0.000116351 0)
(0.14788 -0.000134615 0)
(0.147607 -0.000149627 0)
(0.147307 -0.000161298 0)
(0.146987 -0.000169383 0)
(0.146655 -0.000173572 0)
(0.14632 -0.000173112 0)
(0.145991 -0.000167692 0)
(0.145684 -0.000155508 0)
(0.145402 -0.000137836 0)
(0.145188 -0.000106789 0)
(0.144985 -7.43798e-05 0)
(0.145076 3.94189e-05 0)
(1.80177 -0.0183422 0)
(1.8028 0.0243826 0)
(1.8046 0.065892 0)
(1.80699 0.105113 0)
(1.80981 0.141044 0)
(1.81285 0.172798 0)
(1.81596 0.199676 0)
(1.81898 0.221209 0)
(1.8218 0.237194 0)
(1.82425 0.247745 0)
(1.82613 0.253379 0)
(1.82744 0.255095 0)
(1.82838 0.253112 0)
(1.82874 0.243631 0)
(1.82874 0.228874 0)
(1.82853 0.209448 0)
(1.82808 0.18575 0)
(1.82765 0.158225 0)
(1.82744 0.127347 0)
(1.82756 0.093644 0)
(1.8281 0.0577363 0)
(1.82909 0.0204589 0)
(1.83045 -0.0168783 0)
(1.83208 -0.0531452 0)
(1.83385 -0.0874213 0)
(1.8356 -0.118855 0)
(1.83718 -0.146705 0)
(1.83849 -0.170382 0)
(1.83945 -0.189521 0)
(1.84005 -0.20388 0)
(1.84032 -0.213477 0)
(1.84037 -0.218692 0)
(1.84011 -0.220328 0)
(1.83914 -0.218903 0)
(1.83726 -0.211265 0)
(1.83497 -0.198939 0)
(1.83252 -0.182538 0)
(1.83006 -0.162447 0)
(1.82777 -0.139098 0)
(1.8258 -0.112935 0)
(1.82428 -0.0844009 0)
(1.82329 -0.0540048 0)
(1.82289 -0.0224118 0)
(1.82308 0.00935167 0)
(1.8238 0.040343 0)
(1.82497 0.0698208 0)
(1.82648 0.0970739 0)
(1.82823 0.121457 0)
(1.83014 0.142426 0)
(1.83211 0.159581 0)
(1.83406 0.172712 0)
(1.8359 0.181843 0)
(1.83746 0.187271 0)
(1.83859 0.189536 0)
(1.83962 0.189134 0)
(1.84043 0.183892 0)
(1.84091 0.174223 0)
(1.84123 0.16081 0)
(1.84134 0.143997 0)
(1.84137 0.124153 0)
(1.84141 0.101664 0)
(1.84151 0.0769617 0)
(1.84176 0.0505388 0)
(1.84218 0.0230092 0)
(1.84279 -0.00472205 0)
(1.84354 -0.0317961 0)
(1.84435 -0.0575563 0)
(1.84516 -0.0813978 0)
(1.8459 -0.10279 0)
(1.84651 -0.12129 0)
(1.84697 -0.136556 0)
(1.84726 -0.148377 0)
(1.8474 -0.156715 0)
(1.84744 -0.161714 0)
(1.8474 -0.163787 0)
(1.84725 -0.163884 0)
(1.8466 -0.160164 0)
(1.84546 -0.152137 0)
(1.84428 -0.140885 0)
(1.84288 -0.126668 0)
(1.84142 -0.109828 0)
(1.84006 -0.0907286 0)
(1.83888 -0.0697363 0)
(1.83796 -0.0472638 0)
(1.83736 -0.0238131 0)
(1.83709 -9.8089e-05 0)
(1.83716 0.0231397 0)
(1.83754 0.0453567 0)
(1.83816 0.0660503 0)
(1.83899 0.0847627 0)
(1.84 0.10109 0)
(1.84113 0.114702 0)
(1.84232 0.125405 0)
(1.84354 0.133161 0)
(1.84468 0.138101 0)
(1.84563 0.140545 0)
(1.84641 0.140953 0)
(1.84724 0.138604 0)
(1.84793 0.132445 0)
(1.84851 0.123356 0)
(1.84899 0.111627 0)
(1.84923 0.0975099 0)
(1.8494 0.0812647 0)
(1.84953 0.0632188 0)
(1.84964 0.0437411 0)
(1.84978 0.0233044 0)
(1.84994 0.00256356 0)
(1.85011 -0.0178201 0)
(1.85029 -0.0373988 0)
(1.85044 -0.0557221 0)
(1.85057 -0.0723703 0)
(1.85064 -0.0869897 0)
(1.85063 -0.0993345 0)
(1.85055 -0.10924 0)
(1.85042 -0.116625 0)
(1.85024 -0.121544 0)
(1.85012 -0.124169 0)
(1.85005 -0.124928 0)
(1.84972 -0.124288 0)
(1.849 -0.119098 0)
(1.8485 -0.114206 0)
(1.84683 -0.0970105 0)
(1.78139 -0.0183332 0)
(1.7815 0.023355 0)
(1.7828 0.0639628 0)
(1.78514 0.102446 0)
(1.78835 0.137811 0)
(1.79223 0.169176 0)
(1.79658 0.195847 0)
(1.80118 0.217375 0)
(1.80579 0.233601 0)
(1.81013 0.244694 0)
(1.81381 0.251162 0)
(1.81704 0.253566 0)
(1.8204 0.25078 0)
(1.82357 0.241989 0)
(1.8262 0.227682 0)
(1.82844 0.208485 0)
(1.83053 0.184891 0)
(1.83256 0.157347 0)
(1.83457 0.126338 0)
(1.83668 0.0924119 0)
(1.83892 0.0562344 0)
(1.84128 0.0187162 0)
(1.84365 -0.0187498 0)
(1.84587 -0.0550176 0)
(1.84779 -0.089147 0)
(1.84927 -0.12029 0)
(1.85018 -0.147728 0)
(1.85043 -0.170913 0)
(1.85 -0.1895 0)
(1.84891 -0.20338 0)
(1.84734 -0.212648 0)
(1.84552 -0.217721 0)
(1.84316 -0.219083 0)
(1.83977 -0.215808 0)
(1.83538 -0.20772 0)
(1.83061 -0.19523 0)
(1.82583 -0.178832 0)
(1.82121 -0.158952 0)
(1.81696 -0.13599 0)
(1.81326 -0.110346 0)
(1.81024 -0.0824345 0)
(1.80801 -0.0527371 0)
(1.80664 -0.0218777 0)
(1.80616 0.00917417 0)
(1.80653 0.0395133 0)
(1.80766 0.0684267 0)
(1.80948 0.0952167 0)
(1.81186 0.119234 0)
(1.81467 0.139943 0)
(1.81779 0.156964 0)
(1.82104 0.17012 0)
(1.82424 0.179465 0)
(1.82714 0.18529 0)
(1.82963 0.188032 0)
(1.83232 0.187336 0)
(1.83498 0.182289 0)
(1.8374 0.172977 0)
(1.83948 0.159762 0)
(1.84136 0.143057 0)
(1.84312 0.123258 0)
(1.84477 0.100784 0)
(1.84634 0.0760754 0)
(1.84786 0.0496183 0)
(1.84934 0.0220431 0)
(1.85073 -0.00569679 0)
(1.85196 -0.0327324 0)
(1.85295 -0.0583811 0)
(1.85361 -0.0820305 0)
(1.85389 -0.10317 0)
(1.85376 -0.121386 0)
(1.85326 -0.136373 0)
(1.85242 -0.147944 0)
(1.85137 -0.156151 0)
(1.85022 -0.161188 0)
(1.84895 -0.16339 0)
(1.84713 -0.162698 0)
(1.84454 -0.158081 0)
(1.84147 -0.149914 0)
(1.83831 -0.138566 0)
(1.83521 -0.124354 0)
(1.83227 -0.107643 0)
(1.82961 -0.0887878 0)
(1.82733 -0.0681318 0)
(1.82552 -0.0460627 0)
(1.82423 -0.0230589 0)
(1.82351 0.0001941 0)
(1.82336 0.0229929 0)
(1.82375 0.044809 0)
(1.82463 0.0651464 0)
(1.82594 0.0835503 0)
(1.82763 0.0996254 0)
(1.82962 0.113069 0)
(1.83178 0.123688 0)
(1.834 0.131466 0)
(1.83612 0.136563 0)
(1.83798 0.139301 0)
(1.83994 0.139732 0)
(1.84199 0.137096 0)
(1.84404 0.131221 0)
(1.84587 0.122328 0)
(1.84747 0.110739 0)
(1.84895 0.0967169 0)
(1.8503 0.0805378 0)
(1.8515 0.0625546 0)
(1.85256 0.0431743 0)
(1.85336 0.0228429 0)
(1.85397 0.00217294 0)
(1.85449 -0.0181265 0)
(1.85479 -0.0375671 0)
(1.85485 -0.0557088 0)
(1.85467 -0.0721863 0)
(1.85427 -0.0866736 0)
(1.8538 -0.0989254 0)
(1.85312 -0.108759 0)
(1.85222 -0.116119 0)
(1.85127 -0.12106 0)
(1.85032 -0.123806 0)
(1.84922 -0.124552 0)
(1.84779 -0.123048 0)
(1.84528 -0.117535 0)
(1.84325 -0.112466 0)
(1.8393 -0.0950181 0)
(1.75901 -0.0172403 0)
(1.75834 0.0230002 0)
(1.75925 0.0622744 0)
(1.7616 0.0995825 0)
(1.76522 0.133963 0)
(1.76988 0.164565 0)
(1.77533 0.190725 0)
(1.78127 0.212021 0)
(1.7874 0.228301 0)
(1.79341 0.239684 0)
(1.799 0.246528 0)
(1.80456 0.249009 0)
(1.81024 0.246294 0)
(1.81575 0.237859 0)
(1.82097 0.223961 0)
(1.82583 0.205074 0)
(1.83037 0.181674 0)
(1.8347 0.154231 0)
(1.83889 0.123252 0)
(1.84295 0.089319 0)
(1.8469 0.0531446 0)
(1.85065 0.0157395 0)
(1.85401 -0.0214441 0)
(1.85679 -0.0572807 0)
(1.85882 -0.0908197 0)
(1.85996 -0.121237 0)
(1.8601 -0.147865 0)
(1.85923 -0.170207 0)
(1.85738 -0.187983 0)
(1.85464 -0.201159 0)
(1.85129 -0.209933 0)
(1.84738 -0.214604 0)
(1.84234 -0.214954 0)
(1.83634 -0.210762 0)
(1.82952 -0.20212 0)
(1.8224 -0.189402 0)
(1.81537 -0.173081 0)
(1.80869 -0.15354 0)
(1.80261 -0.131129 0)
(1.79731 -0.106203 0)
(1.79295 -0.0791439 0)
(1.78963 -0.0503977 0)
(1.78744 -0.0205543 0)
(1.78641 0.00947875 0)
(1.78653 0.0388527 0)
(1.78771 0.0668797 0)
(1.78985 0.0928903 0)
(1.79283 0.116266 0)
(1.79647 0.136495 0)
(1.80059 0.15322 0)
(1.80497 0.166282 0)
(1.80939 0.175721 0)
(1.81364 0.181755 0)
(1.81778 0.184598 0)
(1.82212 0.183801 0)
(1.82644 0.178846 0)
(1.83066 0.169765 0)
(1.83464 0.156821 0)
(1.83835 0.140361 0)
(1.84179 0.120774 0)
(1.84498 0.0984692 0)
(1.84797 0.0738884 0)
(1.85074 0.0475511 0)
(1.85324 0.0201334 0)
(1.85537 -0.00734138 0)
(1.85702 -0.034019 0)
(1.85812 -0.0591969 0)
(1.85857 -0.0822929 0)
(1.85834 -0.102896 0)
(1.85761 -0.120641 0)
(1.85623 -0.135216 0)
(1.85434 -0.146483 0)
(1.85205 -0.154428 0)
(1.8495 -0.159217 0)
(1.84639 -0.161013 0)
(1.84254 -0.159425 0)
(1.83806 -0.154381 0)
(1.83323 -0.146005 0)
(1.82838 -0.134631 0)
(1.8237 -0.12059 0)
(1.81935 -0.104193 0)
(1.81547 -0.0857567 0)
(1.81217 -0.0656154 0)
(1.80954 -0.0441394 0)
(1.80765 -0.0217867 0)
(1.80656 0.000780765 0)
(1.80626 0.022912 0)
(1.80672 0.0441002 0)
(1.80788 0.0638637 0)
(1.80968 0.0817631 0)
(1.81201 0.0974241 0)
(1.81475 0.110567 0)
(1.81778 0.121031 0)
(1.82092 0.128797 0)
(1.82401 0.133987 0)
(1.827 0.136802 0)
(1.83019 0.137101 0)
(1.83343 0.134422 0)
(1.83668 0.12865 0)
(1.83982 0.119938 0)
(1.84275 0.108538 0)
(1.84546 0.0947082 0)
(1.84791 0.0787478 0)
(1.85009 0.0610069 0)
(1.85199 0.0418718 0)
(1.85358 0.0217962 0)
(1.85483 0.00140381 0)
(1.85569 -0.0186084 0)
(1.85612 -0.037758 0)
(1.85619 -0.0556361 0)
(1.85598 -0.0718796 0)
(1.85527 -0.0861402 0)
(1.85416 -0.0981188 0)
(1.85267 -0.107659 0)
(1.85086 -0.114769 0)
(1.84883 -0.119544 0)
(1.84661 -0.122172 0)
(1.84381 -0.12239 0)
(1.84064 -0.120282 0)
(1.83669 -0.114384 0)
(1.83357 -0.109166 0)
(1.82782 -0.0917408 0)
(1.73505 -0.0152835 0)
(1.73376 0.0231514 0)
(1.73438 0.0607248 0)
(1.73679 0.0964922 0)
(1.7408 0.129544 0)
(1.74615 0.159077 0)
(1.75254 0.184466 0)
(1.75967 0.205309 0)
(1.7672 0.22144 0)
(1.77484 0.232914 0)
(1.78236 0.239919 0)
(1.7901 0.242356 0)
(1.79797 0.239542 0)
(1.80578 0.231253 0)
(1.81344 0.217654 0)
(1.82078 0.199095 0)
(1.82778 0.175998 0)
(1.83443 0.148827 0)
(1.84076 0.118102 0)
(1.84674 0.0844178 0)
(1.85235 0.0485428 0)
(1.8574 0.0116169 0)
(1.86164 -0.0248647 0)
(1.86486 -0.0598274 0)
(1.86687 -0.0923175 0)
(1.86753 -0.121569 0)
(1.86679 -0.146998 0)
(1.86473 -0.168177 0)
(1.86142 -0.184931 0)
(1.85705 -0.197252 0)
(1.85177 -0.205243 0)
(1.84522 -0.208916 0)
(1.8375 -0.20805 0)
(1.82884 -0.202939 0)
(1.81958 -0.193854 0)
(1.81019 -0.181133 0)
(1.80109 -0.165143 0)
(1.79257 -0.146202 0)
(1.78488 -0.124609 0)
(1.7782 -0.100671 0)
(1.7727 -0.0747304 0)
(1.76848 -0.047202 0)
(1.76564 -0.0186408 0)
(1.76422 0.0101012 0)
(1.76419 0.0382395 0)
(1.76548 0.0651175 0)
(1.76796 0.0901041 0)
(1.77149 0.11262 0)
(1.77587 0.132185 0)
(1.78089 0.148469 0)
(1.78632 0.161311 0)
(1.79193 0.170718 0)
(1.79754 0.176812 0)
(1.80327 0.179607 0)
(1.80922 0.178653 0)
(1.81519 0.173692 0)
(1.82113 0.164767 0)
(1.82689 0.152071 0)
(1.83236 0.135899 0)
(1.83751 0.116604 0)
(1.84232 0.0945916 0)
(1.84674 0.0703247 0)
(1.85074 0.0443595 0)
(1.85418 0.0174289 0)
(1.85691 -0.00944525 0)
(1.85886 -0.0354582 0)
(1.85995 -0.0599237 0)
(1.86019 -0.0823122 0)
(1.85983 -0.10224 0)
(1.85834 -0.119288 0)
(1.85605 -0.133157 0)
(1.85298 -0.143782 0)
(1.84925 -0.151203 0)
(1.84487 -0.155503 0)
(1.83963 -0.156542 0)
(1.83377 -0.154253 0)
(1.8274 -0.148776 0)
(1.82082 -0.140279 0)
(1.81436 -0.129038 0)
(1.80823 -0.115329 0)
(1.80262 -0.0994242 0)
(1.79767 -0.0816131 0)
(1.7935 -0.0622033 0)
(1.79021 -0.041543 0)
(1.78786 -0.0200677 0)
(1.78652 0.00159037 0)
(1.78617 0.0228376 0)
(1.78676 0.0431919 0)
(1.78824 0.0621944 0)
(1.7905 0.0794297 0)
(1.79344 0.0945493 0)
(1.79689 0.107297 0)
(1.80072 0.117524 0)
(1.80476 0.125199 0)
(1.80885 0.130392 0)
(1.81299 0.133174 0)
(1.81736 0.133317 0)
(1.8218 0.130543 0)
(1.82627 0.124825 0)
(1.83065 0.116273 0)
(1.83484 0.105089 0)
(1.83876 0.0915232 0)
(1.84239 0.0758672 0)
(1.84567 0.0584596 0)
(1.84855 0.0396905 0)
(1.85097 0.0200273 0)
(1.85285 0.000108977 0)
(1.85414 -0.0194306 0)
(1.85482 -0.038125 0)
(1.8549 -0.0555263 0)
(1.85434 -0.0712205 0)
(1.85305 -0.0848939 0)
(1.85113 -0.0963507 0)
(1.84865 -0.105472 0)
(1.84572 -0.112243 0)
(1.84244 -0.116719 0)
(1.83866 -0.118924 0)
(1.83432 -0.118575 0)
(1.82971 -0.116066 0)
(1.82431 -0.109964 0)
(1.82012 -0.104673 0)
(1.81269 -0.0874093 0)
(1.70993 -0.0126221 0)
(1.70817 0.0236972 0)
(1.70862 0.0592599 0)
(1.71113 0.0931839 0)
(1.7155 0.124622 0)
(1.72146 0.152825 0)
(1.7287 0.177205 0)
(1.73691 0.197369 0)
(1.74575 0.213122 0)
(1.75492 0.224435 0)
(1.76429 0.231329 0)
(1.77407 0.233533 0)
(1.78405 0.230558 0)
(1.79409 0.222329 0)
(1.80404 0.208959 0)
(1.81373 0.190726 0)
(1.82304 0.168006 0)
(1.83192 0.14124 0)
(1.84033 0.110942 0)
(1.84818 0.0777414 0)
(1.85535 0.0424827 0)
(1.86155 0.0064536 0)
(1.86647 -0.0288942 0)
(1.86993 -0.0625019 0)
(1.87172 -0.0934355 0)
(1.87176 -0.121112 0)
(1.87021 -0.145077 0)
(1.8669 -0.164876 0)
(1.86212 -0.180319 0)
(1.85593 -0.19141 0)
(1.84826 -0.198172 0)
(1.83902 -0.200486 0)
(1.82867 -0.198544 0)
(1.81748 -0.192762 0)
(1.80592 -0.183444 0)
(1.79446 -0.170902 0)
(1.78351 -0.155436 0)
(1.77336 -0.137301 0)
(1.76428 -0.116737 0)
(1.75645 -0.0940021 0)
(1.75001 -0.0694011 0)
(1.74509 -0.0433183 0)
(1.74176 -0.0162727 0)
(1.74007 0.0109419 0)
(1.73999 0.0376149 0)
(1.74142 0.0631275 0)
(1.74425 0.0868871 0)
(1.74829 0.108357 0)
(1.75336 0.127095 0)
(1.75922 0.142784 0)
(1.76563 0.155252 0)
(1.77237 0.164457 0)
(1.77931 0.170423 0)
(1.78656 0.17302 0)
(1.79406 0.171877 0)
(1.80165 0.166879 0)
(1.80925 0.158065 0)
(1.81668 0.145596 0)
(1.82384 0.129735 0)
(1.83062 0.110814 0)
(1.83697 0.0892303 0)
(1.8428 0.0654581 0)
(1.84802 0.0400891 0)
(1.85246 0.0139295 0)
(1.85593 -0.0120261 0)
(1.85834 -0.0370835 0)
(1.85941 -0.0606407 0)
(1.85955 -0.082111 0)
(1.85855 -0.10099 0)
(1.85611 -0.116939 0)
(1.85258 -0.12983 0)
(1.84807 -0.139605 0)
(1.84264 -0.146255 0)
(1.83622 -0.149737 0)
(1.82897 -0.149969 0)
(1.82113 -0.147139 0)
(1.81294 -0.141412 0)
(1.80473 -0.132966 0)
(1.7968 -0.122029 0)
(1.78939 -0.108832 0)
(1.78268 -0.0936113 0)
(1.77683 -0.076618 0)
(1.77194 -0.0581324 0)
(1.76813 -0.0384797 0)
(1.76544 -0.0180715 0)
(1.76394 0.00249458 0)
(1.76361 0.0226828 0)
(1.76438 0.0420395 0)
(1.76617 0.0601329 0)
(1.76889 0.0765741 0)
(1.77239 0.0910389 0)
(1.77652 0.103288 0)
(1.78111 0.113178 0)
(1.78601 0.120655 0)
(1.79108 0.12573 0)
(1.79636 0.128365 0)
(1.80189 0.128323 0)
(1.80752 0.125461 0)
(1.8132 0.119784 0)
(1.81879 0.111382 0)
(1.82418 0.10043 0)
(1.82928 0.0871593 0)
(1.83402 0.0718565 0)
(1.83833 0.0548634 0)
(1.84214 0.0365774 0)
(1.84537 0.0174786 0)
(1.84787 -0.00176203 0)
(1.84954 -0.020579 0)
(1.85032 -0.0385101 0)
(1.85016 -0.0551157 0)
(1.84908 -0.070013 0)
(1.84712 -0.082932 0)
(1.84435 -0.0937083 0)
(1.84089 -0.102244 0)
(1.83682 -0.108513 0)
(1.83217 -0.1125 0)
(1.82688 -0.114147 0)
(1.82107 -0.113316 0)
(1.81508 -0.110478 0)
(1.80832 -0.104227 0)
(1.80314 -0.0989156 0)
(1.79423 -0.0820698 0)
)
;

boundaryField
{
    inlet
    {
        type            fixedValue;
        value           nonuniform List<vector> 0();
    }
    outlet
    {
        type            zeroGradient;
    }
    topWall
    {
        type            noSlip;
    }
    lowerWall
    {
        type            noSlip;
    }
    leadingEdge
    {
        type            noSlip;
    }
    trailingEdge
    {
        type            noSlip;
    }
    upperSurface
    {
        type            noSlip;
    }
    lowerSurface
    {
        type            noSlip;
    }
    frontAndBack
    {
        type            empty;
    }
    procBoundary7to3
    {
        type            processor;
        value           nonuniform List<vector> 
122
(
(1.81988 -0.0172063 0)
(1.8219 0.0261448 0)
(1.82426 0.0681251 0)
(1.82676 0.107632 0)
(1.82921 0.143652 0)
(1.83141 0.175324 0)
(1.83323 0.201991 0)
(1.83455 0.223232 0)
(1.83535 0.238892 0)
(1.83569 0.24911 0)
(1.83574 0.25434 0)
(1.83523 0.255541 0)
(1.8336 0.252464 0)
(1.83096 0.242405 0)
(1.82794 0.227358 0)
(1.82479 0.207762 0)
(1.82172 0.184065 0)
(1.81895 0.156748 0)
(1.81664 0.126262 0)
(1.81493 0.093074 0)
(1.81394 0.0577519 0)
(1.8137 0.0210693 0)
(1.8142 -0.0157645 0)
(1.81534 -0.05163 0)
(1.817 -0.0856423 0)
(1.81904 -0.116961 0)
(1.82133 -0.144837 0)
(1.82372 -0.168637 0)
(1.82611 -0.187922 0)
(1.82841 -0.202462 0)
(1.83051 -0.212317 0)
(1.83222 -0.217903 0)
(1.8334 -0.219978 0)
(1.83437 -0.219025 0)
(1.83497 -0.211888 0)
(1.83522 -0.199889 0)
(1.83527 -0.183698 0)
(1.83516 -0.163684 0)
(1.83495 -0.14026 0)
(1.83484 -0.113864 0)
(1.83492 -0.0849789 0)
(1.83527 -0.0541569 0)
(1.83593 -0.0221083 0)
(1.83688 0.0100579 0)
(1.83803 0.0413775 0)
(1.8393 0.0710873 0)
(1.84056 0.0984705 0)
(1.84173 0.122889 0)
(1.84271 0.14382 0)
(1.84345 0.160889 0)
(1.84394 0.173896 0)
(1.84419 0.182845 0)
(1.84429 0.187986 0)
(1.84421 0.189895 0)
(1.84382 0.189439 0)
(1.84267 0.183765 0)
(1.84108 0.17378 0)
(1.83933 0.16014 0)
(1.83747 0.143195 0)
(1.83565 0.123328 0)
(1.83403 0.100935 0)
(1.8327 0.0764329 0)
(1.83175 0.0502879 0)
(1.83123 0.0230767 0)
(1.83117 -0.00435162 0)
(1.83153 -0.031171 0)
(1.83226 -0.0567485 0)
(1.83327 -0.0804788 0)
(1.83451 -0.101815 0)
(1.83591 -0.12031 0)
(1.8374 -0.135609 0)
(1.83893 -0.147493 0)
(1.84042 -0.155924 0)
(1.84175 -0.161094 0)
(1.84276 -0.163455 0)
(1.84367 -0.16358 0)
(1.84448 -0.160024 0)
(1.84509 -0.152264 0)
(1.84553 -0.141203 0)
(1.84582 -0.12716 0)
(1.84594 -0.110421 0)
(1.84605 -0.0913167 0)
(1.84614 -0.0702276 0)
(1.84628 -0.0475929 0)
(1.8465 -0.0239427 0)
(1.84683 -1.28386e-05 0)
(1.84725 0.0234216 0)
(1.84772 0.0457898 0)
(1.84818 0.0665935 0)
(1.84859 0.0853925 0)
(1.84894 0.101779 0)
(1.84921 0.115409 0)
(1.84938 0.126082 0)
(1.84947 0.133766 0)
(1.8495 0.138591 0)
(1.8495 0.140883 0)
(1.8495 0.141282 0)
(1.84924 0.138931 0)
(1.84854 0.132596 0)
(1.84786 0.123371 0)
(1.84695 0.111459 0)
(1.84585 0.0971635 0)
(1.84479 0.0808375 0)
(1.8438 0.0628016 0)
(1.84297 0.0434081 0)
(1.84236 0.0231021 0)
(1.84198 0.00248577 0)
(1.84185 -0.0177825 0)
(1.84195 -0.0372461 0)
(1.84225 -0.0554663 0)
(1.84272 -0.0720416 0)
(1.84334 -0.086634 0)
(1.84408 -0.0989829 0)
(1.8449 -0.108919 0)
(1.84577 -0.11634 0)
(1.84661 -0.121275 0)
(1.84726 -0.123975 0)
(1.84778 -0.124825 0)
(1.84829 -0.12418 0)
(1.84874 -0.119077 0)
(1.84914 -0.114323 0)
(1.84928 -0.0974883 0)
)
;
    }
    procBoundary7to6
    {
        type            processor;
        value           nonuniform List<vector> 
25
(
(1.68858 -0.0431681 0)
(1.66272 -0.0371285 0)
(1.6369 -0.030831 0)
(1.61167 -0.02452 0)
(1.58754 -0.0184132 0)
(1.56516 -0.0127424 0)
(1.54527 -0.00767988 0)
(1.52873 -0.0034544 0)
(1.51622 -0.000142668 0)
(1.50842 0.00186536 0)
(1.50543 0.00312112 0)
(1.50501 0.00239544 0)
(1.49595 0.00136002 0)
(1.44147 0.000751128 0)
(1.31637 0.000617331 0)
(1.12781 0.00101729 0)
(0.89499 0.000915843 0)
(0.642332 0.000630017 0)
(0.386523 0.00011289 0)
(0.127964 -7.75713e-05 0)
(1.80164 -0.0610016 0)
(1.78258 -0.0598618 0)
(1.76135 -0.0572736 0)
(1.73835 -0.0534886 0)
(1.71396 -0.0487009 0)
)
;
    }
}


// ************************************************************************* //
