/*--------------------------------*- C++ -*----------------------------------*\
| =========                 |                                                 |
| \\      /  F ield         | OpenFOAM: The Open Source CFD Toolbox           |
|  \\    /   O peration     | Version:  2206                                  |
|   \\  /    A nd           | Website:  www.openfoam.com                      |
|    \\/     M anipulation  |                                                 |
\*---------------------------------------------------------------------------*/
FoamFile
{
    version     2.0;
    format      ascii;
    arch        "LSB;label=32;scalar=64";
    class       surfaceScalarField;
    location    "20.0001";
    object      ddtCorrDdt0(phi);
}
// * * * * * * * * * * * * * * * * * * * * * * * * * * * * * * * * * * * * * //

dimensions      [0 3 -2 0 0 0 0];

oriented        oriented;

internalField   nonuniform List<scalar> 
3613
(
-7.13328e-06
-7.2232e-05
6.50945e-05
4.92934e-08
-6.82972e-05
6.11145e-05
6.95442e-06
-6.21899e-05
5.52847e-05
1.32824e-05
-5.42437e-05
4.79157e-05
1.89179e-05
-4.49421e-05
3.93066e-05
2.3994e-05
-3.48065e-05
2.97304e-05
2.85992e-05
-2.42076e-05
1.96023e-05
3.24506e-05
-1.3411e-05
9.55962e-06
3.52651e-05
-2.67163e-06
-1.42919e-07
3.70185e-05
7.67256e-06
-9.42596e-06
3.73736e-05
1.78913e-05
-1.82464e-05
3.63071e-05
2.74196e-05
-2.63531e-05
3.40486e-05
3.57849e-05
-3.35264e-05
3.08017e-05
4.2976e-05
-3.9729e-05
2.66742e-05
4.89575e-05
-4.48301e-05
2.17049e-05
5.36593e-05
-4.869e-05
1.59813e-05
5.66865e-05
-5.09629e-05
9.93429e-06
5.75624e-05
-5.15153e-05
3.8559e-06
5.64636e-05
-5.03852e-05
-2.05686e-06
5.35321e-05
-4.76194e-05
-7.53123e-06
4.88052e-05
-4.33309e-05
-1.22896e-05
4.24903e-05
-3.77319e-05
-1.61685e-05
3.49867e-05
-3.11079e-05
-1.92434e-05
2.68194e-05
-2.37445e-05
-2.17711e-05
1.84457e-05
-1.59179e-05
-2.38601e-05
1.00259e-05
-7.93697e-06
-2.53467e-05
1.53007e-06
-4.34393e-08
-2.62358e-05
-6.85985e-06
7.74894e-06
-2.63289e-05
-1.52643e-05
1.53574e-05
-2.56701e-05
-2.30887e-05
2.24299e-05
-2.44241e-05
-2.99603e-05
2.87143e-05
-2.26701e-05
-3.58496e-05
3.40956e-05
-2.03984e-05
-4.07129e-05
3.84412e-05
-1.73615e-05
-4.44016e-05
4.13647e-05
-1.36134e-05
-4.63948e-05
4.26466e-05
-9.51905e-06
-4.64957e-05
4.24014e-05
-5.21983e-06
-4.50352e-05
4.0736e-05
-9.02959e-07
-4.20775e-05
3.77606e-05
3.20103e-06
-3.77566e-05
3.36527e-05
6.88194e-06
-3.23147e-05
2.86338e-05
1.00886e-05
-2.61173e-05
2.29106e-05
1.30296e-05
-1.95552e-05
1.66142e-05
1.58183e-05
-1.28652e-05
1.00765e-05
1.83088e-05
-6.1244e-06
3.63395e-06
2.02807e-05
6.38202e-07
-2.61015e-06
2.16149e-05
7.30334e-06
-8.63748e-06
2.21226e-05
1.38167e-05
-1.43245e-05
2.18255e-05
1.97475e-05
-1.94503e-05
2.08223e-05
2.49177e-05
-2.39145e-05
1.91524e-05
2.93128e-05
-2.7643e-05
1.67998e-05
3.2878e-05
-3.05254e-05
1.37789e-05
3.54449e-05
-3.2424e-05
1.02861e-05
3.66435e-05
-3.31508e-05
6.61716e-06
3.64445e-05
-3.27755e-05
2.91276e-06
3.50209e-05
-3.13165e-05
-6.53321e-07
3.2419e-05
-2.88529e-05
-3.88486e-06
2.87462e-05
-2.55147e-05
-6.62169e-06
2.42247e-05
-2.14878e-05
-8.84093e-06
1.91847e-05
-1.69655e-05
-1.06928e-05
1.39672e-05
-1.21153e-05
-1.23267e-05
8.76037e-06
-7.12641e-06
-1.36974e-05
3.54408e-06
-2.17343e-06
-1.47261e-05
-1.63412e-06
2.66284e-06
-1.53054e-05
-6.83927e-06
7.4185e-06
-1.53769e-05
-1.18698e-05
1.19413e-05
-1.50325e-05
-1.6374e-05
1.60297e-05
-1.43452e-05
-2.02761e-05
1.95888e-05
-1.33495e-05
-2.35683e-05
2.25725e-05
-1.19495e-05
-2.62034e-05
2.48034e-05
-1.00559e-05
-2.80143e-05
2.61207e-05
-7.81543e-06
-2.86812e-05
2.64408e-05
-5.39352e-06
-2.83021e-05
2.58802e-05
-2.87014e-06
-2.69866e-05
2.44632e-05
-3.7717e-07
-2.47712e-05
2.22783e-05
1.92141e-06
-2.17477e-05
1.94492e-05
3.89072e-06
-1.81054e-05
1.61361e-05
5.54375e-06
-1.41287e-05
1.24757e-05
7.10929e-06
-1.00998e-05
8.53426e-06
8.66117e-06
-6.10608e-06
4.5542e-06
1.00627e-05
-2.01834e-06
6.16828e-07
1.12195e-05
2.06035e-06
-3.2172e-06
1.198e-05
6.17149e-06
-6.93195e-06
1.22876e-05
1.00743e-05
-1.03819e-05
1.2188e-05
1.3533e-05
-1.34334e-05
1.17132e-05
1.65313e-05
-1.60565e-05
1.08373e-05
1.90438e-05
-1.81679e-05
9.5122e-06
2.10272e-05
-1.97021e-05
7.75369e-06
2.22949e-05
-2.05364e-05
5.74746e-06
2.26296e-05
-2.06234e-05
3.62796e-06
2.2141e-05
-2.00215e-05
1.49686e-06
2.08921e-05
-1.8761e-05
-5.21109e-07
1.89318e-05
-1.69139e-05
-2.29911e-06
1.63662e-05
-1.45882e-05
-3.76263e-06
1.33814e-05
-1.19179e-05
-4.9591e-06
1.02139e-05
-9.01745e-06
-6.03243e-06
7.05239e-06
-5.97905e-06
-7.02658e-06
3.92285e-06
-2.92871e-06
-7.82862e-06
7.43483e-07
5.85629e-08
-8.42644e-06
-2.37456e-06
2.97238e-06
-8.73157e-06
-5.48359e-06
5.78872e-06
-8.754e-06
-8.3691e-06
8.39153e-06
-8.55141e-06
-1.08902e-05
1.06876e-05
-8.15473e-06
-1.30437e-05
1.26471e-05
-7.55475e-06
-1.48173e-05
1.42174e-05
-6.66341e-06
-1.61653e-05
1.5274e-05
-5.49046e-06
-1.6912e-05
1.5739e-05
-4.17262e-06
-1.69583e-05
1.56404e-05
-2.75945e-06
-1.6424e-05
1.50109e-05
-1.31965e-06
-1.53215e-05
1.38817e-05
5.17083e-08
-1.36847e-05
1.23133e-05
1.25467e-06
-1.16007e-05
1.03977e-05
2.22449e-06
-9.22801e-06
8.2582e-06
3.01493e-06
-6.76508e-06
5.97464e-06
3.80174e-06
-4.3579e-06
3.57109e-06
4.60043e-06
-1.95961e-06
1.16091e-06
5.26781e-06
5.56171e-07
-1.22354e-06
5.77099e-06
3.05303e-06
-3.5562e-06
6.03696e-06
5.52735e-06
-5.79331e-06
6.06318e-06
7.81932e-06
-7.84552e-06
5.86112e-06
9.83289e-06
-9.63079e-06
5.44877e-06
1.16338e-05
-1.12214e-05
4.73062e-06
1.31003e-05
-1.23821e-05
3.70836e-06
1.41986e-05
-1.31763e-05
2.5049e-06
1.49118e-05
-1.37082e-05
1.46505e-05
-1.32364e-05
-5.90739e-06
-7.78086e-05
-1.75352e-07
-7.40292e-05
5.39649e-06
-6.77618e-05
1.04277e-05
-5.9275e-05
1.45783e-05
-4.90927e-05
1.77635e-05
-3.79916e-05
2.03693e-05
-2.68134e-05
2.29595e-05
-1.60013e-05
2.54467e-05
-5.15883e-06
2.74216e-05
5.69764e-06
2.81151e-05
1.71978e-05
2.76991e-05
2.78356e-05
2.6352e-05
3.7132e-05
2.42141e-05
4.51138e-05
2.14428e-05
5.17288e-05
1.81059e-05
5.69962e-05
1.40036e-05
6.07887e-05
9.27135e-06
6.22946e-05
4.25194e-06
6.1483e-05
-8.22927e-07
5.8607e-05
-5.62753e-06
5.36098e-05
-9.76435e-06
4.66271e-05
-1.28875e-05
3.81098e-05
-1.49109e-05
2.88428e-05
-1.62067e-05
1.97415e-05
-1.7464e-05
1.12831e-05
-1.87842e-05
2.85025e-06
-1.96651e-05
-5.97892e-06
-1.9718e-05
-1.52114e-05
-1.91581e-05
-2.36486e-05
-1.81289e-05
-3.09894e-05
-1.67242e-05
-3.72544e-05
-1.50155e-05
-4.24216e-05
-1.29393e-05
-4.64778e-05
-1.02346e-05
-4.90995e-05
-7.15952e-06
-4.95708e-05
-3.89262e-06
-4.83021e-05
-5.69204e-07
-4.54009e-05
2.60653e-06
-4.09324e-05
5.38214e-06
-3.50903e-05
7.5346e-06
-2.82698e-05
9.05329e-06
-2.10739e-05
1.03444e-05
-1.41562e-05
1.18921e-05
-7.67213e-06
1.34746e-05
-9.44299e-07
1.46603e-05
6.1176e-06
1.5209e-05
1.32681e-05
1.51997e-05
1.97567e-05
1.47011e-05
2.54163e-05
1.37808e-05
3.02331e-05
1.24877e-05
3.41711e-05
1.07359e-05
3.71967e-05
8.3858e-06
3.89936e-05
5.74021e-06
3.90901e-05
2.89506e-06
3.78661e-05
1.18905e-08
3.53021e-05
-2.68551e-06
3.14436e-05
-4.93871e-06
2.64779e-05
-6.55752e-06
2.08035e-05
-7.58663e-06
1.49963e-05
-8.40843e-06
9.58217e-06
-9.42973e-06
4.56537e-06
-1.04137e-05
-6.50144e-07
-1.08857e-05
-6.36728e-06
-1.09185e-05
-1.1837e-05
-1.06128e-05
-1.66798e-05
-1.0027e-05
-2.08618e-05
-9.22562e-06
-2.43698e-05
-8.22991e-06
-2.71991e-05
-6.94324e-06
-2.9301e-05
-5.31558e-06
-3.03089e-05
-3.53193e-06
-3.00857e-05
-1.65338e-06
-2.88652e-05
2.19081e-07
-2.66437e-05
1.94425e-06
-2.34729e-05
3.36091e-06
-1.95221e-05
4.34972e-06
-1.51175e-05
4.9634e-06
-1.07135e-05
5.5596e-06
-6.70228e-06
6.44383e-06
-2.90257e-06
7.29256e-06
1.21162e-06
7.74769e-06
5.71636e-06
7.91539e-06
9.90662e-06
7.83562e-06
1.36128e-05
7.53134e-06
1.68355e-05
7.03336e-06
1.95418e-05
6.33871e-06
2.17219e-05
5.33061e-06
2.3303e-05
4.02196e-06
2.39383e-05
2.56098e-06
2.3602e-05
1.00601e-06
2.24471e-05
-5.39529e-07
2.04774e-05
-1.93543e-06
1.77621e-05
-3.03692e-06
1.44829e-05
-3.77222e-06
1.09492e-05
-4.25524e-06
7.5354e-06
-4.78023e-06
4.44784e-06
-5.41685e-06
1.3801e-06
-5.91296e-06
-1.87846e-06
-6.09815e-06
-5.2984e-06
-6.05384e-06
-8.41341e-06
-5.82344e-06
-1.11206e-05
-5.4414e-06
-1.34258e-05
-4.94129e-06
-1.53175e-05
-4.31187e-06
-1.67947e-05
-3.46406e-06
-1.77598e-05
-2.47171e-06
-1.79506e-05
-1.41171e-06
-1.7484e-05
-3.30036e-07
-1.64032e-05
7.00277e-07
-1.4715e-05
1.59063e-06
-1.24911e-05
2.25501e-06
-9.89239e-06
2.65919e-06
-7.16926e-06
2.90317e-06
-4.60188e-06
3.22425e-06
-2.28069e-06
3.61996e-06
1.60469e-07
3.88385e-06
2.78915e-06
3.94625e-06
5.46497e-06
3.84512e-06
7.92047e-06
3.58901e-06
1.0089e-05
3.22626e-06
1.19966e-05
2.72282e-06
1.36037e-05
2.02276e-06
1.48987e-05
1.19246e-06
1.57422e-05
1.56559e-05
-5.17051e-06
-8.16018e-05
-1.00119e-06
-7.81986e-05
3.30375e-06
-7.20667e-05
7.35184e-06
-6.33231e-05
1.06668e-05
-5.24077e-05
1.28536e-05
-4.01785e-05
1.39024e-05
-2.78622e-05
1.46403e-05
-1.67392e-05
1.62748e-05
-6.79333e-06
1.9056e-05
2.91641e-06
1.96101e-05
1.66436e-05
1.95039e-05
2.79418e-05
1.87208e-05
3.79151e-05
1.73299e-05
4.65047e-05
1.54248e-05
5.3634e-05
1.30334e-05
5.93876e-05
1.00707e-05
6.37513e-05
6.44561e-06
6.59197e-05
2.6438e-06
6.52848e-05
-1.1445e-06
6.23953e-05
-4.67874e-06
5.71441e-05
-7.65753e-06
4.96059e-05
-9.7281e-06
4.01804e-05
-1.06284e-05
2.97431e-05
-1.04869e-05
1.96e-05
-1.02623e-05
1.10585e-05
-1.13671e-05
3.95508e-06
-1.27832e-05
-4.56286e-06
-1.28301e-05
-1.51645e-05
-1.25356e-05
-2.39432e-05
-1.19208e-05
-3.16042e-05
-1.10624e-05
-3.81128e-05
-1.00213e-05
-4.34627e-05
-8.7874e-06
-4.77117e-05
-7.1942e-06
-5.06927e-05
-5.17372e-06
-5.15913e-05
-2.95806e-06
-5.05178e-05
-5.67868e-07
-4.77911e-05
1.84476e-06
-4.3345e-05
4.02661e-06
-3.72722e-05
5.65308e-06
-2.98962e-05
6.45608e-06
-2.18769e-05
6.51332e-06
-1.42135e-05
6.69683e-06
-7.85565e-06
8.21418e-06
-2.46165e-06
9.37698e-06
4.95479e-06
9.74652e-06
1.28985e-05
9.76855e-06
1.97347e-05
9.4622e-06
2.57227e-05
8.8905e-06
3.08048e-05
8.08561e-06
3.4976e-05
7.01884e-06
3.82634e-05
5.53394e-06
4.04785e-05
3.74506e-06
4.0879e-05
1.78299e-06
3.98281e-05
-2.61171e-07
3.73463e-05
-2.22107e-06
3.34035e-05
-3.85176e-06
2.81085e-05
-4.88282e-06
2.18346e-05
-5.16535e-06
1.52788e-05
-4.95132e-06
9.36814e-06
-5.0323e-06
4.64634e-06
-6.4188e-06
7.36355e-07
-6.78763e-06
-5.99846e-06
-6.81587e-06
-1.18087e-05
-6.62277e-06
-1.68729e-05
-6.24352e-06
-2.12411e-05
-5.73406e-06
-2.48792e-05
-5.12079e-06
-2.78124e-05
-4.3678e-06
-3.0054e-05
-3.3727e-06
-3.1304e-05
-2.21659e-06
-3.12419e-05
-9.37746e-07
-3.0144e-05
4.1569e-07
-2.79971e-05
1.72965e-06
-2.47868e-05
2.81948e-06
-2.06119e-05
3.48101e-06
-1.5779e-05
3.61468e-06
-1.08471e-05
3.45748e-06
-6.54508e-06
3.67233e-06
-3.11742e-06
4.76691e-06
1.17039e-07
4.93074e-06
5.55254e-06
4.96477e-06
9.87259e-06
4.84355e-06
1.3734e-05
4.5868e-06
1.70923e-05
4.22371e-06
1.99048e-05
3.75967e-06
2.21859e-05
3.1509e-06
2.39118e-05
2.3072e-06
2.4782e-05
1.3408e-06
2.45684e-05
2.71429e-07
2.35164e-05
-8.35268e-07
2.15841e-05
-1.86077e-06
1.87876e-05
-2.64396e-06
1.52661e-05
-3.03366e-06
1.13389e-05
-3.00243e-06
7.50418e-06
-2.88404e-06
4.32945e-06
-3.29924e-06
1.79531e-06
-3.9268e-06
-1.2509e-06
-3.98162e-06
-5.24358e-06
-3.90526e-06
-8.48977e-06
-3.70134e-06
-1.13246e-05
-3.4048e-06
-1.37223e-05
-3.04184e-06
-1.56804e-05
-2.61726e-06
-1.72193e-05
-2.08347e-06
-1.82936e-05
-1.42255e-06
-1.86115e-05
-6.95411e-07
-1.82112e-05
8.37233e-08
-1.71824e-05
8.67167e-07
-1.54985e-05
1.56676e-06
-1.31907e-05
2.0657e-06
-1.03913e-05
2.27061e-06
-7.37417e-06
2.19877e-06
-4.53003e-06
2.11624e-06
-2.19816e-06
2.48157e-06
-2.04854e-07
2.76489e-06
2.50583e-06
2.74028e-06
5.4896e-06
2.5989e-06
8.06187e-06
2.34356e-06
1.03444e-05
2.02606e-06
1.23141e-05
1.63408e-06
1.39957e-05
1.12044e-06
1.54124e-05
5.18329e-07
1.63444e-05
1.63819e-05
-4.65967e-06
-8.34156e-05
-2.45384e-06
-8.04044e-05
5.98975e-08
-7.45805e-05
2.65569e-06
-6.59189e-05
4.90124e-06
-5.46533e-05
6.24537e-06
-4.15226e-05
6.43648e-06
-2.80533e-05
6.01872e-06
-1.63214e-05
6.69571e-06
-7.47032e-06
9.7945e-06
-1.82391e-07
1.037e-05
1.60682e-05
1.06492e-05
2.76626e-05
1.04501e-05
3.81142e-05
9.80206e-06
4.71527e-05
8.74875e-06
5.46873e-05
7.31224e-06
6.08241e-05
5.52321e-06
6.55404e-05
3.51475e-06
6.79282e-05
1.6943e-06
6.71052e-05
8.92306e-08
6.40003e-05
-1.36267e-06
5.8596e-05
-2.66155e-06
5.09048e-05
-3.66519e-06
4.1184e-05
-4.13052e-06
3.02084e-05
-3.94115e-06
1.94107e-05
-3.30784e-06
1.04252e-05
-3.97607e-06
4.6233e-06
-5.84449e-06
-2.69444e-06
-6.19542e-06
-1.48136e-05
-6.40596e-06
-2.37326e-05
-6.37375e-06
-3.16364e-05
-6.12679e-06
-3.83597e-05
-5.70908e-06
-4.38804e-05
-5.1711e-06
-4.82496e-05
-4.50333e-06
-5.13605e-05
-3.57645e-06
-5.25182e-05
-2.48096e-06
-5.16133e-05
-1.19595e-06
-4.90761e-05
2.13761e-07
-4.47547e-05
1.55774e-06
-3.86162e-05
2.54653e-06
-3.0885e-05
2.93019e-06
-2.22606e-05
2.71749e-06
-1.40008e-05
2.2302e-06
-7.36836e-06
3.15341e-06
-3.38486e-06
4.12192e-06
3.98628e-06
4.3955e-06
1.2625e-05
4.50746e-06
1.96227e-05
4.43948e-06
2.57907e-05
4.23363e-06
3.10106e-05
3.89112e-06
3.53185e-05
3.39018e-06
3.87644e-05
2.70761e-06
4.11611e-05
1.90169e-06
4.16849e-05
1.12025e-06
4.06096e-05
3.29248e-07
3.81373e-05
-4.63981e-07
3.41968e-05
-1.18236e-06
2.88269e-05
-1.67089e-06
2.23231e-05
-1.76861e-06
1.53765e-05
-1.47353e-06
9.07306e-06
-1.18229e-06
4.3551e-06
-2.27557e-06
1.82963e-06
-2.7286e-06
-5.54543e-06
-2.94409e-06
-1.15933e-05
-3.0398e-06
-1.67772e-05
-3.00477e-06
-2.12761e-05
-2.86584e-06
-2.50182e-05
-2.6548e-06
-2.80234e-05
-2.38154e-06
-3.03273e-05
-1.95603e-06
-3.17295e-05
-1.44689e-06
-3.1751e-05
-8.16748e-07
-3.07741e-05
-8.5811e-08
-2.87281e-05
6.73328e-07
-2.5546e-05
1.31838e-06
-2.1257e-05
1.68214e-06
-1.61428e-05
1.68123e-06
-1.08462e-05
1.40413e-06
-6.26798e-06
1.29836e-06
-3.01165e-06
2.13581e-06
-7.20414e-07
2.17969e-06
5.50867e-06
2.19427e-06
9.85801e-06
2.13423e-06
1.37941e-05
2.00946e-06
1.72171e-05
1.8324e-06
2.00819e-05
1.59587e-06
2.24224e-05
1.27858e-06
2.42291e-05
8.52726e-07
2.52078e-05
4.1161e-07
2.50095e-05
-3.41488e-08
2.39622e-05
-4.86961e-07
2.20369e-05
-9.15421e-07
1.92161e-05
-1.24655e-06
1.55972e-05
-1.38694e-06
1.14793e-05
-1.29453e-06
7.41176e-06
-1.00768e-06
4.0426e-06
-1.08058e-06
1.8682e-06
-1.62305e-06
-7.08427e-07
-1.68767e-06
-5.17896e-06
-1.70617e-06
-8.47126e-06
-1.65646e-06
-1.13743e-05
-1.5513e-06
-1.38275e-05
-1.40599e-06
-1.58257e-05
-1.23431e-06
-1.7391e-05
-1.03204e-06
-1.84959e-05
-7.37425e-07
-1.89061e-05
-3.95552e-07
-1.8553e-05
4.70903e-09
-1.75826e-05
4.40151e-07
-1.59339e-05
8.49875e-07
-1.36004e-05
1.13845e-06
-1.06799e-05
1.23398e-06
-7.4697e-06
1.15139e-06
-4.44744e-06
9.5271e-07
-1.99948e-06
1.13996e-06
-3.92099e-07
1.38185e-06
2.26395e-06
1.3611e-06
5.51037e-06
1.27723e-06
8.14576e-06
1.12359e-06
1.04981e-05
9.33099e-07
1.25045e-05
6.92777e-07
1.42361e-05
3.69948e-07
1.57353e-05
8.41385e-09
1.6706e-05
1.67969e-05
-1.76014e-06
-9.02612e-07
-1.47641e-07
4.97641e-07
9.6894e-07
1.18609e-06
1.01711e-06
2.6772e-07
-2.11399e-08
6.95512e-07
6.57554e-07
7.38924e-07
8.43682e-07
9.46792e-07
1.09221e-06
1.35563e-06
1.80315e-06
2.34782e-06
2.75237e-06
2.90709e-06
2.7818e-06
2.38068e-06
1.74647e-06
9.93144e-07
3.89461e-07
1.58495e-07
-1.82626e-07
-1.39552e-06
-1.81586e-06
-2.23257e-06
-2.52531e-06
-2.66108e-06
-2.63549e-06
-2.43574e-06
-2.07019e-06
-1.57927e-06
-1.0875e-06
-6.4058e-07
-2.57005e-07
4.56059e-08
2.45053e-07
3.1085e-07
1.40468e-07
-1.77498e-07
3.81435e-09
4.57092e-08
4.94358e-08
1.15365e-07
2.11152e-07
3.49372e-07
5.52979e-07
8.42945e-07
1.21324e-06
1.57487e-06
1.82306e-06
1.92305e-06
1.85796e-06
1.63351e-06
1.28049e-06
8.70977e-07
5.84556e-07
4.04847e-07
-3.11255e-09
-5.08414e-07
-8.63246e-07
-1.18629e-06
-1.42914e-06
-1.58271e-06
-1.62442e-06
-1.5329e-06
-1.28753e-06
-1.01616e-06
-7.53506e-07
-5.10647e-07
-2.95047e-07
-1.20949e-07
3.55538e-10
4.23392e-08
-6.90659e-08
-1.0393e-07
4.84141e-09
-1.16852e-08
-6.8542e-09
2.51694e-08
7.68793e-08
1.63207e-07
3.01636e-07
5.02515e-07
7.33795e-07
9.27738e-07
1.0499e-06
1.09153e-06
1.04751e-06
9.22892e-07
7.34252e-07
5.43259e-07
4.37544e-07
3.347e-07
-3.47061e-08
-2.49375e-07
-4.72081e-07
-6.7555e-07
-8.35602e-07
-9.4158e-07
-9.75103e-07
-9.15156e-07
-7.8288e-07
-6.33627e-07
-4.86497e-07
-3.44517e-07
-2.1308e-07
-1.01198e-07
-2.2999e-08
-2.26939e-08
-8.54338e-08
-2.20974e-08
-9.85074e-09
-1.97003e-08
-2.19286e-08
-2.31502e-08
-1.50608e-08
1.70394e-08
8.46908e-08
1.81424e-07
1.66093e-05
1.67322e-05
-5.35672e-07
3.54643e-06
-2.61069e-06
5.97039e-06
-2.42403e-06
8.13712e-06
-2.1668e-06
9.9997e-06
-1.86262e-06
1.1522e-05
-1.5223e-06
1.2676e-05
-1.15408e-06
1.34421e-05
-7.66103e-07
1.38069e-05
-3.64829e-07
1.37615e-05
4.54382e-08
1.33093e-05
4.52196e-07
1.24666e-05
8.42646e-07
1.12588e-05
1.20781e-06
9.72019e-06
1.53859e-06
7.89431e-06
1.82586e-06
5.8334e-06
2.06089e-06
3.59365e-06
2.23974e-06
1.21331e-06
2.38035e-06
-9.53602e-07
2.1669e-06
-3.18763e-06
2.23402e-06
-5.27726e-06
2.08963e-06
-7.14127e-06
1.86402e-06
-8.71998e-06
1.57871e-06
-9.96721e-06
1.24722e-06
-1.08507e-05
8.83536e-07
-1.1355e-05
5.04267e-07
-1.14728e-05
1.17778e-07
-1.12114e-05
-2.61394e-07
-1.05965e-05
-6.14879e-07
-9.66283e-06
-9.33704e-07
-8.45238e-06
-1.21047e-06
-7.01221e-06
-1.44021e-06
-5.39042e-06
-1.62181e-06
-3.6295e-06
-1.7609e-06
-1.72875e-06
-1.90077e-06
-1.8277e-07
-1.54601e-06
1.57073e-06
-1.7535e-06
3.20872e-06
-1.63796e-06
4.68956e-06
-1.48084e-06
5.97925e-06
-1.28971e-06
7.05036e-06
-1.0711e-06
7.88154e-06
-8.31149e-07
8.45789e-06
-5.76336e-07
8.77125e-06
-3.13366e-07
8.81609e-06
-4.4823e-08
8.59461e-06
2.21497e-07
8.11891e-06
4.75712e-07
7.40586e-06
7.13055e-07
6.47779e-06
9.28067e-07
5.36224e-06
1.11556e-06
4.08972e-06
1.27252e-06
2.69021e-06
1.3995e-06
1.16947e-06
1.52073e-06
-1.04798e-07
1.27429e-06
-1.54534e-06
1.44054e-06
-2.89081e-06
1.34546e-06
-4.10308e-06
1.21227e-06
-5.14698e-06
1.04392e-06
-5.99385e-06
8.46861e-07
-6.62219e-06
6.28343e-07
-7.01969e-06
3.975e-07
-7.18009e-06
1.60406e-07
-7.10469e-06
-7.54105e-08
-6.80507e-06
-2.99629e-07
-6.29956e-06
-5.05522e-07
-5.61135e-06
-6.882e-07
-4.76742e-06
-8.4396e-07
-3.79621e-06
-9.71251e-07
-2.72399e-06
-1.07224e-06
-1.55601e-06
-1.16797e-06
-5.41439e-07
-1.01459e-06
5.5562e-07
-1.09709e-06
1.61065e-06
-1.05504e-06
2.58097e-06
-9.70285e-07
3.43918e-06
-8.58212e-07
4.1651e-06
-7.25937e-07
4.74291e-06
-5.77801e-07
5.16137e-06
-4.18425e-07
5.41429e-06
-2.52907e-07
5.49747e-06
-8.31823e-08
5.41114e-06
8.63358e-08
5.16252e-06
2.48638e-07
4.76221e-06
4.00306e-07
4.22445e-06
5.37742e-07
3.56686e-06
6.57596e-07
2.80965e-06
7.57227e-07
1.97513e-06
8.34514e-07
1.08539e-06
8.89728e-07
1.82753e-07
9.02629e-07
-6.67642e-07
8.5041e-07
-1.50987e-06
8.42212e-07
-2.28635e-06
7.76454e-07
-2.97048e-06
6.84117e-07
-3.54266e-06
5.72206e-07
-3.98834e-06
4.45678e-07
-4.29774e-06
3.09385e-07
-4.46642e-06
1.68676e-07
-4.49313e-06
2.67451e-08
-4.38211e-06
-1.11014e-07
-4.14309e-06
-2.39024e-07
-3.78867e-06
-3.54401e-07
-3.33418e-06
-4.54479e-07
-2.79684e-06
-5.37329e-07
-2.19492e-06
-6.01921e-07
-1.54621e-06
-6.48705e-07
-8.75907e-07
-6.70296e-07
-2.6943e-07
-6.06476e-07
3.55178e-07
-6.24609e-07
9.36849e-07
-5.8167e-07
1.45395e-06
-5.17091e-07
1.89199e-06
-4.38048e-07
2.23991e-06
-3.47929e-07
2.48979e-06
-2.49889e-07
2.63703e-06
-1.47237e-07
2.67941e-06
-4.23944e-08
2.61712e-06
6.22824e-08
2.45439e-06
1.62718e-07
2.19895e-06
2.55471e-07
1.86127e-06
3.37671e-07
1.4541e-06
4.07168e-07
9.93775e-07
4.60343e-07
5.00186e-07
4.93669e-07
-3.17104e-09
5.03439e-07
-4.86552e-07
4.83542e-07
-8.9433e-07
4.07926e-07
2.1756e-07
5.4957e-06
-5.30355e-06
7.93068e-06
-4.85908e-06
1.00597e-05
-4.29584e-06
1.18363e-05
-3.63933e-06
1.32252e-05
-2.91121e-06
1.4203e-05
-2.1319e-06
1.4756e-05
-1.31909e-06
1.48773e-05
-4.86171e-07
1.45696e-05
3.53131e-07
1.38441e-05
1.1777e-06
1.27231e-05
1.96358e-06
1.12387e-05
2.69225e-06
9.4335e-06
3.34375e-06
7.36169e-06
3.89766e-06
5.08516e-06
4.33741e-06
2.66066e-06
4.66423e-06
1.96307e-07
4.8447e-06
-2.3845e-06
4.7477e-06
-4.70209e-06
4.55161e-06
-6.81927e-06
4.20681e-06
-8.672e-06
3.71675e-06
-1.01973e-05
3.10403e-06
-1.13472e-05
2.39709e-06
-1.2092e-05
1.62837e-06
-1.24174e-05
8.29612e-07
-1.23257e-05
2.61491e-08
-1.18358e-05
-7.51321e-07
-1.09788e-05
-1.4719e-06
-9.79843e-06
-2.11409e-06
-8.34713e-06
-2.66179e-06
-6.68406e-06
-3.1033e-06
-4.87105e-06
-3.43481e-06
-2.96988e-06
-3.66208e-06
-1.07009e-06
-3.80058e-06
1.02917e-06
-3.64528e-06
2.80245e-06
-3.52678e-06
4.44909e-06
-3.28459e-06
5.91544e-06
-2.9472e-06
7.16208e-06
-2.53635e-06
8.15918e-06
-2.06819e-06
8.88678e-06
-1.55874e-06
9.33394e-06
-1.02349e-06
9.49544e-06
-4.74861e-07
9.37342e-06
7.72088e-08
8.97668e-06
6.18247e-07
8.32047e-06
1.13192e-06
7.42735e-06
1.60618e-06
6.32569e-06
2.02973e-06
5.04875e-06
2.39251e-06
3.63817e-06
2.68309e-06
2.13755e-06
2.90011e-06
6.19517e-07
3.03877e-06
-1.08197e-06
2.97577e-06
-2.53298e-06
2.89155e-06
-3.8867e-06
2.69918e-06
-5.09064e-06
2.41622e-06
-6.10313e-06
2.05641e-06
-6.89195e-06
1.63568e-06
-7.43632e-06
1.17271e-06
-7.72532e-06
6.86509e-07
-7.75707e-06
1.92161e-07
-7.53959e-06
-2.92905e-07
-7.08872e-06
-7.50506e-07
-6.42819e-06
-1.16605e-06
-5.58744e-06
-1.52896e-06
-4.60028e-06
-1.83114e-06
-3.50366e-06
-2.06789e-06
-2.33368e-06
-2.24222e-06
-1.14046e-06
-2.36119e-06
1.64262e-07
-2.31933e-06
1.32638e-06
-2.25922e-06
2.4034e-06
-2.13205e-06
3.37512e-06
-1.942e-06
4.21623e-06
-1.69932e-06
4.90476e-06
-1.41447e-06
5.42524e-06
-1.09827e-06
5.76848e-06
-7.61647e-07
5.93019e-06
-4.14622e-07
5.91061e-06
-6.35988e-08
5.71475e-06
2.82205e-07
5.35186e-06
6.11537e-07
4.83621e-06
9.1595e-07
4.1852e-06
1.18875e-06
3.42008e-06
1.42273e-06
2.56583e-06
1.61148e-06
1.64897e-06
1.75136e-06
6.94653e-07
1.84404e-06
-2.73099e-07
1.87039e-06
-1.24276e-06
1.82006e-06
-2.11169e-06
1.71113e-06
-2.89266e-06
1.55741e-06
-3.56501e-06
1.35647e-06
-4.10883e-06
1.11603e-06
-4.50961e-06
8.46457e-07
-4.75932e-06
5.59087e-07
-4.85471e-06
2.64069e-07
-4.79864e-06
-2.93094e-08
-4.59899e-06
-3.10661e-07
-4.2678e-06
-5.70215e-07
-3.8212e-06
-8.00986e-07
-3.27811e-06
-9.97563e-07
-2.6597e-06
-1.15573e-06
-1.98526e-06
-1.27636e-06
-1.26343e-06
-1.37053e-06
-5.80356e-07
-1.35337e-06
1.5825e-07
-1.34508e-06
8.11161e-07
-1.27752e-06
1.40124e-06
-1.17175e-06
1.91418e-06
-1.03003e-06
2.33542e-06
-8.5929e-07
2.65388e-06
-6.66391e-07
2.86255e-06
-4.58558e-07
2.95811e-06
-2.42793e-07
2.94011e-06
-2.44082e-08
2.81178e-06
1.90607e-07
2.57952e-06
3.94986e-07
2.25269e-06
5.82307e-07
1.84297e-06
7.47393e-07
1.36566e-06
8.84491e-07
8.39091e-07
9.86936e-07
2.82383e-07
1.05042e-06
-2.79845e-07
1.06575e-06
-8.30705e-07
1.03456e-06
-1.3511e-06
9.28457e-07
5.80656e-07
5.98515e-06
-8.3049e-06
8.68579e-06
-7.55977e-06
1.10368e-05
-6.64695e-06
1.29949e-05
-5.5974e-06
1.45268e-05
-4.44311e-06
1.56096e-05
-3.2148e-06
1.62309e-05
-1.94039e-06
1.63829e-05
-6.38174e-07
1.60673e-05
6.68744e-07
1.52963e-05
1.94865e-06
1.4091e-05
3.1689e-06
1.24845e-05
4.29869e-06
1.05206e-05
5.30772e-06
8.25198e-06
6.16623e-06
5.73533e-06
6.85404e-06
3.03591e-06
7.36365e-06
2.70397e-07
7.61021e-06
-2.51494e-06
7.53303e-06
-5.12309e-06
7.15974e-06
-7.50293e-06
6.58665e-06
-9.58121e-06
5.79503e-06
-1.12901e-05
4.81287e-06
-1.2577e-05
3.68399e-06
-1.34088e-05
2.46024e-06
-1.37696e-05
1.19036e-06
-1.36634e-05
-8.00231e-08
-1.31156e-05
-1.29912e-06
-1.21641e-05
-2.42345e-06
-1.08576e-05
-3.42057e-06
-9.25457e-06
-4.26484e-06
-7.41765e-06
-4.94023e-06
-5.4072e-06
-5.44526e-06
-3.27633e-06
-5.79295e-06
-1.11638e-06
-5.96054e-06
1.06148e-06
-5.82314e-06
3.07114e-06
-5.53644e-06
4.90891e-06
-5.12236e-06
6.5362e-06
-4.5745e-06
7.91511e-06
-3.91526e-06
9.01643e-06
-3.16951e-06
9.82015e-06
-2.36246e-06
1.03151e-05
-1.51847e-06
1.04962e-05
-6.55957e-07
1.03663e-05
2.0712e-07
9.93637e-06
1.04821e-06
9.22296e-06
1.84534e-06
8.24922e-06
2.57991e-06
7.04504e-06
3.23392e-06
5.64723e-06
3.79032e-06
4.09063e-06
4.23968e-06
2.41706e-06
4.57367e-06
6.80115e-07
4.77571e-06
-1.09756e-06
4.75345e-06
-2.75667e-06
4.55066e-06
-4.28356e-06
4.22607e-06
-5.63592e-06
3.76858e-06
-6.77084e-06
3.19134e-06
-7.65413e-06
2.51897e-06
-8.26249e-06
1.78107e-06
-8.58439e-06
1.00841e-06
-8.6182e-06
2.25968e-07
-8.37472e-06
-5.36381e-07
-7.8743e-06
-1.25094e-06
-7.14374e-06
-1.89661e-06
-6.21517e-06
-2.45754e-06
-5.125e-06
-2.92132e-06
-3.90838e-06
-3.28453e-06
-2.59723e-06
-3.55337e-06
-1.23134e-06
-3.72708e-06
1.36782e-07
-3.68747e-06
1.43424e-06
-3.55668e-06
2.64003e-06
-3.33784e-06
3.724e-06
-3.02596e-06
4.65843e-06
-2.63376e-06
5.4216e-06
-2.17764e-06
5.99779e-06
-1.67445e-06
6.37753e-06
-1.14138e-06
6.55683e-06
-5.93917e-07
6.53656e-06
-4.33228e-08
6.32343e-06
4.9534e-07
5.92839e-06
1.00658e-06
5.3662e-06
1.47814e-06
4.65584e-06
1.89911e-06
3.81929e-06
2.25928e-06
2.88083e-06
2.54995e-06
1.86595e-06
2.76623e-06
8.02626e-07
2.90737e-06
-2.739e-07
2.94691e-06
-1.32974e-06
2.8759e-06
-2.30423e-06
2.68561e-06
-3.17838e-06
2.43155e-06
-3.92862e-06
2.10672e-06
-4.53405e-06
1.72147e-06
-4.97929e-06
1.29169e-06
-5.2555e-06
8.35289e-07
-5.35902e-06
3.67593e-07
-5.29372e-06
-9.45993e-08
-5.07023e-06
-5.34148e-07
-4.70288e-06
-9.37569e-07
-4.20945e-06
-1.29441e-06
-3.61034e-06
-1.59667e-06
-2.92598e-06
-1.84009e-06
-2.1754e-06
-2.02694e-06
-1.38969e-06
-2.15623e-06
-5.70371e-07
-2.17269e-06
2.06392e-07
-2.12185e-06
9.35111e-07
-2.00624e-06
1.59543e-06
-1.83207e-06
2.16891e-06
-1.60351e-06
2.63966e-06
-1.33004e-06
2.99592e-06
-1.02265e-06
3.23025e-06
-6.92877e-07
3.33935e-06
-3.51901e-07
3.32294e-06
-7.99585e-09
3.18491e-06
3.28626e-07
2.9325e-06
6.47403e-07
2.57497e-06
9.39842e-07
2.12471e-06
1.19767e-06
1.59623e-06
1.41298e-06
1.00845e-06
1.57474e-06
3.76727e-07
1.68217e-06
-2.79092e-07
1.72164e-06
-9.36391e-07
1.692e-06
-1.5815e-06
1.5737e-06
1.1351e-06
7.32054e-06
-1.18756e-05
1.0521e-05
-1.07603e-05
1.32964e-05
-9.42239e-06
1.56025e-05
-7.9036e-06
1.74052e-05
-6.24583e-06
1.86804e-05
-4.49004e-06
1.94151e-05
-2.67505e-06
1.95976e-05
-8.20671e-07
1.92282e-05
1.03812e-06
1.83217e-05
2.85515e-06
1.69003e-05
4.59023e-06
1.49972e-05
6.20179e-06
1.26587e-05
7.64618e-06
9.94159e-06
8.88338e-06
6.91088e-06
9.88474e-06
3.65039e-06
1.06241e-05
2.45286e-07
1.10153e-05
-3.10806e-06
1.08864e-05
-6.27873e-06
1.03304e-05
-9.16503e-06
9.47294e-06
-1.16744e-05
8.30439e-06
-1.37238e-05
6.86226e-06
-1.52501e-05
5.21034e-06
-1.62172e-05
3.42733e-06
-1.66088e-05
1.5819e-06
-1.64378e-05
-2.50984e-07
-1.57417e-05
-1.99525e-06
-1.45673e-05
-3.59788e-06
-1.29738e-05
-5.01407e-06
-1.1031e-05
-6.2076e-06
-8.81102e-06
-7.16024e-06
-6.38116e-06
-7.87514e-06
-3.81183e-06
-8.36229e-06
-1.19732e-06
-8.57506e-06
1.37072e-06
-8.39119e-06
3.78098e-06
-7.94671e-06
5.97482e-06
-7.3162e-06
7.90739e-06
-6.50707e-06
9.53894e-06
-5.54682e-06
1.0838e-05
-4.46853e-06
1.17823e-05
-3.30674e-06
1.23604e-05
-2.09663e-06
1.25672e-05
-8.62751e-07
1.24072e-05
3.67176e-07
1.18942e-05
1.56118e-06
1.10471e-05
2.69244e-06
9.89129e-06
3.7357e-06
8.45935e-06
4.66586e-06
6.78987e-06
5.4598e-06
4.92675e-06
6.10279e-06
2.91559e-06
6.58484e-06
8.18829e-07
6.87247e-06
-1.3016e-06
6.87387e-06
-3.31394e-06
6.563e-06
-5.16101e-06
6.07314e-06
-6.79112e-06
5.39869e-06
-8.15437e-06
4.55459e-06
-9.20956e-06
3.57416e-06
-9.92932e-06
2.50083e-06
-1.03019e-05
1.381e-06
-1.03271e-05
2.51155e-07
-1.00204e-05
-8.43122e-07
-9.40895e-06
-1.86236e-06
-8.5257e-06
-2.77987e-06
-7.40994e-06
-3.5733e-06
-6.10288e-06
-4.2284e-06
-4.64497e-06
-4.74245e-06
-3.07739e-06
-5.12097e-06
-1.45804e-06
-5.34643e-06
1.83744e-07
-5.32926e-06
1.74025e-06
-5.11319e-06
3.17689e-06
-4.77448e-06
4.46294e-06
-4.31201e-06
5.56857e-06
-3.73939e-06
6.46894e-06
-3.078e-06
7.14608e-06
-2.35158e-06
7.58965e-06
-1.58494e-06
7.79508e-06
-7.99345e-07
7.76501e-06
-1.32529e-08
7.50932e-06
7.51031e-07
7.04112e-06
1.47479e-06
6.37691e-06
2.14235e-06
5.53789e-06
2.73813e-06
4.54854e-06
3.24863e-06
3.43584e-06
3.66265e-06
2.22755e-06
3.97452e-06
9.56137e-07
4.17878e-06
-3.40101e-07
4.24315e-06
-1.58813e-06
4.12393e-06
-2.75272e-06
3.85021e-06
-3.79651e-06
3.47534e-06
-4.68962e-06
2.99984e-06
-5.40666e-06
2.4385e-06
-5.92908e-06
1.81412e-06
-6.24721e-06
1.15342e-06
-6.35747e-06
4.77856e-07
-6.26616e-06
-1.8591e-07
-5.98758e-06
-8.12719e-07
-5.53961e-06
-1.38554e-06
-4.94343e-06
-1.89058e-06
-4.22234e-06
-2.31775e-06
-3.39982e-06
-2.66262e-06
-2.49991e-06
-2.92684e-06
-1.55384e-06
-3.10231e-06
-5.80633e-07
-3.14589e-06
3.53177e-07
-3.05566e-06
1.22674e-06
-2.87979e-06
2.01605e-06
-2.62138e-06
2.70008e-06
-2.28754e-06
3.26096e-06
-1.89092e-06
3.68526e-06
-1.44696e-06
3.9643e-06
-9.71913e-07
4.09454e-06
-4.82143e-07
4.076e-06
1.05443e-08
3.91387e-06
4.90752e-07
3.61722e-06
9.44063e-07
3.19649e-06
1.36058e-06
2.66484e-06
1.72932e-06
2.03736e-06
2.04047e-06
1.33277e-06
2.27936e-06
5.66514e-07
2.44845e-06
-2.50274e-07
2.5385e-06
-1.07792e-06
2.51977e-06
-1.89893e-06
2.39482e-06
1.88873e-06
1.04576e-05
-1.64554e-05
1.45299e-05
-1.48327e-05
1.80359e-05
-1.29285e-05
2.09253e-05
-1.0793e-05
2.31617e-05
-8.48232e-06
2.47199e-05
-6.04826e-06
2.55853e-05
-3.54046e-06
2.57501e-05
-9.85482e-07
2.5219e-05
1.56926e-06
2.40044e-05
4.06966e-06
2.2128e-05
6.46662e-06
1.96263e-05
8.70349e-06
1.65528e-05
1.07197e-05
1.29736e-05
1.24626e-05
8.96233e-06
1.3896e-05
4.61079e-06
1.49757e-05
5.7205e-08
1.55689e-05
-4.47604e-06
1.54196e-05
-8.77825e-06
1.46326e-05
-1.2683e-05
1.33776e-05
-1.60417e-05
1.16631e-05
-1.87298e-05
9.55034e-06
-2.06574e-05
7.138e-06
-2.17729e-05
4.54275e-06
-2.20897e-05
1.8988e-06
-2.16666e-05
-6.74145e-07
-2.05678e-05
-3.09407e-06
-1.88673e-05
-5.29835e-06
-1.66493e-05
-7.23208e-06
-1.401e-05
-8.84693e-06
-1.10433e-05
-1.0127e-05
-7.83505e-06
-1.10834e-05
-4.47158e-06
-1.17258e-05
-1.0677e-06
-1.19789e-05
2.25307e-06
-1.1712e-05
5.3459e-06
-1.10396e-05
8.14274e-06
-1.0113e-05
1.05901e-05
-8.95446e-06
1.26378e-05
-7.59447e-06
1.42493e-05
-6.0801e-06
1.54003e-05
-4.45772e-06
1.60791e-05
-2.77542e-06
1.62856e-05
-1.06923e-06
1.60323e-05
6.20498e-07
1.53364e-05
2.25706e-06
1.42192e-05
3.80964e-06
1.27109e-05
5.24393e-06
1.08506e-05
6.52623e-06
8.68278e-06
7.62759e-06
6.25653e-06
8.52904e-06
3.62647e-06
9.21489e-06
8.64087e-07
9.63485e-06
-1.89834e-06
9.6363e-06
-4.53824e-06
9.2029e-06
-6.96089e-06
8.49578e-06
-9.0813e-06
7.5191e-06
-1.08276e-05
6.30088e-06
-1.21462e-05
4.89275e-06
-1.30042e-05
3.35885e-06
-1.33932e-05
1.76999e-06
-1.33334e-05
1.91368e-07
-1.28587e-05
-1.31787e-06
-1.20026e-05
-2.71838e-06
-1.08086e-05
-3.97395e-06
-9.32777e-06
-5.05411e-06
-7.61331e-06
-5.94286e-06
-5.71816e-06
-6.6376e-06
-3.69676e-06
-7.14238e-06
-1.6136e-06
-7.42959e-06
4.7363e-07
-7.4165e-06
2.45779e-06
-7.09735e-06
4.28109e-06
-6.59779e-06
5.90483e-06
-5.93576e-06
7.28905e-06
-5.1236e-06
8.40352e-06
-4.19246e-06
9.22768e-06
-3.17574e-06
9.75078e-06
-2.10804e-06
9.97127e-06
-1.01983e-06
9.8976e-06
6.04194e-08
9.54358e-06
1.10506e-06
8.92499e-06
2.09339e-06
8.06205e-06
3.00529e-06
6.98061e-06
3.81958e-06
5.71057e-06
4.51867e-06
4.28193e-06
5.09129e-06
2.72532e-06
5.53112e-06
1.08013e-06
5.82396e-06
-5.85365e-07
5.90864e-06
-2.18337e-06
5.72193e-06
-3.67552e-06
5.34236e-06
-5.00772e-06
4.80753e-06
-6.1354e-06
4.12752e-06
-7.02468e-06
3.32778e-06
-7.65254e-06
2.44197e-06
-8.00929e-06
1.51017e-06
-8.09826e-06
5.66821e-07
-7.93439e-06
-3.4977e-07
-7.53638e-06
-1.21073e-06
-6.92714e-06
-1.99478e-06
-6.1347e-06
-2.68301e-06
-5.18907e-06
-3.26337e-06
-4.1212e-06
-3.73049e-06
-2.96252e-06
-4.08551e-06
-1.74683e-06
-4.318e-06
-5.05502e-07
-4.38722e-06
6.93918e-07
-4.25508e-06
1.80757e-06
-3.99345e-06
2.81044e-06
-3.62424e-06
3.67507e-06
-3.15217e-06
4.37818e-06
-2.59403e-06
4.90388e-06
-1.97265e-06
5.24227e-06
-1.3103e-06
5.39026e-06
-6.30139e-07
5.35197e-06
4.88327e-08
5.13665e-06
7.06079e-07
4.75478e-06
1.32593e-06
4.21851e-06
1.89685e-06
3.54329e-06
2.40454e-06
2.74649e-06
2.83729e-06
1.84755e-06
3.17832e-06
8.61083e-07
3.43495e-06
-1.99817e-07
3.59946e-06
-1.28265e-06
3.60272e-06
-2.35525e-06
3.46753e-06
2.89018e-06
1.54123e-05
-2.31308e-05
2.11535e-05
-2.05739e-05
2.59404e-05
-1.77154e-05
2.97936e-05
-1.46462e-05
3.27097e-05
-1.13984e-05
3.46816e-05
-8.02015e-06
3.57082e-05
-4.56714e-06
3.58174e-05
-1.09471e-06
3.504e-05
2.34664e-06
3.33838e-05
5.72594e-06
3.08694e-05
8.98099e-06
2.75365e-05
1.20364e-05
2.34449e-05
1.48113e-05
1.86707e-05
1.72368e-05
1.32986e-05
1.9268e-05
7.43151e-06
2.08427e-05
1.23366e-06
2.17667e-05
-5.14487e-06
2.17981e-05
-1.13526e-05
2.08404e-05
-1.71106e-05
1.91356e-05
-2.21838e-05
1.67363e-05
-2.63703e-05
1.37368e-05
-2.94989e-05
1.02666e-05
-3.1431e-05
6.47483e-06
-3.20804e-05
2.5482e-06
-3.15073e-05
-1.24717e-06
-2.98616e-05
-4.73984e-06
-2.72726e-05
-7.88732e-06
-2.38998e-05
-1.06049e-05
-1.99258e-05
-1.28209e-05
-1.55178e-05
-1.45349e-05
-1.08297e-05
-1.57715e-05
-5.99045e-06
-1.6565e-05
-1.13397e-06
-1.68354e-05
3.62795e-06
-1.64739e-05
8.03938e-06
-1.5451e-05
1.19287e-05
-1.40024e-05
1.52505e-05
-1.22762e-05
1.79819e-05
-1.03259e-05
2.01008e-05
-8.19899e-06
2.15795e-05
-5.93641e-06
2.24046e-05
-3.60049e-06
2.25968e-05
-1.26143e-06
2.21923e-05
1.02498e-06
2.12131e-05
3.23624e-06
1.96814e-05
5.34133e-06
1.76325e-05
7.29283e-06
1.51131e-05
9.0456e-06
1.21773e-05
1.05634e-05
8.88245e-06
1.18239e-05
5.28855e-06
1.28088e-05
1.48066e-06
1.34427e-05
-2.40664e-06
1.35236e-05
-6.20567e-06
1.30019e-05
-9.72979e-06
1.20199e-05
-1.28424e-05
1.06317e-05
-1.54284e-05
8.88688e-06
-1.73921e-05
6.85642e-06
-1.86575e-05
4.62435e-06
-1.91812e-05
2.29361e-06
-1.90039e-05
1.40589e-08
-1.82072e-05
-2.11454e-06
-1.68572e-05
-4.06841e-06
-1.50365e-05
-5.79462e-06
-1.28342e-05
-7.25642e-06
-1.03352e-05
-8.44193e-06
-7.62411e-06
-9.34864e-06
-4.77487e-06
-9.99164e-06
-1.85778e-06
-1.03467e-05
1.05279e-06
-1.03271e-05
3.84096e-06
-9.88553e-06
6.35215e-06
-9.10898e-06
8.54474e-06
-8.12834e-06
1.0383e-05
-6.96188e-06
1.18472e-05
-5.65665e-06
1.29106e-05
-4.23909e-06
1.35535e-05
-2.75092e-06
1.37833e-05
-1.24968e-06
1.36248e-05
2.18961e-07
1.31003e-05
1.62954e-06
1.223e-05
2.96373e-06
1.10359e-05
4.19935e-06
9.55109e-06
5.30439e-06
7.81247e-06
6.2573e-06
5.85609e-06
7.04767e-06
3.71769e-06
7.66953e-06
1.4467e-06
8.09495e-06
-8.71084e-07
8.22642e-06
-3.14586e-06
7.9967e-06
-5.27098e-06
7.46748e-06
-7.16702e-06
6.70357e-06
-8.76665e-06
5.72715e-06
-1.00164e-05
4.57755e-06
-1.08727e-05
3.29829e-06
-1.13076e-05
1.94507e-06
-1.13402e-05
5.99389e-07
-1.10129e-05
-6.77106e-07
-1.03593e-05
-1.8643e-06
-9.42101e-06
-2.93306e-06
-8.24258e-06
-3.86144e-06
-6.86797e-06
-4.63798e-06
-5.34533e-06
-5.25313e-06
-3.71875e-06
-5.71209e-06
-2.02656e-06
-6.01018e-06
-3.10305e-07
-6.10348e-06
1.37795e-06
-5.94333e-06
2.92662e-06
-5.54212e-06
4.29662e-06
-4.99424e-06
5.45792e-06
-4.31347e-06
6.39352e-06
-3.52963e-06
7.08639e-06
-2.66552e-06
7.51835e-06
-1.74225e-06
7.68428e-06
-7.96067e-07
7.59909e-06
1.3402e-07
7.28273e-06
1.02244e-06
6.74905e-06
1.85961e-06
6.01205e-06
2.63387e-06
5.0905e-06
3.3261e-06
4.00598e-06
3.92183e-06
2.78092e-06
4.40341e-06
1.42976e-06
4.78612e-06
-2.50793e-08
5.05436e-06
-1.53692e-06
5.11467e-06
-3.03273e-06
4.96341e-06
4.28661e-06
1.5605e-05
-3.33004e-05
2.46435e-05
-2.96125e-05
3.21289e-05
-2.52008e-05
3.80207e-05
-2.0538e-05
4.23564e-05
-1.57342e-05
4.52302e-05
-1.0894e-05
4.67167e-05
-6.05371e-06
4.69252e-05
-1.30318e-06
4.59859e-05
3.28597e-06
4.39837e-05
7.72804e-06
4.09706e-05
1.19942e-05
3.69902e-05
1.60168e-05
3.21104e-05
1.96911e-05
2.64214e-05
2.29257e-05
2.00371e-05
2.56524e-05
1.31041e-05
2.77757e-05
5.77202e-06
2.90988e-05
-1.83565e-06
2.94058e-05
-9.50017e-06
2.85049e-05
-1.69072e-05
2.65426e-05
-2.37369e-05
2.3566e-05
-2.97695e-05
1.97694e-05
-3.48199e-05
1.5317e-05
-3.87241e-05
1.0379e-05
-4.13225e-05
5.14666e-06
-4.23804e-05
-1.89326e-07
-4.17502e-05
-5.37003e-06
-3.9531e-05
-1.01065e-05
-3.59242e-05
-1.42117e-05
-3.11472e-05
-1.7598e-05
-2.54514e-05
-2.02307e-05
-1.91487e-05
-2.20742e-05
-1.24979e-05
-2.32158e-05
-5.67348e-06
-2.36599e-05
1.18051e-06
-2.33279e-05
7.81266e-06
-2.20831e-05
1.39037e-05
-2.00935e-05
1.91404e-05
-1.75129e-05
2.33927e-05
-1.45782e-05
2.66479e-05
-1.14541e-05
2.89257e-05
-8.21427e-06
3.02599e-05
-4.9347e-06
3.06813e-05
-1.68276e-06
3.02759e-05
1.43033e-06
2.91337e-05
4.37843e-06
2.72931e-05
7.18199e-06
2.48049e-05
9.78097e-06
2.17166e-05
1.21339e-05
1.80912e-05
1.41887e-05
1.40097e-05
1.59055e-05
9.55679e-06
1.72617e-05
4.80369e-06
1.81958e-05
-1.14051e-07
1.84413e-05
-5.12185e-06
1.80097e-05
-9.99327e-06
1.68913e-05
-1.44918e-05
1.51302e-05
-1.84603e-05
1.28554e-05
-2.17728e-05
1.01689e-05
-2.43124e-05
7.164e-06
-2.59808e-05
3.96197e-06
-2.66632e-05
6.96501e-07
-2.63178e-05
-2.46002e-06
-2.50341e-05
-5.35206e-06
-2.29308e-05
-7.89798e-06
-2.01268e-05
-1.00604e-05
-1.6759e-05
-1.18097e-05
-1.30015e-05
-1.31062e-05
-8.99898e-06
-1.39941e-05
-4.86202e-06
-1.44837e-05
-6.65767e-07
-1.45233e-05
3.48308e-06
-1.40344e-05
7.39232e-06
-1.30182e-05
1.08841e-05
-1.16201e-05
1.37964e-05
-9.87414e-06
1.60998e-05
-7.96006e-06
1.77837e-05
-5.923e-06
1.88587e-05
-3.82588e-06
1.93279e-05
-1.71892e-06
1.92283e-05
3.18628e-07
1.86274e-05
2.23044e-06
1.75655e-05
4.0256e-06
1.60731e-05
5.69172e-06
1.41942e-05
7.18334e-06
1.19692e-05
8.48224e-06
9.44659e-06
9.57033e-06
6.68134e-06
1.04348e-05
3.7291e-06
1.10472e-05
6.44072e-07
1.13114e-05
-2.51215e-06
1.11529e-05
-5.60304e-06
1.05584e-05
-8.47428e-06
9.5748e-06
-1.1009e-05
8.26189e-06
-1.3127e-05
6.69559e-06
-1.47599e-05
4.93118e-06
-1.58546e-05
3.03968e-06
-1.63549e-05
1.09978e-06
-1.62443e-05
-7.87783e-07
-1.55789e-05
-2.52971e-06
-1.44293e-05
-4.08264e-06
-1.28605e-05
-5.43016e-06
-1.09443e-05
-6.55426e-06
-8.77653e-06
-7.42087e-06
-6.44295e-06
-8.04566e-06
-4.00872e-06
-8.44442e-06
-1.5191e-06
-8.59309e-06
9.82465e-07
-8.4449e-06
3.39104e-06
-7.95069e-06
5.60897e-06
-7.21218e-06
7.51111e-06
-6.21561e-06
9.04532e-06
-5.06384e-06
1.01972e-05
-3.81737e-06
1.09588e-05
-2.50384e-06
1.13327e-05
-1.17003e-06
1.13285e-05
1.38265e-07
1.09817e-05
1.36921e-06
1.03303e-05
2.51102e-06
9.39489e-06
3.5693e-06
8.20352e-06
4.51749e-06
6.78683e-06
5.33854e-06
5.17171e-06
6.01855e-06
3.38887e-06
6.569e-06
1.4666e-06
6.97666e-06
-6.19938e-07
7.20124e-06
-2.79027e-06
7.13383e-06
6.35411e-06
6.38762e-06
-4.53911e-05
1.80572e-05
-4.12821e-05
2.86159e-05
-3.57595e-05
3.75944e-05
-2.95165e-05
4.4562e-05
-2.27018e-05
4.94686e-05
-1.58007e-05
5.24223e-05
-9.00737e-06
5.35489e-05
-2.42982e-06
5.30182e-05
3.81672e-06
5.1093e-05
9.65325e-06
4.7975e-05
1.51121e-05
4.37718e-05
2.02201e-05
3.86012e-05
2.48617e-05
3.25759e-05
2.8951e-05
2.58349e-05
3.23933e-05
1.85611e-05
3.50495e-05
1.09546e-05
3.67053e-05
3.21561e-06
3.71448e-05
-4.59198e-06
3.63125e-05
-1.22307e-05
3.41813e-05
-1.94456e-05
3.07809e-05
-2.60467e-05
2.63706e-05
-3.18725e-05
2.11428e-05
-3.6764e-05
1.52704e-05
-4.06396e-05
9.02231e-06
-4.34534e-05
2.62448e-06
-4.50666e-05
-3.75686e-06
-4.51927e-05
-9.98041e-06
-4.36059e-05
-1.57985e-05
-4.03391e-05
-2.08648e-05
-3.55921e-05
-2.49777e-05
-2.96573e-05
-2.80091e-05
-2.281e-05
-3.00631e-05
-1.54124e-05
-3.10575e-05
-7.71832e-06
-3.1022e-05
1.93094e-07
-2.99946e-05
8.06608e-06
-2.79665e-05
1.54421e-05
-2.4889e-05
2.19876e-05
-2.11237e-05
2.74092e-05
-1.68757e-05
3.15008e-05
-1.23059e-05
3.42758e-05
-7.70972e-06
3.57975e-05
-3.20445e-06
3.61053e-05
1.12251e-06
3.53115e-05
5.17221e-06
3.35941e-05
8.89944e-06
3.10738e-05
1.23012e-05
2.78269e-05
1.53809e-05
2.39512e-05
1.80644e-05
1.95532e-05
2.03034e-05
1.47607e-05
2.20541e-05
9.73137e-06
2.32252e-05
4.51542e-06
2.36573e-05
-7.96278e-07
2.33214e-05
-6.0597e-06
2.21547e-05
-1.10841e-05
2.01546e-05
-1.57256e-05
1.74969e-05
-1.98618e-05
1.43051e-05
-2.33677e-05
1.06699e-05
-2.61844e-05
6.77866e-06
-2.82802e-05
2.79221e-06
-2.95653e-05
-1.17491e-06
-2.98722e-05
-5.04517e-06
-2.90778e-05
-8.69239e-06
-2.72142e-05
-1.1924e-05
-2.44068e-05
-1.46171e-05
-2.08277e-05
-1.66853e-05
-1.66382e-05
-1.81837e-05
-1.20561e-05
-1.90657e-05
-7.26105e-06
-1.93184e-05
-2.30266e-06
-1.89928e-05
2.74029e-06
-1.80612e-05
7.60525e-06
-1.64851e-05
1.20604e-05
-1.43293e-05
1.59473e-05
-1.1847e-05
1.90713e-05
-9.04701e-06
2.13599e-05
-6.11447e-06
2.28341e-05
-3.19315e-06
2.3511e-05
-3.58258e-07
2.34072e-05
2.33424e-06
2.26053e-05
4.82746e-06
2.12081e-05
7.08899e-06
1.92977e-05
9.09373e-06
1.69292e-05
1.08507e-05
1.41812e-05
1.23184e-05
1.11467e-05
1.34693e-05
7.91811e-06
1.42757e-05
4.55651e-06
1.4673e-05
1.09909e-06
1.46103e-05
-2.3935e-06
1.4051e-05
-5.78486e-06
1.29662e-05
-8.96823e-06
1.14453e-05
-1.18556e-05
9.58292e-06
-1.43441e-05
7.41972e-06
-1.63669e-05
5.06245e-06
-1.79005e-05
2.6334e-06
-1.88995e-05
2.1127e-07
-1.92758e-05
-2.1534e-06
-1.89603e-05
-4.39814e-06
-1.79747e-05
-6.41579e-06
-1.63947e-05
-8.13424e-06
-1.43159e-05
-9.49969e-06
-1.1843e-05
-1.05185e-05
-9.09589e-06
-1.11916e-05
-6.19267e-06
-1.14963e-05
-3.1958e-06
-1.14418e-05
-1.06605e-07
-1.10399e-05
2.95252e-06
-1.02713e-05
5.82652e-06
-9.0896e-06
8.4102e-06
-7.64752e-06
1.06136e-05
-6.0208e-06
1.23197e-05
-4.2099e-06
1.35122e-05
-2.36254e-06
1.41948e-05
-5.44336e-07
1.43615e-05
1.20249e-06
1.40331e-05
2.83949e-06
1.32676e-05
4.33478e-06
1.21224e-05
5.6627e-06
1.06529e-05
6.80802e-06
8.89436e-06
7.77712e-06
6.91112e-06
8.55223e-06
4.7889e-06
9.09888e-06
2.5036e-06
9.48659e-06
-1.84912e-08
9.65599e-06
8.89207e-06
-3.67563e-06
-5.62308e-05
7.26582e-06
-5.22236e-05
1.81397e-05
-4.66335e-05
2.82215e-05
-3.95984e-05
3.69083e-05
-3.13886e-05
4.38811e-05
-2.27734e-05
4.88758e-05
-1.40021e-05
5.18934e-05
-5.44743e-06
5.30158e-05
2.69434e-06
5.22809e-05
1.03881e-05
4.9858e-05
1.7535e-05
4.6033e-05
2.4045e-05
4.10412e-05
2.98535e-05
3.50824e-05
3.49098e-05
2.83923e-05
3.90834e-05
2.12027e-05
4.22391e-05
1.37813e-05
4.41267e-05
6.34796e-06
4.45781e-05
-9.07848e-07
4.35683e-05
-7.85402e-06
4.11274e-05
-1.44276e-05
3.73545e-05
-2.04675e-05
3.24105e-05
-2.57831e-05
2.64585e-05
-3.02557e-05
1.9743e-05
-3.39094e-05
1.2676e-05
-3.67637e-05
5.47881e-06
-3.88282e-05
-1.69238e-06
-4.00518e-05
-8.75677e-06
-4.02852e-05
-1.55651e-05
-3.92899e-05
-2.18601e-05
-3.68598e-05
-2.74078e-05
-3.29953e-05
-3.18736e-05
-2.78963e-05
-3.51621e-05
-2.18846e-05
-3.70692e-05
-1.5228e-05
-3.76786e-05
-8.2322e-06
-3.69903e-05
-1.09066e-06
-3.5108e-05
6.1781e-06
-3.21577e-05
1.32917e-05
-2.82374e-05
1.97823e-05
-2.33662e-05
2.53467e-05
-1.78703e-05
2.98103e-05
-1.21733e-05
3.30008e-05
-6.39502e-06
3.49263e-05
-8.02964e-07
3.55968e-05
4.50173e-06
3.49874e-05
9.50877e-06
3.31983e-05
1.40904e-05
3.04332e-05
1.81459e-05
2.68609e-05
2.16367e-05
2.26517e-05
2.45126e-05
1.79913e-05
2.67145e-05
1.30575e-05
2.8159e-05
8.04391e-06
2.86709e-05
3.08955e-06
2.82758e-05
-1.70816e-06
2.69524e-05
-6.3203e-06
2.47667e-05
-1.06399e-05
2.18165e-05
-1.45264e-05
1.81916e-05
-1.78868e-05
1.40303e-05
-2.0723e-05
9.61485e-06
-2.30318e-05
5.10103e-06
-2.48154e-05
6.08609e-07
-2.60595e-05
-3.80099e-06
-2.66752e-05
-8.07674e-06
-2.65061e-05
-1.2093e-05
-2.54124e-05
-1.57108e-05
-2.33747e-05
-1.8723e-05
-2.05003e-05
-2.10581e-05
-1.69574e-05
-2.26086e-05
-1.29145e-05
-2.33613e-05
-8.58979e-06
-2.33175e-05
-4.13496e-06
-2.2516e-05
4.04545e-07
-2.10246e-05
5.00148e-06
-1.89262e-05
9.40278e-06
-1.62483e-05
1.33601e-05
-1.30043e-05
1.67477e-05
-9.50207e-06
1.94572e-05
-5.90261e-06
2.14039e-05
-2.30492e-06
2.25759e-05
1.16216e-06
2.29495e-05
4.45392e-06
2.24854e-05
7.5531e-06
2.12462e-05
1.03329e-05
1.93703e-05
1.27266e-05
1.69696e-05
1.47191e-05
1.41749e-05
1.6264e-05
1.11115e-05
1.73391e-05
7.88262e-06
1.79019e-05
4.64618e-06
1.78468e-05
1.45378e-06
1.72434e-05
-1.67312e-06
1.60931e-05
-4.67877e-06
1.44509e-05
-7.4588e-06
1.23629e-05
-9.92969e-06
9.89061e-06
-1.20735e-05
7.20629e-06
-1.38844e-05
4.44431e-06
-1.53403e-05
1.66712e-06
-1.64363e-05
-1.05735e-06
-1.71365e-05
-3.69791e-06
-1.7348e-05
-6.20434e-06
-1.69803e-05
-8.50191e-06
-1.60046e-05
-1.04755e-05
-1.44718e-05
-1.20513e-05
-1.24706e-05
-1.31928e-05
-1.01237e-05
-1.38432e-05
-7.5426e-06
-1.40229e-05
-4.85044e-06
-1.3732e-05
-2.12729e-06
-1.29945e-05
6.52055e-07
-1.18689e-05
3.41904e-06
-1.04145e-05
6.01201e-06
-8.61377e-06
8.31154e-06
-6.50942e-06
1.02792e-05
-4.33022e-06
1.18365e-05
-2.10163e-06
1.29415e-05
9.75076e-08
1.3569e-05
2.21193e-06
1.36846e-05
4.21921e-06
1.32582e-05
6.08913e-06
1.2329e-05
7.73721e-06
1.09825e-05
9.12366e-06
9.25964e-06
1.02751e-05
7.30933e-06
1.10492e-05
5.21886e-06
1.15771e-05
2.93501e-06
1.19399e-05
1.12986e-05
-7.57631e-06
1.3146e-06
9.96582e-06
1.82831e-05
2.62011e-05
3.31581e-05
3.87584e-05
4.28705e-05
4.5422e-05
4.63841e-05
4.56727e-05
4.33646e-05
3.96917e-05
3.48724e-05
2.91258e-05
2.2675e-05
1.58387e-05
8.90151e-06
2.08461e-06
-4.40732e-06
-1.03837e-05
-1.57051e-05
-2.03545e-05
-2.4356e-05
-2.7598e-05
-3.00561e-05
-3.17919e-05
-3.27998e-05
-3.30075e-05
-3.24377e-05
-3.11312e-05
-2.89093e-05
-2.56301e-05
-2.13346e-05
-1.63666e-05
-1.09555e-05
-5.32752e-06
2.75398e-07
5.6907e-06
1.09582e-05
1.59986e-05
2.04394e-05
2.41209e-05
2.69519e-05
2.88435e-05
2.97147e-05
2.94806e-05
2.81762e-05
2.58984e-05
2.27681e-05
1.89572e-05
1.46922e-05
1.02123e-05
5.71258e-06
1.34851e-06
-2.73766e-06
-6.43589e-06
-9.73209e-06
-1.26672e-05
-1.51677e-05
-1.71931e-05
-1.87579e-05
-1.98961e-05
-2.05543e-05
-2.07061e-05
-2.03873e-05
-1.95215e-05
-1.80071e-05
-1.58123e-05
-1.30529e-05
-9.92957e-06
-6.56541e-06
-3.1268e-06
2.25267e-07
3.42617e-06
6.55796e-06
9.53155e-06
1.21632e-05
1.44125e-05
1.61915e-05
1.74282e-05
1.80493e-05
1.80003e-05
1.72935e-05
1.59561e-05
1.40522e-05
1.16892e-05
9.05471e-06
6.27806e-06
3.49994e-06
8.32017e-07
-1.63094e-06
-3.85621e-06
-5.88351e-06
-7.69468e-06
-9.22942e-06
-1.0491e-05
-1.14898e-05
-1.22153e-05
-1.26309e-05
-1.27413e-05
-1.25291e-05
-1.19334e-05
-1.09088e-05
-9.47799e-06
-7.76184e-06
-5.85346e-06
-3.83706e-06
-1.82427e-06
7.4562e-08
1.85854e-06
3.60732e-06
5.25174e-06
6.72121e-06
7.97962e-06
8.96802e-06
9.63103e-06
9.92686e-06
9.81857e-06
9.31145e-06
8.36514e-06
7.03225e-06
5.43315e-06
3.66485e-06
)
;

boundaryField
{
    inlet
    {
        type            calculated;
        value           nonuniform List<scalar> 0();
    }
    outlet
    {
        type            calculated;
        value           nonuniform List<scalar> 
16
(
-1.11184e-06
-1.71415e-06
-2.1359e-06
-2.65252e-06
-3.35666e-06
-4.42912e-06
-4.85775e-06
-2.55642e-06
5.28476e-07
1.7271e-06
1.0908e-06
1.87086e-07
-2.07645e-07
-4.06522e-07
2.46164e-07
-4.13222e-07
)
;
    }
    topWall
    {
        type            calculated;
        value           nonuniform List<scalar> 0();
    }
    lowerWall
    {
        type            calculated;
        value           uniform 0;
    }
    leadingEdge
    {
        type            calculated;
        value           nonuniform List<scalar> 0();
    }
    trailingEdge
    {
        type            calculated;
        value           nonuniform List<scalar> 0();
    }
    upperSurface
    {
        type            calculated;
        value           nonuniform List<scalar> 0();
    }
    lowerSurface
    {
        type            calculated;
        value           nonuniform List<scalar> 0();
    }
    frontAndBack
    {
        type            empty;
        value           nonuniform List<scalar> 0();
    }
    procBoundary3to2
    {
        type            processor;
        value           nonuniform List<scalar> 
15
(
1.42707e-05
1.1484e-05
8.96377e-06
6.47334e-06
2.69645e-06
-9.35769e-07
-2.8029e-06
-2.98385e-06
-3.74991e-06
-5.87774e-06
-8.73702e-06
-5.43538e-06
5.70306e-06
1.45153e-05
1.644e-05
)
;
    }
    procBoundary3to7
    {
        type            processor;
        value           nonuniform List<scalar> 
126
(
-8.43519e-05
-8.1262e-05
-7.53355e-05
-6.65642e-05
-5.51246e-05
-4.17398e-05
-2.78843e-05
-1.5572e-05
-7.18146e-06
-8.99046e-07
1.61061e-05
2.75812e-05
3.80095e-05
4.70496e-05
5.45419e-05
6.05607e-05
6.50928e-05
6.73835e-05
6.67007e-05
6.38456e-05
5.87213e-05
5.13059e-05
4.18182e-05
3.09617e-05
2.00143e-05
1.06562e-05
4.96442e-06
-1.48155e-06
-1.43933e-05
-2.33159e-05
-3.13437e-05
-3.8224e-05
-4.3906e-05
-4.84494e-05
-5.1726e-05
-5.30091e-05
-5.21051e-05
-4.9523e-05
-4.51383e-05
-3.89188e-05
-3.10845e-05
-2.23264e-05
-1.38304e-05
-7.05039e-06
-3.56617e-06
3.94439e-06
1.26212e-05
1.95568e-05
2.56949e-05
3.08724e-05
3.51149e-05
3.84744e-05
4.07908e-05
4.13232e-05
4.03614e-05
3.80373e-05
3.42618e-05
2.90514e-05
2.26761e-05
1.57861e-05
9.35948e-06
4.53481e-06
2.23759e-06
-5.04012e-06
-1.12384e-05
-1.64541e-05
-2.10332e-05
-2.48646e-05
-2.79817e-05
-3.04188e-05
-3.19749e-05
-3.20224e-05
-3.10368e-05
-2.89709e-05
-2.57616e-05
-2.14311e-05
-1.62641e-05
-1.08882e-05
-6.15657e-06
-2.97679e-06
-8.29185e-07
5.52519e-06
9.85318e-06
1.37621e-05
1.71653e-05
1.99956e-05
2.2284e-05
2.40282e-05
2.49766e-05
2.48155e-05
2.384e-05
2.19953e-05
1.92601e-05
1.57218e-05
1.1668e-05
7.60275e-06
4.14831e-06
1.97105e-06
-3.39021e-07
-4.96429e-06
-8.24856e-06
-1.11708e-05
-1.36674e-05
-1.57198e-05
-1.73574e-05
-1.85558e-05
-1.90384e-05
-1.87023e-05
-1.77297e-05
-1.60759e-05
-1.37318e-05
-1.07918e-05
-7.5479e-06
-4.44774e-06
-1.93673e-06
-4.5543e-07
2.25171e-06
5.52024e-06
8.148e-06
1.04993e-05
1.24965e-05
1.4204e-05
1.56677e-05
6.01938e-07
1.65431e-05
1.66097e-05
)
;
    }
}


// ************************************************************************* //
