/*--------------------------------*- C++ -*----------------------------------*\
| =========                 |                                                 |
| \\      /  F ield         | OpenFOAM: The Open Source CFD Toolbox           |
|  \\    /   O peration     | Version:  2206                                  |
|   \\  /    A nd           | Website:  www.openfoam.com                      |
|    \\/     M anipulation  |                                                 |
\*---------------------------------------------------------------------------*/
FoamFile
{
    version     2.0;
    format      ascii;
    arch        "LSB;label=32;scalar=64";
    class       surfaceScalarField;
    location    "19.4001";
    object      phi_0;
}
// * * * * * * * * * * * * * * * * * * * * * * * * * * * * * * * * * * * * * //

dimensions      [0 3 -1 0 0 0 0];

oriented        oriented;

internalField   nonuniform List<scalar> 
3539
(
5.9323e-06
5.50416e-08
-4.58466e-08
5.9284e-06
1.45159e-08
-1.06149e-08
5.92985e-06
-2.65473e-08
2.50909e-08
5.93635e-06
-6.62223e-08
5.9724e-08
5.94732e-06
-1.02775e-07
9.18083e-08
5.96194e-06
-1.3464e-07
1.20012e-07
5.97932e-06
-1.60636e-07
1.43259e-07
5.9986e-06
-1.80085e-07
1.60802e-07
6.01915e-06
-1.92775e-07
1.72229e-07
6.04049e-06
-1.98767e-07
1.77426e-07
6.06213e-06
-1.98126e-07
1.76486e-07
6.08351e-06
-1.90941e-07
1.69565e-07
6.10399e-06
-1.7738e-07
1.569e-07
6.12301e-06
-1.58081e-07
1.39052e-07
6.14014e-06
-1.33944e-07
1.1682e-07
6.1549e-06
-1.05877e-07
9.11139e-08
6.16675e-06
-7.48716e-08
6.30209e-08
6.17515e-06
-4.21478e-08
3.37463e-08
6.17985e-06
-9.15435e-09
4.4525e-09
6.18081e-06
2.28425e-08
-2.38024e-08
6.17814e-06
5.27491e-08
-5.00711e-08
6.17207e-06
7.96e-08
-7.35326e-08
6.16295e-06
1.02611e-07
-9.34943e-08
6.15113e-06
1.21213e-07
-1.09392e-07
6.13692e-06
1.35036e-07
-1.20822e-07
6.12075e-06
1.43884e-07
-1.27714e-07
6.10316e-06
1.47759e-07
-1.30174e-07
6.08474e-06
1.46817e-07
-1.28393e-07
6.0661e-06
1.41232e-07
-1.22593e-07
6.04796e-06
1.31178e-07
-1.13035e-07
6.03101e-06
1.17044e-07
-1.00094e-07
6.01586e-06
9.93561e-08
-8.42133e-08
6.00305e-06
7.86391e-08
-6.58243e-08
5.993e-06
5.54308e-08
-4.53845e-08
5.98611e-06
3.03625e-08
-2.34653e-08
5.98261e-06
4.35933e-09
-8.59892e-10
5.98247e-06
-2.1414e-08
2.15556e-08
5.98549e-06
-4.59245e-08
4.28983e-08
5.99135e-06
-6.81878e-08
6.23329e-08
5.99957e-06
-8.73497e-08
7.91268e-08
6.00965e-06
-1.02781e-07
9.26973e-08
6.02115e-06
-1.1413e-07
1.02638e-07
6.0337e-06
-1.21273e-07
1.08723e-07
6.04698e-06
-1.24211e-07
1.10922e-07
6.06065e-06
-1.22968e-07
1.09303e-07
6.0743e-06
-1.17595e-07
1.03941e-07
6.08751e-06
-1.0821e-07
9.50033e-08
6.09989e-06
-9.52301e-08
8.28533e-08
6.11111e-06
-7.92058e-08
6.79818e-08
6.12084e-06
-6.07137e-08
5.09817e-08
6.12868e-06
-4.04043e-08
3.25645e-08
6.13428e-06
-1.91224e-08
1.35252e-08
6.13748e-06
2.16733e-09
-5.37116e-09
6.13827e-06
2.26476e-08
-2.34366e-08
6.13673e-06
4.15992e-08
-4.00578e-08
6.13304e-06
5.8399e-08
-5.47122e-08
6.12745e-06
7.25614e-08
-6.69711e-08
6.12019e-06
8.37527e-08
-7.64837e-08
6.11141e-06
9.17744e-08
-8.30023e-08
6.10139e-06
9.6527e-08
-8.64999e-08
6.09042e-06
9.80183e-08
-8.70469e-08
6.07882e-06
9.63609e-08
-8.47705e-08
6.067e-06
9.16498e-08
-7.9822e-08
6.05537e-06
8.40361e-08
-7.24046e-08
6.04435e-06
7.38257e-08
-6.28069e-08
6.03434e-06
6.13921e-08
-5.13868e-08
6.02573e-06
4.71144e-08
-3.85009e-08
6.01885e-06
3.14148e-08
-2.4537e-08
6.01398e-06
1.48366e-08
-9.97021e-09
6.01124e-06
-1.94529e-09
4.69065e-09
6.01059e-06
-1.82684e-08
1.89117e-08
6.01194e-06
-3.35298e-08
3.21815e-08
6.01508e-06
-4.71766e-08
4.40384e-08
6.01974e-06
-5.87506e-08
5.40891e-08
6.02565e-06
-6.79354e-08
6.20285e-08
6.03257e-06
-7.45583e-08
6.76391e-08
6.0403e-06
-7.85568e-08
7.08282e-08
6.04862e-06
-7.99393e-08
7.16205e-08
6.0573e-06
-7.87639e-08
7.00775e-08
6.06611e-06
-7.50759e-08
6.62639e-08
6.07477e-06
-6.89601e-08
6.03017e-08
6.08303e-06
-6.06764e-08
5.24238e-08
6.09065e-06
-5.0554e-08
4.29321e-08
6.09738e-06
-3.89425e-08
3.22124e-08
6.10293e-06
-2.62539e-08
2.07008e-08
6.10707e-06
-1.30329e-08
8.88856e-09
6.10972e-06
1.26339e-10
-2.76777e-09
6.11083e-06
1.27308e-08
-1.38456e-08
6.11047e-06
2.43341e-08
-2.3973e-08
6.10875e-06
3.45549e-08
-3.28387e-08
6.10584e-06
4.31034e-08
-4.01933e-08
6.10188e-06
4.97991e-08
-4.58345e-08
6.09696e-06
5.45385e-08
-4.96151e-08
6.09121e-06
5.72663e-08
-5.15221e-08
6.08482e-06
5.79859e-08
-5.15968e-08
6.07797e-06
5.67713e-08
-4.99211e-08
6.07088e-06
5.36849e-08
-4.65935e-08
6.0638e-06
4.8832e-08
-4.17502e-08
6.05697e-06
4.24124e-08
-3.55844e-08
6.05065e-06
3.46648e-08
-2.83433e-08
6.0451e-06
2.58385e-08
-2.0284e-08
6.04055e-06
1.62456e-08
-1.17e-08
6.03718e-06
6.27215e-09
-2.90692e-09
6.03506e-06
-3.65263e-09
5.77442e-09
6.03419e-06
-1.31547e-08
1.40308e-08
6.03449e-06
-2.18783e-08
2.15733e-08
6.03585e-06
-2.9516e-08
2.81528e-08
6.03812e-06
-3.58349e-08
3.35702e-08
6.04115e-06
-4.06984e-08
3.7671e-08
6.04484e-06
-4.40406e-08
4.03494e-08
6.04909e-06
-4.58379e-08
4.15909e-08
6.05376e-06
-4.60983e-08
4.14195e-08
6.05875e-06
-4.48642e-08
3.98785e-08
6.06389e-06
-4.21548e-08
3.70173e-08
6.06901e-06
-3.80643e-08
3.2939e-08
6.07398e-06
-3.27492e-08
2.77776e-08
6.07866e-06
-2.64595e-08
2.17853e-08
6.08287e-06
-1.92245e-08
1.50127e-08
6.08646e-06
-1.17569e-08
8.16767e-09
6.08917e-06
-3.36925e-09
6.54942e-10
6.09134e-06
3.27717e-09
-5.44644e-09
1.40476e-08
-1.50204e-08
6.29001e-06
1.03897e-07
6.28354e-06
6.15089e-08
6.28161e-06
1.64448e-08
6.2843e-06
-2.92276e-08
6.29124e-06
-7.3167e-08
6.30181e-06
-1.13343e-07
6.3151e-06
-1.47932e-07
6.33009e-06
-1.75627e-07
6.34584e-06
-1.95829e-07
6.36172e-06
-2.0866e-07
6.37766e-06
-2.1471e-07
6.39377e-06
-2.14231e-07
6.40965e-06
-2.06821e-07
6.42467e-06
-1.92402e-07
6.43844e-06
-1.71847e-07
6.45062e-06
-1.46128e-07
6.46092e-06
-1.16177e-07
6.46901e-06
-8.29596e-08
6.47444e-06
-4.75839e-08
6.47689e-06
-1.15981e-08
6.4763e-06
2.34339e-08
6.47278e-06
5.62696e-08
6.4666e-06
8.57776e-08
6.45818e-06
1.11028e-07
6.44802e-06
1.31375e-07
6.43656e-06
1.465e-07
6.42405e-06
1.56386e-07
6.41066e-06
1.61148e-07
6.39666e-06
1.60817e-07
6.38249e-06
1.55406e-07
6.36873e-06
1.44941e-07
6.35591e-06
1.2986e-07
6.3445e-06
1.10768e-07
6.33488e-06
8.82632e-08
6.32736e-06
6.29451e-08
6.32227e-06
3.5458e-08
6.3199e-06
6.72125e-09
6.32033e-06
-2.18368e-08
6.32339e-06
-4.89909e-08
6.32879e-06
-7.35871e-08
6.33605e-06
-9.46045e-08
6.34457e-06
-1.11306e-07
6.35383e-06
-1.23386e-07
6.3635e-06
-1.30946e-07
6.37354e-06
-1.34248e-07
6.38389e-06
-1.33315e-07
6.39419e-06
-1.27901e-07
6.40403e-06
-1.18052e-07
6.41312e-06
-1.04317e-07
6.42122e-06
-8.73021e-08
6.42811e-06
-6.76092e-08
6.43358e-06
-4.58706e-08
6.4373e-06
-2.28439e-08
6.43907e-06
3.93557e-10
6.43888e-06
2.28443e-08
6.43678e-06
4.36955e-08
6.43297e-06
6.22122e-08
6.42772e-06
7.78069e-08
6.42137e-06
9.01001e-08
6.41419e-06
9.8954e-08
6.40632e-06
1.04403e-07
6.39783e-06
1.06506e-07
6.3889e-06
1.0529e-07
6.37983e-06
1.00718e-07
6.37097e-06
9.2899e-08
6.36262e-06
8.21767e-08
6.35505e-06
6.8966e-08
6.34848e-06
5.36798e-08
6.34315e-06
3.67493e-08
6.3393e-06
1.86772e-08
6.33715e-06
2.11716e-10
6.33669e-06
-1.78141e-08
6.33788e-06
-3.47179e-08
6.34055e-06
-4.98474e-08
6.34445e-06
-6.26443e-08
6.34924e-06
-7.27275e-08
6.35463e-06
-7.99498e-08
6.36046e-06
-8.4383e-08
6.36668e-06
-8.61655e-08
6.37324e-06
-8.53259e-08
6.37991e-06
-8.17404e-08
6.3864e-06
-7.54532e-08
6.39252e-06
-6.67986e-08
6.39811e-06
-5.61416e-08
6.40302e-06
-4.38466e-08
6.40707e-06
-3.0307e-08
6.41005e-06
-1.60103e-08
6.41182e-06
-1.64783e-09
6.41237e-06
1.21853e-08
6.41172e-06
2.49819e-08
6.40998e-06
3.62926e-08
6.40732e-06
4.57611e-08
6.40395e-06
5.31731e-08
6.40002e-06
5.84638e-08
6.39562e-06
6.1672e-08
6.39077e-06
6.28374e-08
6.38557e-06
6.19715e-08
6.3802e-06
5.9055e-08
6.37485e-06
5.41732e-08
6.36972e-06
4.7552e-08
6.36493e-06
3.94507e-08
6.36064e-06
3.0128e-08
6.35702e-06
1.98686e-08
6.35425e-06
9.04078e-09
6.35244e-06
-1.84179e-09
6.35161e-06
-1.2327e-08
6.35174e-06
-2.20045e-08
6.35273e-06
-3.05064e-08
6.35443e-06
-3.75377e-08
6.35666e-06
-4.29335e-08
6.35928e-06
-4.66597e-08
6.36223e-06
-4.87896e-08
6.36553e-06
-4.93909e-08
6.3691e-06
-4.84376e-08
6.37279e-06
-4.58434e-08
6.37645e-06
-4.17257e-08
6.37998e-06
-3.62806e-08
6.38328e-06
-2.97526e-08
6.38629e-06
-2.22428e-08
6.38887e-06
-1.4336e-08
6.39083e-06
-5.32281e-09
6.39235e-06
1.75109e-09
1.33356e-08
6.57895e-06
1.09753e-07
6.57653e-06
6.39356e-08
6.5776e-06
1.5372e-08
6.58182e-06
-3.34472e-08
6.58867e-06
-8.00162e-08
6.59753e-06
-1.22205e-07
6.60771e-06
-1.58112e-07
6.61844e-06
-1.86359e-07
6.62892e-06
-2.06309e-07
6.63852e-06
-2.18255e-07
6.64723e-06
-2.2343e-07
6.65631e-06
-2.23303e-07
6.66592e-06
-2.16431e-07
6.67505e-06
-2.01531e-07
6.68353e-06
-1.80328e-07
6.69115e-06
-1.53747e-07
6.69769e-06
-1.22718e-07
6.7029e-06
-8.81693e-08
6.70643e-06
-5.11131e-08
6.70783e-06
-1.30067e-08
6.70694e-06
2.4326e-08
6.70372e-06
5.94871e-08
6.69835e-06
9.1154e-08
6.69118e-06
1.18198e-07
6.68273e-06
1.39818e-07
6.6736e-06
1.5564e-07
6.66418e-06
1.65798e-07
6.65455e-06
1.70783e-07
6.64443e-06
1.70932e-07
6.63406e-06
1.65775e-07
6.62413e-06
1.54874e-07
6.61503e-06
1.38959e-07
6.60711e-06
1.18692e-07
6.60064e-06
9.47269e-08
6.59588e-06
6.77078e-08
6.59304e-06
3.83032e-08
6.59227e-06
7.49044e-09
6.59353e-06
-2.3098e-08
6.59665e-06
-5.21083e-08
6.60134e-06
-7.82757e-08
6.60717e-06
-1.00444e-07
6.61363e-06
-1.1776e-07
6.62014e-06
-1.29894e-07
6.6263e-06
-1.37105e-07
6.63213e-06
-1.40086e-07
6.63843e-06
-1.39612e-07
6.64496e-06
-1.34424e-07
6.65114e-06
-1.24238e-07
6.65686e-06
-1.10034e-07
6.66197e-06
-9.24117e-08
6.66635e-06
-7.19957e-08
6.66988e-06
-4.94001e-08
6.67234e-06
-2.53021e-08
6.67346e-06
-7.19561e-10
6.67313e-06
2.31702e-08
6.67134e-06
4.54861e-08
6.66818e-06
6.53744e-08
6.66386e-06
8.21222e-08
6.65874e-06
9.52264e-08
6.65317e-06
1.04519e-07
6.64739e-06
1.10178e-07
6.64139e-06
1.12514e-07
6.63485e-06
1.11824e-07
6.62814e-06
1.07429e-07
6.6216e-06
9.94418e-08
6.61546e-06
8.8311e-08
6.60994e-06
7.44894e-08
6.60519e-06
5.84275e-08
6.60137e-06
4.05757e-08
6.59863e-06
2.1414e-08
6.59717e-06
1.67601e-09
6.59699e-06
-1.76367e-08
6.59806e-06
-3.57879e-08
6.60026e-06
-5.20444e-08
6.60335e-06
-6.57405e-08
6.60701e-06
-7.63881e-08
6.61087e-06
-8.38041e-08
6.61466e-06
-8.81795e-08
6.61842e-06
-8.99245e-08
6.6226e-06
-8.95086e-08
6.62699e-06
-8.61232e-08
6.63122e-06
-7.96867e-08
6.63519e-06
-7.07724e-08
6.63881e-06
-5.97554e-08
6.64198e-06
-4.70227e-08
6.64464e-06
-3.29602e-08
6.64663e-06
-1.80052e-08
6.64781e-06
-2.82658e-09
6.64812e-06
1.18808e-08
6.64753e-06
2.55682e-08
6.6461e-06
3.77222e-08
6.64396e-06
4.79051e-08
6.6413e-06
5.58329e-08
6.63835e-06
6.14146e-08
6.63525e-06
6.47696e-08
6.63196e-06
6.61223e-08
6.62827e-06
6.56647e-08
6.62438e-06
6.29418e-08
6.6205e-06
5.80566e-08
6.61675e-06
5.12986e-08
6.61325e-06
4.29492e-08
6.6101e-06
3.32865e-08
6.60737e-06
2.25923e-08
6.60521e-06
1.12017e-08
6.60374e-06
-3.70687e-10
6.603e-06
-1.15845e-08
6.60299e-06
-2.19947e-08
6.60365e-06
-3.11722e-08
6.60487e-06
-3.87511e-08
6.60645e-06
-4.45159e-08
6.60818e-06
-4.83903e-08
6.60993e-06
-5.05364e-08
6.61179e-06
-5.12494e-08
6.61402e-06
-5.06725e-08
6.61635e-06
-4.8172e-08
6.61865e-06
-4.4026e-08
6.62085e-06
-3.84849e-08
6.62289e-06
-3.17864e-08
6.62476e-06
-2.41151e-08
6.62637e-06
-1.59512e-08
6.6276e-06
-6.55196e-09
6.62855e-06
8.04157e-10
1.29443e-08
6.80019e-06
1.11226e-07
6.80051e-06
6.36117e-08
6.80226e-06
1.36262e-08
6.80477e-06
-3.59616e-08
6.80762e-06
-8.28685e-08
6.8106e-06
-1.25181e-07
6.81366e-06
-1.61169e-07
6.81677e-06
-1.89474e-07
6.81979e-06
-2.09323e-07
6.82241e-06
-2.20884e-07
6.82452e-06
-2.25539e-07
6.82711e-06
-2.25885e-07
6.83075e-06
-2.2008e-07
6.83462e-06
-2.05397e-07
6.8386e-06
-1.84308e-07
6.84249e-06
-1.5764e-07
6.84611e-06
-1.26334e-07
6.84926e-06
-9.13186e-08
6.8517e-06
-5.35593e-08
6.85308e-06
-1.43815e-08
6.8531e-06
2.43091e-08
6.85161e-06
6.09784e-08
6.84862e-06
9.41404e-08
6.84432e-06
1.22499e-07
6.83908e-06
1.4506e-07
6.83343e-06
1.61285e-07
6.82794e-06
1.71288e-07
6.82273e-06
1.75995e-07
6.81714e-06
1.76523e-07
6.81101e-06
1.71898e-07
6.80523e-06
1.6066e-07
6.80004e-06
1.44147e-07
6.79569e-06
1.23042e-07
6.79234e-06
9.80727e-08
6.79012e-06
6.99346e-08
6.78907e-06
3.93535e-08
6.78911e-06
7.44953e-09
6.78999e-06
-2.39833e-08
6.79149e-06
-5.36111e-08
6.79344e-06
-8.02159e-08
6.79566e-06
-1.02672e-07
6.79803e-06
-1.20123e-07
6.80032e-06
-1.3219e-07
6.80235e-06
-1.39136e-07
6.80404e-06
-1.41772e-07
6.80607e-06
-1.41646e-07
6.80852e-06
-1.36876e-07
6.811e-06
-1.26714e-07
6.81345e-06
-1.12484e-07
6.81578e-06
-9.47415e-08
6.81791e-06
-7.41228e-08
6.81975e-06
-5.12462e-08
6.82121e-06
-2.67605e-08
6.82205e-06
-1.56198e-09
6.82216e-06
2.30633e-08
6.82142e-06
4.62282e-08
6.8198e-06
6.69941e-08
6.81741e-06
8.45138e-08
6.81449e-06
9.81387e-08
6.81137e-06
1.07642e-07
6.80828e-06
1.13265e-07
6.80525e-06
1.15548e-07
6.80176e-06
1.15311e-07
6.79795e-06
1.11239e-07
6.7942e-06
1.03196e-07
6.79065e-06
9.18606e-08
6.78745e-06
7.76925e-08
6.7847e-06
6.11697e-08
6.78251e-06
4.27663e-08
6.78097e-06
2.2955e-08
6.78015e-06
2.49786e-09
6.77999e-06
-1.74737e-08
6.78041e-06
-3.6207e-08
6.78131e-06
-5.29528e-08
6.7826e-06
-6.7022e-08
6.7841e-06
-7.7889e-08
6.78563e-06
-8.53397e-08
6.78704e-06
-8.95899e-08
6.78828e-06
-9.11609e-08
6.78978e-06
-9.10084e-08
6.79153e-06
-8.78721e-08
6.79327e-06
-8.14279e-08
6.79496e-06
-7.24631e-08
6.79654e-06
-6.13363e-08
6.79797e-06
-4.84497e-08
6.7992e-06
-3.41918e-08
6.80018e-06
-1.89861e-08
6.80079e-06
-3.43833e-09
6.80098e-06
1.16914e-08
6.8007e-06
2.58546e-08
6.79992e-06
3.85023e-08
6.7987e-06
4.9118e-08
6.79719e-06
5.7346e-08
6.79555e-06
6.30558e-08
6.79392e-06
6.64022e-08
6.79229e-06
6.7747e-08
6.79038e-06
6.75762e-08
6.78826e-06
6.50624e-08
6.7861e-06
6.02143e-08
6.78398e-06
5.34171e-08
6.78197e-06
4.49577e-08
6.78014e-06
3.51253e-08
6.77853e-06
2.42013e-08
6.77721e-06
1.25162e-08
6.77629e-06
5.55931e-10
6.77574e-06
-1.10392e-08
6.77555e-06
-2.18099e-08
6.77569e-06
-3.13085e-08
6.77609e-06
-3.91454e-08
6.77665e-06
-4.50806e-08
6.77727e-06
-4.90104e-08
6.77785e-06
-5.11164e-08
6.77842e-06
-5.18166e-08
6.77916e-06
-5.14153e-08
6.77997e-06
-4.89848e-08
6.7808e-06
-4.48489e-08
6.7816e-06
-3.92873e-08
6.78234e-06
-3.25234e-08
6.78303e-06
-2.48064e-08
6.78361e-06
-1.6538e-08
6.78406e-06
-6.99693e-09
6.78441e-06
4.50637e-10
1.28272e-08
6.91409e-06
6.91368e-06
6.91258e-06
6.91073e-06
6.90829e-06
6.90549e-06
6.90264e-06
6.90007e-06
6.89804e-06
6.89662e-06
6.89576e-06
6.89527e-06
6.89546e-06
6.89623e-06
6.89748e-06
6.89902e-06
6.90067e-06
6.90223e-06
6.90347e-06
6.90418e-06
6.90427e-06
6.90377e-06
6.90273e-06
6.90124e-06
6.89943e-06
6.89751e-06
6.89584e-06
6.89471e-06
6.8936e-06
6.8923e-06
6.89124e-06
6.89035e-06
6.88961e-06
6.88895e-06
6.88827e-06
6.88743e-06
6.88628e-06
6.88483e-06
6.88316e-06
6.88139e-06
6.87962e-06
6.87803e-06
6.87676e-06
6.87584e-06
6.87515e-06
6.87464e-06
6.87445e-06
6.87461e-06
6.87507e-06
6.87575e-06
6.87655e-06
6.87738e-06
6.87807e-06
6.87853e-06
6.87871e-06
6.8786e-06
6.8782e-06
6.87756e-06
6.87673e-06
6.87583e-06
6.87504e-06
6.87444e-06
6.87374e-06
6.87291e-06
6.87215e-06
6.87143e-06
6.87075e-06
6.87007e-06
6.86938e-06
6.8686e-06
6.86768e-06
6.86664e-06
6.86553e-06
6.86441e-06
6.86335e-06
6.86242e-06
6.86169e-06
6.86114e-06
6.86073e-06
6.86043e-06
6.86032e-06
6.86042e-06
6.86069e-06
6.86111e-06
6.86162e-06
6.86215e-06
6.86264e-06
6.863e-06
6.86322e-06
6.86327e-06
6.86317e-06
6.86292e-06
6.86255e-06
6.86212e-06
6.8617e-06
6.86135e-06
6.86094e-06
6.86044e-06
6.85994e-06
6.85943e-06
6.8589e-06
6.85836e-06
6.85777e-06
6.85711e-06
6.85637e-06
6.85557e-06
6.85472e-06
6.85388e-06
6.85307e-06
6.85233e-06
6.85171e-06
6.85122e-06
6.85083e-06
6.85047e-06
6.85024e-06
6.85014e-06
6.85017e-06
6.85029e-06
6.85049e-06
-2.50063e-08
6.85071e-06
-1.67595e-08
6.85091e-06
-7.19355e-09
6.85108e-06
2.85508e-10
1.28324e-08
6.85258e-06
6.85202e-06
6.8514e-06
6.85071e-06
3.07707e-07
9.98364e-10
3.081e-07
-3.9272e-10
3.10005e-07
-1.90537e-09
3.13379e-07
-3.37439e-09
3.181e-07
-4.72029e-09
3.23988e-07
-5.88811e-09
3.30827e-07
-6.83875e-09
3.38368e-07
-7.54146e-09
3.46343e-07
-7.97466e-09
3.54474e-07
-8.13151e-09
3.62489e-07
-8.01477e-09
3.70131e-07
-7.64234e-09
3.77179e-07
-7.04795e-09
3.83437e-07
-6.25771e-09
3.88743e-07
-5.30581e-09
3.92983e-07
-4.23988e-09
3.96083e-07
-3.09996e-09
3.98007e-07
-1.92491e-09
3.98774e-07
-7.66371e-10
3.98507e-07
2.66598e-10
3.97225e-07
1.28211e-09
3.95043e-07
2.18198e-09
3.92096e-07
2.94763e-09
3.88534e-07
3.56169e-09
3.84524e-07
4.01021e-09
3.80236e-07
4.28808e-09
3.75844e-07
4.39129e-09
3.71522e-07
4.32258e-09
3.67436e-07
4.08557e-09
3.63749e-07
3.6875e-09
3.60609e-07
3.13996e-09
3.58146e-07
2.46302e-09
3.5647e-07
1.67551e-09
3.55689e-07
7.80996e-10
3.55757e-07
-6.77552e-11
3.56725e-07
-9.67896e-10
3.58595e-07
-1.86981e-09
3.61306e-07
-2.7117e-09
3.64766e-07
-3.45956e-09
3.68852e-07
-4.08627e-09
3.73422e-07
-4.56946e-09
3.78314e-07
-4.89291e-09
3.83362e-07
-5.04795e-09
3.88396e-07
-5.03371e-09
3.9325e-07
-4.85396e-09
3.9777e-07
-4.51956e-09
4.01816e-07
-4.04585e-09
4.05271e-07
-3.45518e-09
4.08044e-07
-2.77304e-09
4.10068e-07
-2.02462e-09
4.11303e-07
-1.23452e-09
4.11723e-07
-4.20567e-10
4.11447e-07
2.7615e-10
4.10451e-07
9.96179e-10
4.08805e-07
1.64572e-09
4.066e-07
2.20499e-09
4.0394e-07
2.66065e-09
4.00936e-07
3.0035e-09
3.97708e-07
3.22783e-09
3.94377e-07
3.33142e-09
3.91064e-07
3.31342e-09
3.87886e-07
3.1772e-09
3.84956e-07
2.93032e-09
3.82373e-07
2.58282e-09
3.80227e-07
2.1464e-09
3.78594e-07
1.63324e-09
3.7753e-07
1.06343e-09
3.77088e-07
4.42616e-10
3.77218e-07
-1.30037e-10
3.77951e-07
-7.33396e-10
3.79268e-07
-1.31727e-09
3.8112e-07
-1.85166e-09
3.83438e-07
-2.31788e-09
3.86139e-07
-2.70097e-09
3.89128e-07
-2.98899e-09
3.92303e-07
-3.1752e-09
3.9556e-07
-3.2573e-09
3.98796e-07
-3.2356e-09
4.01909e-07
-3.11305e-09
4.04806e-07
-2.89669e-09
4.07404e-07
-2.59836e-09
4.09635e-07
-2.23146e-09
4.11447e-07
-1.81146e-09
4.12806e-07
-1.35867e-09
4.1369e-07
-8.84311e-10
4.14086e-07
-3.95904e-10
4.1405e-07
3.58942e-11
4.13587e-07
4.62647e-10
4.12742e-07
8.45266e-10
4.11571e-07
1.17089e-09
4.1014e-07
1.43139e-09
4.08519e-07
1.62052e-09
4.06784e-07
1.73562e-09
4.05007e-07
1.77615e-09
4.03265e-07
1.74268e-09
4.01626e-07
1.63834e-09
4.00158e-07
1.46843e-09
3.98916e-07
1.24175e-09
3.9795e-07
9.65884e-10
3.97302e-07
6.48576e-10
3.97006e-07
2.95905e-10
3.97042e-07
-3.6461e-11
3.97427e-07
-3.84845e-10
3.98157e-07
-7.30243e-10
3.99208e-07
-1.05076e-09
4.00542e-07
-1.3343e-09
4.02114e-07
-1.57187e-09
4.03871e-07
-1.75635e-09
4.05753e-07
-1.88259e-09
4.07701e-07
-1.94777e-09
4.09652e-07
-1.9508e-09
4.11544e-07
-1.89271e-09
4.13322e-07
-1.77716e-09
4.14931e-07
-1.6094e-09
4.16327e-07
-1.39594e-09
4.17472e-07
-1.14481e-09
4.1834e-07
-8.6812e-10
4.18909e-07
-5.69096e-10
4.19174e-07
-2.65284e-10
4.19156e-07
1.84132e-11
4.18873e-07
2.8336e-10
4.90326e-10
1.02451e-06
5.14076e-10
1.02669e-06
-2.56526e-09
1.03043e-06
-5.6479e-09
1.03564e-06
-8.59162e-09
1.0422e-06
-1.12725e-08
1.04989e-06
-1.3584e-08
1.05849e-06
-1.54385e-08
1.06772e-06
-1.67706e-08
1.07729e-06
-1.75433e-08
1.08691e-06
-1.77462e-08
1.09628e-06
-1.73933e-08
1.10517e-06
-1.65244e-08
1.11331e-06
-1.51944e-08
1.12053e-06
-1.3471e-08
1.12666e-06
-1.14403e-08
1.13162e-06
-9.19661e-09
1.13534e-06
-6.82272e-09
1.13783e-06
-4.41113e-09
1.1391e-06
-2.04089e-09
1.1392e-06
1.70407e-10
1.13825e-06
2.22593e-09
1.13641e-06
4.02658e-09
1.13382e-06
5.53983e-09
1.13064e-06
6.73614e-09
1.12706e-06
7.59543e-09
1.12324e-06
8.10261e-09
1.11938e-06
8.25431e-09
1.11565e-06
8.05311e-09
1.11222e-06
7.50871e-09
1.10927e-06
6.64149e-09
1.10691e-06
5.49736e-09
1.10528e-06
4.09738e-09
1.10447e-06
2.48586e-09
1.10454e-06
7.09863e-10
1.10558e-06
-1.11182e-09
1.10758e-06
-2.96133e-09
1.11046e-06
-4.75719e-09
1.11417e-06
-6.42202e-09
1.1186e-06
-7.88914e-09
1.12362e-06
-9.10102e-09
1.12906e-06
-1.00123e-08
1.13476e-06
-1.05933e-08
1.14054e-06
-1.08284e-08
1.14622e-06
-1.07151e-08
1.15163e-06
-1.02641e-08
1.15662e-06
-9.50095e-09
1.16103e-06
-8.46333e-09
1.16478e-06
-7.19842e-09
1.16776e-06
-5.75764e-09
1.16993e-06
-4.19047e-09
1.17125e-06
-2.56033e-09
1.17177e-06
-9.39143e-10
1.17146e-06
5.88017e-10
1.17042e-06
2.03124e-09
1.16875e-06
3.31657e-09
1.16655e-06
4.41172e-09
1.16392e-06
5.28982e-09
1.16099e-06
5.93183e-09
1.15789e-06
6.32695e-09
1.15475e-06
6.4719e-09
1.15169e-06
6.36977e-09
1.14884e-06
6.02967e-09
1.14631e-06
5.46621e-09
1.14418e-06
4.70348e-09
1.14256e-06
3.77189e-09
1.1415e-06
2.69681e-09
1.14105e-06
1.50883e-09
1.14123e-06
2.57945e-10
1.14211e-06
-1.00197e-09
1.14362e-06
-2.24404e-09
1.14572e-06
-3.42055e-09
1.14836e-06
-4.48831e-09
1.15145e-06
-5.41042e-09
1.15491e-06
-6.1568e-09
1.15862e-06
-6.70469e-09
1.16249e-06
-7.04111e-09
1.16639e-06
-7.16093e-09
1.17022e-06
-7.06515e-09
1.17387e-06
-6.76301e-09
1.17725e-06
-6.27399e-09
1.18027e-06
-5.62198e-09
1.18288e-06
-4.83585e-09
1.18501e-06
-3.94913e-09
1.18665e-06
-2.99625e-09
1.18777e-06
-2.007e-09
1.18839e-06
-1.01421e-09
1.18852e-06
-9.5963e-11
1.18821e-06
7.7764e-10
1.18751e-06
1.54647e-09
1.18649e-06
2.19332e-09
1.18521e-06
2.70385e-09
1.18377e-06
3.06684e-09
1.18223e-06
3.27662e-09
1.18067e-06
3.33238e-09
1.17917e-06
3.23714e-09
1.17782e-06
2.9979e-09
1.17665e-06
2.63156e-09
1.17574e-06
2.15234e-09
1.17513e-06
1.57863e-09
1.17485e-06
9.28833e-10
1.17492e-06
2.25108e-10
1.17537e-06
-4.90961e-10
1.17619e-06
-1.20552e-09
1.17736e-06
-1.89151e-09
1.17883e-06
-2.52179e-09
1.18057e-06
-3.07351e-09
1.18252e-06
-3.52783e-09
1.18464e-06
-3.87024e-09
1.18684e-06
-4.091e-09
1.18908e-06
-4.18508e-09
1.19128e-06
-4.15174e-09
1.19338e-06
-3.99478e-09
1.19533e-06
-3.72231e-09
1.19707e-06
-3.34566e-09
1.19855e-06
-2.87839e-09
1.19974e-06
-2.34017e-09
1.20063e-06
-1.75395e-09
1.20119e-06
-1.13207e-09
1.20144e-06
-5.09122e-10
1.20135e-06
1.05732e-10
1.20095e-06
6.82559e-10
1.24432e-09
1.77804e-06
2.23918e-10
1.78005e-06
-4.56781e-09
1.78371e-06
-9.31168e-09
1.78895e-06
-1.38265e-08
1.7956e-06
-1.79304e-08
1.80348e-06
-2.14599e-08
1.81232e-06
-2.42789e-08
1.82184e-06
-2.62877e-08
1.83172e-06
-2.74309e-08
1.84167e-06
-2.76904e-08
1.85137e-06
-2.70902e-08
1.86053e-06
-2.56927e-08
1.86893e-06
-2.35864e-08
1.87634e-06
-2.08848e-08
1.88262e-06
-1.77222e-08
1.88766e-06
-1.423e-08
1.89138e-06
-1.05498e-08
1.89379e-06
-6.81883e-09
1.89491e-06
-3.16322e-09
1.8948e-06
2.80712e-10
1.8936e-06
3.43221e-09
1.89143e-06
6.18764e-09
1.88848e-06
8.49562e-09
1.8849e-06
1.03127e-08
1.88089e-06
1.16094e-08
1.87662e-06
1.23671e-08
1.8723e-06
1.2579e-08
1.8681e-06
1.22533e-08
1.8642e-06
1.14081e-08
1.86077e-06
1.00704e-08
1.85797e-06
8.29653e-09
1.85593e-06
6.14247e-09
1.85475e-06
3.66131e-09
1.85453e-06
9.34648e-10
1.85531e-06
-1.89662e-09
1.85711e-06
-4.76389e-09
1.85989e-06
-7.53375e-09
1.86356e-06
-1.00968e-08
1.86803e-06
-1.23521e-08
1.87314e-06
-1.42106e-08
1.87873e-06
-1.56016e-08
1.88461e-06
-1.64776e-08
1.8906e-06
-1.68141e-08
1.89649e-06
-1.66084e-08
1.90211e-06
-1.58818e-08
1.90728e-06
-1.4676e-08
1.91187e-06
-1.30493e-08
1.91574e-06
-1.10744e-08
1.91882e-06
-8.83389e-09
1.92104e-06
-6.41357e-09
1.92237e-06
-3.89074e-09
1.92282e-06
-1.38165e-09
1.92241e-06
9.9738e-10
1.92122e-06
3.21668e-09
1.91935e-06
5.18448e-09
1.91691e-06
6.85251e-09
1.91402e-06
8.17997e-09
1.91082e-06
9.13908e-09
1.90743e-06
9.71531e-09
1.90399e-06
9.90526e-09
1.90065e-06
9.71494e-09
1.89752e-06
9.16079e-09
1.89471e-06
8.26998e-09
1.89234e-06
7.07628e-09
1.8905e-06
5.61684e-09
1.88926e-06
3.93655e-09
1.88869e-06
2.0804e-09
1.88879e-06
1.57571e-10
1.8896e-06
-1.8194e-09
1.89111e-06
-3.75141e-09
1.89326e-06
-5.57274e-09
1.89599e-06
-7.22064e-09
1.89922e-06
-8.6392e-09
1.90285e-06
-9.78209e-09
1.90676e-06
-1.06149e-08
1.91083e-06
-1.11166e-08
1.91495e-06
-1.12792e-08
1.91899e-06
-1.11062e-08
1.92285e-06
-1.06151e-08
1.92641e-06
-9.83642e-09
1.92959e-06
-8.80606e-09
1.93233e-06
-7.57079e-09
1.93456e-06
-6.18108e-09
1.93625e-06
-4.6902e-09
1.9374e-06
-3.15006e-09
1.93799e-06
-1.61127e-09
1.93806e-06
-1.61014e-10
1.93765e-06
1.19117e-09
1.93681e-06
2.38033e-09
1.93563e-06
3.37797e-09
1.93417e-06
4.16125e-09
1.93252e-06
4.71446e-09
1.93077e-06
5.0288e-09
1.929e-06
5.1037e-09
1.92729e-06
4.94638e-09
1.92572e-06
4.57046e-09
1.92435e-06
3.99384e-09
1.92326e-06
3.24506e-09
1.92249e-06
2.35366e-09
1.92207e-06
1.34603e-09
1.92203e-06
2.6094e-10
1.9224e-06
-8.56124e-10
1.92316e-06
-1.9664e-09
1.92429e-06
-3.02547e-09
1.92577e-06
-3.9947e-09
1.92753e-06
-4.83997e-09
1.92954e-06
-5.53234e-09
1.93172e-06
-6.0493e-09
1.934e-06
-6.37583e-09
1.93632e-06
-6.50462e-09
1.9386e-06
-6.43547e-09
1.94078e-06
-6.17506e-09
1.9428e-06
-5.73657e-09
1.94459e-06
-5.13852e-09
1.94612e-06
-4.40482e-09
1.94734e-06
-3.56086e-09
1.94823e-06
-2.6419e-09
1.94877e-06
-1.67149e-09
1.94896e-06
-7.00244e-10
1.94877e-06
2.90147e-10
1.94828e-06
1.17437e-09
2.24851e-09
2.55397e-06
1.13801e-09
2.55493e-06
-5.53071e-09
2.55775e-06
-1.21301e-08
2.56232e-06
-1.83959e-08
2.56848e-06
-2.40885e-08
2.576e-06
-2.89793e-08
2.5846e-06
-3.28758e-08
2.59395e-06
-3.56396e-08
2.60371e-06
-3.71937e-08
2.61353e-06
-3.75104e-08
2.62307e-06
-3.66257e-08
2.63201e-06
-3.46342e-08
2.64009e-06
-3.16651e-08
2.64708e-06
-2.78803e-08
2.65282e-06
-2.34594e-08
2.65718e-06
-1.85917e-08
2.66009e-06
-1.34597e-08
2.66153e-06
-8.2568e-09
2.66154e-06
-3.17383e-09
2.66022e-06
1.6044e-09
2.6577e-06
5.95134e-09
2.65413e-06
9.75321e-09
2.6497e-06
1.29308e-08
2.64458e-06
1.54245e-08
2.639e-06
1.71958e-08
2.63314e-06
1.82245e-08
2.62722e-06
1.85002e-08
2.62144e-06
1.80283e-08
2.61601e-06
1.68392e-08
2.61111e-06
1.49751e-08
2.60691e-06
1.24989e-08
2.60356e-06
9.4855e-09
2.6012e-06
6.02142e-09
2.59995e-06
2.18731e-09
2.59984e-06
-1.78807e-09
2.60092e-06
-5.83957e-09
2.60313e-06
-9.74432e-09
2.60639e-06
-1.33547e-08
2.61057e-06
-1.65332e-08
2.61551e-06
-1.91543e-08
2.62103e-06
-2.11171e-08
2.6269e-06
-2.23533e-08
2.63292e-06
-2.28293e-08
2.63885e-06
-2.25428e-08
2.64449e-06
-2.15254e-08
2.64966e-06
-1.98387e-08
2.65417e-06
-1.75655e-08
2.65791e-06
-1.48072e-08
2.66075e-06
-1.16789e-08
2.66264e-06
-8.29817e-09
2.66353e-06
-4.78626e-09
2.66343e-06
-1.28426e-09
2.66238e-06
2.05604e-09
2.66045e-06
5.13864e-09
2.65777e-06
7.8701e-09
2.65444e-06
1.01778e-08
2.65062e-06
1.20064e-08
2.64644e-06
1.3319e-08
2.64205e-06
1.40971e-08
2.63762e-06
1.43371e-08
2.63329e-06
1.4049e-08
2.62919e-06
1.32561e-08
2.62547e-06
1.19941e-08
2.62223e-06
1.03118e-08
2.61959e-06
8.26373e-09
2.61761e-06
5.91426e-09
2.61636e-06
3.33338e-09
2.6159e-06
6.10494e-10
2.61625e-06
-2.17073e-09
2.6174e-06
-4.89354e-09
2.61927e-06
-7.45074e-09
2.62182e-06
-9.76123e-09
2.62492e-06
-1.17489e-08
2.62849e-06
-1.33483e-08
2.63239e-06
-1.45102e-08
2.63647e-06
-1.5205e-08
2.64062e-06
-1.54217e-08
2.64468e-06
-1.51669e-08
2.64853e-06
-1.44673e-08
2.65206e-06
-1.33653e-08
2.65517e-06
-1.1913e-08
2.65777e-06
-1.0174e-08
2.65981e-06
-8.22047e-09
2.66124e-06
-6.12254e-09
2.66205e-06
-3.95557e-09
2.66224e-06
-1.80073e-09
2.66182e-06
2.52334e-10
2.66087e-06
2.14003e-09
2.65945e-06
3.80166e-09
2.65764e-06
5.19302e-09
2.65552e-06
6.281e-09
2.65319e-06
7.04421e-09
2.65074e-06
7.47275e-09
2.64828e-06
7.56508e-09
2.6459e-06
7.33102e-09
2.64368e-06
6.79239e-09
2.64169e-06
5.9769e-09
2.64002e-06
4.9207e-09
2.63871e-06
3.6634e-09
2.63781e-06
2.24715e-09
2.63735e-06
7.1984e-10
2.63735e-06
-8.56595e-10
2.63781e-06
-2.42716e-09
2.63871e-06
-3.92261e-09
2.64e-06
-5.28695e-09
2.64163e-06
-6.47526e-09
2.64355e-06
-7.44739e-09
2.64567e-06
-8.17172e-09
2.64792e-06
-8.62737e-09
2.65022e-06
-8.80433e-09
2.65249e-06
-8.70294e-09
2.65465e-06
-8.33374e-09
2.65663e-06
-7.71599e-09
2.65837e-06
-6.8763e-09
2.65981e-06
-5.84734e-09
2.66091e-06
-4.6658e-09
2.66165e-06
-3.37665e-09
2.66199e-06
-2.011e-09
2.66194e-06
-6.50468e-10
2.66145e-06
7.76887e-10
2.66066e-06
1.96612e-09
3.61241e-09
3.28513e-06
3.47879e-09
3.28522e-06
-5.61829e-09
3.28772e-06
-1.46352e-08
3.29249e-06
-2.3167e-08
3.29929e-06
-3.08849e-08
3.30778e-06
-3.74727e-08
3.31757e-06
-4.26653e-08
3.32821e-06
-4.62784e-08
3.33924e-06
-4.82196e-08
3.3502e-06
-4.84757e-08
3.36069e-06
-4.71161e-08
3.37033e-06
-4.42764e-08
3.37881e-06
-4.01423e-08
3.38587e-06
-3.49355e-08
3.39131e-06
-2.88995e-08
3.395e-06
-2.22831e-08
3.39687e-06
-1.53295e-08
3.3969e-06
-8.29121e-09
3.39519e-06
-1.4651e-09
3.39188e-06
4.91805e-09
3.38713e-06
1.06961e-08
3.38116e-06
1.57283e-08
3.37418e-06
1.99094e-08
3.36644e-06
2.31657e-08
3.35818e-06
2.54521e-08
3.34966e-06
2.6746e-08
3.34113e-06
2.70353e-08
3.33282e-06
2.63314e-08
3.32499e-06
2.46717e-08
3.31786e-06
2.21096e-08
3.31163e-06
1.87205e-08
3.30652e-06
1.46041e-08
3.30266e-06
9.87691e-09
3.30017e-06
4.6769e-09
3.29919e-06
-8.05097e-10
3.29972e-06
-6.37311e-09
3.30172e-06
-1.17417e-08
3.30506e-06
-1.66942e-08
3.30957e-06
-2.10454e-08
3.31504e-06
-2.46239e-08
3.32122e-06
-2.72924e-08
3.32782e-06
-2.89616e-08
3.33459e-06
-2.95907e-08
3.34123e-06
-2.9183e-08
3.34749e-06
-2.77875e-08
3.35314e-06
-2.54913e-08
3.35798e-06
-2.24093e-08
3.36186e-06
-1.86786e-08
3.36463e-06
-1.44506e-08
3.36621e-06
-9.88135e-09
3.36656e-06
-5.13653e-09
3.3657e-06
-4.18724e-10
3.36368e-06
4.07506e-09
3.36061e-06
8.20817e-09
3.35662e-06
1.18596e-08
3.35186e-06
1.49311e-08
3.34652e-06
1.73509e-08
3.34077e-06
1.90729e-08
3.33479e-06
2.00763e-08
3.32877e-06
2.03582e-08
3.32288e-06
1.99338e-08
3.3173e-06
1.88376e-08
3.31217e-06
1.71185e-08
3.30765e-06
1.4838e-08
3.30384e-06
1.20689e-08
3.30086e-06
8.89553e-09
3.29878e-06
5.41397e-09
3.29766e-06
1.72962e-09
3.29753e-06
-2.03645e-09
3.29837e-06
-5.73466e-09
3.30012e-06
-9.20017e-09
3.30268e-06
-1.23233e-08
3.30593e-06
-1.50023e-08
3.30973e-06
-1.71493e-08
3.31392e-06
-1.86986e-08
3.31833e-06
-1.96125e-08
3.32279e-06
-1.98769e-08
3.32712e-06
-1.95055e-08
3.33119e-06
-1.85373e-08
3.33486e-06
-1.70294e-08
3.338e-06
-1.50545e-08
3.34052e-06
-1.26981e-08
3.34236e-06
-1.00526e-08
3.34345e-06
-7.21145e-09
3.34376e-06
-4.27307e-09
3.34333e-06
-1.366e-09
3.34218e-06
1.39696e-09
3.3404e-06
3.92743e-09
3.33805e-06
6.14861e-09
3.33524e-06
7.99979e-09
3.33209e-06
9.43666e-09
3.3287e-06
1.04322e-08
3.3252e-06
1.0975e-08
3.3217e-06
1.1065e-08
3.31831e-06
1.07182e-08
3.31514e-06
9.96455e-09
3.31227e-06
8.84122e-09
3.3098e-06
7.39439e-09
3.30778e-06
5.67857e-09
3.30628e-06
3.75265e-09
3.30532e-06
1.68087e-09
3.30493e-06
-4.64852e-10
3.30511e-06
-2.60718e-09
3.30583e-06
-4.6478e-09
3.30705e-06
-6.50464e-09
3.30869e-06
-8.11842e-09
3.31068e-06
-9.43572e-09
3.31292e-06
-1.04143e-08
3.31532e-06
-1.10271e-08
3.31778e-06
-1.12619e-08
3.3202e-06
-1.11203e-08
3.32248e-06
-1.06184e-08
3.32455e-06
-9.78399e-09
3.32633e-06
-8.65252e-09
3.32775e-06
-7.26803e-09
3.32876e-06
-5.67898e-09
3.32932e-06
-3.94005e-09
3.32941e-06
-2.09845e-09
3.32904e-06
-2.78283e-10
3.32814e-06
1.67106e-09
3.3269e-06
3.21282e-09
5.48856e-09
3.88533e-06
7.08322e-09
3.88536e-06
-5.64434e-09
3.88909e-06
-1.8369e-08
3.89635e-06
-3.04269e-08
3.90677e-06
-4.13062e-08
3.91983e-06
-5.05288e-08
3.93485e-06
-5.76918e-08
3.95109e-06
-6.25107e-08
3.96772e-06
-6.48519e-08
3.984e-06
-6.47587e-08
3.99928e-06
-6.23976e-08
4.013e-06
-5.79979e-08
4.02472e-06
-5.18585e-08
4.0341e-06
-4.43158e-08
4.04092e-06
-3.57218e-08
4.04506e-06
-2.64158e-08
4.04644e-06
-1.67167e-08
4.04513e-06
-6.97499e-09
4.04128e-06
2.37968e-09
4.03518e-06
1.10164e-08
4.02715e-06
1.87333e-08
4.0175e-06
2.53779e-08
4.00657e-06
3.0832e-08
3.99473e-06
3.50124e-08
3.98231e-06
3.78715e-08
3.96966e-06
3.939e-08
3.95713e-06
3.95692e-08
3.94503e-06
3.84312e-08
3.93368e-06
3.60178e-08
3.9234e-06
3.23959e-08
3.91446e-06
2.76623e-08
3.90712e-06
2.19446e-08
3.9016e-06
1.53923e-08
3.8981e-06
8.17784e-09
3.89677e-06
5.23873e-10
3.89768e-06
-7.28417e-09
3.90077e-06
-1.48342e-08
3.90587e-06
-2.17861e-08
3.91269e-06
-2.78661e-08
3.92089e-06
-3.28272e-08
3.93007e-06
-3.64709e-08
3.93978e-06
-3.86705e-08
3.94957e-06
-3.93863e-08
3.95905e-06
-3.86607e-08
3.96785e-06
-3.65899e-08
3.97567e-06
-3.33063e-08
3.98224e-06
-2.89772e-08
3.98735e-06
-2.37967e-08
3.99087e-06
-1.79699e-08
3.9927e-06
-1.17054e-08
3.99279e-06
-5.22593e-09
3.99117e-06
1.1983e-09
3.98796e-06
7.28313e-09
3.98334e-06
1.28347e-08
3.97749e-06
1.77007e-08
3.97066e-06
2.17657e-08
3.96307e-06
2.49384e-08
3.95498e-06
2.71614e-08
3.94665e-06
2.84118e-08
3.93831e-06
2.86947e-08
3.9302e-06
2.80402e-08
3.92255e-06
2.64966e-08
3.91554e-06
2.41268e-08
3.90936e-06
2.10108e-08
3.90419e-06
1.72452e-08
3.90015e-06
1.2939e-08
3.89734e-06
8.21813e-09
3.89586e-06
3.21014e-09
3.89575e-06
-1.92164e-09
3.89698e-06
-6.97301e-09
3.89949e-06
-1.17015e-08
3.90311e-06
-1.59447e-08
3.90766e-06
-1.95598e-08
3.91294e-06
-2.24242e-08
3.91869e-06
-2.44473e-08
3.92466e-06
-2.55803e-08
3.9306e-06
-2.58209e-08
3.9363e-06
-2.52048e-08
3.94155e-06
-2.37928e-08
3.94619e-06
-2.16668e-08
3.95006e-06
-1.89266e-08
3.95305e-06
-1.56878e-08
3.95507e-06
-1.20721e-08
3.95606e-06
-8.20309e-09
3.956e-06
-4.20358e-09
3.95491e-06
-2.81205e-10
3.95288e-06
3.43087e-09
3.95e-06
6.80357e-09
3.94641e-06
9.74219e-09
3.94224e-06
1.21706e-08
3.93764e-06
1.40298e-08
3.93279e-06
1.52856e-08
3.92784e-06
1.59272e-08
3.92294e-06
1.59634e-08
3.91824e-06
1.54206e-08
3.91386e-06
1.43381e-08
3.90994e-06
1.27667e-08
3.90656e-06
1.07678e-08
3.90383e-06
8.41315e-09
3.9018e-06
5.78112e-09
3.90053e-06
2.95376e-09
3.90004e-06
2.24158e-11
3.90034e-06
-2.90795e-09
3.90139e-06
-5.69421e-09
3.90311e-06
-8.22166e-09
3.90539e-06
-1.04074e-08
3.90814e-06
-1.2179e-08
3.9112e-06
-1.34788e-08
3.91445e-06
-1.42715e-08
3.91773e-06
-1.45466e-08
3.92093e-06
-1.4315e-08
3.92391e-06
-1.36053e-08
3.92659e-06
-1.24572e-08
3.92885e-06
-1.09176e-08
3.93063e-06
-9.04353e-09
3.93185e-06
-6.90245e-09
3.93247e-06
-4.56305e-09
3.93246e-06
-2.08856e-09
3.93184e-06
3.43003e-10
3.93056e-06
2.95583e-09
3.92882e-06
4.95323e-09
7.97109e-09
4.34153e-06
1.34854e-08
4.34019e-06
-4.29663e-09
4.34413e-06
-2.23125e-08
4.35332e-06
-3.96141e-08
4.3674e-06
-5.53872e-08
4.38579e-06
-6.89238e-08
4.40771e-06
-7.96044e-08
4.43216e-06
-8.69635e-08
4.45804e-06
-9.07302e-08
4.48412e-06
-9.08463e-08
4.50923e-06
-8.75043e-08
4.53232e-06
-8.10895e-08
4.55254e-06
-7.20721e-08
4.56919e-06
-6.09728e-08
4.58184e-06
-4.83666e-08
4.59021e-06
-3.47845e-08
4.59419e-06
-2.07014e-08
4.59381e-06
-6.59789e-09
4.58924e-06
6.95729e-09
4.58083e-06
1.9427e-08
4.56916e-06
3.03979e-08
4.55488e-06
3.96636e-08
4.5386e-06
4.71101e-08
4.52093e-06
5.26836e-08
4.50244e-06
5.63604e-08
4.48368e-06
5.81465e-08
4.46516e-06
5.80946e-08
4.44731e-06
5.62736e-08
4.43059e-06
5.27446e-08
4.41539e-06
4.75929e-08
4.40211e-06
4.09393e-08
4.39111e-06
3.29459e-08
4.3827e-06
2.3803e-08
4.37716e-06
1.37231e-08
4.37471e-06
2.96612e-09
4.37551e-06
-8.08531e-09
4.37961e-06
-1.89329e-08
4.38686e-06
-2.9029e-08
4.39692e-06
-3.79332e-08
4.40937e-06
-4.52731e-08
4.42364e-06
-5.07401e-08
4.43909e-06
-5.41231e-08
4.45502e-06
-5.5316e-08
4.4707e-06
-5.43443e-08
4.48548e-06
-5.13714e-08
4.49881e-06
-4.66298e-08
4.51021e-06
-4.0377e-08
4.51933e-06
-3.29205e-08
4.52594e-06
-2.45802e-08
4.5299e-06
-1.56603e-08
4.53114e-06
-6.4675e-09
4.52969e-06
2.65001e-09
4.52567e-06
1.13022e-08
4.51934e-06
1.91657e-08
4.51107e-06
2.59693e-08
4.50126e-06
3.15779e-08
4.4903e-06
3.58917e-08
4.4786e-06
3.88604e-08
4.46655e-06
4.04659e-08
4.45451e-06
4.07325e-08
4.44282e-06
3.97286e-08
4.43179e-06
3.75336e-08
4.42168e-06
3.42318e-08
4.41277e-06
2.99271e-08
4.40527e-06
2.47449e-08
4.39937e-06
1.88305e-08
4.39525e-06
1.23381e-08
4.39304e-06
5.42842e-09
4.3928e-06
-1.6869e-09
4.39458e-06
-8.756e-09
4.39833e-06
-1.54469e-08
4.40386e-06
-2.14743e-08
4.41092e-06
-2.66215e-08
4.4192e-06
-3.07015e-08
4.42833e-06
-3.35748e-08
4.4379e-06
-3.51574e-08
4.44751e-06
-3.54292e-08
4.45676e-06
-3.44542e-08
4.46532e-06
-3.23488e-08
4.47289e-06
-2.92415e-08
4.47925e-06
-2.5284e-08
4.48421e-06
-2.06529e-08
4.48766e-06
-1.55217e-08
4.48952e-06
-1.0063e-08
4.48978e-06
-4.45852e-09
4.48843e-06
1.06617e-09
4.48558e-06
6.28362e-09
4.48139e-06
1.09894e-08
4.4761e-06
1.50342e-08
4.46994e-06
1.83286e-08
4.46317e-06
2.0805e-08
4.45602e-06
2.24287e-08
4.44876e-06
2.31898e-08
4.44161e-06
2.31156e-08
4.43477e-06
2.22584e-08
4.42843e-06
2.06751e-08
4.42277e-06
1.84356e-08
4.41791e-06
1.56213e-08
4.414e-06
1.23262e-08
4.41113e-06
8.65361e-09
4.40937e-06
4.71071e-09
4.40878e-06
6.09302e-10
4.40938e-06
-3.50847e-09
4.41115e-06
-7.46023e-09
4.41399e-06
-1.10622e-08
4.41776e-06
-1.4177e-08
4.42228e-06
-1.66989e-08
4.42734e-06
-1.85421e-08
4.43272e-06
-1.96525e-08
4.43818e-06
-2.00082e-08
4.4435e-06
-1.96319e-08
4.44848e-06
-1.85833e-08
4.45295e-06
-1.69293e-08
4.45678e-06
-1.47416e-08
4.45984e-06
-1.21087e-08
4.46206e-06
-9.12382e-09
4.46338e-06
-5.88006e-09
4.46375e-06
-2.45699e-09
4.46318e-06
9.1012e-10
4.46163e-06
4.51147e-09
4.45929e-06
7.28539e-09
1.12918e-08
4.73818e-06
2.34093e-08
4.73404e-06
-1.64388e-10
4.73591e-06
-2.41777e-08
4.74379e-06
-4.74978e-08
4.75744e-06
-6.90307e-08
4.77634e-06
-8.78265e-08
4.79978e-06
-1.0305e-07
4.82691e-06
-1.14085e-07
4.85675e-06
-1.20574e-07
4.88828e-06
-1.22377e-07
4.92031e-06
-1.1953e-07
4.95147e-06
-1.12253e-07
4.98043e-06
-1.01034e-07
5.00603e-06
-8.65736e-08
5.02733e-06
-6.96682e-08
5.04364e-06
-5.10944e-08
5.05454e-06
-3.16003e-08
5.05988e-06
-1.19303e-08
5.05957e-06
7.26792e-09
5.05372e-06
2.52722e-08
5.04276e-06
4.13597e-08
5.02736e-06
5.50661e-08
5.0084e-06
6.60655e-08
4.98683e-06
7.42563e-08
4.96355e-06
7.96376e-08
4.93943e-06
8.22696e-08
4.91526e-06
8.22602e-08
4.89176e-06
7.97782e-08
4.86951e-06
7.49934e-08
4.84906e-06
6.80447e-08
4.83089e-06
5.91108e-08
4.81543e-06
4.84041e-08
4.80307e-06
3.61637e-08
4.79413e-06
2.26638e-08
4.78888e-06
8.21183e-09
4.78744e-06
-6.64064e-09
4.78992e-06
-2.14177e-08
4.79629e-06
-3.53961e-08
4.80632e-06
-4.79681e-08
4.81965e-06
-5.86052e-08
4.83578e-06
-6.68613e-08
4.85409e-06
-7.24413e-08
4.87396e-06
-7.51797e-08
4.89464e-06
-7.50218e-08
4.91528e-06
-7.20115e-08
4.93499e-06
-6.63404e-08
4.95296e-06
-5.83501e-08
4.96852e-06
-4.84837e-08
4.98114e-06
-3.72011e-08
4.99045e-06
-2.49707e-08
4.99625e-06
-1.22628e-08
4.99843e-06
4.68976e-10
4.99696e-06
1.27698e-08
4.99198e-06
2.41511e-08
4.98379e-06
3.41593e-08
4.97285e-06
4.25174e-08
4.95975e-06
4.89935e-08
4.94509e-06
5.35154e-08
4.92948e-06
5.60779e-08
4.91348e-06
5.67289e-08
4.89765e-06
5.55656e-08
4.88244e-06
5.27371e-08
4.86827e-06
4.84021e-08
4.85549e-06
4.27055e-08
4.84442e-06
3.58182e-08
4.83531e-06
2.79366e-08
4.82839e-06
1.92615e-08
4.82384e-06
9.98226e-09
4.82172e-06
4.24671e-10
4.82215e-06
-9.17898e-09
4.82512e-06
-1.84203e-08
4.83055e-06
-2.69055e-08
4.83825e-06
-3.43143e-08
4.8479e-06
-4.03535e-08
4.85913e-06
-4.48119e-08
4.87154e-06
-4.7562e-08
4.88466e-06
-4.85459e-08
4.89797e-06
-4.77715e-08
4.91094e-06
-4.53212e-08
4.92306e-06
-4.13596e-08
4.93389e-06
-3.61107e-08
4.94307e-06
-2.98312e-08
4.95032e-06
-2.27753e-08
4.95548e-06
-1.52173e-08
4.95844e-06
-7.41973e-09
4.95915e-06
3.51461e-10
4.95762e-06
7.81286e-09
4.95396e-06
1.46494e-08
4.94838e-06
2.06151e-08
4.94117e-06
2.55373e-08
4.93271e-06
2.92717e-08
4.92336e-06
3.17726e-08
4.91352e-06
3.30354e-08
4.90354e-06
3.30933e-08
4.89378e-06
3.20204e-08
4.88453e-06
2.99243e-08
4.87604e-06
2.6919e-08
4.86855e-06
2.31149e-08
4.86224e-06
1.86407e-08
4.85725e-06
1.36412e-08
4.8537e-06
8.25885e-09
4.85167e-06
2.64102e-09
4.8512e-06
-3.03557e-09
4.85231e-06
-8.57561e-09
4.85498e-06
-1.37341e-08
4.85911e-06
-1.83062e-08
4.86453e-06
-2.21202e-08
4.87102e-06
-2.50285e-08
4.87831e-06
-2.69472e-08
4.88614e-06
-2.78333e-08
4.89419e-06
-2.76834e-08
4.90214e-06
-2.6532e-08
4.90967e-06
-2.44625e-08
4.91652e-06
-2.15916e-08
4.92247e-06
-1.80529e-08
4.92733e-06
-1.39865e-08
4.93099e-06
-9.53737e-09
4.93335e-06
-4.81903e-09
4.9344e-06
-1.45375e-10
4.93407e-06
4.84513e-09
4.93241e-06
8.94782e-09
1.45723e-08
5.13938e-06
3.49483e-08
5.13374e-06
5.47946e-09
5.13404e-06
-2.448e-08
5.14019e-06
-5.36452e-08
5.1519e-06
-8.07442e-08
5.16868e-06
-1.04603e-07
5.18984e-06
-1.24208e-07
5.2146e-06
-1.38851e-07
5.24218e-06
-1.4815e-07
5.27177e-06
-1.51962e-07
5.30254e-06
-1.50302e-07
5.33358e-06
-1.43297e-07
5.36379e-06
-1.31247e-07
5.39196e-06
-1.14739e-07
5.41694e-06
-9.4645e-08
5.43777e-06
-7.19277e-08
5.45377e-06
-4.7601e-08
5.46445e-06
-2.26126e-08
5.46961e-06
2.10706e-09
5.46919e-06
2.56978e-08
5.46318e-06
4.73663e-08
5.45188e-06
6.63658e-08
5.43589e-06
8.20545e-08
5.41602e-06
9.41271e-08
5.39324e-06
1.02417e-07
5.36857e-06
1.0694e-07
5.34299e-06
1.07846e-07
5.31743e-06
1.05336e-07
5.29277e-06
9.96562e-08
5.26973e-06
9.1081e-08
5.24893e-06
7.99095e-08
5.23089e-06
6.64426e-08
5.21606e-06
5.09918e-08
5.20481e-06
3.39189e-08
5.19735e-06
1.56723e-08
5.19384e-06
-3.135e-09
5.19425e-06
-2.18254e-08
5.1985e-06
-3.96439e-08
5.20639e-06
-5.58625e-08
5.21759e-06
-6.98066e-08
5.23166e-06
-8.09294e-08
5.24811e-06
-8.88847e-08
5.26641e-06
-9.34797e-08
5.28603e-06
-9.46436e-08
5.30642e-06
-9.24038e-08
5.32694e-06
-8.68592e-08
5.3468e-06
-7.82136e-08
5.36519e-06
-6.68679e-08
5.38135e-06
-5.33682e-08
5.39471e-06
-3.83249e-08
5.40482e-06
-2.23725e-08
5.41141e-06
-6.12762e-09
5.41439e-06
9.79657e-09
5.41369e-06
2.48455e-08
5.40934e-06
3.85135e-08
5.40154e-06
5.03119e-08
5.39071e-06
5.98242e-08
5.37737e-06
6.68637e-08
5.36213e-06
7.13179e-08
5.34565e-06
7.32078e-08
5.32857e-06
7.26444e-08
5.31153e-06
6.97734e-08
5.29515e-06
6.47817e-08
5.27996e-06
5.79022e-08
5.26637e-06
4.93999e-08
5.25476e-06
3.95521e-08
5.2454e-06
2.86209e-08
5.23848e-06
1.69e-08
5.23416e-06
4.74846e-09
5.23243e-06
-7.4552e-09
5.23329e-06
-1.9279e-08
5.23667e-06
-3.02875e-08
5.24243e-06
-4.00674e-08
5.25031e-06
-4.82401e-08
5.26004e-06
-5.45433e-08
5.2713e-06
-5.88157e-08
5.28372e-06
-6.09685e-08
5.29695e-06
-6.10006e-08
5.31059e-06
-5.89644e-08
5.32418e-06
-5.49482e-08
5.33718e-06
-4.91086e-08
5.34907e-06
-4.17227e-08
5.35942e-06
-3.31245e-08
5.36789e-06
-2.36871e-08
5.37424e-06
-1.37704e-08
5.37834e-06
-3.74938e-09
5.38014e-06
6.01045e-09
5.37962e-06
1.51765e-08
5.37678e-06
2.34473e-08
5.3718e-06
3.05205e-08
5.36492e-06
3.61485e-08
5.35647e-06
4.02244e-08
5.34683e-06
4.26765e-08
5.33641e-06
4.35194e-08
5.3256e-06
4.28254e-08
5.31483e-06
4.06908e-08
5.30451e-06
3.72431e-08
5.29498e-06
3.26484e-08
5.28652e-06
2.70982e-08
5.27936e-06
2.07972e-08
5.27368e-06
1.39377e-08
5.26959e-06
6.7333e-09
5.26714e-06
-5.79511e-10
5.26632e-06
-7.75778e-09
5.26714e-06
-1.45507e-08
5.26954e-06
-2.07157e-08
5.27344e-06
-2.60129e-08
5.27866e-06
-3.02468e-08
5.28502e-06
-3.33081e-08
5.2923e-06
-3.5119e-08
5.30028e-06
-3.56587e-08
5.3087e-06
-3.4952e-08
5.31728e-06
-3.30487e-08
5.32571e-06
-3.00183e-08
5.33364e-06
-2.59861e-08
5.34078e-06
-2.11258e-08
5.34691e-06
-1.56635e-08
5.3518e-06
-9.70864e-09
5.35543e-06
-3.77633e-09
5.35768e-06
2.59204e-09
5.35869e-06
7.9419e-09
1.57279e-08
5.54467e-06
5.53953e-06
5.54014e-06
5.54622e-06
5.55729e-06
5.5727e-06
5.59175e-06
5.6137e-06
5.63778e-06
5.66324e-06
5.68942e-06
5.71569e-06
5.74135e-06
5.76566e-06
5.78783e-06
5.80702e-06
5.82244e-06
5.83357e-06
5.84013e-06
5.84203e-06
5.83932e-06
5.83216e-06
5.82072e-06
5.80545e-06
5.78705e-06
5.76627e-06
5.74395e-06
5.72089e-06
5.69795e-06
5.676e-06
5.65581e-06
5.63804e-06
5.62321e-06
5.61174e-06
5.60395e-06
5.59996e-06
5.59969e-06
5.60294e-06
5.60941e-06
5.61873e-06
5.6305e-06
5.64425e-06
5.6595e-06
5.67577e-06
5.69267e-06
5.70975e-06
5.72654e-06
5.74253e-06
5.75714e-06
5.7698e-06
5.77999e-06
5.78739e-06
5.79181e-06
5.79322e-06
5.79168e-06
5.78728e-06
5.78013e-06
5.77051e-06
5.75883e-06
5.74554e-06
5.73113e-06
5.71614e-06
5.7011e-06
5.68659e-06
5.67319e-06
5.66135e-06
5.65147e-06
5.64383e-06
5.63861e-06
5.63585e-06
5.63548e-06
5.63737e-06
5.64135e-06
5.6472e-06
5.65468e-06
5.6635e-06
5.67336e-06
5.68398e-06
5.6951e-06
5.70641e-06
5.71761e-06
5.72831e-06
5.73811e-06
5.74664e-06
5.75357e-06
5.75871e-06
5.76195e-06
5.76328e-06
5.76276e-06
5.76044e-06
5.75639e-06
5.75078e-06
5.74384e-06
5.73584e-06
5.72707e-06
5.71784e-06
5.70849e-06
5.69939e-06
5.6909e-06
5.68336e-06
5.67701e-06
5.67204e-06
5.66856e-06
5.66657e-06
5.66605e-06
5.66691e-06
5.66905e-06
5.67237e-06
5.67674e-06
5.68197e-06
5.6879e-06
5.69437e-06
5.7012e-06
5.7082e-06
5.71515e-06
5.7218e-06
5.72792e-06
5.73323e-06
5.73762e-06
5.74086e-06
5.74336e-06
)
;

boundaryField
{
    inlet
    {
        type            calculated;
        value           nonuniform List<scalar> 0();
    }
    outlet
    {
        type            calculated;
        value           nonuniform List<scalar> 
16
(
4.18382e-07
1.2002e-06
1.94728e-06
2.65929e-06
3.32502e-06
3.92633e-06
4.45597e-06
4.92913e-06
5.35753e-06
5.74407e-06
6.09232e-06
6.39306e-06
6.62894e-06
6.78453e-06
6.85107e-06
6.8501e-06
)
;
    }
    topWall
    {
        type            calculated;
        value           nonuniform List<scalar> 0();
    }
    lowerWall
    {
        type            calculated;
        value           uniform 0;
    }
    leadingEdge
    {
        type            calculated;
        value           nonuniform List<scalar> 0();
    }
    trailingEdge
    {
        type            calculated;
        value           nonuniform List<scalar> 0();
    }
    upperSurface
    {
        type            calculated;
        value           nonuniform List<scalar> 0();
    }
    lowerSurface
    {
        type            calculated;
        value           nonuniform List<scalar> 0();
    }
    frontAndBack
    {
        type            empty;
        value           nonuniform List<scalar> 0();
    }
    procBoundary3to2
    {
        type            processor;
        value           nonuniform List<scalar> 
16
(
-5.94149e-06
-9.32478e-08
-6.30066e-06
-6.58481e-06
-6.80166e-06
-6.91409e-06
-3.08705e-07
-1.02403e-06
-1.77775e-06
-2.55489e-06
-3.28747e-06
-3.88893e-06
-4.34794e-06
-4.7481e-06
-5.15092e-06
-5.55557e-06
)
;
    }
    procBoundary3to7
    {
        type            processor;
        value           nonuniform List<scalar> 
124
(
1.11221e-07
6.40221e-08
1.47283e-08
-3.4108e-08
-8.04295e-08
-1.22384e-07
-1.58321e-07
-1.86907e-07
-2.07288e-07
-2.19461e-07
-2.24687e-07
-2.25392e-07
-2.20264e-07
-2.06176e-07
-1.85553e-07
-1.59179e-07
-1.27983e-07
-9.28765e-08
-5.48022e-08
-1.50901e-08
2.4216e-08
6.14775e-08
9.51834e-08
1.23992e-07
1.4687e-07
1.63201e-07
1.72956e-07
1.77126e-07
1.77634e-07
1.73202e-07
1.61722e-07
1.45034e-07
1.23784e-07
9.87275e-08
7.06142e-08
4.01973e-08
8.59546e-09
-2.25322e-08
-5.1944e-08
-7.84379e-08
-1.00904e-07
-1.18532e-07
-1.30921e-07
-1.38211e-07
-1.41091e-07
-1.4113e-07
-1.36686e-07
-1.26873e-07
-1.12943e-07
-9.54234e-08
-7.49276e-08
-5.207e-08
-2.74528e-08
-2.02636e-09
2.28839e-08
4.63409e-08
6.73908e-08
8.51561e-08
9.89649e-08
1.08548e-07
1.14058e-07
1.16144e-07
1.16015e-07
1.12065e-07
1.03953e-07
9.25809e-08
7.83788e-08
6.18425e-08
4.34603e-08
2.37301e-08
3.41877e-09
-1.64289e-08
-3.50957e-08
-5.18343e-08
-6.59594e-08
-7.69586e-08
-8.4611e-08
-8.90454e-08
-9.07513e-08
-9.07047e-08
-8.77648e-08
-8.15222e-08
-7.27377e-08
-6.17539e-08
-4.89568e-08
-3.47298e-08
-1.94769e-08
-3.79837e-09
1.14793e-08
2.58e-08
3.8608e-08
4.93681e-08
5.77109e-08
6.34911e-08
6.68169e-08
6.80978e-08
6.79911e-08
6.55619e-08
6.07118e-08
5.39273e-08
4.54814e-08
3.56723e-08
2.47929e-08
1.31701e-08
1.29339e-09
-1.02319e-08
-2.09638e-08
-3.04634e-08
-3.83376e-08
-4.4345e-08
-4.83922e-08
-5.06231e-08
-5.14292e-08
-5.10507e-08
-4.87573e-08
-4.47525e-08
-3.93126e-08
-3.26452e-08
-6.8531e-06
-2.44906e-08
-1.62018e-08
-6.56432e-09
9.68291e-10
1.3449e-08
)
;
    }
}


// ************************************************************************* //
