/*--------------------------------*- C++ -*----------------------------------*\
| =========                 |                                                 |
| \\      /  F ield         | OpenFOAM: The Open Source CFD Toolbox           |
|  \\    /   O peration     | Version:  2206                                  |
|   \\  /    A nd           | Website:  www.openfoam.com                      |
|    \\/     M anipulation  |                                                 |
\*---------------------------------------------------------------------------*/
FoamFile
{
    version     2.0;
    format      ascii;
    arch        "LSB;label=32;scalar=64";
    class       volVectorField;
    location    "19.8999";
    object      ddtCorrDdt0(U);
}
// * * * * * * * * * * * * * * * * * * * * * * * * * * * * * * * * * * * * * //

dimensions      [0 1 -2 0 0 0 0];

internalField   nonuniform List<vector> 
3038
(
(9.0892e-06 0.00109376 0)
(4.90317e-05 0.00336975 0)
(0.000146384 0.0056742 0)
(0.00029844 0.00794689 0)
(0.000502719 0.010151 0)
(0.000757284 0.0122304 0)
(0.00105871 0.0141323 0)
(0.00140211 0.0158161 0)
(0.00178247 0.0172528 0)
(0.00219375 0.0184237 0)
(0.00263016 0.0193179 0)
(0.0030855 0.0199317 0)
(0.00355393 0.0202684 0)
(0.00402891 0.0203391 0)
(0.00450459 0.0201625 0)
(0.00497517 0.0197677 0)
(0.00543704 0.0191903 0)
(0.00588623 0.0184771 0)
(0.00631782 0.0176762 0)
(0.00673007 0.0168433 0)
(0.00712483 0.0160323 0)
(0.00750216 0.0153016 0)
(0.00786203 0.014703 0)
(0.00820798 0.0142896 0)
(0.00854751 0.0141062 0)
(0.00888575 0.0141977 0)
(0.00922587 0.0145974 0)
(0.00958081 0.0153363 0)
(0.00994904 0.0164382 0)
(0.0103567 0.0179221 0)
(0.0108015 0.0197923 0)
(0.0112902 0.0220553 0)
(0.0118344 0.0247024 0)
(0.0124597 0.0277291 0)
(0.0131372 0.0311082 0)
(0.0139373 0.0348316 0)
(0.0147873 0.0388573 0)
(0.0157785 0.0431714 0)
(0.0168426 0.047729 0)
(0.0180442 0.052512 0)
(0.0193593 0.0574832 0)
(0.0207781 0.0626156 0)
(0.0223624 0.067895 0)
(0.0240248 0.0732859 0)
(0.0258662 0.0787949 0)
(0.0278099 0.0843996 0)
(0.0298966 0.0901051 0)
(0.0321343 0.0959271 0)
(0.034494 0.101863 0)
(0.037002 0.107951 0)
(0.0396895 0.114225 0)
(0.0424639 0.120683 0)
(0.0454852 0.127443 0)
(0.0486092 0.134475 0)
(0.0519184 0.141873 0)
(0.0554357 0.149759 0)
(0.0590568 0.158072 0)
(0.0629149 0.167214 0)
(0.0669772 0.176915 0)
(0.0712462 0.187368 0)
(0.0757813 0.198646 0)
(0.0806682 0.210857 0)
(0.0858514 0.224086 0)
(0.0913715 0.238417 0)
(0.0972771 0.253926 0)
(0.103605 0.270698 0)
(0.1104 0.288815 0)
(0.117709 0.308365 0)
(0.125579 0.329434 0)
(0.134059 0.352115 0)
(0.143207 0.376499 0)
(0.153088 0.402689 0)
(0.163779 0.430782 0)
(0.175365 0.460889 0)
(0.187945 0.493122 0)
(0.201628 0.527606 0)
(0.216543 0.564477 0)
(0.232835 0.60389 0)
(0.250671 0.646017 0)
(0.270253 0.691058 0)
(0.29181 0.739239 0)
(0.315621 0.790823 0)
(0.342014 0.846107 0)
(0.371385 0.905454 0)
(0.404225 0.969266 0)
(0.441126 1.03805 0)
(0.482782 1.11238 0)
(0.530059 1.19297 0)
(0.584048 1.28072 0)
(0.646093 1.37676 0)
(0.717901 1.48262 0)
(0.801609 1.6004 0)
(0.900229 1.73315 0)
(1.01723 1.88578 0)
(1.16008 2.0652 0)
(1.33507 2.28837 0)
(1.57792 2.55816 0)
(1.91136 2.99189 0)
(2.74555 3.37653 0)
(3.68979 4.8868 0)
(1.0842e-05 0.00106701 0)
(5.79053e-05 0.00329118 0)
(0.00017309 0.00553517 0)
(0.000354443 0.00775299 0)
(0.000595587 0.00990361 0)
(0.000892936 0.0119313 0)
(0.00124394 0.0137852 0)
(0.00164455 0.0154254 0)
(0.00208893 0.0168248 0)
(0.00257003 0.0179644 0)
(0.00308083 0.0188344 0)
(0.00361423 0.0194306 0)
(0.00416326 0.0197567 0)
(0.00472015 0.0198228 0)
(0.00527842 0.0196487 0)
(0.00583076 0.0192611 0)
(0.00637317 0.0186976 0)
(0.00689971 0.0180004 0)
(0.00740584 0.017219 0)
(0.00788997 0.016406 0)
(0.00835346 0.0156168 0)
(0.00879554 0.014904 0)
(0.00921741 0.0143213 0)
(0.00962368 0.0139181 0)
(0.0100221 0.0137417 0)
(0.0104179 0.0138308 0)
(0.0108156 0.0142217 0)
(0.0112343 0.0149425 0)
(0.0116584 0.0160186 0)
(0.0121476 0.017464 0)
(0.0126535 0.0192869 0)
(0.013235 0.021492 0)
(0.0138692 0.0240718 0)
(0.0145966 0.0270183 0)
(0.0154041 0.0303131 0)
(0.0163179 0.0339353 0)
(0.0173441 0.0378586 0)
(0.0184656 0.0420534 0)
(0.0197568 0.0464984 0)
(0.0211235 0.0511473 0)
(0.0226931 0.0559942 0)
(0.0243457 0.0609879 0)
(0.0261896 0.0661284 0)
(0.028168 0.0713829 0)
(0.0302855 0.0767401 0)
(0.0326014 0.0822066 0)
(0.0350184 0.0877574 0)
(0.0376598 0.0934312 0)
(0.0404052 0.0992076 0)
(0.0433816 0.105148 0)
(0.0464608 0.11123 0)
(0.0498032 0.117566 0)
(0.0532373 0.124091 0)
(0.0569409 0.130986 0)
(0.0608006 0.138207 0)
(0.0648358 0.145828 0)
(0.0691559 0.154125 0)
(0.0736183 0.162896 0)
(0.0783817 0.172323 0)
(0.0834347 0.182467 0)
(0.0887924 0.193474 0)
(0.0944971 0.205375 0)
(0.100564 0.218244 0)
(0.107041 0.232169 0)
(0.113966 0.247241 0)
(0.121381 0.263536 0)
(0.129332 0.281141 0)
(0.137871 0.300128 0)
(0.147051 0.320582 0)
(0.156934 0.342581 0)
(0.167587 0.366217 0)
(0.179085 0.391574 0)
(0.191516 0.418749 0)
(0.204974 0.447836 0)
(0.21957 0.478939 0)
(0.235425 0.512165 0)
(0.252682 0.547637 0)
(0.271501 0.585484 0)
(0.29207 0.625855 0)
(0.314608 0.668912 0)
(0.339371 0.714844 0)
(0.366663 0.763857 0)
(0.396848 0.816194 0)
(0.430361 0.872126 0)
(0.467741 0.931975 0)
(0.509632 0.996099 0)
(0.556808 1.06492 0)
(0.610261 1.13896 0)
(0.671237 1.21883 0)
(0.741322 1.30531 0)
(0.822608 1.39942 0)
(0.917868 1.50251 0)
(1.03127 1.61649 0)
(1.16782 1.74428 0)
(1.34055 1.88919 0)
(1.54872 2.0606 0)
(1.88427 2.25029 0)
(2.10379 2.50291 0)
(3.45547 2.80091 0)
(2.07748 2.20662 0)
(1.20896e-05 0.00103511 0)
(6.73422e-05 0.0031963 0)
(0.000199612 0.00537613 0)
(0.000406374 0.00752914 0)
(0.000681498 0.00961576 0)
(0.00102091 0.0115829 0)
(0.00142147 0.0133811 0)
(0.00187866 0.014972 0)
(0.0023859 0.0163287 0)
(0.00293528 0.0174329 0)
(0.00351865 0.0182746 0)
(0.00412785 0.0188503 0)
(0.00475478 0.0191637 0)
(0.00539122 0.019225 0)
(0.00602911 0.0190531 0)
(0.00666149 0.0186743 0)
(0.00728208 0.0181252 0)
(0.00788466 0.0174461 0)
(0.00846449 0.0166866 0)
(0.00901987 0.0158968 0)
(0.00955045 0.015131 0)
(0.0100562 0.0144393 0)
(0.0105391 0.0138753 0)
(0.0110049 0.0134855 0)
(0.0114601 0.0133164 0)
(0.011912 0.0134042 0)
(0.0123667 0.0137857 0)
(0.0128448 0.0144872 0)
(0.0133319 0.0155316 0)
(0.0138813 0.0169332 0)
(0.0144672 0.0187026 0)
(0.0151217 0.0208401 0)
(0.0158562 0.0233427 0)
(0.0166713 0.0261965 0)
(0.0176109 0.0293923 0)
(0.0186337 0.0328976 0)
(0.0198184 0.0367022 0)
(0.0210974 0.0407644 0)
(0.0225599 0.0450701 0)
(0.0241451 0.0495768 0)
(0.0259021 0.0542666 0)
(0.0278284 0.059112 0)
(0.0299014 0.0640848 0)
(0.0321786 0.0691805 0)
(0.0345991 0.0743711 0)
(0.0372272 0.0796646 0)
(0.0400095 0.0850478 0)
(0.0430137 0.0905457 0)
(0.0461478 0.0961374 0)
(0.0495559 0.101905 0)
(0.0530693 0.107793 0)
(0.0568614 0.113927 0)
(0.0608172 0.12028 0)
(0.0649931 0.126936 0)
(0.0694169 0.133973 0)
(0.074011 0.141369 0)
(0.0789133 0.149399 0)
(0.0840475 0.157913 0)
(0.0895039 0.167047 0)
(0.0952831 0.176864 0)
(0.101434 0.187565 0)
(0.107973 0.19908 0)
(0.114903 0.211529 0)
(0.122292 0.225008 0)
(0.130189 0.239583 0)
(0.138635 0.255333 0)
(0.147686 0.272334 0)
(0.157396 0.290661 0)
(0.167828 0.310391 0)
(0.17905 0.331602 0)
(0.191137 0.354374 0)
(0.204173 0.378787 0)
(0.218251 0.404924 0)
(0.233477 0.432867 0)
(0.249968 0.462706 0)
(0.267857 0.494533 0)
(0.287294 0.528448 0)
(0.308452 0.564557 0)
(0.331531 0.602978 0)
(0.356762 0.64384 0)
(0.384417 0.687286 0)
(0.414819 0.733469 0)
(0.448346 0.782564 0)
(0.485459 0.834756 0)
(0.526716 0.890263 0)
(0.572786 0.9493 0)
(0.624492 1.01213 0)
(0.68287 1.07902 0)
(0.749223 1.15029 0)
(0.825236 1.22626 0)
(0.913108 1.3073 0)
(1.01583 1.39377 0)
(1.13768 1.48606 0)
(1.28391 1.58426 0)
(1.46692 1.68818 0)
(1.68379 1.79425 0)
(2.01955 1.91322 0)
(2.26877 1.89167 0)
(3.15866 2.11041 0)
(3.48168 1.92564 0)
(1.34976e-05 0.000999181 0)
(7.57751e-05 0.00308942 0)
(0.000224111 0.00519546 0)
(0.000455738 0.00727528 0)
(0.000763854 0.00929127 0)
(0.00114372 0.0111912 0)
(0.00159203 0.0129267 0)
(0.00210385 0.0144611 0)
(0.00267149 0.0157689 0)
(0.00328608 0.0168327 0)
(0.00393882 0.0176425 0)
(0.0046209 0.0181949 0)
(0.0053233 0.0184934 0)
(0.00603683 0.0185484 0)
(0.00675258 0.0183782 0)
(0.00746248 0.0180093 0)
(0.00815937 0.0174757 0)
(0.00883652 0.0168184 0)
(0.00948883 0.0160837 0)
(0.0101137 0.0153212 0)
(0.0107102 0.0145815 0)
(0.0112789 0.0139151 0)
(0.0118221 0.0133716 0)
(0.0123454 0.0129976 0)
(0.0128561 0.0128355 0)
(0.0133627 0.0129229 0)
(0.0138733 0.0132928 0)
(0.0144065 0.0139721 0)
(0.0149587 0.0149811 0)
(0.0155603 0.0163349 0)
(0.0162287 0.0180431 0)
(0.0169503 0.0201045 0)
(0.0177765 0.0225184 0)
(0.018691 0.0252706 0)
(0.0197278 0.0283487 0)
(0.0208959 0.0317305 0)
(0.022187 0.0353919 0)
(0.0236609 0.0393126 0)
(0.0252528 0.043453 0)
(0.0270671 0.0478033 0)
(0.0290071 0.0523157 0)
(0.031173 0.0569871 0)
(0.0335054 0.061781 0)
(0.0360291 0.0666853 0)
(0.0387747 0.0716966 0)
(0.0416831 0.0767895 0)
(0.044836 0.0819882 0)
(0.0481548 0.0872732 0)
(0.0517328 0.0926915 0)
(0.0554573 0.0982078 0)
(0.0594933 0.103944 0)
(0.063652 0.109804 0)
(0.0681263 0.115973 0)
(0.0727989 0.122392 0)
(0.0777061 0.129143 0)
(0.08294 0.136414 0)
(0.0883743 0.144072 0)
(0.0941317 0.152277 0)
(0.100235 0.161095 0)
(0.106795 0.170599 0)
(0.113719 0.180868 0)
(0.120969 0.191944 0)
(0.12873 0.203928 0)
(0.13701 0.216897 0)
(0.145837 0.230913 0)
(0.155274 0.246055 0)
(0.165376 0.262392 0)
(0.176206 0.279997 0)
(0.187831 0.298938 0)
(0.200325 0.319285 0)
(0.213769 0.341108 0)
(0.228253 0.364478 0)
(0.243878 0.389466 0)
(0.260754 0.416146 0)
(0.279006 0.444593 0)
(0.298773 0.474882 0)
(0.320213 0.507093 0)
(0.343505 0.541311 0)
(0.368855 0.577622 0)
(0.396501 0.616117 0)
(0.426721 0.656898 0)
(0.459841 0.70006 0)
(0.496245 0.745709 0)
(0.536393 0.793952 0)
(0.58084 0.844888 0)
(0.630249 0.898608 0)
(0.685434 0.95519 0)
(0.7474 1.01468 0)
(0.817407 1.07706 0)
(0.897058 1.14223 0)
(0.988403 1.20993 0)
(1.09416 1.27961 0)
(1.21794 1.35025 0)
(1.36426 1.41991 0)
(1.54158 1.48542 0)
(1.75037 1.53745 0)
(2.03525 1.58476 0)
(2.30844 1.49455 0)
(2.73016 1.47242 0)
(3.30404 1.27056 0)
(1.48613e-05 0.00095926 0)
(8.36936e-05 0.00296995 0)
(0.000247877 0.0049946 0)
(0.000503732 0.00699318 0)
(0.000842918 0.00893072 0)
(0.00126009 0.0107549 0)
(0.00175281 0.0124203 0)
(0.00231659 0.0138929 0)
(0.00294246 0.0151475 0)
(0.00361974 0.016167 0)
(0.00433852 0.0169416 0)
(0.00508953 0.017468 0)
(0.00586339 0.0177495 0)
(0.00665066 0.0177965 0)
(0.00744187 0.0176273 0)
(0.00822789 0.0172678 0)
(0.00900021 0.0167511 0)
(0.00975131 0.0161168 0)
(0.0104753 0.0154094 0)
(0.0111688 0.0146766 0)
(0.0118303 0.0139668 0)
(0.0124605 0.0133285 0)
(0.0130624 0.0128091 0)
(0.0136417 0.0124529 0)
(0.0142063 0.0123005 0)
(0.0147659 0.0123879 0)
(0.0153294 0.0127463 0)
(0.015918 0.0134007 0)
(0.0165231 0.0143719 0)
(0.0171919 0.0156732 0)
(0.0179181 0.0173123 0)
(0.0187248 0.0192915 0)
(0.0196192 0.0216048 0)
(0.0206412 0.0242456 0)
(0.0217678 0.0271932 0)
(0.0230627 0.030436 0)
(0.0244836 0.0339423 0)
(0.0260966 0.0376973 0)
(0.0278732 0.0416666 0)
(0.0298388 0.0458272 0)
(0.0320156 0.0501579 0)
(0.034368 0.0546238 0)
(0.0369612 0.0592224 0)
(0.0397413 0.06392 0)
(0.0427545 0.0687174 0)
(0.045984 0.0736047 0)
(0.0494438 0.0785822 0)
(0.0531105 0.0836473 0)
(0.0570569 0.0888454 0)
(0.061172 0.094135 0)
(0.0655974 0.0996227 0)
(0.070224 0.105271 0)
(0.0751214 0.111161 0)
(0.0803003 0.117346 0)
(0.0857053 0.123818 0)
(0.0914647 0.130783 0)
(0.0974967 0.138143 0)
(0.103888 0.146024 0)
(0.110661 0.154497 0)
(0.117834 0.163633 0)
(0.125428 0.173405 0)
(0.133486 0.184015 0)
(0.142052 0.195502 0)
(0.151162 0.207914 0)
(0.160875 0.221327 0)
(0.171249 0.235805 0)
(0.182346 0.251415 0)
(0.194231 0.268222 0)
(0.206978 0.286291 0)
(0.220665 0.305687 0)
(0.23538 0.326473 0)
(0.251217 0.348709 0)
(0.268282 0.372458 0)
(0.286689 0.397778 0)
(0.306567 0.424731 0)
(0.328058 0.453376 0)
(0.351322 0.483773 0)
(0.376539 0.515981 0)
(0.403917 0.55006 0)
(0.433692 0.586066 0)
(0.466141 0.624055 0)
(0.501581 0.664073 0)
(0.54039 0.70616 0)
(0.583008 0.750341 0)
(0.629964 0.796621 0)
(0.681883 0.844965 0)
(0.739519 0.89529 0)
(0.803789 0.947432 0)
(0.875815 1.00111 0)
(0.956986 1.05586 0)
(1.04901 1.11092 0)
(1.15405 1.16513 0)
(1.27473 1.21657 0)
(1.41424 1.26229 0)
(1.57705 1.29756 0)
(1.76482 1.31313 0)
(1.98999 1.30694 0)
(2.23644 1.22446 0)
(2.47646 1.08424 0)
(2.83603 0.910648 0)
(1.61787e-05 0.000915647 0)
(9.13429e-05 0.00283857 0)
(0.000270016 0.00477455 0)
(0.00054823 0.00668431 0)
(0.00091535 0.0085408 0)
(0.00136652 0.0102839 0)
(0.00190242 0.0118691 0)
(0.00251599 0.0132702 0)
(0.00319566 0.0144649 0)
(0.00393093 0.0154352 0)
(0.00471241 0.0161711 0)
(0.00553037 0.0166691 0)
(0.00637483 0.0169325 0)
(0.00723535 0.0169713 0)
(0.00810096 0.016803 0)
(0.00896078 0.016453 0)
(0.00980526 0.0159538 0)
(0.0106264 0.0153442 0)
(0.0114182 0.0146668 0)
(0.0121769 0.0139669 0)
(0.012901 0.0132906 0)
(0.0135912 0.0126836 0)
(0.0142507 0.0121907 0)
(0.0148856 0.0118542 0)
(0.0155035 0.0117126 0)
(0.0161153 0.0118 0)
(0.0167299 0.0121459 0)
(0.0173727 0.0127743 0)
(0.0180263 0.0137033 0)
(0.0187608 0.0149472 0)
(0.019544 0.0165117 0)
(0.0204224 0.0184001 0)
(0.0213973 0.0206059 0)
(0.0224955 0.0231212 0)
(0.0237383 0.0259313 0)
(0.0251166 0.0290152 0)
(0.026694 0.0323591 0)
(0.0284127 0.0359266 0)
(0.0303735 0.0397108 0)
(0.0324939 0.0436663 0)
(0.0348627 0.0477881 0)
(0.0374392 0.0520432 0)
(0.0402341 0.0564123 0)
(0.0432929 0.0608943 0)
(0.0465472 0.0654535 0)
(0.0500863 0.0701137 0)
(0.0538312 0.0748469 0)
(0.057865 0.0796878 0)
(0.0620998 0.0846079 0)
(0.0666651 0.0896953 0)
(0.0714079 0.0948744 0)
(0.0765007 0.100298 0)
(0.0818255 0.105902 0)
(0.0874392 0.111774 0)
(0.0934103 0.118042 0)
(0.0996343 0.124615 0)
(0.106224 0.131626 0)
(0.113204 0.139136 0)
(0.120586 0.147199 0)
(0.128397 0.155873 0)
(0.136672 0.165224 0)
(0.145447 0.175344 0)
(0.154764 0.186274 0)
(0.164673 0.198081 0)
(0.175227 0.210835 0)
(0.186489 0.224597 0)
(0.198523 0.239428 0)
(0.211401 0.255384 0)
(0.225201 0.272524 0)
(0.240005 0.290904 0)
(0.255904 0.310579 0)
(0.272996 0.331602 0)
(0.29139 0.354024 0)
(0.311202 0.377897 0)
(0.332562 0.403266 0)
(0.355614 0.430177 0)
(0.380517 0.458669 0)
(0.407449 0.488781 0)
(0.436613 0.520545 0)
(0.468237 0.553982 0)
(0.502586 0.58911 0)
(0.539964 0.625927 0)
(0.580724 0.664416 0)
(0.625276 0.704533 0)
(0.674101 0.746196 0)
(0.727759 0.789267 0)
(0.786914 0.833533 0)
(0.852348 0.878668 0)
(0.924989 0.924189 0)
(1.00594 0.969387 0)
(1.09648 1.01321 0)
(1.19813 1.05415 0)
(1.31255 1.08994 0)
(1.44153 1.11737 0)
(1.58685 1.13168 0)
(1.74886 1.12533 0)
(1.92826 1.09169 0)
(2.12179 1.0111 0)
(2.3026 0.866488 0)
(2.48364 0.68445 0)
(1.75466e-05 0.000868067 0)
(9.91727e-05 0.00269625 0)
(0.000291344 0.00453754 0)
(0.000593911 0.00635058 0)
(0.000985913 0.00810653 0)
(0.00145788 0.00976681 0)
(0.00202767 0.0112771 0)
(0.00269085 0.0126073 0)
(0.00342719 0.0137377 0)
(0.00422287 0.0146534 0)
(0.00506936 0.0153441 0)
(0.00595693 0.0158045 0)
(0.00687362 0.0160407 0)
(0.00780628 0.0160665 0)
(0.00874216 0.0158996 0)
(0.00966991 0.0155627 0)
(0.01058 0.0150857 0)
(0.0114646 0.0145045 0)
(0.0123176 0.0138597 0)
(0.0131351 0.0131944 0)
(0.013916 0.0125528 0)
(0.0146613 0.0119791 0)
(0.0153746 0.0115154 0)
(0.016062 0.0112013 0)
(0.0167315 0.0110727 0)
(0.0173941 0.011162 0)
(0.0180597 0.011496 0)
(0.0187526 0.012098 0)
(0.0194628 0.0129827 0)
(0.0202434 0.0141641 0)
(0.0210993 0.0156505 0)
(0.0220288 0.0174397 0)
(0.0230911 0.0195314 0)
(0.0242565 0.0219099 0)
(0.0256 0.0245707 0)
(0.0270794 0.0274857 0)
(0.0287643 0.0306458 0)
(0.0306351 0.0340213 0)
(0.0327108 0.0375897 0)
(0.0350319 0.0413365 0)
(0.0375468 0.0452207 0)
(0.040346 0.0492489 0)
(0.0433535 0.0533756 0)
(0.0466366 0.0576075 0)
(0.050169 0.0619259 0)
(0.0539633 0.0663254 0)
(0.058012 0.0708044 0)
(0.0623584 0.0753851 0)
(0.0669295 0.0800409 0)
(0.0718321 0.0848449 0)
(0.0769803 0.0897694 0)
(0.0824373 0.0948802 0)
(0.0882038 0.100206 0)
(0.0942482 0.10576 0)
(0.100676 0.111689 0)
(0.107414 0.117926 0)
(0.114542 0.124572 0)
(0.122074 0.131682 0)
(0.130029 0.139313 0)
(0.138442 0.14752 0)
(0.147368 0.156341 0)
(0.156829 0.165935 0)
(0.166848 0.176294 0)
(0.177497 0.187467 0)
(0.18884 0.199524 0)
(0.200934 0.212523 0)
(0.213845 0.226518 0)
(0.227649 0.241562 0)
(0.242426 0.257709 0)
(0.258265 0.275009 0)
(0.275258 0.293509 0)
(0.293506 0.313254 0)
(0.313118 0.334285 0)
(0.334214 0.356641 0)
(0.356919 0.380357 0)
(0.381377 0.405464 0)
(0.407741 0.431988 0)
(0.436184 0.459944 0)
(0.466898 0.48934 0)
(0.5001 0.52017 0)
(0.536037 0.552415 0)
(0.574991 0.586034 0)
(0.617281 0.620959 0)
(0.663277 0.657091 0)
(0.713398 0.69428 0)
(0.768123 0.732311 0)
(0.828001 0.770875 0)
(0.893661 0.80954 0)
(0.965813 0.8477 0)
(1.04526 0.884512 0)
(1.13285 0.918803 0)
(1.22951 0.948963 0)
(1.33609 0.972754 0)
(1.45323 0.987152 0)
(1.58114 0.988081 0)
(1.71875 0.969867 0)
(1.86359 0.926216 0)
(2.01053 0.848561 0)
(2.14683 0.725681 0)
(2.24713 0.560176 0)
(1.96531e-05 0.00081632 0)
(0.000109748 0.00253655 0)
(0.000312265 0.00427627 0)
(0.00063905 0.00597115 0)
(0.000997621 0.00773323 0)
(0.00156091 0.00920962 0)
(0.0021759 0.0106134 0)
(0.00287453 0.0118694 0)
(0.00365815 0.0129376 0)
(0.0045148 0.0137971 0)
(0.00542519 0.0144433 0)
(0.00637583 0.014876 0)
(0.00735832 0.0150927 0)
(0.0083593 0.015108 0)
(0.00936214 0.0149408 0)
(0.0103538 0.0146142 0)
(0.011325 0.0141579 0)
(0.0122682 0.0136067 0)
(0.0131776 0.0129978 0)
(0.0140497 0.0123704 0)
(0.0148836 0.0117657 0)
(0.01568 0.0112256 0)
(0.0164419 0.0107904 0)
(0.0171757 0.0104978 0)
(0.0178902 0.0103816 0)
(0.018597 0.0104717 0)
(0.0193077 0.0107929 0)
(0.0200439 0.0113675 0)
(0.0208067 0.0122065 0)
(0.0216297 0.0133202 0)
(0.0225498 0.0147231 0)
(0.0235375 0.0164091 0)
(0.0246618 0.0183776 0)
(0.0259169 0.0206145 0)
(0.0273234 0.0231099 0)
(0.0289306 0.0258507 0)
(0.0306907 0.0288076 0)
(0.0327206 0.0319802 0)
(0.0349073 0.0353171 0)
(0.0374013 0.0388336 0)
(0.0400874 0.0424728 0)
(0.0430655 0.0462447 0)
(0.0463018 0.05012 0)
(0.0497871 0.0540801 0)
(0.0535889 0.0581402 0)
(0.0576134 0.0622556 0)
(0.0619863 0.0664812 0)
(0.0665632 0.0707444 0)
(0.0715328 0.0751674 0)
(0.0766874 0.0796227 0)
(0.0822495 0.0842924 0)
(0.0880582 0.0890737 0)
(0.0942083 0.0940669 0)
(0.100732 0.0993548 0)
(0.107548 0.104871 0)
(0.114761 0.110729 0)
(0.122391 0.116979 0)
(0.130444 0.123665 0)
(0.138941 0.130845 0)
(0.147892 0.138582 0)
(0.157436 0.146961 0)
(0.167582 0.155923 0)
(0.178259 0.165611 0)
(0.189601 0.176095 0)
(0.201678 0.187413 0)
(0.214543 0.199609 0)
(0.228264 0.212729 0)
(0.242921 0.226818 0)
(0.258601 0.241922 0)
(0.275392 0.258087 0)
(0.293388 0.275356 0)
(0.312691 0.293764 0)
(0.333409 0.313347 0)
(0.355662 0.334131 0)
(0.379575 0.356141 0)
(0.405286 0.379397 0)
(0.432942 0.403909 0)
(0.462704 0.429676 0)
(0.494751 0.456684 0)
(0.529281 0.484904 0)
(0.56652 0.514288 0)
(0.606719 0.54476 0)
(0.650165 0.576216 0)
(0.697173 0.608513 0)
(0.748099 0.641454 0)
(0.803333 0.674772 0)
(0.863304 0.708102 0)
(0.92848 0.740951 0)
(0.999359 0.772661 0)
(1.07645 0.802355 0)
(1.16026 0.828864 0)
(1.25118 0.850651 0)
(1.34945 0.865705 0)
(1.45493 0.871439 0)
(1.56687 0.864618 0)
(1.68337 0.841212 0)
(1.80104 0.796743 0)
(1.91367 0.726586 0)
(2.01372 0.626427 0)
(2.07983 0.495625 0)
(2.05951e-05 0.000760325 0)
(0.000113108 0.00238597 0)
(0.000322899 0.00403073 0)
(0.00063945 0.00565386 0)
(0.00109036 0.0071835 0)
(0.00163349 0.00864489 0)
(0.00230436 0.00994147 0)
(0.00303115 0.0111214 0)
(0.003888 0.0120858 0)
(0.00479697 0.0128798 0)
(0.00576319 0.0134763 0)
(0.00681164 0.0138507 0)
(0.00785141 0.0140516 0)
(0.00890607 0.0140678 0)
(0.00996406 0.0139127 0)
(0.011012 0.0136041 0)
(0.0120405 0.013172 0)
(0.0130399 0.0126506 0)
(0.0140025 0.012076 0)
(0.0149244 0.0114875 0)
(0.0158049 0.0109242 0)
(0.0166453 0.0104235 0)
(0.0174489 0.0100221 0)
(0.018222 0.00975505 0)
(0.018974 0.0096539 0)
(0.0197172 0.00974619 0)
(0.0204669 0.0100545 0)
(0.0212371 0.0105989 0)
(0.0220615 0.0113899 0)
(0.0229074 0.0124349 0)
(0.023878 0.0137475 0)
(0.0249312 0.0153241 0)
(0.0261075 0.017159 0)
(0.0274467 0.0192453 0)
(0.0289226 0.0215652 0)
(0.0306337 0.0241167 0)
(0.032492 0.0268615 0)
(0.0346414 0.0298086 0)
(0.0369685 0.0329071 0)
(0.0395976 0.0361674 0)
(0.0424677 0.0395509 0)
(0.0456066 0.0430454 0)
(0.049058 0.0466511 0)
(0.0527453 0.0503256 0)
(0.0567841 0.0541043 0)
(0.0610491 0.0579282 0)
(0.0656873 0.061865 0)
(0.070539 0.0658276 0)
(0.0758014 0.0699466 0)
(0.0812763 0.0740962 0)
(0.0871593 0.0784383 0)
(0.0933296 0.0828982 0)
(0.0998399 0.0875391 0)
(0.106761 0.0924734 0)
(0.114006 0.0976255 0)
(0.121662 0.103083 0)
(0.129755 0.108903 0)
(0.138303 0.115136 0)
(0.147331 0.121836 0)
(0.156898 0.129059 0)
(0.166943 0.136882 0)
(0.177553 0.145242 0)
(0.188884 0.154276 0)
(0.20091 0.16405 0)
(0.213677 0.174596 0)
(0.227258 0.185954 0)
(0.241727 0.198158 0)
(0.257169 0.211247 0)
(0.273675 0.225262 0)
(0.291337 0.240247 0)
(0.310247 0.256236 0)
(0.330506 0.273258 0)
(0.352224 0.291338 0)
(0.375516 0.310501 0)
(0.400504 0.330765 0)
(0.427322 0.352138 0)
(0.456105 0.374619 0)
(0.487004 0.398192 0)
(0.52018 0.422825 0)
(0.55581 0.448468 0)
(0.594096 0.475048 0)
(0.635256 0.502462 0)
(0.679536 0.530579 0)
(0.727202 0.559228 0)
(0.778541 0.588192 0)
(0.833851 0.617175 0)
(0.893445 0.645787 0)
(0.957642 0.673519 0)
(1.02675 0.699715 0)
(1.10105 0.723528 0)
(1.18071 0.74388 0)
(1.26578 0.759409 0)
(1.35605 0.768421 0)
(1.45088 0.76886 0)
(1.54904 0.758326 0)
(1.64829 0.734119 0)
(1.74519 0.693528 0)
(1.83417 0.634186 0)
(1.90912 0.555294 0)
(1.95742 0.458024 0)
(2.09703e-05 0.000703575 0)
(0.000117963 0.00220919 0)
(0.000334906 0.00375214 0)
(0.000690673 0.00523543 0)
(0.00115569 0.00668508 0)
(0.00174548 0.00801368 0)
(0.00243549 0.00922364 0)
(0.0032241 0.0102898 0)
(0.00411684 0.011183 0)
(0.00505966 0.0119186 0)
(0.00610708 0.0124404 0)
(0.00714558 0.0128092 0)
(0.00827229 0.012972 0)
(0.00936385 0.0129884 0)
(0.0105039 0.0128279 0)
(0.0116091 0.012536 0)
(0.0126873 0.0121346 0)
(0.0137364 0.0116513 0)
(0.0147497 0.0111148 0)
(0.0157225 0.0105648 0)
(0.0166509 0.0100415 0)
(0.0175348 0.00958037 0)
(0.0183792 0.00921402 0)
(0.0191921 0.00897323 0)
(0.0199838 0.00888661 0)
(0.0207663 0.00897942 0)
(0.0215554 0.00927277 0)
(0.0223638 0.00978308 0)
(0.023227 0.0105236 0)
(0.0241179 0.0114963 0)
(0.0251343 0.0127115 0)
(0.0262408 0.014172 0)
(0.0274708 0.0158677 0)
(0.0288736 0.0177931 0)
(0.0304247 0.0199301 0)
(0.0322138 0.0222777 0)
(0.0341784 0.0248024 0)
(0.0364202 0.0275066 0)
(0.0388887 0.0303568 0)
(0.0416356 0.033345 0)
(0.0446675 0.0364558 0)
(0.0479741 0.0396662 0)
(0.0515904 0.0429745 0)
(0.0555016 0.0463652 0)
(0.0597202 0.049831 0)
(0.064237 0.0533647 0)
(0.0690997 0.0569888 0)
(0.0742078 0.0606364 0)
(0.0797463 0.0644417 0)
(0.0855043 0.0682573 0)
(0.091697 0.072264 0)
(0.0981962 0.0763757 0)
(0.105052 0.0806509 0)
(0.112339 0.085204 0)
(0.119979 0.0899535 0)
(0.128053 0.0949831 0)
(0.136586 0.100351 0)
(0.145593 0.106107 0)
(0.155099 0.112295 0)
(0.165137 0.118952 0)
(0.175731 0.126099 0)
(0.186941 0.133874 0)
(0.198839 0.142271 0)
(0.211457 0.151323 0)
(0.224847 0.161078 0)
(0.239074 0.171572 0)
(0.254213 0.182828 0)
(0.27036 0.194876 0)
(0.287614 0.207763 0)
(0.306065 0.221532 0)
(0.325799 0.236212 0)
(0.346917 0.25182 0)
(0.369529 0.268369 0)
(0.393751 0.285877 0)
(0.4197 0.304357 0)
(0.447496 0.323815 0)
(0.477263 0.344244 0)
(0.509134 0.365619 0)
(0.543253 0.387898 0)
(0.579774 0.411014 0)
(0.618873 0.434874 0)
(0.660731 0.459356 0)
(0.705561 0.484305 0)
(0.753589 0.50954 0)
(0.805035 0.534833 0)
(0.860107 0.559884 0)
(0.91901 0.584306 0)
(0.981932 0.607613 0)
(1.04902 0.629191 0)
(1.12035 0.648275 0)
(1.19589 0.663919 0)
(1.27541 0.674974 0)
(1.35843 0.680086 0)
(1.44408 0.677712 0)
(1.53092 0.666186 0)
(1.61677 0.643834 0)
(1.69851 0.609258 0)
(1.77169 0.561607 0)
(1.8313 0.501545 0)
(1.86975 0.431369 0)
(2.23e-05 0.000642469 0)
(0.000122969 0.00203745 0)
(0.000354346 0.00345436 0)
(0.000726713 0.00482641 0)
(0.00121999 0.00614274 0)
(0.00183588 0.00736099 0)
(0.0025596 0.00846649 0)
(0.00339254 0.00943161 0)
(0.00431311 0.0102485 0)
(0.00531229 0.0109001 0)
(0.00638548 0.0113782 0)
(0.00748261 0.0116992 0)
(0.00865087 0.0118372 0)
(0.00978973 0.0118413 0)
(0.0109766 0.0116825 0)
(0.0121317 0.011409 0)
(0.0132521 0.0110411 0)
(0.0143834 0.0105847 0)
(0.0154271 0.0100975 0)
(0.0164418 0.00959434 0)
(0.0174154 0.00911602 0)
(0.0183436 0.00869674 0)
(0.0192315 0.00836725 0)
(0.0200881 0.00815363 0)
(0.0209231 0.00808333 0)
(0.0217476 0.00817837 0)
(0.0225766 0.00845932 0)
(0.0234236 0.00893805 0)
(0.0243209 0.00962921 0)
(0.025266 0.0105306 0)
(0.0262959 0.011646 0)
(0.0274574 0.0129825 0)
(0.0287427 0.0145334 0)
(0.0301958 0.0162883 0)
(0.0318201 0.0182345 0)
(0.0336722 0.0203647 0)
(0.0357331 0.0226583 0)
(0.0380593 0.0251062 0)
(0.040642 0.0276905 0)
(0.0435129 0.0303979 0)
(0.0466676 0.0332124 0)
(0.0501445 0.03613 0)
(0.0539013 0.0391217 0)
(0.0580152 0.0422107 0)
(0.0624108 0.0453551 0)
(0.0671435 0.0485752 0)
(0.0722228 0.051879 0)
(0.0775586 0.0551895 0)
(0.0833466 0.0586572 0)
(0.0893715 0.0621271 0)
(0.0958415 0.0657763 0)
(0.102643 0.0695227 0)
(0.109817 0.0734221 0)
(0.117441 0.077574 0)
(0.125443 0.0819053 0)
(0.133905 0.0864831 0)
(0.142853 0.0913725 0)
(0.152297 0.0966293 0)
(0.16225 0.102296 0)
(0.172748 0.108395 0)
(0.183837 0.114971 0)
(0.195569 0.122086 0)
(0.208007 0.129774 0)
(0.221184 0.138066 0)
(0.235151 0.147007 0)
(0.249967 0.156619 0)
(0.265706 0.1669 0)
(0.282486 0.177858 0)
(0.300419 0.189566 0)
(0.319585 0.202069 0)
(0.340058 0.215393 0)
(0.361931 0.22954 0)
(0.38532 0.244531 0)
(0.410344 0.260373 0)
(0.43712 0.27708 0)
(0.465762 0.294644 0)
(0.496378 0.313056 0)
(0.529083 0.332277 0)
(0.563996 0.352263 0)
(0.601244 0.372927 0)
(0.640966 0.394167 0)
(0.683319 0.415831 0)
(0.728487 0.437768 0)
(0.776656 0.459804 0)
(0.827984 0.48173 0)
(0.882605 0.503239 0)
(0.940633 0.523964 0)
(1.00215 0.543451 0)
(1.06719 0.56117 0)
(1.13565 0.576455 0)
(1.20735 0.58853 0)
(1.28189 0.596458 0)
(1.35865 0.599212 0)
(1.43668 0.595673 0)
(1.51459 0.584773 0)
(1.59038 0.565573 0)
(1.66145 0.537556 0)
(1.72437 0.500787 0)
(1.77533 0.456597 0)
(1.80951 0.407616 0)
(2.31548e-05 0.000579909 0)
(0.000127206 0.00185515 0)
(0.000369371 0.00314313 0)
(0.000756283 0.00438827 0)
(0.00127204 0.00557546 0)
(0.00191363 0.00667436 0)
(0.00266614 0.00767125 0)
(0.00353657 0.00853445 0)
(0.0044872 0.00926816 0)
(0.00553482 0.00984198 0)
(0.00663231 0.010272 0)
(0.00778994 0.0105435 0)
(0.00898099 0.010666 0)
(0.0101757 0.0106543 0)
(0.0114048 0.0104996 0)
(0.0125818 0.0102499 0)
(0.0137892 0.00989288 0)
(0.014912 0.00948518 0)
(0.0160444 0.00903001 0)
(0.0170922 0.00857919 0)
(0.0181115 0.00814372 0)
(0.0190891 0.00776375 0)
(0.0200235 0.00746694 0)
(0.0209229 0.00728182 0)
(0.0217981 0.00722744 0)
(0.0226615 0.00732764 0)
(0.0235266 0.00759413 0)
(0.0244121 0.00804154 0)
(0.0253354 0.00867642 0)
(0.0263369 0.00950653 0)
(0.0273895 0.0105207 0)
(0.0285872 0.0117305 0)
(0.0299143 0.0131283 0)
(0.0314111 0.0147094 0)
(0.0330883 0.0164545 0)
(0.0350005 0.0183634 0)
(0.0371307 0.0204114 0)
(0.0395416 0.0226 0)
(0.0422103 0.0249004 0)
(0.0452004 0.0273214 0)
(0.0484619 0.0298223 0)
(0.0520868 0.0324345 0)
(0.055987 0.0351003 0)
(0.0602623 0.0378677 0)
(0.0648522 0.0406945 0)
(0.0697443 0.0435782 0)
(0.0750515 0.0465767 0)
(0.0805586 0.049527 0)
(0.0865832 0.052647 0)
(0.0928513 0.0557511 0)
(0.099576 0.059014 0)
(0.10666 0.0623779 0)
(0.114124 0.0658606 0)
(0.122056 0.0695884 0)
(0.130386 0.0734735 0)
(0.139199 0.0775903 0)
(0.148537 0.0819906 0)
(0.158398 0.0867351 0)
(0.168775 0.0918387 0)
(0.179707 0.0973411 0)
(0.191257 0.103279 0)
(0.203478 0.109716 0)
(0.216412 0.116669 0)
(0.230107 0.124185 0)
(0.244609 0.132299 0)
(0.25994 0.141033 0)
(0.276173 0.150317 0)
(0.293483 0.160182 0)
(0.312017 0.170706 0)
(0.331824 0.181952 0)
(0.352953 0.193902 0)
(0.375504 0.206565 0)
(0.399599 0.219933 0)
(0.425353 0.234041 0)
(0.45287 0.248889 0)
(0.482251 0.264506 0)
(0.513593 0.280865 0)
(0.546993 0.297956 0)
(0.582545 0.315698 0)
(0.620348 0.334025 0)
(0.660503 0.35279 0)
(0.703148 0.371814 0)
(0.748469 0.390903 0)
(0.79663 0.409962 0)
(0.847707 0.428803 0)
(0.901747 0.447175 0)
(0.958797 0.464706 0)
(1.01887 0.481023 0)
(1.0819 0.495638 0)
(1.14771 0.508035 0)
(1.21597 0.517539 0)
(1.28621 0.523455 0)
(1.35774 0.524982 0)
(1.42965 0.521403 0)
(1.50068 0.512037 0)
(1.56917 0.496533 0)
(1.633 0.474841 0)
(1.68964 0.447566 0)
(1.73633 0.41617 0)
(1.77014 0.383283 0)
(2.39114e-05 0.000516303 0)
(0.000131147 0.0016653 0)
(0.00038192 0.00282014 0)
(0.000779479 0.00393527 0)
(0.0013193 0.00498397 0)
(0.00197683 0.00596558 0)
(0.00276577 0.00684103 0)
(0.00365292 0.00761276 0)
(0.00464925 0.00824825 0)
(0.00571562 0.0087558 0)
(0.00685824 0.00912091 0)
(0.00804975 0.00935026 0)
(0.00927132 0.00944822 0)
(0.0105208 0.00941485 0)
(0.0117565 0.00927456 0)
(0.0130109 0.00902668 0)
(0.0142101 0.0087125 0)
(0.0154222 0.00833022 0)
(0.0165488 0.00792919 0)
(0.0176812 0.00751399 0)
(0.0187306 0.00712845 0)
(0.0197521 0.00679042 0)
(0.0207339 0.00653215 0)
(0.0216775 0.0063767 0)
(0.0225947 0.00634578 0)
(0.0234965 0.00645534 0)
(0.0243972 0.00671744 0)
(0.0253157 0.00713658 0)
(0.026272 0.00772109 0)
(0.0273033 0.00847632 0)
(0.0283856 0.00939452 0)
(0.0296185 0.0104729 0)
(0.0309815 0.0117171 0)
(0.0325165 0.0131157 0)
(0.0342321 0.0146565 0)
(0.036198 0.0163315 0)
(0.038378 0.0181237 0)
(0.040869 0.0200357 0)
(0.043602 0.0220399 0)
(0.046699 0.0241557 0)
(0.0500552 0.0263337 0)
(0.0538029 0.0286104 0)
(0.05785 0.0309433 0)
(0.0622555 0.0333509 0)
(0.0670395 0.0358554 0)
(0.0720879 0.038386 0)
(0.0775739 0.0410486 0)
(0.0832495 0.0436352 0)
(0.089442 0.046383 0)
(0.0959437 0.0491354 0)
(0.102878 0.0520003 0)
(0.110211 0.0549767 0)
(0.117964 0.0580809 0)
(0.126119 0.0612872 0)
(0.134796 0.0646813 0)
(0.143953 0.0682567 0)
(0.153659 0.0721839 0)
(0.16389 0.0764665 0)
(0.174639 0.0810512 0)
(0.185966 0.0859417 0)
(0.197944 0.0912355 0)
(0.210617 0.096954 0)
(0.224015 0.10317 0)
(0.238214 0.109891 0)
(0.253234 0.117268 0)
(0.269029 0.125152 0)
(0.285689 0.133257 0)
(0.303486 0.141848 0)
(0.322572 0.151169 0)
(0.342936 0.161174 0)
(0.364605 0.171786 0)
(0.38769 0.182987 0)
(0.412332 0.194804 0)
(0.438662 0.207247 0)
(0.466797 0.220337 0)
(0.496823 0.234072 0)
(0.528819 0.248454 0)
(0.562843 0.263456 0)
(0.598962 0.279028 0)
(0.637235 0.295089 0)
(0.67769 0.311498 0)
(0.72043 0.327992 0)
(0.765729 0.344431 0)
(0.813773 0.360725 0)
(0.86456 0.376712 0)
(0.918035 0.392129 0)
(0.974185 0.406712 0)
(1.03297 0.420139 0)
(1.09425 0.432075 0)
(1.15776 0.442102 0)
(1.2231 0.449713 0)
(1.28976 0.454295 0)
(1.35707 0.455288 0)
(1.42421 0.452142 0)
(1.49012 0.44457 0)
(1.55347 0.432586 0)
(1.61258 0.416559 0)
(1.66556 0.397225 0)
(1.71056 0.376084 0)
(1.74589 0.35537 0)
(2.47638e-05 0.000449177 0)
(0.000135504 0.0014692 0)
(0.000389902 0.0024901 0)
(0.000800475 0.0034628 0)
(0.001354 0.0043799 0)
(0.00203582 0.00522932 0)
(0.00284266 0.00599394 0)
(0.00375754 0.00665846 0)
(0.00477824 0.00720519 0)
(0.00587199 0.00763611 0)
(0.0070468 0.0079441 0)
(0.00826547 0.0081379 0)
(0.00952014 0.00821037 0)
(0.0107982 0.00816556 0)
(0.0120722 0.00802005 0)
(0.0133624 0.00778282 0)
(0.0146 0.00748863 0)
(0.015849 0.00714005 0)
(0.0170117 0.00677792 0)
(0.0181848 0.00640555 0)
(0.0192746 0.00606811 0)
(0.0203397 0.00577495 0)
(0.0213675 0.00555292 0)
(0.0223599 0.00542242 0)
(0.0233254 0.00540663 0)
(0.0242726 0.00551933 0)
(0.0252095 0.00576968 0)
(0.0261581 0.00615846 0)
(0.0271461 0.00669314 0)
(0.0281936 0.00737319 0)
(0.0293433 0.00819664 0)
(0.0305499 0.0091422 0)
(0.0319506 0.0102252 0)
(0.0335085 0.0114348 0)
(0.0352554 0.0127664 0)
(0.0372487 0.014206 0)
(0.0394725 0.0157378 0)
(0.0420163 0.0173627 0)
(0.0448108 0.019061 0)
(0.0479958 0.0208647 0)
(0.0514181 0.0227077 0)
(0.0552892 0.0246636 0)
(0.0594264 0.0266414 0)
(0.0639965 0.0287103 0)
(0.0689107 0.0308792 0)
(0.0741439 0.0331474 0)
(0.0797534 0.0354565 0)
(0.0855777 0.0376357 0)
(0.0919408 0.0399554 0)
(0.0986207 0.0422833 0)
(0.105792 0.0447676 0)
(0.113318 0.047304 0)
(0.12129 0.0500499 0)
(0.129652 0.0529284 0)
(0.138569 0.0557983 0)
(0.148109 0.0586902 0)
(0.158261 0.0619623 0)
(0.168828 0.0656973 0)
(0.179852 0.0697538 0)
(0.191497 0.0740042 0)
(0.203845 0.0786433 0)
(0.216949 0.0836106 0)
(0.230806 0.089058 0)
(0.245639 0.0947609 0)
(0.261212 0.101494 0)
(0.277221 0.109103 0)
(0.294114 0.116215 0)
(0.312567 0.123374 0)
(0.332406 0.131245 0)
(0.353366 0.13985 0)
(0.375539 0.149035 0)
(0.399137 0.158689 0)
(0.424308 0.168811 0)
(0.451149 0.179415 0)
(0.479753 0.190581 0)
(0.510208 0.20234 0)
(0.542603 0.214725 0)
(0.576997 0.227709 0)
(0.613444 0.241221 0)
(0.651961 0.255334 0)
(0.692468 0.269582 0)
(0.735113 0.283385 0)
(0.780243 0.297111 0)
(0.827991 0.310934 0)
(0.878257 0.324578 0)
(0.930986 0.33764 0)
(0.986163 0.349874 0)
(1.04373 0.361023 0)
(1.1035 0.370877 0)
(1.16514 0.379165 0)
(1.2281 0.385505 0)
(1.29186 0.389449 0)
(1.35579 0.390582 0)
(1.41921 0.388391 0)
(1.48144 0.382782 0)
(1.54146 0.374007 0)
(1.59788 0.362618 0)
(1.64928 0.349409 0)
(1.6944 0.335756 0)
(1.73235 0.323513 0)
(2.57561e-05 0.000381755 0)
(0.000139112 0.00127284 0)
(0.000396012 0.00215082 0)
(0.000816003 0.00297579 0)
(0.00138382 0.00375058 0)
(0.00208306 0.00447199 0)
(0.002904 0.00512231 0)
(0.00384651 0.00567629 0)
(0.0048753 0.00613432 0)
(0.00600213 0.00647284 0)
(0.00720478 0.00671498 0)
(0.00845406 0.00686335 0)
(0.00972343 0.00691167 0)
(0.0110155 0.00686163 0)
(0.0123152 0.00672168 0)
(0.0136305 0.00650214 0)
(0.0149145 0.00622647 0)
(0.0161968 0.00591024 0)
(0.017402 0.00557216 0)
(0.0186211 0.00524046 0)
(0.0197572 0.00493795 0)
(0.0208668 0.00468323 0)
(0.0219367 0.00450725 0)
(0.0229741 0.00441886 0)
(0.0239871 0.00444516 0)
(0.024975 0.00459314 0)
(0.0259455 0.00484074 0)
(0.0269234 0.00520568 0)
(0.0279361 0.00569487 0)
(0.0290049 0.00631282 0)
(0.0301531 0.00704308 0)
(0.0314261 0.00788327 0)
(0.0327813 0.00880907 0)
(0.0343547 0.0098287 0)
(0.0361277 0.0109317 0)
(0.0381304 0.0121291 0)
(0.0403732 0.0133904 0)
(0.0429323 0.0147166 0)
(0.0457932 0.0160995 0)
(0.0490068 0.0175654 0)
(0.0525811 0.0190642 0)
(0.0564233 0.0205804 0)
(0.0608029 0.0222498 0)
(0.0653395 0.0237473 0)
(0.0706135 0.0255976 0)
(0.0757559 0.0275349 0)
(0.081556 0.0297274 0)
(0.0872841 0.0314407 0)
(0.0939926 0.0334526 0)
(0.100751 0.0352182 0)
(0.108241 0.0372566 0)
(0.115955 0.0393317 0)
(0.12431 0.0414842 0)
(0.133475 0.0437798 0)
(0.142992 0.0462485 0)
(0.151103 0.0489147 0)
(0.161176 0.051781 0)
(0.171258 0.0548924 0)
(0.18276 0.0582891 0)
(0.193958 0.0619517 0)
(0.206039 0.0658473 0)
(0.219758 0.0700726 0)
(0.232069 0.0746568 0)
(0.249476 0.0796257 0)
(0.26029 0.0849592 0)
(0.284807 0.0908705 0)
(0.302677 0.0972306 0)
(0.321146 0.103939 0)
(0.341125 0.110982 0)
(0.362236 0.118413 0)
(0.384549 0.126231 0)
(0.408307 0.134435 0)
(0.433604 0.143016 0)
(0.46046 0.152 0)
(0.488935 0.161428 0)
(0.519177 0.171311 0)
(0.551384 0.18166 0)
(0.585666 0.192594 0)
(0.622279 0.203727 0)
(0.660862 0.216225 0)
(0.700797 0.229329 0)
(0.74298 0.240842 0)
(0.788412 0.251636 0)
(0.83663 0.262541 0)
(0.887031 0.273399 0)
(0.939555 0.283839 0)
(0.994292 0.293572 0)
(1.05121 0.302407 0)
(1.11013 0.310382 0)
(1.17061 0.317382 0)
(1.23208 0.322687 0)
(1.29399 0.326246 0)
(1.35562 0.327442 0)
(1.41644 0.325685 0)
(1.47615 0.321697 0)
(1.53404 0.316108 0)
(1.58898 0.309089 0)
(1.63991 0.301229 0)
(1.68605 0.293593 0)
(1.72696 0.287793 0)
(2.61386e-05 0.000305668 0)
(0.000134383 0.00108041 0)
(0.000392901 0.00181409 0)
(0.000825712 0.00248248 0)
(0.00140143 0.00311433 0)
(0.00212965 0.00369035 0)
(0.00293455 0.00424651 0)
(0.00393157 0.00467768 0)
(0.00492514 0.00507219 0)
(0.00609628 0.00533419 0)
(0.0073005 0.00554754 0)
(0.00860233 0.0056423 0)
(0.00988705 0.00563976 0)
(0.0111969 0.00554455 0)
(0.0125448 0.00538357 0)
(0.0138188 0.00519165 0)
(0.0151981 0.00493218 0)
(0.0164132 0.00468737 0)
(0.0177174 0.00436239 0)
(0.0189279 0.00410142 0)
(0.0201255 0.00386113 0)
(0.0213106 0.00361665 0)
(0.0224557 0.00345629 0)
(0.0235533 0.00334628 0)
(0.0246199 0.00338065 0)
(0.0256038 0.00357238 0)
(0.0265756 0.00382826 0)
(0.0275745 0.00415963 0)
(0.0286179 0.00459215 0)
(0.0296481 0.00512424 0)
(0.0308436 0.00575795 0)
(0.0319777 0.00645961 0)
(0.0334518 0.00726025 0)
(0.0348815 0.00808378 0)
(0.0367269 0.00899411 0)
(0.0386639 0.00990414 0)
(0.040923 0.0108724 0)
(0.043456 0.0118827 0)
(0.0462938 0.0129352 0)
(0.049597 0.0140753 0)
(0.0530919 0.015225 0)
(0.0571353 0.0165195 0)
(0.061198 0.0177265 0)
(0.0663679 0.0191588 0)
(0.0697803 0.02055 0)
(0.0762829 0.0219722 0)
(0.082851 0.0234532 0)
(0.0893683 0.024972 0)
(0.0962364 0.0265178 0)
(0.103372 0.0281035 0)
(0.110754 0.0297313 0)
(0.118426 0.0314134 0)
(0.126417 0.0331342 0)
(0.134737 0.0349591 0)
(0.143577 0.0371108 0)
(0.15304 0.0395454 0)
(0.163051 0.0419907 0)
(0.173456 0.0444204 0)
(0.18431 0.0471652 0)
(0.195753 0.0502757 0)
(0.207981 0.0533896 0)
(0.221065 0.0567654 0)
(0.234954 0.0603667 0)
(0.249823 0.0644063 0)
(0.26525 0.0680518 0)
(0.281305 0.0720041 0)
(0.298262 0.0774501 0)
(0.316917 0.0836455 0)
(0.337092 0.089872 0)
(0.358561 0.0960875 0)
(0.381425 0.102496 0)
(0.405868 0.109238 0)
(0.431955 0.116381 0)
(0.459804 0.12392 0)
(0.489219 0.131806 0)
(0.520791 0.139983 0)
(0.55353 0.148422 0)
(0.588777 0.157131 0)
(0.627138 0.166091 0)
(0.661398 0.175365 0)
(0.715107 0.184945 0)
(0.758837 0.194644 0)
(0.804172 0.2042 0)
(0.852056 0.213477 0)
(0.901608 0.222405 0)
(0.952758 0.230807 0)
(1.00571 0.238552 0)
(1.06077 0.244982 0)
(1.11792 0.250871 0)
(1.17606 0.257147 0)
(1.23481 0.261897 0)
(1.29379 0.266352 0)
(1.3517 0.26946 0)
(1.40929 0.26811 0)
(1.46718 0.264384 0)
(1.52391 0.26012 0)
(1.57802 0.255778 0)
(1.62893 0.251618 0)
(1.67638 0.248341 0)
(1.72013 0.246857 0)
(2.80626e-05 0.000243504 0)
(0.00013219 0.000873292 0)
(0.000388842 0.00145843 0)
(0.000804596 0.00200557 0)
(0.00142173 0.00247799 0)
(0.00210609 0.00295006 0)
(0.00299325 0.00333828 0)
(0.00391151 0.00369854 0)
(0.00501244 0.00398686 0)
(0.00611081 0.00396693 0)
(0.00738499 0.00414614 0)
(0.00868705 0.00428134 0)
(0.00996061 0.00434927 0)
(0.0112842 0.00424234 0)
(0.012641 0.0040923 0)
(0.0139966 0.00382429 0)
(0.0153285 0.00355504 0)
(0.0165601 0.00338651 0)
(0.017988 0.00302046 0)
(0.0186821 0.00280002 0)
(0.0207329 0.00244939 0)
(0.0210475 0.00241302 0)
(0.0227549 0.00226102 0)
(0.0235577 0.00230868 0)
(0.0244358 0.00239771 0)
(0.0257606 0.00258221 0)
(0.0268432 0.00282184 0)
(0.0278447 0.00319138 0)
(0.0288395 0.00365052 0)
(0.0298446 0.00415667 0)
(0.0309076 0.00472632 0)
(0.0320761 0.00533008 0)
(0.0333828 0.00594298 0)
(0.0348791 0.00655445 0)
(0.036597 0.00711043 0)
(0.038614 0.00806975 0)
(0.0408228 0.00871608 0)
(0.0433746 0.00937531 0)
(0.0462551 0.0100636 0)
(0.0494785 0.0107973 0)
(0.0530527 0.0115802 0)
(0.0569887 0.0124227 0)
(0.0612704 0.0133178 0)
(0.0659513 0.0143406 0)
(0.0710392 0.0153256 0)
(0.0763134 0.0161001 0)
(0.0817839 0.0170089 0)
(0.0876444 0.0181401 0)
(0.0939669 0.0193921 0)
(0.100706 0.0206939 0)
(0.107832 0.0220199 0)
(0.11536 0.0234019 0)
(0.123317 0.0248336 0)
(0.131716 0.026384 0)
(0.140586 0.0280761 0)
(0.149992 0.0298872 0)
(0.159976 0.0317119 0)
(0.170625 0.0335934 0)
(0.181804 0.035615 0)
(0.193227 0.0378984 0)
(0.205297 0.0404224 0)
(0.218313 0.0431591 0)
(0.232096 0.0462602 0)
(0.246511 0.0496003 0)
(0.262571 0.0534204 0)
(0.279055 0.0570299 0)
(0.295948 0.0610078 0)
(0.313843 0.0654561 0)
(0.333093 0.0700415 0)
(0.353797 0.0746526 0)
(0.376048 0.0793556 0)
(0.399985 0.0842484 0)
(0.425732 0.0893878 0)
(0.453381 0.0948339 0)
(0.482965 0.1006 0)
(0.514534 0.106752 0)
(0.548114 0.113256 0)
(0.583621 0.119969 0)
(0.621453 0.127162 0)
(0.660617 0.133521 0)
(0.701636 0.139691 0)
(0.745227 0.147693 0)
(0.791719 0.156288 0)
(0.840476 0.164409 0)
(0.890752 0.172021 0)
(0.942418 0.179169 0)
(0.995064 0.185727 0)
(1.05087 0.191442 0)
(1.09978 0.196223 0)
(1.15884 0.200368 0)
(1.2208 0.203849 0)
(1.27166 0.206704 0)
(1.34943 0.20899 0)
(1.40623 0.210087 0)
(1.46143 0.209489 0)
(1.51616 0.207642 0)
(1.56876 0.205427 0)
(1.61889 0.203618 0)
(1.66648 0.202883 0)
(1.71217 0.203925 0)
(3.46098e-05 0.000177514 0)
(0.000112623 0.000695876 0)
(0.000430449 0.00111598 0)
(0.00077605 0.00141359 0)
(0.00137457 0.00176954 0)
(0.00212304 0.00208309 0)
(0.00305629 0.00239803 0)
(0.00411123 0.00262037 0)
(0.00514157 0.00285133 0)
(0.00640823 0.00297872 0)
(0.00739057 0.00303707 0)
(0.00894186 0.00303479 0)
(0.0102694 0.00298489 0)
(0.0115695 0.0028922 0)
(0.0128563 0.00275288 0)
(0.0140955 0.00257344 0)
(0.0152756 0.0024682 0)
(0.0164186 0.0022045 0)
(0.0175248 0.00195709 0)
(0.0185799 0.0016963 0)
(0.0195615 0.00149188 0)
(0.020534 0.00130275 0)
(0.0214685 0.00123163 0)
(0.0223929 0.00123969 0)
(0.0233096 0.0013341 0)
(0.0241876 0.00135809 0)
(0.0250605 0.00165639 0)
(0.0259851 0.00213732 0)
(0.0269752 0.00254608 0)
(0.0280307 0.0029861 0)
(0.029172 0.0034523 0)
(0.0304336 0.00392084 0)
(0.0318485 0.00437811 0)
(0.0334442 0.00480837 0)
(0.0352266 0.00520916 0)
(0.0372624 0.00558269 0)
(0.0396141 0.00595997 0)
(0.0422625 0.00633373 0)
(0.0451941 0.00671793 0)
(0.0484149 0.0071355 0)
(0.051928 0.00761175 0)
(0.0557394 0.00815248 0)
(0.0598199 0.00877559 0)
(0.0641835 0.00945068 0)
(0.0688418 0.0101557 0)
(0.0737458 0.010857 0)
(0.0788465 0.0116136 0)
(0.0841919 0.0124523 0)
(0.0898436 0.0133179 0)
(0.0958215 0.0141911 0)
(0.102156 0.0150391 0)
(0.108854 0.0159051 0)
(0.11597 0.0167813 0)
(0.123491 0.0177384 0)
(0.131466 0.0187501 0)
(0.139917 0.0198772 0)
(0.148914 0.0211021 0)
(0.158358 0.0220799 0)
(0.168708 0.0253741 0)
(0.178331 0.027424 0)
(0.19157 0.0273433 0)
(0.202684 0.029966 0)
(0.216681 0.0312227 0)
(0.230994 0.0336387 0)
(0.244859 0.0366802 0)
(0.259947 0.0393524 0)
(0.276167 0.0429016 0)
(0.294138 0.0460174 0)
(0.313323 0.0491895 0)
(0.33374 0.0523767 0)
(0.355568 0.0555555 0)
(0.37897 0.0588129 0)
(0.404051 0.0622888 0)
(0.430867 0.0660267 0)
(0.459464 0.0700399 0)
(0.489855 0.0743078 0)
(0.522109 0.0788138 0)
(0.556222 0.0834869 0)
(0.592261 0.0883637 0)
(0.63025 0.09313 0)
(0.669775 0.0980604 0)
(0.711052 0.103715 0)
(0.754925 0.109622 0)
(0.800385 0.115226 0)
(0.849075 0.120514 0)
(0.900066 0.125611 0)
(0.952919 0.130471 0)
(1.0082 0.135507 0)
(1.06419 0.139683 0)
(1.1209 0.141884 0)
(1.17931 0.14407 0)
(1.23723 0.144796 0)
(1.29625 0.145181 0)
(1.35682 0.147902 0)
(1.41783 0.150426 0)
(1.47796 0.15166 0)
(1.53621 0.152464 0)
(1.59206 0.153423 0)
(1.64621 0.155256 0)
(1.69756 0.15892 0)
(2.9912e-05 0.000132972 0)
(0.000123605 0.000408275 0)
(0.000421721 0.000909184 0)
(0.00116603 0.000884953 0)
(0.0018058 0.00119073 0)
(0.00258101 0.00120493 0)
(0.00345767 0.00156043 0)
(0.00442712 0.00162377 0)
(0.00549059 0.00169223 0)
(0.0066269 0.00172964 0)
(0.00778386 0.00170352 0)
(0.00894709 0.00164503 0)
(0.0101133 0.00161363 0)
(0.0112972 0.00156417 0)
(0.0124712 0.00147357 0)
(0.0135984 0.0013452 0)
(0.0146762 0.00119378 0)
(0.0157066 0.0010429 0)
(0.0166616 0.000885665 0)
(0.0175266 0.000724872 0)
(0.0183034 0.000589323 0)
(0.0190058 0.000515919 0)
(0.0196537 0.000482919 0)
(0.0202699 0.000513691 0)
(0.0208832 0.000598174 0)
(0.0214959 0.000742429 0)
(0.0221255 0.00096885 0)
(0.0228392 0.00126812 0)
(0.0236731 0.00161216 0)
(0.0246253 0.00197256 0)
(0.0257087 0.00233323 0)
(0.0269475 0.00267762 0)
(0.0283587 0.00298776 0)
(0.0299554 0.00325109 0)
(0.0317468 0.00346469 0)
(0.0337591 0.00365956 0)
(0.0360085 0.0038146 0)
(0.0384851 0.00392863 0)
(0.0411845 0.00403248 0)
(0.0441039 0.0041563 0)
(0.0472395 0.00432918 0)
(0.0506309 0.00455923 0)
(0.0539439 0.0049052 0)
(0.0580967 0.00510107 0)
(0.0616221 0.00560834 0)
(0.0662429 0.00606993 0)
(0.070241 0.00666689 0)
(0.0750131 0.0072392 0)
(0.0798709 0.0078634 0)
(0.084726 0.00851871 0)
(0.0907756 0.00906092 0)
(0.0957487 0.00978327 0)
(0.103049 0.0102513 0)
(0.108414 0.011085 0)
(0.116919 0.0115653 0)
(0.122899 0.0126005 0)
(0.132336 0.0131797 0)
(0.139777 0.0142133 0)
(0.148605 0.0152237 0)
(0.160109 0.0157567 0)
(0.167228 0.0175873 0)
(0.181882 0.0180732 0)
(0.191776 0.0200099 0)
(0.206597 0.0208644 0)
(0.221175 0.0228722 0)
(0.23784 0.0243383 0)
(0.254788 0.0261382 0)
(0.270556 0.0289557 0)
(0.289054 0.0310159 0)
(0.30886 0.0328688 0)
(0.329803 0.0346157 0)
(0.352044 0.036305 0)
(0.375704 0.0380415 0)
(0.400871 0.0399739 0)
(0.42769 0.0421795 0)
(0.456248 0.044651 0)
(0.4866 0.047351 0)
(0.518793 0.0502244 0)
(0.552893 0.0532407 0)
(0.588951 0.0563478 0)
(0.626978 0.0595689 0)
(0.666953 0.0629968 0)
(0.709397 0.0666136 0)
(0.753673 0.0701267 0)
(0.80009 0.0732649 0)
(0.848608 0.0761133 0)
(0.899221 0.0787708 0)
(0.951969 0.0814138 0)
(1.00706 0.0836382 0)
(1.06347 0.0849564 0)
(1.1208 0.0860505 0)
(1.17888 0.0867047 0)
(1.23625 0.0879387 0)
(1.29356 0.0896069 0)
(1.35225 0.0899713 0)
(1.4132 0.0901394 0)
(1.47474 0.0912478 0)
(1.53729 0.0933153 0)
(1.59575 0.0962726 0)
(1.65892 0.100404 0)
(4.48333e-05 6.98912e-05 0)
(0.000217301 0.000114087 0)
(0.000598122 0.000171022 0)
(0.00114071 0.000258055 0)
(0.00179879 0.000332185 0)
(0.00258397 0.000416898 0)
(0.00350946 0.000476187 0)
(0.00457335 0.000532879 0)
(0.00571763 0.000585263 0)
(0.00690383 0.000618624 0)
(0.00810032 0.000625596 0)
(0.00927544 0.000613128 0)
(0.0104133 0.000593199 0)
(0.0115074 0.000555945 0)
(0.0125386 0.000492292 0)
(0.0134775 0.000409207 0)
(0.0143059 0.000323501 0)
(0.0150124 0.000233284 0)
(0.0155867 0.000133129 0)
(0.016031 4.05366e-05 0)
(0.0163595 -2.99409e-05 0)
(0.0166038 -6.43921e-05 0)
(0.0168115 -5.54312e-05 0)
(0.0170385 -1.10087e-06 0)
(0.0173246 9.94399e-05 0)
(0.0177531 0.000226616 0)
(0.0182726 0.000375072 0)
(0.0190623 0.000567988 0)
(0.0201654 0.000777193 0)
(0.0215169 0.000969531 0)
(0.0231353 0.001125 0)
(0.0250223 0.00123731 0)
(0.0271229 0.0012939 0)
(0.0293904 0.0012971 0)
(0.0317826 0.00125143 0)
(0.0342299 0.00118306 0)
(0.0367521 0.00109237 0)
(0.0392586 0.00100888 0)
(0.0417965 0.000967977 0)
(0.0443876 0.000994407 0)
(0.0469994 0.00110422 0)
(0.0499264 0.00133577 0)
(0.0529641 0.0015747 0)
(0.0563587 0.00186875 0)
(0.0600134 0.00215353 0)
(0.064137 0.00241523 0)
(0.0686524 0.00268114 0)
(0.0735888 0.00290368 0)
(0.0790735 0.00313753 0)
(0.0848151 0.00326862 0)
(0.0911889 0.00341735 0)
(0.0977013 0.00346833 0)
(0.104706 0.00355701 0)
(0.112013 0.00375955 0)
(0.11982 0.00399608 0)
(0.127824 0.00426622 0)
(0.137121 0.00451767 0)
(0.145533 0.00500322 0)
(0.156886 0.00538635 0)
(0.167315 0.00654441 0)
(0.178656 0.00591043 0)
(0.190575 0.00552378 0)
(0.202573 0.00479215 0)
(0.214719 0.00457602 0)
(0.228507 0.00615702 0)
(0.243412 0.00810842 0)
(0.260668 0.0101408 0)
(0.279926 0.0111171 0)
(0.300567 0.0111286 0)
(0.32235 0.011768 0)
(0.345237 0.012329 0)
(0.369281 0.0128772 0)
(0.394499 0.0135805 0)
(0.420893 0.0140592 0)
(0.448602 0.0147134 0)
(0.477835 0.0155614 0)
(0.508788 0.016535 0)
(0.541608 0.0175852 0)
(0.576404 0.0186693 0)
(0.613246 0.0197622 0)
(0.652189 0.0208573 0)
(0.693305 0.0220173 0)
(0.736825 0.0233156 0)
(0.782874 0.0246286 0)
(0.831228 0.0256886 0)
(0.881542 0.0265131 0)
(0.933562 0.0271923 0)
(0.987161 0.0278033 0)
(1.0423 0.0282904 0)
(1.09853 0.0286164 0)
(1.15544 0.0289613 0)
(1.21346 0.0294397 0)
(1.26862 0.0308983 0)
(1.33696 0.0319108 0)
(1.39228 0.0310499 0)
(1.45088 0.0304191 0)
(1.5119 0.031024 0)
(1.57435 0.032844 0)
(1.63733 0.035125 0)
(1.70346 0.037396 0)
(4.97951 3.38737 0)
(6.24865 3.65416 0)
(0.778233 2.11719 0)
(2.62939 -1.08133 0)
(0.653585 -1.80416 0)
(2.5825 -1.83273 0)
(3.03817 -1.19671 0)
(5.516 -0.501368 0)
(8.95135 -1.22659 0)
(12.5774 -1.97252 0)
(15.4846 -2.27316 0)
(16.979 -1.2944 0)
(16.5689 0.0797409 0)
(14.1 1.37909 0)
(10.3888 2.06829 0)
(6.29463 2.56204 0)
(1.69449 2.96812 0)
(-3.69877 3.44403 0)
(-9.96876 3.76778 0)
(-16.32 3.26741 0)
(-21.9892 2.98793 0)
(-26.4504 1.90338 0)
(-28.3392 0.139554 0)
(-26.2291 -2.25615 0)
(-19.2944 -4.88593 0)
(-7.42854 -8.09197 0)
(8.21037 -10.7344 0)
(5.04715 0.992929 0)
(5.77401 0.245176 0)
(5.36124 0.502874 0)
(7.70268 1.21782 0)
(9.34946 1.7778 0)
(7.067 -0.395143 0)
(6.26183 -2.06032 0)
(6.28481 -3.83028 0)
(6.83589 -5.22275 0)
(8.84841 -5.24742 0)
(12.0553 -3.2604 0)
(14.3638 0.138901 0)
(14.2074 3.40268 0)
(11.9702 6.12917 0)
(9.10495 6.47538 0)
(5.70216 6.42257 0)
(1.65919 6.88218 0)
(-3.31088 8.1022 0)
(-9.98742 9.31364 0)
(-15.5311 9.20694 0)
(-18.691 6.74754 0)
(-21.5203 3.1027 0)
(-22.7959 -1.67796 0)
(-22.0674 -7.60266 0)
(-17.8569 -13.9867 0)
(-10.0945 -19.0792 0)
(3.4662 -21.1874 0)
(3.87438 0.638047 0)
(4.4023 -0.397682 0)
(4.58152 -0.991918 0)
(5.4411 -1.24502 0)
(6.90946 -1.02356 0)
(8.5208 -0.784943 0)
(9.99108 -0.174856 0)
(11.1409 -0.559796 0)
(9.11468 -2.27927 0)
(6.81938 -4.01528 0)
(1.99612 -4.43416 0)
(-4.68113 -2.20941 0)
(-7.30833 2.20797 0)
(-5.45989 5.96944 0)
(-4.21868 7.52614 0)
(-4.15136 8.3537 0)
(-4.3597 9.49882 0)
(-6.16803 11.564 0)
(-4.74563 12.4871 0)
(-1.19876 12.7581 0)
(0.393048 10.5622 0)
(4.61735 6.86657 0)
(7.98415 1.61796 0)
(9.66788 -4.01277 0)
(10.3532 -13.474 0)
(8.8706 -27.254 0)
(6.41422 -35.9233 0)
(3.46547 0.45186 0)
(3.77822 -0.327896 0)
(3.41355 -0.982389 0)
(3.31568 -1.59203 0)
(3.31846 -2.00532 0)
(3.3798 -2.37453 0)
(3.31381 -2.44361 0)
(2.99733 -2.15888 0)
(2.22024 -1.81188 0)
(0.677026 -0.949017 0)
(-1.89916 1.19693 0)
(-6.33512 2.93584 0)
(-10.1509 4.94089 0)
(-13.8028 6.41086 0)
(-16.6976 7.20668 0)
(-18.6925 7.61951 0)
(-20.3946 7.05915 0)
(-19.7782 7.5089 0)
(-15.6688 6.96794 0)
(-10.4145 3.24239 0)
(-4.48811 -0.975637 0)
(2.31871 -4.92576 0)
(11.4264 -7.04775 0)
(22.0096 -12.3384 0)
(33.133 -17.898 0)
(40.8446 -21.1218 0)
(38.1286 -20.3485 0)
(3.06507 0.451153 0)
(3.07186 -0.140489 0)
(2.8772 -0.738059 0)
(2.49015 -1.2354 0)
(2.18703 -1.45867 0)
(1.4439 -1.71007 0)
(0.893588 -1.62386 0)
(0.266195 -1.12009 0)
(-0.503324 -0.338845 0)
(-1.4418 0.871663 0)
(-2.57861 2.75738 0)
(-3.35978 5.35409 0)
(-3.74125 7.84673 0)
(-3.60021 9.81425 0)
(-3.19861 10.7432 0)
(-2.52832 10.7581 0)
(-1.33112 10.1933 0)
(0.312838 8.75392 0)
(2.54452 5.63226 0)
(5.43139 1.91342 0)
(8.28609 -1.58778 0)
(10.068 -6.19565 0)
(12.413 -13.4042 0)
(13.4839 -17.5432 0)
(12.378 -22.583 0)
(9.10736 -27.1461 0)
(8.40079 -32.2101 0)
(2.65112 0.372255 0)
(2.55253 -0.00926913 0)
(2.50651 -0.466965 0)
(1.92661 -0.700341 0)
(1.66012 -1.07397 0)
(1.03036 -0.989874 0)
(0.433876 -0.914604 0)
(-0.0112101 -0.261229 0)
(-0.89111 0.427516 0)
(-1.32283 1.59702 0)
(-1.50847 3.39154 0)
(-1.26657 5.26152 0)
(-0.560772 6.91787 0)
(0.64883 8.42384 0)
(2.20423 8.85389 0)
(3.8905 8.23487 0)
(5.62913 6.75163 0)
(7.45475 4.70036 0)
(9.4738 1.98849 0)
(11.029 -1.38006 0)
(12.0174 -5.00524 0)
(12.549 -9.07028 0)
(11.4355 -12.977 0)
(9.82729 -16.6418 0)
(7.38032 -19.5206 0)
(4.06826 -19.8435 0)
(-0.234943 -18.9574 0)
(2.33753 0.338932 0)
(2.24848 0.0915284 0)
(2.22134 -0.201766 0)
(1.81585 -0.333187 0)
(1.50694 -0.480109 0)
(1.04552 -0.426593 0)
(0.509805 -0.228041 0)
(0.0395348 0.216261 0)
(-0.354624 0.881055 0)
(-0.634893 1.92588 0)
(-0.540834 2.94419 0)
(0.016438 4.32086 0)
(0.727077 5.51171 0)
(2.98507 6.21914 0)
(4.74589 6.78572 0)
(6.25383 6.53075 0)
(7.85502 5.03448 0)
(9.31987 3.31945 0)
(10.555 1.48239 0)
(11.1567 -1.35029 0)
(11.1298 -4.38848 0)
(10.5636 -7.39692 0)
(9.19141 -10.4391 0)
(6.71908 -13.3011 0)
(3.47428 -15.3819 0)
(-0.581395 -16.2125 0)
(-5.84347 -16.1227 0)
(2.11949 0.338951 0)
(2.05749 0.169544 0)
(1.99816 -0.00709253 0)
(1.7483 -0.0819485 0)
(1.52313 -0.138259 0)
(1.17522 -0.0394694 0)
(0.87164 0.152893 0)
(0.522644 0.587692 0)
(0.371441 1.12021 0)
(0.284858 1.87979 0)
(0.499482 2.71854 0)
(0.931107 3.67746 0)
(1.9865 4.43502 0)
(2.45465 4.68272 0)
(4.53103 5.17145 0)
(6.94626 4.91061 0)
(8.06086 3.9571 0)
(8.64462 2.43085 0)
(10.0208 0.664089 0)
(10.3177 -1.51678 0)
(9.93315 -4.25504 0)
(9.0831 -6.66119 0)
(7.9048 -8.76744 0)
(5.4707 -10.901 0)
(1.58348 -11.9351 0)
(-1.9113 -12.0757 0)
(-3.72398 -11.1123 0)
(1.97588 0.348714 0)
(1.93556 0.237035 0)
(1.86875 0.133451 0)
(1.71078 0.0946549 0)
(1.54116 0.103832 0)
(1.33671 0.202244 0)
(1.13403 0.404852 0)
(0.96275 0.736037 0)
(0.894908 1.16209 0)
(0.938943 1.72833 0)
(1.23049 2.28949 0)
(1.68462 2.92671 0)
(2.50092 3.45412 0)
(3.35323 3.68405 0)
(4.35599 3.41585 0)
(5.48027 3.11564 0)
(6.70007 2.5515 0)
(7.75647 1.41354 0)
(8.40872 0.00722866 0)
(8.63282 -1.57405 0)
(8.34496 -3.50201 0)
(7.4458 -5.47791 0)
(6.12379 -6.83345 0)
(4.10135 -7.79268 0)
(1.47217 -8.88943 0)
(-0.409388 -9.11576 0)
(-3.35265 -8.39076 0)
(1.88297 0.35684 0)
(1.85787 0.287506 0)
(1.80877 0.231214 0)
(1.70744 0.220979 0)
(1.5876 0.261647 0)
(1.47808 0.357375 0)
(1.35275 0.544008 0)
(1.28595 0.803621 0)
(1.28529 1.14042 0)
(1.39548 1.53696 0)
(1.65735 1.94809 0)
(2.06706 2.36364 0)
(2.67839 2.68156 0)
(3.45875 2.76822 0)
(4.28957 2.63589 0)
(5.08241 2.34085 0)
(5.86766 1.7308 0)
(6.52709 0.798569 0)
(6.91431 -0.260011 0)
(6.99357 -1.52364 0)
(6.71696 -3.02273 0)
(6.0077 -4.30793 0)
(4.80549 -5.23124 0)
(3.24469 -6.18174 0)
(1.66611 -7.03467 0)
(-0.184541 -6.80545 0)
(-2.4129 -6.09886 0)
(1.82442 0.35895 0)
(1.81152 0.318462 0)
(1.78642 0.292287 0)
(1.72332 0.302557 0)
(1.65668 0.350952 0)
(1.59852 0.442823 0)
(1.54132 0.598434 0)
(1.53379 0.804852 0)
(1.58689 1.05677 0)
(1.72363 1.34218 0)
(1.96619 1.63029 0)
(2.3229 1.89394 0)
(2.81185 2.06381 0)
(3.39838 2.08901 0)
(4.01392 1.95043 0)
(4.61653 1.63426 0)
(5.18449 1.08798 0)
(5.62099 0.377515 0)
(5.85614 -0.42213 0)
(5.87835 -1.40197 0)
(5.6161 -2.51199 0)
(4.99596 -3.42028 0)
(4.06755 -4.10528 0)
(2.96742 -4.86368 0)
(1.7219 -5.3297 0)
(0.169823 -5.02954 0)
(-1.40222 -4.36773 0)
(1.78945 0.353196 0)
(1.79025 0.331482 0)
(1.78214 0.324176 0)
(1.75206 0.344622 0)
(1.72475 0.393493 0)
(1.70373 0.476522 0)
(1.69463 0.602597 0)
(1.72643 0.761766 0)
(1.80825 0.947896 0)
(1.95332 1.15044 0)
(2.1767 1.34516 0)
(2.48552 1.50327 0)
(2.87617 1.58653 0)
(3.32422 1.56344 0)
(3.79005 1.41968 0)
(4.25011 1.12792 0)
(4.6589 0.679673 0)
(4.94349 0.133744 0)
(5.08197 -0.497784 0)
(5.06521 -1.274 0)
(4.81576 -2.08959 0)
(4.29498 -2.71893 0)
(3.58438 -3.24202 0)
(2.74281 -3.80754 0)
(1.71045 -4.03643 0)
(0.503165 -3.72978 0)
(-0.631286 -3.17316 0)
(1.77066 0.338531 0)
(1.78371 0.329505 0)
(1.78991 0.333326 0)
(1.78619 0.357388 0)
(1.78571 0.403323 0)
(1.79324 0.474322 0)
(1.81619 0.57337 0)
(1.87179 0.69314 0)
(1.96706 0.827895 0)
(2.11031 0.967999 0)
(2.31274 1.09348 0)
(2.57428 1.18312 0)
(2.8884 1.21268 0)
(3.23522 1.16513 0)
(3.59398 1.02088 0)
(3.93948 0.762948 0)
(4.22632 0.402711 0)
(4.41575 -0.0333555 0)
(4.49945 -0.540011 0)
(4.45925 -1.13163 0)
(4.22525 -1.72011 0)
(3.79325 -2.17664 0)
(3.24207 -2.57217 0)
(2.57368 -2.94968 0)
(1.73955 -3.03497 0)
(0.824279 -2.7493 0)
(-0.00664925 -2.28028 0)
(1.76279 0.315336 0)
(1.78574 0.314183 0)
(1.80478 0.323365 0)
(1.81894 0.347971 0)
(1.83837 0.388555 0)
(1.86558 0.447133 0)
(1.90873 0.523241 0)
(1.97797 0.611364 0)
(2.0772 0.70745 0)
(2.21465 0.800419 0)
(2.39421 0.87739 0)
(2.61414 0.922218 0)
(2.86725 0.919298 0)
(3.14037 0.855607 0)
(3.41546 0.718654 0)
(3.67443 0.495941 0)
(3.87855 0.205898 0)
(4.00657 -0.139362 0)
(4.05479 -0.54377 0)
(3.9915 -0.983601 0)
(3.78637 -1.40809 0)
(3.44635 -1.74982 0)
(3.0076 -2.03049 0)
(2.46807 -2.25968 0)
(1.81168 -2.27058 0)
(1.11847 -2.01598 0)
(0.495959 -1.62494 0)
(1.76269 0.285597 0)
(1.79373 0.28952 0)
(1.82251 0.301006 0)
(1.85112 0.323621 0)
(1.88315 0.358045 0)
(1.92474 0.403865 0)
(1.97991 0.460504 0)
(2.05413 0.524368 0)
(2.15499 0.588855 0)
(2.28132 0.648338 0)
(2.43934 0.691217 0)
(2.62448 0.705626 0)
(2.82966 0.683558 0)
(3.04612 0.613312 0)
(3.26051 0.484518 0)
(3.45317 0.301355 0)
(3.60065 0.0692964 0)
(3.69154 -0.210909 0)
(3.71371 -0.523487 0)
(3.64701 -0.847343 0)
(3.47125 -1.14544 0)
(3.19923 -1.39998 0)
(2.84627 -1.59089 0)
(2.41381 -1.71274 0)
(1.9053 -1.68002 0)
(1.37714 -1.45543 0)
(0.903272 -1.12734 0)
(1.76109 0.248643 0)
(1.79712 0.254884 0)
(1.84198 0.265863 0)
(1.86579 0.28973 0)
(1.9215 0.314137 0)
(1.96402 0.351836 0)
(2.02609 0.393543 0)
(2.11231 0.433857 0)
(2.19495 0.48279 0)
(2.32749 0.509462 0)
(2.45422 0.535464 0)
(2.61423 0.529772 0)
(2.79062 0.49007 0)
(2.95012 0.430784 0)
(3.12839 0.306455 0)
(3.2785 0.153777 0)
(3.37751 -0.0226849 0)
(3.44708 -0.258319 0)
(3.45967 -0.504237 0)
(3.39165 -0.735118 0)
(3.24431 -0.947793 0)
(3.02581 -1.12664 0)
(2.7437 -1.24887 0)
(2.4004 -1.29664 0)
(2.00574 -1.23258 0)
(1.59523 -1.02693 0)
(1.7544 0.207649 0)
(1.79911 0.214003 0)
(1.834 0.227119 0)
(1.88252 0.243194 0)
(1.94244 0.262722 0)
(1.9721 0.295339 0)
(2.07618 0.314176 0)
(2.11793 0.354484 0)
(2.23834 0.370681 0)
(2.34231 0.38949 0)
(2.4439 0.401906 0)
(2.62534 0.364963 0)
(2.71355 0.352689 0)
(2.88669 0.266521 0)
(3.04207 0.163149 0)
(3.05496 0.0503851 0)
(3.28311 -0.100951 0)
(3.22435 -0.27128 0)
(3.20537 -0.450909 0)
(3.14781 -0.622783 0)
(3.02082 -0.774058 0)
(2.8362 -0.891562 0)
(2.60491 -0.957977 0)
(2.33266 -0.970782 0)
(2.02129 -0.869754 0)
(1.71307 -0.704691 0)
(1.74827 0.164379 0)
(1.79565 0.172212 0)
(1.84952 0.182887 0)
(1.89928 0.194598 0)
(1.95494 0.210723 0)
(2.02547 0.228403 0)
(2.08794 0.246194 0)
(2.18006 0.264075 0)
(2.26496 0.275148 0)
(2.37006 0.280975 0)
(2.48542 0.272583 0)
(2.5946 0.250129 0)
(2.72283 0.211385 0)
(2.83052 0.146251 0)
(2.93085 0.0689793 0)
(3.01527 -0.0354642 0)
(3.04655 -0.159691 0)
(3.06433 -0.280129 0)
(3.04025 -0.407259 0)
(2.96219 -0.533851 0)
(2.82952 -0.648454 0)
(2.64049 -0.722069 0)
(2.41694 -0.744962 0)
(2.1658 -0.699274 0)
(1.89613 -0.600779 0)
(1.63747 -0.434976 0)
(1.7232 0.106061 0)
(1.78792 0.112975 0)
(1.8551 0.121258 0)
(1.92592 0.131009 0)
(2.00047 0.141427 0)
(2.08202 0.153031 0)
(2.16962 0.163517 0)
(2.26515 0.172523 0)
(2.36774 0.177445 0)
(2.47507 0.175976 0)
(2.58677 0.166919 0)
(2.69665 0.145286 0)
(2.79819 0.11206 0)
(2.88897 0.0628512 0)
(2.9542 0.00126137 0)
(2.9839 -0.0681385 0)
(2.97208 -0.144175 0)
(2.91881 -0.221597 0)
(2.80986 -0.331554 0)
(2.65753 -0.37855 0)
(2.45344 -0.439771 0)
(2.2082 -0.486483 0)
(1.93729 -0.495305 0)
(1.6592 -0.446223 0)
(1.39297 -0.375711 0)
(1.1648 -0.254353 0)
(1.77336 0.0401745 0)
(1.84796 0.043686 0)
(1.92827 0.0479587 0)
(2.01573 0.0528501 0)
(2.11065 0.0575973 0)
(2.21342 0.0622615 0)
(2.32405 0.0656092 0)
(2.44093 0.0672311 0)
(2.56215 0.0659545 0)
(2.68277 0.0595471 0)
(2.79707 0.0429612 0)
(2.89276 0.0374862 0)
(2.9836 0.00632815 0)
(3.01255 -0.0114245 0)
(3.02121 -0.0392123 0)
(2.98718 -0.072055 0)
(2.89261 -0.111202 0)
(2.73984 -0.145759 0)
(2.52249 -0.17655 0)
(2.25589 -0.185803 0)
(1.95029 -0.196921 0)
(1.61571 -0.193095 0)
(1.26775 -0.17313 0)
(0.94201 -0.134082 0)
(0.671182 -0.0690595 0)
(0.484945 0.00653064 0)
(-8.31561e-07 0.00116314 0)
(-3.35584e-06 0.00358159 0)
(-1.13621e-05 0.0060237 0)
(2.4331e-07 0.00116188 0)
(5.44767e-06 0.00358262 0)
(1.71965e-05 0.00602465 0)
(3.39009e-05 0.00843943 0)
(5.68044e-05 0.0107823 0)
(8.3084e-05 0.0129942 0)
(0.000111445 0.0150181 0)
(0.000141301 0.0168118 0)
(0.000173506 0.0183422 0)
(0.000207794 0.0195914 0)
(0.000245235 0.0205456 0)
(0.000284854 0.0212037 0)
(0.000326854 0.0215665 0)
(0.000369759 0.0216484 0)
(0.000413779 0.0214661 0)
(0.000457128 0.021053 0)
(0.000500809 0.0204437 0)
(0.000543429 0.01969 0)
(0.000584729 0.0188404 0)
(0.000623639 0.0179572 0)
(0.000662066 0.0170945 0)
(0.000698464 0.0163174 0)
(0.000733162 0.015678 0)
(0.000765281 0.0152369 0)
(0.000797674 0.015038 0)
(0.000829062 0.0151336 0)
(0.000860723 0.0155547 0)
(0.000891062 0.016341 0)
(0.00092919 0.0175101 0)
(0.000959874 0.0190878 0)
(0.00101821 0.0210785 0)
(0.00103449 0.0234821 0)
(0.00110688 0.0263131 0)
(0.00115747 0.0295282 0)
(0.00120907 0.033146 0)
(0.0013191 0.0370997 0)
(0.00134479 0.0414115 0)
(0.00151272 0.0459942 0)
(0.00152382 0.0508749 0)
(0.00173195 0.0559589 0)
(0.00176418 0.0612775 0)
(0.00197126 0.0667378 0)
(0.00207062 0.0723794 0)
(0.00223751 0.0781169 0)
(0.00244149 0.084002 0)
(0.00253202 0.0899585 0)
(0.0028797 0.0960647 0)
(0.00287311 0.102229 0)
(0.00333467 0.108603 0)
(0.00334956 0.11503 0)
(0.00374074 0.121772 0)
(0.00392673 0.128603 0)
(0.00428548 0.135887 0)
(0.00438527 0.14327 0)
(0.00496863 0.151473 0)
(0.00509565 0.15953 0)
(0.0052917 0.169455 0)
(0.00613603 0.181066 0)
(0.00626875 0.18802 0)
(0.00665373 0.198724 0)
(0.00712842 0.210793 0)
(0.00763387 0.223891 0)
(0.00817275 0.238087 0)
(0.00875417 0.25354 0)
(0.00939299 0.270379 0)
(0.010073 0.288672 0)
(0.0107616 0.308398 0)
(0.0114366 0.329568 0)
(0.0120913 0.352254 0)
(0.0127317 0.376625 0)
(0.0133902 0.402864 0)
(0.0141077 0.431155 0)
(0.0149268 0.461637 0)
(0.0158794 0.494445 0)
(0.0169889 0.529704 0)
(0.0182668 0.567567 0)
(0.0197205 0.608207 0)
(0.0213525 0.651842 0)
(0.0231669 0.698716 0)
(0.0251684 0.749128 0)
(0.0273686 0.80342 0)
(0.0297846 0.862003 0)
(0.0324448 0.92536 0)
(0.0353841 0.994055 0)
(0.0386695 1.06875 0)
(0.0423546 1.15023 0)
(0.0465129 1.23939 0)
(0.0512301 1.33728 0)
(0.0565607 1.44515 0)
(0.0625794 1.56441 0)
(0.0693427 1.69666 0)
(0.0768449 1.84365 0)
(0.08497 2.00715 0)
(0.0934193 2.1887 0)
(0.101555 2.38891 0)
(0.108055 2.60772 0)
(0.11108 2.84079 0)
(0.105425 3.07621 0)
(0.0907738 3.30562 0)
(0.0515565 3.36586 0)
(1.66868e-06 0.00115592 0)
(1.42955e-05 0.00356373 0)
(4.43684e-05 0.00599767 0)
(9.00523e-05 0.00839956 0)
(0.000150756 0.0107345 0)
(0.000223172 0.0129404 0)
(0.000306036 0.014961 0)
(0.000398897 0.0167496 0)
(0.000501602 0.0182765 0)
(0.000613107 0.0195192 0)
(0.000732473 0.0204695 0)
(0.000857652 0.0211217 0)
(0.00098702 0.0214829 0)
(0.00111844 0.0215612 0)
(0.00125046 0.0213803 0)
(0.00138117 0.0209657 0)
(0.00150978 0.0203608 0)
(0.00163462 0.0196068 0)
(0.00175498 0.0187628 0)
(0.00187017 0.0178803 0)
(0.00198062 0.0170243 0)
(0.00208585 0.0162471 0)
(0.00218646 0.0156135 0)
(0.00228301 0.0151713 0)
(0.00237774 0.0149779 0)
(0.00247149 0.0150693 0)
(0.00256635 0.0154931 0)
(0.00266388 0.0162726 0)
(0.00276885 0.0174411 0)
(0.00287628 0.0190052 0)
(0.00302318 0.0209957 0)
(0.00310839 0.0233878 0)
(0.00331937 0.0262068 0)
(0.00343774 0.0294063 0)
(0.00367087 0.0330098 0)
(0.00387018 0.0369453 0)
(0.00410728 0.0412382 0)
(0.00441441 0.0458022 0)
(0.00465273 0.0506617 0)
(0.00507556 0.0557249 0)
(0.00533205 0.061021 0)
(0.00585415 0.0664598 0)
(0.00616296 0.0720769 0)
(0.00674998 0.0777912 0)
(0.00716151 0.0836531 0)
(0.00776377 0.0895826 0)
(0.00832599 0.0956648 0)
(0.00892219 0.101809 0)
(0.00963412 0.108142 0)
(0.0102295 0.114565 0)
(0.0111379 0.121267 0)
(0.0115993 0.128056 0)
(0.0128742 0.135373 0)
(0.0131386 0.142664 0)
(0.0144798 0.150863 0)
(0.0151893 0.159029 0)
(0.0156744 0.167916 0)
(0.0179487 0.177126 0)
(0.0196119 0.1878 0)
(0.0207815 0.198966 0)
(0.0218731 0.210935 0)
(0.0230445 0.22384 0)
(0.0242849 0.237824 0)
(0.0255908 0.252986 0)
(0.0270366 0.269479 0)
(0.0286971 0.2874 0)
(0.030596 0.306844 0)
(0.0326999 0.327848 0)
(0.0349639 0.350481 0)
(0.0373628 0.374825 0)
(0.0399032 0.401027 0)
(0.0426194 0.429221 0)
(0.0455603 0.459564 0)
(0.0487744 0.492183 0)
(0.0523055 0.527234 0)
(0.0561913 0.564857 0)
(0.0604687 0.605242 0)
(0.0651777 0.648585 0)
(0.0703649 0.695138 0)
(0.0760856 0.745176 0)
(0.0824064 0.799039 0)
(0.0894111 0.857119 0)
(0.0972013 0.919892 0)
(0.1059 0.987902 0)
(0.115663 1.06181 0)
(0.126659 1.14236 0)
(0.139087 1.23047 0)
(0.153169 1.32718 0)
(0.169126 1.43373 0)
(0.187173 1.55158 0)
(0.207466 1.6824 0)
(0.230018 1.82805 0)
(0.254556 1.99058 0)
(0.280139 2.17187 0)
(0.305146 2.37456 0)
(0.325525 2.59807 0)
(0.334733 2.84004 0)
(0.31923 3.09288 0)
(0.285581 3.32893 0)
(0.160137 3.36791 0)
(3.55676e-06 0.00114676 0)
(2.26121e-05 0.00353587 0)
(6.98049e-05 0.00595037 0)
(0.00014205 0.00833342 0)
(0.000236543 0.0106498 0)
(0.000352396 0.0128393 0)
(0.000488785 0.0148432 0)
(0.0006457 0.0166166 0)
(0.00082096 0.0181287 0)
(0.00101188 0.0193605 0)
(0.00121451 0.0203017 0)
(0.00142587 0.0209491 0)
(0.00164248 0.0213064 0)
(0.00186199 0.0213848 0)
(0.00208139 0.021204 0)
(0.00229902 0.0207935 0)
(0.0025116 0.020191 0)
(0.00271867 0.0194443 0)
(0.00291819 0.0186054 0)
(0.00310937 0.0177314 0)
(0.00329118 0.0168799 0)
(0.00346536 0.0161111 0)
(0.0036318 0.015481 0)
(0.00379247 0.0150447 0)
(0.00394879 0.0148504 0)
(0.00410492 0.0149442 0)
(0.00426409 0.0153628 0)
(0.00442451 0.0161387 0)
(0.00461101 0.0172944 0)
(0.00476554 0.0188498 0)
(0.00501214 0.0208223 0)
(0.00519886 0.0231981 0)
(0.00548846 0.0259885 0)
(0.00574785 0.0291669 0)
(0.00608042 0.0327313 0)
(0.00644573 0.0366428 0)
(0.00682601 0.0408903 0)
(0.00731947 0.0454259 0)
(0.00775819 0.0502335 0)
(0.00838525 0.0552664 0)
(0.00891057 0.0605054 0)
(0.00965443 0.0659109 0)
(0.0103057 0.0714693 0)
(0.011137 0.0771461 0)
(0.0119551 0.08295 0)
(0.0128499 0.0888387 0)
(0.0138515 0.0948625 0)
(0.0148157 0.100963 0)
(0.0159945 0.107242 0)
(0.0170325 0.11361 0)
(0.0184058 0.120266 0)
(0.019505 0.127009 0)
(0.021062 0.13423 0)
(0.0223278 0.141572 0)
(0.0239317 0.14951 0)
(0.025643 0.157783 0)
(0.0273969 0.166444 0)
(0.0296421 0.176206 0)
(0.0314721 0.186214 0)
(0.0333259 0.196977 0)
(0.0353373 0.208747 0)
(0.0375299 0.221609 0)
(0.0398916 0.235578 0)
(0.0423966 0.250754 0)
(0.0450612 0.267234 0)
(0.0479264 0.285095 0)
(0.0510351 0.304395 0)
(0.0544167 0.3252 0)
(0.0580805 0.347597 0)
(0.0620349 0.371697 0)
(0.0662936 0.397624 0)
(0.070889 0.425516 0)
(0.0758654 0.455503 0)
(0.0812785 0.487725 0)
(0.0871844 0.522318 0)
(0.0936453 0.559442 0)
(0.100725 0.599268 0)
(0.108497 0.642003 0)
(0.117044 0.687877 0)
(0.126468 0.73717 0)
(0.13688 0.790192 0)
(0.148421 0.847327 0)
(0.161257 0.909012 0)
(0.175592 0.975773 0)
(0.19166 1.04821 0)
(0.209753 1.12707 0)
(0.230205 1.21321 0)
(0.25339 1.30766 0)
(0.27972 1.41166 0)
(0.309624 1.5267 0)
(0.34347 1.65455 0)
(0.381471 1.79738 0)
(0.423393 1.95773 0)
(0.468283 2.1387 0)
(0.512847 2.34272 0)
(0.552722 2.57545 0)
(0.574274 2.83929 0)
(0.554216 3.13155 0)
(0.438613 3.43401 0)
(0.168273 4.18181 0)
(5.11206e-06 0.00113371 0)
(3.09195e-05 0.00349359 0)
(9.52848e-05 0.00587991 0)
(0.000193677 0.00823533 0)
(0.00032377 0.0105249 0)
(0.000484738 0.0126885 0)
(0.000676916 0.0146672 0)
(0.000898249 0.0164176 0)
(0.00114507 0.0179097 0)
(0.00141205 0.019126 0)
(0.00169487 0.0200552 0)
(0.00198902 0.0206946 0)
(0.00229101 0.0210465 0)
(0.00259669 0.0211232 0)
(0.00290309 0.0209431 0)
(0.00320548 0.0205365 0)
(0.00350261 0.0199401 0)
(0.00379151 0.0192024 0)
(0.00406968 0.0183729 0)
(0.00433504 0.0175092 0)
(0.00458925 0.0166678 0)
(0.00483195 0.0159091 0)
(0.00506405 0.0152865 0)
(0.00528671 0.0148558 0)
(0.00550562 0.0146638 0)
(0.00572331 0.0147576 0)
(0.00594427 0.0151708 0)
(0.0061694 0.015937 0)
(0.00641945 0.0170799 0)
(0.00665905 0.018619 0)
(0.00697619 0.0205632 0)
(0.00726008 0.0229117 0)
(0.00764212 0.025665 0)
(0.00802082 0.0288057 0)
(0.00847206 0.0323227 0)
(0.0089859 0.0361891 0)
(0.00952195 0.0403781 0)
(0.0101888 0.0448605 0)
(0.0108317 0.0496017 0)
(0.0116648 0.0545763 0)
(0.0124413 0.0597422 0)
(0.0134338 0.0650857 0)
(0.0143795 0.0705668 0)
(0.0155128 0.0761794 0)
(0.0166628 0.0819022 0)
(0.0179181 0.0877254 0)
(0.0192955 0.0936666 0)
(0.020668 0.0996966 0)
(0.0222811 0.105896 0)
(0.0237791 0.112187 0)
(0.0256272 0.118756 0)
(0.0272853 0.125429 0)
(0.029342 0.132529 0)
(0.0312765 0.1398 0)
(0.0334843 0.147563 0)
(0.0358521 0.155728 0)
(0.0382244 0.164254 0)
(0.0408232 0.173733 0)
(0.0433935 0.183746 0)
(0.0461445 0.194595 0)
(0.0490969 0.206363 0)
(0.0521986 0.219128 0)
(0.0554574 0.232919 0)
(0.0589382 0.247841 0)
(0.0626786 0.263996 0)
(0.0667183 0.281496 0)
(0.0710977 0.300423 0)
(0.0758397 0.320868 0)
(0.080962 0.342912 0)
(0.086484 0.366659 0)
(0.0924382 0.392209 0)
(0.0988671 0.419688 0)
(0.105827 0.449208 0)
(0.113382 0.480904 0)
(0.121604 0.514904 0)
(0.130572 0.551362 0)
(0.140375 0.590436 0)
(0.151113 0.632325 0)
(0.162904 0.677236 0)
(0.175885 0.725433 0)
(0.190216 0.777199 0)
(0.206093 0.832891 0)
(0.223749 0.892907 0)
(0.243449 0.957733 0)
(0.265537 1.02793 0)
(0.290414 1.10418 0)
(0.318533 1.18728 0)
(0.350441 1.27821 0)
(0.386767 1.37817 0)
(0.428204 1.48862 0)
(0.47548 1.61144 0)
(0.52924 1.74899 0)
(0.58985 1.90442 0)
(0.657034 2.08196 0)
(0.728364 2.28733 0)
(0.799672 2.52919 0)
(0.85469 2.82017 0)
(0.881473 3.17844 0)
(0.754377 3.60988 0)
(0.385836 3.93152 0)
(6.90066e-06 0.00111603 0)
(4.03303e-05 0.00343719 0)
(0.00012103 0.00578564 0)
(0.000244621 0.00810568 0)
(0.000410506 0.0103598 0)
(0.000618902 0.0124864 0)
(0.00086736 0.0144297 0)
(0.00115167 0.0161486 0)
(0.00146675 0.0176153 0)
(0.00180715 0.0188111 0)
(0.0021676 0.0197251 0)
(0.00254319 0.0203532 0)
(0.00292899 0.020699 0)
(0.00332016 0.0207729 0)
(0.00371162 0.0205948 0)
(0.00409936 0.0201928 0)
(0.00447973 0.0196056 0)
(0.00484905 0.0188777 0)
(0.00520407 0.0180617 0)
(0.00554401 0.0172109 0)
(0.00586895 0.0163839 0)
(0.00617894 0.0156366 0)
(0.00647476 0.015026 0)
(0.00676016 0.014602 0)
(0.00703977 0.0144151 0)
(0.00731758 0.0145064 0)
(0.00759872 0.0149151 0)
(0.00788941 0.0156676 0)
(0.00820392 0.016794 0)
(0.00852148 0.0183065 0)
(0.00890749 0.0202191 0)
(0.00929351 0.0225285 0)
(0.00975807 0.0252354 0)
(0.0102614 0.0283241 0)
(0.0108281 0.0317812 0)
(0.0114869 0.0355823 0)
(0.012175 0.0396994 0)
(0.0130162 0.0441076 0)
(0.0138569 0.0487652 0)
(0.0148954 0.0536571 0)
(0.0159219 0.0587329 0)
(0.0171499 0.0639858 0)
(0.0184049 0.0693743 0)
(0.0198061 0.0748886 0)
(0.0213206 0.0805187 0)
(0.0228927 0.0862382 0)
(0.0246699 0.0920844 0)
(0.0264359 0.0980101 0)
(0.0284615 0.104103 0)
(0.030451 0.110298 0)
(0.0327244 0.116735 0)
(0.0349626 0.123318 0)
(0.0374976 0.130256 0)
(0.0400452 0.137418 0)
(0.0428252 0.145011 0)
(0.0457466 0.153021 0)
(0.0487497 0.161475 0)
(0.0519677 0.170837 0)
(0.0552814 0.180762 0)
(0.0588018 0.19146 0)
(0.062545 0.202953 0)
(0.0665195 0.215395 0)
(0.0707515 0.228905 0)
(0.0752882 0.243559 0)
(0.0801542 0.259448 0)
(0.0853741 0.27665 0)
(0.0909844 0.295246 0)
(0.0970248 0.315311 0)
(0.103534 0.336934 0)
(0.110552 0.360209 0)
(0.118125 0.385241 0)
(0.126309 0.412136 0)
(0.135167 0.441008 0)
(0.144777 0.471976 0)
(0.155223 0.505167 0)
(0.166603 0.540719 0)
(0.179024 0.578788 0)
(0.192614 0.619544 0)
(0.207517 0.66319 0)
(0.223905 0.709951 0)
(0.241975 0.760093 0)
(0.261969 0.813922 0)
(0.28417 0.871799 0)
(0.308923 0.934139 0)
(0.336645 1.00145 0)
(0.36783 1.07432 0)
(0.40307 1.15347 0)
(0.443084 1.23976 0)
(0.488737 1.33427 0)
(0.541049 1.43838 0)
(0.601205 1.55389 0)
(0.670588 1.68324 0)
(0.750573 1.82981 0)
(0.842779 1.99883 0)
(0.947819 2.19809 0)
(1.064 2.43934 0)
(1.19028 2.74965 0)
(1.28513 3.18567 0)
(1.43628 3.86909 0)
(0.213213 5.55003 0)
)
;

boundaryField
{
    inlet
    {
        type            calculated;
        value           uniform (0 0 0);
    }
    outlet
    {
        type            calculated;
        value           nonuniform List<vector> 0();
    }
    topWall
    {
        type            calculated;
        value           uniform (0 0 0);
    }
    lowerWall
    {
        type            calculated;
        value           nonuniform List<vector> 0();
    }
    leadingEdge
    {
        type            calculated;
        value           uniform (0 0 0);
    }
    trailingEdge
    {
        type            calculated;
        value           nonuniform List<vector> 0();
    }
    upperSurface
    {
        type            calculated;
        value           uniform (0 0 0);
    }
    lowerSurface
    {
        type            calculated;
        value           nonuniform List<vector> 0();
    }
    frontAndBack
    {
        type            empty;
    }
    procBoundary4to0
    {
        type            processor;
        value           nonuniform List<vector> 
101
(
(-2.54739e-06 0.00115967 0)
(-1.3591e-05 0.00356724 0)
(-4.0113e-05 0.00600026 0)
(-2.45784e-05 0.00843895 0)
(-2.45784e-05 0.00843895 0)
(-4.21263e-05 0.0107821 0)
(-6.45833e-05 0.0129935 0)
(-9.27306e-05 0.0150173 0)
(-0.000125061 0.0168102 0)
(-0.00016215 0.0183411 0)
(-0.000202607 0.0195899 0)
(-0.000246248 0.0205448 0)
(-0.00029129 0.0212025 0)
(-0.000337469 0.0215662 0)
(-0.000382985 0.0216475 0)
(-0.000428016 0.0214663 0)
(-0.000470844 0.0210525 0)
(-0.000512394 0.0204445 0)
(-0.000551589 0.0196898 0)
(-0.000589245 0.0188415 0)
(-0.00062443 0.0179574 0)
(-0.000658574 0.017096 0)
(-0.000690678 0.0163173 0)
(-0.000722404 0.0156791 0)
(-0.000752962 0.0152365 0)
(-0.000784281 0.015039 0)
(-0.000815247 0.0151323 0)
(-0.000848036 0.0155549 0)
(-0.000880791 0.0163394 0)
(-0.000919754 0.0175103 0)
(-0.000952403 0.0190857 0)
(-0.00101098 0.0210786 0)
(-0.00102999 0.0234813 0)
(-0.0011017 0.026314 0)
(-0.00115342 0.0295282 0)
(-0.00120147 0.0331469 0)
(-0.00130877 0.0370999 0)
(-0.00133297 0.041412 0)
(-0.00149588 0.0459953 0)
(-0.00150933 0.0508768 0)
(-0.00171064 0.0559599 0)
(-0.00174491 0.0612803 0)
(-0.00195169 0.0667376 0)
(-0.00204433 0.0723832 0)
(-0.00222267 0.0781149 0)
(-0.00241237 0.0840081 0)
(-0.002516 0.0899529 0)
(-0.00285944 0.0960771 0)
(-0.00284101 0.102218 0)
(-0.00332925 0.108621 0)
(-0.00330495 0.115025 0)
(-0.0037014 0.121777 0)
(-0.00392374 0.128628 0)
(-0.0041388 0.135888 0)
(-0.00435446 0.143298 0)
(-0.00474531 0.1515 0)
(-0.00488141 0.159699 0)
(-0.00457027 0.168768 0)
(-0.00621782 0.177711 0)
(-0.00730203 0.188593 0)
(-0.00755946 0.199863 0)
(-0.00768614 0.211904 0)
(-0.00791174 0.224874 0)
(-0.00819204 0.238916 0)
(-0.00851422 0.254178 0)
(-0.00892641 0.270774 0)
(-0.00947203 0.288783 0)
(-0.0101571 0.308244 0)
(-0.0109337 0.329221 0)
(-0.0117421 0.351813 0)
(-0.0125461 0.376164 0)
(-0.0133542 0.402433 0)
(-0.0142013 0.430782 0)
(-0.0151329 0.461347 0)
(-0.0161808 0.494255 0)
(-0.0173635 0.529622 0)
(-0.0186849 0.567591 0)
(-0.0201468 0.608323 0)
(-0.0217509 0.652028 0)
(-0.0235065 0.698944 0)
(-0.0254296 0.749368 0)
(-0.0275467 0.803641 0)
(-0.0298926 0.862181 0)
(-0.032516 0.925475 0)
(-0.0354633 0.994102 0)
(-0.0388031 1.06873 0)
(-0.0425916 1.15013 0)
(-0.046898 1.23923 0)
(-0.0517976 1.33709 0)
(-0.0573548 1.44492 0)
(-0.0636367 1.56417 0)
(-0.0706823 1.69642 0)
(-0.0784831 1.84339 0)
(-0.0869169 2.00681 0)
(-0.0956576 2.18825 0)
(-0.10405 2.38885 0)
(-0.110295 2.60753 0)
(-0.111559 2.84028 0)
(-0.10134 3.07678 0)
(-0.0721889 3.31027 0)
(-0.0363877 3.34772 0)
)
;
    }
    procBoundary4to5
    {
        type            processor;
        value           nonuniform List<vector> 
21
(
(24.1966 -9.77027 0)
(19.9012 -19.6562 0)
(3.99391 -39.7653 0)
(33.7613 -22.609 0)
(7.61898 -26.9376 0)
(-6.53296 -18.058 0)
(-11.0854 -14.1977 0)
(-8.00664 -8.91937 0)
(-6.17229 -6.65584 0)
(-4.30086 -4.61961 0)
(-2.74291 -3.23927 0)
(-1.59195 -2.30156 0)
(-0.707677 -1.5923 0)
(-0.0284126 -1.08163 0)
(0.50345 -0.690102 0)
(1.22955 -0.74092 0)
(1.22955 -0.74092 0)
(1.43049 -0.456159 0)
(1.407 -0.209523 0)
(0.996119 -0.0765032 0)
(0.410593 0.105536 0)
)
;
    }
}


// ************************************************************************* //
