/*--------------------------------*- C++ -*----------------------------------*\
| =========                 |                                                 |
| \\      /  F ield         | OpenFOAM: The Open Source CFD Toolbox           |
|  \\    /   O peration     | Version:  2206                                  |
|   \\  /    A nd           | Website:  www.openfoam.com                      |
|    \\/     M anipulation  |                                                 |
\*---------------------------------------------------------------------------*/
FoamFile
{
    version     2.0;
    format      ascii;
    arch        "LSB;label=32;scalar=64";
    class       volVectorField;
    location    "18.6999";
    object      ddt0(U);
}
// * * * * * * * * * * * * * * * * * * * * * * * * * * * * * * * * * * * * * //

dimensions      [0 1 -2 0 0 0 0];

internalField   nonuniform List<vector> 
1878
(
(42.8798 35.2064 0)
(74.083 35.0771 0)
(112.962 16.7222 0)
(148.994 -18.0257 0)
(172.784 -54.5845 0)
(192.851 -76.3427 0)
(215.767 -102.114 0)
(234.506 -121.156 0)
(244.498 -131.204 0)
(236.154 -137.977 0)
(192.291 -145.709 0)
(109.296 -156.894 0)
(3.68032 -167.915 0)
(-115.102 -170.994 0)
(-214.035 -149.2 0)
(-294.987 -100.627 0)
(-358.879 -34.0237 0)
(-405.501 43.2281 0)
(-437.745 128.787 0)
(-462.559 225.716 0)
(-474.46 320.991 0)
(-419.173 357.328 0)
(-323.707 334.721 0)
(-213.643 270.157 0)
(-107.327 194.021 0)
(-25.5446 139.228 0)
(44.2896 110.947 0)
(105.489 64.1553 0)
(154.974 22.2977 0)
(194.21 -10.4213 0)
(219.739 -36.6199 0)
(234.164 -59.7342 0)
(241.062 -77.7725 0)
(237.848 -89.131 0)
(225.139 -97.0677 0)
(206.35 -99.2313 0)
(191.799 -84.3141 0)
(196.58 -41.5619 0)
(215.264 24.7246 0)
(243.362 84.0384 0)
(256.945 104.339 0)
(244.678 78.9193 0)
(214.785 26.9676 0)
(173.459 -39.6695 0)
(117.033 -111.603 0)
(56.6056 -165.683 0)
(13.3382 -201.165 0)
(-49.2445 -217.912 0)
(-79.3875 -211.844 0)
(-104.71 -190.086 0)
(-123.017 -161.305 0)
(-134.66 -129.135 0)
(-141.274 -96.7611 0)
(-144.603 -65.9186 0)
(-146.931 -37.0576 0)
(-149.43 -10.5531 0)
(-152.725 13.6335 0)
(-158.307 37.184 0)
(-165.071 62.2591 0)
(-172.513 90.922 0)
(-181.941 125.229 0)
(-195.001 165.833 0)
(-206.157 206.084 0)
(-196.656 224.417 0)
(-163.321 215.602 0)
(-117.491 186.722 0)
(-67.3435 148.423 0)
(-29.2604 106.936 0)
(11.0895 68.8804 0)
(82.9872 16.8057 0)
(134.125 -35.1764 0)
(178.776 -73.9967 0)
(204.872 -91.0511 0)
(206.58 -82.7983 0)
(197.553 -59.18 0)
(181.221 -28.22 0)
(160.932 2.06091 0)
(139.942 24.5452 0)
(121.137 34.3053 0)
(105.896 30.3789 0)
(94.1474 14.8424 0)
(84.59 -9.56792 0)
(73.2774 -38.2257 0)
(60.5233 -66.2099 0)
(45.6114 -90.7561 0)
(27.9395 -109.814 0)
(8.25951 -121.857 0)
(-12.0731 -125.531 0)
(-31.2997 -120.676 0)
(-48.4835 -109.56 0)
(-63.1184 -93.3279 0)
(-75.0911 -73.3567 0)
(-84.67 -51.0036 0)
(-91.8224 -27.5578 0)
(-95.9245 -4.23002 0)
(-97.8406 18.0782 0)
(-97.9831 38.6778 0)
(-97.339 57.0421 0)
(-97.1155 73.6042 0)
(-98.1472 89.5398 0)
(-99.6061 104.77 0)
(-97.7057 116.351 0)
(-87.4959 118.882 0)
(-70.4836 113.352 0)
(-48.5636 100.831 0)
(-22.7401 84.1563 0)
(10.3237 64.8777 0)
(46.9159 34.5551 0)
(80.4657 5.70974 0)
(104.15 -14.4626 0)
(112.414 -23.2247 0)
(108.031 -22.1227 0)
(98.9926 -16.4199 0)
(87.3781 -9.97251 0)
(75.2667 -5.19359 0)
(64.0279 -3.57624 0)
(54.2727 -5.77102 0)
(46.0315 -11.7892 0)
(38.5859 -21.1645 0)
(30.5197 -32.0538 0)
(22.7428 -43.7241 0)
(14.7358 -54.9675 0)
(6.23511 -64.5219 0)
(-2.71319 -71.3437 0)
(-11.8962 -74.37 0)
(45.9482 22.6181 0)
(67.5358 12.429 0)
(87.942 -7.71649 0)
(101.233 -30.9724 0)
(104.554 -62.595 0)
(99.2405 -82.4277 0)
(89.0737 -103.624 0)
(73.939 -121.618 0)
(55.8859 -131.056 0)
(38.7933 -130.84 0)
(22.0772 -122.391 0)
(0.657465 -107.064 0)
(-26.8909 -85.0796 0)
(-75.2634 -64.411 0)
(-151.961 -39.3125 0)
(-230.643 -7.3606 0)
(-298.302 32.791 0)
(-351.667 88.4305 0)
(-389.474 155.838 0)
(-396.226 223.158 0)
(-352.407 259.555 0)
(-280.96 256.417 0)
(-183.969 228.626 0)
(-90.0465 168.205 0)
(-17.7502 109.964 0)
(31.5555 76.8637 0)
(84.0861 46.1309 0)
(147.015 11.1834 0)
(189.381 -15.8013 0)
(222.136 -36.4601 0)
(243.189 -54.1912 0)
(253.626 -68.5938 0)
(251.62 -75.7614 0)
(240.664 -77.2601 0)
(221.703 -76.6854 0)
(194.565 -74.7745 0)
(163.834 -66.3745 0)
(142.872 -42.6595 0)
(142.166 1.04473 0)
(157.504 49.6017 0)
(189.68 80.9844 0)
(217.628 83.6912 0)
(222.674 56.5277 0)
(205.811 9.67996 0)
(166.89 -49.2945 0)
(101.345 -105.406 0)
(49.7324 -145.13 0)
(-2.77274 -168.721 0)
(-59.7705 -176.017 0)
(-90.0151 -166.292 0)
(-113.159 -144.488 0)
(-130.598 -116.728 0)
(-143.541 -87.9975 0)
(-153.399 -59.6101 0)
(-161.415 -31.6724 0)
(-168.106 -5.03452 0)
(-175.628 19.7433 0)
(-183.469 43.3397 0)
(-191.148 67.838 0)
(-201.37 97.8193 0)
(-218.514 137.472 0)
(-236.08 179.841 0)
(-227.013 201.263 0)
(-191.621 194.505 0)
(-146.975 165.156 0)
(-88.0502 135.689 0)
(-39.5472 102.555 0)
(6.53215 62.4529 0)
(72.6684 8.23053 0)
(145.496 -49.6867 0)
(190.257 -86.8636 0)
(211.442 -102.531 0)
(209.226 -95.2027 0)
(195.497 -72.7259 0)
(175.406 -41.147 0)
(152.918 -6.20939 0)
(131.115 24.4019 0)
(113.073 44.1164 0)
(100.379 49.5667 0)
(92.2666 41.6654 0)
(86.7765 23.7336 0)
(81.5626 -0.661496 0)
(73.3402 -27.5184 0)
(61.607 -52.8385 0)
(46.903 -74.5468 0)
(29.2552 -90.9822 0)
(9.60778 -101.202 0)
(-10.934 -104.747 0)
(-31.0034 -101.381 0)
(-49.6009 -92.2891 0)
(-66.2381 -78.5048 0)
(-80.4998 -61.0221 0)
(-91.8576 -41.0767 0)
(-100.508 -20.4031 0)
(-106.557 0.0516657 0)
(-110.464 19.8886 0)
(-113.244 39.0148 0)
(-116.009 57.5716 0)
(-118.669 75.6184 0)
(-119.495 92.261 0)
(-112.547 102.448 0)
(-96.5306 104.267 0)
(-73.1659 98.0414 0)
(-45.5399 86.3919 0)
(-13.7726 71.6857 0)
(24.9537 48.0305 0)
(60.9438 22.6579 0)
(88.9467 -0.581015 0)
(104.213 -14.4112 0)
(105.034 -18.8872 0)
(98.8205 -16.8281 0)
(89.192 -11.1514 0)
(78.8431 -4.43531 0)
(69.4013 1.42008 0)
(61.5543 4.83342 0)
(55.3892 4.77445 0)
(50.5237 1.10188 0)
(46.2346 -5.65102 0)
(41.6456 -14.6945 0)
(35.7776 -25.0688 0)
(28.6793 -35.948 0)
(20.5256 -46.4162 0)
(11.3585 -55.2726 0)
(1.4582 -61.5354 0)
(-8.922 -64.4505 0)
(38.3432 6.02006 0)
(48.9137 -3.70153 0)
(56.909 -17.2709 0)
(59.8618 -34.7744 0)
(57.4895 -53.3671 0)
(49.8976 -70.4397 0)
(35.8311 -85.0444 0)
(17.2021 -96.422 0)
(-6.80369 -103.176 0)
(-34.8332 -103.806 0)
(-64.9064 -96.0553 0)
(-97.6362 -83.8464 0)
(-132.512 -65.9152 0)
(-160.918 -37.4393 0)
(-186.51 -0.859507 0)
(-200.237 40.4876 0)
(-237.93 85.3861 0)
(-265.305 130.597 0)
(-258.557 169.483 0)
(-242.984 202.065 0)
(-213.181 216.448 0)
(-167.502 195.066 0)
(-111.387 146.181 0)
(-44.6293 98.4874 0)
(9.65092 60.0864 0)
(35.5806 32.7192 0)
(125.136 -10.1334 0)
(172.248 -39.9929 0)
(212.413 -55.0311 0)
(242.75 -63.4993 0)
(260.073 -68.7833 0)
(260.417 -68.7155 0)
(249.663 -64.9397 0)
(231.376 -58.8327 0)
(205.97 -50.9761 0)
(173.68 -42.0967 0)
(137.189 -31.4231 0)
(104.173 -15.8824 0)
(84.3525 8.2428 0)
(75.7949 34.2295 0)
(83.4697 49.2544 0)
(105.88 50.212 0)
(131.707 38.3661 0)
(152 14.1672 0)
(157.949 -17.3427 0)
(142.609 -49.7677 0)
(104.142 -80.6089 0)
(49.0299 -108.365 0)
(-4.4663 -126.851 0)
(-47.7906 -130.464 0)
(-96.1519 -118.681 0)
(-119.838 -98.4992 0)
(-140.992 -74.7187 0)
(-157.504 -48.7823 0)
(-171.353 -22.2933 0)
(-184.795 4.29743 0)
(-198.994 29.7485 0)
(-213.38 53.7432 0)
(-227.753 81.9932 0)
(-243.931 122.194 0)
(-258.044 165.135 0)
(-243.509 173.091 0)
(-206.874 157.132 0)
(-138.698 144.285 0)
(-80.1348 113.036 0)
(-26.3224 82.7496 0)
(55.3042 32.7875 0)
(126.314 -11.2761 0)
(173.045 -61.8461 0)
(195.364 -95.3653 0)
(192.266 -103.239 0)
(178.039 -94.9084 0)
(156.173 -75.3385 0)
(131.272 -47.9932 0)
(109.144 -15.7998 0)
(90.7801 16.567 0)
(76.3051 42.3879 0)
(69.2739 55.1944 0)
(69.4243 54.8153 0)
(72.9559 43.9703 0)
(76.6622 25.9252 0)
(77.2561 4.15326 0)
(72.6112 -18.3905 0)
(62.5931 -39.5839 0)
(48.0958 -57.774 0)
(30.162 -71.771 0)
(10.2577 -80.6604 0)
(-10.4148 -83.8035 0)
(-30.9095 -81.0778 0)
(-50.3395 -73.2881 0)
(-68.0525 -61.479 0)
(-83.5931 -46.7536 0)
(-96.7887 -30.1701 0)
(-107.749 -12.684 0)
(-116.722 5.38288 0)
(-124.212 24.4581 0)
(-130.419 44.4822 0)
(-133.731 63.1329 0)
(-129.239 76.6185 0)
(-114.822 83.0672 0)
(-91.4751 81.8845 0)
(-62.6542 74.8631 0)
(-30.83 65.7159 0)
(6.24741 53.1312 0)
(41.9021 30.2131 0)
(69.5984 10.7827 0)
(86.6746 -2.66829 0)
(91.9449 -9.64686 0)
(88.2016 -11.4503 0)
(80.4644 -9.89378 0)
(71.3145 -6.21861 0)
(62.8928 -1.2584 0)
(56.4442 3.80769 0)
(52.321 7.62107 0)
(50.2552 9.05414 0)
(49.5418 7.60701 0)
(49.1557 3.46357 0)
(48.1185 -2.81446 0)
(45.7203 -10.5357 0)
(41.5289 -19.2038 0)
(35.2101 -28.4216 0)
(26.8035 -37.3187 0)
(16.9582 -45.0675 0)
(6.08022 -50.6587 0)
(-5.3989 -53.2447 0)
(29.0435 -1.69536 0)
(34.2132 -9.26922 0)
(40.2018 -20.3035 0)
(40.4037 -33.6668 0)
(35.0878 -48.2683 0)
(25.2402 -61.0463 0)
(11.5863 -70.9997 0)
(-5.39342 -77.8115 0)
(-25.9633 -80.1617 0)
(-50.4358 -76.9231 0)
(-75.8316 -66.1164 0)
(-99.6303 -47.8791 0)
(-125.446 -28.015 0)
(-150.264 -5.72121 0)
(-173.106 19.8429 0)
(-191.122 54.6867 0)
(-200.736 95.0774 0)
(-201.624 127.136 0)
(-196.103 150.046 0)
(-191.217 175.911 0)
(-180.398 183.755 0)
(-144.822 147.899 0)
(-93.6485 93.4437 0)
(-45.7438 47.2655 0)
(-8.10968 19.6557 0)
(57.2104 -36.7253 0)
(123.567 -73.3226 0)
(178.267 -88.3553 0)
(220.153 -88.8579 0)
(247.915 -84.0663 0)
(255.242 -73.4341 0)
(247.636 -60.5098 0)
(228.869 -47.347 0)
(201.559 -33.7611 0)
(168.881 -19.4785 0)
(133.85 -6.70554 0)
(99.7145 2.85647 0)
(70.6838 13.0228 0)
(47.9553 31.8754 0)
(29.6003 47.5982 0)
(25.1782 46.1115 0)
(33.3136 33.2085 0)
(44.7845 16.1135 0)
(60.7708 -7.36838 0)
(66.2907 -30.5397 0)
(62.7097 -48.6538 0)
(58.8943 -59.9223 0)
(56.0466 -66.2563 0)
(21.9797 -71.9204 0)
(-20.4101 -76.7388 0)
(-63.6438 -74.5192 0)
(-102.576 -65.0507 0)
(-135.919 -48.3212 0)
(-163.267 -27.1244 0)
(-186.193 -2.90979 0)
(-207.601 23.9557 0)
(-230.159 51.0358 0)
(-251.967 73.9294 0)
(-265.984 98.7579 0)
(-254.344 122.707 0)
(-210.664 131.327 0)
(-128.794 129.986 0)
(-87.0627 91.3202 0)
(-12.7725 67.3843 0)
(64.7457 31.746 0)
(119.518 0.604531 0)
(154.103 -33.223 0)
(170.762 -56.0878 0)
(171.134 -69.6008 0)
(155.986 -75.4686 0)
(131.491 -73.1744 0)
(102.497 -63.0432 0)
(74.5846 -45.5987 0)
(53.3526 -22.4431 0)
(38.422 -0.765565 0)
(25.121 31.128 0)
(20.8237 45.8307 0)
(27.7547 50.2661 0)
(39.9874 45.7718 0)
(52.8409 34.6014 0)
(63.4288 19.1724 0)
(69.7598 3.02394 0)
(69.5934 -12.7719 0)
(62.0312 -27.945 0)
(49.0902 -41.3913 0)
(31.8346 -52.0295 0)
(11.3961 -59.4782 0)
(-10.234 -62.281 0)
(-31.4341 -60.5383 0)
(-51.7844 -54.4774 0)
(-70.7561 -44.8515 0)
(-87.9466 -32.1506 0)
(-103.359 -16.6315 0)
(-116.75 0.329365 0)
(-127.057 17.7263 0)
(-132.222 35.207 0)
(-127.931 48.9527 0)
(-114.979 56.0091 0)
(-93.5299 56.7756 0)
(-66.2331 53.3697 0)
(-37.3435 47.7656 0)
(-6.43376 41.9573 0)
(23.4797 28.3757 0)
(47.0387 15.2268 0)
(62.6157 6.20084 0)
(68.8947 0.936023 0)
(67.5574 -1.64999 0)
(62.7819 -2.69581 0)
(56.2137 -2.49697 0)
(49.5495 -1.12395 0)
(44.0204 1.22875 0)
(40.36 4.07684 0)
(38.744 6.54615 0)
(39.1021 7.84214 0)
(41.2078 7.66219 0)
(43.8612 5.8733 0)
(46.0261 2.52499 0)
(46.8891 -2.2126 0)
(45.7271 -7.94727 0)
(42.5533 -14.3114 0)
(37.1226 -21.0779 0)
(29.4075 -27.965 0)
(19.5488 -34.2673 0)
(8.07389 -38.6985 0)
(-4.102 -40.8598 0)
(22.6999 -6.48655 0)
(26.1053 -13.1167 0)
(27.384 -21.8812 0)
(25.9799 -31.2184 0)
(21.3202 -40.4393 0)
(12.9571 -48.8084 0)
(1.37856 -55.6892 0)
(-13.1025 -59.9176 0)
(-31.0407 -58.8199 0)
(-50.3954 -52.9152 0)
(-73.2799 -43.0626 0)
(-90.2819 -25.6576 0)
(-111.587 -7.57609 0)
(-131.812 12.8586 0)
(-146.808 38.3388 0)
(-157.885 68.2408 0)
(-164.383 99.3959 0)
(-165.205 125.963 0)
(-163.618 152.965 0)
(-165.485 182.319 0)
(-147.342 162.015 0)
(-112.864 103.263 0)
(-73.707 49.4604 0)
(-48.099 19.3307 0)
(1.52135 -52.8703 0)
(66.8924 -106.499 0)
(126.635 -135.581 0)
(174.57 -139.887 0)
(210.417 -126.61 0)
(224.156 -99.6965 0)
(217.437 -69.1711 0)
(196.129 -41.4731 0)
(166.456 -17.4842 0)
(133.59 2.26923 0)
(100.935 17.2615 0)
(70.7425 26.6453 0)
(45.2621 32.3623 0)
(22.7527 40.9857 0)
(1.22942 51.2669 0)
(-10.6069 57.082 0)
(-9.94824 45.8795 0)
(-2.90394 27.0445 0)
(5.83869 9.14333 0)
(7.26146 -7.62486 0)
(9.85643 -28.3692 0)
(7.99418 -46.6354 0)
(0.735446 -60.7962 0)
(-8.87385 -59.3626 0)
(-22.6612 -50.6812 0)
(-44.2632 -43.0758 0)
(-70.0959 -36.6623 0)
(-99.6944 -26.6785 0)
(-129.836 -13.49 0)
(-156.435 3.48455 0)
(-176.574 24.0732 0)
(-190.071 47.4773 0)
(-184.267 70.4214 0)
(-151.105 84.4888 0)
(-124.225 79.1548 0)
(-84.1898 56.9823 0)
(-24.5338 51.4903 0)
(28.8931 38.8447 0)
(65.718 27.1497 0)
(85.3811 9.26655 0)
(95.9584 -5.45678 0)
(103.691 -15.3857 0)
(109.586 -27.6286 0)
(109.647 -38.7765 0)
(99.7804 -47.5548 0)
(82.6741 -51.5511 0)
(60.5532 -47.8961 0)
(38.1136 -37.3496 0)
(18.5532 -23.3197 0)
(3.77324 -12.8305 0)
(-10.9428 14.7045 0)
(-19.0055 33.8296 0)
(-12.5753 37.8508 0)
(0.611674 35.7442 0)
(16.6265 30.7976 0)
(32.0905 20.9547 0)
(44.2531 9.34119 0)
(51.2298 -1.36283 0)
(54.5958 -10.8954 0)
(51.7846 -19.2772 0)
(41.0829 -26.9603 0)
(25.9658 -33.963 0)
(8.86597 -38.3717 0)
(-11.1854 -40.409 0)
(-31.9227 -38.1777 0)
(-51.7766 -32.459 0)
(-70.0155 -23.4648 0)
(-85.1362 -12.1664 0)
(-96.0651 0.0262291 0)
(-98.9136 11.555 0)
(-97.7729 20.5146 0)
(-89.478 23.1894 0)
(-72.5244 25.9543 0)
(-51.8701 27.6972 0)
(-31.4954 25.7501 0)
(-11.7926 25.2722 0)
(6.66842 21.0307 0)
(20.8028 15.9867 0)
(30.7093 12.1827 0)
(35.939 9.70148 0)
(36.8366 7.54657 0)
(35.6574 5.59645 0)
(33.4191 3.78945 0)
(30.7017 2.60566 0)
(28.0297 2.22306 0)
(25.9162 2.5406 0)
(24.7533 3.32019 0)
(24.7357 4.19629 0)
(26.3014 4.86818 0)
(29.0339 4.95142 0)
(32.2824 4.26449 0)
(35.3818 2.80322 0)
(37.7134 0.568064 0)
(38.8149 -2.43919 0)
(38.0273 -6.11923 0)
(35.5129 -10.3434 0)
(31.0406 -14.846 0)
(24.5886 -19.3186 0)
(16.275 -23.5089 0)
(6.30395 -26.7148 0)
(-4.86552 -27.951 0)
(17.7563 -9.50544 0)
(19.1998 -14.6694 0)
(19.1222 -20.9846 0)
(16.7201 -27.5906 0)
(11.8514 -33.9465 0)
(4.44738 -39.6952 0)
(-5.97437 -43.4238 0)
(-19.9883 -43.4656 0)
(-36.1619 -39.8992 0)
(-52.9224 -34.054 0)
(-69.7369 -25.452 0)
(-87.6095 -10.5135 0)
(-97.4268 11.0042 0)
(-106.038 27.3296 0)
(-118.741 49.275 0)
(-125.883 74.6481 0)
(-125.977 101.485 0)
(-123.226 127.771 0)
(-119.335 152.986 0)
(-100.028 167.84 0)
(-70.2577 136.853 0)
(-50.2475 75.8907 0)
(-30.9867 27.6312 0)
(-9.5979 -14.788 0)
(21.3776 -103.816 0)
(54.0036 -154.958 0)
(87.7722 -183.213 0)
(126.506 -178.986 0)
(135.491 -141.406 0)
(126.37 -94.3436 0)
(106.943 -49.5033 0)
(85.4525 -13.0445 0)
(62.9992 13.7686 0)
(41.235 30.0624 0)
(20.6161 44.6368 0)
(2.42552 50.896 0)
(-14.2532 54.4519 0)
(-26.5191 60.5717 0)
(-31.3925 65.5469 0)
(-25.9466 56.9322 0)
(-16.2733 39.1328 0)
(-8.38853 18.8376 0)
(-2.36119 4.19432 0)
(0.186982 -6.79188 0)
(-1.87634 -28.07 0)
(-8.77307 -38.477 0)
(-19.8305 -44.0588 0)
(-34.1463 -43.847 0)
(-45.5071 -36.6965 0)
(-53.6453 -27.7394 0)
(-61.3055 -17.4211 0)
(-68.2848 -4.71275 0)
(-71.9683 6.71024 0)
(-68.2126 13.2846 0)
(-53.6652 21.5027 0)
(-30.7781 26.6316 0)
(-2.15679 24.5591 0)
(22.4929 22.0714 0)
(35.115 24.4163 0)
(36.3218 31.7011 0)
(27.2835 39.0431 0)
(20.782 40.5549 0)
(21.8418 33.2776 0)
(26.8911 22.3872 0)
(34.9785 1.97162 0)
(46.9249 -19.2067 0)
(57.6261 -35.6246 0)
(58.7192 -42.1987 0)
(50.7354 -40.3393 0)
(37.3197 -35.0694 0)
(20.6151 -27.0332 0)
(5.09866 -19.0363 0)
(-11.3856 -12.4992 0)
(-27.2953 9.82049 0)
(-35.7513 25.5373 0)
(-30.7169 28.8457 0)
(-20.2091 26.2476 0)
(-8.30407 20.3524 0)
(3.23987 14.8511 0)
(15.5099 7.13077 0)
(24.6389 -1.39684 0)
(30.2355 -7.92972 0)
(31.4801 -11.8965 0)
(28.8644 -13.3426 0)
(22.8729 -15.332 0)
(13.4848 -17.7686 0)
(2.01688 -20.1327 0)
(-10.9367 -20.9418 0)
(-23.7296 -19.3178 0)
(-35.1628 -15.815 0)
(-43.7193 -11.956 0)
(-48.2639 -8.32991 0)
(-49.0606 -3.30059 0)
(-45.9478 2.06972 0)
(-40.2341 6.74536 0)
(-33.4488 10.2182 0)
(-26.4183 12.6418 0)
(-19.1653 14.5563 0)
(-11.9422 15.7169 0)
(-5.08976 15.8643 0)
(1.30526 15.1721 0)
(6.47427 13.6958 0)
(10.4183 11.3629 0)
(13.225 8.80839 0)
(15.1027 6.5994 0)
(16.1163 4.86344 0)
(16.2001 3.63313 0)
(15.756 2.9103 0)
(15.1818 2.60368 0)
(14.8387 2.55421 0)
(15.0115 2.59959 0)
(15.9473 2.60847 0)
(17.5211 2.43646 0)
(19.4873 2.03986 0)
(21.5314 1.40727 0)
(23.3272 0.493606 0)
(24.5965 -0.77578 0)
(25.0916 -2.45371 0)
(24.4718 -4.5851 0)
(22.7388 -7.15577 0)
(19.6763 -9.954 0)
(15.2249 -12.6944 0)
(9.55306 -15.0745 0)
(2.50103 -16.9505 0)
(-5.55209 -17.5169 0)
(12.2861 -10.4577 0)
(12.2443 -14.4462 0)
(10.8659 -19.0206 0)
(7.64891 -23.6717 0)
(3.35526 -27.8208 0)
(-4.8254 -30.5088 0)
(-15.8339 -31.1664 0)
(-28.5397 -29.763 0)
(-41.4644 -26.0871 0)
(-53.6226 -19.8422 0)
(-63.6935 -11.7041 0)
(-73.6429 2.94353 0)
(-82.9983 18.4273 0)
(-86.1368 33.4422 0)
(-88.0544 52.7723 0)
(-83.6912 73.3977 0)
(-72.4887 96.56 0)
(-49.8904 118.362 0)
(-0.0747681 126.987 0)
(54.7529 115.199 0)
(85.0922 108.151 0)
(70.7624 74.2518 0)
(63.4043 18.3134 0)
(57.5699 -48.6725 0)
(54.367 -116.514 0)
(49.3558 -171.95 0)
(44.6549 -187.352 0)
(17.7932 -158.924 0)
(-1.26237 -116.714 0)
(-15.2674 -68.707 0)
(-26.8878 -24.1253 0)
(-36.1216 -0.979487 0)
(-45.4062 31.5741 0)
(-53.1123 47.0593 0)
(-55.7522 57.6722 0)
(-54.1494 62.7763 0)
(-46.1023 60.2757 0)
(-32.1922 54.4261 0)
(-12.8954 48.2726 0)
(7.82941 38.9836 0)
(21.1718 26.0988 0)
(23.9245 13.0219 0)
(22.7851 0.472538 0)
(19.4987 -11.3203 0)
(13.3755 -21.2911 0)
(4.42136 -28.7748 0)
(-5.38323 -33.1217 0)
(-14.2169 -34.6183 0)
(-22.2015 -32.9878 0)
(-26.0638 -28.6036 0)
(-22.1784 -22.0852 0)
(-15.3654 -15.7077 0)
(-7.8826 -9.50943 0)
(-2.32745 -5.17665 0)
(1.0209 -1.80042 0)
(2.70082 4.77612 0)
(0.721018 22.5965 0)
(-4.83537 40.6401 0)
(-8.64116 54.993 0)
(-7.73205 56.4598 0)
(-1.78582 48.431 0)
(7.35753 34.8201 0)
(17.279 19.4246 0)
(27.4094 6.34039 0)
(35.0797 -21.1798 0)
(39.4509 -34.4691 0)
(35.6913 -36.3919 0)
(26.9596 -33.2447 0)
(17.8251 -27.5683 0)
(8.56473 -21.1372 0)
(-2.61839 -14.9213 0)
(-11.9977 -4.7476 0)
(-19.7021 7.07857 0)
(-22.206 13.8777 0)
(-17.5158 16.6458 0)
(-9.52789 17.3689 0)
(-1.663 15.4167 0)
(4.41848 11.6837 0)
(9.88256 6.1616 0)
(12.967 -0.0219789 0)
(14.4457 -4.97409 0)
(14.3514 -8.05286 0)
(13.2874 -9.28745 0)
(10.8548 -9.99655 0)
(7.95041 -11.4863 0)
(4.71391 -13.1112 0)
(0.335894 -14.2683 0)
(-4.92427 -14.4818 0)
(-10.3557 -13.7088 0)
(-15.4459 -11.8925 0)
(-19.8212 -8.88162 0)
(-23.2876 -5.08777 0)
(-25.6672 -0.941419 0)
(-26.3415 3.31372 0)
(-25.0317 6.92169 0)
(-22.5193 9.19383 0)
(-19.023 10.5708 0)
(-14.682 11.166 0)
(-9.87024 10.796 0)
(-5.09257 10.0184 0)
(-0.518401 9.18051 0)
(3.41075 7.84014 0)
(6.11258 6.70905 0)
(7.90924 5.71432 0)
(9.06197 4.97295 0)
(9.6112 4.54713 0)
(9.74512 4.18171 0)
(9.72887 3.68926 0)
(9.82632 3.15143 0)
(10.1062 2.59831 0)
(10.6385 2.08606 0)
(11.3731 1.61054 0)
(12.2237 1.16991 0)
(13.0949 0.728985 0)
(13.8914 0.224137 0)
(14.5166 -0.414961 0)
(14.8689 -1.25853 0)
(14.8075 -2.36109 0)
(14.2172 -3.76919 0)
(12.9731 -5.44193 0)
(10.9793 -7.23034 0)
(8.20477 -8.94022 0)
(4.48338 -10.3541 0)
(0.056929 -11.2822 0)
(-4.571 -11.5802 0)
(5.89128 -10.0292 0)
(4.26398 -13.0039 0)
(1.29729 -16.1115 0)
(-3.30532 -18.9762 0)
(-10.0127 -20.8707 0)
(-18.7607 -21.1495 0)
(-28.8938 -19.9718 0)
(-39.9155 -17.6503 0)
(-50.8647 -14.4201 0)
(-60.4733 -10.6345 0)
(-67.9457 -4.6466 0)
(-70.7643 6.08242 0)
(-70.2497 21.085 0)
(-65.287 36.2445 0)
(-52.7045 51.8492 0)
(-23.9546 53.1096 0)
(27.8762 49.8077 0)
(104.074 43.7071 0)
(154.363 64.7404 0)
(138.474 104.626 0)
(120.569 117.644 0)
(122.319 80.8431 0)
(132.024 17.5684 0)
(126.764 -49.9535 0)
(107.376 -108.337 0)
(72.8293 -138.721 0)
(32.3663 -143.925 0)
(-17.7648 -128.309 0)
(-52.6233 -92.6325 0)
(-78.2308 -53.5806 0)
(-91.5482 -19.3406 0)
(-95.6216 10.9957 0)
(-92.7404 32.5915 0)
(-80.4323 41.6202 0)
(-62.716 42.9677 0)
(-41.4162 39.4783 0)
(-21.6501 35.0223 0)
(-6.78699 31.1747 0)
(5.52094 28.7851 0)
(15.1117 25.5732 0)
(21.6087 20.8843 0)
(25.3825 13.5992 0)
(26.7346 4.86492 0)
(25.3291 -4.06756 0)
(20.9713 -12.9656 0)
(14.0138 -19.7295 0)
(5.59654 -24.3659 0)
(-3.67447 -27.4555 0)
(-12.1156 -29.1158 0)
(-19.1639 -26.2079 0)
(-25.2512 -21.9017 0)
(-29.2363 -15.8314 0)
(-31.3523 -8.78996 0)
(-32.3448 -1.39268 0)
(-32.9132 7.19996 0)
(-32.9686 17.176 0)
(-30.7262 26.9089 0)
(-24.2343 34.0559 0)
(-11.949 37.0327 0)
(2.37217 36.0286 0)
(14.956 31.5644 0)
(25.68 22.9664 0)
(33.5446 10.1413 0)
(37.9395 -3.50922 0)
(37.6903 -15.3571 0)
(31.6147 -22.9945 0)
(22.6672 -26.0866 0)
(13.7784 -23.5599 0)
(5.76331 -18.8379 0)
(-1.2984 -12.5229 0)
(-6.62943 -5.75446 0)
(-10.0311 -0.447671 0)
(-10.3429 3.65749 0)
(-8.13172 8.04868 0)
(-4.00215 11.3248 0)
(0.971602 12.182 0)
(5.70357 10.6865 0)
(9.98485 7.52634 0)
(12.8296 3.65922 0)
(14.1189 -0.295049 0)
(13.7426 -3.90006 0)
(12.1114 -6.40068 0)
(9.98794 -7.9276 0)
(7.15837 -8.93281 0)
(4.13154 -9.38559 0)
(0.854501 -9.63111 0)
(-2.92863 -9.59117 0)
(-7.09791 -9.17458 0)
(-11.2974 -7.96934 0)
(-15.1177 -6.31018 0)
(-18.2078 -4.44159 0)
(-20.2954 -2.46007 0)
(-21.1366 -0.350424 0)
(-20.7633 1.67569 0)
(-19.2341 3.40167 0)
(-16.8721 4.68917 0)
(-14.0231 5.64515 0)
(-10.936 6.34107 0)
(-7.8613 6.66816 0)
(-4.87727 6.91333 0)
(-2.17491 6.66049 0)
(0.236797 6.27515 0)
(2.31204 5.81095 0)
(4.07256 5.24687 0)
(5.53648 4.58453 0)
(6.8102 3.9977 0)
(7.94946 3.38702 0)
(8.96156 2.77846 0)
(9.81647 2.20964 0)
(10.5161 1.71235 0)
(11.0816 1.28261 0)
(11.5334 0.909305 0)
(11.8854 0.572025 0)
(12.1388 0.237669 0)
(12.2741 -0.136769 0)
(12.2714 -0.599491 0)
(12.0903 -1.19478 0)
(11.6495 -1.95402 0)
(10.8553 -2.88888 0)
(9.61136 -3.96344 0)
(7.87773 -5.11115 0)
(5.6214 -6.23354 0)
(2.77823 -7.11758 0)
(-0.404541 -7.6902 0)
(-3.71779 -7.90632 0)
(-4.48151 -7.73784 0)
(-8.34965 -9.65288 0)
(-13.8363 -11.3902 0)
(-20.1942 -12.2758 0)
(-30.7641 -11.741 0)
(-42.826 -10.2897 0)
(-54.8244 -8.09433 0)
(-66.9789 -5.42509 0)
(-76.7861 -2.50891 0)
(-83.4067 0.063445 0)
(-88.1168 2.36709 0)
(-77.5774 4.69352 0)
(-60.1801 12.0412 0)
(-31.935 5.38054 0)
(8.42318 -0.997412 0)
(21.2895 -2.97376 0)
(17.7261 9.06315 0)
(15.9266 34.3675 0)
(27.4067 99.0052 0)
(65.8799 114.949 0)
(131.586 88.1065 0)
(179.136 43.5684 0)
(187.827 6.46955 0)
(178.009 -26.8838 0)
(142.399 -59.8309 0)
(92.7078 -80.8625 0)
(38.7484 -86.3649 0)
(-14.3792 -77.4349 0)
(-54.0828 -58.0117 0)
(-81.4806 -33.3735 0)
(-95.8482 -11.9863 0)
(-98.3152 3.07547 0)
(-89.8521 12.6984 0)
(-75.2009 17.2324 0)
(-59.2303 19.5886 0)
(-43.9487 21.168 0)
(-29.3997 22.0359 0)
(-15.634 22.2527 0)
(-2.30917 21.3858 0)
(10.3218 17.9322 0)
(20.9375 13.496 0)
(27.9006 8.2387 0)
(30.2051 2.55668 0)
(29.1521 -3.04492 0)
(24.8617 -8.01111 0)
(17.4916 -12.0318 0)
(8.19664 -14.8428 0)
(-2.00408 -16.5239 0)
(-12.0358 -17.0468 0)
(-21.7896 -16.001 0)
(-30.8558 -13.3131 0)
(-37.968 -9.36436 0)
(-42.8549 -4.74865 0)
(-44.9945 -0.476086 0)
(-44.1907 4.53645 0)
(-40.1088 9.90072 0)
(-31.9737 15.5026 0)
(-19.9994 20.4172 0)
(-5.18328 24.6196 0)
(11.1772 22.9392 0)
(25.6813 18.8713 0)
(36.7726 12.9989 0)
(42.2908 5.93739 0)
(42.5346 -1.72192 0)
(38.2789 -9.49571 0)
(30.0345 -14.3592 0)
(20.8563 -16.0517 0)
(11.6834 -14.0733 0)
(3.30952 -10.8339 0)
(-3.00161 -7.33649 0)
(-6.82416 -3.96414 0)
(-8.25866 -0.585793 0)
(-7.53803 2.6157 0)
(-4.90957 5.20792 0)
(-0.697845 6.835 0)
(4.41261 6.94258 0)
(8.76717 5.91652 0)
(12.0802 4.29737 0)
(13.9775 2.20231 0)
(14.3521 -0.130639 0)
(13.3561 -2.22822 0)
(11.3213 -3.76255 0)
(8.74075 -4.79486 0)
(5.51098 -5.51562 0)
(1.92472 -5.62566 0)
(-1.68509 -5.767 0)
(-5.43767 -5.75114 0)
(-9.21387 -5.45327 0)
(-12.7309 -4.83808 0)
(-15.7057 -3.94368 0)
(-17.9644 -2.83787 0)
(-19.388 -1.59057 0)
(-19.9438 -0.241479 0)
(-19.59 1.07672 0)
(-18.4039 2.20775 0)
(-16.5587 3.0639 0)
(-14.248 3.63767 0)
(-11.6347 3.95717 0)
(-8.86882 4.05591 0)
(-6.07125 3.98312 0)
(-3.33917 3.80746 0)
(-0.7827 3.52402 0)
(1.5457 3.19994 0)
(3.60315 2.88899 0)
(5.46615 2.69912 0)
(7.17626 2.40005 0)
(8.56402 2.06568 0)
(9.73491 1.75036 0)
(10.6933 1.45222 0)
(11.4446 1.17836 0)
(12.0104 0.932556 0)
(12.4064 0.71389 0)
(12.633 0.5084 0)
(12.7125 0.292753 0)
(12.6563 0.0420106 0)
(12.4365 -0.269021 0)
(12.013 -0.661343 0)
(11.3321 -1.14828 0)
(10.327 -1.73215 0)
(8.93486 -2.39037 0)
(7.13242 -3.08664 0)
(4.94276 -3.78637 0)
(2.27272 -4.43357 0)
(-0.791762 -4.72621 0)
(-3.93084 -4.74455 0)
(-14.8427 -3.59613 0)
(-21.0657 -4.10374 0)
(-28.3324 -4.10106 0)
(-37.4166 -2.60881 0)
(-42.1249 -0.0751644 0)
(-45.6148 2.42869 0)
(-47.9407 3.80527 0)
(-49.3485 3.33202 0)
(-49.6741 0.867777 0)
(-49.8551 -4.03238 0)
(-55.3682 -13.2651 0)
(-64.8982 -16.058 0)
(-80.9592 -6.69717 0)
(-84.2576 -4.12434 0)
(-74.8544 9.21998 0)
(-71.3608 24.1732 0)
(-56.72 25.9639 0)
(-31.8834 25.4022 0)
(8.59655 26.0259 0)
(72.504 27.7673 0)
(135.585 28.3468 0)
(189.753 22.1526 0)
(221.6 3.59846 0)
(204.209 -17.6811 0)
(172.088 -24.9887 0)
(125.211 -29.3421 0)
(65.9273 -30.1493 0)
(9.31208 -27.9042 0)
(-35.5803 -20.8249 0)
(-70.4417 -12.2408 0)
(-84.3528 -5.06993 0)
(-90.941 0.172588 0)
(-87.3199 4.27088 0)
(-77.6528 6.76746 0)
(-64.4537 7.873 0)
(-49.6081 7.85845 0)
(-35.0358 7.17656 0)
(-19.7786 6.56019 0)
(-6.36974 6.48417 0)
(5.65641 6.15411 0)
(15.8182 4.81523 0)
(23.6181 3.37284 0)
(28.6205 1.53993 0)
(29.8444 -0.481009 0)
(26.7439 -2.27233 0)
(20.5144 -3.82858 0)
(11.5374 -5.03097 0)
(0.67055 -5.86367 0)
(-9.75036 -6.32717 0)
(-19.4437 -5.92214 0)
(-29.4775 -4.83855 0)
(-37.8776 -3.42726 0)
(-44.3588 -1.83611 0)
(-46.9564 -0.602073 0)
(-46.0473 1.24909 0)
(-41.5527 3.27843 0)
(-32.9417 5.29376 0)
(-20.3477 6.91089 0)
(-6.92629 8.71281 0)
(7.52351 7.88171 0)
(22.0719 6.52353 0)
(33.5105 4.84569 0)
(40.9089 2.58689 0)
(43.3172 -0.196778 0)
(39.3316 -2.89409 0)
(31.1665 -4.64051 0)
(21.8158 -5.30637 0)
(12.906 -4.73623 0)
(4.13691 -3.72933 0)
(-2.35074 -2.57402 0)
(-6.29401 -1.35224 0)
(-7.99205 -0.182118 0)
(-7.32501 0.877752 0)
(-4.51574 1.75389 0)
(-0.602993 2.44177 0)
(4.04527 2.43756 0)
(8.67326 2.09003 0)
(12.5354 1.54479 0)
(15.0477 0.809017 0)
(15.9697 -0.0190652 0)
(15.2732 -0.755805 0)
(13.1462 -1.30275 0)
(9.95263 -1.6705 0)
(6.66566 -2.07501 0)
(3.30212 -1.92292 0)
(-0.62387 -1.89717 0)
(-4.52755 -1.8724 0)
(-8.32185 -1.77509 0)
(-11.8203 -1.57227 0)
(-14.8171 -1.28492 0)
(-17.1555 -0.937164 0)
(-18.7229 -0.549476 0)
(-19.4496 -0.139374 0)
(-19.3207 0.256642 0)
(-18.4066 0.602096 0)
(-16.8434 0.874888 0)
(-14.7893 1.07191 0)
(-12.4173 1.20079 0)
(-9.87361 1.26744 0)
(-7.2684 1.28868 0)
(-4.6981 1.25266 0)
(-2.24278 1.17767 0)
(0.0554516 1.09381 0)
(2.19449 1.01994 0)
(3.99795 1.02239 0)
(5.58438 0.847377 0)
(7.05356 0.711507 0)
(8.35079 0.592214 0)
(9.45969 0.489829 0)
(10.391 0.402463 0)
(11.1581 0.329399 0)
(11.7793 0.268227 0)
(12.2795 0.208976 0)
(12.6478 0.140863 0)
(12.8634 0.0574866 0)
(12.8922 -0.0469112 0)
(12.6831 -0.177952 0)
(12.1719 -0.341044 0)
(11.2877 -0.538561 0)
(9.96258 -0.761998 0)
(8.14261 -0.996241 0)
(5.78874 -1.23088 0)
(3.20404 -1.55745 0)
(0.46946 -1.59884 0)
(-2.57292 -1.5428 0)
(-5.73 128.765 0)
(-10.2039 127.085 0)
(-15.6967 114.034 0)
(-23.3578 85.4737 0)
(-19.8611 38.8463 0)
(-23.5998 -25.9985 0)
(-26.7261 -105.011 0)
(-42.2044 -208.408 0)
(-67.3228 -296.121 0)
(-65.7163 -356.14 0)
(-59.7971 -371.967 0)
(-44.655 -354.739 0)
(-26.4944 -314.983 0)
(1.84157 -262.107 0)
(41.5643 -208.658 0)
(86.7651 -165.934 0)
(129.165 -129.857 0)
(163.88 -92.8745 0)
(174.18 -65.0395 0)
(155.924 -24.1579 0)
(116.276 95.9852 0)
(32.4866 225.293 0)
(-79.7291 364.773 0)
(-152.176 468.222 0)
(-192.595 505.144 0)
(-199.573 483.429 0)
(-184.092 430.449 0)
(-155.583 360.266 0)
(-119.782 283.993 0)
(-81.865 208.738 0)
(-45.3249 137.988 0)
(-12.3504 77.6955 0)
(18.0602 38.1389 0)
(44.4381 -4.68399 0)
(84.9673 -33.8424 0)
(121.889 -23.1609 0)
(148.459 7.35312 0)
(160.626 35.4376 0)
(156.002 42.4346 0)
(142.208 20.8391 0)
(115.147 -38.8811 0)
(73.4105 -122.249 0)
(32.5815 -212.235 0)
(-5.88101 -293.168 0)
(-41.6851 -353.883 0)
(-71.9771 -386.08 0)
(-91.3085 -380.755 0)
(-101.283 -347.948 0)
(-101.997 -294.244 0)
(-93.1221 -227.327 0)
(-76.3813 -157.034 0)
(-54.5547 -91.6188 0)
(-29.9534 -39.9943 0)
(-5.12049 -7.03993 0)
(24.0024 34.0098 0)
(49.0901 40.1873 0)
(58.6239 30.5213 0)
(59.4609 18.5473 0)
(54.156 12.27 0)
(39.3872 21.685 0)
(17.9496 50.0941 0)
(-3.64468 95.2259 0)
(-23.5866 149.496 0)
(-41.0484 204.946 0)
(-55.7507 252.839 0)
(-65.8246 284.083 0)
(-66.678 286.704 0)
(-60.8036 269.273 0)
(-50.2312 236.61 0)
(-36.17 192.977 0)
(-20.4276 144.081 0)
(-5.06652 93.3308 0)
(10.1757 45.876 0)
(30.9429 9.55304 0)
(52.6766 -27.525 0)
(66.9411 -44.1773 0)
(68.5904 -46.5094 0)
(65.2527 -43.9502 0)
(58.9425 -42.4956 0)
(48.354 -47.0942 0)
(34.9443 -59.817 0)
(21.4982 -81.2322 0)
(8.5636 -108.43 0)
(-3.58673 -138.073 0)
(-14.94 -166.389 0)
(-24.9252 -188.266 0)
(-31.3585 -197.366 0)
(-33.1865 -191.115 0)
(-31.8376 -174.362 0)
(-27.8922 -149.222 0)
(-22.3457 -117.743 0)
(-16.1877 -83.0412 0)
(-9.06897 -49.7151 0)
(-1.19766 -22.5007 0)
(8.28106 -3.35183 0)
(17.6407 34.2613 0)
(18.9071 49.8421 0)
(17.4193 60.3971 0)
(12.5681 70.401 0)
(7.23044 79.9013 0)
(1.42991 90.1813 0)
(-5.89809 101.632 0)
(-12.3448 114.208 0)
(-18.5958 127.098 0)
(-23.8146 137.702 0)
(-26.3984 140.966 0)
(-25.7468 135.431 0)
(-21.9864 123.015 0)
(-15.6792 105.481 0)
(-8.5801 84.3302 0)
(-1.51823 60.3898 0)
(3.50217 36.291 0)
(7.73106 16.5917 0)
(16.9155 -1.99547 0)
(25.5416 -25.206 0)
(30.5466 -42.809 0)
(31.0981 -56.1218 0)
(27.0193 -66.2314 0)
(22.4488 -74.9795 0)
(15.5287 -82.8161 0)
(8.85614 -89.6392 0)
(2.83624 -95.9147 0)
(-2.49533 -101.775 0)
(-6.91072 -105.435 0)
(15.1695 127.313 0)
(16.6518 129.204 0)
(15.1874 115.283 0)
(14.8822 81.3608 0)
(15.8237 28.9755 0)
(18.7882 -40.3216 0)
(10.054 -98.8688 0)
(9.50519 -191.646 0)
(-8.80279 -281.64 0)
(-40.3237 -352.072 0)
(-56.2955 -377.618 0)
(-51.3902 -374.457 0)
(-42.9442 -341.154 0)
(-20.466 -297.502 0)
(8.06547 -251.339 0)
(37.4676 -207.311 0)
(61.8583 -164.485 0)
(77.3175 -120.151 0)
(70.9843 -58.5029 0)
(33.8742 46.9198 0)
(-53.7571 175.124 0)
(-140.874 318.645 0)
(-214.572 442.08 0)
(-258.752 512.148 0)
(-259.783 510.237 0)
(-231.811 464.321 0)
(-185.52 394.477 0)
(-132.376 316.238 0)
(-81.1157 238.748 0)
(-35.8799 165.759 0)
(5.35058 103.593 0)
(36.1971 47.1049 0)
(71.1991 9.02691 0)
(105.203 -49.6535 0)
(134.611 -65.9146 0)
(162.719 -52.6188 0)
(189.568 -14.7498 0)
(207.453 27.3745 0)
(206.62 49.7817 0)
(191.563 40.2608 0)
(166.236 -3.98591 0)
(125.782 -80.652 0)
(77.7127 -169.372 0)
(32.9016 -252.416 0)
(-9.22458 -316.322 0)
(-47.3154 -354.155 0)
(-76.9782 -359.704 0)
(-96.7907 -336.022 0)
(-107.852 -292.469 0)
(-108.838 -235.366 0)
(-100.755 -173.177 0)
(-85.1872 -114.321 0)
(-65.3913 -65.2108 0)
(-45.5496 -24.3351 0)
(-25.988 3.57938 0)
(-3.19284 23.8654 0)
(11.1189 24.556 0)
(13.8679 19.8121 0)
(5.16243 22.0387 0)
(-9.70387 39.1361 0)
(-28.296 70.9588 0)
(-47.4162 115.103 0)
(-64.3669 166.735 0)
(-78.2338 218.805 0)
(-88.663 262.599 0)
(-91.0571 285.045 0)
(-81.8637 279.299 0)
(-65.5597 256.205 0)
(-44.4152 219.345 0)
(-21.6082 173.457 0)
(-0.0880953 122.884 0)
(21.0925 73.8673 0)
(49.432 25.3636 0)
(73.6112 -17.8666 0)
(94.0043 -41.4139 0)
(103.573 -50.0291 0)
(102.951 -45.9409 0)
(97.385 -37.8057 0)
(87.4156 -31.908 0)
(75.0406 -33.4367 0)
(60.5503 -45.5401 0)
(45.286 -66.8813 0)
(31.3029 -94.9335 0)
(17.8593 -125.392 0)
(4.65847 -154.507 0)
(-8.10034 -177.896 0)
(-19.1624 -190.318 0)
(-26.9703 -187.131 0)
(-32.1678 -173.172 0)
(-34.8677 -150.217 0)
(-35.2591 -120.894 0)
(-33.1042 -88.6579 0)
(-27.9014 -57.6762 0)
(-21.3728 -30.924 0)
(-18.7314 -5.42563 0)
(-12.8796 25.3597 0)
(-8.14445 47.5282 0)
(-6.52518 63.4642 0)
(-8.44447 74.6221 0)
(-12.9867 85.0478 0)
(-17.7775 95.9942 0)
(-22.6685 107.536 0)
(-27.677 119.828 0)
(-32.6017 132.124 0)
(-35.5112 141.203 0)
(-34.005 140.375 0)
(-29.2597 131.168 0)
(-21.2194 114.698 0)
(-10.8395 95.3184 0)
(-0.243143 75.5236 0)
(5.29338 54.2945 0)
(16.8371 33.03 0)
(30.1499 7.2898 0)
(43.1817 -15.7039 0)
(52.8904 -33.5438 0)
(54.9917 -45.469 0)
(50.7005 -52.9771 0)
(42.4896 -59.4494 0)
(32.7769 -66.4838 0)
(23.0514 -73.7371 0)
(13.9625 -81.1056 0)
(5.86419 -88.5641 0)
(-1.14757 -95.6684 0)
(-7.02564 -100.866 0)
(-11.4903 -100.679 0)
(-14.8568 -95.7936 0)
(39.4097 126.471 0)
(49.225 127.283 0)
(55.4765 111.401 0)
(67.8391 78.5288 0)
(78.9693 30.8052 0)
(81.6394 -29.4012 0)
(74.6101 -98.358 0)
(59.9587 -182.235 0)
(35.6892 -259.347 0)
(-0.735075 -321.076 0)
(-29.7807 -370.34 0)
(-51.2826 -378.307 0)
(-48.693 -353.382 0)
(-46.4501 -317.903 0)
(-33.7213 -270.79 0)
(-23.8546 -218.534 0)
(-24.4746 -162.35 0)
(-46.5942 -94.6906 0)
(-94.7688 -0.504067 0)
(-162.804 115.966 0)
(-234.943 253.997 0)
(-293.967 386.618 0)
(-333.92 484.04 0)
(-332.547 513.446 0)
(-290.628 477.799 0)
(-226.084 410.256 0)
(-154.912 331.988 0)
(-87.624 255.678 0)
(-28.9453 186.282 0)
(18.3815 122.032 0)
(58.7966 58.4762 0)
(97.7695 16.3116 0)
(130.258 -33.3492 0)
(154.737 -71.5863 0)
(172.812 -91.3107 0)
(194.119 -79.9675 0)
(219.812 -37.5488 0)
(241.472 17.9503 0)
(246.615 57.6504 0)
(232.471 61.5946 0)
(206.045 29.9514 0)
(171.069 -34.0903 0)
(119.127 -120.106 0)
(67.1343 -205.313 0)
(19.1833 -272.789 0)
(-24.5876 -315.129 0)
(-61.7588 -329.776 0)
(-88.9478 -315.005 0)
(-107.8 -281.37 0)
(-117.109 -234.33 0)
(-117.117 -181.136 0)
(-109.288 -128.741 0)
(-96.4055 -82.1252 0)
(-81.2538 -43.8506 0)
(-64.8713 -13.3025 0)
(-48.6935 4.86756 0)
(-38.0515 15.2851 0)
(-35.994 22.9081 0)
(-43.6711 34.8715 0)
(-57.4205 56.3396 0)
(-73.8379 89.0556 0)
(-89.7237 131.628 0)
(-103.088 180.211 0)
(-113.824 228.877 0)
(-119.881 266.814 0)
(-112.869 276.115 0)
(-93.6193 261.394 0)
(-66.0672 231.445 0)
(-34.7311 192.42 0)
(-5.10731 146.6 0)
(22.218 97.9011 0)
(57.9267 46.0028 0)
(88.7142 -5.69105 0)
(114.773 -39.765 0)
(132.181 -55.8509 0)
(137.331 -53.7341 0)
(133.695 -41.4299 0)
(123.944 -28.0108 0)
(110.223 -19.186 0)
(95.219 -18.7032 0)
(80.6651 -30.0049 0)
(64.6284 -51.8095 0)
(49.91 -80.4375 0)
(35.7493 -111.226 0)
(20.9686 -140.264 0)
(5.69901 -163.871 0)
(-9.26421 -178.006 0)
(-22.1607 -177.479 0)
(-32.6323 -166.005 0)
(-40.4546 -145.866 0)
(-45.2448 -119.602 0)
(-46.584 -90.4181 0)
(-44.7734 -61.7106 0)
(-42.5085 -35.0122 0)
(-42.1949 -7.18143 0)
(-38.8696 20.9444 0)
(-35.4246 44.1221 0)
(-33.2208 62.0234 0)
(-32.9639 76.3467 0)
(-34.3204 88.4997 0)
(-36.634 99.832 0)
(-39.887 111.832 0)
(-43.7842 124.466 0)
(-46.7474 135.449 0)
(-45.2264 138.75 0)
(-38.619 134.145 0)
(-28.9657 122.433 0)
(-15.8901 105.506 0)
(-7.96527 85.7342 0)
(3.67646 65.0898 0)
(24.4758 42.1911 0)
(43.9347 13.2373 0)
(61.8964 -10.7263 0)
(73.8368 -26.7794 0)
(76.6717 -36.4486 0)
(71.2009 -40.6664 0)
(61.9725 -43.5448 0)
(50.6596 -48.2505 0)
(38.5787 -55.3895 0)
(26.9179 -63.2095 0)
(16.6927 -71.7496 0)
(7.74082 -80.4781 0)
(-0.0754955 -88.6364 0)
(-6.96696 -94.7595 0)
(-12.7978 -95.9366 0)
(-17.6602 -91.7577 0)
(67.1443 120.717 0)
(86.8648 119.595 0)
(111.562 100.256 0)
(141.712 63.9952 0)
(171.435 21.6657 0)
(192.704 -23.3564 0)
(196.913 -79.4904 0)
(178.068 -145.953 0)
(136.923 -215.472 0)
(77.8401 -279.231 0)
(19.026 -322.679 0)
(-36.7207 -339.706 0)
(-76.7076 -337.585 0)
(-98.2618 -303.698 0)
(-117.451 -255.227 0)
(-142.313 -199.525 0)
(-177.603 -129.257 0)
(-226.529 -42.3166 0)
(-283.103 62.1248 0)
(-336.923 180.636 0)
(-378.426 304.655 0)
(-405.555 415.769 0)
(-404.137 481.374 0)
(-352.425 467.859 0)
(-272.731 406.519 0)
(-182.432 328.672 0)
(-97.1134 254.279 0)
(-25.9568 186.882 0)
(28.35 128.665 0)
(81.3984 77.6777 0)
(123.677 23.5595 0)
(155.869 -22.2228 0)
(180.597 -57.3931 0)
(195.02 -87.4209 0)
(201.675 -106.862 0)
(210.524 -101.259 0)
(229.668 -61.5786 0)
(253.384 1.82401 0)
(268.853 58.5267 0)
(260.658 79.5452 0)
(237.504 59.9145 0)
(203.334 9.51073 0)
(159.738 -66.4524 0)
(101.601 -150.734 0)
(46.5065 -222.763 0)
(-2.27857 -270.905 0)
(-45.1233 -293.009 0)
(-78.186 -288.178 0)
(-102.527 -263.156 0)
(-118.621 -225.584 0)
(-125.917 -181.176 0)
(-125.471 -135.653 0)
(-119.337 -93.4951 0)
(-109.579 -57.3351 0)
(-98.2297 -28.641 0)
(-88.468 -6.42049 0)
(-82.7218 11.1384 0)
(-82.9991 26.5945 0)
(-90.5196 45.1856 0)
(-102.29 70.5696 0)
(-115.401 103.957 0)
(-127.575 144.703 0)
(-138.119 190.463 0)
(-146.74 235.065 0)
(-146.292 262.633 0)
(-128.725 257.892 0)
(-99.003 232.6 0)
(-60.7905 196.463 0)
(-21.2162 156.378 0)
(13.6066 112.185 0)
(55.0375 63.1632 0)
(93.5015 7.73855 0)
(128.363 -35.8032 0)
(154.078 -61.4652 0)
(166.228 -65.2891 0)
(165.025 -51.7972 0)
(156.3 -31.9449 0)
(141.984 -13.808 0)
(125.026 -3.0501 0)
(107.992 -2.61146 0)
(92.7374 -13.8792 0)
(78.1476 -36.6987 0)
(62.8544 -65.5407 0)
(48.4964 -96.0799 0)
(33.1421 -124.295 0)
(16.3823 -147.103 0)
(-1.28352 -161.311 0)
(-18.1781 -163.122 0)
(-32.8343 -154.143 0)
(-44.6225 -137.185 0)
(-52.976 -114.392 0)
(-57.8784 -88.4289 0)
(-60.097 -61.6445 0)
(-61.6869 -34.9771 0)
(-63.0395 -7.93918 0)
(-61.7492 18.3822 0)
(-59.7786 41.3467 0)
(-57.6515 60.378 0)
(-56.2198 75.9671 0)
(-55.9216 89.3125 0)
(-56.9004 101.845 0)
(-59.0962 114.554 0)
(-61.4023 126.829 0)
(-60.3644 134.078 0)
(-53.8369 132.308 0)
(-43.8951 124.001 0)
(-27.1341 110.966 0)
(-12.8711 92.1611 0)
(0.998403 70.0196 0)
(26.6258 46.0946 0)
(58.5691 15.0686 0)
(79.3665 -8.43451 0)
(93.2598 -23.3757 0)
(95.6143 -29.9735 0)
(89.1986 -31.1513 0)
(78.4429 -30.7386 0)
(65.514 -31.3392 0)
(52.389 -35.0723 0)
(39.8312 -42.6959 0)
(27.7471 -51.612 0)
(17.5321 -61.534 0)
(8.60436 -71.6183 0)
(0.549638 -80.7735 0)
(-6.93686 -87.6145 0)
(-13.795 -89.8391 0)
(-19.8365 -86.4071 0)
(75.8441 91.6548 0)
(106.499 90.2095 0)
(152.329 67.8655 0)
(199.431 27.897 0)
(238.594 -11.0349 0)
(270.912 -42.5897 0)
(293.078 -74.2533 0)
(290.837 -109.562 0)
(259.213 -147.312 0)
(194.273 -192.048 0)
(104.435 -238.496 0)
(10.0338 -273.872 0)
(-75.2539 -288.703 0)
(-149.984 -267.442 0)
(-211.349 -219.623 0)
(-267.283 -155.53 0)
(-320.81 -78.2077 0)
(-370.362 9.70642 0)
(-410.482 104.966 0)
(-437.408 206.664 0)
(-454.64 314.954 0)
(-458.467 411.235 0)
(-401.767 430.549 0)
(-311.667 384.549 0)
(-206.516 306.459 0)
(-105.251 231.415 0)
(-24.2738 171.678 0)
(37.7002 126.659 0)
(98.5041 79.2871 0)
(144.95 27.4932 0)
(179.685 -14.6658 0)
(203.157 -46.3672 0)
(217.603 -71.355 0)
(223.076 -92.8997 0)
(219.187 -108.012 0)
(212.868 -107.784 0)
(218.451 -80.6797 0)
(238.202 -20.9596 0)
(261.847 49.3238 0)
(271.595 91.0727 0)
(256.81 85.8103 0)
(227.856 45.8769 0)
(189.401 -16.4478 0)
(138.706 -93.5819 0)
(78.0754 -165.011 0)
(24.9332 -219.527 0)
(-25.9169 -250.515 0)
(-64.0056 -256.941 0)
(-92.5296 -239.426 0)
(-113.994 -210.308 0)
(-127.417 -174.245 0)
(-133.581 -135.661 0)
(-133.99 -98.5235 0)
(-130.408 -65.2086 0)
(-125.627 -36.2172 0)
(-122.462 -11.1359 0)
(-121.322 10.4955 0)
(-124.441 31.0484 0)
(-131.633 54.0136 0)
(-140.971 81.5219 0)
(-151.004 114.79 0)
(-161.392 154.527 0)
(-171.924 199.071 0)
(-177.322 238.734 0)
(-162.207 247.145 0)
(-132.086 228.255 0)
(-91.6415 190.352 0)
(-47.4802 149.67 0)
(-8.47558 115.492 0)
(42.5447 75.7518 0)
(87.632 17.6853 0)
(133.118 -32.9993 0)
(168.994 -66.9139 0)
(188.678 -78.4737 0)
(189.737 -67.1302 0)
(181.914 -43.7906 0)
(167.177 -17.5319 0)
(148.744 3.89471 0)
(129.549 15.1831 0)
(111.79 14.2994 0)
(96.8116 1.57444 0)
(84.2536 -21.9961 0)
(70.1507 -51.0577 0)
(56.432 -80.905 0)
(41.0393 -107.769 0)
(23.4709 -128.946 0)
(4.40038 -142.214 0)
(-14.7496 -145.348 0)
(-32.2211 -138.683 0)
(-47.1997 -124.977 0)
(-59.0385 -105.724 0)
(-67.5359 -82.8162 0)
(-73.4839 -57.9773 0)
(-78.1055 -32.3105 0)
(-80.9516 -6.63108 0)
(-81.4015 17.7158 0)
(-80.6296 39.6353 0)
(-78.9746 58.4924 0)
(-77.3854 74.5981 0)
(-76.7743 89.107 0)
(-77.7076 103.051 0)
(-79.59 116.415 0)
(-79.1755 126.257 0)
(-71.9745 127.324 0)
(-58.7285 121.187 0)
(-41.5431 108.088 0)
(-21.6703 90.9235 0)
(4.12365 71.9885 0)
(37.7559 45.1339 0)
(68.6752 12.261 0)
(93.2421 -11.9999 0)
(107.112 -24.0542 0)
(106.912 -26.0584 0)
(99.3041 -23.0936 0)
(87.3607 -19.0365 0)
(73.8507 -16.5641 0)
(60.6801 -17.1425 0)
(48.8643 -21.7371 0)
(38.2414 -30.468 0)
(27.7144 -40.7536 0)
(18.6441 -52.0368 0)
(10.3354 -63.1832 0)
(2.28815 -72.9081 0)
(-5.71454 -79.9685 0)
(-13.58 -82.7724 0)
(-20.7451 -80.0012 0)
)
;

boundaryField
{
    inlet
    {
        type            calculated;
        value           nonuniform List<vector> 0();
    }
    outlet
    {
        type            calculated;
        value           nonuniform List<vector> 0();
    }
    topWall
    {
        type            calculated;
        value           uniform (0 0 0);
    }
    lowerWall
    {
        type            calculated;
        value           nonuniform List<vector> 0();
    }
    leadingEdge
    {
        type            calculated;
        value           nonuniform List<vector> 0();
    }
    trailingEdge
    {
        type            calculated;
        value           nonuniform List<vector> 0();
    }
    upperSurface
    {
        type            calculated;
        value           nonuniform List<vector> 0();
    }
    lowerSurface
    {
        type            calculated;
        value           nonuniform List<vector> 0();
    }
    frontAndBack
    {
        type            empty;
    }
    procBoundary5to0
    {
        type            processor;
        value           uniform (-22.7376 122.241 0);
    }
    procBoundary5to1
    {
        type            processor;
        value           nonuniform List<vector> 
126
(
(-33.811 117.281 0)
(-46.2919 102.186 0)
(-57.7182 73.8271 0)
(-73.6715 23.0607 0)
(-73.3406 -34.898 0)
(-80.4725 -122.476 0)
(-87.8224 -214.979 0)
(-86.573 -291.042 0)
(-75.7124 -346.219 0)
(-56.7906 -366.904 0)
(-41.8227 -342.039 0)
(-23.2733 -290.754 0)
(5.29082 -224.756 0)
(41.7714 -157.512 0)
(90.5494 -105.601 0)
(149.878 -75.5848 0)
(217.8 -65.9217 0)
(271.082 -56.5844 0)
(279.193 -29.9997 0)
(231.263 40.0075 0)
(161.348 135.678 0)
(95.8932 260.959 0)
(-39.2698 387.469 0)
(-106.094 462.308 0)
(-143.95 471.154 0)
(-157.477 437.171 0)
(-153.547 380.974 0)
(-138.148 312.967 0)
(-115.238 241.315 0)
(-87.9199 173.022 0)
(-58.0306 113.834 0)
(-29.1076 61.825 0)
(2.70662 26.2241 0)
(34.7936 12.3686 0)
(70.4054 13.5302 0)
(94.4797 25.1413 0)
(101.669 33.2275 0)
(95.5794 29.2738 0)
(82.8983 0.854182 0)
(54.0853 -77.9558 0)
(16.8026 -161.084 0)
(-18.3896 -249.092 0)
(-50.6404 -327.071 0)
(-78.9253 -383.45 0)
(-98.1164 -406.852 0)
(-104.334 -390.797 0)
(-100.868 -347.65 0)
(-88.1649 -284.533 0)
(-68.7684 -209.485 0)
(-45.4604 -132.673 0)
(-20.393 -66.5644 0)
(5.28672 -18.3932 0)
(42.7865 34.4122 0)
(77.007 60.6655 0)
(98.3771 57.0079 0)
(107.337 36.4411 0)
(107.133 14.364 0)
(97.7388 0.473867 0)
(82.9687 2.51735 0)
(63.024 27.8743 0)
(38.6429 72.7584 0)
(16.4181 129.258 0)
(-3.9252 187.119 0)
(-22.6747 237.719 0)
(-39.1246 273.211 0)
(-49.8818 284.498 0)
(-53.9588 272.14 0)
(-53.4865 243.883 0)
(-48.7776 203.249 0)
(-40.9776 155.509 0)
(-30.9674 105.38 0)
(-18.4792 59.6405 0)
(-3.86357 25.6794 0)
(10.1298 -1.20859 0)
(25.5579 -36.89 0)
(32.366 -46.4982 0)
(31.4642 -47.343 0)
(25.566 -50.3022 0)
(17.6618 -57.5689 0)
(6.72207 -72.2426 0)
(-5.21479 -93.8559 0)
(-16.6923 -120.334 0)
(-27.2715 -148.939 0)
(-36.8177 -175.962 0)
(-43.7201 -195.125 0)
(-44.5817 -198.312 0)
(-39.9085 -188.247 0)
(-31.3395 -168.063 0)
(-20.3013 -141.169 0)
(-8.2616 -109.743 0)
(2.22152 -75.1756 0)
(12.3375 -42.0209 0)
(25.1653 -12.4747 0)
(38.106 14.6955 0)
(46.3564 34.302 0)
(47.5276 48.8052 0)
(44.7812 57.6924 0)
(38.0101 64.3611 0)
(28.4636 72.2856 0)
(18.3081 82.1623 0)
(8.65684 93.7787 0)
(-0.0903521 106.883 0)
(-7.92264 120.473 0)
(-14.9099 132.373 0)
(-19.9795 138.618 0)
(-22.1965 135.684 0)
(-22.1655 125.85 0)
(-20.1849 109.958 0)
(-17.0551 89.4279 0)
(-13.6921 65.6956 0)
(-9.91088 41.1084 0)
(-4.75713 19.9148 0)
(0.633697 7.44427 0)
(7.96006 -21.5923 0)
(7.80827 -41.0569 0)
(9.67721 -55.9278 0)
(7.7981 -68.6119 0)
(4.4664 -78.4036 0)
(3.16438 -86.5088 0)
(0.875034 -93.6627 0)
(-2.62602 -100.114 0)
(-6.37121 -105.856 0)
(-8.91118 -108.716 0)
(-10.0614 -103.908 0)
(-10.0614 -103.908 0)
(-12.0082 -98.06 0)
)
;
    }
    procBoundary5to4
    {
        type            processor;
        value           nonuniform List<vector> 
15
(
(20.0834 27.7086 0)
(30.6913 22.2954 0)
(27.6423 9.9926 0)
(22.7111 2.26801 0)
(18.6381 -2.61686 0)
(15.6074 -5.85627 0)
(11.6438 -7.35915 0)
(6.69931 -7.48786 0)
(-1.6404 -5.9792 0)
(-9.94519 -2.88367 0)
(-2.86852 126.485 0)
(11.6649 124.47 0)
(27.457 116.031 0)
(46.8511 97.2164 0)
(46.2747 76.4881 0)
)
;
    }
    procBoundary5to6
    {
        type            processor;
        value           nonuniform List<vector> 
15
(
(-20.4693 -72.4427 0)
(-20.4693 -72.4427 0)
(-19.0654 -63.4873 0)
(-16.9093 -52.6456 0)
(-16.6187 -40.4869 0)
(-16.4322 -27.3651 0)
(-13.6711 -17.0582 0)
(-9.18168 -11.2722 0)
(-7.01711 -7.69029 0)
(-7.03434 -4.54551 0)
(-5.66404 -1.46145 0)
(-17.4351 -86.4159 0)
(-21.8025 -83.2507 0)
(-25.1401 -78.9053 0)
(-27.1551 -73.4748 0)
)
;
    }
}


// ************************************************************************* //
