/*--------------------------------*- C++ -*----------------------------------*\
| =========                 |                                                 |
| \\      /  F ield         | OpenFOAM: The Open Source CFD Toolbox           |
|  \\    /   O peration     | Version:  2206                                  |
|   \\  /    A nd           | Website:  www.openfoam.com                      |
|    \\/     M anipulation  |                                                 |
\*---------------------------------------------------------------------------*/
FoamFile
{
    version     2.0;
    format      ascii;
    arch        "LSB;label=32;scalar=64";
    class       surfaceScalarField;
    location    "18.5001";
    object      ddtCorrDdt0(phi);
}
// * * * * * * * * * * * * * * * * * * * * * * * * * * * * * * * * * * * * * //

dimensions      [0 3 -2 0 0 0 0];

oriented        oriented;

internalField   nonuniform List<scalar> 
3494
(
7.02858e-06
4.88939e-05
-6.40997e-05
2.22164e-05
4.25833e-05
-5.77712e-05
3.63379e-05
3.52368e-05
-4.93584e-05
4.85646e-05
2.7665e-05
-3.98916e-05
5.81469e-05
2.01915e-05
-2.97738e-05
6.47544e-05
1.29947e-05
-1.96022e-05
6.84005e-05
6.17198e-06
-9.8181e-06
6.92235e-05
-2.05553e-07
-6.17397e-07
6.7586e-05
-6.31289e-06
7.95032e-06
6.39324e-05
-1.23846e-05
1.60382e-05
5.85776e-05
-1.83991e-05
2.37539e-05
5.17518e-05
-2.42689e-05
3.10947e-05
4.35834e-05
-2.99011e-05
3.80694e-05
3.4191e-05
-3.52237e-05
4.46161e-05
2.38896e-05
-4.00811e-05
5.03826e-05
1.27608e-05
-4.3597e-05
5.47258e-05
1.83206e-06
-4.59188e-05
5.68475e-05
-8.73274e-06
-4.55932e-05
5.6158e-05
-1.85791e-05
-4.2915e-05
5.27613e-05
-2.73386e-05
-3.81673e-05
4.69268e-05
-3.47222e-05
-3.16829e-05
3.90665e-05
-4.0573e-05
-2.39007e-05
2.97514e-05
-4.49862e-05
-1.53153e-05
1.97285e-05
-4.81962e-05
-6.38604e-06
9.59601e-06
-5.03146e-05
2.64903e-06
-5.30673e-07
-5.12403e-05
1.15799e-05
-1.06542e-05
-5.08949e-05
2.00063e-05
-2.03516e-05
-4.9038e-05
2.72119e-05
-2.90689e-05
-4.53893e-05
3.28094e-05
-3.6458e-05
-3.99263e-05
3.65724e-05
-4.20355e-05
-3.29703e-05
3.86135e-05
-4.55696e-05
-2.48272e-05
3.89449e-05
-4.7088e-05
-1.60042e-05
3.79699e-05
-4.67929e-05
-6.91614e-06
3.57953e-05
-4.48834e-05
2.17161e-06
3.25049e-05
-4.15926e-05
1.13221e-05
2.79223e-05
-3.70728e-05
2.01671e-05
2.24918e-05
-3.13367e-05
2.81102e-05
1.65765e-05
-2.45197e-05
3.4777e-05
1.07059e-05
-1.73727e-05
3.98553e-05
5.08648e-06
-1.01648e-05
4.32725e-05
-2.03812e-07
-3.21339e-06
4.50572e-05
-5.19834e-06
3.41368e-06
4.52058e-05
-9.86977e-06
9.72122e-06
4.37016e-05
-1.41104e-05
1.56146e-05
4.07454e-05
-1.79281e-05
2.08843e-05
3.66177e-05
-2.1459e-05
2.55867e-05
3.14831e-05
-2.46524e-05
2.9787e-05
2.54594e-05
-2.74431e-05
3.34668e-05
1.8742e-05
-2.97383e-05
3.64557e-05
1.15711e-05
-3.13665e-05
3.85374e-05
4.30091e-06
-3.20409e-05
3.93111e-05
-2.75269e-06
-3.15213e-05
3.85749e-05
-9.34059e-06
-2.96664e-05
3.62543e-05
-1.52982e-05
-2.64704e-05
3.24281e-05
-2.04957e-05
-2.21201e-05
2.73176e-05
-2.47824e-05
-1.69389e-05
2.12256e-05
-2.80805e-05
-1.12194e-05
1.45175e-05
-3.04661e-05
-5.2353e-06
7.62091e-06
-3.20074e-05
8.06565e-07
7.34734e-07
-3.26482e-05
6.78105e-06
-6.14022e-06
-3.2307e-05
1.25032e-05
-1.28444e-05
-3.09854e-05
1.76682e-05
-1.89899e-05
-2.86618e-05
2.20105e-05
-2.4334e-05
-2.53207e-05
2.54305e-05
-2.87716e-05
-2.1041e-05
2.77847e-05
-3.20643e-05
-1.60216e-05
2.91129e-05
-3.41324e-05
-1.05911e-05
2.93651e-05
-3.47956e-05
-4.95549e-06
2.85735e-05
-3.42091e-05
6.91772e-07
2.68117e-05
-3.2459e-05
6.20628e-06
2.41661e-05
-2.96806e-05
1.14975e-05
2.07283e-05
-2.60195e-05
1.63805e-05
1.67635e-05
-2.16465e-05
2.05749e-05
1.25302e-05
-1.67246e-05
2.38578e-05
8.18664e-06
-1.14695e-05
2.61608e-05
3.91634e-06
-6.21937e-06
2.74823e-05
-8.14168e-08
-1.24002e-06
2.77871e-05
-3.72168e-06
3.41691e-06
2.70613e-05
-7.0446e-06
7.77033e-06
2.53688e-05
-1.00461e-05
1.17386e-05
2.28526e-05
-1.2689e-05
1.52052e-05
1.96472e-05
-1.49736e-05
1.81789e-05
1.58856e-05
-1.69298e-05
2.06915e-05
1.17225e-05
-1.8494e-05
2.2657e-05
7.32649e-06
-1.9456e-05
2.3852e-05
2.88044e-06
-1.96659e-05
2.41119e-05
-1.51452e-06
-1.90397e-05
2.34346e-05
-5.71088e-06
-1.76861e-05
2.18825e-05
-9.56502e-06
-1.56827e-05
1.95368e-05
-1.29515e-05
-1.31243e-05
1.65108e-05
-1.58016e-05
-1.0115e-05
1.29651e-05
-1.81053e-05
-6.8234e-06
9.12703e-06
-1.98847e-05
-3.40534e-06
5.18476e-06
-2.11641e-05
1.23859e-08
1.26706e-06
-2.19073e-05
3.31796e-06
-2.57479e-06
-2.19388e-05
6.34472e-06
-6.31327e-06
-2.11075e-05
8.93156e-06
-9.76278e-06
-1.9442e-05
1.09702e-05
-1.26358e-05
-1.70604e-05
1.23825e-05
-1.47641e-05
-1.40696e-05
1.3137e-05
-1.61278e-05
-1.0655e-05
1.33179e-05
-1.67325e-05
-7.05969e-06
1.30541e-05
-1.66494e-05
-3.5073e-06
1.24132e-05
-1.59656e-05
-1.23887e-07
1.13916e-05
-1.4775e-05
3.30749e-06
9.70196e-06
-1.31333e-05
6.64793e-06
7.67813e-06
-1.10186e-05
9.71519e-06
5.37382e-06
-8.44109e-06
1.23527e-05
3.01321e-06
-5.65067e-06
1.44767e-05
6.52737e-07
-2.77675e-06
1.60381e-05
-1.674e-06
1.12614e-07
1.69752e-05
-3.92402e-06
2.98691e-06
1.72016e-05
-5.98251e-06
5.75608e-06
1.66955e-05
-7.80266e-06
8.30878e-06
1.55104e-05
-9.38042e-06
1.05655e-05
1.37458e-05
-1.07342e-05
1.24988e-05
1.14866e-05
-1.18691e-05
1.41283e-05
8.90472e-06
-1.27191e-05
1.5301e-05
6.03304e-06
-1.32486e-05
1.61203e-05
3.0538e-06
-1.34187e-05
1.63979e-05
-3.87333e-08
-1.29894e-05
1.6082e-05
-3.20878e-06
-1.2428e-05
1.5598e-05
-1.01142e-05
1.31364e-05
1.98411e-05
3.28979e-05
3.43899e-05
2.80345e-05
4.6555e-05
2.30717e-05
5.59896e-05
1.82304e-05
6.26149e-05
1.35662e-05
6.65465e-05
9.06308e-06
6.80038e-05
4.7147e-06
6.73862e-05
4.12044e-07
6.50893e-05
-4.01601e-06
6.13076e-05
-8.60288e-06
5.61889e-05
-1.32805e-05
4.98286e-05
-1.79086e-05
4.22836e-05
-2.23561e-05
3.35394e-05
-2.64795e-05
2.37333e-05
-3.0275e-05
1.33072e-05
-3.3171e-05
2.31042e-06
-3.4922e-05
-8.79623e-06
-3.44865e-05
-1.95572e-05
-3.2154e-05
-2.95148e-05
-2.82096e-05
-3.83119e-05
-2.28858e-05
-4.56998e-05
-1.65128e-05
-5.15583e-05
-9.45678e-06
-5.58792e-05
-2.06514e-06
-5.85846e-05
5.35445e-06
-5.93404e-05
1.23357e-05
-5.77219e-05
1.83877e-05
-5.36886e-05
2.31786e-05
-4.75478e-05
2.66686e-05
-3.96938e-05
2.87184e-05
-3.0517e-05
2.94367e-05
-2.06359e-05
2.90638e-05
-1.05029e-05
2.78369e-05
-3.7222e-07
2.56647e-05
9.76307e-06
2.23696e-05
1.93218e-05
1.83635e-05
2.77675e-05
1.40461e-05
3.46156e-05
9.7284e-06
3.97568e-05
5.56466e-06
4.32338e-05
1.60954e-06
4.51589e-05
-2.12896e-06
4.56198e-05
-5.65918e-06
4.46655e-05
-8.91551e-06
4.24601e-05
-1.1905e-05
3.92277e-05
-1.46957e-05
3.50479e-05
-1.72792e-05
3.00048e-05
-1.96093e-05
2.4177e-05
-2.16153e-05
1.7684e-05
-2.32453e-05
1.06776e-05
-2.43601e-05
3.39034e-06
-2.47536e-05
-3.9519e-06
-2.4179e-05
-1.11483e-05
-2.247e-05
-1.78576e-05
-1.97611e-05
-2.38089e-05
-1.61688e-05
-2.8821e-05
-1.19269e-05
-3.27795e-05
-7.26089e-06
-3.56396e-05
-2.37524e-06
-3.73776e-05
2.54456e-06
-3.78777e-05
7.28113e-06
-3.69698e-05
1.15954e-05
-3.46165e-05
1.5315e-05
-3.09576e-05
1.83516e-05
-2.61925e-05
2.06653e-05
-2.05829e-05
2.21751e-05
-1.43494e-05
2.28794e-05
-7.73943e-06
2.27551e-05
-9.66014e-07
2.18001e-05
5.78659e-06
2.00591e-05
1.21587e-05
1.7794e-05
1.78152e-05
1.50719e-05
2.25319e-05
1.20468e-05
2.61689e-05
8.89313e-06
2.86214e-05
5.73411e-06
2.98294e-05
2.70841e-06
2.99215e-05
-1.73505e-07
2.90832e-05
-2.88341e-06
2.7424e-05
-5.38536e-06
2.50306e-05
-7.65273e-06
2.20014e-05
-9.65979e-06
1.84429e-05
-1.14151e-05
1.4464e-05
-1.29509e-05
1.01676e-05
-1.41976e-05
5.62259e-06
-1.49109e-05
8.86546e-07
-1.49298e-05
-3.85582e-06
-1.42973e-05
-8.422e-06
-1.31199e-05
-1.26577e-05
-1.1447e-05
-1.64319e-05
-9.35002e-06
-1.96255e-05
-6.92142e-06
-2.21682e-05
-4.28073e-06
-2.39985e-05
-1.57507e-06
-2.49905e-05
1.00438e-06
-2.49996e-05
3.32707e-06
-2.40127e-05
5.35788e-06
-2.21194e-05
7.03824e-06
-1.94283e-05
8.27919e-06
-1.60724e-05
9.02656e-06
-1.22391e-05
9.30378e-06
-8.18108e-06
9.25978e-06
-4.2177e-06
9.09076e-06
-2.53361e-07
8.4489e-06
3.79882e-06
7.33943e-06
7.69673e-06
5.80405e-06
1.12061e-05
4.16876e-06
1.41098e-05
2.47008e-06
1.6358e-05
7.65008e-07
1.79301e-05
-9.1933e-07
1.87855e-05
-2.52934e-06
1.88581e-05
-3.99664e-06
1.81889e-05
-5.3133e-06
1.69065e-05
-6.52032e-06
1.51264e-05
-7.60029e-06
1.29314e-05
-8.5392e-06
1.03871e-05
-9.32478e-06
7.57835e-06
-9.91033e-06
4.51701e-06
-1.01873e-05
1.24743e-06
-1.01491e-05
-2.16309e-06
-9.57892e-06
-5.60963e-06
-8.98145e-06
-6.92004e-06
2.78853e-05
2.09656e-05
3.77412e-05
1.81786e-05
4.54382e-05
1.53747e-05
5.10765e-05
1.25921e-05
5.48019e-05
9.84077e-06
5.67622e-05
7.10271e-06
5.72055e-05
4.27141e-06
5.63661e-05
1.25144e-06
5.43331e-05
-1.98301e-06
5.11265e-05
-5.39623e-06
4.67517e-05
-8.90571e-06
4.12425e-05
-1.23993e-05
3.46093e-05
-1.57229e-05
2.69006e-05
-1.87708e-05
1.79884e-05
-2.13628e-05
8.41102e-06
-2.35936e-05
-1.89637e-06
-2.46146e-05
-1.25111e-05
-2.38717e-05
-2.27753e-05
-2.18899e-05
-3.22154e-05
-1.87695e-05
-4.04343e-05
-1.46669e-05
-4.71187e-05
-9.8285e-06
-5.20281e-05
-4.54736e-06
-5.4937e-05
8.43785e-07
-5.54898e-05
5.90723e-06
-5.35344e-05
1.03803e-05
-4.93244e-05
1.41777e-05
-4.32765e-05
1.71307e-05
-3.57629e-05
1.9155e-05
-2.73176e-05
2.0273e-05
-1.84013e-05
2.05205e-05
-9.41947e-06
2.0082e-05
-5.53207e-07
1.89706e-05
8.01991e-06
1.70915e-05
1.5941e-05
1.44485e-05
2.27304e-05
1.1574e-05
2.81788e-05
8.59773e-06
3.22965e-05
5.61072e-06
3.51821e-05
2.67903e-06
3.69348e-05
-1.4311e-07
3.76335e-05
-2.82768e-06
3.73255e-05
-5.35119e-06
3.60829e-05
-7.67291e-06
3.40033e-05
-9.82534e-06
3.11217e-05
-1.18141e-05
2.74554e-05
-1.36129e-05
2.3026e-05
-1.51799e-05
1.78928e-05
-1.64821e-05
1.21275e-05
-1.748e-05
5.84345e-06
-1.8076e-05
-8.00827e-07
-1.81094e-05
-7.60028e-06
-1.73796e-05
-1.42389e-05
-1.58314e-05
-2.03664e-05
-1.36336e-05
-2.56782e-05
-1.0857e-05
-2.99634e-05
-7.64166e-06
-3.30729e-05
-4.15134e-06
-3.48879e-05
-5.60284e-07
-3.52679e-05
2.92457e-06
-3.41546e-05
6.1678e-06
-3.16674e-05
9.10821e-06
-2.80142e-05
1.16618e-05
-2.34085e-05
1.37458e-05
-1.80592e-05
1.5316e-05
-1.22054e-05
1.63213e-05
-6.05567e-06
1.67298e-05
1.79378e-07
1.65201e-05
6.19756e-06
1.57819e-05
1.16993e-05
1.45574e-05
1.64456e-05
1.30476e-05
2.02642e-05
1.12532e-05
2.30749e-05
9.23614e-06
2.48671e-05
7.10099e-06
2.57102e-05
4.89098e-06
2.57413e-05
2.67733e-06
2.50511e-05
5.16685e-07
2.3715e-05
-1.54734e-06
2.18037e-05
-3.47403e-06
1.93768e-05
-5.22582e-06
1.64925e-05
-6.77551e-06
1.32002e-05
-8.1227e-06
9.53723e-06
-9.28797e-06
5.54857e-06
-1.02089e-05
1.27344e-06
-1.06358e-05
-3.1167e-06
-1.05397e-05
-7.38074e-06
-1.00333e-05
-1.13562e-05
-9.14447e-06
-1.48952e-05
-7.90799e-06
-1.78583e-05
-6.38695e-06
-2.01149e-05
-4.66481e-06
-2.15457e-05
-2.84992e-06
-2.20461e-05
-1.07472e-06
-2.16335e-05
5.91802e-07
-2.04125e-05
2.10606e-06
-1.84673e-05
3.41272e-06
-1.59016e-05
4.47252e-06
-1.28627e-05
5.24024e-06
-9.52483e-06
5.68874e-06
-6.05612e-06
5.83507e-06
-2.60512e-06
5.80879e-06
8.19286e-07
5.66636e-06
4.26448e-06
5.0037e-06
7.52287e-06
4.08104e-06
1.02841e-05
3.04278e-06
1.25034e-05
1.94953e-06
1.41496e-05
8.23852e-07
1.52222e-05
-3.07635e-07
1.57086e-05
-1.40567e-06
1.55999e-05
-2.42063e-06
1.49651e-05
-3.36186e-06
1.39001e-05
-4.24826e-06
1.24501e-05
-5.07035e-06
1.06671e-05
-5.81733e-06
8.59153e-06
-6.46359e-06
6.21848e-06
-6.95174e-06
3.54787e-06
-7.23971e-06
6.41366e-07
-7.28075e-06
-2.41951e-06
-7.08821e-06
-5.50383e-06
-6.4946e-06
-8.53527e-06
-5.95001e-06
-4.26142e-06
2.28587e-05
1.42842e-05
2.83026e-05
1.27347e-05
3.25599e-05
1.11174e-05
3.57376e-05
9.41435e-06
3.79402e-05
7.6382e-06
3.92091e-05
5.83384e-06
3.96228e-05
3.85765e-06
3.9209e-05
1.66527e-06
3.7923e-05
-6.97034e-07
3.57119e-05
-3.18515e-06
3.25401e-05
-5.73386e-06
2.83949e-05
-8.25417e-06
2.33005e-05
-1.06285e-05
1.72606e-05
-1.27308e-05
1.03719e-05
-1.44742e-05
2.62371e-06
-1.58455e-05
-5.64537e-06
-1.63455e-05
-1.38593e-05
-1.56579e-05
-2.15285e-05
-1.42207e-05
-2.82506e-05
-1.20474e-05
-3.36741e-05
-9.24328e-06
-3.7519e-05
-5.98365e-06
-3.95806e-05
-2.48573e-06
-3.9759e-05
1.0222e-06
-3.81917e-05
4.33995e-06
-3.51734e-05
7.36193e-06
-3.09446e-05
9.94894e-06
-2.58037e-05
1.19898e-05
-2.00673e-05
1.34186e-05
-1.40282e-05
1.42339e-05
-7.95058e-06
1.44429e-05
-1.96449e-06
1.40959e-05
3.77782e-06
1.32283e-05
9.1222e-06
1.17471e-05
1.37122e-05
9.85849e-06
1.75045e-05
7.7818e-06
2.05168e-05
5.58537e-06
2.27799e-05
3.34762e-06
2.43227e-05
1.13627e-06
2.51802e-05
-1.00056e-06
2.53815e-05
-3.02898e-06
2.4948e-05
-4.91772e-06
2.39174e-05
-6.64229e-06
2.22974e-05
-8.20536e-06
2.00835e-05
-9.60026e-06
1.72663e-05
-1.07957e-05
1.38705e-05
-1.17841e-05
9.95238e-06
-1.2564e-05
5.56545e-06
-1.30931e-05
7.91573e-07
-1.33022e-05
-4.22632e-06
-1.30915e-05
-9.23691e-06
-1.2369e-05
-1.39012e-05
-1.11671e-05
-1.79897e-05
-9.54507e-06
-2.12929e-05
-7.55383e-06
-2.36499e-05
-5.28467e-06
-2.49517e-05
-2.84953e-06
-2.51426e-05
-3.69373e-07
-2.42804e-05
2.06234e-06
-2.24992e-05
4.38668e-06
-1.99214e-05
6.53042e-06
-1.66859e-05
8.42625e-06
-1.29518e-05
1.00117e-05
-8.87724e-06
1.12415e-05
-4.63823e-06
1.20823e-05
-4.17444e-07
1.2509e-05
3.60507e-06
1.24975e-05
7.2756e-06
1.21114e-05
1.04382e-05
1.13949e-05
1.30605e-05
1.04253e-05
1.51004e-05
9.21332e-06
1.65542e-05
7.78231e-06
1.74561e-05
6.19913e-06
1.78191e-05
4.52803e-06
1.76723e-05
2.82404e-06
1.70504e-05
1.13867e-06
1.59857e-05
-4.82674e-07
1.45147e-05
-2.00307e-06
1.26787e-05
-3.38976e-06
1.0519e-05
-4.61584e-06
8.05785e-06
-5.66155e-06
5.28708e-06
-6.51719e-06
2.24288e-06
-7.16475e-06
-9.05107e-07
-7.48778e-06
-3.95134e-06
-7.49345e-06
-6.79498e-06
-7.18962e-06
-9.31304e-06
-6.62641e-06
-1.13936e-05
-5.82742e-06
-1.2951e-05
-4.82952e-06
-1.39212e-05
-3.69464e-06
-1.42828e-05
-2.48831e-06
-1.40788e-05
-1.2787e-06
-1.33634e-05
-1.23575e-07
-1.21865e-05
9.29119e-07
-1.06184e-05
1.8446e-06
-8.73639e-06
2.59053e-06
-6.63588e-06
3.13973e-06
-4.43233e-06
3.4852e-06
-2.22348e-06
3.62621e-06
2.23541e-10
3.58508e-06
2.2953e-06
3.37128e-06
4.41859e-06
2.88042e-06
6.22281e-06
2.27681e-06
7.67543e-06
1.59016e-06
8.77451e-06
8.50454e-07
9.50934e-06
8.90248e-08
9.86938e-06
-6.67675e-07
9.85848e-06
-1.39478e-06
9.51708e-06
-2.07923e-06
8.88998e-06
-2.73476e-06
7.98906e-06
-3.34734e-06
6.82351e-06
-3.90479e-06
5.40018e-06
-4.39399e-06
3.73206e-06
-4.79547e-06
1.84765e-06
-5.06733e-06
-2.08188e-07
-5.18388e-06
-2.35417e-06
-5.13477e-06
-4.51838e-06
-4.924e-06
-6.61193e-06
-4.40105e-06
-8.59974e-06
-3.96219e-06
-2.59932e-06
1.20153e-05
1.06259e-05
1.51564e-05
9.59361e-06
1.77991e-05
8.47472e-06
1.99374e-05
7.2761e-06
2.16505e-05
5.92511e-06
2.2775e-05
4.70933e-06
2.33803e-05
3.25232e-06
2.34387e-05
1.60687e-06
2.29021e-05
-1.60439e-07
2.17182e-05
-2.00128e-06
1.98501e-05
-3.86577e-06
1.72756e-05
-5.67962e-06
1.40232e-05
-7.37609e-06
1.01707e-05
-8.87831e-06
5.79105e-06
-1.00945e-05
8.95404e-07
-1.09498e-05
-4.2124e-06
-1.12377e-05
-9.09442e-06
-1.07758e-05
-1.35203e-05
-9.79482e-06
-1.72587e-05
-8.30901e-06
-2.01252e-05
-6.37677e-06
-2.19962e-05
-4.11271e-06
-2.28224e-05
-1.65951e-06
-2.26372e-05
8.37053e-07
-2.15555e-05
3.25815e-06
-1.97019e-05
5.50833e-06
-1.71947e-05
7.44181e-06
-1.41765e-05
8.97152e-06
-1.07986e-05
1.00407e-05
-7.22494e-06
1.06603e-05
-3.57638e-06
1.07943e-05
4.34477e-08
1.04761e-05
3.52009e-06
9.75165e-06
6.66132e-06
8.60592e-06
9.36283e-06
7.15698e-06
1.16089e-05
5.53572e-06
1.33748e-05
3.81944e-06
1.46531e-05
2.06941e-06
1.54548e-05
3.3448e-07
1.58005e-05
-1.34621e-06
1.57108e-05
-2.93926e-06
1.52084e-05
-4.4153e-06
1.43176e-05
-5.75148e-06
1.30399e-05
-6.92775e-06
1.13597e-05
-7.91998e-06
9.3169e-06
-8.75295e-06
6.96144e-06
-9.42863e-06
4.32134e-06
-9.92386e-06
1.44206e-06
-1.02138e-05
-1.6008e-06
-1.02593e-05
-4.69604e-06
-9.99623e-06
-7.66108e-06
-9.40395e-06
-1.03405e-05
-8.48766e-06
-1.26156e-05
-7.26999e-06
-1.4379e-05
-5.79044e-06
-1.55571e-05
-4.10656e-06
-1.61184e-05
-2.28821e-06
-1.60829e-05
-4.04966e-07
-1.54937e-05
1.47318e-06
-1.43952e-05
3.28822e-06
-1.28469e-05
4.98207e-06
-1.09165e-05
6.49591e-06
-8.68332e-06
7.77851e-06
-6.23299e-06
8.79115e-06
-3.65831e-06
9.50761e-06
-1.05721e-06
9.90786e-06
1.457e-06
9.98333e-06
3.80914e-06
9.75921e-06
5.93987e-06
9.26413e-06
7.82718e-06
8.53801e-06
9.43013e-06
7.61038e-06
1.07059e-05
6.50653e-06
1.16231e-05
5.28197e-06
1.21675e-05
3.98358e-06
1.23413e-05
2.65029e-06
1.21552e-05
1.32473e-06
1.16257e-05
4.67883e-08
1.0778e-05
-1.15533e-06
9.64204e-06
-2.25379e-06
8.25309e-06
-3.22689e-06
6.64682e-06
-4.05528e-06
4.85008e-06
-4.72045e-06
2.88699e-06
-5.20167e-06
8.66574e-07
-5.46736e-06
-1.11596e-06
-5.51092e-06
-2.9628e-06
-5.34277e-06
-4.59325e-06
-4.99596e-06
-5.94981e-06
-4.47086e-06
-6.98769e-06
-3.79164e-06
-7.67188e-06
-3.01045e-06
-7.98848e-06
-2.17172e-06
-7.95831e-06
-1.30887e-06
-7.61355e-06
-4.68332e-07
-6.97856e-06
2.94133e-07
-6.09213e-06
9.58163e-07
-5.00286e-06
1.50126e-06
-3.77012e-06
1.907e-06
-2.45607e-06
2.17114e-06
-1.13018e-06
2.30033e-06
1.5608e-07
2.29882e-06
1.46995e-06
2.05741e-06
2.63507e-06
1.7153e-06
3.60628e-06
1.30561e-06
4.36651e-06
8.29931e-07
4.90422e-06
3.12749e-07
5.21363e-06
-2.20387e-07
5.29856e-06
-7.52606e-07
5.17439e-06
-1.27061e-06
4.86126e-06
-1.7661e-06
4.36313e-06
-2.23664e-06
3.68841e-06
-2.67262e-06
2.84658e-06
-3.06296e-06
1.84829e-06
-3.3957e-06
7.08568e-07
-3.65574e-06
-5.37177e-07
-3.82158e-06
-1.84412e-06
-3.87694e-06
-3.17876e-06
-3.80013e-06
-4.50984e-06
-3.59291e-06
-5.77958e-06
-3.13131e-06
-6.98643e-06
-2.75535e-06
-1.58755e-06
4.97467e-06
8.09979e-06
7.2098e-06
7.35848e-06
9.15346e-06
6.53105e-06
1.0804e-05
5.62556e-06
1.21753e-05
4.55383e-06
1.32734e-05
3.61118e-06
1.40717e-05
2.454e-06
1.44644e-05
1.21423e-06
1.44252e-05
-1.21306e-07
1.39286e-05
-1.50461e-06
1.29809e-05
-2.91814e-06
1.15692e-05
-4.26783e-06
9.72012e-06
-5.52706e-06
7.46587e-06
-6.62406e-06
4.85394e-06
-7.48256e-06
1.9299e-06
-8.02578e-06
-1.13781e-06
-8.16999e-06
-4.08128e-06
-7.83238e-06
-6.78196e-06
-7.09414e-06
-9.10825e-06
-5.98272e-06
-1.09438e-05
-4.54121e-06
-1.22039e-05
-2.85262e-06
-1.2848e-05
-1.0154e-06
-1.28783e-05
8.67331e-07
-1.23219e-05
2.70171e-06
-1.12127e-05
4.39919e-06
-9.63985e-06
5.86894e-06
-7.70913e-06
7.04079e-06
-5.44624e-06
7.77782e-06
-3.08748e-06
8.30154e-06
-6.81167e-07
8.38802e-06
1.68798e-06
8.10692e-06
3.93886e-06
7.50077e-06
5.9478e-06
6.59698e-06
7.64693e-06
5.45785e-06
9.01145e-06
4.17119e-06
1.00258e-05
2.80509e-06
1.06834e-05
1.41184e-06
1.09876e-05
3.02178e-08
1.09523e-05
-1.3109e-06
1.0593e-05
-2.5799e-06
9.92934e-06
-3.75169e-06
8.99018e-06
-4.81232e-06
7.80701e-06
-5.74458e-06
6.37872e-06
-6.49169e-06
4.78887e-06
-7.16311e-06
3.02782e-06
-7.66758e-06
1.1198e-06
-8.01584e-06
-9.03339e-07
-8.19064e-06
-2.99989e-06
-8.16275e-06
-5.09298e-06
-7.90314e-06
-7.09934e-06
-7.39759e-06
-8.93866e-06
-6.64834e-06
-1.05352e-05
-5.67345e-06
-1.18228e-05
-4.50289e-06
-1.27521e-05
-3.17723e-06
-1.3295e-05
-1.74531e-06
-1.34296e-05
-2.70318e-07
-1.31522e-05
1.19579e-06
-1.24797e-05
2.61569e-06
-1.14359e-05
3.93826e-06
-1.00571e-05
5.11713e-06
-8.39036e-06
6.11175e-06
-6.49144e-06
6.89222e-06
-4.42324e-06
7.4394e-06
-2.25575e-06
7.74038e-06
-7.00121e-08
7.79759e-06
2.04914e-06
7.64006e-06
4.01805e-06
7.29522e-06
5.78446e-06
6.7716e-06
7.31815e-06
6.07669e-06
8.61002e-06
5.21467e-06
9.6178e-06
4.27418e-06
1.03159e-05
3.28548e-06
1.06946e-05
2.27156e-06
1.07633e-05
1.2561e-06
1.05425e-05
2.67604e-07
1.00522e-05
-6.65064e-07
9.31405e-06
-1.51566e-06
8.35767e-06
-2.27052e-06
7.21562e-06
-2.91323e-06
5.92345e-06
-3.42828e-06
4.52117e-06
-3.79938e-06
3.06457e-06
-4.01077e-06
1.61242e-06
-4.05876e-06
2.23768e-07
-3.95412e-06
-1.0582e-06
-3.714e-06
-2.17486e-06
-3.35419e-06
-3.07572e-06
-2.89079e-06
-3.7451e-06
-2.34107e-06
-4.18001e-06
-1.7368e-06
-4.36373e-06
-1.12515e-06
-4.30894e-06
-5.23126e-07
-4.04696e-06
3.21529e-08
-3.60774e-06
5.18945e-07
-3.02882e-06
9.22334e-07
-2.34783e-06
1.22601e-06
-1.60322e-06
1.42653e-06
-8.21491e-07
1.51859e-06
-1.9234e-08
1.49657e-06
7.04371e-07
1.3338e-06
1.32989e-06
1.08978e-06
1.84453e-06
7.90968e-07
2.22878e-06
4.45691e-07
2.47475e-06
6.67788e-08
2.58163e-06
-3.27272e-07
2.55143e-06
-7.22404e-07
2.38968e-06
-1.10885e-06
2.10265e-06
-1.47907e-06
1.69399e-06
-1.82798e-06
1.16986e-06
-2.14849e-06
5.38437e-07
-2.43153e-06
-1.90512e-07
-2.66675e-06
-1.00435e-06
-2.8419e-06
-1.88406e-06
-2.94188e-06
-2.80663e-06
-2.95436e-06
-3.74913e-06
-2.85763e-06
-4.68629e-06
-2.65576e-06
-5.56511e-06
-2.25249e-06
-6.41482e-06
-1.90563e-06
-8.79731e-07
2.37049e-06
5.92666e-06
4.34055e-06
5.38842e-06
6.10445e-06
4.76716e-06
7.66114e-06
4.06887e-06
8.89628e-06
3.31869e-06
9.97794e-06
2.52951e-06
1.07848e-05
1.64717e-06
1.12494e-05
7.49626e-07
1.13748e-05
-2.46695e-07
1.11347e-05
-1.26453e-06
1.05161e-05
-2.29955e-06
9.51941e-06
-3.27113e-06
8.1608e-06
-4.16845e-06
6.46818e-06
-4.93144e-06
4.4916e-06
-5.50598e-06
2.30623e-06
-5.84042e-06
2.03103e-08
-5.88407e-06
-2.20823e-06
-5.60384e-06
-4.27595e-06
-5.02642e-06
-6.08152e-06
-4.17714e-06
-7.52998e-06
-3.09276e-06
-8.54894e-06
-1.83365e-06
-9.09034e-06
-4.74002e-07
-9.13976e-06
9.16747e-07
-8.70299e-06
2.26494e-06
-7.81653e-06
3.51272e-06
-6.57439e-06
4.6268e-06
-5.05389e-06
5.52028e-06
-3.00915e-06
5.73307e-06
-1.11982e-06
6.4122e-06
8.62766e-07
6.40543e-06
2.81753e-06
6.15216e-06
4.65318e-06
5.66511e-06
6.28337e-06
4.96679e-06
7.64088e-06
4.10034e-06
8.69421e-06
3.11786e-06
9.42881e-06
2.0705e-06
9.83558e-06
1.00507e-06
9.91324e-06
-4.74506e-08
9.6718e-06
-1.06946e-06
9.13394e-06
-2.04204e-06
8.33604e-06
-2.95379e-06
7.31695e-06
-3.79324e-06
6.12111e-06
-4.54874e-06
4.59639e-06
-4.96697e-06
3.0131e-06
-5.57982e-06
1.27419e-06
-5.92867e-06
-5.61997e-07
-6.17966e-06
-2.46108e-06
-6.29156e-06
-4.38439e-06
-6.23944e-06
-6.27586e-06
-6.01166e-06
-8.06989e-06
-5.60357e-06
-9.69842e-06
-5.0198e-06
-1.10975e-05
-4.27433e-06
-1.22104e-05
-3.39004e-06
-1.29899e-05
-2.39772e-06
-1.34006e-05
-1.33463e-06
-1.34307e-05
-2.4023e-07
-1.30828e-05
8.47949e-07
-1.23646e-05
1.89747e-06
-1.12999e-05
2.87351e-06
-9.92594e-06
3.74322e-06
-8.2926e-06
4.47841e-06
-6.45877e-06
5.05839e-06
-4.48648e-06
5.46712e-06
-2.4384e-06
5.69229e-06
-3.77455e-07
5.73665e-06
1.64028e-06
5.62232e-06
3.55478e-06
5.38073e-06
5.296e-06
5.03038e-06
6.79606e-06
4.57664e-06
8.0911e-06
3.91962e-06
9.12009e-06
3.2452e-06
9.86946e-06
2.53611e-06
1.03367e-05
1.80429e-06
1.05228e-05
1.06999e-06
1.04342e-05
3.56263e-07
1.00928e-05
-3.23692e-07
9.52845e-06
-9.51302e-07
8.7642e-06
-1.50627e-06
7.82844e-06
-1.97747e-06
6.75622e-06
-2.35605e-06
5.58758e-06
-2.63073e-06
4.36868e-06
-2.79187e-06
3.14773e-06
-2.83782e-06
1.96919e-06
-2.77558e-06
8.68338e-07
-2.61315e-06
-1.24371e-07
-2.36149e-06
-9.79495e-07
-2.03567e-06
-1.666e-06
-1.65457e-06
-2.15765e-06
-1.24515e-06
-2.45735e-06
-8.25456e-07
-2.57256e-06
-4.07912e-07
-2.51464e-06
-2.57717e-08
-2.31945e-06
3.23758e-07
-2.01074e-06
6.13625e-07
-1.60035e-06
8.15621e-07
-1.12366e-06
9.49838e-07
-6.09203e-07
1.00414e-06
-9.25658e-08
9.79928e-07
3.63069e-07
8.7817e-07
7.53989e-07
6.98855e-07
1.05973e-06
4.85224e-07
1.26987e-06
2.35552e-07
1.37799e-06
-4.13399e-08
1.37834e-06
-3.27616e-07
1.27008e-06
-6.14151e-07
1.05739e-06
-8.96161e-07
7.45226e-07
-1.1669e-06
3.37811e-07
-1.42056e-06
-1.59666e-07
-1.65101e-06
-7.39927e-07
-1.85127e-06
-1.39314e-06
-2.01354e-06
-2.10605e-06
-2.129e-06
-2.86054e-06
-2.18739e-06
-3.63577e-06
-2.17913e-06
-4.40405e-06
-2.08936e-06
-5.14132e-06
-1.91848e-06
-5.8055e-06
-1.58831e-06
-6.43359e-06
-1.27754e-06
-4.10562e-07
1.91078e-06
3.87052e-06
3.77904e-06
3.52015e-06
5.43536e-06
3.11084e-06
6.86487e-06
2.63936e-06
8.03665e-06
2.14691e-06
8.95817e-06
1.60799e-06
9.58003e-06
1.0253e-06
9.90989e-06
4.19767e-07
9.90636e-06
-2.43168e-07
9.55525e-06
-9.13415e-07
8.83476e-06
-1.57906e-06
7.7757e-06
-2.21208e-06
6.39535e-06
-2.7881e-06
4.73324e-06
-3.26933e-06
2.8494e-06
-3.62214e-06
8.25767e-07
-3.81679e-06
-1.23833e-06
-3.81997e-06
-3.22347e-06
-3.6187e-06
-5.02619e-06
-3.2237e-06
-6.55134e-06
-2.652e-06
-7.71346e-06
-1.93063e-06
-8.4425e-06
-1.10462e-06
-8.70843e-06
-2.08075e-07
-8.50184e-06
7.10147e-07
-7.83847e-06
1.60158e-06
-6.7524e-06
2.42664e-06
-5.2765e-06
3.1509e-06
-3.4925e-06
3.73628e-06
-1.69865e-06
3.93922e-06
4.22525e-07
4.29103e-06
2.50017e-06
4.32779e-06
4.48173e-06
4.1706e-06
6.29529e-06
3.85154e-06
7.87465e-06
3.38743e-06
9.16463e-06
2.81036e-06
1.01301e-05
2.15239e-06
1.07547e-05
1.44585e-06
1.10365e-05
7.23365e-07
1.09884e-05
5.95125e-10
1.06173e-05
-6.98371e-07
9.93436e-06
-1.35908e-06
8.95502e-06
-1.97445e-06
7.71108e-06
-2.5493e-06
6.22755e-06
-3.06521e-06
4.71304e-06
-3.45245e-06
2.90477e-06
-3.77155e-06
9.30873e-07
-3.95478e-06
-1.08568e-06
-4.16311e-06
-3.13107e-06
-4.24616e-06
-5.16015e-06
-4.21037e-06
-7.11604e-06
-4.05576e-06
-8.93756e-06
-3.78205e-06
-1.05637e-05
-3.39363e-06
-1.19375e-05
-2.90058e-06
-1.3009e-05
-2.31856e-06
-1.37385e-05
-1.66819e-06
-1.40995e-05
-9.73631e-07
-1.4085e-05
-2.54774e-07
-1.37009e-05
4.6385e-07
-1.29595e-05
1.15607e-06
-1.18852e-05
1.79925e-06
-1.05147e-05
2.37271e-06
-8.89588e-06
2.85961e-06
-7.08514e-06
3.24765e-06
-5.14431e-06
3.5263e-06
-3.13635e-06
3.68433e-06
-1.12335e-06
3.72365e-06
8.39501e-07
3.65946e-06
2.71111e-06
3.50912e-06
4.45334e-06
3.28815e-06
6.0125e-06
3.01748e-06
7.34954e-06
2.58258e-06
8.42848e-06
2.16625e-06
9.24942e-06
1.71518e-06
9.80613e-06
1.24759e-06
1.00996e-05
7.76527e-07
1.01394e-05
3.16483e-07
9.93557e-06
-1.19897e-07
9.50759e-06
-5.23314e-07
8.88642e-06
-8.851e-07
8.1028e-06
-1.19385e-06
7.18794e-06
-1.4412e-06
6.17898e-06
-1.62177e-06
5.11674e-06
-1.72963e-06
4.04269e-06
-1.76376e-06
2.99592e-06
-1.72881e-06
2.0119e-06
-1.62913e-06
1.12182e-06
-1.47141e-06
3.52219e-07
-1.26606e-06
-2.7767e-07
-1.02468e-06
-7.56517e-07
-7.663e-07
-1.08297e-06
-4.99006e-07
-1.25763e-06
-2.33247e-07
-1.28795e-06
4.54419e-09
-1.19498e-06
2.3079e-07
-9.83249e-07
4.01892e-07
-6.98367e-07
5.3074e-07
-3.68568e-07
6.20038e-07
-1.61349e-08
6.5171e-07
3.36004e-07
6.27788e-07
6.3203e-07
5.82145e-07
9.00501e-07
4.30384e-07
1.08324e-06
3.02485e-07
1.1749e-06
1.43896e-07
1.17832e-06
-4.47636e-08
1.08516e-06
-2.34458e-07
8.96404e-07
-4.2539e-07
6.12542e-07
-6.123e-07
2.38509e-07
-7.92866e-07
-2.19345e-07
-9.6271e-07
-7.53438e-07
-1.11692e-06
-1.35471e-06
-1.25e-06
-2.01145e-06
-1.35679e-06
-2.70916e-06
-1.43129e-06
-3.42938e-06
-1.46717e-06
-4.15011e-06
-1.45841e-06
-4.84347e-06
-1.396e-06
-5.48326e-06
-1.27869e-06
-6.02952e-06
-1.04204e-06
-6.5129e-06
-7.94156e-07
-1.49286e-07
1.41909e-06
1.91452e-06
3.19135e-06
1.74789e-06
4.75321e-06
1.54898e-06
6.07179e-06
1.32078e-06
7.14513e-06
1.07357e-06
7.94881e-06
8.04312e-07
8.45924e-06
5.14869e-07
8.66898e-06
2.10032e-07
8.5405e-06
-1.14693e-07
8.07536e-06
-4.48269e-07
7.27975e-06
-7.83461e-07
6.17401e-06
-1.10633e-06
4.78676e-06
-1.40086e-06
3.1658e-06
-1.64836e-06
1.37477e-06
-1.83112e-06
-5.08159e-07
-1.93385e-06
-2.38607e-06
-1.94207e-06
-4.15441e-06
-1.85035e-06
-5.71729e-06
-1.66083e-06
-6.98375e-06
-1.38554e-06
-7.8796e-06
-1.03478e-06
-8.36043e-06
-6.23786e-07
-8.39117e-06
-1.77341e-07
-7.9632e-06
2.82183e-07
-7.09701e-06
7.35381e-07
-5.83187e-06
1.16149e-06
-4.24196e-06
1.56099e-06
-2.45092e-06
1.94524e-06
-2.40063e-07
1.72836e-06
1.90616e-06
2.1448e-06
4.03554e-06
2.19841e-06
6.06084e-06
2.1453e-06
7.89869e-06
2.01369e-06
9.4699e-06
1.81623e-06
1.07192e-05
1.56107e-06
1.16123e-05
1.2593e-06
1.2136e-05
9.22068e-07
1.22948e-05
5.64576e-07
1.20938e-05
2.01633e-07
1.1554e-05
-1.58583e-07
1.07038e-05
-5.08891e-07
9.57011e-06
-8.40737e-07
8.17405e-06
-1.15325e-06
6.55998e-06
-1.45113e-06
4.80386e-06
-1.69634e-06
3.02013e-06
-1.98782e-06
7.66142e-07
-1.70079e-06
-1.35992e-06
-2.03704e-06
-3.49874e-06
-2.10735e-06
-5.6021e-06
-2.10701e-06
-7.61486e-06
-2.043e-06
-9.47466e-06
-1.92224e-06
-1.11225e-05
-1.74576e-06
-1.25054e-05
-1.5177e-06
-1.35788e-05
-1.24521e-06
-1.43086e-05
-9.38385e-07
-1.46727e-05
-6.09483e-07
-1.4663e-05
-2.64455e-07
-1.42853e-05
8.61533e-08
-1.35563e-05
4.2702e-07
-1.25012e-05
7.44152e-07
-1.11546e-05
1.02616e-06
-9.56265e-06
1.26761e-06
-7.779e-06
1.464e-06
-5.86323e-06
1.61053e-06
-3.87898e-06
1.70008e-06
-1.88985e-06
1.73452e-06
4.91231e-08
1.72049e-06
1.89245e-06
1.66579e-06
3.60163e-06
1.57897e-06
5.12378e-06
1.49534e-06
6.5817e-06
1.12466e-06
7.6756e-06
1.07235e-06
8.53051e-06
8.6027e-07
9.14045e-06
6.37643e-07
9.50357e-06
4.13405e-07
9.62585e-06
1.94207e-07
9.52041e-06
-1.44579e-08
9.20501e-06
-2.07911e-07
8.70132e-06
-3.81407e-07
8.0384e-06
-5.30935e-07
7.24907e-06
-6.51868e-07
6.3676e-06
-7.40301e-07
5.43189e-06
-7.93919e-07
4.48023e-06
-8.12109e-07
3.54792e-06
-7.96493e-07
2.66815e-06
-7.49354e-07
1.87076e-06
-6.74011e-07
1.17995e-06
-5.75262e-07
6.14138e-07
-4.58861e-07
1.80147e-07
-3.32312e-07
-1.17377e-07
-2.01479e-07
-2.81002e-07
-6.96247e-08
-3.23768e-07
4.73132e-08
-2.50943e-07
1.57962e-07
-9.2412e-08
2.43365e-07
1.27675e-07
3.1065e-07
3.89986e-07
3.57731e-07
6.70337e-07
3.71356e-07
9.38123e-07
3.60004e-07
1.18937e-06
3.30901e-07
1.35332e-06
2.66435e-07
1.46025e-06
1.95552e-07
1.48939e-06
1.14758e-07
1.44083e-06
3.79202e-09
1.27669e-06
-7.03136e-08
1.01905e-06
-1.67757e-07
6.72052e-07
-2.65296e-07
2.41862e-07
-3.62678e-07
-2.66888e-07
-4.53957e-07
-8.46058e-07
-5.37751e-07
-1.48565e-06
-6.10404e-07
-2.17204e-06
-6.70412e-07
-2.88946e-06
-7.13862e-07
-3.61873e-06
-7.37898e-07
-4.33904e-06
-7.38097e-07
-5.01942e-06
-7.1563e-07
-5.63397e-06
-6.64138e-07
-6.13262e-06
-5.43391e-07
-6.51538e-06
-4.11396e-07
-5.98271e-08
1.20258e-06
2.95047e-06
4.49945e-06
5.82024e-06
6.8938e-06
7.69811e-06
8.21298e-06
8.42302e-06
8.30832e-06
7.86005e-06
7.07659e-06
5.97026e-06
4.5694e-06
2.92103e-06
1.08992e-06
-8.43941e-07
-2.78601e-06
-4.63636e-06
-6.29719e-06
-7.68274e-06
-8.71752e-06
-9.34131e-06
-9.51865e-06
-9.23647e-06
-8.50109e-06
-7.3396e-06
-5.77861e-06
-3.83337e-06
-2.10501e-06
3.97869e-08
2.23819e-06
4.38349e-06
6.39718e-06
8.21341e-06
9.77448e-06
1.10338e-05
1.19558e-05
1.25204e-05
1.27221e-05
1.25635e-05
1.20546e-05
1.12138e-05
1.00606e-05
8.60947e-06
6.91313e-06
4.92531e-06
3.22452e-06
1.18748e-06
-9.19865e-07
-3.02688e-06
-5.06987e-06
-6.99212e-06
-8.73788e-06
-1.02556e-05
-1.15008e-05
-1.24392e-05
-1.30487e-05
-1.33131e-05
-1.3227e-05
-1.27999e-05
-1.20558e-05
-1.10296e-05
-9.76201e-06
-8.29801e-06
-6.68748e-06
-4.9874e-06
-3.25287e-06
-1.53239e-06
1.33405e-07
1.71237e-06
3.20771e-06
4.33237e-06
5.40472e-06
6.26499e-06
6.90264e-06
7.31604e-06
7.51025e-06
7.49579e-06
7.28788e-06
6.90647e-06
6.37554e-06
5.72367e-06
4.98337e-06
4.18945e-06
3.37734e-06
2.58085e-06
1.8315e-06
1.15748e-06
5.82225e-07
1.23362e-07
-2.08949e-07
-4.10429e-07
-4.80052e-07
-4.3274e-07
-2.74777e-07
-3.14136e-08
2.79238e-07
6.36967e-07
1.00832e-06
1.36833e-06
1.69923e-06
1.96566e-06
2.16122e-06
2.27597e-06
2.27977e-06
2.20945e-06
2.0417e-06
1.7764e-06
1.41372e-06
9.59766e-07
4.22016e-07
-1.88389e-07
-8.588e-07
-1.57266e-06
-2.31056e-06
-3.04866e-06
-3.76429e-06
-4.42843e-06
-4.97182e-06
-5.38321e-06
8.0512e-07
9.44765e-05
2.70318e-06
8.74038e-05
3.94838e-06
7.71838e-05
4.359e-06
6.42763e-05
3.91691e-06
4.96457e-05
2.70354e-06
3.47557e-05
8.03801e-07
2.13101e-05
-1.32055e-07
1.01008e-05
-7.18859e-07
-1.76325e-06
-1.46539e-06
-2.08e-05
-1.96832e-06
-3.53253e-05
-2.15818e-06
-4.86093e-05
-1.92862e-06
-6.02739e-05
-1.1976e-06
-7.01691e-05
1.20664e-07
-7.80853e-05
1.92636e-06
-8.28765e-05
3.62143e-06
-8.25068e-05
4.85937e-06
-7.86041e-05
5.50594e-06
-7.12974e-05
5.49284e-06
-6.08299e-05
4.76968e-06
-4.79925e-05
3.48888e-06
-3.4212e-05
2.10458e-06
-2.13166e-05
9.66146e-07
-1.11199e-05
1.20166e-07
-5.15745e-06
-2.20973e-06
9.68434e-06
-3.84411e-06
2.22488e-05
-5.1601e-06
3.30982e-05
-5.99983e-06
4.25744e-05
-6.31017e-06
5.05524e-05
-6.06213e-06
5.70861e-05
-5.24589e-06
6.20699e-05
-3.9567e-06
6.47855e-05
-2.59607e-06
6.43638e-05
-1.27093e-06
6.14774e-05
8.72935e-10
5.59919e-05
1.13112e-06
4.81129e-05
1.94427e-06
3.85124e-05
2.20425e-06
2.83695e-05
1.69674e-06
1.90482e-05
1.24074e-06
1.10116e-05
1.74403e-06
3.22467e-06
1.48746e-06
-7.91276e-06
1.14821e-06
-1.7969e-05
8.17417e-07
-2.72448e-05
5.38071e-07
-3.5576e-05
4.48578e-07
-4.28678e-05
6.81028e-07
-4.90986e-05
1.14988e-06
-5.40172e-05
1.90231e-06
-5.7224e-05
2.61944e-06
-5.70834e-05
3.22182e-06
-5.46981e-05
3.66687e-06
-5.01178e-05
3.89364e-06
-4.34601e-05
3.78019e-06
-3.50033e-05
3.23161e-06
-2.54595e-05
2.33753e-06
-1.61059e-05
1.55024e-06
-8.45722e-06
1.38906e-06
-2.91348e-06
7.74886e-07
5.97863e-06
-8.69923e-08
1.51802e-05
-8.85638e-07
2.29357e-05
-1.60473e-06
2.9751e-05
-2.18175e-06
3.54757e-05
-2.58817e-06
4.01278e-05
-2.78351e-06
4.37156e-05
-2.71336e-06
4.59529e-05
-2.38558e-06
4.59001e-05
-1.98451e-06
4.42169e-05
-1.56083e-06
4.09795e-05
-1.16409e-06
3.62522e-05
-8.261e-07
3.01971e-05
-5.81534e-07
2.31472e-05
-4.84558e-07
1.56931e-05
-6.94028e-07
8.73216e-06
-8.53746e-07
2.72345e-06
-7.45368e-07
-8.38465e-07
-7.4534e-07
-7.78536e-06
-7.88539e-07
-1.47523e-05
-8.0804e-07
-2.03995e-05
-7.99207e-07
-2.5272e-05
-7.27905e-07
-2.9333e-05
-5.59162e-07
-3.25885e-05
-2.56449e-07
-3.48015e-05
1.50523e-07
-3.51812e-05
5.24735e-07
-3.38221e-05
7.8628e-07
-3.11035e-05
9.01892e-07
-2.72522e-05
8.77096e-07
-2.25056e-05
7.14407e-07
-1.71876e-05
4.43386e-07
-1.17478e-05
2.47647e-07
-6.68754e-06
-2.02524e-08
-2.17468e-06
-2.19974e-07
5.53055e-07
-7.14543e-07
6.46888e-06
-1.10009e-06
1.1505e-05
-1.4203e-06
1.55731e-05
-1.64149e-06
1.90201e-05
-1.75489e-06
2.1824e-05
-1.7242e-06
2.39026e-05
-1.4996e-06
2.48076e-05
-1.182e-06
2.43569e-05
-8.19969e-07
2.28513e-05
-4.72951e-07
2.03486e-05
-1.79733e-07
1.70741e-05
3.13772e-08
1.34233e-05
7.29192e-08
9.90502e-06
4.93422e-08
6.67324e-06
1.88971e-07
3.81176e-06
3.44168e-07
-5.67776e-07
4.19075e-07
-4.81998e-06
5.15839e-07
-8.82089e-06
6.54915e-07
-1.2492e-05
8.37627e-07
-1.57603e-05
1.03084e-06
-1.85371e-05
1.17648e-06
-2.09028e-05
1.3637e-06
-2.25222e-05
1.45609e-06
-2.36985e-05
1.53073e-06
-2.27282e-05
1.58028e-06
-2.26859e-05
-1.98675e-05
1.35065e-06
9.02338e-05
5.14341e-06
8.3611e-05
8.1113e-06
7.42159e-05
9.82658e-06
6.2561e-05
1.00804e-05
4.93919e-05
9.11677e-06
3.57193e-05
8.00402e-06
2.24229e-05
8.4791e-06
9.62574e-06
1.00265e-05
-3.31068e-06
8.92812e-06
-1.97016e-05
7.28193e-06
-3.36791e-05
5.07914e-06
-4.64065e-05
2.62796e-06
-5.78227e-05
2.62608e-07
-6.78038e-05
-1.73279e-06
-7.60899e-05
-2.93052e-06
-8.16787e-05
-3.18266e-06
-8.22546e-05
-3.13317e-06
-7.86536e-05
-3.12319e-06
-7.13074e-05
-3.25804e-06
-6.0695e-05
-3.4134e-06
-4.78371e-05
-3.28223e-06
-3.43432e-05
-2.70873e-06
-2.18901e-05
-2.47421e-06
-1.13544e-05
-4.5959e-06
-3.03576e-06
-6.22678e-06
1.13152e-05
-7.34957e-06
2.33716e-05
-8.13047e-06
3.38791e-05
-8.45558e-06
4.28996e-05
-8.32157e-06
5.04184e-05
-7.6973e-06
5.64619e-05
-6.45306e-06
6.08257e-05
-4.22628e-06
6.25587e-05
-1.44076e-06
6.15783e-05
1.69958e-06
5.83371e-05
4.8192e-06
5.28722e-05
7.43632e-06
4.54958e-05
9.10031e-06
3.68484e-05
9.63105e-06
2.78388e-05
9.47244e-06
1.92068e-05
9.65094e-06
1.08331e-05
1.08162e-05
2.05945e-06
1.06043e-05
-7.70088e-06
9.75363e-06
-1.71184e-05
8.33833e-06
-2.58295e-05
6.46466e-06
-3.37023e-05
4.25858e-06
-4.06617e-05
1.85022e-06
-4.66903e-05
-4.51445e-07
-5.17155e-05
-2.38284e-06
-5.52926e-05
-3.52748e-06
-5.59388e-05
-4.12873e-06
-5.40969e-05
-4.37507e-06
-4.98715e-05
-4.44697e-06
-4.33882e-05
-4.43117e-06
-3.50191e-05
-4.29283e-06
-2.55979e-05
-3.92667e-06
-1.64721e-05
-3.47626e-06
-8.90762e-06
-3.72603e-06
-2.66371e-06
-4.0751e-06
6.3277e-06
-4.26195e-06
1.5367e-05
-4.40023e-06
2.3074e-05
-4.41069e-06
2.97615e-05
-4.25766e-06
3.53227e-05
-3.91117e-06
3.97813e-05
-3.31897e-06
4.31234e-05
-2.36548e-06
4.49994e-05
-1.12656e-06
4.46611e-05
2.95647e-07
4.27947e-05
1.83125e-06
3.94439e-05
3.32526e-06
3.47582e-05
4.57179e-06
2.89506e-05
5.35325e-06
2.23658e-05
5.5373e-06
1.5509e-05
5.28649e-06
8.98297e-06
4.89821e-06
3.11174e-06
5.55327e-06
-1.49353e-06
5.74386e-06
-7.97594e-06
5.25424e-06
-1.42627e-05
4.46151e-06
-1.96068e-05
3.42313e-06
-2.42337e-05
2.2266e-06
-2.81364e-05
9.05544e-07
-3.12674e-05
-4.77521e-07
-3.34185e-05
-1.73176e-06
-3.39269e-05
-2.78215e-06
-3.27717e-05
-3.57356e-06
-3.03121e-05
-4.12447e-06
-2.67012e-05
-4.42341e-06
-2.22066e-05
-4.44341e-06
-1.71676e-05
-4.20669e-06
-1.19845e-05
-3.85541e-06
-7.03882e-06
-3.57603e-06
-2.45405e-06
-4.17506e-06
1.15209e-06
-4.34623e-06
6.64004e-06
-4.24586e-06
1.14046e-05
-4.06291e-06
1.53902e-05
-3.79652e-06
1.87538e-05
-3.43406e-06
2.14615e-05
-2.85953e-06
2.3328e-05
-1.98609e-06
2.39341e-05
-1.00793e-06
2.33788e-05
1.69812e-08
2.18264e-05
9.60772e-07
1.94048e-05
1.67281e-06
1.63621e-05
2.08355e-06
1.30126e-05
2.30679e-06
9.68178e-06
2.57222e-06
6.40781e-06
3.23853e-06
3.14545e-06
3.67694e-06
-1.00618e-06
3.87655e-06
-5.01958e-06
3.84991e-06
-8.79425e-06
3.60416e-06
-1.22463e-05
3.16292e-06
-1.53191e-05
2.60465e-06
-1.79788e-05
1.92676e-06
-2.02249e-05
1.25017e-06
-2.18456e-05
3.95319e-07
-2.28437e-05
-1.32699e-07
-2.22002e-05
-7.94601e-07
-2.2024e-05
-1.92362e-05
1.92585e-06
8.40629e-05
7.71327e-06
7.78236e-05
1.27554e-05
6.91737e-05
1.6754e-05
5.85624e-05
1.96642e-05
4.64817e-05
2.19333e-05
3.34502e-05
2.42086e-05
2.01476e-05
2.67027e-05
7.13162e-06
2.90521e-05
-5.66007e-06
2.83552e-05
-1.90047e-05
2.60522e-05
-3.13761e-05
2.22075e-05
-4.25618e-05
1.71144e-05
-5.27296e-05
1.11206e-05
-6.181e-05
4.57847e-06
-6.95477e-05
-1.92373e-06
-7.51765e-05
-7.3842e-06
-7.67942e-05
-1.17974e-05
-7.42404e-05
-1.5065e-05
-6.80399e-05
-1.70361e-05
-5.87239e-05
-1.75639e-05
-4.73094e-05
-1.68189e-05
-3.50881e-05
-1.55071e-05
-2.32019e-05
-1.4823e-05
-1.20386e-05
-1.68087e-05
-1.04999e-06
-1.6888e-05
1.13945e-05
-1.6473e-05
2.29565e-05
-1.56638e-05
3.30699e-05
-1.44573e-05
4.1693e-05
-1.28485e-05
4.88096e-05
-1.07099e-05
5.43233e-05
-7.7074e-06
5.78232e-05
-3.82731e-06
5.86786e-05
4.07924e-07
5.73431e-05
4.73692e-06
5.40081e-05
8.75933e-06
4.88498e-05
1.20508e-05
4.22043e-05
1.43252e-05
3.4574e-05
1.57205e-05
2.64434e-05
1.68702e-05
1.80572e-05
1.82152e-05
9.48808e-06
1.93752e-05
8.99489e-07
1.95326e-05
-7.85828e-06
1.88192e-05
-1.6405e-05
1.72855e-05
-2.42958e-05
1.49845e-05
-3.14014e-05
1.20009e-05
-3.7678e-05
8.43181e-06
-4.31212e-05
4.41055e-06
-4.76943e-05
1.49921e-07
-5.1032e-05
-3.80568e-06
-5.19832e-05
-7.26181e-06
-5.06408e-05
-1.00908e-05
-4.70425e-05
-1.21632e-05
-4.13158e-05
-1.32734e-05
-3.39089e-05
-1.32591e-05
-2.56122e-05
-1.23646e-05
-1.73666e-05
-1.15555e-05
-9.71667e-06
-1.21881e-05
-2.03118e-06
-1.22523e-05
6.3919e-06
-1.15818e-05
1.46966e-05
-1.06445e-05
2.21366e-05
-9.45074e-06
2.85677e-05
-8.04699e-06
3.39189e-05
-6.41144e-06
3.81458e-05
-4.47925e-06
4.11912e-05
-2.11438e-06
4.26345e-05
4.57072e-07
4.20897e-05
3.06126e-06
4.01905e-05
5.56897e-06
3.69362e-05
7.80977e-06
3.25174e-05
9.59376e-06
2.71666e-05
1.07521e-05
2.12074e-05
1.1233e-05
1.50282e-05
1.12154e-05
9.0006e-06
1.10458e-05
3.28133e-06
1.17558e-05
-2.20354e-06
1.16725e-05
-7.89269e-06
1.08459e-05
-1.34361e-05
9.58736e-06
-1.83483e-05
7.94387e-06
-2.25902e-05
5.98515e-06
-2.61777e-05
3.74989e-06
-2.90322e-05
1.27887e-06
-3.09475e-05
-1.2387e-06
-3.14094e-05
-3.58257e-06
-3.04278e-05
-5.62537e-06
-2.82693e-05
-7.24611e-06
-2.50805e-05
-8.35891e-06
-2.10938e-05
-8.93177e-06
-1.65948e-05
-9.05002e-06
-1.18663e-05
-8.94562e-06
-7.14322e-06
-8.84773e-06
-2.55194e-06
-9.56416e-06
1.86852e-06
-9.46122e-06
6.5371e-06
-8.99024e-06
1.09336e-05
-8.33978e-06
1.47397e-05
-7.50695e-06
1.79209e-05
-6.42161e-06
2.03762e-05
-4.89898e-06
2.18054e-05
-3.06389e-06
2.2099e-05
-1.13585e-06
2.14507e-05
7.3296e-07
1.99576e-05
2.37065e-06
1.77671e-05
3.64584e-06
1.50869e-05
4.53568e-06
1.21227e-05
5.24177e-06
8.97569e-06
6.00821e-06
5.64137e-06
6.98474e-06
2.16892e-06
7.50608e-06
-1.52753e-06
7.68517e-06
-5.19866e-06
7.54719e-06
-8.65627e-06
7.10867e-06
-1.18078e-05
6.38812e-06
-1.45985e-05
5.44165e-06
-1.70323e-05
4.22793e-06
-1.90112e-05
2.8451e-06
-2.04628e-05
1.1149e-06
-2.11135e-05
-3.10711e-07
-2.07746e-05
-1.91888e-06
-2.04158e-05
-1.77672e-05
2.95943e-07
7.56886e-05
8.51076e-06
6.96088e-05
1.63473e-05
6.13372e-05
2.37384e-05
5.11714e-05
3.07163e-05
3.95038e-05
3.68668e-05
2.72997e-05
4.17725e-05
1.52418e-05
4.5267e-05
3.6372e-06
4.71133e-05
-7.50643e-06
4.63894e-05
-1.82807e-05
4.32963e-05
-2.8283e-05
3.81803e-05
-3.74459e-05
3.14363e-05
-4.59856e-05
2.34601e-05
-5.38337e-05
1.44884e-05
-6.0576e-05
4.89068e-06
-6.55788e-05
-4.34523e-06
-6.75582e-05
-1.2516e-05
-6.60696e-05
-1.91503e-05
-6.14055e-05
-2.39097e-05
-5.39646e-05
-2.67567e-05
-4.44624e-05
-2.81101e-05
-3.37347e-05
-2.87587e-05
-2.25533e-05
-2.93963e-05
-1.14009e-05
-3.00836e-05
-3.62753e-07
-2.95229e-05
1.08339e-05
-2.81299e-05
2.15635e-05
-2.61364e-05
3.10765e-05
-2.36585e-05
3.92152e-05
-2.07082e-05
4.58592e-05
-1.70117e-05
5.06267e-05
-1.23521e-05
5.31636e-05
-7.15209e-06
5.34787e-05
-1.7242e-06
5.19152e-05
3.6534e-06
4.86305e-05
8.64723e-06
4.3856e-05
1.29862e-05
3.78654e-05
1.66847e-05
3.08754e-05
2.00413e-05
2.30869e-05
2.31304e-05
1.49681e-05
2.56944e-05
6.92401e-06
2.75549e-05
-9.60921e-07
2.84022e-05
-8.70559e-06
2.80843e-05
-1.60871e-05
2.66134e-05
-2.28249e-05
2.40691e-05
-2.8857e-05
2.05917e-05
-3.42007e-05
1.6328e-05
-3.88574e-05
1.13049e-05
-4.26712e-05
5.60728e-06
-4.53343e-05
-2.11324e-07
-4.61646e-05
-5.70989e-06
-4.51422e-05
-1.0549e-05
-4.22034e-05
-1.43947e-05
-3.74701e-05
-1.7011e-05
-3.12926e-05
-1.84312e-05
-2.4192e-05
-1.90921e-05
-1.67057e-05
-1.96466e-05
-9.16221e-06
-2.01291e-05
-1.54863e-06
-1.98433e-05
6.10603e-06
-1.88102e-05
1.36635e-05
-1.72362e-05
2.05626e-05
-1.52028e-05
2.65344e-05
-1.27943e-05
3.15104e-05
-1.00476e-05
3.53991e-05
-6.92712e-06
3.80708e-05
-3.40959e-06
3.9117e-05
1.05983e-07
3.85741e-05
3.54017e-06
3.67563e-05
6.71412e-06
3.37622e-05
9.47853e-06
2.9753e-05
1.1703e-05
2.49421e-05
1.33275e-05
1.95829e-05
1.44295e-05
1.39262e-05
1.52322e-05
8.19797e-06
1.58979e-05
2.61562e-06
1.63742e-05
-2.67988e-06
1.62443e-05
-7.76276e-06
1.54242e-05
-1.2616e-05
1.40089e-05
-1.69329e-05
1.20643e-05
-2.06455e-05
9.65922e-06
-2.37727e-05
6.85888e-06
-2.62318e-05
3.69889e-06
-2.77875e-05
4.07473e-07
-2.8118e-05
-2.73684e-06
-2.72835e-05
-5.58161e-06
-2.54245e-05
-7.9931e-06
-2.2669e-05
-9.8963e-06
-1.91906e-05
-1.12999e-05
-1.51912e-05
-1.22944e-05
-1.08717e-05
-1.30053e-05
-6.43235e-06
-1.34976e-05
-2.05963e-06
-1.37949e-05
2.16583e-06
-1.35969e-05
6.33909e-06
-1.29786e-05
1.03153e-05
-1.20338e-05
1.37949e-05
-1.06834e-05
1.65705e-05
-8.81454e-06
1.85073e-05
-6.48765e-06
1.94785e-05
-3.98463e-06
1.9596e-05
-1.4651e-06
1.89312e-05
9.1167e-07
1.75808e-05
3.00166e-06
1.56771e-05
4.73956e-06
1.3349e-05
6.20481e-06
1.06575e-05
7.54041e-06
7.6401e-06
8.72892e-06
4.45286e-06
9.6839e-06
1.21394e-06
1.02557e-05
-2.0993e-06
1.04239e-05
-5.36689e-06
1.02001e-05
-8.43248e-06
9.60488e-06
-1.12125e-05
8.66461e-06
-1.36582e-05
7.4292e-06
-1.57969e-05
5.81348e-06
-1.73955e-05
3.91745e-06
-1.85667e-05
1.77101e-06
-1.8967e-05
-3.22844e-07
-1.86807e-05
-2.48059e-06
-1.82581e-05
-1.57091e-05
7.68666e-08
1.19145e-05
2.38933e-05
3.51731e-05
4.49031e-05
5.26006e-05
5.80243e-05
6.10441e-05
6.1488e-05
5.92455e-05
5.47164e-05
4.83652e-05
4.04491e-05
3.12314e-05
2.1038e-05
1.01851e-05
-5.25693e-07
-1.04374e-05
-1.90816e-05
-2.61194e-05
-3.15152e-05
-3.54985e-05
-3.83234e-05
-4.01283e-05
-4.10217e-05
-4.0842e-05
-3.96302e-05
-3.76226e-05
-3.48655e-05
-3.10417e-05
-2.59846e-05
-1.99089e-05
-1.32231e-05
-6.19135e-06
8.46518e-07
7.62973e-06
1.41584e-05
2.05141e-05
2.62283e-05
3.10316e-05
3.47422e-05
3.7195e-05
3.82106e-05
3.7738e-05
3.57974e-05
3.25271e-05
2.81134e-05
2.27227e-05
1.65072e-05
9.71036e-06
2.85683e-06
-3.71049e-06
-9.6596e-06
-1.47017e-05
-1.86767e-05
-2.1643e-05
-2.38312e-05
-2.53725e-05
-2.61864e-05
-2.62206e-05
-2.54015e-05
-2.38288e-05
-2.16284e-05
-1.88897e-05
-1.55549e-05
-1.16165e-05
-7.29516e-06
-2.93012e-06
1.36722e-06
5.44878e-06
9.18226e-06
1.24779e-05
1.53362e-05
1.77928e-05
1.97714e-05
2.1147e-05
2.1884e-05
2.18916e-05
2.10142e-05
1.92864e-05
1.68199e-05
1.37386e-05
1.01638e-05
6.22835e-06
2.22232e-06
-1.62655e-06
-5.16863e-06
-8.3008e-06
-1.09806e-05
-1.32067e-05
-1.49514e-05
-1.6199e-05
-1.69915e-05
-1.74005e-05
-1.73747e-05
-1.68221e-05
-1.5663e-05
-1.38566e-05
-1.14771e-05
-8.73103e-06
-5.78444e-06
-2.81889e-06
-1.31099e-08
2.53067e-06
4.86113e-06
7.07754e-06
9.06696e-06
1.07431e-05
1.20696e-05
1.29572e-05
1.33464e-05
1.32227e-05
1.25757e-05
1.14163e-05
9.74759e-06
7.65312e-06
5.20666e-06
2.63756e-06
3.88043e-08
-2.62123e-06
)
;

boundaryField
{
    inlet
    {
        type            calculated;
        value           nonuniform List<scalar> 0();
    }
    outlet
    {
        type            calculated;
        value           nonuniform List<scalar> 
15
(
1.5427e-06
-1.4259e-06
-3.3879e-06
-4.53862e-06
-5.19394e-06
-6.23104e-06
-8.80375e-06
-1.11939e-05
-1.02618e-05
-7.9982e-06
-7.12264e-06
-6.90276e-06
-6.77417e-06
-6.60484e-06
-5.44304e-06
)
;
    }
    topWall
    {
        type            calculated;
        value           uniform 0;
    }
    lowerWall
    {
        type            calculated;
        value           nonuniform List<scalar> 0();
    }
    leadingEdge
    {
        type            calculated;
        value           nonuniform List<scalar> 0();
    }
    trailingEdge
    {
        type            calculated;
        value           nonuniform List<scalar> 0();
    }
    upperSurface
    {
        type            calculated;
        value           nonuniform List<scalar> 0();
    }
    lowerSurface
    {
        type            calculated;
        value           nonuniform List<scalar> 0();
    }
    frontAndBack
    {
        type            empty;
        value           nonuniform List<scalar> 0();
    }
    procBoundary7to2
    {
        type            processor;
        value           uniform 1.48334e-06;
    }
    procBoundary7to3
    {
        type            processor;
        value           nonuniform List<scalar> 
121
(
-9.6765e-05
-8.93019e-05
-7.8429e-05
-6.46869e-05
-4.92036e-05
-3.35423e-05
-1.94104e-05
-9.16497e-06
2.35005e-06
2.15465e-05
3.58282e-05
4.87991e-05
6.00443e-05
6.94381e-05
7.6767e-05
8.10708e-05
8.08117e-05
7.73662e-05
7.06509e-05
6.0843e-05
4.87157e-05
3.54928e-05
2.27009e-05
1.22584e-05
6.00342e-06
-7.35445e-06
-2.06144e-05
-3.17822e-05
-4.17347e-05
-5.02421e-05
-5.73342e-05
-6.28862e-05
-6.60747e-05
-6.57244e-05
-6.28026e-05
-5.72637e-05
-4.92431e-05
-3.93256e-05
-2.86295e-05
-1.85407e-05
-1.05556e-05
-3.72796e-06
8.16933e-06
1.83082e-05
2.75756e-05
3.58553e-05
4.29573e-05
4.88662e-05
5.35483e-05
5.64715e-05
5.63663e-05
5.40958e-05
4.96728e-05
4.32334e-05
3.51168e-05
2.60081e-05
1.7e-05
9.2445e-06
3.07466e-06
-5.36446e-06
-1.43183e-05
-2.21371e-05
-2.90319e-05
-3.48987e-05
-3.97214e-05
-4.35203e-05
-4.6023e-05
-4.62278e-05
-4.4618e-05
-4.14032e-05
-3.66489e-05
-3.05351e-05
-2.33918e-05
-1.57901e-05
-8.52269e-06
-2.56373e-06
7.30088e-07
7.78533e-06
1.47955e-05
2.0419e-05
2.52632e-05
2.92617e-05
3.24197e-05
3.44988e-05
3.47742e-05
3.34479e-05
3.0842e-05
2.71366e-05
2.25304e-05
1.73503e-05
1.20188e-05
6.88328e-06
2.44258e-06
-3.53331e-07
-5.9743e-06
-1.11194e-05
-1.52529e-05
-1.8799e-05
-2.17106e-05
-2.39333e-05
-2.50322e-05
-2.46745e-05
-2.32133e-05
-2.06956e-05
-1.73674e-05
-1.36344e-05
-9.94656e-06
-6.64966e-06
-3.95139e-06
4.1258e-07
4.74507e-06
8.72413e-06
1.2353e-05
1.55776e-05
1.83439e-05
2.07572e-05
2.2335e-05
2.36061e-05
2.26536e-05
2.26364e-05
1.99051e-05
)
;
    }
    procBoundary7to6
    {
        type            processor;
        value           nonuniform List<scalar> 
14
(
8.17722e-06
-3.84514e-06
-1.5953e-05
-1.61772e-05
-8.35703e-06
-2.44856e-06
-1.9736e-07
1.45358e-07
5.36912e-07
7.11934e-07
2.89201e-06
4.24507e-06
8.07835e-06
1.15121e-05
)
;
    }
}


// ************************************************************************* //
