/*--------------------------------*- C++ -*----------------------------------*\
| =========                 |                                                 |
| \\      /  F ield         | OpenFOAM: The Open Source CFD Toolbox           |
|  \\    /   O peration     | Version:  2206                                  |
|   \\  /    A nd           | Website:  www.openfoam.com                      |
|    \\/     M anipulation  |                                                 |
\*---------------------------------------------------------------------------*/
FoamFile
{
    version     2.0;
    format      ascii;
    arch        "LSB;label=32;scalar=64";
    class       volVectorField;
    location    "20.0001";
    object      ddt0(U);
}
// * * * * * * * * * * * * * * * * * * * * * * * * * * * * * * * * * * * * * //

dimensions      [0 1 -2 0 0 0 0];

internalField   nonuniform List<vector> 
1865
(
(13.6806 13.0258 0)
(-12.2889 37.2638 0)
(-26.9714 63.6264 0)
(-50.5824 85.8296 0)
(-80.7832 105.278 0)
(-116.181 114.464 0)
(-151.244 111.936 0)
(-182.156 95.6804 0)
(-209.478 62.5728 0)
(-230.161 14.4233 0)
(-238.018 -38.579 0)
(-230.713 -90.287 0)
(-223.118 -159.736 0)
(-234.867 -253.744 0)
(-216.82 -310.194 0)
(-142.751 -282.839 0)
(-60.8275 -229 0)
(11.9963 -172.992 0)
(64.086 -122.058 0)
(112.198 -82.3858 0)
(152.109 -30.7511 0)
(180.756 12.7948 0)
(200.928 44.8495 0)
(213.807 69.3701 0)
(220.679 86.2201 0)
(215.225 98.648 0)
(200.1 110.974 0)
(201.153 106.358 0)
(245.981 55.5966 0)
(323.545 -23.3561 0)
(362.904 -62.422 0)
(322.567 -26.3314 0)
(242.016 51.2904 0)
(133.275 135.715 0)
(59.8219 194.591 0)
(-32.2688 233.584 0)
(-91.4823 247.723 0)
(-122.896 234.652 0)
(-141.426 207.094 0)
(-149.272 177.653 0)
(-147.89 148.277 0)
(-141.576 120.067 0)
(-134.134 94.2745 0)
(-129.733 69.5213 0)
(-133.182 41.1262 0)
(-143.684 5.20371 0)
(-162.225 -39.564 0)
(-186.078 -96.9149 0)
(-211.633 -164.521 0)
(-237.379 -237.779 0)
(-258.122 -305.667 0)
(-256.182 -340.781 0)
(-221.618 -325.79 0)
(-168.083 -276.706 0)
(-103.286 -210.563 0)
(-40.7476 -151.211 0)
(15.7497 -101.902 0)
(71.7837 -37.4929 0)
(123.963 26.979 0)
(167.457 76.9358 0)
(196.521 109.273 0)
(209.578 118.317 0)
(209.459 102.377 0)
(205.173 68.8492 0)
(196.941 25.5845 0)
(183.899 -15.0237 0)
(167.096 -40.2508 0)
(149.016 -44.9411 0)
(130.886 -31.5731 0)
(113.255 -4.46786 0)
(94.4729 34.7798 0)
(70.6697 77.4113 0)
(47.6447 115.467 0)
(23.5717 143.506 0)
(-1.36397 159.322 0)
(-25.139 162.016 0)
(-45.9876 153.464 0)
(-63.398 137.161 0)
(-76.8194 115.125 0)
(-86.2826 89.7009 0)
(-92.5188 62.7606 0)
(-96.5837 35.4881 0)
(-98.8025 8.97388 0)
(-99.033 -15.529 0)
(-98.9468 -37.4537 0)
(-99.079 -56.991 0)
(-100.321 -75.2549 0)
(-103.376 -93.8117 0)
(-107.921 -113.114 0)
(-111.382 -131.166 0)
(-106.831 -140.242 0)
(-93.1053 -137.659 0)
(-73.9448 -125.678 0)
(-48.3073 -108.713 0)
(-21.4006 -89.3074 0)
(-1.83513 -66.806 0)
(40.3258 -38.3364 0)
(84.4239 -7.29602 0)
(112.276 14.0168 0)
(132.552 25.3825 0)
(137.798 26.0949 0)
(132.019 20.0208 0)
(120.035 12.5987 0)
(104.385 7.37081 0)
(87.867 6.34145 0)
(72.4256 10.4444 0)
(58.9672 20.0686 0)
(46.5245 34.1852 0)
(34.3645 49.4043 0)
(23.3681 64.4906 0)
(12.3587 77.6313 0)
(1.15406 87.3626 0)
(-10.0076 92.2237 0)
(-20.2713 90.6471 0)
(-29.3531 84.3456 0)
(-37.12 74.3064 0)
(-43.381 61.4455 0)
(-48.2689 46.6838 0)
(-52.3587 30.6821 0)
(-13.9171 24.375 0)
(-40.2378 61.4308 0)
(-60.2744 86.258 0)
(-79.4162 109.026 0)
(-99.5933 127.092 0)
(-126.502 140.469 0)
(-160.274 142.263 0)
(-198.91 127.601 0)
(-238.391 90.8251 0)
(-273.01 30.8264 0)
(-291.938 -42.0412 0)
(-283.454 -111.556 0)
(-252.212 -173.844 0)
(-223.357 -244.701 0)
(-205.228 -321.492 0)
(-164.203 -341.559 0)
(-104.7 -302.442 0)
(-40.4954 -242.564 0)
(19.1791 -181.706 0)
(66.5097 -121.931 0)
(104.543 -64.1685 0)
(141.364 -20.1194 0)
(173.917 23.832 0)
(198.434 54.9084 0)
(207.007 83.1717 0)
(203.242 108.182 0)
(211.756 108.106 0)
(262.956 56.0631 0)
(342.544 -26.1641 0)
(372.049 -60.0132 0)
(328.592 -20.7092 0)
(252.47 61.1255 0)
(153.091 155.456 0)
(72.4064 224.972 0)
(-21.8415 276.94 0)
(-85.0168 296.49 0)
(-118.217 282.956 0)
(-138.185 252.406 0)
(-145.681 214.678 0)
(-142.686 175.588 0)
(-131.714 138.989 0)
(-115.686 107.517 0)
(-98.2679 82.8143 0)
(-83.2709 63.9394 0)
(-75.9165 45.812 0)
(-79.7992 18.697 0)
(-95.1251 -20.0812 0)
(-119.669 -72.4334 0)
(-145.779 -138.752 0)
(-172.372 -213.037 0)
(-197.893 -287.09 0)
(-214.917 -344.34 0)
(-206.509 -356.211 0)
(-174.459 -327.46 0)
(-126.335 -274.806 0)
(-72.2964 -212.769 0)
(-23.5829 -150.426 0)
(23.4369 -90.4622 0)
(73.042 -22.4581 0)
(117.406 38.2684 0)
(152.413 81.7699 0)
(176.467 104.316 0)
(188.098 99.412 0)
(191.138 72.5019 0)
(187.936 35.1765 0)
(177.641 -0.284688 0)
(161.91 -22.4431 0)
(143.852 -26.2138 0)
(125.633 -12.8223 0)
(107.884 15.9572 0)
(85.9027 56.9861 0)
(62.805 100.741 0)
(40.0354 139.524 0)
(16.2784 168.188 0)
(-7.54167 183.956 0)
(-29.2306 184.015 0)
(-47.5885 172.226 0)
(-61.9845 151.739 0)
(-71.7419 125.206 0)
(-76.787 95.732 0)
(-78.3718 65.9518 0)
(-78.7219 37.1396 0)
(-78.6222 9.28739 0)
(-76.2233 -16.4887 0)
(-74.038 -38.4565 0)
(-72.936 -57.1064 0)
(-73.5091 -73.8846 0)
(-75.9262 -90.769 0)
(-80.0016 -109.065 0)
(-84.9181 -128.192 0)
(-87.9814 -144.737 0)
(-83.1266 -150.078 0)
(-70.4114 -145.008 0)
(-52.2098 -130.945 0)
(-26.7316 -112.838 0)
(-13.6666 -92.0979 0)
(14.4042 -73.1536 0)
(45.8251 -44.8355 0)
(74.511 -14.8788 0)
(100.269 7.12891 0)
(115.891 20.279 0)
(118.977 24.8682 0)
(113.13 24.2989 0)
(101.873 22.7535 0)
(87.5482 22.7763 0)
(72.437 26.2817 0)
(57.8825 34.9036 0)
(43.6142 47.6257 0)
(30.6648 61.6962 0)
(19.2912 75.9906 0)
(8.55583 88.7462 0)
(-1.78339 98.2774 0)
(-11.4585 102.412 0)
(-19.9268 99.6505 0)
(-27.2946 92.1296 0)
(-33.2976 80.5792 0)
(-37.6141 66.1655 0)
(-40.2424 50.2025 0)
(-42.0626 33.596 0)
(-12.0384 49.9297 0)
(-28.2029 75.2907 0)
(-41.1095 98.3718 0)
(-57.9828 127.223 0)
(-79.6526 153.092 0)
(-107.543 174.518 0)
(-142.964 182.001 0)
(-181.582 169.545 0)
(-222.462 131.755 0)
(-263.587 65.4625 0)
(-302.626 -26.5145 0)
(-321.414 -125.993 0)
(-310.829 -217.164 0)
(-273.597 -295.526 0)
(-235.907 -357.327 0)
(-191.69 -382.724 0)
(-141.763 -357.89 0)
(-87.3354 -303.165 0)
(-31.282 -235.718 0)
(17.6603 -165.577 0)
(61.1709 -107.381 0)
(93.4279 -57.1024 0)
(132.472 -18.9229 0)
(163.408 40.7786 0)
(176.136 81.117 0)
(194.237 95.1184 0)
(249.125 53.5664 0)
(327.601 -23.3133 0)
(358.314 -56.8089 0)
(325.158 -23.4955 0)
(260.75 59.3369 0)
(171.782 156.48 0)
(80.7897 242.466 0)
(-12.0935 312.348 0)
(-75.4136 344.204 0)
(-114.388 336.775 0)
(-136.991 304.762 0)
(-145.896 260.877 0)
(-142.454 211.698 0)
(-129.174 163.33 0)
(-108.953 120.332 0)
(-84.4228 85.5553 0)
(-58.8422 60.8036 0)
(-36.1292 46.3021 0)
(-20.3389 35.876 0)
(-15.9064 26.248 0)
(-24.9309 4.87057 0)
(-48.0056 -47.4514 0)
(-77.1361 -110.63 0)
(-107.333 -185.151 0)
(-136.656 -262.517 0)
(-161.986 -330.397 0)
(-172.774 -366.87 0)
(-160.509 -357.441 0)
(-131.868 -317.856 0)
(-92.9973 -261.128 0)
(-51.2293 -197.062 0)
(-14.7089 -130.138 0)
(24.3857 -70.3253 0)
(64.8359 -4.55022 0)
(103.119 49.7558 0)
(134.182 81.1314 0)
(154.647 87.6155 0)
(163.312 69.5461 0)
(165.015 40.0773 0)
(158.354 11.5673 0)
(145.071 -6.12601 0)
(128.464 -8.48963 0)
(111.489 5.56517 0)
(93.0834 37.0973 0)
(70.4733 79.1419 0)
(48.8004 123.648 0)
(26.8611 162.96 0)
(4.56154 191.936 0)
(-16.6971 206.585 0)
(-34.5313 202.957 0)
(-48.6607 187.325 0)
(-58.2595 161.984 0)
(-62.9604 130.457 0)
(-63.292 96.8971 0)
(-60.1092 64.716 0)
(-56.2807 35.486 0)
(-53.7833 6.5189 0)
(-48.6532 -20.0962 0)
(-44.5807 -40.9488 0)
(-43.1336 -57.5276 0)
(-44.4938 -72.3413 0)
(-47.8071 -87.2495 0)
(-52.8034 -104.097 0)
(-58.8358 -122.835 0)
(-64.7895 -141.578 0)
(-67.6178 -155.957 0)
(-62.6809 -157.554 0)
(-51.5799 -148.781 0)
(-34.9132 -132.106 0)
(-15.0988 -113.545 0)
(3.68004 -93.9874 0)
(22.7674 -71.0274 0)
(44.3903 -43.5465 0)
(65.2177 -14.5269 0)
(82.9918 7.53282 0)
(93.445 22.1286 0)
(94.1493 29.9915 0)
(87.6919 33.5421 0)
(77.1605 36.178 0)
(64.4177 41.0541 0)
(50.7354 50.0513 0)
(36.8381 61.2714 0)
(24.767 74.1269 0)
(14.0039 87.177 0)
(4.20492 99.0124 0)
(-4.76093 107.848 0)
(-12.4723 110.774 0)
(-18.7899 106.936 0)
(-24.0901 98.1238 0)
(-28.1548 84.9703 0)
(-30.6537 68.8312 0)
(-31.2882 51.5028 0)
(-30.4776 34.5295 0)
(-6.34134 69.0613 0)
(-14.1648 88.4234 0)
(-22.5629 112.88 0)
(-35.5078 145.061 0)
(-49.8923 177.877 0)
(-67.7621 201.88 0)
(-88.1605 212.62 0)
(-113.749 200.37 0)
(-139.214 165.202 0)
(-169.327 102.423 0)
(-212.012 9.90984 0)
(-252.63 -110.426 0)
(-276.49 -228.255 0)
(-278.075 -329.179 0)
(-256.464 -403.055 0)
(-218.904 -426.6 0)
(-173.779 -404.8 0)
(-128.902 -354.185 0)
(-80.5615 -287.352 0)
(-32.1209 -215.731 0)
(12.6564 -146.239 0)
(49.4511 -87.0405 0)
(82.6919 -49.2875 0)
(107.834 10.5271 0)
(148.398 52.5338 0)
(211.709 32.7764 0)
(287.794 -25.6008 0)
(322.638 -56.556 0)
(302.132 -32.0274 0)
(252.777 43.6926 0)
(175.579 137.996 0)
(87.4455 242.824 0)
(-3.14876 334.286 0)
(-71.0009 383.459 0)
(-115.376 388.6 0)
(-139.262 361.047 0)
(-148.639 314.878 0)
(-144.599 257.65 0)
(-128.999 197.15 0)
(-105.279 140.498 0)
(-76.0417 93.0079 0)
(-44.2336 54.6832 0)
(-13.1087 32.0891 0)
(14.5543 24.277 0)
(34.6212 24.1367 0)
(46.4974 21.1235 0)
(42.4272 18.4719 0)
(24.9465 -19.4344 0)
(-6.14967 -79.2526 0)
(-41.2827 -152.566 0)
(-75.5564 -232.771 0)
(-106.686 -306.702 0)
(-130.096 -358.653 0)
(-135.456 -368.022 0)
(-124.361 -342.506 0)
(-102.265 -294.407 0)
(-73.3808 -232.968 0)
(-42.6878 -167.159 0)
(-14.8017 -101.259 0)
(15.5038 -42.9537 0)
(51.5854 9.73035 0)
(86.6954 53.0332 0)
(113.161 68.7125 0)
(127.237 61.3415 0)
(131.882 40.8845 0)
(128.761 20.2346 0)
(118.595 7.63544 0)
(104.606 7.58664 0)
(89.1999 24.679 0)
(68.4949 57.6016 0)
(47.82 100.65 0)
(27.4872 145.23 0)
(7.15508 184.519 0)
(-12.2717 212.748 0)
(-28.7242 224.365 0)
(-40.2766 216.819 0)
(-47.7217 196.706 0)
(-51.0862 166.716 0)
(-50.4399 130.718 0)
(-46.2095 93.3946 0)
(-38.281 58.6638 0)
(-30.0802 29.2888 0)
(-24.6265 2.74369 0)
(-16.4801 -26.2322 0)
(-11.4403 -44.8863 0)
(-10.227 -57.0906 0)
(-14.6984 -68.2962 0)
(-20.5169 -81.8993 0)
(-27.1355 -97.9707 0)
(-34.1327 -116.307 0)
(-41.1843 -135.568 0)
(-47.2452 -152.73 0)
(-49.0116 -162.224 0)
(-44.0082 -159.62 0)
(-33.8561 -148.799 0)
(-20.1541 -132.001 0)
(-5.5696 -110.549 0)
(7.8401 -85.0363 0)
(21.6245 -59.6144 0)
(36.9577 -34.5153 0)
(48.9034 -7.78851 0)
(60.1966 13.6285 0)
(67.1343 29.8703 0)
(66.4905 40.1524 0)
(59.7194 46.7022 0)
(49.8813 53.9737 0)
(38.0377 62.7714 0)
(26.5589 73.4157 0)
(16.1266 85.0773 0)
(6.78535 96.8871 0)
(-1.50744 107.722 0)
(-8.60352 115.545 0)
(-13.7868 116.636 0)
(-17.3525 111.767 0)
(-19.8404 101.826 0)
(-21.359 87.3175 0)
(-21.908 69.5229 0)
(-21.1149 50.5408 0)
(-18.3354 32.8814 0)
(0.261444 72.0255 0)
(0.450708 90.0747 0)
(0.601267 117.392 0)
(-0.111099 153.002 0)
(-5.93436 189.226 0)
(-11.7195 213.746 0)
(-14.0003 227.311 0)
(-11.6441 216.399 0)
(-12.9219 185.543 0)
(-19.5392 128.667 0)
(-32.284 38.9057 0)
(-88.6507 -68.3697 0)
(-149.933 -205.241 0)
(-201.505 -327.547 0)
(-223.74 -414.525 0)
(-217.476 -453.464 0)
(-189.166 -439.782 0)
(-157.574 -394.867 0)
(-121.97 -331.719 0)
(-82.159 -259.743 0)
(-41.646 -189.448 0)
(-0.59841 -129.309 0)
(39.265 -73.307 0)
(85.3152 -34.8361 0)
(146.615 -20.5842 0)
(222.681 -44.5903 0)
(259.2 -61.2422 0)
(251.487 -42.4044 0)
(218.588 20.2317 0)
(161.768 108.269 0)
(82.505 222.114 0)
(-9.94785 334.655 0)
(-81.4208 407.016 0)
(-129.524 432.016 0)
(-152.671 414.746 0)
(-158.635 371.52 0)
(-150.774 310.638 0)
(-131.65 241.12 0)
(-103.959 171.563 0)
(-71.4077 109.347 0)
(-37.9236 56.3617 0)
(-2.3448 20.7472 0)
(31.0894 2.26022 0)
(71.6163 -2.81622 0)
(96.8428 6.21002 0)
(106.853 18.7837 0)
(104.912 21.1283 0)
(91.7456 5.67251 0)
(61.8008 -44.5485 0)
(23.5456 -115.311 0)
(-15.2957 -197.353 0)
(-51.7535 -275.733 0)
(-83.5524 -336.231 0)
(-104.019 -363.159 0)
(-108.92 -350.283 0)
(-102.878 -312.175 0)
(-87.8676 -256.765 0)
(-67.5413 -192.753 0)
(-44.5188 -127.664 0)
(-20.4646 -70.2696 0)
(2.75683 -25.4419 0)
(36.6292 17.4651 0)
(66.6822 47.2549 0)
(85.6593 49.9386 0)
(92.1686 38.5847 0)
(91.6805 25.3722 0)
(84.9522 17.8968 0)
(73.9507 22.6254 0)
(57.0497 43.0599 0)
(37.6205 77.7404 0)
(18.2797 120.836 0)
(-0.538711 164.78 0)
(-18.3704 203.115 0)
(-33.4545 229.015 0)
(-42.7319 235.049 0)
(-46.0002 223.129 0)
(-45.0202 198.752 0)
(-40.3816 164.915 0)
(-33.1843 125.369 0)
(-24.5469 84.7498 0)
(-13.4145 48.2638 0)
(-2.34222 19.9614 0)
(10.192 -4.67793 0)
(20.2632 -34.906 0)
(22.3398 -45.7556 0)
(19.2328 -54.25 0)
(14.2642 -63.2515 0)
(8.24459 -74.8492 0)
(-0.855566 -90.1098 0)
(-9.95007 -108.364 0)
(-18.662 -128.149 0)
(-26.6045 -147.086 0)
(-32.393 -160.883 0)
(-33.4271 -163.945 0)
(-29.7437 -157.138 0)
(-22.9877 -143.023 0)
(-14.2941 -123.034 0)
(-5.07023 -98.1115 0)
(3.49187 -70.3409 0)
(10.3938 -43.075 0)
(21.3437 -18.3796 0)
(29.6355 3.47708 0)
(36.3689 24.0015 0)
(38.7388 40.7367 0)
(36.3014 53.0655 0)
(30.1468 63.4081 0)
(21.9823 73.603 0)
(13.4459 83.869 0)
(5.39112 94.4797 0)
(-1.93957 105.191 0)
(-8.38614 114.81 0)
(-13.2372 120.678 0)
(-15.6746 119.538 0)
(-16.1938 113.304 0)
(-15.2324 102.292 0)
(-13.3741 87.211 0)
(-11.3594 68.8297 0)
(-9.20001 48.3064 0)
(-6.25238 28.2408 0)
(-4.7943 0.23341 0)
(-5.17776 0.224146 0)
(-5.6024 0.189282 0)
(-6.04238 0.130199 0)
(-6.44617 0.000556927 0)
(-6.73827 -0.206569 0)
(-6.80045 -0.476455 0)
(-5.70576 0.474141 0)
(-6.10941 0.577014 0)
(-6.55691 0.646564 0)
(-7.08051 0.666323 0)
(-7.69034 0.618988 0)
(-8.36964 0.470488 0)
(-9.03035 0.179959 0)
(-5.99883 1.00618 0)
(-6.47525 1.07775 0)
(-7.04027 1.20136 0)
(-7.72156 1.44579 0)
(-8.55694 1.45548 0)
(-9.58863 1.39093 0)
(-10.8509 1.21112 0)
(-5.97468 1.39654 0)
(-6.47921 1.63456 0)
(-7.10461 1.90109 0)
(-7.85436 2.18416 0)
(-8.78514 2.45659 0)
(-9.99344 2.69305 0)
(-11.567 2.83288 0)
(-5.6651 1.95193 0)
(-6.12716 2.2543 0)
(-6.69712 2.62124 0)
(-7.28708 3.10117 0)
(-8.22337 3.68604 0)
(-9.61805 4.37068 0)
(-11.598 5.07705 0)
(-5.08559 2.28847 0)
(-5.4999 2.63163 0)
(-5.96853 3.10782 0)
(-6.56544 3.78959 0)
(-7.4243 4.74122 0)
(-8.7594 5.97149 0)
(-10.5667 7.38936 0)
(-4.04476 2.78578 0)
(-4.29605 3.10722 0)
(-4.50604 3.62068 0)
(-4.75235 4.46015 0)
(-5.17471 5.76373 0)
(-6.02344 7.61778 0)
(-7.69276 9.93949 0)
(-1.95557 2.80106 0)
(-2.01975 2.99517 0)
(-1.92081 3.43185 0)
(-1.66289 4.24776 0)
(-1.34115 5.68921 0)
(-1.0596 8.06066 0)
(-1.51649 11.3285 0)
(-1.58887 3.28999 0)
(-0.689374 3.27208 0)
(0.399376 3.41363 0)
(1.78793 3.8892 0)
(3.52311 4.99952 0)
(5.929 7.14584 0)
(7.85844 10.687 0)
(0.550802 0.791257 0)
(2.60219 0.729048 0)
(4.61077 0.804164 0)
(6.8934 1.10701 0)
(9.29812 1.83412 0)
(14.3366 3.53502 0)
(17.2294 5.65041 0)
(-6.59831 -0.851405 0)
(-5.59634 -1.23181 0)
(-4.21156 -1.25795 0)
(-3.02072 -0.533242 0)
(-1.67077 0.582584 0)
(-0.339932 1.83537 0)
(-0.410509 4.11889 0)
(-2.99304 7.03581 0)
(-6.58924 4.73208 0)
(-8.13038 -6.99175 0)
(-2.11434 -20.5845 0)
(13.8874 -32.8687 0)
(37.5143 -36.086 0)
(70.2492 -28.8876 0)
(110.255 -21.8496 0)
(149.282 -16.2303 0)
(169.58 3.88937 0)
(150.366 17.3757 0)
(116.246 24.4169 0)
(70.0375 28.0998 0)
(14.5083 27.2088 0)
(-35.9672 26.1829 0)
(-67.8418 18.0072 0)
(-88.9001 8.64495 0)
(-98.1394 1.03092 0)
(-94.4769 -3.92892 0)
(-88.6197 -7.26593 0)
(-77.6794 -8.65585 0)
(-64.824 -8.31338 0)
(-50.735 -7.57937 0)
(-36.495 -7.11444 0)
(-22.6883 -6.65749 0)
(-10.7068 -7.02751 0)
(-0.508164 -5.81267 0)
(7.60355 -3.96871 0)
(13.3864 -2.21858 0)
(16.1661 -0.569713 0)
(15.9816 0.851922 0)
(12.5547 2.50463 0)
(7.11304 3.4353 0)
(0.144564 4.12092 0)
(-7.99079 4.77745 0)
(-16.3287 4.6793 0)
(-24.1411 3.68456 0)
(-30.1165 2.29497 0)
(-33.2089 0.109885 0)
(-31.904 -2.26626 0)
(-25.3126 -4.83716 0)
(-13.6238 -7.14698 0)
(2.19348 -9.10067 0)
(20.4894 -10.2592 0)
(38.3094 -9.29097 0)
(55.0703 -7.06736 0)
(66.9361 -3.72586 0)
(66.1273 3.4532 0)
(57.1305 6.54537 0)
(42.5419 9.06103 0)
(23.3685 10.0086 0)
(3.82894 9.85226 0)
(-12.4759 7.53107 0)
(-24.9278 4.46966 0)
(-30.5103 1.53371 0)
(-31.782 -1.03897 0)
(-27.8044 -3.21668 0)
(-19.6475 -4.73471 0)
(-9.13271 -5.33534 0)
(0.959237 -5.17716 0)
(9.50777 -3.9847 0)
(15.9895 -2.50854 0)
(19.3744 -0.867299 0)
(19.4835 0.864707 0)
(16.2661 2.21527 0)
(10.9269 3.19225 0)
(4.74944 3.8308 0)
(-1.41969 3.44433 0)
(-7.63966 2.91004 0)
(-12.9213 2.27325 0)
(-16.8181 1.5838 0)
(-19.3263 0.879775 0)
(-20.5241 0.194575 0)
(-20.1936 -0.463784 0)
(-18.5623 -1.07729 0)
(-16.0932 -1.4533 0)
(-12.8704 -1.68283 0)
(-9.32825 -1.76675 0)
(-5.80574 -1.71344 0)
(-2.75655 -1.58576 0)
(-0.260377 -1.1878 0)
(1.64137 -0.832167 0)
(2.85386 -0.524622 0)
(3.58917 -0.318896 0)
(4.02137 -0.201215 0)
(4.28822 -0.144095 0)
(4.48824 -0.116215 0)
(4.66191 -0.117322 0)
(4.87836 -0.139272 0)
(5.20337 -0.198302 0)
(5.65367 -0.273854 0)
(6.26457 -0.308786 0)
(7.00529 -0.384353 0)
(7.85002 -0.411881 0)
(8.68896 -0.388349 0)
(9.40495 -0.305085 0)
(9.91918 -0.185841 0)
(10.1453 -0.0371661 0)
(10.0384 0.134511 0)
(9.55344 0.311898 0)
(8.66393 0.517062 0)
(7.34476 0.737726 0)
(5.57419 0.952269 0)
(3.61127 1.3341 0)
(1.3911 1.34737 0)
(-1.24021 1.34929 0)
(-3.93116 1.30835 0)
(-6.52594 1.20465 0)
(-8.87735 1.03794 0)
(-10.8516 0.816937 0)
(-12.3415 0.556585 0)
(-13.2745 0.274489 0)
(-13.6178 -0.0108297 0)
(-9.6728 -0.309349 0)
(-10.2924 -1.03528 0)
(-10.4976 -1.93009 0)
(-9.79387 -2.99647 0)
(-7.59039 -4.09569 0)
(-3.13112 -5.12125 0)
(4.45534 -6.1708 0)
(16.2894 -6.78083 0)
(36.2148 -6.30957 0)
(63.9217 -3.79879 0)
(85.2459 -3.93287 0)
(98.7734 -13.0072 0)
(99.9668 -32.2287 0)
(102.361 -45.4715 0)
(112.559 -46.0615 0)
(128.556 -27.6489 0)
(136.029 2.08327 0)
(118.772 38.225 0)
(75.2371 63.9262 0)
(22.1548 79.1924 0)
(-22.4749 76.896 0)
(-61.8015 62.0291 0)
(-84.6139 37.9637 0)
(-92.9419 16.2188 0)
(-91.5582 -0.102981 0)
(-84.8043 -8.82736 0)
(-74.5811 -14.2333 0)
(-62.9571 -17.85 0)
(-51.0054 -20.7193 0)
(-40.1365 -22.3103 0)
(-29.2415 -21.9766 0)
(-18.2528 -19.0307 0)
(-6.52083 -17.0652 0)
(4.88917 -13.6514 0)
(12.561 -9.18609 0)
(16.1773 -4.51287 0)
(16.8622 -0.0392663 0)
(14.686 3.908 0)
(10.8405 6.74951 0)
(5.21268 9.35021 0)
(-1.7453 11.4717 0)
(-9.43922 12.9003 0)
(-17.0603 12.1828 0)
(-23.838 9.97051 0)
(-29.312 6.12008 0)
(-31.8853 0.44458 0)
(-30.4242 -6.30243 0)
(-24.2753 -13.7584 0)
(-12.9947 -20.6919 0)
(2.6191 -25.9092 0)
(22.4462 -27.8995 0)
(42.1905 -25.0648 0)
(57.289 -16.9787 0)
(68.284 -7.41689 0)
(68.3548 3.90845 0)
(56.0378 17.0134 0)
(39.0748 26.6945 0)
(18.581 29.6462 0)
(-0.217426 27.5124 0)
(-15.1962 20.6531 0)
(-25.5002 12.4862 0)
(-30.9963 4.51708 0)
(-31.5101 -3.02694 0)
(-27.1361 -9.70051 0)
(-18.7438 -14.2369 0)
(-8.21872 -15.6918 0)
(2.1236 -14.739 0)
(10.6443 -11.2587 0)
(16.3498 -6.84692 0)
(18.9024 -2.26515 0)
(18.4821 2.20277 0)
(15.2907 6.33692 0)
(9.87328 9.20736 0)
(3.39391 10.7004 0)
(-2.88026 9.80475 0)
(-8.57878 8.2508 0)
(-13.3498 6.42569 0)
(-16.9038 4.46995 0)
(-19.1258 2.49687 0)
(-20.0447 0.56097 0)
(-19.6513 -1.46161 0)
(-17.9901 -3.37943 0)
(-15.354 -4.54286 0)
(-12.1183 -5.18787 0)
(-8.58657 -5.38462 0)
(-5.12405 -5.07571 0)
(-1.91413 -4.32636 0)
(0.717807 -3.34321 0)
(2.62621 -2.24865 0)
(3.82025 -1.2584 0)
(4.50283 -0.772525 0)
(4.9095 -0.495704 0)
(5.17379 -0.349776 0)
(5.35975 -0.261037 0)
(5.47653 -0.239349 0)
(5.57547 -0.326555 0)
(5.73202 -0.515565 0)
(6.00819 -0.759985 0)
(6.40584 -1.00429 0)
(6.91094 -1.15633 0)
(7.58847 -1.21908 0)
(8.28771 -1.13725 0)
(8.86949 -0.877494 0)
(9.25217 -0.490047 0)
(9.38027 -0.0379498 0)
(9.19903 0.493582 0)
(8.68586 1.03282 0)
(7.82635 1.64404 0)
(6.56501 2.29807 0)
(5.06227 3.02404 0)
(3.05847 3.63927 0)
(0.521191 3.93212 0)
(-2.07371 4.05396 0)
(-4.74494 3.9759 0)
(-7.32176 3.67947 0)
(-9.63431 3.17083 0)
(-11.5377 2.48491 0)
(-12.921 1.67406 0)
(-13.715 0.793524 0)
(-13.8865 -0.0965915 0)
(-12.3445 0.784613 0)
(-14.0281 0.218443 0)
(-15.7976 -1.18701 0)
(-17.4195 -2.87031 0)
(-18.1799 -5.48761 0)
(-17.0292 -8.87731 0)
(-13.846 -12.9241 0)
(-7.70805 -18.8626 0)
(1.36058 -27.0433 0)
(12.6602 -36.0681 0)
(31.3988 -41.8185 0)
(55.5844 -42.7942 0)
(81.2907 -39.6518 0)
(103.18 -37.598 0)
(98.4424 -36.7861 0)
(66.8925 -23.993 0)
(38.3177 10.707 0)
(11.8486 54.5052 0)
(-21.0304 100.663 0)
(-53.7093 126.672 0)
(-64.1304 115.012 0)
(-78.1221 79.682 0)
(-87.6176 40.793 0)
(-89.8333 8.27407 0)
(-85.651 -10.2866 0)
(-73.8872 -24.0759 0)
(-58.6207 -37.5156 0)
(-39.8537 -36.0548 0)
(-21.8939 -28.7344 0)
(-9.74753 -22.7912 0)
(-3.5464 -23.0865 0)
(-2.67162 -27.8645 0)
(0.132897 -29.0337 0)
(4.38077 -24.3718 0)
(8.19584 -16.0671 0)
(9.43482 -7.30078 0)
(8.05649 0.515634 0)
(5.07792 6.9294 0)
(1.40775 11.6605 0)
(-2.25147 15.1781 0)
(-5.58319 17.8747 0)
(-9.05578 19.255 0)
(-13.828 18.5344 0)
(-16.8715 15.2337 0)
(-20.1111 9.34302 0)
(-22.3422 0.654004 0)
(-22.7374 -10.418 0)
(-20.0293 -22.9291 0)
(-12.8061 -33.2471 0)
(-0.416146 -42.0142 0)
(16.5637 -48.4489 0)
(33.9509 -43.5202 0)
(47.596 -29.6385 0)
(55.2487 -10.1669 0)
(55.1782 8.77446 0)
(46.2746 30.9345 0)
(31.4069 47.2067 0)
(15.2017 52.2806 0)
(-1.05679 44.1319 0)
(-13.5317 31.9894 0)
(-21.4119 18.8047 0)
(-26.1037 6.18493 0)
(-27.6376 -4.86952 0)
(-25.1087 -15.3373 0)
(-17.8544 -23.8719 0)
(-8.09517 -27.317 0)
(1.91447 -25.539 0)
(9.78487 -19.0988 0)
(15.108 -11.0616 0)
(17.7938 -2.82024 0)
(17.9445 4.65191 0)
(15.5557 11.6679 0)
(10.9185 15.9368 0)
(4.43374 17.1864 0)
(-1.78869 16.0558 0)
(-6.91198 13.5546 0)
(-11.226 10.3611 0)
(-14.8206 6.96662 0)
(-17.512 3.48066 0)
(-19.3116 0.0986259 0)
(-19.8211 -2.98453 0)
(-18.621 -5.27164 0)
(-16.079 -6.83217 0)
(-12.9277 -7.88034 0)
(-9.29449 -8.45897 0)
(-5.4771 -8.25615 0)
(-1.86687 -7.26326 0)
(1.03288 -5.87489 0)
(3.23025 -4.11604 0)
(4.61055 -2.60104 0)
(5.14813 -1.62516 0)
(5.50613 -1.00614 0)
(5.71875 -0.65792 0)
(5.68687 -0.465945 0)
(5.44732 -0.37319 0)
(5.11902 -0.409308 0)
(4.88274 -0.577657 0)
(4.79755 -0.873438 0)
(5.02939 -1.25911 0)
(5.54402 -1.6053 0)
(6.28531 -1.77302 0)
(7.19531 -1.61832 0)
(8.07934 -1.2075 0)
(8.74521 -0.660604 0)
(9.09534 0.0522997 0)
(9.10173 0.859804 0)
(8.79456 1.65302 0)
(8.12155 2.59291 0)
(7.07048 3.62344 0)
(5.43088 4.72292 0)
(3.30364 5.55862 0)
(0.861065 6.31542 0)
(-1.81493 6.71123 0)
(-4.57054 6.67589 0)
(-7.21999 6.22777 0)
(-9.58676 5.39101 0)
(-11.516 4.23047 0)
(-12.8996 2.8367 0)
(-13.6701 1.29676 0)
(-13.7871 -0.278067 0)
(-13.5604 2.73512 0)
(-15.9625 2.29494 0)
(-18.9835 1.53606 0)
(-22.2649 -0.410805 0)
(-25.2603 -3.98835 0)
(-27.655 -8.86215 0)
(-28.7687 -15.4734 0)
(-28.0756 -24.0017 0)
(-25.3506 -33.9457 0)
(-20.8427 -44.4883 0)
(-14.499 -54.2368 0)
(-6.3036 -60.5072 0)
(4.39385 -65.5491 0)
(16.2184 -55.0304 0)
(25.2777 -31.7455 0)
(22.0762 -6.76276 0)
(10.8825 30.2638 0)
(-0.563562 73.1829 0)
(-7.77369 113.01 0)
(-4.1733 136.642 0)
(9.28681 135.315 0)
(12.2874 100.092 0)
(2.36189 62.6804 0)
(-6.50524 17.9898 0)
(-20.8305 -13.9628 0)
(-28.5856 -25.7895 0)
(-32.2964 -43.0357 0)
(-38.8224 -51.9021 0)
(-39.0129 -52.5033 0)
(-31.1591 -48.1139 0)
(-16.2519 -40.852 0)
(2.64903 -33.3651 0)
(16.2322 -26.8821 0)
(15.3765 -18.868 0)
(8.99002 -10.5523 0)
(0.852961 -2.21412 0)
(-6.87365 4.88648 0)
(-13.4025 10.3895 0)
(-18.5392 14.1715 0)
(-21.2792 16.2567 0)
(-20.6182 18.2708 0)
(-15.1862 21.1024 0)
(-9.22911 23.3108 0)
(-3.53463 20.2961 0)
(2.08641 13.126 0)
(5.23963 1.37424 0)
(7.27196 -10.5608 0)
(7.82348 -27.9001 0)
(4.29747 -47.1757 0)
(0.0669963 -59.8748 0)
(5.3199 -65.0974 0)
(19.9298 -55.8825 0)
(29.9229 -35.9017 0)
(34.6052 -11.6764 0)
(33.9768 5.34904 0)
(29.3772 41.4629 0)
(23.02 65.0789 0)
(12.7837 69.7399 0)
(-1.34731 59.2518 0)
(-12.3091 43.6813 0)
(-20.6027 27.6457 0)
(-26.7305 11.798 0)
(-30.4935 -6.57787 0)
(-31.766 -23.3983 0)
(-25.5715 -35.6097 0)
(-12.4822 -36.8354 0)
(0.224012 -31.9539 0)
(8.9936 -23.4572 0)
(12.6392 -14.0089 0)
(14.8886 -5.04245 0)
(15.2328 4.66374 0)
(13.8384 13.5632 0)
(10.2799 19.9268 0)
(5.37462 22.0016 0)
(1.58841 20.9294 0)
(-1.09612 18.4781 0)
(-3.62452 15.4785 0)
(-6.8089 11.782 0)
(-10.0882 7.86228 0)
(-13.3873 4.70629 0)
(-16.4234 -1.03015 0)
(-18.6616 -8.45073 0)
(-19.5076 -11.8607 0)
(-18.5272 -13.8624 0)
(-15.8093 -14.5754 0)
(-11.4068 -13.715 0)
(-6.37598 -11.2862 0)
(-1.35648 -8.65866 0)
(2.40534 -6.04413 0)
(6.11734 -1.64737 0)
(8.20701 -0.716552 0)
(9.16421 -0.520679 0)
(9.28743 -0.379752 0)
(8.7228 0.0137048 0)
(7.83512 0.459296 0)
(6.50148 0.387336 0)
(4.91466 -0.236036 0)
(3.61763 -0.830856 0)
(2.9486 -1.49974 0)
(3.07687 -2.45769 0)
(3.99612 -3.19641 0)
(5.5318 -3.291 0)
(7.21534 -2.7564 0)
(8.70637 -1.82488 0)
(9.80588 -0.663857 0)
(10.4468 0.622808 0)
(10.5535 1.99113 0)
(10.1039 3.46904 0)
(9.08961 5.06537 0)
(7.29642 6.70177 0)
(4.73374 8.25016 0)
(1.56001 9.27619 0)
(-2.00188 9.76734 0)
(-5.62899 9.66546 0)
(-9.03103 8.95274 0)
(-11.9703 7.66386 0)
(-14.2235 5.92229 0)
(-15.654 3.89515 0)
(-16.1537 1.71343 0)
(-15.8364 -0.458423 0)
(-14.2708 5.60606 0)
(-17.8332 5.89694 0)
(-22.2915 5.70874 0)
(-26.9794 3.51053 0)
(-31.0157 -0.609993 0)
(-34.6337 -6.1868 0)
(-37.9226 -13.7189 0)
(-40.7895 -23.5734 0)
(-42.448 -34.9958 0)
(-41.8516 -46.9442 0)
(-39.7482 -57.9505 0)
(-35.5643 -65.9799 0)
(-28.4191 -70.3693 0)
(-19.1816 -62.8475 0)
(-8.4056 -43.4199 0)
(8.04555 -8.42847 0)
(25.4196 24.7231 0)
(46.6066 71.4058 0)
(70.057 107.645 0)
(92.9714 125.306 0)
(113.981 122.275 0)
(123.104 101.264 0)
(120.526 70.1808 0)
(106.823 37.853 0)
(83.368 10.1694 0)
(59.9959 -11.4218 0)
(39.3875 -27.7218 0)
(19.09 -36.0902 0)
(2.71099 -38.6212 0)
(-9.55021 -41.2034 0)
(-21.2082 -44.1257 0)
(-29.8759 -46.1516 0)
(-33.1108 -40.8688 0)
(-31.4787 -26.623 0)
(-31.2661 -8.19913 0)
(-34.5274 3.40319 0)
(-40.7798 11.6939 0)
(-48.2704 18.8235 0)
(-54.7339 19.2371 0)
(-59.5058 16.2323 0)
(-61.7568 11.8403 0)
(-58.9382 6.99208 0)
(-46.4045 1.40044 0)
(-25.4319 -0.299671 0)
(4.45706 1.4625 0)
(37.3778 0.294316 0)
(63.2956 -1.3837 0)
(80.5203 -5.37611 0)
(80.3455 -8.96873 0)
(70.8061 -30.1692 0)
(49.7395 -72.1079 0)
(30.9094 -78.2161 0)
(24.0794 -55.6327 0)
(25.0016 -23.3479 0)
(23.2991 2.57159 0)
(23.6108 34.8288 0)
(27.1233 67.3831 0)
(29.5029 81.8915 0)
(22.7069 73.5698 0)
(9.12 56.2207 0)
(-4.94051 35.8951 0)
(-16.6575 19.3334 0)
(-28.8307 9.59542 0)
(-40.6753 -14.0139 0)
(-49.8944 -45.0408 0)
(-45.9124 -57.8157 0)
(-30.1481 -50.2203 0)
(-13.7557 -36.2357 0)
(-0.390983 -21.4299 0)
(10.3348 -8.87515 0)
(16.4614 0.406812 0)
(18.329 19.2814 0)
(17.3298 28.6554 0)
(11.9935 27.7213 0)
(4.73606 24.5899 0)
(-2.61988 20.6797 0)
(-9.19013 16.7945 0)
(-15.3144 13.4188 0)
(-19.6206 9.74877 0)
(-20.9301 5.48138 0)
(-19.6986 0.470525 0)
(-18.1168 -3.32252 0)
(-16.5632 -5.61181 0)
(-15.1391 -9.06932 0)
(-13.5379 -14.1909 0)
(-10.6029 -17.4724 0)
(-6.44816 -16.9752 0)
(-1.97701 -15.1721 0)
(1.90256 -13.1368 0)
(5.79672 -10.4249 0)
(10.014 -6.42631 0)
(13.4673 -2.63797 0)
(14.6608 -0.0852604 0)
(13.6362 1.38166 0)
(11.4301 2.26283 0)
(8.5188 2.68311 0)
(5.62399 2.3003 0)
(2.37222 0.827518 0)
(-0.171447 -0.957633 0)
(-0.345266 -2.84119 0)
(2.03699 -4.62033 0)
(5.78317 -5.12454 0)
(9.94492 -4.43952 0)
(13.8772 -3.06928 0)
(17.0819 -1.34343 0)
(19.2476 0.509442 0)
(20.0396 2.27232 0)
(19.378 4.13355 0)
(17.5264 6.40481 0)
(14.3152 8.97994 0)
(9.79867 11.242 0)
(4.13079 13.2094 0)
(-2.5199 14.1294 0)
(-9.23695 13.9949 0)
(-15.4538 12.9794 0)
(-20.7278 11.0432 0)
(-24.6354 8.36645 0)
(-26.9562 5.22273 0)
(-27.4898 1.87065 0)
(-26.5923 -1.4358 0)
(-13.2829 8.78145 0)
(-17.3895 10.2238 0)
(-23.1614 10.8098 0)
(-29.1394 8.66559 0)
(-34.6773 4.41663 0)
(-43.2655 -0.965052 0)
(-50.1676 -8.9743 0)
(-55.8147 -20.0663 0)
(-59.2809 -33.2454 0)
(-60.5882 -47.3882 0)
(-58.3079 -61.7517 0)
(-51.4756 -73.1669 0)
(-43.0757 -79.3507 0)
(-32.0199 -74.5905 0)
(-14.9047 -55.0946 0)
(3.42668 -27.7595 0)
(31.7434 -3.3468 0)
(64.131 37.0864 0)
(99.1322 71.9243 0)
(133.672 91.7102 0)
(162.115 96.6831 0)
(181.478 90.7595 0)
(184.814 75.1834 0)
(173.442 53.9696 0)
(154.843 33.3899 0)
(130.643 15.8478 0)
(102.529 0.813681 0)
(73.4243 -11.4906 0)
(47.8283 -20.7221 0)
(26.9397 -26.2981 0)
(9.48389 -28.1857 0)
(-6.90385 -28.018 0)
(-23.8944 -24.3746 0)
(-41.9135 -15.7753 0)
(-57.7136 -3.99506 0)
(-66.9526 7.81224 0)
(-80.3684 17.2018 0)
(-94.0961 23.0746 0)
(-107.363 25.1319 0)
(-121.795 23.6725 0)
(-135.672 18.2325 0)
(-147.357 8.6045 0)
(-156.873 -6.25213 0)
(-159.302 -27.5421 0)
(-148.573 -44.4157 0)
(-122.578 -55.8001 0)
(-85.1565 -61.3895 0)
(-31.6062 -64.8212 0)
(37.3481 -60.7472 0)
(116.916 -43.4095 0)
(167.769 -29.7004 0)
(156.103 -22.8877 0)
(132.862 -13.6358 0)
(111.053 -4.09065 0)
(93.5926 6.97011 0)
(77.2817 34.3793 0)
(63.7828 60.6954 0)
(58.6173 78.0163 0)
(54.1487 81.0905 0)
(43.1506 70.2681 0)
(27.5773 53.556 0)
(10.7881 33.2376 0)
(-3.33401 15.1568 0)
(-12.069 3.18091 0)
(-22.0638 -32.7432 0)
(-28.747 -57.3367 0)
(-24.8048 -63.8519 0)
(-12.0691 -52.9403 0)
(2.99968 -35.9774 0)
(15.2598 -19.5621 0)
(23.0213 -5.9283 0)
(27.5329 10.913 0)
(30.0704 23.7947 0)
(28.5564 30.8897 0)
(19.3518 33.7493 0)
(1.32959 31.9535 0)
(-17.5681 28.9484 0)
(-38.9573 24.3392 0)
(-59.4419 15.2911 0)
(-75.1439 8.29516 0)
(-84.7983 0.254831 0)
(-92.8882 -8.63678 0)
(-89.4887 -16.7597 0)
(-70.1758 -20.3498 0)
(-48.7819 -21.6072 0)
(-26.6258 -21.7272 0)
(-4.3194 -22.5081 0)
(13.5576 -17.6212 0)
(26.8726 -12.033 0)
(36.3644 -8.7039 0)
(41.5278 -6.76055 0)
(42.6756 -4.12315 0)
(40.5455 -0.976988 0)
(36.0037 2.63443 0)
(29.544 5.39561 0)
(21.9156 6.64735 0)
(14.0957 6.63021 0)
(7.2012 5.46356 0)
(2.43156 2.11692 0)
(-1.76556 -4.93007 0)
(-1.25814 -9.17098 0)
(3.90377 -11.4543 0)
(11.2971 -11.4942 0)
(19.2393 -9.77505 0)
(26.5147 -6.90284 0)
(32.1748 -3.21877 0)
(35.747 1.09006 0)
(36.2598 5.65655 0)
(33.4687 10.1403 0)
(27.982 14.4058 0)
(20.1195 18.2801 0)
(10.2157 21.6874 0)
(-1.58858 23.7032 0)
(-13.929 23.1973 0)
(-25.7113 21.0192 0)
(-36.1152 17.2991 0)
(-44.3252 12.3983 0)
(-49.7118 6.84059 0)
(-51.6215 1.28722 0)
(-50.03 -3.57926 0)
(-10.8215 13.0931 0)
(-15.9774 16.2814 0)
(-22.4858 17.7513 0)
(-29.974 16.0394 0)
(-39.8325 12.9424 0)
(-51.1195 8.05574 0)
(-56.5245 -0.783771 0)
(-68.4846 -13.8328 0)
(-75.5624 -29.1159 0)
(-78.6593 -46.855 0)
(-76.4151 -65.6296 0)
(-69.8361 -80.0776 0)
(-61.0339 -89.1928 0)
(-36.529 -92.7166 0)
(-13.1844 -81.0656 0)
(14.9141 -57.7643 0)
(44.2771 -35.5732 0)
(73.5358 -2.55351 0)
(119.693 33.3258 0)
(151.981 59.4578 0)
(180.931 73.8235 0)
(200.077 77.6688 0)
(209.906 75.8731 0)
(203.926 65.8375 0)
(188.876 52.9848 0)
(167.665 40.1633 0)
(142.292 28.1747 0)
(114.636 17.146 0)
(86.7971 7.31451 0)
(60.8322 -0.82488 0)
(38.8231 -7.26265 0)
(21.0114 -10.4357 0)
(5.9719 -7.33298 0)
(-7.13909 0.204137 0)
(-27.651 15.3406 0)
(-48.8575 31.7173 0)
(-71.684 43.5989 0)
(-93.362 49.0693 0)
(-116.173 49.2012 0)
(-141.629 44.1998 0)
(-168.864 37.0288 0)
(-197.512 27.16 0)
(-225.545 11.4536 0)
(-249.555 -11.0855 0)
(-266.372 -38.9653 0)
(-267.819 -68.696 0)
(-251.911 -94.4223 0)
(-196.13 -122.954 0)
(-138.763 -138.415 0)
(-97.0505 -135.721 0)
(-12.9633 -117.559 0)
(77.5838 -66.9956 0)
(145.57 -32.9558 0)
(182.065 15.6383 0)
(182.38 48.3784 0)
(170.913 66.9946 0)
(155.767 83.2672 0)
(138.984 93.8792 0)
(121.57 92.7702 0)
(103.161 83.0044 0)
(84.2634 67.767 0)
(63.9392 49.7986 0)
(44.3051 30.7626 0)
(32.9355 6.74561 0)
(23.3533 -26.6064 0)
(17.5222 -56.6207 0)
(20.066 -70.1976 0)
(29.6435 -64.8626 0)
(43.6091 -50.9989 0)
(58.3185 -32.593 0)
(68.0056 -10.2661 0)
(69.8439 11.8452 0)
(64.6698 30.1477 0)
(50.2174 43.7878 0)
(25.4408 54.7872 0)
(1.41298 58.6028 0)
(-25.1148 57.8643 0)
(-57.2622 53.3751 0)
(-80.9712 44.3502 0)
(-104.32 31.0998 0)
(-123.401 15.453 0)
(-137.729 -3.07004 0)
(-147.782 -24.6598 0)
(-150.531 -44.7783 0)
(-139.728 -57.4679 0)
(-114.193 -65.2038 0)
(-90.3453 -54.3455 0)
(-55.2505 -45.7847 0)
(-18.9744 -41.584 0)
(20.3924 -25.7687 0)
(51.6197 -15.8774 0)
(72.9871 -1.28087 0)
(84.8233 8.49679 0)
(86.0685 14.2373 0)
(79.7451 17.0125 0)
(68.2044 18.0103 0)
(53.9439 16.5779 0)
(39.7487 13.0624 0)
(28.3038 7.88967 0)
(20.9951 1.94315 0)
(17.1647 -11.7901 0)
(18.0123 -17.8103 0)
(23.5757 -19.8957 0)
(31.2552 -18.385 0)
(38.8849 -14.1772 0)
(44.7462 -8.23992 0)
(47.7651 -1.11236 0)
(47.062 6.77315 0)
(43.0148 14.8012 0)
(35.6329 22.5697 0)
(25.2729 29.8152 0)
(12.5305 35.6102 0)
(-1.55897 38.3942 0)
(-16.1361 38.2899 0)
(-30.6881 35.3201 0)
(-44.4887 29.7706 0)
(-56.8998 22.061 0)
(-67.3474 12.7272 0)
(-75.161 2.56454 0)
(-79.5043 -7.34736 0)
(-3.34864 17.1654 0)
(-6.84747 22.1337 0)
(-15.8689 25.9233 0)
(-25.887 25.6041 0)
(-39.0371 24.9642 0)
(-55.3271 19.4247 0)
(-70.7224 9.47903 0)
(-86.1513 -4.48149 0)
(-98.7399 -23.4349 0)
(-99.3084 -46.3209 0)
(-101.004 -71.661 0)
(-95.9187 -94.5666 0)
(-76.1729 -110.22 0)
(-44.3168 -116.914 0)
(1.69292 -109.819 0)
(25.2065 -84.8564 0)
(51.971 -64.7093 0)
(92.5891 -37.2989 0)
(123.08 -3.8177 0)
(155.032 25.5298 0)
(183.87 47.697 0)
(203.2 61.6667 0)
(214.074 70.1158 0)
(215.277 72.7854 0)
(204.825 68.6916 0)
(189.092 62.6788 0)
(168.494 55.3376 0)
(143.616 46.0487 0)
(115.384 34.822 0)
(86.7271 22.5347 0)
(63.6757 11.1828 0)
(49.6365 5.1755 0)
(42.0069 11.0001 0)
(33.4106 24.6823 0)
(22.9748 39.8439 0)
(21.2951 49.8132 0)
(10.0374 55.3542 0)
(-15.2323 62.5628 0)
(-55.7122 74.6759 0)
(-106.393 80.0403 0)
(-154.004 77.8195 0)
(-198.757 69.572 0)
(-240.08 49.7707 0)
(-276.941 18.2211 0)
(-309.189 -22.481 0)
(-334.268 -69.8966 0)
(-349.025 -120.942 0)
(-348.015 -163.01 0)
(-321.364 -184.017 0)
(-269.918 -189.699 0)
(-201.543 -187.858 0)
(-102.772 -165.2 0)
(-51.0769 -111.631 0)
(30.0769 -53.7053 0)
(129.156 -6.09689 0)
(185.129 56.764 0)
(210.5 99.1802 0)
(217.477 116.733 0)
(210.489 116.75 0)
(195.958 108.633 0)
(173.635 93.9797 0)
(147.07 74.2192 0)
(121.774 50.7406 0)
(102.57 22.1401 0)
(90.5026 -16.0316 0)
(79.6908 -53.5612 0)
(76.8112 -75.7531 0)
(79.2949 -76.2319 0)
(85.2613 -63.0027 0)
(89.6126 -41.2616 0)
(89.3886 -14.5817 0)
(82.6267 15.206 0)
(66.9334 43.579 0)
(44.6194 66.8901 0)
(16.5522 81.7942 0)
(-4.80941 87.786 0)
(-34.6457 87.3462 0)
(-61.381 80.0681 0)
(-80.7673 66.8753 0)
(-99.2942 51.3298 0)
(-114.504 34.1388 0)
(-127.012 14.7292 0)
(-138.57 -7.46378 0)
(-150.461 -31.6446 0)
(-161.836 -55.175 0)
(-168.165 -74.1608 0)
(-159.921 -85.5629 0)
(-137.826 -89.9889 0)
(-105.408 -86.035 0)
(-69.7275 -74.3399 0)
(-29.5576 -63.0284 0)
(17.526 -39.493 0)
(59.037 -18.6955 0)
(90.6134 6.39717 0)
(109.629 25.1061 0)
(113.818 34.9627 0)
(106.049 36.5764 0)
(92.3671 31.4167 0)
(77.5492 21.0572 0)
(65.0718 7.53637 0)
(55.3356 -6.47612 0)
(48.4315 -18.1803 0)
(45.6022 -24.6214 0)
(46.6816 -25.1063 0)
(49.5121 -20.5027 0)
(52.0358 -12.223 0)
(52.6796 -1.63218 0)
(50.5406 9.95872 0)
(45.2554 21.5981 0)
(36.7882 32.7178 0)
(25.4413 42.2055 0)
(12.3148 49.3305 0)
(-1.7444 53.1821 0)
(-16.1523 53.4 0)
(-30.284 50.2315 0)
(-43.5563 44.1278 0)
(-55.6498 35.5612 0)
(-66.3862 25.0021 0)
(-75.6463 12.8466 0)
(-83.271 -0.524662 0)
(10.22 19.3594 0)
(8.72078 27.8373 0)
(0.355431 35.7803 0)
(-10.0675 42.0285 0)
(-25.5199 44.6921 0)
(-45.9716 42.3919 0)
(-69.8878 33.1721 0)
(-96.9486 16.6219 0)
(-125.416 -8.42562 0)
(-147.462 -38.6513 0)
(-159.219 -70.662 0)
(-162.431 -106.225 0)
(-149.054 -144.122 0)
(-99.0265 -169.082 0)
(-38.2092 -154.237 0)
(10.1809 -122.004 0)
(52.4169 -95.993 0)
(79.8684 -73.8335 0)
(129.769 -37.7849 0)
(159.552 -2.89217 0)
(186.901 25.6814 0)
(205.543 47.3634 0)
(215.626 63.2162 0)
(219.91 75.4616 0)
(212.887 79.1675 0)
(201.939 77.567 0)
(188.303 74.2317 0)
(166.576 70.2676 0)
(135.965 63.5212 0)
(108.878 51.8996 0)
(104.776 33.3171 0)
(122.488 9.69286 0)
(142.074 -0.133643 0)
(181.874 3.58142 0)
(166.939 24.7134 0)
(127.298 55.5662 0)
(66.3046 93.9868 0)
(-12.3967 125.486 0)
(-71.5794 143.963 0)
(-113.088 143.819 0)
(-170.886 130.676 0)
(-190.561 109.819 0)
(-211 83.65 0)
(-231.102 51.3826 0)
(-252.499 11.7588 0)
(-278.273 -35.8569 0)
(-306.849 -91.4882 0)
(-333.675 -153.264 0)
(-349.029 -214.574 0)
(-337.644 -260.47 0)
(-286.907 -267.639 0)
(-221.27 -237.741 0)
(-152.01 -186.439 0)
(-65.7058 -140.449 0)
(-15.6572 -82.5362 0)
(55.0789 -30.1853 0)
(142.669 41.4892 0)
(209.813 89.8455 0)
(234.264 116.024 0)
(241.918 124.474 0)
(230.115 118.136 0)
(210.061 102.309 0)
(186.648 76.9827 0)
(166.105 41.8178 0)
(151.336 -2.19697 0)
(138.854 -44.8924 0)
(128.011 -70.4513 0)
(120.544 -74.2574 0)
(114.302 -60.9538 0)
(106.188 -36.3572 0)
(95.5112 -4.11218 0)
(79.6498 33.672 0)
(57.05 68.2329 0)
(32.9388 93.8717 0)
(7.21321 108.005 0)
(-18.3134 113.287 0)
(-41.5836 111.051 0)
(-61.8307 100.649 0)
(-80.2239 84.8133 0)
(-95.9876 65.8187 0)
(-108.256 44.8877 0)
(-117.631 23.2236 0)
(-125.029 1.37733 0)
(-131.749 -20.4345 0)
(-138.979 -42.4254 0)
(-147.183 -64.7385 0)
(-154.435 -85.8178 0)
(-156.104 -103.159 0)
(-145.521 -110.845 0)
(-123.967 -109.839 0)
(-94.3103 -101.724 0)
(-62.243 -85.3241 0)
(-26.195 -67.4537 0)
(19.6386 -37.3991 0)
(63.9095 -11.8876 0)
(100.994 19.4497 0)
(124.55 38.692 0)
(131.021 43.6028 0)
(125.689 36.6895 0)
(115.44 23.0218 0)
(102.668 6.60671 0)
(89.6304 -8.26719 0)
(78.2469 -18.504 0)
(69.4437 -22.2886 0)
(63.1524 -19.4507 0)
(58.4725 -11.2211 0)
(54.1273 0.727651 0)
(48.7531 14.7832 0)
(41.0656 29.2166 0)
(31.5589 42.848 0)
(20.5111 54.5095 0)
(8.24874 62.9114 0)
(-4.75052 67.2923 0)
(-17.8633 67.3425 0)
(-30.294 63.2971 0)
(-41.5839 55.8241 0)
(-51.6635 45.7379 0)
(-60.2689 33.6139 0)
(-67.5045 20.3143 0)
(-73.5312 6.34647 0)
(28.0099 14.5041 0)
(34.7695 24.774 0)
(31.3438 35.8371 0)
(18.5251 48.0186 0)
(-5.3984 56.753 0)
(-38.2836 60.0829 0)
(-75.5127 63.541 0)
(-119.739 53.3321 0)
(-163.065 27.2186 0)
(-198.594 -10.0721 0)
(-222.046 -51.4829 0)
(-236.34 -99.5983 0)
(-253.123 -167.469 0)
(-232.988 -224.977 0)
(-156.022 -223.348 0)
(-67.4174 -185.154 0)
(6.69074 -142.906 0)
(63.9525 -112.214 0)
(110.678 -81.5942 0)
(148.294 -36.1667 0)
(179.903 3.68376 0)
(202.088 33.2151 0)
(214.203 56.1183 0)
(220.034 75.0027 0)
(220.491 86.2983 0)
(213.192 88.07 0)
(197.73 90.2107 0)
(174.229 95.4567 0)
(161.845 90.284 0)
(186.27 53.8218 0)
(241.629 -7.03197 0)
(294.797 -46.1473 0)
(290.776 -31.2707 0)
(234.626 26.4457 0)
(148.5 98.5715 0)
(56.1253 152.35 0)
(-12.8046 187.404 0)
(-98.1944 198.212 0)
(-130.707 188.039 0)
(-152.173 171.529 0)
(-161.003 148.62 0)
(-165.767 121.187 0)
(-170.303 94.0508 0)
(-177.064 64.8571 0)
(-189.097 30.3008 0)
(-205.603 -11.7126 0)
(-228.572 -62.5588 0)
(-255.255 -122.822 0)
(-282.083 -190.764 0)
(-303.078 -259.221 0)
(-303.894 -306.744 0)
(-265.459 -302.793 0)
(-201.774 -264.95 0)
(-127.184 -206.274 0)
(-55.8325 -147.324 0)
(-18.3653 -90.607 0)
(66.0673 -44.3932 0)
(127.805 23.9549 0)
(180.067 77.7073 0)
(216.01 111.688 0)
(229.31 124.986 0)
(223.757 117.888 0)
(212.432 95.4629 0)
(199.676 59.0347 0)
(187.122 13.1192 0)
(172.852 -30.4229 0)
(157.182 -57.5224 0)
(142.274 -62.4889 0)
(127.732 -48.8178 0)
(112.476 -22.4896 0)
(96.4442 13.4408 0)
(74.8948 54.5173 0)
(51.5528 90.922 0)
(28.0393 117.903 0)
(3.27719 133.707 0)
(-21.4962 138.411 0)
(-43.9255 132.769 0)
(-63.3097 119.99 0)
(-79.5425 101.681 0)
(-92.6188 79.7668 0)
(-102.701 55.7963 0)
(-109.968 31.0065 0)
(-114.249 6.48391 0)
(-117.039 -16.7965 0)
(-119.284 -38.3372 0)
(-122.105 -58.4201 0)
(-126.435 -78.1497 0)
(-131.9 -98.699 0)
(-135.597 -117.725 0)
(-130.13 -127.301 0)
(-115.13 -125.589 0)
(-92.7199 -114.855 0)
(-61.8769 -100.527 0)
(-35.3113 -79.7359 0)
(0.134686 -60.4375 0)
(47.1816 -27.3358 0)
(87.1548 6.75546 0)
(118.726 28.9908 0)
(138.198 36.5778 0)
(141.492 32.1528 0)
(134.914 20.5468 0)
(122.354 7.04636 0)
(107.077 -3.96817 0)
(91.7582 -9.8461 0)
(77.9724 -9.50017 0)
(66.3532 -3.19106 0)
(56.6853 8.07553 0)
(47.6425 22.947 0)
(37.5348 38.5063 0)
(27.4304 53.4523 0)
(16.5067 66.1512 0)
(4.74136 75.3584 0)
(-7.5482 80.2008 0)
(-19.5732 79.848 0)
(-30.47 74.6873 0)
(-40.1403 66.0889 0)
(-48.435 54.6805 0)
(-55.385 41.1744 0)
(-61.0836 26.2711 0)
(-65.246 10.653 0)
)
;

boundaryField
{
    inlet
    {
        type            calculated;
        value           nonuniform List<vector> 0();
    }
    outlet
    {
        type            calculated;
        value           nonuniform List<vector> 0();
    }
    topWall
    {
        type            calculated;
        value           nonuniform List<vector> 0();
    }
    lowerWall
    {
        type            calculated;
        value           uniform (0 0 0);
    }
    leadingEdge
    {
        type            calculated;
        value           nonuniform List<vector> 0();
    }
    trailingEdge
    {
        type            calculated;
        value           uniform (0 0 0);
    }
    upperSurface
    {
        type            calculated;
        value           nonuniform List<vector> 0();
    }
    lowerSurface
    {
        type            calculated;
        value           uniform (0 0 0);
    }
    frontAndBack
    {
        type            empty;
    }
    procBoundary1to0
    {
        type            processor;
        value           nonuniform List<vector> 10((-4.47781 0.206746 0) (-5.35646 0.349919 0) (-5.58386 0.811952 0) (-5.52846 1.16442 0) (-5.22332 1.65949 0) (-4.67492 2.03066 0) (-3.72745 2.53344 0) (-1.74749 2.66733 0) (-2.36941 3.314 0) (-1.53458 0.907901 0));
    }
    procBoundary1to2
    {
        type            processor;
        value           nonuniform List<vector> 
16
(
(-55.843 13.8248 0)
(-55.843 13.8248 0)
(-44.3182 16.2638 0)
(-30.8691 17.5297 0)
(-16.4693 17.2781 0)
(-2.59807 12.7518 0)
(-13.3813 -0.281703 0)
(-13.4425 -0.93349 0)
(-13.2824 -1.75052 0)
(-14.7718 -2.45763 0)
(-24.485 -4.47846 0)
(-45.6993 -7.59539 0)
(-78.5305 -15.6917 0)
(-88.6932 -14.3572 0)
(-78.5193 -8.1398 0)
(-68.0215 -5.09774 0)
)
;
    }
    procBoundary1to5
    {
        type            processor;
        value           nonuniform List<vector> 
119
(
(6.35197 68.2055 0)
(15.0013 86.0882 0)
(23.5104 113.617 0)
(30.9884 149.929 0)
(33.5968 186.599 0)
(34.173 213.629 0)
(40.4358 226.823 0)
(38.6615 214.719 0)
(41.6534 181.41 0)
(50.7624 131.286 0)
(55.1473 63.329 0)
(65.0877 -22.1484 0)
(30.1668 -152.053 0)
(-33.1163 -282.991 0)
(-116.057 -388.578 0)
(-160.835 -451.239 0)
(-169.215 -457.047 0)
(-152.285 -419.715 0)
(-131.322 -362.678 0)
(-102.018 -296.374 0)
(-65.2054 -231.078 0)
(-22.0115 -172.767 0)
(26.1102 -127.296 0)
(79.1563 -98.6311 0)
(128.906 -88.6219 0)
(169.747 -81.9036 0)
(178.878 -53.7665 0)
(155.471 -14.367 0)
(138.116 65.37 0)
(42.7719 178.423 0)
(-41.2036 310.466 0)
(-113.55 407.949 0)
(-164.209 457.788 0)
(-183.705 455.957 0)
(-181.763 420.02 0)
(-164.671 360.621 0)
(-135.766 287.506 0)
(-100.48 209.771 0)
(-63.5747 134.528 0)
(-27.4654 70.3 0)
(6.41635 26.6369 0)
(37.505 -15.2609 0)
(82.8712 -45.9094 0)
(120.956 -39.7075 0)
(148.469 -13.7007 0)
(162.803 15.4299 0)
(160.479 31.746 0)
(147.128 25.4818 0)
(124.109 -9.52248 0)
(84.838 -74.9608 0)
(41.8672 -156.925 0)
(0.424351 -238.522 0)
(-37.7891 -304.546 0)
(-69.2066 -342.574 0)
(-88.185 -342.394 0)
(-96.3197 -314.646 0)
(-95.4895 -268.171 0)
(-86.1038 -210.482 0)
(-70.5163 -149.758 0)
(-51.1995 -92.5485 0)
(-29.48 -46.248 0)
(-7.62571 -15.3228 0)
(16.5176 21.6552 0)
(39.4455 35.1187 0)
(49.6362 32.9492 0)
(50.2803 27.086 0)
(46.4208 27.3184 0)
(35.4864 36.6992 0)
(19.3277 60.7496 0)
(1.25711 96.8614 0)
(-16.7972 139.439 0)
(-33.6226 181.951 0)
(-48.0875 217.755 0)
(-57.0817 238.52 0)
(-57.2565 236.737 0)
(-51.2348 219.972 0)
(-40.7265 191.486 0)
(-27.1315 155.534 0)
(-12.5804 114.814 0)
(0.583947 73.4765 0)
(16.4921 33.1259 0)
(33.4409 6.44345 0)
(49.1246 -21.586 0)
(56.8115 -36.7757 0)
(57.1348 -45.5087 0)
(53.2419 -49.9909 0)
(45.0816 -55.6022 0)
(33.8715 -65.2707 0)
(22.0736 -79.8591 0)
(10.6912 -98.3432 0)
(0.024636 -118.875 0)
(-9.76533 -138.979 0)
(-18.2275 -155.193 0)
(-23.7691 -162.868 0)
(-25.5455 -159.146 0)
(-24.8874 -147.607 0)
(-22.3321 -128.998 0)
(-18.4733 -104.62 0)
(-13.9104 -77.0666 0)
(-8.87698 -48.9796 0)
(-3.35026 -23.9373 0)
(3.49578 -8.31683 0)
(10.6307 23.0285 0)
(9.05506 41.1196 0)
(8.92827 55.5339 0)
(4.91475 68.0492 0)
(2.53135 79.3094 0)
(-2.45394 90.0784 0)
(-7.74076 100.628 0)
(-12.3449 110.765 0)
(-16.5461 119.35 0)
(-18.8029 123.027 0)
(-18.3651 119.896 0)
(-15.6841 111.667 0)
(-11.1211 99.2269 0)
(-5.77183 83.4103 0)
(-0.25646 64.8265 0)
(3.83698 44.8036 0)
(6.12731 26.7502 0)
)
;
    }
}


// ************************************************************************* //
