/*--------------------------------*- C++ -*----------------------------------*\
| =========                 |                                                 |
| \\      /  F ield         | OpenFOAM: The Open Source CFD Toolbox           |
|  \\    /   O peration     | Version:  2206                                  |
|   \\  /    A nd           | Website:  www.openfoam.com                      |
|    \\/     M anipulation  |                                                 |
\*---------------------------------------------------------------------------*/
FoamFile
{
    version     2.0;
    format      ascii;
    arch        "LSB;label=32;scalar=64";
    class       volVectorField;
    location    "19.1001";
    object      U_0;
}
// * * * * * * * * * * * * * * * * * * * * * * * * * * * * * * * * * * * * * //

dimensions      [0 1 -1 0 0 0 0];

internalField   nonuniform List<vector> 
1826
(
(1.47766 -0.000704411 0)
(1.47792 -0.0020967 0)
(1.47852 -0.00342946 0)
(1.47942 -0.00466164 0)
(1.48057 -0.00577233 0)
(1.4819 -0.00675931 0)
(1.48339 -0.00762984 0)
(1.48501 -0.00839312 0)
(1.48674 -0.00905853 0)
(1.48857 -0.00963643 0)
(1.49048 -0.0101379 0)
(1.49245 -0.0105734 0)
(1.49448 -0.0109526 0)
(1.49656 -0.0112836 0)
(1.49868 -0.0115732 0)
(1.50085 -0.0118269 0)
(1.50304 -0.0120493 0)
(1.50526 -0.0122439 0)
(1.50752 -0.0124138 0)
(1.50979 -0.0125615 0)
(1.51209 -0.0126887 0)
(1.5144 -0.012797 0)
(1.51673 -0.0128873 0)
(1.51907 -0.0129604 0)
(1.52142 -0.0130167 0)
(1.52378 -0.0130566 0)
(1.52615 -0.0130799 0)
(1.52851 -0.0130868 0)
(1.53088 -0.013077 0)
(1.53325 -0.0130504 0)
(1.53561 -0.0130065 0)
(1.53796 -0.012945 0)
(1.5403 -0.0128656 0)
(1.54262 -0.012768 0)
(1.54493 -0.0126525 0)
(1.54721 -0.0125192 0)
(1.54947 -0.0123683 0)
(1.55169 -0.0122004 0)
(1.55389 -0.0120161 0)
(1.55605 -0.0118159 0)
(1.55817 -0.0116008 0)
(1.56025 -0.0113716 0)
(1.56229 -0.0111295 0)
(1.56428 -0.0108754 0)
(1.56623 -0.0106103 0)
(1.56812 -0.0103352 0)
(1.56997 -0.0100512 0)
(1.57176 -0.00975937 0)
(1.5735 -0.00946068 0)
(1.57519 -0.00915636 0)
(1.57682 -0.0088471 0)
(1.57839 -0.00853349 0)
(1.57991 -0.00821523 0)
(1.58138 -0.00789207 0)
(1.58279 -0.00756326 0)
(1.58415 -0.00722817 0)
(1.58545 -0.00688531 0)
(1.5867 -0.00653339 0)
(1.58789 -0.00616968 0)
(1.58903 -0.00579227 0)
(1.59011 -0.0053967 0)
(1.59112 -0.00498038 0)
(1.59208 -0.00453666 0)
(1.59297 -0.00406201 0)
(1.5938 -0.00354755 0)
(1.59455 -0.00298775 0)
(1.59523 -0.00237247 0)
(1.59582 -0.00169289 0)
(1.59632 -0.000935007 0)
(1.59672 -8.58173e-05 0)
(1.597 0.000871405 0)
(1.59715 0.00195617 0)
(1.59716 0.00319093 0)
(1.59701 0.00460194 0)
(1.59668 0.00622019 0)
(1.59614 0.00808245 0)
(1.59537 0.0102326 0)
(1.59432 0.0127232 0)
(1.59297 0.0156176 0)
(1.59127 0.0189922 0)
(1.58917 0.0229393 0)
(1.58661 0.0275713 0)
(1.58352 0.0330261 0)
(1.57984 0.039473 0)
(1.57546 0.0471209 0)
(1.57031 0.0562285 0)
(1.56426 0.067119 0)
(1.5572 0.0801986 0)
(1.549 0.0959817 0)
(1.53954 0.115126 0)
(1.52869 0.138476 0)
(1.51633 0.167129 0)
(1.5024 0.202522 0)
(1.48686 0.246576 0)
(1.47 0.301865 0)
(1.45179 0.372137 0)
(1.43485 0.462349 0)
(1.41528 0.58192 0)
(1.42117 0.739385 0)
(1.38991 0.975868 0)
(1.65085 1.25705 0)
(1.54995 1.97674 0)
(1.47767 -0.00087937 0)
(1.47797 -0.00261437 0)
(1.47867 -0.0042599 0)
(1.47971 -0.00575778 0)
(1.481 -0.00708676 0)
(1.48247 -0.00825362 0)
(1.48409 -0.00927293 0)
(1.48583 -0.0101587 0)
(1.48767 -0.0109244 0)
(1.4896 -0.0115845 0)
(1.49159 -0.0121538 0)
(1.49363 -0.0126459 0)
(1.49572 -0.0130727 0)
(1.49785 -0.0134444 0)
(1.50002 -0.0137691 0)
(1.50222 -0.0140532 0)
(1.50445 -0.0143019 0)
(1.50671 -0.0145197 0)
(1.50899 -0.01471 0)
(1.51129 -0.0148755 0)
(1.51361 -0.0150183 0)
(1.51594 -0.0151399 0)
(1.5183 -0.0152414 0)
(1.52066 -0.0153237 0)
(1.52303 -0.0153872 0)
(1.52542 -0.015432 0)
(1.5278 -0.015458 0)
(1.53019 -0.0154653 0)
(1.53259 -0.0154536 0)
(1.53497 -0.0154229 0)
(1.53736 -0.0153723 0)
(1.53973 -0.0153011 0)
(1.5421 -0.0152084 0)
(1.54444 -0.0150941 0)
(1.54677 -0.0149583 0)
(1.54908 -0.0148011 0)
(1.55136 -0.0146231 0)
(1.55361 -0.0144248 0)
(1.55583 -0.0142068 0)
(1.55801 -0.0139699 0)
(1.56015 -0.0137151 0)
(1.56225 -0.0134436 0)
(1.56431 -0.0131567 0)
(1.56632 -0.0128558 0)
(1.56828 -0.0125419 0)
(1.57019 -0.0122162 0)
(1.57205 -0.0118799 0)
(1.57385 -0.0115343 0)
(1.5756 -0.0111809 0)
(1.5773 -0.010821 0)
(1.57893 -0.0104563 0)
(1.58052 -0.0100873 0)
(1.58205 -0.00971411 0)
(1.58353 -0.00933606 0)
(1.58495 -0.00895282 0)
(1.58632 -0.00856303 0)
(1.58763 -0.00816575 0)
(1.58889 -0.00775869 0)
(1.5901 -0.00733996 0)
(1.59125 -0.00690606 0)
(1.59235 -0.00645393 0)
(1.5934 -0.00597824 0)
(1.59439 -0.00547486 0)
(1.59532 -0.00493581 0)
(1.5962 -0.00435596 0)
(1.59701 -0.00372434 0)
(1.59775 -0.00303375 0)
(1.59842 -0.00226994 0)
(1.59901 -0.0014209 0)
(1.59952 -0.000470701 0)
(1.59993 0.000599281 0)
(1.60024 0.00181004 0)
(1.60042 0.00318587 0)
(1.60048 0.00475535 0)
(1.60039 0.00655217 0)
(1.60014 0.00861621 0)
(1.5997 0.0109949 0)
(1.59905 0.0137449 0)
(1.59817 0.0169337 0)
(1.59703 0.0206421 0)
(1.5956 0.0249676 0)
(1.59383 0.0300283 0)
(1.59171 0.0359679 0)
(1.58918 0.0429616 0)
(1.5862 0.0512231 0)
(1.58274 0.0610149 0)
(1.57876 0.0726625 0)
(1.57424 0.0865693 0)
(1.56919 0.103239 0)
(1.56362 0.123307 0)
(1.55765 0.147579 0)
(1.55143 0.177082 0)
(1.54531 0.213128 0)
(1.5398 0.257415 0)
(1.53605 0.312168 0)
(1.53526 0.380381 0)
(1.54227 0.46599 0)
(1.55745 0.574812 0)
(1.60826 0.711995 0)
(1.66838 0.892732 0)
(1.87123 1.0732 0)
(2.07467 1.47021 0)
(1.47768 -0.00108974 0)
(1.47805 -0.00323028 0)
(1.47889 -0.0052328 0)
(1.48013 -0.00701594 0)
(1.48162 -0.00856288 0)
(1.48327 -0.00989467 0)
(1.48505 -0.0110487 0)
(1.48693 -0.0120427 0)
(1.4889 -0.0128954 0)
(1.49094 -0.013627 0)
(1.49303 -0.0142572 0)
(1.49516 -0.0148024 0)
(1.49732 -0.0152771 0)
(1.49951 -0.0156927 0)
(1.50173 -0.0160579 0)
(1.50398 -0.0163789 0)
(1.50625 -0.0166611 0)
(1.50854 -0.0169092 0)
(1.51086 -0.0171269 0)
(1.51319 -0.0173169 0)
(1.51554 -0.0174814 0)
(1.51791 -0.0176219 0)
(1.52029 -0.0177396 0)
(1.52268 -0.0178354 0)
(1.52508 -0.0179094 0)
(1.52749 -0.0179616 0)
(1.5299 -0.0179915 0)
(1.53232 -0.0179992 0)
(1.53474 -0.0179846 0)
(1.53715 -0.017948 0)
(1.53956 -0.0178886 0)
(1.54197 -0.017805 0)
(1.54436 -0.0176964 0)
(1.54674 -0.0175625 0)
(1.5491 -0.0174031 0)
(1.55143 -0.0172186 0)
(1.55374 -0.0170095 0)
(1.55602 -0.0167766 0)
(1.55827 -0.0165207 0)
(1.56048 -0.0162428 0)
(1.56264 -0.0159438 0)
(1.56477 -0.0156254 0)
(1.56685 -0.0152893 0)
(1.56888 -0.0149375 0)
(1.57086 -0.0145708 0)
(1.57279 -0.0141911 0)
(1.57466 -0.0137993 0)
(1.57648 -0.0133975 0)
(1.57824 -0.012987 0)
(1.57995 -0.0125703 0)
(1.5816 -0.012149 0)
(1.58319 -0.0117236 0)
(1.58473 -0.0112936 0)
(1.58622 -0.0108591 0)
(1.58765 -0.0104198 0)
(1.58903 -0.00997507 0)
(1.59036 -0.00952317 0)
(1.59164 -0.00906243 0)
(1.59286 -0.00858996 0)
(1.59404 -0.00810288 0)
(1.59516 -0.0075968 0)
(1.59624 -0.00706741 0)
(1.59727 -0.00650808 0)
(1.59824 -0.00591335 0)
(1.59917 -0.00527332 0)
(1.60004 -0.00458115 0)
(1.60086 -0.00382346 0)
(1.60162 -0.0029891 0)
(1.60231 -0.00206325 0)
(1.60294 -0.0010288 0)
(1.60349 0.000133685 0)
(1.60395 0.00144639 0)
(1.60433 0.00293548 0)
(1.60461 0.00463098 0)
(1.60478 0.00656729 0)
(1.60483 0.00878529 0)
(1.60475 0.0113346 0)
(1.60453 0.0142743 0)
(1.60415 0.017674 0)
(1.6036 0.0216157 0)
(1.60286 0.0261966 0)
(1.60194 0.0315358 0)
(1.6008 0.037779 0)
(1.59947 0.0450997 0)
(1.59792 0.0537041 0)
(1.59619 0.0638415 0)
(1.5943 0.0758194 0)
(1.59232 0.090014 0)
(1.59035 0.106888 0)
(1.58858 0.127013 0)
(1.58728 0.151105 0)
(1.58685 0.180045 0)
(1.58789 0.214914 0)
(1.59132 0.257019 0)
(1.59867 0.307969 0)
(1.61197 0.369579 0)
(1.63533 0.444092 0)
(1.67251 0.532874 0)
(1.73474 0.636969 0)
(1.82694 0.756348 0)
(1.95591 0.84972 0)
(2.19679 1.01247 0)
(1.4777 -0.00135079 0)
(1.47818 -0.00400024 0)
(1.47925 -0.00641628 0)
(1.48077 -0.00850336 0)
(1.48252 -0.0102617 0)
(1.4844 -0.0117485 0)
(1.48637 -0.0130123 0)
(1.48842 -0.0140837 0)
(1.49054 -0.0149878 0)
(1.4927 -0.0157528 0)
(1.49489 -0.0164032 0)
(1.4971 -0.016962 0)
(1.49934 -0.0174478 0)
(1.50159 -0.0178744 0)
(1.50387 -0.0182513 0)
(1.50617 -0.0185845 0)
(1.50848 -0.0188793 0)
(1.51082 -0.0191403 0)
(1.51317 -0.0193711 0)
(1.51554 -0.0195743 0)
(1.51793 -0.019752 0)
(1.52032 -0.0199057 0)
(1.52274 -0.0200362 0)
(1.52516 -0.0201447 0)
(1.52759 -0.0202311 0)
(1.53004 -0.0202946 0)
(1.53249 -0.0203346 0)
(1.53494 -0.0203507 0)
(1.53739 -0.0203429 0)
(1.53984 -0.0203102 0)
(1.54229 -0.0202508 0)
(1.54473 -0.0201624 0)
(1.54717 -0.0200445 0)
(1.54958 -0.0198974 0)
(1.55198 -0.0197208 0)
(1.55436 -0.0195153 0)
(1.55671 -0.019281 0)
(1.55902 -0.019019 0)
(1.56131 -0.0187298 0)
(1.56355 -0.0184149 0)
(1.56575 -0.018075 0)
(1.56791 -0.0177129 0)
(1.57002 -0.0173302 0)
(1.57208 -0.0169293 0)
(1.57409 -0.01651 0)
(1.57604 -0.0160754 0)
(1.57794 -0.0156262 0)
(1.57978 -0.0151653 0)
(1.58156 -0.0146942 0)
(1.58329 -0.0142192 0)
(1.58495 -0.0137444 0)
(1.58656 -0.0132673 0)
(1.58811 -0.0127855 0)
(1.58961 -0.0122985 0)
(1.59106 -0.0118069 0)
(1.59245 -0.0113101 0)
(1.59379 -0.0108072 0)
(1.59509 -0.0102965 0)
(1.59633 -0.00977523 0)
(1.59753 -0.00924027 0)
(1.59868 -0.00868741 0)
(1.59979 -0.00811142 0)
(1.60085 -0.00750671 0)
(1.60187 -0.00686511 0)
(1.60284 -0.00617993 0)
(1.60378 -0.00543884 0)
(1.60467 -0.00463135 0)
(1.60551 -0.00374384 0)
(1.6063 -0.00276075 0)
(1.60705 -0.00166475 0)
(1.60774 -0.000436056 0)
(1.60837 0.000947789 0)
(1.60894 0.0025148 0)
(1.60944 0.00429708 0)
(1.60987 0.00632891 0)
(1.61023 0.0086498 0)
(1.61051 0.0113088 0)
(1.61072 0.0143656 0)
(1.61085 0.0178895 0)
(1.6109 0.0219622 0)
(1.61087 0.026674 0)
(1.61078 0.0321365 0)
(1.61065 0.0384927 0)
(1.6105 0.0459138 0)
(1.61037 0.0545947 0)
(1.61032 0.0647664 0)
(1.61044 0.076703 0)
(1.61087 0.0907206 0)
(1.61182 0.107213 0)
(1.61355 0.126665 0)
(1.61648 0.149664 0)
(1.62116 0.176899 0)
(1.62833 0.209161 0)
(1.63907 0.247337 0)
(1.65494 0.292408 0)
(1.6781 0.345261 0)
(1.71148 0.406638 0)
(1.75908 0.476308 0)
(1.82461 0.55195 0)
(1.91929 0.633704 0)
(2.03212 0.695901 0)
(2.20972 0.779781 0)
(1.47774 -0.00170841 0)
(1.4784 -0.00502013 0)
(1.47982 -0.00788448 0)
(1.48174 -0.0102452 0)
(1.48384 -0.012189 0)
(1.486 -0.0138256 0)
(1.48822 -0.0152103 0)
(1.49049 -0.016377 0)
(1.49279 -0.0173572 0)
(1.49511 -0.0181858 0)
(1.49742 -0.018888 0)
(1.49974 -0.01949 0)
(1.50205 -0.0200133 0)
(1.50438 -0.0204737 0)
(1.50672 -0.0208792 0)
(1.50907 -0.0212371 0)
(1.51144 -0.0215537 0)
(1.51383 -0.0218339 0)
(1.51623 -0.0220808 0)
(1.51864 -0.0222969 0)
(1.52107 -0.022484 0)
(1.52351 -0.0226439 0)
(1.52596 -0.0227776 0)
(1.52842 -0.022886 0)
(1.5309 -0.0229678 0)
(1.53338 -0.023023 0)
(1.53588 -0.0230508 0)
(1.53837 -0.0230525 0)
(1.54087 -0.0230339 0)
(1.54337 -0.0229937 0)
(1.54587 -0.0229245 0)
(1.54836 -0.0228204 0)
(1.55085 -0.0226808 0)
(1.55332 -0.0225075 0)
(1.55577 -0.0223002 0)
(1.5582 -0.022061 0)
(1.5606 -0.0217898 0)
(1.56296 -0.0214893 0)
(1.56529 -0.0211583 0)
(1.56757 -0.0207985 0)
(1.56982 -0.0204073 0)
(1.57201 -0.0199912 0)
(1.57415 -0.0195553 0)
(1.57623 -0.0191053 0)
(1.57826 -0.0186355 0)
(1.58022 -0.0181486 0)
(1.58212 -0.0176438 0)
(1.58396 -0.0171235 0)
(1.58573 -0.016583 0)
(1.58743 -0.0160364 0)
(1.58906 -0.0154957 0)
(1.59064 -0.0149589 0)
(1.59217 -0.0144205 0)
(1.59364 -0.0138789 0)
(1.59505 -0.0133338 0)
(1.59641 -0.0127843 0)
(1.59772 -0.0122307 0)
(1.59897 -0.011669 0)
(1.60018 -0.0110986 0)
(1.60134 -0.0105158 0)
(1.60245 -0.00991612 0)
(1.60353 -0.00929466 0)
(1.60457 -0.00864449 0)
(1.60557 -0.00795991 0)
(1.60654 -0.00723014 0)
(1.60748 -0.00644657 0)
(1.60838 -0.0055964 0)
(1.60926 -0.00466468 0)
(1.6101 -0.00363494 0)
(1.61092 -0.00249005 0)
(1.6117 -0.00121089 0)
(1.61246 0.000224881 0)
(1.61318 0.00184195 0)
(1.61389 0.00367209 0)
(1.61459 0.00575104 0)
(1.61527 0.00812016 0)
(1.61593 0.0108274 0)
(1.61657 0.0139287 0)
(1.61722 0.0174902 0)
(1.61787 0.0215904 0)
(1.61858 0.0263199 0)
(1.61928 0.0317809 0)
(1.62008 0.0380918 0)
(1.62104 0.0453992 0)
(1.6223 0.053866 0)
(1.62394 0.06372 0)
(1.62604 0.0752246 0)
(1.62879 0.088616 0)
(1.63248 0.104187 0)
(1.63746 0.122341 0)
(1.6442 0.14358 0)
(1.65331 0.168412 0)
(1.66556 0.197295 0)
(1.68204 0.230693 0)
(1.70423 0.269084 0)
(1.734 0.312815 0)
(1.7736 0.361814 0)
(1.82612 0.415503 0)
(1.89378 0.47115 0)
(1.98303 0.528299 0)
(2.09137 0.573635 0)
(2.22542 0.61276 0)
(1.47783 -0.0022453 0)
(1.47886 -0.00650403 0)
(1.48089 -0.00987428 0)
(1.48337 -0.0124199 0)
(1.48585 -0.014398 0)
(1.4883 -0.0160162 0)
(1.49077 -0.0173551 0)
(1.49327 -0.0184574 0)
(1.49576 -0.0193665 0)
(1.49823 -0.0201318 0)
(1.50068 -0.0207874 0)
(1.50311 -0.0213601 0)
(1.50552 -0.0218785 0)
(1.50793 -0.0223495 0)
(1.51035 -0.0227702 0)
(1.51279 -0.0231453 0)
(1.51523 -0.0234834 0)
(1.51769 -0.0237899 0)
(1.52016 -0.0240671 0)
(1.52264 -0.0243168 0)
(1.52514 -0.024539 0)
(1.52764 -0.0247342 0)
(1.53016 -0.024901 0)
(1.53269 -0.0250535 0)
(1.53522 -0.0251809 0)
(1.53775 -0.0252791 0)
(1.54028 -0.0253387 0)
(1.5428 -0.025355 0)
(1.5453 -0.0253467 0)
(1.5478 -0.0253221 0)
(1.55031 -0.0252688 0)
(1.55279 -0.0251776 0)
(1.55527 -0.0250443 0)
(1.5577 -0.0248712 0)
(1.56012 -0.0246549 0)
(1.56248 -0.024401 0)
(1.56482 -0.0241046 0)
(1.56709 -0.0237759 0)
(1.56933 -0.0234088 0)
(1.5715 -0.0230149 0)
(1.57364 -0.0225794 0)
(1.57567 -0.0221204 0)
(1.57768 -0.0216195 0)
(1.57958 -0.0211019 0)
(1.58147 -0.0205501 0)
(1.58323 -0.0199976 0)
(1.58499 -0.0194159 0)
(1.58662 -0.0188381 0)
(1.58826 -0.0182462 0)
(1.58987 -0.0176464 0)
(1.59138 -0.017042 0)
(1.5928 -0.0164357 0)
(1.59414 -0.0158289 0)
(1.59541 -0.0152222 0)
(1.59661 -0.014616 0)
(1.59775 -0.01401 0)
(1.59883 -0.0134033 0)
(1.59985 -0.0127942 0)
(1.60083 -0.0121802 0)
(1.60176 -0.0115578 0)
(1.60265 -0.0109229 0)
(1.60351 -0.0102697 0)
(1.60433 -0.00959194 0)
(1.60513 -0.00888184 0)
(1.6059 -0.00813082 0)
(1.60665 -0.00732819 0)
(1.60738 -0.00646171 0)
(1.6081 -0.00551779 0)
(1.60882 -0.00447737 0)
(1.60953 -0.00332264 0)
(1.61025 -0.00203485 0)
(1.61097 -0.000593684 0)
(1.6117 0.00102374 0)
(1.61245 0.00285008 0)
(1.61321 0.00491995 0)
(1.61401 0.00727597 0)
(1.61486 0.00996544 0)
(1.61578 0.0130398 0)
(1.61678 0.0165592 0)
(1.6179 0.0205924 0)
(1.61918 0.0252239 0)
(1.62067 0.0305499 0)
(1.62243 0.0366699 0)
(1.62449 0.0437009 0)
(1.62704 0.0517865 0)
(1.62989 0.0611042 0)
(1.63384 0.0718505 0)
(1.6388 0.08423 0)
(1.64508 0.0984407 0)
(1.65318 0.114638 0)
(1.66365 0.133287 0)
(1.67697 0.154895 0)
(1.69381 0.179713 0)
(1.71522 0.207833 0)
(1.74254 0.239354 0)
(1.77734 0.274398 0)
(1.82129 0.312586 0)
(1.87642 0.352878 0)
(1.94446 0.392983 0)
(2.02769 0.430875 0)
(2.12626 0.45994 0)
(2.23786 0.476864 0)
(1.47801 -0.00312095 0)
(1.47978 -0.00857121 0)
(1.48287 -0.0125369 0)
(1.48628 -0.0154832 0)
(1.48933 -0.0177353 0)
(1.49217 -0.019536 0)
(1.49498 -0.0209535 0)
(1.49775 -0.0221234 0)
(1.50047 -0.0230908 0)
(1.50313 -0.0238757 0)
(1.50571 -0.0244617 0)
(1.50821 -0.024949 0)
(1.51068 -0.0254161 0)
(1.51314 -0.0258579 0)
(1.5156 -0.0262532 0)
(1.51804 -0.0266008 0)
(1.52044 -0.0269042 0)
(1.52283 -0.0271756 0)
(1.52518 -0.0274162 0)
(1.52754 -0.0276317 0)
(1.52987 -0.0278203 0)
(1.5322 -0.0279822 0)
(1.53448 -0.0281161 0)
(1.53678 -0.0282165 0)
(1.53903 -0.0282896 0)
(1.54132 -0.0283414 0)
(1.54352 -0.0283697 0)
(1.54586 -0.0283715 0)
(1.54819 -0.0283383 0)
(1.55043 -0.0282634 0)
(1.55262 -0.0281438 0)
(1.55474 -0.0279811 0)
(1.5568 -0.0277757 0)
(1.55879 -0.0275287 0)
(1.5607 -0.0272409 0)
(1.56253 -0.0269134 0)
(1.56429 -0.0265469 0)
(1.56597 -0.0261429 0)
(1.56754 -0.0257032 0)
(1.56902 -0.0252243 0)
(1.57042 -0.0247008 0)
(1.57173 -0.0241482 0)
(1.57296 -0.0235918 0)
(1.5741 -0.0230195 0)
(1.57516 -0.0224108 0)
(1.57613 -0.0217806 0)
(1.57702 -0.0211354 0)
(1.57782 -0.0204814 0)
(1.57853 -0.0198276 0)
(1.57916 -0.0191655 0)
(1.5797 -0.0184876 0)
(1.58018 -0.0177996 0)
(1.5806 -0.0171102 0)
(1.58095 -0.0164238 0)
(1.58124 -0.015742 0)
(1.58147 -0.0150649 0)
(1.58164 -0.0143921 0)
(1.58178 -0.0137218 0)
(1.58187 -0.0130517 0)
(1.58193 -0.0123783 0)
(1.58196 -0.0116971 0)
(1.58197 -0.0110026 0)
(1.58196 -0.0102884 0)
(1.58194 -0.0095466 0)
(1.58192 -0.00876807 0)
(1.58192 -0.00794185 0)
(1.58192 -0.00705749 0)
(1.58196 -0.00610286 0)
(1.58203 -0.00506207 0)
(1.58215 -0.00391679 0)
(1.58232 -0.00264704 0)
(1.58256 -0.00123237 0)
(1.58289 0.000353893 0)
(1.58333 0.00213438 0)
(1.58387 0.00413717 0)
(1.58457 0.00640359 0)
(1.58544 0.00897874 0)
(1.58653 0.0119109 0)
(1.58787 0.0152533 0)
(1.58952 0.019067 0)
(1.59155 0.0234241 0)
(1.59401 0.0284041 0)
(1.59701 0.0340981 0)
(1.60066 0.0406054 0)
(1.6051 0.0480535 0)
(1.61047 0.0565507 0)
(1.61699 0.0662113 0)
(1.62488 0.0772201 0)
(1.6346 0.089729 0)
(1.64594 0.103943 0)
(1.6593 0.120009 0)
(1.67643 0.138129 0)
(1.69819 0.158455 0)
(1.72477 0.181014 0)
(1.7574 0.205465 0)
(1.79747 0.231952 0)
(1.84583 0.260421 0)
(1.9035 0.289483 0)
(1.97173 0.317027 0)
(2.05131 0.340965 0)
(2.14194 0.357959 0)
(2.24155 0.365422 0)
(1.47847 -0.00517296 0)
(1.48163 -0.0113203 0)
(1.48608 -0.0145195 0)
(1.49042 -0.0168935 0)
(1.49394 -0.0188379 0)
(1.49724 -0.0204921 0)
(1.50032 -0.0218121 0)
(1.50328 -0.0228854 0)
(1.50589 -0.0237562 0)
(1.50845 -0.0245227 0)
(1.51064 -0.0251849 0)
(1.51314 -0.0257627 0)
(1.51528 -0.0262865 0)
(1.51721 -0.0267628 0)
(1.51902 -0.0271934 0)
(1.5207 -0.0275842 0)
(1.52226 -0.0279464 0)
(1.5237 -0.0282694 0)
(1.52502 -0.0285572 0)
(1.52623 -0.0288133 0)
(1.52729 -0.029035 0)
(1.52825 -0.0292251 0)
(1.52909 -0.029375 0)
(1.52982 -0.0295338 0)
(1.53043 -0.0296345 0)
(1.53093 -0.0297039 0)
(1.53131 -0.0297629 0)
(1.53156 -0.0298028 0)
(1.5317 -0.0297793 0)
(1.53173 -0.0297095 0)
(1.53164 -0.0295591 0)
(1.53143 -0.0293497 0)
(1.53109 -0.0290893 0)
(1.53062 -0.0287793 0)
(1.53002 -0.0284203 0)
(1.52929 -0.0280136 0)
(1.52843 -0.0275616 0)
(1.52745 -0.027062 0)
(1.52635 -0.0265161 0)
(1.52513 -0.0259318 0)
(1.52379 -0.0253163 0)
(1.52234 -0.0246732 0)
(1.52079 -0.0240031 0)
(1.51913 -0.0233114 0)
(1.51738 -0.0226032 0)
(1.51554 -0.0218793 0)
(1.51361 -0.0211429 0)
(1.51161 -0.0203991 0)
(1.50953 -0.0196517 0)
(1.50738 -0.0189001 0)
(1.50518 -0.0181455 0)
(1.50294 -0.0173928 0)
(1.50065 -0.0166475 0)
(1.49834 -0.0159126 0)
(1.496 -0.0151894 0)
(1.49365 -0.0144778 0)
(1.49129 -0.0137772 0)
(1.48893 -0.0130859 0)
(1.48658 -0.0124021 0)
(1.48426 -0.0117224 0)
(1.48196 -0.0110429 0)
(1.4797 -0.0103583 0)
(1.4775 -0.00966313 0)
(1.47535 -0.00895045 0)
(1.47328 -0.00821326 0)
(1.4713 -0.00744263 0)
(1.46942 -0.00663038 0)
(1.46766 -0.00577377 0)
(1.46603 -0.00480546 0)
(1.46458 -0.00376072 0)
(1.46331 -0.00259664 0)
(1.46228 -0.0013236 0)
(1.46146 0.000112171 0)
(1.46091 0.00172017 0)
(1.46068 0.00352233 0)
(1.46084 0.00554829 0)
(1.46144 0.00783166 0)
(1.46256 0.0104135 0)
(1.46428 0.0133405 0)
(1.46669 0.0166654 0)
(1.46989 0.0204476 0)
(1.47403 0.0247516 0)
(1.47925 0.0296492 0)
(1.48572 0.0352171 0)
(1.49363 0.0415409 0)
(1.50323 0.0487069 0)
(1.51476 0.0568182 0)
(1.52849 0.0660098 0)
(1.54478 0.076458 0)
(1.56391 0.0883021 0)
(1.58614 0.101476 0)
(1.61198 0.115876 0)
(1.64209 0.131602 0)
(1.67718 0.148749 0)
(1.71846 0.167017 0)
(1.7624 0.186048 0)
(1.8182 0.20551 0)
(1.88238 0.22458 0)
(1.955 0.24199 0)
(2.03635 0.256155 0)
(2.12565 0.265125 0)
(2.22111 0.267184 0)
(1.47989 -0.0112657 0)
(1.48676 -0.0207579 0)
(1.49459 -0.0242297 0)
(1.49752 -0.0260444 0)
(1.49889 -0.0272126 0)
(1.49979 -0.0282537 0)
(1.50013 -0.0288018 0)
(1.49982 -0.0292968 0)
(1.49891 -0.0296105 0)
(1.49746 -0.0298394 0)
(1.49552 -0.0300395 0)
(1.49314 -0.0302007 0)
(1.49034 -0.0302826 0)
(1.48717 -0.0303203 0)
(1.48365 -0.0303411 0)
(1.47977 -0.0303475 0)
(1.47555 -0.0303361 0)
(1.47098 -0.0303057 0)
(1.4661 -0.0302541 0)
(1.46092 -0.0301788 0)
(1.45544 -0.0300826 0)
(1.44968 -0.0299679 0)
(1.44364 -0.0298332 0)
(1.43734 -0.0296775 0)
(1.43079 -0.029502 0)
(1.424 -0.0293131 0)
(1.41698 -0.0291134 0)
(1.40976 -0.0289047 0)
(1.40237 -0.0286504 0)
(1.39482 -0.0283209 0)
(1.38709 -0.0279319 0)
(1.3792 -0.0275001 0)
(1.37117 -0.0270293 0)
(1.36303 -0.0265192 0)
(1.35478 -0.0259711 0)
(1.34646 -0.0253865 0)
(1.33806 -0.0247672 0)
(1.32962 -0.0241146 0)
(1.32115 -0.0234309 0)
(1.31267 -0.02272 0)
(1.3042 -0.0219848 0)
(1.29575 -0.0212283 0)
(1.28733 -0.0204547 0)
(1.27898 -0.0196662 0)
(1.27063 -0.0188636 0)
(1.26238 -0.0180539 0)
(1.25423 -0.0172417 0)
(1.24618 -0.0164294 0)
(1.23827 -0.0156226 0)
(1.23048 -0.0148137 0)
(1.22285 -0.0140149 0)
(1.21536 -0.0132283 0)
(1.20805 -0.0124599 0)
(1.20091 -0.0117092 0)
(1.19396 -0.0109806 0)
(1.18718 -0.010271 0)
(1.18061 -0.00958424 0)
(1.17422 -0.00891491 0)
(1.16806 -0.00826679 0)
(1.16209 -0.00763224 0)
(1.15637 -0.00701466 0)
(1.15084 -0.00640307 0)
(1.14559 -0.00580045 0)
(1.14056 -0.00519246 0)
(1.13584 -0.00458213 0)
(1.13136 -0.00395046 0)
(1.12723 -0.00330184 0)
(1.12337 -0.00260831 0)
(1.11993 -0.00188113 0)
(1.11679 -0.00108643 0)
(1.11411 -0.000240873 0)
(1.11183 0.000704744 0)
(1.1101 0.00172974 0)
(1.10899 0.00288405 0)
(1.10856 0.00409222 0)
(1.10886 0.00549661 0)
(1.11001 0.00708046 0)
(1.11214 0.00886043 0)
(1.11537 0.0108641 0)
(1.11984 0.0131243 0)
(1.12571 0.0156794 0)
(1.13318 0.0185732 0)
(1.14245 0.0218534 0)
(1.15375 0.0255706 0)
(1.16737 0.0297792 0)
(1.18358 0.0345367 0)
(1.20276 0.0399148 0)
(1.2253 0.0460066 0)
(1.25168 0.0529284 0)
(1.28242 0.0607743 0)
(1.31807 0.0695239 0)
(1.35905 0.0791091 0)
(1.40571 0.0896118 0)
(1.45833 0.101102 0)
(1.51783 0.113591 0)
(1.5828 0.12619 0)
(1.6557 0.137936 0)
(1.73576 0.148754 0)
(1.82271 0.158175 0)
(1.91615 0.165206 0)
(2.0148 0.168683 0)
(2.11647 0.16761 0)
(1.46082 -0.00792084 0)
(1.45128 -0.0148469 0)
(1.43397 -0.0174262 0)
(1.41113 -0.0185004 0)
(1.387 -0.019197 0)
(1.36294 -0.019666 0)
(1.3388 -0.0199402 0)
(1.3144 -0.0200624 0)
(1.28977 -0.0200892 0)
(1.26504 -0.0200525 0)
(1.2403 -0.0199661 0)
(1.21558 -0.0198305 0)
(1.19091 -0.0196423 0)
(1.16633 -0.0194174 0)
(1.14188 -0.0191718 0)
(1.11755 -0.0189107 0)
(1.09337 -0.0186347 0)
(1.06935 -0.0183432 0)
(1.04551 -0.0180361 0)
(1.02186 -0.0177149 0)
(0.998417 -0.0173832 0)
(0.975204 -0.0170426 0)
(0.952232 -0.0166921 0)
(0.929514 -0.0163337 0)
(0.907063 -0.0159661 0)
(0.884895 -0.0155903 0)
(0.863025 -0.0152128 0)
(0.841476 -0.0148516 0)
(0.820011 -0.0144783 0)
(0.799079 -0.0140588 0)
(0.778537 -0.0135966 0)
(0.758407 -0.0131059 0)
(0.738752 -0.0125931 0)
(0.719606 -0.0120611 0)
(0.70099 -0.0115128 0)
(0.682927 -0.0109513 0)
(0.665439 -0.0103791 0)
(0.648549 -0.00979828 0)
(0.632275 -0.0092109 0)
(0.616636 -0.0086197 0)
(0.601643 -0.00802763 0)
(0.587309 -0.0074378 0)
(0.573638 -0.00685457 0)
(0.56064 -0.0062678 0)
(0.54833 -0.0056862 0)
(0.536697 -0.00512727 0)
(0.525723 -0.00459468 0)
(0.5154 -0.00408711 0)
(0.505715 -0.00360372 0)
(0.496656 -0.00314505 0)
(0.488212 -0.00270982 0)
(0.480363 -0.00229748 0)
(0.473094 -0.00190833 0)
(0.46638 -0.00154322 0)
(0.460205 -0.00120182 0)
(0.454539 -0.000883805 0)
(0.449369 -0.000587587 0)
(0.444663 -0.000311399 0)
(0.440415 -5.90414e-05 0)
(0.436588 0.000177049 0)
(0.433189 0.000401229 0)
(0.430177 0.000615241 0)
(0.427578 0.000821375 0)
(0.425341 0.00102334 0)
(0.423524 0.00122243 0)
(0.422051 0.00142545 0)
(0.421035 0.0016238 0)
(0.420354 0.00185009 0)
(0.420219 0.0020569 0)
(0.420511 0.00233258 0)
(0.421354 0.00269988 0)
(0.4228 0.00307401 0)
(0.424872 0.00345637 0)
(0.427644 0.00387572 0)
(0.431163 0.00434841 0)
(0.435542 0.00488846 0)
(0.440872 0.00542327 0)
(0.447265 0.00604067 0)
(0.454854 0.00674745 0)
(0.463797 0.00757407 0)
(0.474285 0.0085356 0)
(0.48653 0.00962958 0)
(0.500773 0.0108732 0)
(0.517289 0.0122866 0)
(0.536387 0.0138905 0)
(0.558412 0.0157036 0)
(0.583745 0.0177445 0)
(0.612815 0.0200418 0)
(0.646113 0.0226293 0)
(0.684205 0.0255268 0)
(0.72769 0.0287336 0)
(0.77725 0.0322471 0)
(0.83316 0.0361878 0)
(0.896916 0.0406403 0)
(0.96906 0.0455932 0)
(1.0494 0.0504913 0)
(1.13801 0.0547598 0)
(1.23422 0.0584448 0)
(1.33707 0.0614358 0)
(1.44529 0.0633168 0)
(1.55681 0.0636277 0)
(1.66891 0.0620179 0)
(2.07673 1.51744 0)
(1.26686 0.902217 0)
(0.12774 0.29319 0)
(0.0917903 -0.0320904 0)
(-0.0533472 -0.0860794 0)
(-0.138847 -0.0813839 0)
(-0.173258 -0.0580481 0)
(-0.186898 -0.0338264 0)
(-0.181912 -0.0176786 0)
(-0.170098 -0.00606094 0)
(-0.15793 0.00513458 0)
(-0.148668 0.0155292 0)
(-0.144281 0.0249288 0)
(-0.144692 0.0327211 0)
(-0.151009 0.0380725 0)
(-0.15953 0.038113 0)
(-0.163877 0.0307882 0)
(-0.1597 0.01998 0)
(-0.147788 0.010762 0)
(-0.128756 0.00389602 0)
(-0.103315 -0.00115261 0)
(-0.0730767 -0.00462401 0)
(-0.0396607 -0.00709931 0)
(-0.00329495 -0.00880009 0)
(0.0342103 -0.00992615 0)
(0.07041 -0.0103371 0)
(0.106063 -0.0106204 0)
(0.140316 -0.0108362 0)
(0.173211 -0.0111001 0)
(0.205173 -0.0115138 0)
(2.32358 1.08896 0)
(2.2584 0.812437 0)
(1.90637 0.602315 0)
(1.67922 0.426001 0)
(1.44575 0.280014 0)
(1.22446 0.169672 0)
(1.05156 0.0918216 0)
(0.920424 0.037604 0)
(0.826692 -0.00196231 0)
(0.750538 -0.0204871 0)
(0.69817 -0.0281797 0)
(0.665476 -0.0303105 0)
(0.64569 -0.0295678 0)
(0.642473 -0.0279628 0)
(0.648581 -0.0274148 0)
(0.671255 -0.0296349 0)
(0.704142 -0.0352162 0)
(0.738458 -0.0438414 0)
(0.776512 -0.0533196 0)
(0.817926 -0.0606718 0)
(0.861194 -0.066023 0)
(0.905138 -0.0695474 0)
(0.949344 -0.071242 0)
(0.992567 -0.0711735 0)
(1.03471 -0.0694634 0)
(1.07554 -0.0667017 0)
(1.11499 -0.0635188 0)
(1.15294 -0.0603603 0)
(1.18931 -0.0575792 0)
(1.22422 -0.0554238 0)
(2.42573 0.931959 0)
(2.63581 0.798442 0)
(2.63446 0.681221 0)
(2.60344 0.557945 0)
(2.54548 0.441122 0)
(2.47279 0.340809 0)
(2.39917 0.258722 0)
(2.3308 0.193974 0)
(2.27127 0.144698 0)
(2.21903 0.106535 0)
(2.17709 0.0781065 0)
(2.14497 0.0563773 0)
(2.12134 0.0385618 0)
(2.10712 0.0243025 0)
(2.09773 0.00938977 0)
(2.09465 -0.0062487 0)
(2.09604 -0.023396 0)
(2.10009 -0.0403843 0)
(2.10606 -0.0556154 0)
(2.11349 -0.0683749 0)
(2.12222 -0.0782559 0)
(2.13202 -0.0852186 0)
(2.14308 -0.0895709 0)
(2.15492 -0.0914807 0)
(2.16726 -0.0913047 0)
(2.18009 -0.0897195 0)
(2.19338 -0.0872732 0)
(2.20699 -0.0844501 0)
(2.2207 -0.0816192 0)
(2.41949 0.789255 0)
(2.61853 0.715784 0)
(2.70937 0.63516 0)
(2.76364 0.532759 0)
(2.80695 0.430629 0)
(2.8124 0.3389 0)
(2.8106 0.263683 0)
(2.80282 0.202243 0)
(2.79133 0.151265 0)
(2.77898 0.10975 0)
(2.76794 0.0767661 0)
(2.75913 0.0506023 0)
(2.75261 0.0292988 0)
(2.74806 0.0102925 0)
(2.74609 -0.00660339 0)
(2.74584 -0.0230351 0)
(2.74533 -0.0394013 0)
(2.74372 -0.0545909 0)
(2.74084 -0.067911 0)
(2.737 -0.0788813 0)
(2.73268 -0.0872709 0)
(2.72836 -0.09275 0)
(2.72443 -0.0968499 0)
(2.7205 -0.0975724 0)
(2.71758 -0.0969534 0)
(2.71539 -0.0955972 0)
(2.71401 -0.0932215 0)
(2.71343 -0.0903927 0)
(2.71348 -0.0874559 0)
(2.38029 0.613588 0)
(2.53293 0.567622 0)
(2.65208 0.505892 0)
(2.73937 0.442366 0)
(2.80853 0.37077 0)
(2.85572 0.30638 0)
(2.88823 0.246011 0)
(2.91115 0.194154 0)
(2.92644 0.148865 0)
(2.93449 0.111834 0)
(2.93963 0.08163 0)
(2.94333 0.0572152 0)
(2.94617 0.0365531 0)
(2.9485 0.0186372 0)
(2.94995 0.00309325 0)
(2.95014 -0.0123941 0)
(2.94881 -0.0276944 0)
(2.94551 -0.041369 0)
(2.9402 -0.0533523 0)
(2.93325 -0.063545 0)
(2.92525 -0.0717218 0)
(2.91675 -0.0778609 0)
(2.90811 -0.0821583 0)
(2.89964 -0.0845837 0)
(2.89178 -0.0855741 0)
(2.88469 -0.0853846 0)
(2.87836 -0.0843641 0)
(2.8728 -0.0828468 0)
(2.86798 -0.0810791 0)
(2.3584 0.471636 0)
(2.47771 0.44113 0)
(2.58394 0.397619 0)
(2.67249 0.350969 0)
(2.748 0.301401 0)
(2.80905 0.252291 0)
(2.8556 0.206515 0)
(2.89038 0.164801 0)
(2.9164 0.128329 0)
(2.93602 0.097097 0)
(2.95082 0.0706889 0)
(2.96186 0.0483827 0)
(2.97049 0.0287302 0)
(2.97633 0.0120065 0)
(2.98154 -0.00358735 0)
(2.98377 -0.0175358 0)
(2.98345 -0.0306715 0)
(2.98137 -0.0424086 0)
(2.97752 -0.0525332 0)
(2.97207 -0.0613046 0)
(2.96536 -0.0683937 0)
(2.95773 -0.0737429 0)
(2.94959 -0.0775381 0)
(2.94126 -0.0798544 0)
(2.9331 -0.0809048 0)
(2.92533 -0.081006 0)
(2.91807 -0.0804403 0)
(2.91144 -0.0794207 0)
(2.90544 -0.0780917 0)
(2.34591 0.360163 0)
(2.44935 0.340263 0)
(2.54462 0.309887 0)
(2.62676 0.275002 0)
(2.6981 0.23692 0)
(2.75814 0.198404 0)
(2.80746 0.161917 0)
(2.84736 0.128932 0)
(2.87934 0.0999148 0)
(2.90475 0.0747737 0)
(2.92457 0.0532912 0)
(2.9401 0.0346904 0)
(2.95195 0.0187183 0)
(2.96076 0.00468183 0)
(2.96704 -0.00776311 0)
(2.97108 -0.0188314 0)
(2.97297 -0.0287699 0)
(2.9726 -0.0380454 0)
(2.97014 -0.0462666 0)
(2.96576 -0.0533238 0)
(2.95995 -0.0591266 0)
(2.95357 -0.063627 0)
(2.94626 -0.0669184 0)
(2.93865 -0.0690845 0)
(2.93091 -0.0703236 0)
(2.92347 -0.0708171 0)
(2.91623 -0.0707542 0)
(2.9092 -0.0702818 0)
(2.90257 -0.069537 0)
(2.31892 0.260874 0)
(2.41559 0.245318 0)
(2.50606 0.222621 0)
(2.58649 0.196593 0)
(2.65741 0.168906 0)
(2.71857 0.141207 0)
(2.77024 0.114866 0)
(2.81297 0.0908308 0)
(2.84804 0.0692559 0)
(2.87622 0.0503497 0)
(2.89878 0.0340187 0)
(2.91654 0.0199779 0)
(2.93034 0.00758313 0)
(2.94052 -0.00336957 0)
(2.94763 -0.0133381 0)
(2.95184 -0.022201 0)
(2.95343 -0.0304827 0)
(2.95267 -0.0376947 0)
(2.94977 -0.0442503 0)
(2.94507 -0.0499125 0)
(2.93889 -0.0546488 0)
(2.93157 -0.058456 0)
(2.92342 -0.0613313 0)
(2.91479 -0.0633552 0)
(2.90591 -0.0646528 0)
(2.89697 -0.0653517 0)
(2.88811 -0.0655448 0)
(2.87943 -0.0653477 0)
(2.87099 -0.064901 0)
(2.21791 0.161378 0)
(2.31589 0.150017 0)
(2.4078 0.134786 0)
(2.49156 0.117613 0)
(2.56557 0.0997594 0)
(2.62951 0.0820569 0)
(2.68354 0.065208 0)
(2.72832 0.0496855 0)
(2.76478 0.0356918 0)
(2.79386 0.0232282 0)
(2.81648 0.0123232 0)
(2.8334 0.0028636 0)
(2.84528 -0.00532877 0)
(2.85286 -0.0123114 0)
(2.85668 -0.0189485 0)
(2.85697 -0.0243636 0)
(2.85416 -0.0295171 0)
(2.84847 -0.0342581 0)
(2.8402 -0.0384859 0)
(2.82964 -0.042148 0)
(2.81713 -0.0452432 0)
(2.80298 -0.0477572 0)
(2.78756 -0.0496828 0)
(2.77118 -0.0510611 0)
(2.75412 -0.0519612 0)
(2.73662 -0.0524534 0)
(2.71885 -0.0526031 0)
(2.70096 -0.0524897 0)
(2.68305 -0.052196 0)
(1.77755 0.0583683 0)
(1.87965 0.0528014 0)
(1.97223 0.0457801 0)
(2.0532 0.0379924 0)
(2.12167 0.0299989 0)
(2.17767 0.0221917 0)
(2.22165 0.0148249 0)
(2.2544 0.00794127 0)
(2.27688 0.00189828 0)
(2.29041 -0.00219567 0)
(2.29626 -0.00677087 0)
(2.2953 -0.00996442 0)
(2.28883 -0.0133728 0)
(2.27733 -0.0162973 0)
(2.26126 -0.0186192 0)
(2.24119 -0.0204876 0)
(2.2176 -0.0221838 0)
(2.19084 -0.0237655 0)
(2.16116 -0.0251931 0)
(2.12888 -0.0264347 0)
(2.09438 -0.0274613 0)
(2.05806 -0.028264 0)
(2.02033 -0.0288245 0)
(1.98158 -0.0291456 0)
(1.94219 -0.0292528 0)
(1.90246 -0.0291762 0)
(1.86266 -0.0289488 0)
(1.823 -0.028606 0)
(1.78366 -0.0281815 0)
(1.47764 5.69313e-05 0)
(1.47783 0.000169929 0)
(1.47825 0.000279734 0)
(1.47891 0.000383937 0)
(1.47764 -5.67573e-05 0)
(1.47783 -0.000169343 0)
(1.47825 -0.000278687 0)
(1.47891 -0.000382403 0)
(1.47977 -0.00047882 0)
(1.48081 -0.000567067 0)
(1.48201 -0.000646867 0)
(1.48336 -0.000718331 0)
(1.48484 -0.000781826 0)
(1.48644 -0.000837891 0)
(1.48814 -0.000887175 0)
(1.48994 -0.000930375 0)
(1.49181 -0.000968179 0)
(1.49375 -0.00100123 0)
(1.49575 -0.00103012 0)
(1.4978 -0.00105534 0)
(1.4999 -0.00107733 0)
(1.50204 -0.00109646 0)
(1.50421 -0.00111302 0)
(1.50642 -0.00112726 0)
(1.50864 -0.00113938 0)
(1.5109 -0.00114952 0)
(1.51317 -0.00115781 0)
(1.51545 -0.00116433 0)
(1.51775 -0.00116913 0)
(1.52005 -0.00117226 0)
(1.52236 -0.00117373 0)
(1.52468 -0.00117361 0)
(1.52699 -0.00117174 0)
(1.5293 -0.00116828 0)
(1.53161 -0.00116311 0)
(1.5339 -0.00115632 0)
(1.53618 -0.00114778 0)
(1.53845 -0.00113762 0)
(1.5407 -0.00112566 0)
(1.54292 -0.00111212 0)
(1.54513 -0.00109679 0)
(1.5473 -0.00107993 0)
(1.54945 -0.00106133 0)
(1.55155 -0.00104129 0)
(1.55363 -0.00101957 0)
(1.55566 -0.000996504 0)
(1.55766 -0.000971836 0)
(1.55961 -0.000945961 0)
(1.56152 -0.000918506 0)
(1.56338 -0.000890019 0)
(1.5652 -0.000859908 0)
(1.56695 -0.000828955 0)
(1.56868 -0.000796269 0)
(1.57032 -0.000762884 0)
(1.57194 -0.000727611 0)
(1.57349 -0.000691642 0)
(1.575 -0.000653577 0)
(1.57643 -0.000614619 0)
(1.57782 -0.000573256 0)
(1.57914 -0.00053064 0)
(1.58042 -0.000485062 0)
(1.58161 -0.00043785 0)
(1.58277 -0.000386608 0)
(1.58383 -0.000333513 0)
(1.58486 -0.0002745 0)
(1.58577 -0.000213766 0)
(1.58666 -0.00014408 0)
(1.58741 -7.32788e-05 0)
(1.58812 1.0976e-05 0)
(1.58869 9.52026e-05 0)
(1.58919 0.000199876 0)
(1.58953 0.000302024 0)
(1.58978 0.000442237 0)
(1.58984 0.000565557 0)
(1.58975 0.000717886 0)
(1.58948 0.000889347 0)
(1.58898 0.00108302 0)
(1.58822 0.0013032 0)
(1.58718 0.00155394 0)
(1.58581 0.00183997 0)
(1.58404 0.00216733 0)
(1.58183 0.00254316 0)
(1.57908 0.00297608 0)
(1.57571 0.00347633 0)
(1.5716 0.00405644 0)
(1.56662 0.00473166 0)
(1.56062 0.00552078 0)
(1.55338 0.00644701 0)
(1.54466 0.00753933 0)
(1.53416 0.00883395 0)
(1.52151 0.0103768 0)
(1.50623 0.0122259 0)
(1.48775 0.014456 0)
(1.46532 0.0171624 0)
(1.438 0.0204685 0)
(1.4046 0.0245329 0)
(1.36359 0.0295593 0)
(1.31301 0.0358057 0)
(1.25039 0.0435925 0)
(1.1726 0.0532993 0)
(1.07574 0.0653368 0)
(0.955247 0.0800711 0)
(0.805854 0.0975856 0)
(0.622936 0.11748 0)
(0.40091 0.137085 0)
(0.142206 0.156669 0)
(1.47764 -0.000171689 0)
(1.47783 -0.000512259 0)
(1.47827 -0.000842839 0)
(1.47894 -0.00115604 0)
(1.47981 -0.00144674 0)
(1.48087 -0.00171237 0)
(1.48209 -0.0019522 0)
(1.48345 -0.00216668 0)
(1.48495 -0.002357 0)
(1.48657 -0.00252485 0)
(1.48828 -0.00267224 0)
(1.49009 -0.00280131 0)
(1.49197 -0.00291418 0)
(1.49392 -0.0030128 0)
(1.49593 -0.00309895 0)
(1.49799 -0.00317416 0)
(1.50009 -0.00323975 0)
(1.50224 -0.00329683 0)
(1.50442 -0.00334634 0)
(1.50663 -0.00338902 0)
(1.50886 -0.00342549 0)
(1.51111 -0.00345623 0)
(1.51339 -0.0034816 0)
(1.51568 -0.00350187 0)
(1.51798 -0.00351724 0)
(1.52029 -0.00352785 0)
(1.5226 -0.00353372 0)
(1.52492 -0.00353502 0)
(1.52724 -0.00353143 0)
(1.52955 -0.00352326 0)
(1.53186 -0.00351028 0)
(1.53416 -0.0034926 0)
(1.53644 -0.00347006 0)
(1.53871 -0.00344273 0)
(1.54097 -0.0034105 0)
(1.54319 -0.00337357 0)
(1.5454 -0.00333183 0)
(1.54758 -0.00328557 0)
(1.54973 -0.00323472 0)
(1.55184 -0.00317968 0)
(1.55392 -0.00312034 0)
(1.55595 -0.00305723 0)
(1.55795 -0.00299019 0)
(1.55991 -0.00291986 0)
(1.56182 -0.002846 0)
(1.56368 -0.00276934 0)
(1.5655 -0.00268954 0)
(1.56726 -0.00260737 0)
(1.56898 -0.0025224 0)
(1.57064 -0.00243536 0)
(1.57225 -0.00234575 0)
(1.57381 -0.00225412 0)
(1.57531 -0.00215984 0)
(1.57675 -0.00206328 0)
(1.57814 -0.00196356 0)
(1.57947 -0.00186101 0)
(1.58074 -0.00175425 0)
(1.58195 -0.00164371 0)
(1.5831 -0.00152726 0)
(1.58418 -0.00140556 0)
(1.5852 -0.00127547 0)
(1.58614 -0.00113794 0)
(1.58701 -0.000988534 0)
(1.5878 -0.000828563 0)
(1.5885 -0.000651913 0)
(1.5891 -0.000459825 0)
(1.5896 -0.000244834 0)
(1.58997 -6.20009e-06 0)
(1.59022 0.000261867 0)
(1.59033 0.000553581 0)
(1.59027 0.000888724 0)
(1.59003 0.00126731 0)
(1.58957 0.00169839 0)
(1.58887 0.00219194 0)
(1.58789 0.00275832 0)
(1.58658 0.00341005 0)
(1.58489 0.00416254 0)
(1.58277 0.00503457 0)
(1.58013 0.00604874 0)
(1.57689 0.00723258 0)
(1.57295 0.00861974 0)
(1.56817 0.0102516 0)
(1.56239 0.0121795 0)
(1.55543 0.0144672 0)
(1.54706 0.0171946 0)
(1.53699 0.0204626 0)
(1.52487 0.0243991 0)
(1.51025 0.0291676 0)
(1.4926 0.0349783 0)
(1.47121 0.0421026 0)
(1.44522 0.050892 0)
(1.41351 0.061803 0)
(1.37465 0.0754266 0)
(1.32681 0.0925215 0)
(1.26762 0.114044 0)
(1.19405 0.141163 0)
(1.10221 0.175211 0)
(0.987195 0.217493 0)
(0.842941 0.268813 0)
(0.662769 0.327889 0)
(0.439234 0.391886 0)
(0.167262 0.410096 0)
(1.47764 -0.000290471 0)
(1.47784 -0.000866447 0)
(1.4783 -0.00142467 0)
(1.479 -0.00195208 0)
(1.4799 -0.0024399 0)
(1.48099 -0.00288404 0)
(1.48225 -0.00328377 0)
(1.48365 -0.00364024 0)
(1.48518 -0.00395577 0)
(1.48682 -0.00423344 0)
(1.48857 -0.00447683 0)
(1.4904 -0.00468968 0)
(1.4923 -0.00487566 0)
(1.49427 -0.0050381 0)
(1.49629 -0.00517998 0)
(1.49837 -0.00530387 0)
(1.50049 -0.00541195 0)
(1.50264 -0.00550606 0)
(1.50483 -0.00558772 0)
(1.50705 -0.00565818 0)
(1.50929 -0.00571841 0)
(1.51156 -0.00576922 0)
(1.51384 -0.00581118 0)
(1.51614 -0.00584475 0)
(1.51844 -0.00587023 0)
(1.52076 -0.00588784 0)
(1.52308 -0.00589766 0)
(1.52541 -0.00589982 0)
(1.52773 -0.00589411 0)
(1.53005 -0.00588068 0)
(1.53237 -0.00585942 0)
(1.53467 -0.00583027 0)
(1.53697 -0.00579311 0)
(1.53924 -0.00574795 0)
(1.5415 -0.00569479 0)
(1.54374 -0.00563375 0)
(1.54595 -0.00556492 0)
(1.54814 -0.00548852 0)
(1.55029 -0.00540475 0)
(1.55241 -0.00531395 0)
(1.5545 -0.00521636 0)
(1.55654 -0.00511245 0)
(1.55854 -0.00500247 0)
(1.56051 -0.00488698 0)
(1.56242 -0.00476623 0)
(1.56429 -0.00464078 0)
(1.56611 -0.00451086 0)
(1.56788 -0.004377 0)
(1.5696 -0.00423941 0)
(1.57126 -0.00409849 0)
(1.57288 -0.00395434 0)
(1.57444 -0.00380708 0)
(1.57594 -0.00365661 0)
(1.57739 -0.00350272 0)
(1.57878 -0.00334498 0)
(1.58012 -0.00318293 0)
(1.58139 -0.00301567 0)
(1.58261 -0.00284251 0)
(1.58377 -0.00266187 0)
(1.58486 -0.00247279 0)
(1.58588 -0.00227279 0)
(1.58684 -0.00206057 0)
(1.58772 -0.00183256 0)
(1.58852 -0.00158676 0)
(1.58924 -0.00131849 0)
(1.58987 -0.00102426 0)
(1.59039 -0.000698773 0)
(1.59081 -0.000336104 0)
(1.5911 6.59128e-05 0)
(1.59125 0.000515816 0)
(1.59125 0.00102522 0)
(1.59107 0.00160284 0)
(1.59069 0.00226183 0)
(1.59007 0.0030168 0)
(1.58919 0.00388439 0)
(1.58801 0.00488469 0)
(1.58646 0.00604211 0)
(1.58451 0.00738616 0)
(1.58208 0.00895247 0)
(1.57909 0.0107844 0)
(1.57544 0.012935 0)
(1.57101 0.0154696 0)
(1.56567 0.018469 0)
(1.55924 0.0220337 0)
(1.55152 0.0262896 0)
(1.54225 0.0313956 0)
(1.53112 0.0375528 0)
(1.51775 0.0450185 0)
(1.50166 0.0541232 0)
(1.48225 0.0652941 0)
(1.45878 0.0790872 0)
(1.43029 0.096227 0)
(1.39556 0.11766 0)
(1.35302 0.144619 0)
(1.30058 0.178703 0)
(1.23548 0.221931 0)
(1.15398 0.276796 0)
(1.05087 0.346173 0)
(0.918525 0.432772 0)
(0.746259 0.538323 0)
(0.513102 0.660402 0)
(0.188332 0.813796 0)
(1.47765 -0.000416107 0)
(1.47786 -0.00124067 0)
(1.47834 -0.00203778 0)
(1.47909 -0.00278744 0)
(1.48005 -0.00347686 0)
(1.48119 -0.00410105 0)
(1.4825 -0.00466012 0)
(1.48396 -0.00515662 0)
(1.48554 -0.00559445 0)
(1.48723 -0.00597843 0)
(1.48901 -0.00631406 0)
(1.49088 -0.00660699 0)
(1.49281 -0.00686258 0)
(1.49481 -0.00708567 0)
(1.49686 -0.00728052 0)
(1.49896 -0.00745074 0)
(1.50109 -0.0075994 0)
(1.50327 -0.00772904 0)
(1.50547 -0.00784176 0)
(1.50771 -0.00793927 0)
(1.50996 -0.0080229 0)
(1.51224 -0.0080937 0)
(1.51453 -0.00815245 0)
(1.51684 -0.00819974 0)
(1.51916 -0.00823595 0)
(1.52149 -0.00826133 0)
(1.52382 -0.00827599 0)
(1.52615 -0.00827998 0)
(1.52849 -0.0082732 0)
(1.53082 -0.00825562 0)
(1.53315 -0.00822711 0)
(1.53546 -0.0081875 0)
(1.53777 -0.00813667 0)
(1.54006 -0.00807454 0)
(1.54233 -0.00800116 0)
(1.54458 -0.00791662 0)
(1.5468 -0.00782115 0)
(1.549 -0.00771497 0)
(1.55116 -0.00759849 0)
(1.55329 -0.00747206 0)
(1.55538 -0.00733622 0)
(1.55744 -0.00719142 0)
(1.55945 -0.00703835 0)
(1.56142 -0.00687749 0)
(1.56334 -0.00670957 0)
(1.56522 -0.00653502 0)
(1.56704 -0.00635465 0)
(1.56882 -0.00616878 0)
(1.57054 -0.00597826 0)
(1.57221 -0.00578319 0)
(1.57383 -0.00558434 0)
(1.57539 -0.00538142 0)
(1.5769 -0.00517488 0)
(1.57836 -0.00496391 0)
(1.57975 -0.00474863 0)
(1.5811 -0.00452772 0)
(1.58238 -0.00430089 0)
(1.58361 -0.00406615 0)
(1.58477 -0.00382278 0)
(1.58587 -0.00356785 0)
(1.58691 -0.00330011 0)
(1.58789 -0.00301539 0)
(1.58879 -0.00271184 0)
(1.58962 -0.00238336 0)
(1.59036 -0.00202799 0)
(1.59102 -0.00163616 0)
(1.59159 -0.00120729 0)
(1.59205 -0.000727461 0)
(1.59239 -0.000198579 0)
(1.59261 0.00039837 0)
(1.59269 0.00107194 0)
(1.5926 0.00183666 0)
(1.59232 0.00270913 0)
(1.59183 0.00370825 0)
(1.59109 0.00485638 0)
(1.59008 0.00618032 0)
(1.58874 0.00771236 0)
(1.58704 0.00949144 0)
(1.5849 0.0115646 0)
(1.58225 0.013989 0)
(1.57902 0.0168344 0)
(1.5751 0.0201865 0)
(1.57037 0.0241513 0)
(1.56469 0.02886 0)
(1.55788 0.0344767 0)
(1.54974 0.0412074 0)
(1.54001 0.0493129 0)
(1.52839 0.0591251 0)
(1.5145 0.0710699 0)
(1.49787 0.0856977 0)
(1.47794 0.103724 0)
(1.45399 0.126085 0)
(1.42511 0.154015 0)
(1.39013 0.189148 0)
(1.34749 0.233659 0)
(1.29505 0.290463 0)
(1.2297 0.36336 0)
(1.14672 0.457627 0)
(1.03838 0.579317 0)
(0.892916 0.73729 0)
(0.687931 0.931845 0)
(0.338566 1.09639 0)
(1.47765 -0.000552376 0)
(1.47788 -0.00164583 0)
(1.47842 -0.00269879 0)
(1.47923 -0.00368224 0)
(1.48026 -0.00457905 0)
(1.48149 -0.00538451 0)
(1.48287 -0.00610119 0)
(1.4844 -0.00673422 0)
(1.48605 -0.00728974 0)
(1.4878 -0.00777487 0)
(1.48964 -0.00819748 0)
(1.49155 -0.00856545 0)
(1.49353 -0.00888601 0)
(1.49556 -0.00916556 0)
(1.49765 -0.00940959 0)
(1.49977 -0.00962273 0)
(1.50193 -0.00980881 0)
(1.50413 -0.00997104 0)
(1.50636 -0.0101121 0)
(1.50861 -0.010234 0)
(1.51088 -0.0103385 0)
(1.51317 -0.0104269 0)
(1.51548 -0.0105003 0)
(1.5178 -0.0105591 0)
(1.52014 -0.0106041 0)
(1.52248 -0.0106353 0)
(1.52483 -0.010653 0)
(1.52718 -0.0106572 0)
(1.52953 -0.0106478 0)
(1.53187 -0.0106247 0)
(1.53421 -0.0105876 0)
(1.53655 -0.0105364 0)
(1.53887 -0.0104708 0)
(1.54117 -0.0103907 0)
(1.54346 -0.0102961 0)
(1.54572 -0.0101873 0)
(1.54796 -0.0100643 0)
(1.55017 -0.00992758 0)
(1.55234 -0.00977759 0)
(1.55449 -0.00961484 0)
(1.55659 -0.00944 0)
(1.55866 -0.00925374 0)
(1.56068 -0.00905689 0)
(1.56266 -0.00885019 0)
(1.5646 -0.00863452 0)
(1.56648 -0.00841056 0)
(1.56831 -0.00817924 0)
(1.5701 -0.00794123 0)
(1.57183 -0.00769741 0)
(1.57351 -0.00744839 0)
(1.57513 -0.00719477 0)
(1.5767 -0.00693678 0)
(1.57821 -0.0066744 0)
(1.57967 -0.00640733 0)
(1.58108 -0.00613506 0)
(1.58243 -0.0058568 0)
(1.58372 -0.00557149 0)
(1.58496 -0.00527747 0)
(1.58613 -0.00497311 0)
(1.58725 -0.00465561 0)
(1.58831 -0.00432264 0)
(1.5893 -0.00396997 0)
(1.59023 -0.0035943 0)
(1.59109 -0.00318973 0)
(1.59187 -0.00275137 0)
(1.59257 -0.00227222 0)
(1.59319 -0.00174431 0)
(1.59371 -0.00116144 0)
(1.59413 -0.000510916 0)
(1.59443 0.000219446 0)
(1.5946 0.0010433 0)
(1.59462 0.00197806 0)
(1.59447 0.00304354 0)
(1.59414 0.00426262 0)
(1.59359 0.00566243 0)
(1.59279 0.00727543 0)
(1.59172 0.00914051 0)
(1.59031 0.0113045 0)
(1.58854 0.0138237 0)
(1.58633 0.0167665 0)
(1.58362 0.0202159 0)
(1.58033 0.0242735 0)
(1.57636 0.0290644 0)
(1.57161 0.0347432 0)
(1.56594 0.0415018 0)
(1.5592 0.0495803 0)
(1.55119 0.0592805 0)
(1.54172 0.0709852 0)
(1.53052 0.0851833 0)
(1.51729 0.102504 0)
(1.50167 0.123763 0)
(1.48324 0.150027 0)
(1.46149 0.182704 0)
(1.43579 0.223688 0)
(1.40538 0.275512 0)
(1.36919 0.341845 0)
(1.32577 0.427397 0)
(1.27183 0.540751 0)
(1.20471 0.690172 0)
(1.09611 0.910337 0)
(0.987372 1.20639 0)
(0.335403 2.01292 0)
)
;

boundaryField
{
    inlet
    {
        type            fixedValue;
        value           uniform (1.4776 0 0);
    }
    outlet
    {
        type            zeroGradient;
    }
    topWall
    {
        type            noSlip;
    }
    lowerWall
    {
        type            noSlip;
    }
    leadingEdge
    {
        type            noSlip;
    }
    trailingEdge
    {
        type            noSlip;
    }
    upperSurface
    {
        type            noSlip;
    }
    lowerSurface
    {
        type            noSlip;
    }
    frontAndBack
    {
        type            empty;
    }
    procBoundary4to0
    {
        type            processor;
        value           nonuniform List<vector> 
103
(
(1.47764 0.000171862 0)
(1.47783 0.000512838 0)
(1.47827 0.000843874 0)
(1.47894 0.00115755 0)
(1.47977 0.000480846 0)
(1.47977 0.000480846 0)
(1.48081 0.000569571 0)
(1.48201 0.000649815 0)
(1.48336 0.000721677 0)
(1.48484 0.000785512 0)
(1.48644 0.000841854 0)
(1.48814 0.000891351 0)
(1.48993 0.000934701 0)
(1.49181 0.000972603 0)
(1.49375 0.00100571 0)
(1.49575 0.00103463 0)
(1.4978 0.00105988 0)
(1.4999 0.00108191 0)
(1.50204 0.00110111 0)
(1.50421 0.0011178 0)
(1.50641 0.00113225 0)
(1.50864 0.00114469 0)
(1.5109 0.00115527 0)
(1.51317 0.00116413 0)
(1.51545 0.00117138 0)
(1.51775 0.00117708 0)
(1.52005 0.0011813 0)
(1.52236 0.00118403 0)
(1.52468 0.00118538 0)
(1.52699 0.00118517 0)
(1.5293 0.00118359 0)
(1.53161 0.0011805 0)
(1.5339 0.00117601 0)
(1.53618 0.00117004 0)
(1.53844 0.00116264 0)
(1.5407 0.00115375 0)
(1.54292 0.0011435 0)
(1.54513 0.00113182 0)
(1.54729 0.00111891 0)
(1.54944 0.00110467 0)
(1.55155 0.0010894 0)
(1.55363 0.00107292 0)
(1.55566 0.00105568 0)
(1.55766 0.00103741 0)
(1.5596 0.00101867 0)
(1.56152 0.000999138 0)
(1.56337 0.000979407 0)
(1.56519 0.000959186 0)
(1.56695 0.000939027 0)
(1.56867 0.000918688 0)
(1.57032 0.000898677 0)
(1.57194 0.000878739 0)
(1.57348 0.000859408 0)
(1.57499 0.000840277 0)
(1.57641 0.000822042 0)
(1.57781 0.000803981 0)
(1.57912 0.000787085 0)
(1.58041 0.000770217 0)
(1.58159 0.000754663 0)
(1.58275 0.000738965 0)
(1.58381 0.000724476 0)
(1.58483 0.000709711 0)
(1.58575 0.000695719 0)
(1.58662 0.000681251 0)
(1.58738 0.00066693 0)
(1.58808 0.000651474 0)
(1.58865 0.000635788 0)
(1.58915 0.000616737 0)
(1.58948 0.000599253 0)
(1.58974 0.000566978 0)
(1.58978 0.000545946 0)
(1.58968 0.000514505 0)
(1.5894 0.000475958 0)
(1.58889 0.000429347 0)
(1.58813 0.000372633 0)
(1.58708 0.00030327 0)
(1.58569 0.000218179 0)
(1.58392 0.000113537 0)
(1.58169 -1.53709e-05 0)
(1.57893 -0.000174437 0)
(1.57554 -0.000370991 0)
(1.57142 -0.000614236 0)
(1.56642 -0.000915734 0)
(1.56039 -0.00129015 0)
(1.55313 -0.00175609 0)
(1.54439 -0.00233733 0)
(1.53386 -0.00306437 0)
(1.52117 -0.00397665 0)
(1.50586 -0.00512518 0)
(1.48733 -0.00657647 0)
(1.46485 -0.00841726 0)
(1.43748 -0.0107611 0)
(1.40403 -0.0137562 0)
(1.36295 -0.0175957 0)
(1.31231 -0.0225272 0)
(1.24962 -0.0288621 0)
(1.17176 -0.0369752 0)
(1.07484 -0.0472783 0)
(0.954304 -0.0601588 0)
(0.804912 -0.0757478 0)
(0.622081 -0.0937585 0)
(0.400323 -0.111593 0)
(0.14205 -0.130763 0)
)
;
    }
    procBoundary4to5
    {
        type            processor;
        value           nonuniform List<vector> 
11
(
(0.236714 -0.0120424 0)
(1.25762 -0.0539673 0)
(2.23428 -0.0790296 0)
(2.23428 -0.0790296 0)
(2.71399 -0.0846764 0)
(2.86379 -0.0792258 0)
(2.90002 -0.0765757 0)
(2.89641 -0.0686322 0)
(2.86278 -0.064314 0)
(2.66518 -0.0517824 0)
(1.74472 -0.0277028 0)
)
;
    }
}


// ************************************************************************* //
