/*--------------------------------*- C++ -*----------------------------------*\
| =========                 |                                                 |
| \\      /  F ield         | OpenFOAM: The Open Source CFD Toolbox           |
|  \\    /   O peration     | Version:  2206                                  |
|   \\  /    A nd           | Website:  www.openfoam.com                      |
|    \\/     M anipulation  |                                                 |
\*---------------------------------------------------------------------------*/
FoamFile
{
    version     2.0;
    format      ascii;
    arch        "LSB;label=32;scalar=64";
    class       surfaceScalarField;
    location    "19.5999";
    object      ddtCorrDdt0(phi);
}
// * * * * * * * * * * * * * * * * * * * * * * * * * * * * * * * * * * * * * //

dimensions      [0 3 -2 0 0 0 0];

oriented        oriented;

internalField   nonuniform List<scalar> 
5918
(
-0.000143431
0.000183429
-3.99979e-05
-0.000248151
0.000131234
-2.65143e-05
-0.000320678
3.80808e-05
3.44462e-05
-0.000381167
-8.46091e-05
0.000145098
-0.000474927
-0.00026273
0.000356491
-0.000572428
-0.000605959
0.00070346
-0.000450795
-0.00111158
0.000989949
-0.000112881
-0.0012805
0.000942583
0.00017218
-0.00102678
0.000741715
0.000371303
-0.000700009
0.000500886
0.000500065
-0.00041211
0.000283349
0.000584307
-0.000177764
9.35217e-05
0.000630898
1.88486e-05
-6.54393e-05
0.000649635
0.000162935
-0.000181672
0.000652023
0.000260234
-0.000262622
0.000633056
0.000341518
-0.000322551
0.000608376
0.000412723
-0.000388043
0.000668106
0.000401043
-0.000460774
0.000877887
0.000255206
-0.000464987
0.0010774
0.000145845
-0.000345356
0.00100757
0.000310314
-0.00024049
0.000656449
0.000714254
-0.000363129
0.000219154
0.00113151
-0.000694216
-0.000153777
0.00141388
-0.00104095
-0.000376611
0.0014798
-0.00125696
-0.000459375
0.00135929
-0.00127653
-0.000474743
0.00116858
-0.00115322
-0.000443651
0.000959904
-0.000990997
-0.000381111
0.000763249
-0.000825789
-0.00029959
0.000597805
-0.000679326
-0.000210345
0.000475738
-0.000564983
-0.000126146
0.000402704
-0.000486904
-6.23256e-05
0.000368884
-0.000432704
-2.92012e-05
0.000336968
-0.000370092
-3.97556e-05
0.000268306
-0.000257752
-0.000117694
0.000123586
-4.56467e-05
-0.000271565
-0.000143492
0.000297362
-0.000408516
-0.000629176
0.000766127
-0.000548667
-0.0011167
0.00125685
-0.000657514
-0.00157349
0.00168233
-0.000691001
-0.00190107
0.00193456
-0.000633949
-0.00199242
0.00193536
-0.000525196
-0.00187531
0.00176655
-0.000384948
-0.00163722
0.00149698
-0.000235996
-0.00133331
0.00118436
-9.61512e-05
-0.00101435
0.000874507
2.43971e-05
-0.000717209
0.00059666
0.000127431
-0.000462549
0.000359516
0.000218617
-0.000251219
0.000160033
0.000287825
-7.66428e-05
7.43514e-06
0.000329913
4.44735e-05
-8.65618e-05
0.000354971
0.000114453
-0.000139511
0.00037139
0.000149267
-0.000165686
0.000386466
0.000158643
-0.000173719
0.000406021
0.000146775
-0.00016633
0.00043239
0.000116735
-0.000143103
0.000462514
7.6661e-05
-0.000106785
0.000488051
4.36681e-05
-6.92053e-05
0.000498405
4.11496e-05
-5.15033e-05
0.000484893
8.95507e-05
-7.60386e-05
0.00044433
0.000196967
-0.000156405
0.000380025
0.000354167
-0.000289861
0.000299116
0.000537597
-0.000456688
0.00020886
0.000718031
-0.000627776
0.000115859
0.000868354
-0.000775353
2.60877e-05
0.000969744
-0.000879972
-5.37022e-05
0.00101103
-0.000931239
-0.000121496
0.000993979
-0.000926185
-0.000176588
0.000940285
-0.000885193
-0.000217367
0.000858448
-0.000817668
-0.000243513
0.000758596
-0.00073245
-0.000256033
0.000650776
-0.000638256
-0.00025697
0.000543664
-0.000542727
-0.000248966
0.000443677
-0.000451681
-0.00023454
0.000354355
-0.000368781
-0.000216011
0.000276666
-0.000295195
-0.000196083
0.000210252
-0.00023018
-0.000178662
0.000153114
-0.000170535
-0.000169218
9.9437e-05
-0.000108881
-0.000168968
3.11037e-05
-3.13535e-05
-0.000170857
-6.62728e-05
6.81612e-05
-0.000174954
-0.000182468
0.000186566
-0.000181566
-0.00031337
0.000319981
-0.000188817
-0.000456398
0.000463649
-0.000194725
-0.000604214
0.000610123
-0.000197707
-0.000746654
0.000749636
-0.000872112
0.000870739
-0.000107965
0.000291394
-0.000197947
0.000221215
-0.00025267
9.2804e-05
-0.000253601
-8.36778e-05
-0.000206973
-0.000309359
-0.000202366
-0.000610566
-0.000248999
-0.00106495
-0.000105185
-0.00142431
0.000103056
-0.00123502
0.000289635
-0.000886588
0.000423395
-0.00054587
0.000527397
-0.000281766
0.000607423
-6.11778e-05
0.000673917
9.64411e-05
0.00067994
0.000254211
0.000672847
0.000348612
0.000754421
0.000331149
0.000988854
0.00016661
0.00119769
4.63672e-05
0.00111974
0.000223795
0.000756814
0.000673244
0.0003071
0.00116397
-0.000103011
0.00154162
-0.000377809
0.00168867
-0.000491496
0.00159349
-0.000520247
0.00138804
-0.000494253
0.00114259
-0.000430424
0.000896075
-0.000343239
0.000676065
-0.000243567
0.000498132
-0.000138409
0.00037058
-3.62688e-05
0.000300564
4.64419e-05
0.000286173
9.69918e-05
0.000286418
0.000113284
0.000252015
8.18586e-05
0.00015501
-3.93528e-05
-2.22804e-05
-0.000178125
-0.000490404
-0.000335705
-0.00095912
-0.00047939
-0.0014298
-0.00057657
-0.00180389
-0.000587131
-0.00198185
-0.00053669
-0.00192575
-0.000442343
-0.00173157
-0.000324208
-0.00145145
-0.000200157
-0.0011384
-8.46572e-05
-0.000832709
1.48915e-05
-0.000562098
0.000103873
-0.000340201
0.000187286
-0.000160056
0.000248435
-1.66753e-05
0.000288897
7.39913e-05
0.000317622
0.000120541
0.000342998
0.000133267
0.000371018
0.000118755
0.000402914
8.48381e-05
0.000434366
4.52095e-05
0.000457029
2.10048e-05
0.000461967
3.62119e-05
0.000443245
0.000108273
0.000400243
0.000239969
0.000336779
0.000417631
0.000258529
0.000615847
0.000171912
0.000804648
8.32612e-05
0.000957005
-1.76741e-06
0.00105477
-7.57884e-05
0.00108505
-0.000138231
0.00105642
-0.00018698
0.000989034
-0.000220665
0.000892133
-0.000239186
0.000777116
-0.000243721
0.000655311
-0.00023647
0.000536413
-0.000220551
0.000427757
-0.000199171
0.000332975
-0.000174748
0.000252243
-0.000148969
0.000184473
-0.000123991
0.000128136
-0.000105094
8.05402e-05
-0.000100831
2.68404e-05
-9.877e-05
-6.83335e-05
-0.000100646
-0.000180592
-0.000107856
-0.000306159
-0.000117782
-0.000446472
-0.00012846
-0.000593537
-0.000138299
-0.000736815
-0.000864481
-8.48717e-05
0.000376266
-0.000165314
0.000301657
-0.000213614
0.000141105
-0.000238861
-5.8431e-05
-0.000191543
-0.000356677
-0.000103016
-0.000699093
-7.43152e-05
-0.00109365
-4.83446e-05
-0.00145028
6.32919e-05
-0.00134665
0.000204332
-0.00102763
0.000342006
-0.000683545
0.000452001
-0.000391761
0.00053285
-0.000142027
0.000616253
1.30386e-05
0.00066333
0.000207134
0.00078345
0.000228491
0.00104794
6.66581e-05
0.00126963
-5.50812e-05
0.00120167
0.000114333
0.000848519
0.000576942
0.000399785
0.00112198
-4.32155e-05
0.00160697
-0.00037896
0.00187737
-0.0005274
0.00183711
-0.000573136
0.00163922
-0.00055033
0.00136524
-0.00048151
0.00107377
-0.000386385
0.00080095
-0.000278945
0.000568624
-0.000167757
0.000386945
-5.63353e-05
0.000259158
5.46983e-05
0.000189531
0.000149793
0.000191079
0.000216677
0.000219533
0.000245112
0.00022358
0.000232393
0.00016773
0.00017856
3.15528e-05
3.30662e-05
-0.000344911
-0.000132997
-0.000793057
-0.000298853
-0.00126395
-0.000436373
-0.00166637
-0.000509176
-0.00190905
-0.000512742
-0.00192218
-0.000467886
-0.00177643
-0.000386942
-0.00153239
-0.000286588
-0.00123876
-0.00018201
-0.000937287
-8.39e-05
-0.000660208
1.59985e-06
-0.000425701
8.10023e-05
-0.000239458
0.000151828
-8.7501e-05
0.000211092
1.47269e-05
0.000254413
7.72208e-05
0.000291399
9.62809e-05
0.000327861
8.22933e-05
0.000364104
4.85949e-05
0.000395439
1.38751e-05
0.000414648
1.79519e-06
0.000415115
3.57451e-05
0.000393344
0.000130044
0.000349844
0.000283469
0.000287854
0.000479621
0.000212578
0.000691123
0.000130446
0.000886779
4.69145e-05
0.00104054
-3.2368e-05
0.00113405
-9.93227e-05
0.001152
-0.000154266
0.00111136
-0.000194812
0.00102958
-0.000219943
0.000917265
-0.000229946
0.000787119
-0.00022623
0.000651595
-0.000210912
0.000521095
-0.000187151
0.000403995
-0.00015864
0.000304464
-0.000128483
0.000222087
-9.8611e-05
0.000154601
-6.98741e-05
9.93986e-05
-4.49925e-05
5.56587e-05
-3.23966e-05
1.42445e-05
-2.35833e-05
-7.71468e-05
-2.561e-05
-0.000178566
-3.43195e-05
-0.00029745
-4.70649e-05
-0.000433727
-6.20807e-05
-0.000578521
-7.80896e-05
-0.000720806
-0.00084867
-7.18131e-05
0.000448079
-0.00013524
0.000365084
-0.00017736
0.000183224
-0.000197869
-3.79216e-05
-0.000193289
-0.000361257
-0.000126282
-0.0007661
-7.1311e-05
-0.00114862
-8.76123e-05
-0.00143398
-3.33993e-05
-0.00140087
6.9983e-05
-0.00113101
0.00019306
-0.000806622
0.000302399
-0.0005011
0.000414047
-0.000253675
0.000532751
-0.000105665
0.000748882
-8.99675e-06
0.00104953
-7.21593e-05
0.0012672
-0.000151006
0.00120467
7.43967e-06
0.000884481
0.000434527
0.000465317
0.000996105
7.00839e-06
0.00158029
-0.000386539
0.00200052
-0.000586034
0.00207686
-0.000648757
0.00189984
-0.000624003
0.00161447
-0.000543761
0.00128499
-0.000431558
0.000961568
-0.000308133
0.000677524
-0.000189686
0.000450178
-7.83938e-05
0.000275653
2.65306e-05
0.000154234
0.000131553
8.45085e-05
0.000236482
8.61496e-05
0.000323533
0.000132482
0.000369564
0.000177549
0.000369281
0.000168013
0.000342106
5.8728e-05
0.000216543
-0.000219348
5.34253e-05
-0.000629939
-0.0001233
-0.00108722
-0.000286986
-0.00150268
-0.000408643
-0.00178739
-0.000460513
-0.00187031
-0.000462596
-0.00177434
-0.000422
-0.00157299
-0.000351627
-0.00130913
-0.000264511
-0.0010244
-0.000173952
-0.000750767
-8.96815e-05
-0.000509972
-1.51151e-05
-0.000314025
5.71663e-05
-0.000159782
0.000125318
-5.34245e-05
0.000183674
1.8864e-05
0.000231665
4.82902e-05
0.000275634
3.83245e-05
0.000314811
9.4175e-06
0.000345044
-1.63574e-05
0.000361155
-1.43162e-05
0.000358761
3.81389e-05
0.000335453
0.000153352
0.000291878
0.000327044
0.000231578
0.000539921
0.000160353
0.000762348
8.34893e-05
0.000963643
6.11192e-06
0.00111791
-6.55762e-05
0.00120574
-0.000123498
0.00120993
-0.0001686
0.00115647
-0.000198806
0.00105979
-0.000213682
0.00093214
-0.000214053
0.00078749
-0.000201745
0.000639288
-0.000178846
0.000498197
-0.000148081
0.00037323
-0.000112988
0.000269371
-7.73647e-05
0.000186463
-4.51631e-05
0.0001224
-1.61723e-05
7.04078e-05
1.09403e-05
2.85461e-05
3.81583e-05
-1.29734e-05
4.91105e-05
-8.80989e-05
4.63463e-05
-0.000175801
3.65181e-05
-0.000287621
2.13996e-05
-0.000418608
2.42766e-06
-0.000559549
-1.93198e-05
-0.000699058
-0.000825333
-7.04604e-05
-0.000123397
-0.000167621
-0.000167147
-0.000169478
-0.000148882
-0.000124472
-0.000137654
-0.000137736
-5.39217e-05
6.61402e-05
0.000218867
0.000416906
0.000650359
0.000932437
0.00110655
0.00107448
0.000828824
0.000476322
2.07562e-05
-0.000422431
-0.000674978
-0.000748443
-0.000719325
-0.000621356
-0.000486988
-0.000340368
-0.000199075
-7.36451e-05
2.36521e-05
0.000113312
0.00020835
0.000309611
0.000400021
0.00046233
0.000483938
0.000462547
0.000371944
0.000220163
3.97966e-05
-0.000141487
-0.000295989
-0.000390396
-0.000432645
-0.000429794
-0.00039096
-0.000327575
-0.000251756
-0.000173147
-9.93617e-05
-2.83803e-05
3.8335e-05
0.000106337
0.000165232
0.000215983
0.000256705
0.000284961
0.000298452
0.000293976
0.000268768
0.00022483
0.000167243
0.000100945
3.02973e-05
-3.95405e-05
-0.00010069
-0.000147641
-0.000180681
-0.000198633
-0.000201921
-0.000192029
-0.000171183
-0.000141792
-0.000106073
-6.67772e-05
-2.74903e-05
1.1821e-05
4.9042e-05
7.90483e-05
0.000106165
0.000114886
0.000113607
0.000103272
8.60499e-05
6.34108e-05
3.64845e-05
-0.000672132
-0.000795349
8.76307e-05
-1.66628e-06
1.91847e-06
-4.26184e-06
2.59556e-06
-7.36006e-06
3.09821e-06
-1.07388e-05
3.37875e-06
-1.41003e-05
3.36145e-06
-1.709e-05
2.98975e-06
-1.93484e-05
2.25843e-06
-2.05582e-05
1.20972e-06
-2.04743e-05
-8.38341e-08
-1.89574e-05
-1.51688e-06
-1.59685e-05
-2.98897e-06
-1.16091e-05
-4.35937e-06
-6.28273e-06
-5.32638e-06
-6.4264e-07
-5.64009e-06
4.09843e-06
-4.74107e-06
7.00109e-06
-2.90266e-06
7.93966e-06
-9.38569e-07
7.36547e-06
5.74191e-07
5.68708e-06
1.67839e-06
3.26718e-06
2.4199e-06
4.41004e-07
2.82617e-06
-2.38291e-06
2.82391e-06
-4.87279e-06
2.48988e-06
-6.93491e-06
2.06213e-06
-8.48682e-06
1.55191e-06
-9.50999e-06
1.02318e-06
-1.00814e-05
5.71434e-07
-1.0216e-05
1.34572e-07
-9.77664e-06
-4.39362e-07
-8.72363e-06
-1.05301e-06
-7.14054e-06
-1.58309e-06
-4.9695e-06
-2.17104e-06
-2.02617e-06
-2.94333e-06
1.92296e-06
-3.94912e-06
7.13168e-06
-5.20873e-06
1.38326e-05
-6.70091e-06
2.22355e-05
-8.40289e-06
3.20919e-05
-9.85646e-06
4.16816e-05
-9.58962e-06
5.13706e-05
-9.68904e-06
5.81876e-05
-6.81701e-06
6.0052e-05
-1.86434e-06
2.40369e-06
5.76483e-05
-4.37086e-07
2.45407e-06
-1.42819e-06
3.58666e-06
-2.77417e-06
4.44419e-06
-4.41904e-06
5.02362e-06
-6.24923e-06
5.19164e-06
-8.10365e-06
4.84417e-06
-9.80131e-06
3.95608e-06
-1.11829e-05
2.59132e-06
-1.21645e-05
8.97773e-07
-1.27186e-05
-9.62803e-07
-1.28119e-05
-2.89566e-06
-1.23066e-05
-4.86471e-06
-1.12402e-05
-6.39276e-06
-9.88747e-06
-6.9928e-06
-7.88978e-06
-6.73876e-06
-5.0889e-06
-5.70354e-06
-1.94559e-06
-4.08188e-06
8.98193e-07
-2.26959e-06
3.01086e-06
-4.34277e-07
4.15434e-06
1.27642e-06
4.31068e-06
2.66983e-06
3.43628e-06
3.69831e-06
1.63109e-06
4.29507e-06
-7.21141e-07
4.41436e-06
-3.26204e-06
4.0928e-06
-5.6036e-06
3.36474e-06
-7.25522e-06
2.22305e-06
-7.80569e-06
6.8504e-07
-7.15908e-06
-1.08597e-06
-5.25238e-06
-2.95971e-06
-1.94651e-06
-4.88896e-06
2.64821e-06
-6.76576e-06
8.17217e-06
-8.4673e-06
1.41446e-05
-9.92153e-06
1.99888e-05
-1.10529e-05
2.50747e-05
-1.17869e-05
2.87642e-05
-1.20923e-05
3.06065e-05
-1.16988e-05
3.11867e-05
-1.01698e-05
2.92914e-05
-7.79373e-06
2.68414e-05
-4.36698e-06
2.52402e-05
-2.63174e-07
3.55024e-06
2.40936e-05
-3.75983e-07
2.27804e-06
-5.52603e-07
3.76328e-06
-1.06544e-06
4.95703e-06
-1.90148e-06
5.85966e-06
-3.0089e-06
6.29907e-06
-4.28124e-06
6.11651e-06
-5.62768e-06
5.30252e-06
-6.9543e-06
3.91794e-06
-8.22047e-06
2.16394e-06
-9.40935e-06
2.26077e-07
-1.04585e-05
-1.84653e-06
-1.1296e-05
-4.02724e-06
-1.18412e-05
-5.84755e-06
-1.19851e-05
-6.84885e-06
-1.16012e-05
-7.12269e-06
-1.06223e-05
-6.68237e-06
-9.09771e-06
-5.60652e-06
-7.24022e-06
-4.12707e-06
-5.23306e-06
-2.44144e-06
-3.25478e-06
-7.01861e-07
-1.49915e-06
9.14201e-07
-5.50797e-08
2.25424e-06
1.0294e-06
3.21059e-06
1.74166e-06
3.7021e-06
2.15696e-06
3.67751e-06
2.38382e-06
3.13788e-06
2.53112e-06
2.07575e-06
2.69841e-06
5.17751e-07
3.0155e-06
-1.40306e-06
3.6052e-06
-3.54941e-06
4.54106e-06
-5.82481e-06
5.89388e-06
-8.11858e-06
7.71025e-06
-1.02837e-05
9.953e-06
-1.21643e-05
1.24858e-05
-1.35857e-05
1.50531e-05
-1.43542e-05
1.72291e-05
-1.42683e-05
1.8597e-05
-1.30668e-05
1.89454e-05
-1.05182e-05
1.79009e-05
-6.7492e-06
1.55889e-05
-2.05498e-06
1.22924e-05
3.03333e-06
7.72734e-06
8.11526e-06
3.98505e-07
1.95225e-06
3.46281e-07
3.8155e-06
-1.18086e-07
5.4214e-06
-9.80777e-07
6.72235e-06
-2.19192e-06
7.51021e-06
-3.54557e-06
7.47016e-06
-4.97436e-06
6.7313e-06
-6.37594e-06
5.31953e-06
-7.75541e-06
3.5434e-06
-9.06812e-06
1.53879e-06
-1.01526e-05
-7.62052e-07
-1.1089e-05
-3.09079e-06
-1.18405e-05
-5.09614e-06
-1.2185e-05
-6.50431e-06
-1.20518e-05
-7.2559e-06
-1.14264e-05
-7.30773e-06
-1.03369e-05
-6.69611e-06
-8.8974e-06
-5.56652e-06
-7.23893e-06
-4.09991e-06
-5.47121e-06
-2.46958e-06
-3.70791e-06
-8.49102e-07
-2.04602e-06
5.92349e-07
-5.57508e-07
1.72208e-06
7.21575e-07
2.42302e-06
1.784e-06
2.61508e-06
2.66261e-06
2.25927e-06
3.39655e-06
1.34182e-06
3.99009e-06
-7.57943e-08
4.45955e-06
-1.87252e-06
4.86383e-06
-3.95369e-06
5.28553e-06
-6.24652e-06
5.77437e-06
-8.60741e-06
6.35909e-06
-1.08684e-05
7.06202e-06
-1.28672e-05
7.88309e-06
-1.44068e-05
8.81357e-06
-1.52847e-05
9.84941e-06
-1.53041e-05
1.10619e-05
-1.42793e-05
1.26272e-05
-1.20835e-05
1.46558e-05
-8.77781e-06
1.72162e-05
-4.61538e-06
2.02596e-05
-1.00982e-08
4.47942e-06
2.35075e-05
2.22879e-06
1.40736e-06
2.15278e-06
3.89151e-06
1.45552e-06
6.11866e-06
4.06126e-07
7.77174e-06
-8.76612e-07
8.79294e-06
-2.41443e-06
9.00798e-06
-4.37495e-06
8.69183e-06
-6.90381e-06
7.84838e-06
-9.39574e-06
6.03534e-06
-1.11459e-05
3.28897e-06
-1.23054e-05
3.9742e-07
-1.30418e-05
-2.35435e-06
-1.33096e-05
-4.82833e-06
-1.31004e-05
-6.7136e-06
-1.24071e-05
-7.94912e-06
-1.1324e-05
-8.39088e-06
-9.95082e-06
-8.06927e-06
-8.3715e-06
-7.14584e-06
-6.70008e-06
-5.77133e-06
-5.03476e-06
-4.1349e-06
-3.45701e-06
-2.42685e-06
-2.02869e-06
-8.35967e-07
-7.91381e-07
4.84763e-07
2.46512e-07
1.38512e-06
1.08017e-06
1.78142e-06
1.72907e-06
1.61037e-06
2.27069e-06
8.00194e-07
2.7131e-06
-5.18204e-07
3.00521e-06
-2.16463e-06
3.19144e-06
-4.13991e-06
3.34297e-06
-6.39805e-06
3.52207e-06
-8.78651e-06
3.75322e-06
-1.10995e-05
4.08582e-06
-1.31998e-05
4.61536e-06
-1.49363e-05
5.4256e-06
-1.60949e-05
6.63864e-06
-1.65172e-05
8.43869e-06
-1.60793e-05
1.10604e-05
-1.47052e-05
1.47097e-05
-1.24272e-05
1.95108e-05
-9.4164e-06
2.54593e-05
-5.95865e-06
-2.4143e-06
3.2353e-05
4.35412e-06
1.02787e-06
3.96022e-06
4.28541e-06
2.85196e-06
7.22693e-06
1.08332e-06
9.54038e-06
-1.12102e-06
1.09973e-05
-3.56138e-06
1.14483e-05
-5.96313e-06
1.10936e-05
-8.22218e-06
1.01074e-05
-1.03105e-05
8.12366e-06
-1.20881e-05
5.06656e-06
-1.33705e-05
1.6798e-06
-1.4038e-05
-1.68677e-06
-1.41223e-05
-4.74403e-06
-1.36409e-05
-7.19509e-06
-1.26118e-05
-8.97816e-06
-1.12182e-05
-9.78446e-06
-9.57703e-06
-9.71048e-06
-7.7964e-06
-8.92646e-06
-6.0209e-06
-7.54683e-06
-4.36131e-06
-5.7945e-06
-2.89019e-06
-3.89797e-06
-1.6538e-06
-2.07235e-06
-6.77397e-07
-4.91645e-07
5.08043e-08
6.56923e-07
5.74608e-07
1.25762e-06
9.20911e-07
1.26406e-06
9.78621e-07
7.42485e-07
9.38259e-07
-4.77842e-07
9.69303e-07
-2.19568e-06
1.03204e-06
-4.20265e-06
1.12832e-06
-6.49434e-06
1.25806e-06
-8.91626e-06
1.54221e-06
-1.13837e-05
2.04595e-06
-1.37036e-05
2.78792e-06
-1.56783e-05
3.90035e-06
-1.72073e-05
5.54642e-06
-1.81632e-05
7.91712e-06
-1.845e-05
1.12302e-05
-1.80182e-05
1.56926e-05
-1.68895e-05
2.1449e-05
-1.51728e-05
2.85378e-05
-1.30475e-05
-1.07257e-05
3.68492e-05
7.4637e-06
6.78417e-07
6.70375e-06
5.04536e-06
4.95015e-06
8.98053e-06
2.37414e-06
1.21164e-05
-7.64448e-07
1.41359e-05
-4.14488e-06
1.48288e-05
-7.42838e-06
1.43771e-05
-1.04531e-05
1.31322e-05
-1.30539e-05
1.07244e-05
-1.49957e-05
7.00837e-06
-1.61695e-05
2.85364e-06
-1.64941e-05
-1.36217e-06
-1.60446e-05
-5.19358e-06
-1.48727e-05
-8.36696e-06
-1.31835e-05
-1.06674e-05
-1.1117e-05
-1.1851e-05
-8.91734e-06
-1.19101e-05
-6.79298e-06
-1.10508e-05
-4.85746e-06
-9.48235e-06
-3.22372e-06
-7.42824e-06
-1.94414e-06
-5.17754e-06
-9.88214e-07
-3.02828e-06
-3.92864e-07
-1.087e-06
-1.48081e-07
4.1214e-07
-1.39977e-07
1.24952e-06
-3.79622e-07
1.50371e-06
-7.80869e-07
1.14373e-06
-1.15555e-06
-1.03161e-07
-1.4248e-06
-1.92643e-06
-1.64814e-06
-3.97931e-06
-1.78557e-06
-6.35691e-06
-1.56772e-06
-9.13411e-06
-1.05392e-06
-1.18975e-05
-3.50144e-07
-1.44073e-05
7.44422e-07
-1.67728e-05
2.35408e-06
-1.8817e-05
4.58488e-06
-2.0394e-05
7.57579e-06
-2.14409e-05
1.14955e-05
-2.19379e-05
1.65149e-05
-2.1909e-05
2.27693e-05
-2.14273e-05
3.0324e-05
-2.06021e-05
-1.95468e-05
3.91451e-05
1.16329e-05
3.44319e-07
1.04444e-05
6.23385e-06
7.88487e-06
1.15401e-05
4.20982e-06
1.57914e-05
-2.15605e-07
1.85613e-05
-4.89639e-06
1.95096e-05
-9.29747e-06
1.87782e-05
-1.32056e-05
1.70403e-05
-1.65365e-05
1.40553e-05
-1.89217e-05
9.39359e-06
-2.01771e-05
4.10897e-06
-2.02168e-05
-1.32244e-06
-1.9129e-05
-6.28138e-06
-1.70731e-05
-1.04229e-05
-1.43078e-05
-1.34326e-05
-1.11617e-05
-1.49972e-05
-8.04474e-06
-1.5027e-05
-5.20125e-06
-1.38943e-05
-2.80792e-06
-1.18757e-05
-9.65505e-07
-9.27066e-06
2.44705e-07
-6.38775e-06
8.56549e-07
-3.64013e-06
9.76421e-07
-1.20687e-06
5.54893e-07
8.33668e-07
-1.25623e-07
1.93003e-06
-8.41289e-07
2.21938e-06
-1.90663e-06
2.20908e-06
-3.03752e-06
1.02773e-06
-3.60467e-06
-1.35928e-06
-4.07372e-06
-3.51026e-06
-4.28068e-06
-6.14995e-06
-4.29381e-06
-9.12098e-06
-3.91401e-06
-1.22773e-05
-2.90963e-06
-1.54117e-05
-1.40816e-06
-1.82743e-05
6.31784e-07
-2.08569e-05
3.32902e-06
-2.30913e-05
6.8005e-06
-2.49124e-05
1.11744e-05
-2.63118e-05
1.65835e-05
-2.73181e-05
2.31434e-05
-2.79871e-05
3.09353e-05
-2.8394e-05
-2.85944e-05
3.99829e-05
1.73048e-05
-7.68601e-09
1.55408e-05
7.99784e-06
1.19131e-05
1.51678e-05
6.82549e-06
2.08791e-05
7.32274e-07
2.46545e-05
-5.75482e-06
2.59966e-05
-1.17754e-05
2.47988e-05
-1.68466e-05
2.21115e-05
-2.11484e-05
1.83571e-05
-2.41171e-05
1.23623e-05
-2.5419e-05
5.4109e-06
-2.50421e-05
-1.6993e-06
-2.31451e-05
-8.17837e-06
-1.99433e-05
-1.36247e-05
-1.58059e-05
-1.757e-05
-1.13044e-05
-1.94986e-05
-6.94957e-06
-1.93819e-05
-3.15089e-06
-1.7693e-05
-1.5481e-07
-1.48718e-05
1.93843e-06
-1.13639e-05
3.07249e-06
-7.52182e-06
3.30655e-06
-3.87419e-06
2.94059e-06
-8.409e-07
1.9343e-06
1.83996e-06
3.22482e-07
3.54185e-06
-1.17623e-06
3.71809e-06
-2.65585e-06
3.68869e-06
-4.66203e-06
3.03391e-06
-6.12204e-06
1.00724e-07
-6.91701e-06
-2.71529e-06
-7.32233e-06
-5.74463e-06
-7.26469e-06
-9.17862e-06
-6.74536e-06
-1.27966e-05
-5.68932e-06
-1.64678e-05
-3.98134e-06
-1.99823e-05
-1.61573e-06
-2.32226e-05
1.44179e-06
-2.61488e-05
5.2703e-06
-2.87409e-05
9.96971e-06
-3.10112e-05
1.56454e-05
-3.29939e-05
2.24006e-05
-3.47424e-05
3.03416e-05
-3.6335e-05
-3.78049e-05
3.95522e-05
2.49659e-05
-3.47966e-07
2.2458e-05
1.05057e-05
1.75016e-05
2.01242e-05
1.06363e-05
2.77444e-05
2.30322e-06
3.29876e-05
-6.84209e-06
3.5142e-05
-1.53872e-05
3.33439e-05
-2.17932e-05
2.85175e-05
-2.6985e-05
2.35489e-05
-3.07885e-05
1.61657e-05
-3.22036e-05
6.82601e-06
-3.13399e-05
-2.56301e-06
-2.8424e-05
-1.10943e-05
-2.36811e-05
-1.83676e-05
-1.76753e-05
-2.35758e-05
-1.13831e-05
-2.57908e-05
-5.50933e-06
-2.52557e-05
-4.93198e-07
-2.27091e-05
3.26633e-06
-1.86313e-05
5.63516e-06
-1.37327e-05
6.71796e-06
-8.60462e-06
6.53248e-06
-3.68871e-06
5.37906e-06
3.12518e-07
3.61192e-06
3.6071e-06
1.17135e-06
5.98242e-06
-1.49054e-06
6.37998e-06
-3.94563e-06
6.14378e-06
-6.40371e-06
5.49199e-06
-8.3772e-06
2.07421e-06
-9.82536e-06
-1.26712e-06
-1.06923e-05
-4.87764e-06
-1.08195e-05
-9.0515e-06
-1.02856e-05
-1.33305e-05
-9.0666e-06
-1.76868e-05
-7.1322e-06
-2.19167e-05
-4.48272e-06
-2.5872e-05
-1.11632e-06
-2.95152e-05
3.00345e-06
-3.28607e-05
7.94976e-06
-3.59575e-05
1.3809e-05
-3.88531e-05
2.06833e-05
-4.16166e-05
2.87311e-05
-4.43828e-05
-4.71945e-05
3.81206e-05
3.58487e-05
-5.88982e-07
3.20638e-05
1.42907e-05
2.50233e-05
2.71647e-05
1.58036e-05
3.6964e-05
5.05862e-06
4.37326e-05
-6.80389e-06
4.70045e-05
-1.91063e-05
4.56463e-05
-2.9087e-05
3.84982e-05
-3.59281e-05
3.039e-05
-4.0045e-05
2.02827e-05
-4.15386e-05
8.31956e-06
-4.00352e-05
-4.06634e-06
-3.56887e-05
-1.54408e-05
-2.86757e-05
-2.53807e-05
-1.98809e-05
-3.23706e-05
-1.0897e-05
-3.47747e-05
-3.03067e-06
-3.3122e-05
3.31201e-06
-2.90518e-05
7.80642e-06
-2.31257e-05
1.03898e-05
-1.63161e-05
1.12292e-05
-9.44399e-06
1.05005e-05
-2.95997e-06
8.44053e-06
2.37246e-06
5.48688e-06
6.56075e-06
2.05518e-06
9.41411e-06
-1.69775e-06
1.01329e-05
-5.56975e-06
1.00158e-05
-8.69656e-06
8.6188e-06
-1.1233e-05
4.61066e-06
-1.33498e-05
8.49706e-07
-1.45879e-05
-3.63961e-06
-1.50131e-05
-8.62628e-06
-1.4517e-05
-1.38266e-05
-1.3138e-05
-1.90657e-05
-1.09448e-05
-2.41099e-05
-8.00012e-06
-2.88167e-05
-4.34618e-06
-3.31691e-05
2.12696e-08
-3.72281e-05
5.16416e-06
-4.11004e-05
1.11267e-05
-4.48156e-05
1.79975e-05
-4.84874e-05
2.60654e-05
-5.24508e-05
-5.67571e-05
3.56281e-05
4.94971e-05
-8.05473e-07
4.41122e-05
1.96756e-05
3.43183e-05
3.69586e-05
2.16494e-05
4.96329e-05
6.90861e-06
5.84734e-05
-8.31672e-06
6.22298e-05
-2.36625e-05
6.09921e-05
-3.61955e-05
5.10312e-05
-4.63364e-05
4.05308e-05
-5.25446e-05
2.64909e-05
-5.41028e-05
9.87776e-06
-5.18359e-05
-6.33327e-06
-4.58385e-05
-2.14382e-05
-3.53879e-05
-3.58313e-05
-2.3114e-05
-4.46445e-05
-1.05262e-05
-4.73625e-05
5.77942e-07
-4.42262e-05
9.1004e-06
-3.75743e-05
1.46038e-05
-2.86291e-05
1.73562e-05
-1.90686e-05
1.77632e-05
-9.85098e-06
1.60925e-05
-1.28924e-06
1.27368e-05
5.72815e-06
8.26158e-06
1.1036e-05
3.27332e-06
1.44024e-05
-2.03022e-06
1.54365e-05
-7.19094e-06
1.51765e-05
-1.14054e-05
1.28332e-05
-1.51093e-05
8.31463e-06
-1.78746e-05
3.61501e-06
-1.95404e-05
-1.97381e-06
-2.01579e-05
-8.00888e-06
-1.96644e-05
-1.43201e-05
-1.81114e-05
-2.06186e-05
-1.5636e-05
-2.65853e-05
-1.23675e-05
-3.20852e-05
-8.40866e-06
-3.7128e-05
-3.80538e-06
-4.18314e-05
1.54967e-06
-4.64555e-05
7.634e-06
-5.08999e-05
1.43933e-05
-5.52467e-05
2.22552e-05
-6.03127e-05
-6.62611e-05
3.17591e-05
6.43542e-05
-5.96334e-07
5.68258e-05
2.7204e-05
4.37364e-05
5.00479e-05
2.73823e-05
6.5987e-05
9.65501e-06
7.62008e-05
-1.0399e-05
8.22838e-05
-2.99953e-05
8.05884e-05
-4.54392e-05
6.64751e-05
-5.7581e-05
5.26727e-05
-6.63166e-05
3.52265e-05
-6.9941e-05
1.35022e-05
-6.60126e-05
-1.02617e-05
-5.56897e-05
-3.17611e-05
-4.25442e-05
-4.89768e-05
-2.58589e-05
-6.13297e-05
-8.98541e-06
-6.4236e-05
4.88163e-06
-5.80932e-05
1.56113e-05
-4.83039e-05
2.21902e-05
-3.52081e-05
2.52117e-05
-2.20901e-05
2.5332e-05
-9.9713e-06
2.27412e-05
1.30162e-06
1.79424e-05
1.0527e-05
1.18049e-05
1.71734e-05
5.0336e-06
2.11737e-05
-2.0794e-06
2.25495e-05
-8.74008e-06
2.18372e-05
-1.43818e-05
1.84749e-05
-1.93652e-05
1.32981e-05
-2.28276e-05
7.07738e-06
-2.50445e-05
2.43071e-07
-2.59218e-05
-7.13155e-06
-2.54129e-05
-1.4829e-05
-2.36325e-05
-2.2399e-05
-2.08e-05
-2.94178e-05
-1.71714e-05
-3.57139e-05
-1.29532e-05
-4.13462e-05
-8.21661e-06
-4.6568e-05
-2.851e-06
-5.18211e-05
2.7287e-06
-5.64797e-05
8.71437e-06
-6.12324e-05
1.60911e-05
-6.76894e-05
-7.54158e-05
2.52459e-05
7.57611e-05
9.05057e-07
6.58727e-05
3.70924e-05
5.21128e-05
6.38078e-05
3.28149e-05
8.52849e-05
9.6583e-06
9.93574e-05
-1.48778e-05
0.00010682
-3.73345e-05
0.000103045
-6.15541e-05
9.06947e-05
-8.02006e-05
7.13192e-05
-8.82775e-05
4.33034e-05
-8.62599e-05
1.14845e-05
-7.71809e-05
-1.93407e-05
-6.17355e-05
-4.72064e-05
-4.09769e-05
-6.97354e-05
-2.39977e-05
-7.83089e-05
-6.67586e-06
-8.15579e-05
1.21279e-05
-7.68969e-05
2.54742e-05
-6.16502e-05
3.11103e-05
-4.08443e-05
3.38089e-05
-2.47887e-05
3.27746e-05
-8.93699e-06
2.84694e-05
5.60678e-06
2.18173e-05
1.71791e-05
1.37692e-05
2.52216e-05
5.16166e-06
2.97813e-05
-3.85184e-06
3.1563e-05
-1.23619e-05
3.03473e-05
-1.90397e-05
2.51526e-05
-2.46188e-05
1.88772e-05
-2.92354e-05
1.16941e-05
-3.21636e-05
3.17122e-06
-3.32285e-05
-6.06662e-06
-3.24657e-05
-1.55919e-05
-3.01659e-05
-2.46987e-05
-2.69138e-05
-3.26699e-05
-2.30606e-05
-3.9567e-05
-1.87675e-05
-4.56393e-05
-1.4409e-05
-5.09265e-05
-1.04218e-05
-5.58083e-05
-5.21032e-06
-6.16911e-05
1.91484e-06
-6.83575e-05
9.43491e-06
-7.52095e-05
-8.40619e-05
1.8081e-05
8.09406e-05
1.28823e-07
6.62889e-05
5.17441e-05
5.44114e-05
7.56853e-05
3.59891e-05
0.000103707
1.22188e-05
0.000123128
-1.35285e-05
0.000132567
-3.99499e-05
0.000129467
-6.56243e-05
0.000116369
-8.53339e-05
9.10289e-05
-9.82244e-05
5.61939e-05
-0.000101662
1.49225e-05
-9.41383e-05
-2.68648e-05
-7.58909e-05
-6.54538e-05
-4.63195e-05
-9.93069e-05
-1.65069e-05
-0.000108121
7.51881e-06
-0.000105584
2.72649e-05
-9.6643e-05
4.10324e-05
-7.54177e-05
4.1498e-05
-4.13098e-05
4.5006e-05
-2.82967e-05
4.27501e-05
-6.68113e-06
3.5697e-05
1.26599e-05
2.64551e-05
2.64209e-05
1.59271e-05
3.57496e-05
4.73825e-06
4.09701e-05
-6.43556e-06
4.27368e-05
-1.64023e-05
4.0314e-05
-2.55224e-05
3.42727e-05
-3.32151e-05
2.65699e-05
-3.84021e-05
1.68811e-05
-4.08362e-05
5.60532e-06
-4.05726e-05
-6.33025e-06
-3.86388e-05
-1.75256e-05
-3.57539e-05
-2.75836e-05
-3.16613e-05
-3.67626e-05
-2.66738e-05
-4.45546e-05
-2.14309e-05
-5.08821e-05
-1.6143e-05
-5.62145e-05
-1.11501e-05
-6.08011e-05
-7.15179e-06
-6.56895e-05
-3.53736e-06
-7.1972e-05
6.67196e-07
-7.9414e-05
-8.92431e-05
5.84832e-06
3.37616e-05
-7.8783e-06
3.48923e-05
5.06133e-05
3.08479e-05
7.97298e-05
2.24643e-05
0.000112091
9.10312e-06
0.000136489
-9.05054e-06
0.000150721
-3.35828e-05
0.000153999
-5.57576e-05
0.000138544
-7.11782e-05
0.00010645
-8.07933e-05
6.5809e-05
-8.1894e-05
1.60232e-05
-7.4906e-05
-3.38529e-05
-6.13952e-05
-7.89645e-05
-3.85801e-05
-0.000122122
-6.42165e-06
-0.00014028
2.26719e-05
-0.000134677
4.33496e-05
-0.000117321
5.28198e-05
-8.4888e-05
5.35526e-05
-4.20426e-05
5.16471e-05
-2.63912e-05
4.82544e-05
-3.28841e-06
3.98619e-05
2.10524e-05
2.97305e-05
3.65523e-05
1.81981e-05
4.7282e-05
5.64604e-06
5.35222e-05
-6.49624e-06
5.4879e-05
-1.75398e-05
5.13576e-05
-2.76019e-05
4.43349e-05
-3.58158e-05
3.47838e-05
-4.1846e-05
2.29113e-05
-4.57742e-05
9.53351e-06
-4.75485e-05
-4.55595e-06
-4.66354e-05
-1.84388e-05
-4.32621e-05
-3.09569e-05
-3.86095e-05
-4.14152e-05
-3.36162e-05
-4.95479e-05
-2.88302e-05
-5.56681e-05
-2.4719e-05
-6.03257e-05
-2.13624e-05
-6.41577e-05
-1.88343e-05
-6.82176e-05
-1.68672e-05
-7.39391e-05
-1.44696e-05
-8.18116e-05
-9.22354e-05
-1.14773e-05
-6.98522e-05
-3.6349e-05
-4.40997e-05
2.48609e-05
-2.62123e-05
6.18424e-05
-6.17049e-06
9.20489e-05
1.32013e-05
0.000117117
2.86194e-05
0.000135303
3.67966e-05
0.000145822
3.81525e-05
0.000137188
3.2785e-05
0.000111817
2.61706e-05
7.24233e-05
2.49875e-05
1.72064e-05
2.30409e-05
-3.19063e-05
1.97383e-05
-7.5662e-05
1.67269e-05
-0.000119111
2.18032e-05
-0.000145356
3.23557e-05
-0.00014523
3.98944e-05
-0.000124859
3.77238e-05
-8.27174e-05
3.66017e-05
-4.09204e-05
2.87062e-05
-1.84958e-05
2.17497e-05
3.66816e-06
1.47084e-05
2.80936e-05
7.15846e-06
4.41023e-05
-9.67052e-07
5.54075e-05
-9.28923e-06
6.18444e-05
-1.71374e-05
6.27272e-05
-2.47319e-05
5.89521e-05
-3.18225e-05
5.14255e-05
-3.77555e-05
4.07168e-05
-4.22333e-05
2.73891e-05
-4.51366e-05
1.24368e-05
-4.66936e-05
-2.99893e-06
-4.7095e-05
-1.80374e-05
-4.64107e-05
-3.16412e-05
-4.48209e-05
-4.3005e-05
-4.28945e-05
-5.14742e-05
-4.14449e-05
-5.71177e-05
-4.10291e-05
-6.07415e-05
-4.1828e-05
-6.33588e-05
-4.39324e-05
-6.61132e-05
-4.74584e-05
-7.04132e-05
-5.11461e-05
-7.81238e-05
-9.01498e-05
-5.32317e-05
-7.22533e-05
-6.24462e-05
-3.61722e-05
-1.12202e-05
-4.00715e-06
2.96773e-05
2.30276e-05
6.50141e-05
4.01411e-05
0.000100004
4.57878e-05
0.000129656
4.32996e-05
0.00014831
4.3091e-05
0.000137397
4.1148e-05
0.00011376
4.20308e-05
7.15405e-05
4.05874e-05
1.86499e-05
4.31583e-05
-3.44772e-05
4.73838e-05
-7.98875e-05
4.19078e-05
-0.000113635
2.97547e-05
-0.000133203
1.3948e-05
-0.000129423
-3.84584e-06
-0.000107065
-1.69748e-05
-6.95884e-05
-2.50932e-05
-3.2802e-05
-3.5942e-05
-7.64697e-06
-4.44502e-05
1.21763e-05
-4.63752e-05
3.00186e-05
-4.62017e-05
4.39288e-05
-4.5135e-05
5.43408e-05
-4.34999e-05
6.02093e-05
-4.18799e-05
6.11073e-05
-4.03268e-05
5.73989e-05
-3.85094e-05
4.96081e-05
-3.62426e-05
3.84499e-05
-3.36817e-05
2.48282e-05
-3.12147e-05
9.96982e-06
-2.93576e-05
-4.85604e-06
-2.82926e-05
-1.91024e-05
-2.80026e-05
-3.19312e-05
-2.91107e-05
-4.1897e-05
-3.21072e-05
-4.84777e-05
-3.71773e-05
-5.20477e-05
-4.44317e-05
-5.34871e-05
-5.38454e-05
-5.39451e-05
-6.53636e-05
-5.4595e-05
-7.92808e-05
-5.6496e-05
-9.57963e-05
-6.16083e-05
-7.15504e-05
-0.000114396
-0.000177424
-4.51452e-05
-0.00017288
-1.57643e-05
-0.000156995
1.37919e-05
-0.000131514
3.95339e-05
-9.21683e-05
6.06576e-05
-4.06504e-05
7.81381e-05
1.39523e-05
9.37071e-05
8.38e-05
6.75488e-05
0.000122398
7.51622e-05
0.000148684
4.52544e-05
0.000154739
1.25944e-05
0.000144688
-2.44257e-05
0.000130087
-6.52861e-05
7.59297e-05
-5.94777e-05
1.67139e-05
-7.39874e-05
-3.88892e-05
-7.38198e-05
-8.4389e-05
-6.15658e-05
-0.000112813
-4.11648e-05
-0.000128475
-1.71394e-05
-0.000136786
6.64231e-07
-0.000134745
1.01354e-05
-0.000123749
1.90226e-05
-0.000108205
2.83845e-05
-8.88775e-05
3.50132e-05
-6.62153e-05
3.7547e-05
-4.17233e-05
3.66154e-05
-1.71708e-05
3.28464e-05
5.44072e-06
2.69966e-05
2.41109e-05
1.97797e-05
3.74623e-05
1.14768e-05
4.50496e-05
2.38249e-06
4.70694e-05
-6.87578e-06
4.32391e-05
-1.52721e-05
3.31813e-05
-2.18735e-05
1.78532e-05
-2.65688e-05
-1.30546e-06
-2.9319e-05
-2.30061e-05
-3.03471e-05
-4.62689e-05
-3.02243e-05
-7.05385e-05
-2.96755e-05
-9.57281e-05
-2.94054e-05
-0.000122249
-2.99751e-05
-0.000150473
-3.33841e-05
-3.71326e-05
-0.000184891
-0.000231531
-0.000247295
-0.000233503
-0.000193969
-0.000133312
-5.51737e-05
3.85333e-05
0.000106082
0.000181244
0.000226499
0.000239093
0.000214667
0.000149381
8.99036e-05
1.59162e-05
-5.79036e-05
-0.000119469
-0.000160634
-0.000177774
-0.000177109
-0.000166974
-0.000147951
-0.000119567
-8.45537e-05
-4.70067e-05
-1.03913e-05
2.24551e-05
4.94517e-05
6.92314e-05
8.07082e-05
8.30907e-05
7.62149e-05
6.09428e-05
3.90694e-05
1.25006e-05
-1.68184e-05
-4.71655e-05
-7.73898e-05
-0.000107065
-0.000136471
-0.000166446
-0.00019983
-0.000236962
5.27939e-05
4.85439e-06
4.72427e-05
5.55114e-06
4.18669e-05
5.37582e-06
3.67123e-05
5.15461e-06
3.08738e-05
5.83844e-06
2.40153e-05
6.85851e-06
1.61496e-05
7.86572e-06
7.21837e-06
8.93124e-06
4.16976e-07
6.80139e-06
-4.93206e-06
5.34904e-06
-8.0143e-06
3.08223e-06
-8.81379e-06
7.99491e-07
-8.38017e-06
-4.3362e-07
-8.24386e-06
-1.36304e-07
-9.20583e-06
9.61965e-07
-1.19209e-05
2.71502e-06
-1.72154e-05
5.29451e-06
-2.55061e-05
8.29072e-06
-3.74924e-05
1.19864e-05
-5.18666e-05
1.43741e-05
-7.07055e-05
1.88389e-05
-8.77208e-05
1.70152e-05
-0.000105713
1.79926e-05
-0.000123315
1.76019e-05
-0.000138405
1.50897e-05
-0.000147283
8.87782e-06
-0.000145589
-1.694e-06
-0.000130891
-1.46975e-05
-0.000100882
-3.00097e-05
-5.68341e-05
-4.40474e-05
-3.01529e-06
-5.38188e-05
5.41273e-05
-5.71426e-05
0.000114406
-6.02787e-05
0.000165364
-5.09583e-05
0.000204716
-3.93522e-05
0.000222576
-1.78595e-05
0.000217799
4.77729e-06
0.000190856
2.69426e-05
0.000144153
4.6703e-05
8.52486e-05
5.89044e-05
3.66133e-05
4.86353e-05
-1.62617e-05
5.28749e-05
-5.85575e-05
4.22959e-05
-8.51388e-05
2.65813e-05
-9.50419e-05
9.90301e-06
-8.93025e-05
-5.73939e-06
-7.04102e-05
-1.88923e-05
-4.18353e-05
-2.85749e-05
-7.89598e-06
-3.39393e-05
1.93118e-05
-2.72078e-05
5.02339e-05
-3.0922e-05
7.5769e-05
-2.55352e-05
9.358e-05
-1.78109e-05
0.000102186
-8.60637e-06
0.000100421
1.76528e-06
8.74144e-05
1.30066e-05
6.27981e-05
2.46163e-05
2.88861e-05
3.3912e-05
-1.04865e-05
3.93727e-05
-4.63276e-05
3.58411e-05
-7.94727e-05
3.31451e-05
-0.000104936
2.54637e-05
-0.000119739
1.48022e-05
-0.000123013
3.27418e-06
-0.00011533
-7.68259e-06
-9.83693e-05
-1.6961e-05
-7.45059e-05
-2.38634e-05
-4.65567e-05
-2.79491e-05
-1.77347e-05
-2.8822e-05
6.68526e-06
-2.442e-05
2.74309e-05
-2.07457e-05
4.19625e-05
-1.45316e-05
4.92216e-05
-7.25917e-06
4.89689e-05
2.5275e-07
4.20163e-05
6.95256e-06
3.02549e-05
1.17614e-05
1.58005e-05
1.44544e-05
3.57447e-06
1.2226e-05
-8.22326e-06
1.17977e-05
-1.65817e-05
8.35846e-06
-2.05693e-05
3.98759e-06
-2.0161e-05
-4.08332e-07
-1.59203e-05
-4.24067e-06
-8.69059e-06
-7.2297e-06
5.10981e-07
-9.20157e-06
1.06889e-05
-1.01779e-05
-1.01622e-05
2.25798e-05
6.3682e-06
2.05854e-05
7.54563e-06
1.82998e-05
7.66133e-06
1.55642e-05
7.89025e-06
1.23268e-05
9.07582e-06
8.19339e-06
1.0992e-05
3.13098e-06
1.29281e-05
-2.29432e-06
1.43565e-05
-9.25842e-06
1.37655e-05
-1.49978e-05
1.10884e-05
-1.84438e-05
6.52823e-06
-1.94518e-05
1.80748e-06
-1.84602e-05
-1.42522e-06
-1.5821e-05
-2.7755e-06
-1.49714e-05
1.1242e-07
-1.69938e-05
4.73742e-06
-2.17623e-05
1.0063e-05
-2.99913e-05
1.65197e-05
-4.23242e-05
2.43192e-05
-6.20003e-05
3.40503e-05
-7.09007e-05
2.77393e-05
-8.79703e-05
3.40848e-05
-0.000104095
3.41174e-05
-0.000119555
3.30617e-05
-0.000132887
2.84213e-05
-0.000140584
1.65754e-05
-0.000138851
-3.42682e-06
-0.000123055
-3.04943e-05
-9.05527e-05
-6.25115e-05
-4.44691e-05
-9.0131e-05
8.63551e-06
-0.000106923
7.11609e-05
-0.000119668
0.00013097
-0.000120088
0.000183634
-0.000103623
0.000218701
-7.44186e-05
0.000230582
-2.97411e-05
0.000220397
1.49623e-05
0.000186501
6.08394e-05
0.000136017
9.71861e-05
7.49712e-05
0.000119951
1.69423e-05
0.000106664
-3.37523e-05
0.000103569
-7.07007e-05
7.92443e-05
-9.17834e-05
4.7664e-05
-9.73141e-05
1.54337e-05
-8.80101e-05
-1.50434e-05
-6.64383e-05
-4.0464e-05
-3.69317e-05
-5.80815e-05
-3.19283e-06
-6.76782e-05
2.45753e-05
-5.49759e-05
5.61155e-05
-6.24623e-05
8.04357e-05
-4.98554e-05
9.58966e-05
-3.32718e-05
0.00010141
-1.41195e-05
9.62011e-05
6.97388e-06
7.96473e-05
2.95604e-05
5.36507e-05
5.0613e-05
1.94758e-05
6.80868e-05
-2.20653e-05
8.09138e-05
-5.97893e-05
7.35651e-05
-9.12113e-05
6.4567e-05
-0.000111736
4.59884e-05
-0.000120978
2.40447e-05
-0.000120121
2.4171e-06
-0.000110001
-1.78034e-05
-9.19616e-05
-3.49999e-05
-6.81487e-05
-4.76763e-05
-4.08705e-05
-5.52274e-05
-1.26079e-05
-5.70845e-05
1.30891e-05
-5.01171e-05
3.39553e-05
-4.16119e-05
4.73966e-05
-2.79728e-05
5.32869e-05
-1.31494e-05
5.16086e-05
1.93097e-06
4.22313e-05
1.63299e-05
2.73449e-05
2.66478e-05
1.25119e-05
2.92874e-05
-1.58983e-06
2.63278e-05
-1.23648e-05
2.25727e-05
-1.88132e-05
1.48069e-05
-2.07979e-05
5.9723e-06
-1.87566e-05
-2.44966e-06
-1.34191e-05
-9.57814e-06
-5.55999e-06
-1.50889e-05
3.80435e-06
-1.85659e-05
1.36497e-05
-2.00233e-05
-1.94388e-05
3.13129e-06
1.13522e-05
-2.93936e-06
1.36163e-05
-9.85007e-06
1.4572e-05
-1.65458e-05
1.4586e-05
-2.14385e-05
1.39685e-05
-2.35093e-05
1.30628e-05
-2.27183e-05
1.21371e-05
-1.94584e-05
1.10966e-05
-1.51388e-05
9.44588e-06
-1.12853e-05
7.23498e-06
-9.54687e-06
4.78976e-06
-1.01716e-05
2.43225e-06
-1.24477e-05
8.50798e-07
-1.67059e-05
1.48272e-06
-2.10443e-05
4.45084e-06
-2.48872e-05
8.5803e-06
-2.85584e-05
1.37342e-05
-3.25014e-05
2.04626e-05
-3.71218e-05
2.89396e-05
-4.20351e-05
3.89635e-05
-5.72701e-05
4.29743e-05
-6.79603e-05
4.47751e-05
-7.87756e-05
4.49327e-05
-8.6793e-05
4.10792e-05
-9.72615e-05
3.88898e-05
-0.000107972
2.72856e-05
-0.000113565
2.16688e-06
-0.00011105
-3.30101e-05
-9.07273e-05
-8.28339e-05
-5.3243e-05
-0.000127615
-3.04739e-06
-0.000157119
5.19405e-05
-0.000174656
0.00011048
-0.000178627
0.000157984
-0.000151126
0.000184011
-0.000100446
0.000201846
-4.75755e-05
0.000199976
1.68321e-05
0.000173246
8.75694e-05
0.000124923
0.000145509
6.37008e-05
0.000181172
1.61387e-05
0.000154226
-3.17847e-05
0.000151493
-6.55028e-05
0.000112962
-8.40845e-05
6.62458e-05
-9.01299e-05
2.14791e-05
-8.08187e-05
-2.43547e-05
-5.93683e-05
-6.19144e-05
-3.23633e-05
-8.50865e-05
-1.20908e-06
-9.88325e-05
2.82326e-05
-8.44176e-05
5.13941e-05
-8.56239e-05
7.0714e-05
-6.91752e-05
8.26102e-05
-4.5168e-05
8.6678e-05
-1.81873e-05
8.34943e-05
1.01576e-05
7.09174e-05
4.21373e-05
4.768e-05
7.38503e-05
1.55219e-05
0.000100245
-1.88268e-05
0.000115262
-4.96921e-05
0.00010443
-7.54834e-05
9.03583e-05
-9.09989e-05
6.15038e-05
-9.74423e-05
3.04881e-05
-9.67955e-05
1.77036e-06
-8.90565e-05
-2.55424e-05
-7.45047e-05
-4.95517e-05
-5.42397e-05
-6.79414e-05
-3.08503e-05
-7.86167e-05
-7.16562e-06
-8.07692e-05
9.58965e-06
-6.68723e-05
2.41021e-05
-5.61243e-05
3.23791e-05
-3.62498e-05
3.5605e-05
-1.63753e-05
3.39209e-05
3.61502e-06
2.56774e-05
2.45734e-05
1.31752e-05
3.915e-05
8.46928e-06
3.39934e-05
-3.48564e-06
3.82827e-05
-1.16184e-05
3.07055e-05
-1.62432e-05
1.94316e-05
-1.68036e-05
6.53277e-06
-1.38e-05
-5.45331e-06
-8.25005e-06
-1.51281e-05
-7.03818e-07
-2.26351e-05
7.63526e-06
-2.6905e-05
1.615e-05
-2.8538e-05
-2.71208e-05
2.65287e-05
8.33102e-06
2.88994e-05
1.12455e-05
3.02776e-05
1.31939e-05
3.04532e-05
1.44103e-05
2.94154e-05
1.50064e-05
2.73751e-05
1.5103e-05
2.46576e-05
1.48546e-05
2.1492e-05
1.42622e-05
1.77266e-05
1.32112e-05
1.32355e-05
1.17261e-05
7.82417e-06
1.02011e-05
1.18614e-06
9.07028e-06
-6.92832e-06
8.96526e-06
-1.5919e-05
1.04734e-05
-2.50259e-05
1.35578e-05
-3.42518e-05
1.78062e-05
-4.33173e-05
2.27997e-05
-5.06193e-05
2.77646e-05
-5.40009e-05
3.23212e-05
-5.04719e-05
3.54346e-05
-4.31653e-05
3.56677e-05
-3.44747e-05
3.60845e-05
-3.1027e-05
4.14849e-05
-2.05242e-05
3.05764e-05
-1.66354e-05
3.5001e-05
-1.28991e-05
2.35493e-05
-1.7062e-05
6.32979e-06
-2.87928e-05
-2.12793e-05
-3.59546e-05
-7.56721e-05
-3.83129e-05
-0.000125257
-3.50869e-05
-0.000160345
-1.95022e-06
-0.000207793
4.60572e-05
-0.000226635
8.81293e-05
-0.000193199
0.000117649
-0.000129966
0.000130778
-6.07049e-05
0.000144936
2.67387e-06
0.000132095
0.000100411
0.000101378
0.000176225
6.10605e-05
0.00022149
8.09823e-06
0.000207189
-2.47095e-05
0.000184301
-4.65098e-05
0.000134763
-5.75194e-05
7.72554e-05
-6.31763e-05
2.7136e-05
-5.97168e-05
-2.78142e-05
-4.26915e-05
-7.89396e-05
-2.29539e-05
-0.000104824
-3.8629e-06
-0.000117923
2.40297e-05
-0.00011231
4.11334e-05
-0.000102728
5.07793e-05
-7.88212e-05
5.45625e-05
-4.89512e-05
5.45252e-05
-1.815e-05
5.3238e-05
1.14448e-05
4.53472e-05
5.00281e-05
2.98201e-05
8.93775e-05
6.234e-06
0.000123831
-8.09506e-06
0.000129592
-3.84351e-05
0.00013477
-4.9847e-05
0.00010177
-4.97468e-05
6.14036e-05
-4.48488e-05
2.55901e-05
-4.19081e-05
-1.17032e-06
-3.97531e-05
-2.76974e-05
-3.72257e-05
-5.20791e-05
-3.26348e-05
-7.25322e-05
-2.56377e-05
-8.56139e-05
-1.71215e-05
-8.92854e-05
-1.61539e-06
-8.23785e-05
6.84557e-06
-6.45853e-05
1.16367e-05
-4.1041e-05
1.42754e-05
-1.9014e-05
1.79742e-05
-8.37891e-08
1.96284e-05
2.29192e-05
1.72421e-05
4.15363e-05
3.84214e-06
4.73933e-05
-2.68287e-06
4.48077e-05
-8.31089e-06
3.63335e-05
-1.22145e-05
2.33352e-05
-1.31896e-05
7.50789e-06
-1.182e-05
-6.8229e-06
-9.68273e-06
-1.72653e-05
-4.34268e-06
-2.79751e-05
3.03064e-06
-3.42783e-05
1.20941e-05
-3.76015e-05
-3.60824e-05
3.98087e-05
8.75323e-07
4.7357e-05
3.69725e-06
5.45365e-05
6.01438e-06
6.1009e-05
7.93788e-06
6.64196e-05
9.59582e-06
7.04133e-05
1.11093e-05
7.26827e-05
1.25852e-05
7.28995e-05
1.40453e-05
7.06798e-05
1.54309e-05
6.56361e-05
1.67699e-05
5.7531e-05
1.83061e-05
4.62353e-05
2.0366e-05
3.20751e-05
2.31254e-05
1.59633e-05
2.65852e-05
-1.43018e-06
3.09512e-05
-1.93023e-05
3.56784e-05
-3.66118e-05
4.01091e-05
-5.24127e-05
4.35655e-05
-6.57324e-05
4.56409e-05
-7.61536e-05
4.58558e-05
-8.36373e-05
4.31514e-05
-8.47322e-05
3.71794e-05
-7.23033e-05
2.90561e-05
-5.61e-05
1.4373e-05
-1.75264e-05
-3.57256e-06
2.74033e-05
-2.13804e-05
8.23353e-05
-4.86022e-05
0.000125571
-6.45148e-05
0.000153532
-0.000103634
0.000131425
-0.00010315
7.6092e-05
-0.000105012
2.74992e-05
-0.0001592
1.19804e-06
-0.000200333
-1.7757e-06
-0.000190225
4.89922e-06
-0.000136641
1.57118e-05
-7.15175e-05
3.40723e-05
-1.56867e-05
4.68398e-05
8.76437e-05
5.08966e-05
0.000172169
4.4315e-05
0.000228072
2.30767e-05
0.000228427
3.12025e-06
0.000204257
-1.23542e-05
0.000150237
-1.24191e-05
7.73203e-05
-1.00933e-05
2.48102e-05
-1.11718e-05
-2.67358e-05
-4.38063e-07
-8.96733e-05
8.292e-06
-0.000113554
1.37643e-05
-0.000123396
2.1737e-05
-0.000120283
2.34131e-05
-0.000104404
1.91251e-05
-7.45332e-05
1.04908e-05
-4.03168e-05
3.09138e-06
-1.07506e-05
-6.07612e-06
2.06123e-05
-1.70341e-05
6.09861e-05
-2.81034e-05
0.000100447
-3.46128e-05
0.000130341
-5.40821e-05
0.000149061
-5.94913e-05
0.00014018
-5.55097e-05
9.77887e-05
-3.97233e-05
4.56172e-05
-1.76268e-05
3.49359e-06
2.04721e-06
-2.08443e-05
2.42044e-05
-4.98546e-05
3.94271e-05
-6.73018e-05
4.18534e-05
-7.49586e-05
3.12431e-05
-7.50036e-05
1.2195e-05
-7.02372e-05
-3.7968e-06
-6.63867e-05
-1.41198e-05
-5.42623e-05
-1.92744e-05
-3.58864e-05
-1.99244e-05
-1.8364e-05
-1.62256e-05
-3.7826e-06
-6.49241e-06
1.3186e-05
4.12879e-06
3.09151e-05
1.55229e-05
3.59993e-05
2.57593e-05
3.45713e-05
3.09777e-05
3.11151e-05
3.09903e-05
2.33226e-05
2.7396e-05
1.11022e-05
2.28028e-05
-2.22972e-06
1.88131e-05
-1.32756e-05
1.28269e-05
-2.1989e-05
5.1109e-06
-2.65623e-05
1.44394e-07
-3.2635e-05
-3.49396e-05
4.61203e-05
-8.39577e-06
5.59785e-05
-6.16091e-06
6.6003e-05
-4.01017e-06
7.57748e-05
-1.83389e-06
8.48512e-05
5.19426e-07
9.27607e-05
3.19975e-06
9.90218e-05
6.32422e-06
0.000103128
9.93944e-06
0.000104529
1.40291e-05
0.000102712
1.85875e-05
9.74025e-05
2.36154e-05
8.85614e-05
2.92071e-05
7.61518e-05
3.5535e-05
6.06244e-05
4.21126e-05
4.2921e-05
4.86546e-05
2.35861e-05
5.50132e-05
3.20452e-06
6.04907e-05
-1.71538e-05
6.39239e-05
-3.62787e-05
6.47658e-05
-5.36047e-05
6.31818e-05
-6.90755e-05
5.86222e-05
-8.2927e-05
5.10309e-05
-9.45071e-05
4.06362e-05
-0.000104241
2.41072e-05
-0.000106737
-1.0767e-06
-9.82955e-05
-2.9822e-05
-8.96235e-05
-5.72742e-05
-6.37865e-05
-9.03518e-05
-3.80993e-05
-0.000129321
9.72967e-06
-0.000150979
6.38023e-05
-0.000159084
8.71842e-05
-0.000182582
6.99464e-05
-0.000183096
2.57881e-05
-0.000146067
-1.62016e-05
-9.46509e-05
-2.92171e-05
-5.8502e-05
-2.65053e-05
-1.83984e-05
-3.36182e-06
6.45002e-05
3.23649e-05
0.000136442
7.07379e-05
0.000189699
8.95948e-05
0.00020957
9.63439e-05
0.000197508
9.36729e-05
0.000152908
8.37286e-05
8.72646e-05
7.04871e-05
3.80516e-05
5.43905e-05
-1.06392e-05
3.11461e-05
-6.64289e-05
1.15969e-05
-9.40051e-05
1.45618e-06
-0.000113255
3.31313e-06
-0.00012214
4.80937e-06
-0.0001059
-1.10662e-07
-6.96132e-05
-7.98427e-06
-3.24432e-05
-1.70425e-05
-1.6924e-06
-3.26326e-05
3.62025e-05
-4.69803e-05
7.53338e-05
-5.59078e-05
0.000109374
-6.32761e-05
0.000137709
-6.79432e-05
0.000153728
-6.79612e-05
0.000140198
-6.77717e-05
9.75991e-05
-6.67813e-05
4.46269e-05
-6.45463e-05
1.25858e-06
-6.36743e-05
-2.17164e-05
-5.75478e-05
-5.59811e-05
-4.64706e-05
-7.83789e-05
-3.09746e-05
-9.04547e-05
-1.45924e-05
-9.13858e-05
-3.64603e-06
-8.11835e-05
-4.62169e-06
-6.5411e-05
-9.37289e-07
-5.79467e-05
-1.01248e-05
-2.66989e-05
-2.23861e-05
-6.10268e-06
-3.29197e-05
6.75095e-06
-3.60819e-05
1.63482e-05
-3.12263e-05
2.60596e-05
-1.2279e-05
1.70519e-05
1.96069e-05
2.6854e-06
5.33587e-05
-2.6367e-06
8.0566e-05
-3.88463e-06
0.000100219
-8.55094e-06
0.000112491
-1.45012e-05
0.000118345
-1.91305e-05
0.000114011
-1.7655e-05
0.000102206
-1.47573e-05
8.61438e-05
-1.65723e-05
-1.41034e-05
4.90842e-05
-1.83349e-05
5.98903e-05
-1.6967e-05
7.12383e-05
-1.53582e-05
8.27491e-05
-1.33447e-05
9.39847e-05
-1.07161e-05
0.000104446
-7.26164e-06
0.000113582
-2.81192e-06
0.000120798
2.72333e-06
0.000125486
9.34106e-06
0.000127105
1.69687e-05
0.000125279
2.54413e-05
0.000119889
3.45978e-05
0.000111014
4.44095e-05
9.87854e-05
5.43413e-05
8.36662e-05
6.37739e-05
6.57799e-05
7.28995e-05
4.54729e-05
8.07977e-05
2.44532e-05
8.49436e-05
4.11263e-06
8.51064e-05
-1.61835e-05
8.34779e-05
-3.81144e-05
8.05531e-05
-6.29325e-05
7.58489e-05
-8.87703e-05
6.6474e-05
-0.000114558
4.98953e-05
-0.000137783
2.21479e-05
-0.000155992
-1.1613e-05
-0.000174516
-3.87499e-05
-0.000192511
-7.23572e-05
-0.000214511
-0.000107321
-0.000228576
-0.000136914
-0.000226533
-0.000161128
-0.00021702
-0.000192095
-0.000191505
-0.000208611
-0.000157895
-0.000179676
-0.000127411
-0.000125135
-9.96669e-05
-8.62464e-05
-7.04717e-05
-4.75935e-05
-2.05459e-05
1.45744e-05
4.23456e-05
7.35504e-05
0.000116028
0.000116017
0.000190243
0.000135355
0.000252267
0.000135484
0.000283904
0.000121271
0.000285799
8.53701e-05
0.00027665
4.72003e-05
0.000256415
9.59522e-06
0.000212748
-2.27618e-05
0.000162452
-4.37084e-05
0.00011157
-6.23731e-05
6.23475e-05
-7.29175e-05
2.47068e-05
-6.82592e-05
-1.5097e-06
-4.33967e-05
-2.21678e-05
-1.17852e-05
-3.91319e-05
1.52717e-05
-4.95493e-05
4.66199e-05
-5.30929e-05
7.88774e-05
-5.08583e-05
0.00010714
-4.35111e-05
0.000130362
-3.10744e-05
0.000141291
-2.05528e-05
0.000129676
-1.97351e-05
9.67814e-05
-2.49495e-05
4.98413e-05
-3.31473e-05
9.45637e-06
-4.30644e-05
-1.17993e-05
-5.96705e-05
-3.9375e-05
-8.0633e-05
-5.74164e-05
-0.00010636
-6.47273e-05
-0.000134432
-6.33139e-05
-0.000157298
-5.83173e-05
-0.000167746
-5.49635e-05
-0.000174362
-5.13303e-05
-0.000175396
-2.56649e-05
-0.000169195
-1.23043e-05
-0.000155412
-7.03187e-06
-0.00013661
-2.4539e-06
-0.000111871
1.32101e-06
-7.91302e-05
-1.5689e-05
-3.94051e-05
-3.70397e-05
3.12391e-06
-4.51657e-05
4.44538e-05
-4.52146e-05
8.88339e-05
-5.2931e-05
0.000136024
-6.1691e-05
0.000182418
-6.55249e-05
0.000218707
-5.39436e-05
0.00023693
-3.2981e-05
0.000239289
-1.89315e-05
1.27465e-07
5.02257e-05
-2.85778e-05
6.15158e-05
-2.82571e-05
7.36263e-05
-2.74687e-05
8.625e-05
-2.59683e-05
9.89886e-05
-2.34547e-05
0.000111351
-1.96237e-05
0.000122763
-1.42242e-05
0.000132589
-7.10308e-06
0.000140172
1.7582e-06
0.000144921
1.22201e-05
0.000146389
2.39735e-05
0.000144306
3.66799e-05
0.000138564
5.01519e-05
0.00012903
6.38752e-05
0.00011584
7.69642e-05
0.000100138
8.86008e-05
8.256e-05
9.83762e-05
6.10058e-05
0.000106498
3.33378e-05
0.000112774
2.00832e-06
0.000114807
-2.88743e-05
0.000111436
-5.84091e-05
0.000105384
-8.56098e-05
9.36747e-05
-0.00011031
7.45956e-05
-0.000136826
4.86633e-05
-0.000172372
2.39333e-05
-0.000213822
2.70017e-06
-0.000256852
-2.93269e-05
-0.000298165
-6.6008e-05
-0.000333319
-0.00010176
-0.000360423
-0.000134023
-0.000387206
-0.000165312
-0.000401857
-0.00019396
-0.000378053
-0.00020348
-0.000320362
-0.000182827
-0.000257275
-0.000149333
-0.000195808
-0.00010906
-0.000116581
-6.46524e-05
-1.5078e-05
-2.79528e-05
9.36241e-05
7.31499e-06
0.000195378
3.36002e-05
0.000285226
4.56362e-05
0.000359539
4.69584e-05
0.00040617
3.87388e-05
0.000424158
2.92131e-05
0.000414661
1.90919e-05
0.000384354
7.54538e-06
0.000342758
-2.11281e-06
0.000289644
-9.25874e-06
0.000228986
-1.22598e-05
0.000167887
-7.16046e-06
0.000115873
8.61715e-06
7.83363e-05
2.57519e-05
5.00431e-05
4.35649e-05
2.89689e-05
6.76941e-05
1.76009e-05
9.02454e-05
1.50914e-05
0.000109649
2.25486e-05
0.000122904
3.66103e-05
0.00012723
5.06619e-05
0.000115624
5.70383e-05
9.0405e-05
4.90243e-05
5.78553e-05
3.14204e-05
2.70603e-05
1.56658e-05
3.95531e-06
-8.34186e-06
-1.53674e-05
-3.88746e-05
-2.68836e-05
-7.29308e-05
-3.06712e-05
-0.000107939
-2.83058e-05
-0.000146935
-1.93217e-05
-0.000195892
-6.00575e-06
-0.000253091
5.86879e-06
-0.000297311
1.85549e-05
-0.000334356
2.47402e-05
-0.000358039
1.66515e-05
-0.000355827
-4.66605e-06
-0.000331098
-2.34082e-05
-0.000313734
-3.30527e-05
-0.000305768
-4.50058e-05
-0.000281093
-6.98406e-05
-0.000228005
-9.8303e-05
-0.000163054
-0.000117882
-8.51755e-05
-0.000139569
1.1956e-05
-0.000162656
0.000112778
-0.000154766
0.000204582
-0.000124784
0.000287011
-0.000101361
-5.64671e-05
5.00459e-05
-3.90715e-05
6.17571e-05
-3.99683e-05
7.45439e-05
-4.02555e-05
8.81655e-05
-3.95899e-05
0.000102254
-3.7543e-05
0.000116309
-3.36785e-05
0.000129712
-2.76276e-05
0.000141754
-1.9145e-05
0.000151702
-8.19005e-06
0.000158902
5.02028e-06
0.000162839
2.00361e-05
0.000163197
3.63223e-05
0.000159905
5.34436e-05
0.00015287
7.091e-05
0.000141867
8.79682e-05
0.000126878
0.000103589
0.000108431
0.000116824
8.70601e-05
0.000127868
6.21516e-05
0.000137683
3.26056e-05
0.000144353
-6.56486e-07
0.000144698
-3.55411e-05
0.000140268
-7.20284e-05
0.000130162
-0.000110913
0.000113481
-0.000155906
9.3656e-05
-0.00020672
7.47472e-05
-0.000254865
5.08447e-05
-0.000303345
1.91534e-05
-0.000352064
-1.72887e-05
-0.000397439
-5.63851e-05
-0.000435597
-9.58656e-05
-0.000466992
-0.000133917
-0.000491178
-0.000169773
-0.000492627
-0.000202031
-0.000455938
-0.000219516
-0.000388155
-0.000217117
-0.00029962
-0.000197595
-0.000201612
-0.000162661
-0.000102184
-0.00012738
4.79689e-06
-9.96663e-05
0.00012118
-8.27833e-05
0.00022695
-6.01331e-05
0.00031421
-4.0302e-05
0.000380308
-2.73595e-05
0.000425968
-1.64462e-05
0.000449576
-4.51598e-06
0.000450546
6.57546e-06
0.000433202
1.52312e-05
0.000400974
2.29691e-05
0.000356727
3.19871e-05
0.000305789
4.37778e-05
0.000257366
5.70397e-05
0.000215389
6.77292e-05
0.000179758
7.91956e-05
0.000152176
9.52756e-05
0.000132987
0.000109434
0.000123052
0.000119585
0.000122237
0.000123719
0.000128854
0.000120612
0.000134928
0.000109551
0.000134936
9.03968e-05
0.000124704
6.80876e-05
0.000105238
4.65257e-05
8.09282e-05
2.82656e-05
5.16878e-05
1.3873e-05
1.90592e-05
5.74497e-06
-1.68783e-05
5.26635e-06
-6.00927e-05
1.49086e-05
-0.000111774
3.236e-05
-0.000163311
4.55308e-05
-0.000215462
5.80199e-05
-0.000266457
6.95497e-05
-0.000317113
7.53959e-05
-0.00036994
6.94786e-05
-0.000426489
5.18833e-05
-0.000478796
2.88985e-05
-0.000515484
3.63561e-06
-0.000531094
-2.93957e-05
-0.000526252
-7.46823e-05
-0.00049622
-0.000128335
-0.000432627
-0.000181476
-0.000350498
-0.000221697
-0.000278033
-0.000235122
-0.000199709
-0.00023309
-9.54186e-05
-0.000229075
3.01252e-05
-0.000226905
-0.000181184
4.89503e-05
-4.99012e-05
6.12477e-05
-5.22657e-05
7.4961e-05
-5.39688e-05
8.99087e-05
-5.45376e-05
0.000105727
-5.33616e-05
0.000121869
-4.98203e-05
0.000137612
-4.33705e-05
0.000152082
-3.36146e-05
0.000164379
-2.04879e-05
0.000173745
-4.34544e-06
0.000179618
1.41627e-05
0.00018165
3.42905e-05
0.000179729
5.53649e-05
0.000173859
7.67804e-05
0.000163996
9.78305e-05
0.000149977
0.000117608
0.000131531
0.00013527
0.000108831
0.000150568
8.25851e-05
0.000163929
5.23937e-05
0.000174545
1.76083e-05
0.000179483
-2.14026e-05
0.000179279
-6.42241e-05
0.000172984
-0.000112246
0.000161502
-0.000166529
0.000147939
-0.000223325
0.000131544
-0.000279504
0.000107023
-0.000336019
7.56685e-05
-0.000391519
3.8212e-05
-0.000443412
-4.49245e-06
-0.000487951
-5.13265e-05
-0.000521376
-0.000100492
-0.000541362
-0.000149787
-0.000545006
-0.000198387
-0.000522146
-0.000242376
-0.000467172
-0.00027209
-0.000381054
-0.000283713
-0.000270211
-0.000273504
-0.000153178
-0.000244414
-4.69035e-05
-0.000205941
5.60269e-05
-0.000185714
0.000159861
-0.000163968
0.000252763
-0.000133204
0.000327889
-0.000102485
0.000384726
-7.32839e-05
0.000424844
-4.46335e-05
0.000447242
-1.58225e-05
0.00045145
1.10233e-05
0.000440471
3.3948e-05
0.0004183
5.4158e-05
0.000388826
7.32519e-05
0.000355324
9.0541e-05
0.000320009
0.000103044
0.000286981
0.000112224
0.000259853
0.000122403
0.000238812
0.000130476
0.000224419
0.000133978
0.000216049
0.000132089
0.000212048
0.000124613
0.000208706
0.000112894
0.000201391
9.77112e-05
0.000187551
8.1928e-05
0.000166791
6.72852e-05
0.000140788
5.42692e-05
0.00011128
4.33806e-05
7.96178e-05
3.74072e-05
4.52478e-05
3.96363e-05
6.80614e-06
5.33503e-05
-3.64492e-05
7.56154e-05
-9.22599e-05
0.000101341
-0.000159095
0.000124855
-0.000229895
0.00014035
-0.000299594
0.000145095
-0.000366473
0.000136357
-0.000430467
0.000115877
-0.000488961
8.73924e-05
-0.000537705
5.23797e-05
-0.000574956
7.85479e-06
-0.000600658
-4.89798e-05
-0.000612958
-0.000116035
-0.000607263
-0.000187171
-0.000579212
-0.000249748
-0.000520384
-0.00029395
-0.000430354
-0.00032312
-0.000319061
-0.000340368
-0.000212502
-0.000333463
-0.000291191
4.68486e-05
-6.11217e-05
5.98656e-05
-6.52826e-05
7.47737e-05
-6.88769e-05
9.14919e-05
-7.12558e-05
0.000109659
-7.15286e-05
0.000128663
-6.88247e-05
0.000147613
-6.232e-05
0.000165326
-5.13272e-05
0.000180601
-3.57632e-05
0.000192499
-1.6244e-05
0.000200385
6.27669e-06
0.00020388
3.07958e-05
0.000202856
5.63894e-05
0.000197363
8.22733e-05
0.000187456
0.000107738
0.000173015
0.000132049
0.00015379
0.000154495
0.000129804
0.000174555
0.000101559
0.000192174
6.88446e-05
0.000207259
3.10142e-05
0.000217314
-1.19344e-05
0.000222228
-6.07761e-05
0.000221825
-0.000116162
0.000216888
-0.000176467
0.000208244
-0.000238666
0.000193742
-0.000302232
0.00017059
-0.000366334
0.000139771
-0.000429038
0.000100915
-0.000487198
5.36677e-05
-0.000536781
-1.74316e-06
-0.000573345
-6.39275e-05
-0.000592573
-0.000130559
-0.00059123
-0.000199729
-0.000565249
-0.000268357
-0.000509917
-0.000327423
-0.000424396
-0.000369234
-0.00031565
-0.00038225
-0.000199639
-0.000360425
-8.62108e-05
-0.000319369
2.23521e-05
-0.000294276
0.00012489
-0.000266505
0.000215531
-0.000223845
0.000290962
-0.000177917
0.000350532
-0.000132854
0.000395354
-8.94556e-05
0.000426901
-4.73693e-05
0.000444766
-6.84218e-06
0.000448946
2.97689e-05
0.00044228
6.08236e-05
0.000428015
8.75165e-05
0.000408386
0.00011017
0.000384618
0.000126812
0.000359517
0.000137326
0.000336928
0.000144992
0.000317801
0.000149603
0.000302374
0.000149405
0.000290529
0.000143934
0.000281063
0.000134079
0.000271572
0.000122385
0.000259008
0.000110275
0.000243556
9.738e-05
0.00022775
8.3091e-05
0.00021437
6.76494e-05
0.00020061
5.71409e-05
0.000178215
5.98025e-05
0.000140091
7.77599e-05
8.66509e-05
0.00010679
1.89321e-05
0.000143334
-6.14183e-05
0.000181692
-0.000146698
0.000210135
-0.000230325
0.000223976
-0.000307367
0.000222137
-0.000375606
0.000204596
-0.000434987
0.000175258
-0.000485044
0.00013745
-0.00052541
9.27455e-05
-0.000557771
4.02157e-05
-0.00058496
-2.17911e-05
-0.000608022
-9.29736e-05
-0.000624968
-0.000170225
-0.00062686
-0.000247855
-0.000601519
-0.000319291
-0.000546845
-0.000377794
-0.000470263
-0.00041695
-0.000375659
-0.000428067
-0.000410725
4.32142e-05
-7.25768e-05
5.68747e-05
-7.89431e-05
7.30534e-05
-8.50556e-05
9.18699e-05
-9.00723e-05
0.000112965
-9.2624e-05
0.000135686
-9.15459e-05
0.000158907
-8.55406e-05
0.000180894
-7.33143e-05
0.000199917
-5.47859e-05
0.000214779
-3.11064e-05
0.000224786
-3.73026e-06
0.000229582
2.59999e-05
0.000229094
5.68773e-05
0.000223452
8.79152e-05
0.000212825
0.000118365
0.000197269
0.000147605
0.000176703
0.00017506
0.000150998
0.00020026
0.000120201
0.000222971
8.44014e-05
0.000243059
4.27725e-05
0.000258943
-5.12326e-06
0.000270124
-5.98707e-05
0.000276573
-0.000121312
0.000278329
-0.000187666
0.000274598
-0.000257364
0.00026344
-0.000330149
0.000243375
-0.000404024
0.000213646
-0.000475947
0.000172838
-0.000542023
0.000119744
-0.00059785
5.40829e-05
-0.000638597
-2.31803e-05
-0.000658528
-0.000110628
-0.000651229
-0.000207028
-0.000612967
-0.000306618
-0.000544451
-0.00039594
-0.000450127
-0.000463558
-0.000338059
-0.000494318
-0.000218528
-0.000479955
-9.71648e-05
-0.000440732
1.70571e-05
-0.000408498
0.00012035
-0.000369798
0.000209664
-0.000313159
0.000282562
-0.000250815
0.000340204
-0.000190495
0.000383754
-0.000133006
0.000415161
-7.87761e-05
0.000436373
-2.80538e-05
0.000447588
1.85539e-05
0.000449476
5.8935e-05
0.000444575
9.24183e-05
0.000434711
0.000120034
0.000420463
0.00014106
0.000403179
0.000154609
0.000385851
0.00016232
0.000370303
0.000165151
0.000356943
0.000162765
0.000345133
0.000155744
0.000333763
0.000145448
0.000322418
0.00013373
0.000312417
0.000120276
0.000306443
0.000103354
0.000305374
8.41592e-05
0.000303323
6.97005e-05
0.000288448
7.20161e-05
0.000251799
9.64522e-05
0.000192679
0.000136879
0.000111322
0.000188148
1.25707e-05
0.000242085
-8.47255e-05
0.000278988
-0.000176189
0.000301599
-0.000259589
0.000307376
-0.000328553
0.000291101
-0.000385848
0.000261891
-0.000433867
0.000223277
-0.000473882
0.000177465
-0.000506653
0.000125517
-0.000533208
6.67702e-05
-0.000555068
6.96035e-08
-0.000573243
-7.47992e-05
-0.000587189
-0.000156279
-0.000593906
-0.000241138
-0.000587745
-0.000325453
-0.000560923
-0.000404616
-0.000509646
-0.000468226
-0.000434204
-0.00050351
-0.000507167
3.66946e-05
-8.40256e-05
5.09538e-05
-9.32023e-05
6.86071e-05
-0.000102709
9.00193e-05
-0.000111484
0.000114805
-0.00011741
0.000142468
-0.000119209
0.000171507
-0.00011458
0.000199223
-0.00010103
0.000223112
-7.86753e-05
0.000241634
-4.96284e-05
0.000254014
-1.61102e-05
0.000260012
2.00024e-05
0.000259766
5.71227e-05
0.000253613
9.40683e-05
0.0002419
0.000130078
0.000224848
0.000164657
0.000202482
0.000197425
0.000174655
0.000228087
0.000141206
0.00025642
0.000102087
0.000282178
5.63824e-05
0.000304647
3.3708e-06
0.000323135
-5.70976e-05
0.000337041
-0.000124672
0.000345903
-0.000199033
0.00034896
-0.000279374
0.00034378
-0.000362968
0.000326969
-0.000446108
0.000296786
-0.000526011
0.000252741
-0.000600953
0.000194686
-0.000668897
0.000122027
-0.000725938
3.38611e-05
-0.000764415
-7.21518e-05
-0.000773344
-0.000198099
-0.000738695
-0.000341267
-0.000653957
-0.000480677
-0.000531899
-0.000585617
-0.000390194
-0.000636023
-0.000243363
-0.000626786
-0.00010176
-0.000582335
3.15582e-05
-0.000541817
0.000144319
-0.000482559
0.00023467
-0.000403509
0.000304222
-0.000320367
0.000357123
-0.000243396
0.000395492
-0.000171376
0.000421869
-0.000105153
0.000439256
-4.54408e-05
0.000449729
8.08155e-06
0.000454001
5.46627e-05
0.00045294
9.34797e-05
0.000448046
0.000124927
0.000439965
0.000149142
0.000429216
0.000165358
0.000417661
0.000173876
0.000406954
0.000175858
0.000397161
0.000172557
0.000387481
0.000165425
0.000377799
0.00015513
0.000370531
0.000140998
0.000369412
0.000121395
0.000375729
9.70372e-05
0.000382462
7.74268e-05
0.000373665
7.84967e-05
0.000337758
0.000107923
0.000274722
0.000159488
0.000187219
0.000224382
7.68018e-05
0.000298565
-2.94443e-05
0.000348332
-0.000126115
0.000375659
-0.000213909
0.000389393
-0.000282038
0.000375505
-0.000337552
0.000346615
-0.000384009
0.000308348
-0.000423848
0.000263116
-0.000458412
0.000212029
-0.000488227
0.000155331
-0.000513532
9.20752e-05
-0.000534526
2.10641e-05
-0.000551072
-5.82534e-05
-0.000562295
-0.000145055
-0.000566424
-0.00023701
-0.000561
-0.000330876
-0.000542824
-0.000422792
-0.000505502
-0.000505548
-0.000444712
-0.000564301
-0.000587637
2.91895e-05
-9.5134e-05
4.31226e-05
-0.000107135
6.19359e-05
-0.000121522
8.63357e-05
-0.000135884
0.000115394
-0.000146468
0.000149739
-0.000153553
0.000186949
-0.00015179
0.00022216
-0.000136241
0.000251933
-0.000108448
0.000274671
-7.23665e-05
0.0002896
-3.10389e-05
0.000296642
1.29603e-05
0.000296271
5.74935e-05
0.000289164
0.000101175
0.000275941
0.000143301
0.000257011
0.000183587
0.000232536
0.000221901
0.000202399
0.000258224
0.000166309
0.00029251
0.000123872
0.000324615
7.42291e-05
0.00035429
1.65226e-05
0.000380842
-4.93245e-05
0.000402888
-0.000124512
0.000421091
-0.000209472
0.000433921
-0.000298067
0.000432375
-0.000381591
0.000410493
-0.000460046
0.000375241
-0.000539786
0.000332481
-0.00062683
0.00028173
-0.000721565
0.000216761
-0.00081885
0.000131146
-0.000905814
1.4812e-05
-0.000964719
-0.000139194
-0.000975303
-0.000330683
-0.000913537
-0.000542444
-0.000775862
-0.000723291
-0.000589857
-0.000822028
-0.000383686
-0.000832957
-0.00018238
-0.000783641
4.36908e-06
-0.000728566
0.000149954
-0.000628144
0.000259164
-0.00051272
0.000337428
-0.00039863
0.000391266
-0.000297234
0.000425395
-0.000205505
0.00044553
-0.000125288
0.00045641
-5.63203e-05
0.000461415
3.07603e-06
0.000462374
5.37037e-05
0.000460403
9.54511e-05
0.000456616
0.000128714
0.000451774
0.000153984
0.000446112
0.00017102
0.000440022
0.000179965
0.000433761
0.000182119
0.0004271
0.000179219
0.000420495
0.000172029
0.00041634
0.000159285
0.00041885
0.000138488
0.000430032
0.000110213
0.000442617
8.44527e-05
0.00043944
8.0604e-05
0.000407344
0.000110592
0.000344947
0.00017032
0.000253854
0.000250581
0.000139104
0.000339133
3.0578e-05
0.000407091
-6.93037e-05
0.000448213
-0.00016191
0.000468265
-0.000230751
0.000458234
-0.000285711
0.000430466
-0.000331656
0.000392559
-0.000371178
0.00034787
-0.000406123
0.000298061
-0.000437467
0.000243373
-0.000465463
0.000183327
-0.000490308
0.000116921
-0.000511823
4.25787e-05
-0.000529149
-4.09267e-05
-0.000540752
-0.000133452
-0.000544748
-0.000233014
-0.000539398
-0.000336226
-0.000523322
-0.000438867
-0.000493905
-0.000534966
-0.000444354
-0.000613852
-0.000657053
1.33492e-05
-0.000102635
2.73187e-05
-0.000121105
4.90931e-05
-0.000143297
7.52968e-05
-0.000162088
0.000108231
-0.000179403
0.000151952
-0.000197274
0.000201841
-0.000201679
0.000248845
-0.000183245
0.000287245
-0.000146848
0.000315207
-0.000100329
0.000332603
-4.84353e-05
0.000340155
5.40894e-06
0.000339005
5.86433e-05
0.000330325
0.000109855
0.000315162
0.000158464
0.000294161
0.000204588
0.000267521
0.000248541
0.000235139
0.000290606
0.000196591
0.000331059
0.00015127
0.000369936
9.87745e-05
0.000406785
3.82886e-05
0.000441328
-3.28114e-05
0.000473988
-0.000119405
0.000507684
-0.00020301
0.000517525
-0.000267111
0.000496475
-0.000316978
0.000460361
-0.000374012
0.000432275
-0.000461504
0.000419973
-0.000587336
0.000407562
-0.000742853
0.000372278
-0.000908588
0.000296882
-0.00106283
0.000169051
-0.00118528
-1.67404e-05
-0.00125656
-0.000259408
-0.00125418
-0.000544815
-0.00115001
-0.000827468
-0.000947074
-0.00102496
-0.000680824
-0.00109921
-0.000391858
-0.00107261
-0.000151751
-0.000968673
4.37415e-05
-0.000823637
0.000212571
-0.000681549
0.000333919
-0.000519979
0.000410526
-0.000373841
0.000453638
-0.000248616
0.000473853
-0.000145503
0.00048038
-6.28477e-05
0.000479782
3.67417e-06
0.0004759
5.7586e-05
0.000470671
0.000100679
0.000465504
0.000133881
0.00046129
0.000158198
0.000457992
0.000174318
0.000455066
0.000182891
0.000451896
0.000185288
0.000448724
0.000182391
0.000447895
0.000172858
0.000453632
0.000153548
0.000468181
0.000123939
0.000485434
9.29598e-05
0.000488939
8.09479e-05
0.000464398
0.000105144
0.000407761
0.000167229
0.000319815
0.000258266
0.000208587
0.000361809
9.39189e-05
0.000453801
-1.09799e-05
0.00051199
-0.000102528
0.000539761
-0.000175699
0.000541437
-0.000233977
0.000516512
-0.000281854
0.000478342
-0.000321933
0.000432639
-0.000356006
0.000381943
-0.000385685
0.00032774
-0.000412471
0.000270158
-0.00043727
0.000208127
-0.000460159
0.000139809
-0.000480822
6.32421e-05
-0.000498564
-2.31852e-05
-0.000511564
-0.000120453
-0.000517532
-0.000227045
-0.000514353
-0.000339405
-0.000500639
-0.000452581
-0.000475299
-0.000560306
-0.000435354
-0.000653797
-0.000717057
-6.69622e-06
-0.000107416
9.49181e-07
-0.00012875
1.69822e-05
-0.00015933
4.73891e-05
-0.000192495
8.96025e-05
-0.000221616
0.000146974
-0.000254645
0.000214876
-0.000269582
0.000277258
-0.000245627
0.000328621
-0.000198211
0.000364568
-0.000136276
0.000385501
-6.93682e-05
0.000393178
-2.26737e-06
0.000390055
6.17661e-05
0.000378596
0.000121314
0.000360626
0.000176433
0.000337301
0.000227913
0.000308898
0.000276944
0.000274782
0.000324723
0.000234781
0.000371059
0.00018967
0.000415047
0.000136371
0.000460084
6.71068e-05
0.000510592
-9.48057e-06
0.000550575
-6.94068e-05
0.00056761
-9.04781e-05
0.000538597
-7.44367e-05
0.000480434
-8.13091e-05
0.000467233
-0.000165437
0.000516403
-0.000321655
0.000576192
-0.000505137
0.000591044
-0.000682343
0.000549483
-0.000845766
0.000460305
-0.000997214
0.000320499
-0.00113938
0.000125426
-0.00126531
-0.000133477
-0.00135416
-0.000455967
-0.00136305
-0.000818573
-0.00124052
-0.0011475
-0.000996255
-0.00134347
-0.000700321
-0.00136854
-0.000402102
-0.00126689
-0.000135904
-0.00108983
7.69789e-05
-0.000894432
0.000250414
-0.000693414
0.00037249
-0.000495917
0.000446487
-0.000322613
0.000482828
-0.000181844
0.000494879
-7.48995e-05
0.000493965
4.58874e-06
0.000487513
6.40378e-05
0.000479689
0.000108503
0.000472662
0.000140908
0.000467717
0.000163143
0.000465
0.000177035
0.000463601
0.00018429
0.000463006
0.000185884
0.00046478
0.000180617
0.000472612
0.000165026
0.000489001
0.000137159
0.000509743
0.000103198
0.000521004
8.16981e-05
0.000507454
9.44986e-05
0.000461787
0.000150811
0.000383608
0.000245409
0.000279084
0.00036279
0.000164025
0.000476868
5.76497e-05
0.000560176
-3.74191e-05
0.000607058
-0.00011938
0.000621722
-0.000183346
0.000605403
-0.000235934
0.0005691
-0.000278905
0.000521313
-0.000313463
0.000467197
-0.000341333
0.000409813
-0.000364513
0.00035092
-0.000385029
0.000290675
-0.000404529
0.000227626
-0.000423756
0.000159035
-0.000442342
8.1829e-05
-0.000459134
-6.39377e-06
-0.000472684
-0.000106903
-0.000480644
-0.000219084
-0.000480662
-0.000339387
-0.000470806
-0.000462438
-0.000449889
-0.000581222
-0.000416493
-0.000687193
-0.000767633
-5.25963e-05
-0.000108051
-4.61203e-05
-0.000135226
-2.96955e-05
-0.000175754
7.07875e-06
-0.000229269
6.49304e-05
-0.000279468
0.000131683
-0.000321398
0.000217522
-0.000355421
0.000306227
-0.000334332
0.000373062
-0.000265047
0.000418565
-0.000181779
0.000444532
-9.53349e-05
0.000453262
-1.0997e-05
0.000448435
6.65926e-05
0.000434075
0.000135675
0.000413275
0.000197233
0.000387634
0.000253555
0.00035715
0.000307428
0.000322104
0.000359768
0.000283782
0.000409382
0.000239185
0.000459644
0.000181041
0.000518227
0.000118009
0.000573624
9.60756e-05
0.000572509
0.000157737
0.000505949
0.000247381
0.000448953
0.000237085
0.000490731
8.43372e-05
0.00061998
-0.000136586
0.000737326
-0.000326428
0.000766034
-0.000464988
0.000729604
-0.000569886
0.000654381
-0.000654778
0.000545197
-0.000747885
0.000413606
-0.00085966
0.000237201
-0.00098675
-6.38699e-06
-0.00111566
-0.000327054
-0.00121783
-0.000716407
-0.00123937
-0.00112595
-0.00112754
-0.0014553
-0.000902003
-0.00159408
-0.000626848
-0.00154205
-0.00034383
-0.00137285
-9.30491e-05
-0.00114521
0.000110896
-0.000897359
0.000270797
-0.000655818
0.000385168
-0.000436984
0.000454075
-0.000250751
0.000485087
-0.000105911
0.000492635
-2.95887e-06
0.000488841
6.7831e-05
0.000481345
0.000116
0.000474153
0.0001481
0.000469025
0.000168271
0.00046637
0.000179689
0.000465913
0.000184748
0.000468466
0.000183331
0.000476847
0.000172235
0.000493803
0.00014807
0.000517235
0.000113726
0.000536292
8.41408e-05
0.000535286
8.2704e-05
0.000504245
0.00012554
0.000440761
0.000214296
0.000348469
0.0003377
0.000240546
0.000470714
0.00013143
0.000585983
2.95499e-05
0.000662056
-5.96652e-05
0.000696274
-0.000131733
0.000693789
-0.000190604
0.000664274
-0.000238616
0.000617113
-0.000276443
0.00055914
-0.000305106
0.00049586
-0.00032635
0.000431057
-0.000342376
0.000366946
-0.000355602
0.000303901
-0.000368322
0.000240346
-0.00038217
0.000172884
-0.000397165
9.68236e-05
-0.000411839
8.28006e-06
-0.000424802
-9.39398e-05
-0.000433805
-0.000210081
-0.000436541
-0.000336652
-0.00043093
-0.000468048
-0.000415286
-0.000596866
-0.000388388
-0.000714091
-0.000808035
-0.000133958
-8.84892e-05
-0.00014825
-0.000120935
-0.000149677
-0.000174327
-0.000121746
-0.0002572
-4.27982e-05
-0.000358416
7.50139e-05
-0.00043921
0.000184706
-0.000465113
0.000297138
-0.000446764
0.000402523
-0.000370432
0.0004673
-0.000246555
0.000503161
-0.000131196
0.000514638
-2.24739e-05
0.000509236
7.19952e-05
0.00049308
0.000151831
0.000469699
0.000220614
0.0004417
0.000281554
0.000412761
0.000336367
0.000384315
0.000388213
0.000346495
0.000447202
0.000289006
0.000517133
0.000245632
0.0005616
0.000294866
0.000524391
0.000438274
0.000429101
0.000526601
0.000417622
0.000417283
0.00055827
0.000161648
0.000746366
-0.000115035
0.000896664
-0.00030524
0.000927531
-0.000404855
0.000865649
-0.000438067
0.000762816
-0.000448487
0.000664801
-0.000471813
0.000568524
-0.000521051
0.000462844
-0.000603893
0.000320043
-0.00071751
0.00010723
-0.000849379
-0.000195185
-0.000980033
-0.000585753
-0.00107433
-0.00103166
-0.0010815
-0.00144813
-0.000959448
-0.00171613
-0.000748945
-0.00175255
-0.000501135
-0.00162066
-0.00025709
-0.00138926
-4.16246e-05
-0.00111283
0.000136559
-0.000834001
0.000277449
-0.000577875
0.000379789
-0.000353091
0.000440576
-0.000166698
0.000466938
-2.9321e-05
0.000473297
6.14722e-05
0.000470538
0.000118759
0.000465706
0.000152932
0.000461959
0.000172018
0.000460282
0.000181367
0.000461735
0.000183294
0.000468796
0.000176271
0.000484491
0.00015654
0.000508579
0.000123982
0.000533366
8.89395e-05
0.000544758
7.27486e-05
0.000530909
9.65533e-05
0.000485784
0.000170665
0.000409365
0.000290715
0.000311006
0.000436059
0.000204307
0.000577412
0.000101931
0.000688359
7.74209e-06
0.000756245
-7.45224e-05
0.000778538
-0.000142063
0.000761329
-0.000197479
0.00071969
-0.000241174
0.000660808
-0.000273707
0.000591674
-0.00029613
0.000518283
-0.000310373
0.0004453
-0.000318811
0.000375383
-0.000324112
0.000309202
-0.000329037
0.000245272
-0.000336055
0.000179902
-0.000346174
0.000106943
-0.000357878
1.99839e-05
-0.000369204
-8.26144e-05
-0.000378195
-0.00020109
-0.00038284
-0.000332007
-0.000381175
-0.000469713
-0.000371309
-0.000606733
-0.000351764
-0.000733636
-0.000838872
-0.000232866
-4.0514e-05
-0.000283169
-7.06323e-05
-0.000323432
-0.000134063
-0.0003364
-0.000244233
-0.000290067
-0.000404748
-0.000137052
-0.000592225
7.55833e-05
-0.000677748
0.000254567
-0.000625747
0.000393466
-0.000509331
0.000496315
-0.000349404
0.000553348
-0.00018823
0.000574065
-4.3191e-05
0.000570348
7.57125e-05
0.00055245
0.000169729
0.00052763
0.000245433
0.000503042
0.000306141
0.000480356
0.000359053
0.000445265
0.000423304
0.000394529
0.000497939
0.000387867
0.000523795
0.00050705
0.000442417
0.000696088
0.000335353
0.000735654
0.000389534
0.000526676
0.0006266
0.000178674
0.000906273
-0.000157997
0.00108304
-0.000355271
0.00109394
-0.000415598
0.000987858
-0.000410475
0.000860526
-0.000384102
0.000736443
-0.000350037
0.000630736
-0.000327416
0.000545903
-0.000333023
0.000468451
-0.000379997
0.000367018
-0.000473772
0.000201005
-0.000600715
-6.82419e-05
-0.00074236
-0.000444109
-0.000868073
-0.000905945
-0.000944213
-0.00137199
-0.000920997
-0.00173935
-0.000787559
-0.00188599
-0.000597595
-0.00181063
-0.000385498
-0.00160136
-0.000180229
-0.00131809
-1.50065e-07
-0.00101408
0.000148821
-0.000726846
0.000269454
-0.000473724
0.000359093
-0.000256337
0.000410663
-8.08908e-05
0.000434371
3.7764e-05
0.000442695
0.000110435
0.000444277
0.00015135
0.00044419
0.000172105
0.000445286
0.00018027
0.000450618
0.000177962
0.000463781
0.000163109
0.000486236
0.000134084
0.000513631
9.65876e-05
0.000535039
6.7531e-05
0.000537605
7.0183e-05
0.000512493
0.000121665
0.000456012
0.000227146
0.000373132
0.000373595
0.000275313
0.000533878
0.000174235
0.000678491
7.65186e-05
0.000786075
-1.34309e-05
0.000846195
-8.93299e-05
0.000854437
-0.00015323
0.000825229
-0.000204597
0.000771057
-0.000243328
0.000699539
-0.000269955
0.000618302
-0.000285746
0.000534073
-0.000292657
0.00045221
-0.000293261
0.000375988
-0.00029038
0.000306321
-0.000287053
0.000241944
-0.000286367
0.000179216
-0.000290544
0.000111121
-0.000298443
2.78829e-05
-0.000307289
-7.3769e-05
-0.000315366
-0.000193013
-0.000321082
-0.000326292
-0.000322669
-0.000468126
-0.000318405
-0.000610997
-0.000306655
-0.000745385
-0.000859799
-0.000317474
-0.000414621
-0.000514238
-0.000613373
-0.00066163
-0.000550396
-0.000238194
7.86418e-05
0.000311026
0.000462507
0.000557626
0.000607957
0.00061823
0.000606287
0.000589098
0.000572688
0.000543698
0.000506228
0.00053918
0.000717619
0.000919547
0.000891771
0.000587089
0.000172743
-0.000177949
-0.000371439
-0.000430717
-0.000433856
-0.000399119
-0.000342003
-0.00027625
-0.000217251
-0.000181504
-0.000184579
-0.000241326
-0.000355215
-0.000501961
-0.000641779
-0.000756914
-0.000813931
-0.000765364
-0.000640626
-0.000475429
-0.000296547
-0.000126269
2.13914e-05
0.000144327
0.000247507
0.000326649
0.000371848
0.000395721
0.00040756
0.000413979
0.000420531
0.000432162
0.000452168
0.000479467
0.000506849
0.000522877
0.000517021
0.000482282
0.000419567
0.000336473
0.000242575
0.000145713
5.18165e-05
-3.32277e-05
-0.000104976
-0.00016494
-0.00021155
-0.000244462
-0.000264416
-0.00027307
-0.00027254
-0.000265333
-0.000254208
-0.000242444
-0.000233763
-0.000231523
-0.000234993
-0.000240601
-0.000247048
-0.000253359
-0.000257835
-0.000258709
-0.000254459
)
;

boundaryField
{
    inlet
    {
        type            calculated;
        value           nonuniform List<scalar> 0();
    }
    outlet
    {
        type            calculated;
        value           nonuniform List<scalar> 0();
    }
    topWall
    {
        type            calculated;
        value           nonuniform List<scalar> 0();
    }
    lowerWall
    {
        type            calculated;
        value           uniform 0;
    }
    leadingEdge
    {
        type            calculated;
        value           nonuniform List<scalar> 0();
    }
    trailingEdge
    {
        type            calculated;
        value           uniform 0;
    }
    upperSurface
    {
        type            calculated;
        value           nonuniform List<scalar> 0();
    }
    lowerSurface
    {
        type            calculated;
        value           uniform 0;
    }
    frontAndBack
    {
        type            empty;
        value           nonuniform List<scalar> 0();
    }
    procBoundary1to0
    {
        type            processor;
        value           nonuniform List<scalar> 
20
(
-2.52188e-07
-9.8516e-08
5.52021e-07
-7.27206e-08
-1.68389e-06
-3.97463e-06
-7.11425e-06
-1.12988e-05
-1.69528e-05
-2.46256e-05
-3.56077e-05
-4.92806e-05
-6.45633e-05
-7.72625e-05
-8.01644e-05
-2.57545e-05
9.83228e-05
9.83506e-05
0.000160123
0.000186386
)
;
    }
    procBoundary1to2
    {
        type            processor;
        value           nonuniform List<scalar> 
24
(
-0.000196333
-0.00014593
-9.39007e-05
-4.26569e-05
2.08511e-05
2.29263e-05
2.38321e-05
2.10556e-05
-9.98403e-07
6.53077e-05
0.000225059
0.000343606
0.000154842
-0.000102495
-0.000256125
-0.000337762
-0.000364241
-0.000374938
-0.00037535
-0.000365917
-0.000347986
-0.000320927
-0.000285728
-0.000243519
)
;
    }
    procBoundary1to5
    {
        type            processor;
        value           nonuniform List<scalar> 
88
(
0.00051854
0.000418021
0.000227448
-3.83949e-05
-0.000358927
-0.000786695
-0.00117303
-0.0014208
-0.00140078
-0.00121482
-0.000926683
-0.000653827
-0.000451714
-0.000339118
-0.000291075
-0.00024627
-0.000118936
0.000253094
0.000787028
0.00145167
0.00202347
0.00225306
0.00215033
0.00187072
0.0015165
0.00115063
0.000814949
0.00053623
0.000324748
0.000178356
6.45741e-05
-1.05301e-05
-1.5111e-05
4.20725e-05
0.00011524
0.000146405
8.01185e-05
-0.000128745
-0.000478158
-0.000906854
-0.0013214
-0.00163289
-0.0017759
-0.00173209
-0.00157584
-0.00134796
-0.00108779
-0.000826586
-0.00058858
-0.00038781
-0.000230764
-0.00012014
-4.91383e-05
-1.06047e-05
-1.24265e-05
-3.13042e-05
-4.46135e-05
-2.78073e-05
4.26148e-05
0.00017856
0.000370983
0.000597507
0.000828647
0.00103429
0.00118775
0.00126689
0.00125688
0.00118951
0.00107774
0.000935428
0.000777599
0.000618442
0.000468806
0.000337511
0.000230075
0.000147176
8.30886e-05
3.31868e-05
-1.46024e-06
-4.009e-05
-9.68202e-05
-0.000174522
-0.000277287
-0.000401386
-0.00053691
-0.000119256
-0.000640507
-0.000759459
)
;
    }
    procBoundary1to6
    {
        type            processor;
        value           nonuniform List<scalar> 2(6.50093e-06 5.17408e-05);
    }
}


// ************************************************************************* //
