/*--------------------------------*- C++ -*----------------------------------*\
| =========                 |                                                 |
| \\      /  F ield         | OpenFOAM: The Open Source CFD Toolbox           |
|  \\    /   O peration     | Version:  2206                                  |
|   \\  /    A nd           | Website:  www.openfoam.com                      |
|    \\/     M anipulation  |                                                 |
\*---------------------------------------------------------------------------*/
FoamFile
{
    version     2.0;
    format      ascii;
    arch        "LSB;label=32;scalar=64";
    class       volVectorField;
    location    "18.0999";
    object      U_0;
}
// * * * * * * * * * * * * * * * * * * * * * * * * * * * * * * * * * * * * * //

dimensions      [0 1 -1 0 0 0 0];

internalField   nonuniform List<vector> 
1877
(
(2.14786 -0.0253378 0)
(2.16371 0.0271815 0)
(2.17332 0.0766149 0)
(2.17527 0.120603 0)
(2.16835 0.157397 0)
(2.1509 0.185663 0)
(2.12295 0.203558 0)
(2.08658 0.21185 0)
(2.04514 0.213328 0)
(2.00325 0.210682 0)
(1.96396 0.205704 0)
(1.92874 0.198886 0)
(1.89841 0.189901 0)
(1.87319 0.178062 0)
(1.85305 0.162331 0)
(1.83808 0.14202 0)
(1.82802 0.116997 0)
(1.82236 0.0873672 0)
(1.82078 0.0536294 0)
(1.82305 0.0166335 0)
(1.82901 -0.0222877 0)
(1.83838 -0.0609931 0)
(1.85077 -0.0973944 0)
(1.86577 -0.129953 0)
(1.88284 -0.157443 0)
(1.90134 -0.179073 0)
(1.92066 -0.194485 0)
(1.94051 -0.203577 0)
(1.96076 -0.206231 0)
(1.98094 -0.202358 0)
(2.00064 -0.192121 0)
(2.01936 -0.175905 0)
(2.03656 -0.154406 0)
(2.05189 -0.128482 0)
(2.06511 -0.0989911 0)
(2.07598 -0.0667899 0)
(2.08406 -0.0330114 0)
(2.08877 0.000807574 0)
(2.0898 0.0334867 0)
(2.08691 0.0639505 0)
(2.08005 0.0912607 0)
(2.06924 0.11464 0)
(2.05467 0.133501 0)
(2.03686 0.147473 0)
(2.01677 0.156528 0)
(1.99561 0.161064 0)
(1.97443 0.161684 0)
(1.95406 0.158756 0)
(1.93508 0.152227 0)
(1.91807 0.141925 0)
(1.90349 0.127809 0)
(1.89147 0.109926 0)
(1.88209 0.0885043 0)
(1.87542 0.0639312 0)
(1.87154 0.0367368 0)
(1.87061 0.0076679 0)
(1.8728 -0.0221119 0)
(1.87808 -0.0510116 0)
(1.88622 -0.077761 0)
(1.89678 -0.101229 0)
(1.90914 -0.120548 0)
(1.92266 -0.135204 0)
(1.9368 -0.145009 0)
(1.95136 -0.14994 0)
(1.96616 -0.149999 0)
(1.9808 -0.145288 0)
(1.99509 -0.135999 0)
(2.00862 -0.122541 0)
(2.02105 -0.105502 0)
(2.0321 -0.0855361 0)
(2.04152 -0.0633152 0)
(2.049 -0.0395856 0)
(2.05412 -0.0153373 0)
(2.05668 0.00858158 0)
(2.05661 0.0314355 0)
(2.05398 0.0525602 0)
(2.04892 0.0713719 0)
(2.04168 0.0873846 0)
(2.03253 0.100233 0)
(2.02178 0.109674 0)
(2.00974 0.115598 0)
(1.99683 0.118061 0)
(1.98357 0.117241 0)
(1.97039 0.113292 0)
(1.95773 0.106328 0)
(1.94605 0.0965401 0)
(1.93566 0.0841898 0)
(1.9268 0.0695751 0)
(1.91959 0.0530229 0)
(1.91414 0.0348818 0)
(1.91056 0.0155479 0)
(1.90901 -0.00440261 0)
(1.90961 -0.0241336 0)
(1.91234 -0.0429177 0)
(1.91707 -0.0600356 0)
(1.92353 -0.0748372 0)
(1.93132 -0.0868223 0)
(1.94002 -0.0956929 0)
(1.94935 -0.101324 0)
(1.95916 -0.103658 0)
(1.96921 -0.102688 0)
(1.97926 -0.0984865 0)
(1.98912 -0.0911934 0)
(1.99849 -0.0811155 0)
(2.00715 -0.0686502 0)
(2.01493 -0.054224 0)
(2.02166 -0.0382911 0)
(2.02709 -0.0214203 0)
(2.03096 -0.00435144 0)
(2.03315 0.0123284 0)
(2.03361 0.0280816 0)
(2.0324 0.0424286 0)
(2.0296 0.0549606 0)
(2.0254 0.065359 0)
(2.01998 0.0734118 0)
(2.01349 0.0789876 0)
(2.00603 0.0819962 0)
(1.99791 0.0824719 0)
(1.98936 0.0805728 0)
(1.98065 0.0764033 0)
(1.97211 0.0701183 0)
(1.96406 0.061954 0)
(1.95677 0.0521726 0)
(1.95041 0.0410385 0)
(1.94515 0.0288251 0)
(2.20537 -0.0422797 0)
(2.21871 0.0136466 0)
(2.22931 0.0680556 0)
(2.23555 0.119003 0)
(2.23589 0.164336 0)
(2.22919 0.202036 0)
(2.21428 0.230574 0)
(2.1903 0.248208 0)
(2.15909 0.254361 0)
(2.12303 0.251921 0)
(2.08562 0.244088 0)
(2.05052 0.232818 0)
(2.01965 0.21863 0)
(1.99398 0.201305 0)
(1.97382 0.179945 0)
(1.95928 0.154212 0)
(1.94994 0.124172 0)
(1.94521 0.0900447 0)
(1.9446 0.0522696 0)
(1.94766 0.0115876 0)
(1.95402 -0.0306906 0)
(1.96316 -0.0722952 0)
(1.97467 -0.11123 0)
(1.98817 -0.145834 0)
(2.00317 -0.174774 0)
(2.01906 -0.197249 0)
(2.03524 -0.213047 0)
(2.05145 -0.22233 0)
(2.06787 -0.225076 0)
(2.08423 -0.220993 0)
(2.10024 -0.210066 0)
(2.11549 -0.192623 0)
(2.12941 -0.169428 0)
(2.14161 -0.141454 0)
(2.15187 -0.109654 0)
(2.15999 -0.0749292 0)
(2.16574 -0.0382703 0)
(2.16878 -0.0012078 0)
(2.16889 0.0348458 0)
(2.16598 0.0687544 0)
(2.16002 0.0994918 0)
(2.15109 0.126165 0)
(2.13939 0.148052 0)
(2.12522 0.16464 0)
(2.10899 0.175645 0)
(2.09137 0.181157 0)
(2.07323 0.18181 0)
(2.05539 0.178166 0)
(2.03856 0.17014 0)
(2.02345 0.157747 0)
(2.01052 0.141172 0)
(2.00001 0.120645 0)
(1.99206 0.0964774 0)
(1.98676 0.0690671 0)
(1.98422 0.038916 0)
(1.98459 0.00674093 0)
(1.9879 -0.0262023 0)
(1.99393 -0.0580591 0)
(2.00228 -0.0873431 0)
(2.01238 -0.11273 0)
(2.02358 -0.133267 0)
(2.03521 -0.1485 0)
(2.04672 -0.158472 0)
(2.05805 -0.163449 0)
(2.06943 -0.163492 0)
(2.08067 -0.158596 0)
(2.09175 -0.148787 0)
(2.10234 -0.134476 0)
(2.11212 -0.116297 0)
(2.12086 -0.0949301 0)
(2.12836 -0.07106 0)
(2.13439 -0.045379 0)
(2.13863 -0.0187762 0)
(2.14075 0.00758994 0)
(2.14063 0.0328714 0)
(2.13831 0.0562908 0)
(2.13392 0.0771807 0)
(2.1277 0.0949987 0)
(2.12001 0.10935 0)
(2.11124 0.120017 0)
(2.10167 0.126943 0)
(2.09142 0.130133 0)
(2.08079 0.129644 0)
(2.07013 0.125573 0)
(2.05977 0.118012 0)
(2.05012 0.107226 0)
(2.04149 0.0935806 0)
(2.03408 0.0774632 0)
(2.02803 0.0592664 0)
(2.02345 0.0393633 0)
(2.02046 0.0181326 0)
(2.01925 -0.00387515 0)
(2.02 -0.0257364 0)
(2.02272 -0.0465799 0)
(2.02721 -0.065538 0)
(2.03316 -0.0818059 0)
(2.0401 -0.0947914 0)
(2.04752 -0.104228 0)
(2.05503 -0.110164 0)
(2.06264 -0.112719 0)
(2.07036 -0.111873 0)
(2.07806 -0.107587 0)
(2.0856 -0.0999527 0)
(2.09275 -0.0893219 0)
(2.09935 -0.07613 0)
(2.10528 -0.0608188 0)
(2.11044 -0.0438495 0)
(2.11469 -0.0257297 0)
(2.1178 -0.00717181 0)
(2.11961 0.0110715 0)
(2.12003 0.0283966 0)
(2.11906 0.0442484 0)
(2.11679 0.0581462 0)
(2.11337 0.0697155 0)
(2.10905 0.078724 0)
(2.10409 0.0850922 0)
(2.09857 0.088827 0)
(2.09249 0.0898957 0)
(2.08607 0.0883736 0)
(2.07941 0.0843103 0)
(2.07278 0.0778165 0)
(2.06646 0.069163 0)
(2.06067 0.0586626 0)
(2.05557 0.0466298 0)
(2.05128 0.0333801 0)
(2.24593 -0.0549013 0)
(2.2556 0.00254897 0)
(2.26309 0.0595634 0)
(2.26847 0.114101 0)
(2.2714 0.164047 0)
(2.27134 0.207382 0)
(2.26772 0.24194 0)
(2.25943 0.267195 0)
(2.24356 0.282472 0)
(2.22129 0.286392 0)
(2.19461 0.28035 0)
(2.1656 0.266739 0)
(2.13759 0.247722 0)
(2.1132 0.224698 0)
(2.0934 0.197653 0)
(2.07861 0.166538 0)
(2.06875 0.131575 0)
(2.06342 0.0931032 0)
(2.06208 0.0515003 0)
(2.06422 0.00739865 0)
(2.06919 -0.0378088 0)
(2.07633 -0.0818164 0)
(2.08519 -0.122776 0)
(2.09547 -0.15895 0)
(2.10681 -0.188916 0)
(2.11874 -0.211832 0)
(2.13071 -0.227623 0)
(2.14233 -0.236811 0)
(2.15411 -0.239639 0)
(2.166 -0.235571 0)
(2.17783 -0.224224 0)
(2.1892 -0.205805 0)
(2.19957 -0.181235 0)
(2.20864 -0.151627 0)
(2.21619 -0.117981 0)
(2.22202 -0.0811919 0)
(2.22599 -0.0422612 0)
(2.22794 -0.0026364 0)
(2.22772 0.0361321 0)
(2.22528 0.0728928 0)
(2.22058 0.106529 0)
(2.2136 0.135972 0)
(2.20447 0.160289 0)
(2.1935 0.178824 0)
(2.18106 0.191262 0)
(2.16754 0.197622 0)
(2.15338 0.198308 0)
(2.13903 0.19396 0)
(2.12495 0.184551 0)
(2.11224 0.170252 0)
(2.10158 0.151465 0)
(2.09326 0.128552 0)
(2.0875 0.101881 0)
(2.08445 0.0718542 0)
(2.08422 0.0389495 0)
(2.08677 0.00392862 0)
(2.09161 -0.0316373 0)
(2.09803 -0.0656684 0)
(2.10553 -0.0965627 0)
(2.11364 -0.122936 0)
(2.12199 -0.143837 0)
(2.13021 -0.158899 0)
(2.13785 -0.168414 0)
(2.14481 -0.173109 0)
(2.15178 -0.17315 0)
(2.15891 -0.168226 0)
(2.16638 -0.158192 0)
(2.17375 -0.143398 0)
(2.18072 -0.12449 0)
(2.18715 -0.102203 0)
(2.19283 -0.0772282 0)
(2.19756 -0.0502075 0)
(2.2011 -0.0219116 0)
(2.20309 0.00646365 0)
(2.20331 0.0338804 0)
(2.20167 0.0594291 0)
(2.19827 0.0822764 0)
(2.19331 0.101712 0)
(2.1871 0.117217 0)
(2.18008 0.128577 0)
(2.17264 0.135894 0)
(2.16484 0.139355 0)
(2.1567 0.138967 0)
(2.14842 0.134754 0)
(2.14026 0.126694 0)
(2.13267 0.115123 0)
(2.12591 0.10051 0)
(2.12017 0.0832968 0)
(2.11563 0.0638996 0)
(2.11245 0.0426759 0)
(2.11083 0.0199393 0)
(2.1109 -0.0038423 0)
(2.11261 -0.0275974 0)
(2.11574 -0.0502011 0)
(2.11999 -0.0706271 0)
(2.12506 -0.0879388 0)
(2.13058 -0.101471 0)
(2.13612 -0.110991 0)
(2.14125 -0.116766 0)
(2.14598 -0.119288 0)
(2.15078 -0.118475 0)
(2.15571 -0.114088 0)
(2.16069 -0.106191 0)
(2.16542 -0.0951684 0)
(2.16984 -0.0814779 0)
(2.17389 -0.0655728 0)
(2.17748 -0.047918 0)
(2.18054 -0.0289828 0)
(2.18296 -0.00937109 0)
(2.18451 0.0100478 0)
(2.18507 0.028624 0)
(2.18457 0.0457287 0)
(2.18302 0.0607711 0)
(2.1805 0.0732737 0)
(2.17723 0.0829453 0)
(2.17353 0.0897241 0)
(2.16968 0.0937656 0)
(2.16555 0.0952129 0)
(2.16111 0.0939625 0)
(2.15635 0.0899681 0)
(2.1515 0.0833069 0)
(2.14688 0.0742851 0)
(2.14262 0.063267 0)
(2.13886 0.0506128 0)
(2.1357 0.0366713 0)
(2.26086 -0.0627239 0)
(2.26643 -0.00408615 0)
(2.27155 0.0544894 0)
(2.27574 0.110368 0)
(2.2787 0.161783 0)
(2.27988 0.2069 0)
(2.27985 0.2444 0)
(2.27813 0.273215 0)
(2.27475 0.292006 0)
(2.26965 0.300344 0)
(2.26171 0.300595 0)
(2.24809 0.291661 0)
(2.22946 0.272837 0)
(2.21104 0.24734 0)
(2.1946 0.216047 0)
(2.18131 0.179847 0)
(2.17175 0.139847 0)
(2.16588 0.0968935 0)
(2.16337 0.0514921 0)
(2.16379 0.00429572 0)
(2.16634 -0.0430389 0)
(2.17018 -0.0886165 0)
(2.17495 -0.130782 0)
(2.18052 -0.16791 0)
(2.18683 -0.198561 0)
(2.1938 -0.221761 0)
(2.20098 -0.237363 0)
(2.20768 -0.246219 0)
(2.21437 -0.249205 0)
(2.22154 -0.245425 0)
(2.2289 -0.233935 0)
(2.23606 -0.214863 0)
(2.24262 -0.189254 0)
(2.24822 -0.158383 0)
(2.25261 -0.123284 0)
(2.25573 -0.0849422 0)
(2.25744 -0.0443454 0)
(2.25771 -0.00295031 0)
(2.25669 0.0374848 0)
(2.25464 0.0757855 0)
(2.25178 0.110905 0)
(2.24823 0.141879 0)
(2.24393 0.167788 0)
(2.23881 0.187906 0)
(2.23307 0.201824 0)
(2.22671 0.209338 0)
(2.21914 0.211163 0)
(2.21075 0.208037 0)
(2.20153 0.197949 0)
(2.19278 0.182018 0)
(2.1854 0.160926 0)
(2.17982 0.13525 0)
(2.17635 0.105578 0)
(2.17513 0.072451 0)
(2.17611 0.0365573 0)
(2.17884 -0.000817692 0)
(2.18237 -0.0376018 0)
(2.18602 -0.0721961 0)
(2.18949 -0.103224 0)
(2.19274 -0.129521 0)
(2.19588 -0.150202 0)
(2.19899 -0.164807 0)
(2.2019 -0.173573 0)
(2.2045 -0.177474 0)
(2.20723 -0.17779 0)
(2.21046 -0.173851 0)
(2.21439 -0.163961 0)
(2.21853 -0.149179 0)
(2.22279 -0.130056 0)
(2.22707 -0.10733 0)
(2.23106 -0.0817106 0)
(2.23449 -0.0538599 0)
(2.23718 -0.0245018 0)
(2.23884 0.00527556 0)
(2.23934 0.0342175 0)
(2.23869 0.0612434 0)
(2.237 0.0854252 0)
(2.23436 0.106048 0)
(2.23085 0.122545 0)
(2.22668 0.134637 0)
(2.22226 0.142448 0)
(2.21779 0.146408 0)
(2.2129 0.146666 0)
(2.20754 0.142635 0)
(2.20189 0.134295 0)
(2.19665 0.12207 0)
(2.19213 0.106471 0)
(2.18846 0.0879998 0)
(2.18581 0.0671045 0)
(2.18433 0.0441573 0)
(2.18414 0.0195698 0)
(2.18517 -0.00585655 0)
(2.18701 -0.0307815 0)
(2.18926 -0.054188 0)
(2.1917 -0.0751269 0)
(2.19422 -0.0926818 0)
(2.19678 -0.106143 0)
(2.19926 -0.115242 0)
(2.20139 -0.120336 0)
(2.20326 -0.122252 0)
(2.20511 -0.121979 0)
(2.20732 -0.117898 0)
(2.20982 -0.109938 0)
(2.21227 -0.0987908 0)
(2.21462 -0.0848907 0)
(2.21688 -0.0687135 0)
(2.219 -0.050741 0)
(2.22097 -0.0314323 0)
(2.22268 -0.0112985 0)
(2.22397 0.00883457 0)
(2.22474 0.0282452 0)
(2.2249 0.0462641 0)
(2.22442 0.062224 0)
(2.2233 0.0755421 0)
(2.22163 0.0858072 0)
(2.21962 0.092876 0)
(2.2177 0.0969847 0)
(2.21569 0.0985362 0)
(2.2135 0.0979866 0)
(2.21084 0.0942373 0)
(2.20794 0.0875654 0)
(2.20514 0.0783506 0)
(2.20254 0.0669575 0)
(2.20025 0.0537664 0)
(2.19836 0.039132 0)
(2.25471 -0.066232 0)
(2.25695 -0.00817469 0)
(2.26019 0.0504156 0)
(2.26382 0.106943 0)
(2.26721 0.159403 0)
(2.26977 0.205731 0)
(2.27124 0.244202 0)
(2.27182 0.273412 0)
(2.27218 0.292227 0)
(2.2727 0.301076 0)
(2.27284 0.302948 0)
(2.27106 0.299487 0)
(2.2672 0.283861 0)
(2.2622 0.259426 0)
(2.25682 0.227766 0)
(2.25096 0.190207 0)
(2.24558 0.148071 0)
(2.24132 0.102505 0)
(2.23855 0.0544194 0)
(2.23711 0.00503436 0)
(2.23644 -0.0436459 0)
(2.23609 -0.0901093 0)
(2.23596 -0.132992 0)
(2.23626 -0.170867 0)
(2.2372 -0.202277 0)
(2.23892 -0.226068 0)
(2.24131 -0.241814 0)
(2.24371 -0.250234 0)
(2.2459 -0.253055 0)
(2.24845 -0.250194 0)
(2.25132 -0.238676 0)
(2.25441 -0.219463 0)
(2.25777 -0.193552 0)
(2.2607 -0.161844 0)
(2.26308 -0.125576 0)
(2.26421 -0.08593 0)
(2.26455 -0.0441101 0)
(2.26403 -0.00177558 0)
(2.26255 0.039405 0)
(2.26024 0.0782561 0)
(2.25703 0.113727 0)
(2.25347 0.144894 0)
(2.24998 0.170876 0)
(2.2469 0.190837 0)
(2.24474 0.204227 0)
(2.24365 0.211236 0)
(2.24321 0.21324 0)
(2.24278 0.211891 0)
(2.2422 0.202361 0)
(2.24151 0.186411 0)
(2.24082 0.164862 0)
(2.24036 0.138271 0)
(2.24036 0.107387 0)
(2.24085 0.0729581 0)
(2.2416 0.0360555 0)
(2.24207 -0.00156995 0)
(2.24184 -0.0381338 0)
(2.24087 -0.0723946 0)
(2.23934 -0.103106 0)
(2.23744 -0.129225 0)
(2.2355 -0.149966 0)
(2.23392 -0.164901 0)
(2.23299 -0.173994 0)
(2.2326 -0.177967 0)
(2.23252 -0.178617 0)
(2.23299 -0.175622 0)
(2.23407 -0.166026 0)
(2.23559 -0.15172 0)
(2.23775 -0.133099 0)
(2.24041 -0.11062 0)
(2.24313 -0.0848546 0)
(2.24576 -0.0564703 0)
(2.2479 -0.0263052 0)
(2.24897 0.00437176 0)
(2.24917 0.0341341 0)
(2.24879 0.061974 0)
(2.24728 0.0869947 0)
(2.2452 0.108376 0)
(2.24279 0.125385 0)
(2.2403 0.1376 0)
(2.23821 0.145033 0)
(2.23694 0.148363 0)
(2.23607 0.148853 0)
(2.23514 0.145869 0)
(2.23416 0.13737 0)
(2.23341 0.12487 0)
(2.23287 0.108883 0)
(2.2325 0.0899507 0)
(2.23233 0.0685188 0)
(2.23236 0.0449463 0)
(2.23255 0.0197118 0)
(2.23274 -0.00615273 0)
(2.23279 -0.0312128 0)
(2.23261 -0.0545515 0)
(2.23216 -0.0753777 0)
(2.23155 -0.0928958 0)
(2.23091 -0.106425 0)
(2.23042 -0.115635 0)
(2.23015 -0.120739 0)
(2.23001 -0.122537 0)
(2.22995 -0.122486 0)
(2.23014 -0.118826 0)
(2.23062 -0.110918 0)
(2.23128 -0.0998478 0)
(2.23207 -0.0860162 0)
(2.23303 -0.0699057 0)
(2.23409 -0.0519752 0)
(2.23514 -0.0326458 0)
(2.23604 -0.0123923 0)
(2.23665 0.00799836 0)
(2.23696 0.0277089 0)
(2.23701 0.0460706 0)
(2.23682 0.0624164 0)
(2.2364 0.076118 0)
(2.23583 0.0866677 0)
(2.23521 0.0938191 0)
(2.23471 0.0977349 0)
(2.23442 0.0990613 0)
(2.23418 0.0988886 0)
(2.23383 0.0955708 0)
(2.23344 0.0889339 0)
(2.23308 0.079714 0)
(2.23276 0.0682515 0)
(2.23245 0.0549412 0)
(2.23216 0.040152 0)
(2.23189 0.0543289 0)
(2.2326 0.0396035 0)
(0.17016 -0.000275501 0)
(0.170497 0.000321207 0)
(0.169797 0.000855501 0)
(0.168156 0.00131838 0)
(0.165659 0.00173016 0)
(0.162378 0.00210208 0)
(0.158374 0.00244103 0)
(0.1537 0.00274808 0)
(0.148416 0.00301861 0)
(0.142598 0.00324421 0)
(0.136343 0.00341413 0)
(0.12978 0.0035171 0)
(0.123056 0.00353664 0)
(0.116363 0.00345202 0)
(0.109926 0.00325011 0)
(0.103999 0.00292404 0)
(0.0988506 0.00247078 0)
(0.0947454 0.00189838 0)
(0.091938 0.00123149 0)
(0.0906269 0.000491189 0)
(0.0908362 -0.000384289 0)
(0.0925769 -0.00119497 0)
(0.0959109 -0.00194178 0)
(0.10073 -0.00260175 0)
(0.106848 -0.00315199 0)
(0.114021 -0.00357268 0)
(0.121964 -0.00385085 0)
(0.130368 -0.00398241 0)
(0.13892 -0.00396814 0)
(0.147303 -0.00381602 0)
(0.155243 -0.00354293 0)
(0.162503 -0.00316987 0)
(0.168892 -0.00272074 0)
(0.174267 -0.00222007 0)
(0.178539 -0.00168687 0)
(0.18166 -0.00114319 0)
(0.183613 -0.000606739 0)
(0.184423 -7.74998e-05 0)
(0.184187 0.000489813 0)
(0.182989 0.000981543 0)
(0.180867 0.00141548 0)
(0.177901 0.00179928 0)
(0.174181 0.00213429 0)
(0.169799 0.00241954 0)
(0.164856 0.00265181 0)
(0.159466 0.00282584 0)
(0.153756 0.0029341 0)
(0.147873 0.00296894 0)
(0.141981 0.00292314 0)
(0.136255 0.00278914 0)
(0.130889 0.00256032 0)
(0.126086 0.00223587 0)
(0.122049 0.00182172 0)
(0.118967 0.00132926 0)
(0.11701 0.000772903 0)
(0.116259 0.000142195 0)
(0.116718 -0.000521225 0)
(0.118388 -0.00112116 0)
(0.121244 -0.00166033 0)
(0.125171 -0.00212214 0)
(0.130003 -0.00249307 0)
(0.13554 -0.00276313 0)
(0.141562 -0.00292644 0)
(0.147839 -0.00298139 0)
(0.154135 -0.00293091 0)
(0.160235 -0.00278345 0)
(0.165941 -0.00255133 0)
(0.171086 -0.00224934 0)
(0.175533 -0.00189325 0)
(0.17918 -0.00149856 0)
(0.181958 -0.00108019 0)
(0.183825 -0.000652915 0)
(0.18476 -0.000224632 0)
(0.184831 0.000243315 0)
(0.184088 0.000661874 0)
(0.182561 0.00103028 0)
(0.180317 0.00135271 0)
(0.17744 0.00162829 0)
(0.174021 0.00185476 0)
(0.170161 0.00202979 0)
(0.165966 0.00215148 0)
(0.161554 0.00221729 0)
(0.157047 0.00222324 0)
(0.152577 0.00216613 0)
(0.148278 0.00204559 0)
(0.144287 0.00186376 0)
(0.140731 0.00162294 0)
(0.137735 0.00132729 0)
(0.135412 0.000985851 0)
(0.133859 0.000609457 0)
(0.133146 0.000203672 0)
(0.133264 -0.000260343 0)
(0.134192 -0.000676968 0)
(0.135936 -0.00105314 0)
(0.138426 -0.00138077 0)
(0.141563 -0.00165167 0)
(0.145224 -0.00185872 0)
(0.149271 -0.00199731 0)
(0.153553 -0.0020658 0)
(0.157919 -0.00206387 0)
(0.162218 -0.00199373 0)
(0.16631 -0.00186161 0)
(0.170066 -0.00167539 0)
(0.17338 -0.00144409 0)
(0.176161 -0.0011775 0)
(0.178344 -0.000885922 0)
(0.179883 -0.000579081 0)
(0.180744 -0.000265516 0)
(0.18096 7.1628e-05 0)
(0.180553 0.000392096 0)
(0.17955 0.000674954 0)
(0.177995 0.000923418 0)
(0.175952 0.00113491 0)
(0.173494 0.00130746 0)
(0.170704 0.00143912 0)
(0.167667 0.00152844 0)
(0.164476 0.00157471 0)
(0.161224 0.00157673 0)
(0.158008 0.00153376 0)
(0.15492 0.00144722 0)
(0.152054 0.00131967 0)
(0.149495 0.00115419 0)
(0.14732 0.000954544 0)
(0.145595 0.000726763 0)
(0.144377 0.000477746 0)
(0.434877 -0.00126952 0)
(0.435188 0.000500286 0)
(0.434383 0.00206216 0)
(0.432635 0.00342736 0)
(0.43006 0.00464546 0)
(0.426745 0.00574994 0)
(0.422758 0.00675805 0)
(0.418158 0.00767026 0)
(0.413009 0.00847411 0)
(0.407392 0.00914396 0)
(0.401414 0.00964039 0)
(0.395211 0.00991708 0)
(0.388979 0.00992771 0)
(0.382915 0.00962559 0)
(0.377243 0.00896988 0)
(0.372205 0.0079384 0)
(0.368047 0.00653216 0)
(0.365003 0.00476771 0)
(0.363276 0.0026782 0)
(0.362988 0.000313834 0)
(0.364335 -0.00221367 0)
(0.367399 -0.0046981 0)
(0.372066 -0.00702461 0)
(0.378209 -0.00909456 0)
(0.385629 -0.0108175 0)
(0.39406 -0.0121233 0)
(0.403186 -0.0129666 0)
(0.412672 -0.0133287 0)
(0.422167 -0.0132133 0)
(0.431348 -0.0126519 0)
(0.439929 -0.011701 0)
(0.447658 -0.0104333 0)
(0.454345 -0.00892578 0)
(0.459857 -0.00725579 0)
(0.464118 -0.00549623 0)
(0.467103 -0.00371026 0)
(0.468837 -0.00194806 0)
(0.469393 -0.000232342 0)
(0.468783 0.00140926 0)
(0.467114 0.00289259 0)
(0.464535 0.0042224 0)
(0.461147 0.00540197 0)
(0.457049 0.00643027 0)
(0.452349 0.00730102 0)
(0.447156 0.00800287 0)
(0.441588 0.00851992 0)
(0.435777 0.00883002 0)
(0.429873 0.00890701 0)
(0.424052 0.0087243 0)
(0.418507 0.00825893 0)
(0.413443 0.00749626 0)
(0.409059 0.00643819 0)
(0.405541 0.00510528 0)
(0.403052 0.00353313 0)
(0.401708 0.00175699 0)
(0.40163 -0.00018349 0)
(0.402914 -0.00214736 0)
(0.405508 -0.0040143 0)
(0.409302 -0.00571043 0)
(0.414163 -0.00717097 0)
(0.419911 -0.00834083 0)
(0.426322 -0.00918127 0)
(0.433153 -0.00967164 0)
(0.44015 -0.00980764 0)
(0.447055 -0.00960082 0)
(0.453642 -0.00907954 0)
(0.459704 -0.00828468 0)
(0.465067 -0.00726546 0)
(0.469601 -0.00607581 0)
(0.473212 -0.00477039 0)
(0.475846 -0.0034002 0)
(0.47749 -0.0020083 0)
(0.478171 -0.000613726 0)
(0.477872 0.000765493 0)
(0.476658 0.00202945 0)
(0.474655 0.0031675 0)
(0.471949 0.0041709 0)
(0.468637 0.00503024 0)
(0.464823 0.00573656 0)
(0.460618 0.00628015 0)
(0.456138 0.0066508 0)
(0.451507 0.00683882 0)
(0.446857 0.00683433 0)
(0.442323 0.00662904 0)
(0.438041 0.00622055 0)
(0.434152 0.00561302 0)
(0.43079 0.00481774 0)
(0.428076 0.00385462 0)
(0.426108 0.00274957 0)
(0.424958 0.00153204 0)
(0.424668 0.000222068 0)
(0.425313 -0.00112511 0)
(0.426874 -0.0024105 0)
(0.429261 -0.00358926 0)
(0.432392 -0.00462413 0)
(0.436157 -0.00548032 0)
(0.440417 -0.00613 0)
(0.445017 -0.00655524 0)
(0.449793 -0.00674871 0)
(0.454573 -0.0067106 0)
(0.459199 -0.00645028 0)
(0.463522 -0.00598758 0)
(0.467411 -0.00534967 0)
(0.470758 -0.00456877 0)
(0.473479 -0.00367995 0)
(0.475517 -0.00271718 0)
(0.476842 -0.00171247 0)
(0.477453 -0.000684975 0)
(0.477334 0.000347089 0)
(0.47651 0.00131481 0)
(0.475062 0.00219559 0)
(0.473062 0.00297424 0)
(0.470587 0.00363804 0)
(0.467721 0.00417689 0)
(0.464556 0.00458332 0)
(0.461189 0.0048518 0)
(0.457717 0.00497894 0)
(0.454244 0.00496229 0)
(0.450867 0.00480163 0)
(0.447683 0.00450121 0)
(0.444785 0.0040696 0)
(0.442258 0.003519 0)
(0.440176 0.00286465 0)
(0.438603 0.00212586 0)
(0.437584 0.0013235 0)
(0.727498 -0.00221887 0)
(0.727137 0.000695688 0)
(0.725798 0.00324645 0)
(0.723646 0.00548608 0)
(0.720796 0.00748796 0)
(0.717322 0.00930401 0)
(0.713264 0.0109652 0)
(0.708643 0.0124747 0)
(0.70348 0.0138068 0)
(0.697812 0.0149109 0)
(0.691708 0.0157178 0)
(0.685268 0.0161453 0)
(0.678637 0.016111 0)
(0.67202 0.015545 0)
(0.665654 0.014385 0)
(0.659803 0.0125873 0)
(0.654755 0.0101549 0)
(0.650802 0.00712979 0)
(0.648202 0.00356321 0)
(0.64721 -0.000443284 0)
(0.648016 -0.00459531 0)
(0.650653 -0.0087416 0)
(0.655057 -0.0126833 0)
(0.661094 -0.0162132 0)
(0.668542 -0.019152 0)
(0.677107 -0.0213621 0)
(0.68644 -0.022757 0)
(0.696174 -0.0233022 0)
(0.705923 -0.0230093 0)
(0.715338 -0.021941 0)
(0.724111 -0.020199 0)
(0.731977 -0.0179102 0)
(0.738737 -0.0152171 0)
(0.744256 -0.0122635 0)
(0.748463 -0.00918069 0)
(0.751338 -0.00607681 0)
(0.752889 -0.00303291 0)
(0.753181 -0.000105566 0)
(0.752297 0.00258512 0)
(0.750355 0.0050239 0)
(0.747473 0.00722165 0)
(0.743757 0.00917566 0)
(0.739303 0.0108816 0)
(0.734209 0.012329 0)
(0.728569 0.0134972 0)
(0.722491 0.0143534 0)
(0.716102 0.0148549 0)
(0.709554 0.0149538 0)
(0.703033 0.0146023 0)
(0.696737 0.0137592 0)
(0.690884 0.0124034 0)
(0.685705 0.0105423 0)
(0.681427 0.0082106 0)
(0.678258 0.00546723 0)
(0.67637 0.00239231 0)
(0.675911 -0.000883616 0)
(0.676952 -0.00416784 0)
(0.679449 -0.00733528 0)
(0.6833 -0.010244 0)
(0.688352 -0.0127575 0)
(0.694399 -0.0147659 0)
(0.70119 -0.016192 0)
(0.70845 -0.0169956 0)
(0.715896 -0.0171681 0)
(0.723239 -0.0167333 0)
(0.730232 -0.0157472 0)
(0.736648 -0.0142867 0)
(0.742301 -0.0124427 0)
(0.747049 -0.0103119 0)
(0.750795 -0.00798912 0)
(0.753482 -0.00556441 0)
(0.755091 -0.00311282 0)
(0.755638 -0.000694629 0)
(0.755144 0.00159681 0)
(0.75369 0.00370389 0)
(0.75138 0.00561163 0)
(0.748311 0.0072951 0)
(0.744589 0.00873316 0)
(0.740323 0.00990798 0)
(0.735628 0.0108025 0)
(0.730626 0.0113993 0)
(0.725443 0.0116813 0)
(0.720216 0.0116325 0)
(0.715094 0.0112397 0)
(0.710219 0.0104974 0)
(0.705748 0.009414 0)
(0.701826 0.00800834 0)
(0.698593 0.00631321 0)
(0.696171 0.00437053 0)
(0.694658 0.00223239 0)
(0.694128 -3.24846e-05 0)
(0.694629 -0.00228536 0)
(0.696138 -0.00445769 0)
(0.698588 -0.00647346 0)
(0.701883 -0.0082494 0)
(0.705896 -0.00971473 0)
(0.710473 -0.0108157 0)
(0.715436 -0.0115183 0)
(0.720604 -0.0118083 0)
(0.72578 -0.0116883 0)
(0.730786 -0.0111796 0)
(0.735461 -0.01032 0)
(0.739659 -0.00915801 0)
(0.74326 -0.00775051 0)
(0.746176 -0.00615916 0)
(0.748342 -0.0044451 0)
(0.749721 -0.00266316 0)
(0.750296 -0.000859941 0)
(0.750071 0.000895532 0)
(0.749094 0.002528 0)
(0.747432 0.00401888 0)
(0.745162 0.00533866 0)
(0.742369 0.00646074 0)
(0.739146 0.00736534 0)
(0.735595 0.00803819 0)
(0.731818 0.00846971 0)
(0.727922 0.00865433 0)
(0.724018 0.00858909 0)
(0.720214 0.00827536 0)
(0.716613 0.00772102 0)
(0.713318 0.00694072 0)
(0.710423 0.0059556 0)
(0.708012 0.00479328 0)
(0.706157 0.00348734 0)
(0.704912 0.0020743 0)
(1.03852 -0.00171723 0)
(1.03615 0.00223824 0)
(1.03252 0.005573 0)
(1.02798 0.00844132 0)
(1.02277 0.0109867 0)
(1.01705 0.0133239 0)
(1.01089 0.0155241 0)
(1.00429 0.0176047 0)
(0.99722 0.0195301 0)
(0.989634 0.02122 0)
(0.981529 0.0225589 0)
(0.972959 0.0234096 0)
(0.964052 0.0236294 0)
(0.954996 0.0230842 0)
(0.946086 0.0216641 0)
(0.937662 0.0192942 0)
(0.930111 0.0159473 0)
(0.923834 0.0116534 0)
(0.919201 0.0065122 0)
(0.916598 0.00071408 0)
(0.916357 -0.00544227 0)
(0.918564 -0.0115943 0)
(0.923149 -0.0174575 0)
(0.929923 -0.0227274 0)
(0.938559 -0.0271265 0)
(0.948615 -0.0304439 0)
(0.959582 -0.0325516 0)
(0.970929 -0.0334035 0)
(0.982132 -0.0330225 0)
(0.992777 -0.031496 0)
(1.00249 -0.0289713 0)
(1.01097 -0.0256349 0)
(1.01802 -0.0216945 0)
(1.02352 -0.0173665 0)
(1.02741 -0.0128507 0)
(1.02971 -0.0083085 0)
(1.03046 -0.00385561 0)
(1.02974 0.000393089 0)
(1.02769 0.00428723 0)
(1.02447 0.00780621 0)
(1.02022 0.01096 0)
(1.01507 0.0137596 0)
(1.00911 0.0162122 0)
(1.00243 0.0183129 0)
(0.995121 0.0200373 0)
(0.987281 0.0213381 0)
(0.979033 0.0221471 0)
(0.970533 0.0223839 0)
(0.96199 0.0219677 0)
(0.953655 0.0208297 0)
(0.945801 0.0189262 0)
(0.938727 0.0162531 0)
(0.932735 0.0128502 0)
(0.928112 0.00880169 0)
(0.925104 0.0042315 0)
(0.923925 -0.000668388 0)
(0.924693 -0.00561482 0)
(0.927369 -0.0103636 0)
(0.931813 -0.0147169 0)
(0.937802 -0.0184776 0)
(0.945041 -0.0214812 0)
(0.953175 -0.0236127 0)
(0.961829 -0.0248139 0)
(0.970617 -0.0250743 0)
(0.979191 -0.0244314 0)
(0.987254 -0.0229662 0)
(0.994546 -0.0207929 0)
(1.00086 -0.0180485 0)
(1.00605 -0.0148799 0)
(1.01001 -0.0114362 0)
(1.0127 -0.00784272 0)
(1.01409 -0.00420195 0)
(1.01421 -0.000617975 0)
(1.01311 0.00276345 0)
(1.0109 0.00586381 0)
(1.0077 0.00865458 0)
(1.00362 0.0111094 0)
(0.998783 0.0132049 0)
(0.993317 0.0149197 0)
(0.987348 0.0162317 0)
(0.981009 0.0171164 0)
(0.97444 0.0175476 0)
(0.967798 0.0174972 0)
(0.961261 0.0169411 0)
(0.955004 0.0158679 0)
(0.949216 0.014285 0)
(0.94408 0.0122176 0)
(0.939774 0.0097107 0)
(0.936454 0.00682782 0)
(0.934253 0.00364708 0)
(0.933287 0.000273209 0)
(0.933622 -0.00312804 0)
(0.935225 -0.00639599 0)
(0.938013 -0.00941976 0)
(0.941861 -0.0120832 0)
(0.946597 -0.0142813 0)
(0.952018 -0.0159322 0)
(0.957897 -0.0169839 0)
(0.963998 -0.0174138 0)
(0.970082 -0.0172253 0)
(0.975938 -0.0164517 0)
(0.981372 -0.0151526 0)
(0.986215 -0.0134048 0)
(0.990329 -0.0112962 0)
(0.993611 -0.00891938 0)
(0.995989 -0.00636392 0)
(0.997423 -0.0037082 0)
(0.997899 -0.00102739 0)
(0.997421 0.0015769 0)
(0.996049 0.00400139 0)
(0.99387 0.00620388 0)
(0.990976 0.00814619 0)
(0.98747 0.00979413 0)
(0.983463 0.0111206 0)
(0.979072 0.0121057 0)
(0.974419 0.0127363 0)
(0.969623 0.013004 0)
(0.96482 0.0129041 0)
(0.960132 0.0124385 0)
(0.955686 0.0116182 0)
(0.951603 0.0104632 0)
(0.947996 0.00900261 0)
(0.944968 0.0072755 0)
(0.942609 0.00532935 0)
(0.94099 0.00321699 0)
(1.32124 0.000869777 0)
(1.31707 0.0067953 0)
(1.31092 0.0116216 0)
(1.30314 0.0155273 0)
(1.29408 0.0187517 0)
(1.28403 0.0215367 0)
(1.27318 0.0240831 0)
(1.26164 0.0265137 0)
(1.24943 0.0288537 0)
(1.23656 0.0310308 0)
(1.22301 0.0328874 0)
(1.20885 0.034207 0)
(1.1942 0.0347471 0)
(1.17933 0.0342658 0)
(1.16465 0.0325473 0)
(1.15065 0.0294331 0)
(1.13789 0.024853 0)
(1.127 0.0188317 0)
(1.11859 0.0115029 0)
(1.11324 0.00311838 0)
(1.11148 -0.00596081 0)
(1.11369 -0.0151326 0)
(1.11982 -0.023863 0)
(1.12963 -0.0316641 0)
(1.14262 -0.0380876 0)
(1.15809 -0.042794 0)
(1.17519 -0.0455872 0)
(1.19298 -0.046431 0)
(1.21048 -0.0454527 0)
(1.22693 -0.042867 0)
(1.24166 -0.0389212 0)
(1.25419 -0.0339144 0)
(1.26422 -0.0281669 0)
(1.27161 -0.0219786 0)
(1.27638 -0.0155998 0)
(1.27861 -0.00922992 0)
(1.27845 -0.00306223 0)
(1.27609 0.00265793 0)
(1.27183 0.00786727 0)
(1.26601 0.0125559 0)
(1.25885 0.0167387 0)
(1.25058 0.0204542 0)
(1.24133 0.0237333 0)
(1.2312 0.0265826 0)
(1.2203 0.028973 0)
(1.20871 0.030833 0)
(1.19658 0.0320544 0)
(1.1841 0.0325045 0)
(1.17153 0.0320417 0)
(1.15923 0.0305477 0)
(1.14758 0.0279495 0)
(1.13699 0.0242274 0)
(1.12791 0.0194224 0)
(1.12076 0.0136376 0)
(1.1159 0.00705154 0)
(1.11367 -8.09474e-05 0)
(1.11432 -0.00735646 0)
(1.11787 -0.0143333 0)
(1.12416 -0.0206919 0)
(1.13287 -0.0261263 0)
(1.14356 -0.0303845 0)
(1.15567 -0.0332978 0)
(1.1686 -0.0347945 0)
(1.18168 -0.0349074 0)
(1.19431 -0.0337541 0)
(1.20601 -0.0314794 0)
(1.21638 -0.0282542 0)
(1.22512 -0.0242801 0)
(1.23204 -0.0197641 0)
(1.23708 -0.0148982 0)
(1.24022 -0.00984643 0)
(1.2415 -0.00475444 0)
(1.24097 0.000210027 0)
(1.23877 0.00486345 0)
(1.2351 0.00913969 0)
(1.23016 0.0129813 0)
(1.2241 0.0163511 0)
(1.21711 0.0192253 0)
(1.20934 0.0215807 0)
(1.20094 0.0233899 0)
(1.19209 0.0246203 0)
(1.18295 0.0252325 0)
(1.17372 0.0251788 0)
(1.16464 0.0244182 0)
(1.15594 0.0229306 0)
(1.14786 0.0207183 0)
(1.14066 0.0178106 0)
(1.13458 0.0142655 0)
(1.12985 0.0101694 0)
(1.12666 0.00563277 0)
(1.12517 0.000803301 0)
(1.1255 -0.00409334 0)
(1.12766 -0.00879644 0)
(1.13156 -0.0131312 0)
(1.137 -0.0169244 0)
(1.14375 -0.0200229 0)
(1.15148 -0.022312 0)
(1.15985 -0.0237254 0)
(1.16847 -0.0242458 0)
(1.17697 -0.023903 0)
(1.18504 -0.022755 0)
(1.19241 -0.0208814 0)
(1.19887 -0.0183881 0)
(1.20423 -0.0153967 0)
(1.20841 -0.0120355 0)
(1.21132 -0.00842811 0)
(1.21294 -0.00468528 0)
(1.21327 -0.000922197 0)
(1.21234 0.00270441 0)
(1.21024 0.00608654 0)
(1.20711 0.00915188 0)
(1.20308 0.0118418 0)
(1.19827 0.0141141 0)
(1.19285 0.0159363 0)
(1.18695 0.0172832 0)
(1.18075 0.0181377 0)
(1.17438 0.0184889 0)
(1.16802 0.0183297 0)
(1.16182 0.0176626 0)
(1.15595 0.016502 0)
(1.15057 0.0148744 0)
(1.14582 0.0128191 0)
(1.14184 0.0103877 0)
(1.13875 0.00764309 0)
(1.13665 0.00465712 0)
(1.53905 0.00432255 0)
(1.53118 0.012527 0)
(1.5209 0.0195245 0)
(1.50886 0.0253762 0)
(1.49545 0.0302758 0)
(1.48087 0.0344959 0)
(1.46518 0.0382892 0)
(1.44839 0.0418302 0)
(1.43048 0.0451844 0)
(1.41142 0.0482958 0)
(1.39128 0.0509875 0)
(1.37019 0.0529806 0)
(1.34844 0.0539215 0)
(1.32645 0.0534115 0)
(1.30487 0.0510983 0)
(1.28436 0.0467308 0)
(1.26571 0.0401695 0)
(1.24975 0.0314109 0)
(1.23731 0.0205989 0)
(1.22918 0.00800959 0)
(1.22595 -0.00582855 0)
(1.22802 -0.0199979 0)
(1.23542 -0.0336002 0)
(1.2479 -0.0458313 0)
(1.26493 -0.0559764 0)
(1.28581 -0.0634785 0)
(1.30963 -0.0679768 0)
(1.33539 -0.0693368 0)
(1.36192 -0.0676819 0)
(1.38783 -0.0633851 0)
(1.41196 -0.056924 0)
(1.43328 -0.0488238 0)
(1.45104 -0.039654 0)
(1.46477 -0.0299583 0)
(1.4743 -0.0201673 0)
(1.47972 -0.0105583 0)
(1.48121 -0.00133932 0)
(1.47894 0.00715548 0)
(1.47336 0.0145976 0)
(1.465 0.021104 0)
(1.4544 0.0267808 0)
(1.44202 0.0317397 0)
(1.42819 0.0360856 0)
(1.41315 0.0398739 0)
(1.39709 0.0430902 0)
(1.38019 0.0456423 0)
(1.36265 0.0473651 0)
(1.34476 0.0480373 0)
(1.32691 0.0474269 0)
(1.30953 0.0453492 0)
(1.29312 0.0416806 0)
(1.2782 0.0363692 0)
(1.26535 0.0294555 0)
(1.25509 0.0210755 0)
(1.24793 0.0114604 0)
(1.24424 0.000953723 0)
(1.24433 -0.00989053 0)
(1.24826 -0.020377 0)
(1.2559 -0.0299824 0)
(1.26692 -0.0382285 0)
(1.28089 -0.0447133 0)
(1.29722 -0.0491466 0)
(1.31524 -0.0513737 0)
(1.3342 -0.0513936 0)
(1.35321 -0.0493687 0)
(1.37139 -0.0455879 0)
(1.38801 -0.040385 0)
(1.40245 -0.0341166 0)
(1.41424 -0.0271535 0)
(1.42312 -0.0198206 0)
(1.42901 -0.0123582 0)
(1.43193 -0.00493711 0)
(1.43196 0.00223994 0)
(1.42926 0.0088337 0)
(1.42415 0.0147225 0)
(1.41701 0.0199401 0)
(1.4082 0.0244767 0)
(1.39808 0.0283228 0)
(1.38691 0.0314674 0)
(1.37496 0.0338841 0)
(1.36246 0.035528 0)
(1.34966 0.0363358 0)
(1.33681 0.0362289 0)
(1.32421 0.0351419 0)
(1.31215 0.0330402 0)
(1.30094 0.0299183 0)
(1.2909 0.0258076 0)
(1.28234 0.0207823 0)
(1.27556 0.0149519 0)
(1.2708 0.00845748 0)
(1.26829 0.00149387 0)
(1.26818 -0.00563746 0)
(1.27055 -0.0125396 0)
(1.27532 -0.0189186 0)
(1.28235 -0.0245063 0)
(1.29135 -0.0290575 0)
(1.30199 -0.0323806 0)
(1.31383 -0.0343534 0)
(1.32638 -0.0349347 0)
(1.33908 -0.0341819 0)
(1.35136 -0.0322413 0)
(1.36276 -0.0292833 0)
(1.37287 -0.025485 0)
(1.38137 -0.0210446 0)
(1.38805 -0.0161555 0)
(1.39278 -0.0109841 0)
(1.39554 -0.00566802 0)
(1.39634 -0.000359353 0)
(1.39524 0.00471621 0)
(1.39237 0.00936132 0)
(1.38796 0.0135374 0)
(1.38225 0.0171876 0)
(1.37548 0.0202532 0)
(1.36789 0.0226941 0)
(1.3597 0.0244822 0)
(1.35112 0.0255965 0)
(1.34236 0.026021 0)
(1.33364 0.0257471 0)
(1.32517 0.0247783 0)
(1.31714 0.0231314 0)
(1.30977 0.0208385 0)
(1.30323 0.0179495 0)
(1.29772 0.0145332 0)
(1.29339 0.0106713 0)
(1.29038 0.00645597 0)
(1.72198 0.0142925 0)
(1.71053 0.0260802 0)
(1.69358 0.0350053 0)
(1.67319 0.0420138 0)
(1.65108 0.0477359 0)
(1.62828 0.0527161 0)
(1.6052 0.0573889 0)
(1.58191 0.0619795 0)
(1.55822 0.0665241 0)
(1.53391 0.0708863 0)
(1.50885 0.0747471 0)
(1.48309 0.0776358 0)
(1.45693 0.0789972 0)
(1.43095 0.0782837 0)
(1.40579 0.0750411 0)
(1.38219 0.0689228 0)
(1.36101 0.0597279 0)
(1.34317 0.0473968 0)
(1.32959 0.0320424 0)
(1.32105 0.0141126 0)
(1.31811 -0.00546714 0)
(1.32092 -0.0255325 0)
(1.32939 -0.044919 0)
(1.34321 -0.0625489 0)
(1.36182 -0.0775038 0)
(1.38457 -0.0890576 0)
(1.41071 -0.096691 0)
(1.43944 -0.100085 0)
(1.46986 -0.0991302 0)
(1.50099 -0.0939949 0)
(1.53152 -0.0852267 0)
(1.56008 -0.073651 0)
(1.58546 -0.060155 0)
(1.60657 -0.0455895 0)
(1.6227 -0.0307257 0)
(1.63351 -0.0161477 0)
(1.63901 -0.00223248 0)
(1.63937 0.010705 0)
(1.6348 0.0222042 0)
(1.62591 0.0319497 0)
(1.61343 0.0402029 0)
(1.59814 0.0472094 0)
(1.58071 0.0531842 0)
(1.56166 0.0582834 0)
(1.54138 0.062551 0)
(1.5202 0.065893 0)
(1.49848 0.068082 0)
(1.47666 0.0688122 0)
(1.45517 0.0677967 0)
(1.43449 0.0648038 0)
(1.41515 0.0596671 0)
(1.39769 0.0523087 0)
(1.38271 0.0427627 0)
(1.37077 0.0311771 0)
(1.3624 0.0178355 0)
(1.35797 0.00324889 0)
(1.35767 -0.0118259 0)
(1.36149 -0.0265323 0)
(1.36929 -0.040141 0)
(1.38074 -0.0520197 0)
(1.39544 -0.0616463 0)
(1.41286 -0.0686259 0)
(1.43242 -0.0726967 0)
(1.45349 -0.0737308 0)
(1.47542 -0.0717582 0)
(1.49746 -0.0670069 0)
(1.51867 -0.0599171 0)
(1.53821 -0.0510181 0)
(1.55531 -0.0408579 0)
(1.56934 -0.0299703 0)
(1.57987 -0.018832 0)
(1.58669 -0.00780345 0)
(1.58977 0.00284115 0)
(1.58913 0.0128189 0)
(1.5849 0.0217016 0)
(1.57746 0.0292974 0)
(1.56731 0.0357042 0)
(1.55501 0.0409905 0)
(1.54113 0.0451983 0)
(1.52612 0.0483494 0)
(1.51042 0.0504278 0)
(1.4944 0.0513736 0)
(1.47845 0.0510978 0)
(1.46289 0.0495206 0)
(1.44806 0.0465911 0)
(1.4343 0.0422969 0)
(1.42195 0.0366682 0)
(1.41134 0.029789 0)
(1.40276 0.0217962 0)
(1.39651 0.0128761 0)
(1.3928 0.00328999 0)
(1.39176 -0.00659166 0)
(1.39345 -0.0163015 0)
(1.39785 -0.0253795 0)
(1.40482 -0.033458 0)
(1.41415 -0.0402053 0)
(1.42551 -0.0453412 0)
(1.43854 -0.0486572 0)
(1.45285 -0.0500288 0)
(1.46798 -0.0494339 0)
(1.48342 -0.0469688 0)
(1.4985 -0.0428591 0)
(1.51262 -0.0374011 0)
(1.52521 -0.0309104 0)
(1.53583 -0.0237055 0)
(1.54411 -0.0160959 0)
(1.54986 -0.00834066 0)
(1.55302 -0.000650697 0)
(1.55356 0.00675854 0)
(1.55154 0.0135915 0)
(1.54714 0.019553 0)
(1.54066 0.0246242 0)
(1.53249 0.0288088 0)
(1.52304 0.0320855 0)
(1.51267 0.0344355 0)
(1.50173 0.0358505 0)
(1.49054 0.0363274 0)
(1.4794 0.0358703 0)
(1.46858 0.0344881 0)
(1.4583 0.032197 0)
(1.4488 0.0290343 0)
(1.4403 0.0250631 0)
(1.43301 0.0203698 0)
(1.42712 0.0150594 0)
(1.42277 0.00925279 0)
(1.8732 0.0193079 0)
(1.86865 0.0413466 0)
(1.85342 0.0577117 0)
(1.82987 0.0687011 0)
(1.80086 0.0760663 0)
(1.76924 0.0813016 0)
(1.73709 0.0855922 0)
(1.70545 0.0897653 0)
(1.67465 0.0941482 0)
(1.64469 0.0986243 0)
(1.61548 0.102743 0)
(1.58695 0.105796 0)
(1.55919 0.106963 0)
(1.53251 0.105477 0)
(1.5074 0.100735 0)
(1.48457 0.0923012 0)
(1.46479 0.0798462 0)
(1.4489 0.0632631 0)
(1.43768 0.0429299 0)
(1.43158 0.0195624 0)
(1.43081 -0.00573311 0)
(1.43541 -0.0315391 0)
(1.44515 -0.056396 0)
(1.45953 -0.0790031 0)
(1.47799 -0.0983173 0)
(1.4999 -0.11356 0)
(1.52466 -0.124211 0)
(1.55166 -0.130008 0)
(1.58037 -0.130838 0)
(1.6102 -0.126666 0)
(1.64046 -0.117621 0)
(1.67023 -0.10416 0)
(1.69814 -0.0872431 0)
(1.7229 -0.0680432 0)
(1.74339 -0.0476885 0)
(1.75872 -0.027165 0)
(1.76839 -0.00727266 0)
(1.77228 0.0113895 0)
(1.77043 0.02834 0)
(1.76304 0.0430375 0)
(1.75078 0.0551843 0)
(1.73453 0.0651507 0)
(1.7153 0.0733177 0)
(1.69399 0.0799882 0)
(1.67134 0.0853362 0)
(1.64795 0.0893184 0)
(1.62442 0.0916887 0)
(1.60118 0.0921423 0)
(1.5787 0.0903788 0)
(1.55742 0.0861323 0)
(1.53784 0.0792048 0)
(1.52049 0.0694796 0)
(1.5059 0.0569384 0)
(1.49458 0.0417723 0)
(1.48693 0.0244799 0)
(1.48315 0.00576546 0)
(1.48331 -0.0134755 0)
(1.48731 -0.0322359 0)
(1.49496 -0.0496549 0)
(1.50593 -0.0649899 0)
(1.51985 -0.0776095 0)
(1.53623 -0.0870397 0)
(1.5546 -0.0930363 0)
(1.57446 -0.0955073 0)
(1.59533 -0.0944436 0)
(1.61669 -0.0899176 0)
(1.63796 -0.0821535 0)
(1.65838 -0.0716056 0)
(1.6771 -0.058954 0)
(1.69341 -0.0448739 0)
(1.70671 -0.0300135 0)
(1.71652 -0.0149632 0)
(1.72259 -0.00023344 0)
(1.72482 0.0137453 0)
(1.72317 0.0266074 0)
(1.7177 0.0379359 0)
(1.70873 0.047384 0)
(1.69677 0.0550134 0)
(1.68247 0.0609263 0)
(1.66652 0.0651958 0)
(1.64954 0.0678606 0)
(1.63212 0.0689228 0)
(1.61479 0.0683575 0)
(1.59795 0.0661254 0)
(1.58198 0.06219 0)
(1.56722 0.056546 0)
(1.55402 0.0492436 0)
(1.54267 0.0403772 0)
(1.53346 0.030096 0)
(1.52664 0.0186387 0)
(1.52235 0.00635977 0)
(1.52068 -0.00627538 0)
(1.52163 -0.0187494 0)
(1.52517 -0.0305621 0)
(1.53118 -0.0412302 0)
(1.53949 -0.0503016 0)
(1.54984 -0.0574424 0)
(1.56192 -0.0624332 0)
(1.5754 -0.0651427 0)
(1.58993 -0.0654977 0)
(1.60512 -0.0634842 0)
(1.62056 -0.059183 0)
(1.63574 -0.0528068 0)
(1.65004 -0.0447439 0)
(1.66288 -0.0354308 0)
(1.67377 -0.0252921 0)
(1.68233 -0.0147321 0)
(1.68829 -0.00413262 0)
(1.69152 0.00616145 0)
(1.69198 0.0158507 0)
(1.68965 0.0246393 0)
(1.68464 0.0321607 0)
(1.67726 0.0382466 0)
(1.66792 0.0429226 0)
(1.65709 0.0462229 0)
(1.64527 0.0481707 0)
(1.63292 0.0487951 0)
(1.62045 0.0481478 0)
(1.60825 0.046297 0)
(1.59662 0.0432954 0)
(1.5858 0.0391909 0)
(1.57605 0.0340558 0)
(1.56757 0.0279925 0)
(1.56055 0.0211285 0)
(1.55515 0.0136203 0)
(1.98773 0.0120039 0)
(1.99434 0.045975 0)
(1.98922 0.0745545 0)
(1.97201 0.0960496 0)
(1.94457 0.109853 0)
(1.90982 0.117969 0)
(1.87129 0.122649 0)
(1.83216 0.125768 0)
(1.79425 0.128531 0)
(1.75841 0.131286 0)
(1.72502 0.133732 0)
(1.69417 0.135157 0)
(1.66587 0.134624 0)
(1.64017 0.131185 0)
(1.61729 0.124019 0)
(1.59762 0.112457 0)
(1.58178 0.0961639 0)
(1.5702 0.0751737 0)
(1.56315 0.049936 0)
(1.56082 0.0213889 0)
(1.56327 -0.00914344 0)
(1.5704 -0.0400185 0)
(1.58183 -0.0694073 0)
(1.597 -0.0959537 0)
(1.61537 -0.118627 0)
(1.63637 -0.136654 0)
(1.65945 -0.149523 0)
(1.68406 -0.156952 0)
(1.70961 -0.15886 0)
(1.73559 -0.155313 0)
(1.7616 -0.146446 0)
(1.7872 -0.13252 0)
(1.81188 -0.114033 0)
(1.83484 -0.0918389 0)
(1.85494 -0.0672909 0)
(1.87112 -0.0416423 0)
(1.88253 -0.015993 0)
(1.88862 0.00867531 0)
(1.88917 0.0315436 0)
(1.88413 0.0519722 0)
(1.87363 0.0693853 0)
(1.85834 0.08346 0)
(1.83919 0.0945661 0)
(1.81734 0.103159 0)
(1.7939 0.109551 0)
(1.76994 0.113814 0)
(1.74619 0.115868 0)
(1.7232 0.115525 0)
(1.70141 0.112519 0)
(1.68124 0.106574 0)
(1.66313 0.0974392 0)
(1.64752 0.0849614 0)
(1.63485 0.069256 0)
(1.62537 0.0506351 0)
(1.61924 0.0296552 0)
(1.61661 0.0071166 0)
(1.61755 -0.0159312 0)
(1.62199 -0.0382956 0)
(1.62971 -0.0590414 0)
(1.6404 -0.0773497 0)
(1.65367 -0.0925456 0)
(1.66909 -0.104124 0)
(1.6862 -0.111766 0)
(1.70446 -0.115343 0)
(1.72337 -0.114905 0)
(1.74249 -0.110567 0)
(1.7614 -0.102511 0)
(1.77965 -0.0910624 0)
(1.79676 -0.076733 0)
(1.81212 -0.0602663 0)
(1.82509 -0.0424677 0)
(1.8352 -0.0240206 0)
(1.84209 -0.00557841 0)
(1.84557 0.0122471 0)
(1.84555 0.0289251 0)
(1.84204 0.0440106 0)
(1.83509 0.0571119 0)
(1.82496 0.067852 0)
(1.81218 0.0761091 0)
(1.79735 0.0819731 0)
(1.78115 0.0855401 0)
(1.76427 0.0868727 0)
(1.7473 0.0860275 0)
(1.73076 0.0830614 0)
(1.71507 0.0780069 0)
(1.70062 0.0708957 0)
(1.68774 0.0617929 0)
(1.67673 0.0508237 0)
(1.66781 0.0382021 0)
(1.66116 0.0242473 0)
(1.6569 0.00939462 0)
(1.65512 -0.00582429 0)
(1.65581 -0.0208377 0)
(1.6589 -0.0350837 0)
(1.66425 -0.0480365 0)
(1.67169 -0.0592238 0)
(1.68097 -0.0682439 0)
(1.69183 -0.0747839 0)
(1.70388 -0.0786511 0)
(1.71679 -0.079816 0)
(1.73025 -0.0783051 0)
(1.74395 -0.0741727 0)
(1.75756 -0.0675555 0)
(1.77073 -0.0587073 0)
(1.78304 -0.0480098 0)
(1.79399 -0.0359992 0)
(1.80314 -0.0231764 0)
(1.81016 -0.0100111 0)
(1.81484 0.00302394 0)
(1.81705 0.0154858 0)
(1.81677 0.0269947 0)
(1.81401 0.0372377 0)
(1.8088 0.045918 0)
(1.80139 0.0527323 0)
(1.79214 0.0575797 0)
(1.78148 0.0605339 0)
(1.76987 0.0616804 0)
(1.75779 0.0610966 0)
(1.74565 0.058883 0)
(1.73389 0.0551642 0)
(1.72283 0.0500601 0)
(1.71278 0.0436941 0)
(1.70398 0.0362033 0)
(1.69662 0.0277468 0)
(1.69086 0.0185191 0)
(2.07634 -0.00524383 0)
(2.09044 0.0398134 0)
(2.09494 0.0799373 0)
(2.08871 0.11374 0)
(2.07057 0.139617 0)
(2.04155 0.156097 0)
(2.00417 0.164829 0)
(1.96215 0.168476 0)
(1.91963 0.169415 0)
(1.8791 0.169163 0)
(1.84187 0.168151 0)
(1.80861 0.166011 0)
(1.77951 0.161958 0)
(1.75455 0.155029 0)
(1.73367 0.144185 0)
(1.71701 0.128609 0)
(1.70479 0.108089 0)
(1.6968 0.0826743 0)
(1.69299 0.0529427 0)
(1.69333 0.0198908 0)
(1.69782 -0.0151081 0)
(1.70633 -0.0501824 0)
(1.71847 -0.0833143 0)
(1.73382 -0.113116 0)
(1.75182 -0.138464 0)
(1.77187 -0.158569 0)
(1.79338 -0.172957 0)
(1.81595 -0.181378 0)
(1.83917 -0.183734 0)
(1.86244 -0.180092 0)
(1.88527 -0.170669 0)
(1.90718 -0.155825 0)
(1.92773 -0.136119 0)
(1.94662 -0.112223 0)
(1.96344 -0.0849372 0)
(1.9775 -0.0554266 0)
(1.9879 -0.0251626 0)
(1.99403 0.00466719 0)
(1.9955 0.0329624 0)
(1.99209 0.0587939 0)
(1.98373 0.0814433 0)
(1.97052 0.100368 0)
(1.95305 0.115227 0)
(1.93237 0.126183 0)
(1.90971 0.133655 0)
(1.88644 0.137962 0)
(1.86353 0.139343 0)
(1.84165 0.137832 0)
(1.82128 0.133247 0)
(1.80279 0.125293 0)
(1.7866 0.113728 0)
(1.77301 0.0985276 0)
(1.76216 0.079834 0)
(1.75414 0.0580388 0)
(1.74911 0.0337477 0)
(1.74721 0.00777275 0)
(1.74859 -0.0187636 0)
(1.75327 -0.0444903 0)
(1.76107 -0.068349 0)
(1.77163 -0.0893925 0)
(1.78446 -0.10686 0)
(1.79902 -0.12022 0)
(1.81486 -0.12916 0)
(1.8316 -0.133544 0)
(1.84878 -0.133406 0)
(1.86595 -0.128911 0)
(1.88273 -0.120274 0)
(1.89871 -0.107873 0)
(1.9135 -0.0922257 0)
(1.92678 -0.0739237 0)
(1.93814 -0.0536794 0)
(1.94708 -0.0324008 0)
(1.95328 -0.0108615 0)
(1.95655 0.010228 0)
(1.9568 0.0302233 0)
(1.95407 0.0485508 0)
(1.94846 0.0647211 0)
(1.94013 0.078348 0)
(1.92932 0.089133 0)
(1.91648 0.0968922 0)
(1.90222 0.10162 0)
(1.88713 0.103473 0)
(1.87175 0.102599 0)
(1.8566 0.0990934 0)
(1.84217 0.093038 0)
(1.82887 0.0845384 0)
(1.81704 0.073746 0)
(1.80693 0.0608649 0)
(1.79868 0.046161 0)
(1.79241 0.0299668 0)
(1.78827 0.0127072 0)
(1.78641 -0.00499799 0)
(1.78689 -0.0224689 0)
(1.78965 -0.0390735 0)
(1.79458 -0.0542023 0)
(1.80141 -0.0673083 0)
(1.80986 -0.077949 0)
(1.8196 -0.0858048 0)
(1.83036 -0.0906756 0)
(1.84185 -0.092489 0)
(1.85371 -0.0912917 0)
(1.86569 -0.0871676 0)
(1.87749 -0.0802603 0)
(1.8888 -0.0708405 0)
(1.89937 -0.0592543 0)
(1.90893 -0.0459038 0)
(1.91714 -0.0313145 0)
(1.92365 -0.0161349 0)
(1.92825 -0.000894151 0)
(1.93081 0.0138891 0)
(1.9313 0.0277402 0)
(1.92975 0.0402397 0)
(1.92626 0.0510463 0)
(1.92092 0.0598991 0)
(1.91387 0.066584 0)
(1.90537 0.0709399 0)
(1.89582 0.0729825 0)
(1.88555 0.0728672 0)
(1.87494 0.0707149 0)
(1.86437 0.0666443 0)
(1.85419 0.0608109 0)
(1.84476 0.0533993 0)
(1.83634 0.0446054 0)
(1.82914 0.0346391 0)
(1.82333 0.0237657 0)
)
;

boundaryField
{
    inlet
    {
        type            fixedValue;
        value           nonuniform List<vector> 0();
    }
    outlet
    {
        type            zeroGradient;
    }
    topWall
    {
        type            noSlip;
    }
    lowerWall
    {
        type            noSlip;
    }
    leadingEdge
    {
        type            noSlip;
    }
    trailingEdge
    {
        type            noSlip;
    }
    upperSurface
    {
        type            noSlip;
    }
    lowerSurface
    {
        type            noSlip;
    }
    frontAndBack
    {
        type            empty;
    }
    procBoundary2to1
    {
        type            processor;
        value           nonuniform List<vector> 
15
(
(2.12749 -0.0784612 0)
(2.19036 -0.0976389 0)
(2.23527 -0.110844 0)
(2.25532 -0.11866 0)
(2.2536 -0.121726 0)
(0.168661 -0.000880665 0)
(0.433323 -0.00320573 0)
(0.726647 -0.00545521 0)
(1.03927 -0.00632845 0)
(1.32307 -0.00612786 0)
(1.54363 -0.00520012 0)
(1.72586 -0.000976789 0)
(1.86632 -0.00674752 0)
(1.97008 -0.0262003 0)
(2.05402 -0.053088 0)
)
;
    }
    procBoundary2to3
    {
        type            processor;
        value           nonuniform List<vector> 
15
(
(1.94113 0.0158588 0)
(2.0479 0.019237 0)
(2.13326 0.0217615 0)
(2.19698 0.0233778 0)
(2.23185 0.0242191 0)
(0.143713 0.000213108 0)
(0.437143 0.000470138 0)
(0.704312 0.000591819 0)
(0.940161 0.000999566 0)
(1.13562 0.00151699 0)
(1.2888 0.00200034 0)
(1.42009 0.00310016 0)
(1.55147 0.00566679 0)
(1.68679 0.0087697 0)
(1.81907 0.0123075 0)
)
;
    }
    procBoundary2to6
    {
        type            processor;
        value           nonuniform List<vector> 
126
(
(2.21325 -0.0665268 0)
(2.21457 -0.0102005 0)
(2.21803 0.0471372 0)
(2.22283 0.103018 0)
(2.22838 0.155461 0)
(2.23425 0.202301 0)
(2.24024 0.241412 0)
(2.24636 0.270927 0)
(2.2522 0.289904 0)
(2.25665 0.299346 0)
(2.25951 0.302051 0)
(2.26158 0.298605 0)
(2.26302 0.283626 0)
(2.26407 0.259548 0)
(2.26485 0.228233 0)
(2.26555 0.191101 0)
(2.26587 0.149283 0)
(2.26594 0.103788 0)
(2.26559 0.0556578 0)
(2.26464 0.00637606 0)
(2.26309 -0.0420035 0)
(2.26115 -0.0881613 0)
(2.25906 -0.130943 0)
(2.25692 -0.169118 0)
(2.25515 -0.2013 0)
(2.25403 -0.226092 0)
(2.25368 -0.242626 0)
(2.25402 -0.251257 0)
(2.2544 -0.253857 0)
(2.25447 -0.252635 0)
(2.25407 -0.241389 0)
(2.25301 -0.222076 0)
(2.2514 -0.19603 0)
(2.24967 -0.164088 0)
(2.24829 -0.127327 0)
(2.24738 -0.0869606 0)
(2.24672 -0.0442384 0)
(2.24582 -0.00080376 0)
(2.24442 0.0414718 0)
(2.24255 0.0812633 0)
(2.24041 0.117343 0)
(2.23832 0.148596 0)
(2.23662 0.174042 0)
(2.23569 0.192948 0)
(2.23563 0.205151 0)
(2.2361 0.211269 0)
(2.23687 0.212859 0)
(2.23822 0.210171 0)
(2.2403 0.200124 0)
(2.24306 0.183954 0)
(2.24639 0.162227 0)
(2.24971 0.135534 0)
(2.25291 0.104735 0)
(2.25566 0.0708222 0)
(2.25705 0.0348308 0)
(2.25745 -0.00165126 0)
(2.25713 -0.0369951 0)
(2.25563 -0.0700848 0)
(2.2529 -0.0999347 0)
(2.2497 -0.125759 0)
(2.24625 -0.14685 0)
(2.24297 -0.162545 0)
(2.24029 -0.172601 0)
(2.2387 -0.177467 0)
(2.23776 -0.178559 0)
(2.23688 -0.176434 0)
(2.23591 -0.167417 0)
(2.23514 -0.153428 0)
(2.23456 -0.135096 0)
(2.23422 -0.112829 0)
(2.23427 -0.0871322 0)
(2.23474 -0.0585595 0)
(2.23551 -0.0277884 0)
(2.23623 0.0038445 0)
(2.23656 0.0345601 0)
(2.23633 0.0632644 0)
(2.23559 0.0889037 0)
(2.23449 0.110543 0)
(2.23326 0.127508 0)
(2.23219 0.139335 0)
(2.23148 0.146142 0)
(2.23109 0.1488 0)
(2.2309 0.14902 0)
(2.23104 0.145507 0)
(2.23161 0.136588 0)
(2.23246 0.123804 0)
(2.23357 0.107605 0)
(2.23499 0.0884923 0)
(2.23675 0.066958 0)
(2.2387 0.043482 0)
(2.24046 0.0186448 0)
(2.24166 -0.00658164 0)
(2.24209 -0.0310647 0)
(2.24212 -0.0539282 0)
(2.24163 -0.0743569 0)
(2.24048 -0.0916419 0)
(2.23903 -0.105211 0)
(2.2375 -0.114704 0)
(2.23636 -0.120188 0)
(2.23564 -0.122298 0)
(2.2351 -0.122359 0)
(2.23445 -0.119094 0)
(2.23374 -0.111461 0)
(2.23314 -0.100588 0)
(2.23267 -0.0869012 0)
(2.23229 -0.0708688 0)
(2.232 -0.0529086 0)
(2.23179 -0.0333888 0)
(2.23159 -0.0127811 0)
(2.23132 0.00799815 0)
(2.23095 0.0280174 0)
(2.23051 0.0465812 0)
(2.23003 0.0630286 0)
(2.22957 0.0767302 0)
(2.22923 0.0871785 0)
(2.22905 0.0941589 0)
(2.22902 0.0978973 0)
(2.22905 0.0991071 0)
(2.22916 0.0988709 0)
(2.22947 0.0952686 0)
(2.22997 0.0884932 0)
(2.23055 0.0791754 0)
(2.23121 0.0676516 0)
(2.23121 0.0676516 0)
(2.21439 0.0534518 0)
(2.21604 0.0387663 0)
)
;
    }
    procBoundary2to7
    {
        type            processor;
        value           uniform (2.23326 0.0238445 0);
    }
}


// ************************************************************************* //
