/*--------------------------------*- C++ -*----------------------------------*\
| =========                 |                                                 |
| \\      /  F ield         | OpenFOAM: The Open Source CFD Toolbox           |
|  \\    /   O peration     | Version:  2206                                  |
|   \\  /    A nd           | Website:  www.openfoam.com                      |
|    \\/     M anipulation  |                                                 |
\*---------------------------------------------------------------------------*/
FoamFile
{
    version     2.0;
    format      ascii;
    arch        "LSB;label=32;scalar=64";
    class       volScalarField;
    location    "18.3";
    object      p;
}
// * * * * * * * * * * * * * * * * * * * * * * * * * * * * * * * * * * * * * //

dimensions      [0 2 -2 0 0 0 0];

internalField   nonuniform List<scalar> 
4810
(
-0.158522
-0.151736
-0.144609
-0.137556
-0.130972
-0.125179
-0.120423
-0.116917
-0.114886
-0.114568
-0.116164
-0.12046
-0.126382
-0.133538
-0.142999
-0.153786
-0.165299
-0.176889
-0.187757
-0.197074
-0.204069
-0.208116
-0.208887
-0.206411
-0.200887
-0.192742
-0.182531
-0.170871
-0.158383
-0.14563
-0.133084
-0.121099
-0.109838
-0.0992286
-0.0896389
-0.0817801
-0.0754435
-0.0703208
-0.0663773
-0.0635318
-0.0616581
-0.0606125
-0.0602335
-0.0603494
-0.0607884
-0.0613903
-0.0620159
-0.0625565
-0.0629461
-0.0631053
-0.0630268
-0.0627642
-0.0623888
-0.0619242
-0.0614658
-0.0611359
-0.0610378
-0.0612808
-0.0619714
-0.0632052
-0.0650595
-0.0675527
-0.0706989
-0.0752392
-0.0804334
-0.0855298
-0.0913206
-0.0973566
-0.103342
-0.109029
-0.114134
-0.118379
-0.121516
-0.123339
-0.1237
-0.122582
-0.120019
-0.116119
-0.11105
-0.105016
-0.0982495
-0.0909948
-0.0834899
-0.0759526
-0.0685746
-0.0615291
-0.0549632
-0.0487228
-0.0426662
-0.0377206
-0.0337446
-0.0303711
-0.0276227
-0.0254938
-0.0239163
-0.0228144
-0.0221082
-0.0217146
-0.0215414
-0.0215121
-0.021572
-0.0216767
-0.0218488
-0.0220333
-0.0222417
-0.0225036
-0.0228495
-0.0233217
-0.0239694
-0.02484
-0.0259743
-0.0274123
-0.0291821
-0.0312924
-0.0338893
-0.0373203
-0.0410118
-0.0445576
-0.0483146
-0.0522213
-0.0560881
-0.059771
-0.0631194
-0.0659773
-0.068201
-0.0696662
-0.070274
-0.0699694
-0.0687892
-0.0667513
-0.0639373
-0.0604559
-0.0564356
-0.0520209
-0.0473627
-0.0426103
-0.0379028
-0.0333715
-0.178287
-0.170089
-0.161462
-0.152876
-0.14475
-0.137457
-0.131294
-0.126463
-0.123112
-0.121477
-0.121704
-0.124135
-0.12875
-0.135658
-0.143869
-0.15348
-0.163955
-0.174593
-0.184637
-0.193303
-0.199857
-0.203704
-0.204489
-0.202294
-0.197256
-0.189762
-0.180331
-0.169543
-0.157983
-0.146187
-0.134611
-0.12361
-0.113415
-0.103999
-0.0953167
-0.088153
-0.0826934
-0.0784989
-0.0754773
-0.0735617
-0.0726191
-0.0724913
-0.072999
-0.0739478
-0.0751409
-0.0763913
-0.0775261
-0.0784114
-0.079071
-0.0793285
-0.0789275
-0.0782022
-0.0773607
-0.0761894
-0.0748295
-0.0734817
-0.072251
-0.0712708
-0.0706767
-0.0705729
-0.0710341
-0.0721287
-0.073902
-0.0768793
-0.0803007
-0.0839699
-0.0884222
-0.093132
-0.0978855
-0.102465
-0.106611
-0.110073
-0.112624
-0.114073
-0.114287
-0.113241
-0.110953
-0.107506
-0.103042
-0.0977366
-0.09179
-0.0854168
-0.0788265
-0.0722143
-0.0657557
-0.0596068
-0.0539234
-0.0487247
-0.0435641
-0.0393547
-0.0362274
-0.0335843
-0.0315116
-0.0300207
-0.0290362
-0.028472
-0.0282409
-0.0282528
-0.0283816
-0.0285675
-0.0287693
-0.0289348
-0.0290827
-0.0291539
-0.0291717
-0.0291738
-0.0292014
-0.0293073
-0.0295485
-0.0299787
-0.0306443
-0.0315937
-0.0328602
-0.0344486
-0.0364932
-0.039408
-0.0425855
-0.045652
-0.0489725
-0.0524712
-0.0559757
-0.0593504
-0.0624483
-0.0651191
-0.0672231
-0.0686388
-0.0692693
-0.0690573
-0.0680355
-0.0662122
-0.0636602
-0.0604813
-0.0567964
-0.0527435
-0.0484674
-0.0441128
-0.0398197
-0.0357207
-0.197324
-0.187492
-0.177148
-0.166838
-0.157023
-0.14807
-0.140277
-0.133861
-0.129008
-0.125985
-0.124696
-0.125232
-0.12893
-0.134773
-0.141555
-0.149854
-0.159108
-0.168609
-0.17766
-0.18553
-0.191536
-0.19512
-0.195948
-0.194096
-0.189657
-0.18298
-0.174535
-0.164851
-0.15447
-0.143892
-0.133547
-0.123779
-0.114844
-0.106837
-0.0995682
-0.0933567
-0.0888964
-0.0858841
-0.0840373
-0.0832898
-0.083509
-0.0845218
-0.0861272
-0.0881056
-0.0902238
-0.0922593
-0.0940139
-0.0953244
-0.0961067
-0.0964088
-0.0957909
-0.0946141
-0.093222
-0.09119
-0.0888293
-0.0863282
-0.0838088
-0.0814227
-0.0793239
-0.0776551
-0.076528
-0.0760116
-0.0762644
-0.0774348
-0.0789991
-0.0815074
-0.0843764
-0.0876177
-0.0910528
-0.0944452
-0.0975661
-0.100191
-0.102111
-0.103155
-0.103199
-0.102215
-0.100201
-0.097219
-0.093385
-0.0888449
-0.0837694
-0.0783451
-0.0727513
-0.067158
-0.0617313
-0.0565923
-0.0518819
-0.0476899
-0.0436663
-0.0402583
-0.038361
-0.0364891
-0.0351895
-0.0344571
-0.0341897
-0.0342164
-0.0344916
-0.0349718
-0.0354586
-0.0359113
-0.0362939
-0.0365362
-0.0366539
-0.0366015
-0.0364088
-0.0361178
-0.0357793
-0.0354568
-0.0352197
-0.0351372
-0.0352678
-0.0356694
-0.0363768
-0.0373865
-0.0388049
-0.0411259
-0.0436469
-0.0461419
-0.0489742
-0.0519889
-0.055054
-0.0580472
-0.0608257
-0.0632472
-0.0651785
-0.0665024
-0.0671247
-0.0669848
-0.0661128
-0.0645069
-0.0622308
-0.0593784
-0.0560634
-0.052415
-0.0485705
-0.04467
-0.0408524
-0.037247
-0.21492
-0.20327
-0.191024
-0.178801
-0.167123
-0.156387
-0.146882
-0.138842
-0.132514
-0.127985
-0.125079
-0.124308
-0.126674
-0.130789
-0.136294
-0.143235
-0.151143
-0.159397
-0.167347
-0.174323
-0.179703
-0.18298
-0.183845
-0.18236
-0.178586
-0.172828
-0.165508
-0.157099
-0.14809
-0.138938
-0.130037
-0.121707
-0.114204
-0.10771
-0.102159
-0.0972909
-0.0939267
-0.0922656
-0.0918417
-0.0925038
-0.0941203
-0.0965022
-0.0994073
-0.10257
-0.105732
-0.108647
-0.11109
-0.112877
-0.113887
-0.114052
-0.113303
-0.111721
-0.109438
-0.106481
-0.103023
-0.0992479
-0.0953363
-0.091459
-0.0877648
-0.0843898
-0.0815118
-0.0792581
-0.0776152
-0.0766045
-0.0769478
-0.0780539
-0.0792576
-0.0810056
-0.0830806
-0.0852484
-0.0873166
-0.0890845
-0.090357
-0.0909726
-0.090824
-0.0898881
-0.0881439
-0.085629
-0.0824346
-0.0786797
-0.0745035
-0.0700588
-0.0654943
-0.0609627
-0.0566079
-0.0525342
-0.0488598
-0.0456793
-0.0429508
-0.0407261
-0.0398155
-0.0389717
-0.0386312
-0.0386439
-0.0390521
-0.0398166
-0.040712
-0.041682
-0.0426032
-0.0433776
-0.0439446
-0.0442617
-0.0443338
-0.0441433
-0.0437242
-0.0431256
-0.0424052
-0.04163
-0.0408762
-0.0402248
-0.0397516
-0.0395346
-0.039627
-0.0400399
-0.0408397
-0.0425307
-0.0441224
-0.0460298
-0.0483272
-0.050804
-0.053378
-0.0559349
-0.05834
-0.0604618
-0.0621747
-0.0633672
-0.0639483
-0.0638577
-0.0631223
-0.0617305
-0.0597369
-0.0572282
-0.0543094
-0.0510983
-0.0477234
-0.0443209
-0.0410251
-0.0379598
-0.122911
-0.121126
-0.121732
-0.124293
-0.128497
-0.134058
-0.140566
-0.147515
-0.154311
-0.160343
-0.165056
-0.167997
-0.168887
-0.167775
-0.164697
-0.15991
-0.153784
-0.146737
-0.1392
-0.131582
-0.12424
-0.117469
-0.11151
-0.106579
-0.102792
-0.0997868
-0.0976757
-0.0974345
-0.0987333
-0.101065
-0.104266
-0.108154
-0.112465
-0.116917
-0.121238
-0.125152
-0.128398
-0.13075
-0.132038
-0.132157
-0.131109
-0.128924
-0.125716
-0.12163
-0.116859
-0.111618
-0.106129
-0.100607
-0.0952526
-0.0902067
-0.0856645
-0.0818684
-0.0785365
-0.0753388
-0.0739271
-0.0732236
-0.0729825
-0.0733847
-0.0741755
-0.0751549
-0.0761795
-0.0770989
-0.0777368
-0.0779285
-0.0775746
-0.0766684
-0.0751795
-0.0731106
-0.0705253
-0.0675256
-0.0642258
-0.0607492
-0.0572301
-0.053806
-0.050584
-0.0476857
-0.0452115
-0.0432066
-0.0416724
-0.040952
-0.0406149
-0.0407834
-0.0413486
-0.0422714
-0.0435757
-0.0451793
-0.0467946
-0.0483216
-0.0496816
-0.0507668
-0.0515117
-0.051907
-0.0519211
-0.051569
-0.0508952
-0.0499585
-0.0488303
-0.0475898
-0.0463214
-0.0451083
-0.0440367
-0.0431748
-0.0425809
-0.0423102
-0.0424947
-0.0432933
-0.0439777
-0.045421
-0.0471047
-0.0489935
-0.0510355
-0.0531142
-0.055109
-0.0568969
-0.0583596
-0.0593918
-0.0599063
-0.0598438
-0.0592257
-0.0580367
-0.0563228
-0.0541624
-0.0516482
-0.0488886
-0.0460058
-0.0431283
-0.0403807
-0.0378783
0.150485
0.159379
0.167481
0.174827
0.181378
0.187149
0.192193
0.196543
0.200224
0.203267
0.2057
0.207549
0.208831
0.209557
0.209746
0.209416
0.208553
0.207158
0.205413
0.20342
0.201152
0.198624
0.195922
0.193142
0.190298
0.187395
0.184391
0.18124
0.17791
0.174327
0.170306
0.165509
0.159934
0.153216
0.144975
0.134809
0.122237
0.106839
0.0883197
0.0664945
0.0413134
0.0130047
-0.0179144
-0.0507432
-0.0846146
-0.118231
-0.150028
-0.180226
-0.20528
-0.224907
-0.237799
-0.242839
-0.239284
-0.229046
-0.211294
-0.187275
-0.158708
-0.127466
-0.0950191
-0.0626945
-0.031696
-0.00287802
0.0233567
0.0467652
0.0672872
0.0849255
0.0997725
0.112034
0.121945
0.129746
0.135683
0.139989
0.142886
0.144632
0.145462
0.145552
0.144961
0.143823
0.142273
0.140449
0.13841
0.136199
0.133772
0.131085
0.128072
0.124568
0.120308
0.115275
0.109014
0.101256
0.091694
0.0800195
0.06595
0.0492733
0.0299527
0.00820107
-0.0155059
-0.0404453
-0.0657136
-0.090228
-0.112847
-0.132617
-0.148917
-0.161269
-0.169422
-0.172868
-0.17143
-0.166389
-0.157226
-0.144578
-0.128707
-0.111087
-0.0921434
-0.0725864
-0.053018
-0.0339334
-0.0157095
0.00138612
0.0171826
0.0315886
0.0445415
0.0560212
0.0660648
0.0747287
0.082076
0.0881704
0.0931094
0.0970504
0.100106
0.102352
0.103788
0.104426
0.104343
0.103729
0.102742
0.101323
0.0994893
0.148331
0.157324
0.165531
0.172965
0.179631
0.185539
0.190705
0.195158
0.198933
0.202062
0.204577
0.206501
0.207865
0.208694
0.20901
0.208832
0.20815
0.206988
0.205428
0.20354
0.201284
0.198677
0.196102
0.193397
0.190523
0.1876
0.184564
0.181382
0.178086
0.174642
0.170941
0.166852
0.161905
0.155795
0.148067
0.13828
0.125994
0.110727
0.0920472
0.0697124
0.0437332
0.0144021
-0.0176916
-0.0517074
-0.0865682
-0.121295
-0.154787
-0.185688
-0.21212
-0.232898
-0.246664
-0.252249
-0.249338
-0.23749
-0.218392
-0.193145
-0.163385
-0.130945
-0.0974963
-0.0644504
-0.0328988
-0.00358091
0.0230451
0.0467198
0.0673783
0.0850706
0.0999322
0.112186
0.122092
0.129903
0.135867
0.140226
0.143195
0.144994
0.145836
0.145875
0.145192
0.144028
0.142578
0.140787
0.138699
0.136514
0.134106
0.13147
0.128565
0.125266
0.121478
0.116808
0.110994
0.103654
0.0944467
0.0829912
0.0689113
0.0519477
0.0320712
0.00954084
-0.0151095
-0.041041
-0.0671495
-0.0923563
-0.115734
-0.13637
-0.153407
-0.166245
-0.174544
-0.17808
-0.176979
-0.170929
-0.161048
-0.147744
-0.131582
-0.113451
-0.0940595
-0.0741025
-0.0541873
-0.034818
-0.0163663
0.000911316
0.0168414
0.0313316
0.0443398
0.0558672
0.0659568
0.0746754
0.0820966
0.0882938
0.093356
0.0974014
0.100532
0.102805
0.104248
0.10484
0.104793
0.104352
0.103391
0.101946
0.100093
0.144698
0.153688
0.161916
0.169392
0.176118
0.182106
0.187377
0.191957
0.195873
0.199158
0.201851
0.203982
0.205569
0.206626
0.207168
0.207204
0.20673
0.205759
0.204306
0.202502
0.200435
0.198132
0.195556
0.192978
0.190371
0.187672
0.184866
0.181872
0.178614
0.175032
0.171037
0.166491
0.161174
0.154822
0.147049
0.137414
0.125355
0.110224
0.0914602
0.0687069
0.0419163
0.0114523
-0.0219277
-0.0572808
-0.0935766
-0.129652
-0.164258
-0.196043
-0.223496
-0.245152
-0.259553
-0.265464
-0.262258
-0.249856
-0.229412
-0.202493
-0.170971
-0.136844
-0.10195
-0.0677803
-0.0353815
-0.00542158
0.0216673
0.0456676
0.0665531
0.0844174
0.0994347
0.111809
0.121773
0.129595
0.135544
0.139866
0.142799
0.144547
0.145322
0.145317
0.144718
0.143591
0.142002
0.140281
0.138413
0.136332
0.134026
0.131479
0.128601
0.125268
0.121319
0.116501
0.110578
0.103159
0.0939141
0.0824885
0.0684552
0.0513935
0.0310909
0.00780167
-0.01782
-0.0448086
-0.0719408
-0.0979843
-0.121842
-0.142628
-0.159684
-0.172537
-0.180826
-0.184312
-0.183003
-0.176956
-0.166678
-0.152802
-0.136075
-0.117337
-0.0973798
-0.0769147
-0.0565538
-0.0368106
-0.0180582
-0.00051922
0.0156606
0.0303613
0.043531
0.0551889
0.0653872
0.0741916
0.0816699
0.087905
0.0929806
0.0969798
0.10002
0.10219
0.10361
0.104315
0.104338
0.103891
0.102934
0.101513
0.0996489
0.138739
0.14772
0.155972
0.163513
0.170345
0.176472
0.181904
0.186662
0.19077
0.194262
0.197177
0.19955
0.20137
0.202632
0.203389
0.203661
0.203465
0.202795
0.201672
0.200142
0.198245
0.196052
0.193678
0.191273
0.188717
0.185876
0.182893
0.17977
0.176464
0.17299
0.169278
0.165074
0.159976
0.153564
0.145516
0.135496
0.123004
0.107513
0.0884249
0.0651896
0.0376889
0.00636397
-0.0279461
-0.064294
-0.101609
-0.138576
-0.174022
-0.206645
-0.234991
-0.25752
-0.272573
-0.278531
-0.274878
-0.261489
-0.239676
-0.211117
-0.177939
-0.14232
-0.106215
-0.0711595
-0.0381571
-0.00780803
0.019496
0.0435741
0.0644335
0.0822042
0.0970889
0.109333
0.119201
0.126972
0.132933
0.137339
0.140405
0.142327
0.143287
0.143445
0.142953
0.141941
0.140555
0.138813
0.136871
0.134619
0.132257
0.129664
0.126728
0.123365
0.119415
0.114624
0.108675
0.101193
0.0918173
0.0802008
0.0659556
0.0486691
0.0281078
0.00463591
-0.0211197
-0.0484275
-0.0759673
-0.10246
-0.126689
-0.147751
-0.164994
-0.177949
-0.186252
-0.189634
-0.18813
-0.181875
-0.171272
-0.157
-0.139891
-0.1208
-0.100547
-0.0798456
-0.0593008
-0.0394507
-0.0206493
-0.00309434
0.0130706
0.0277313
0.0408715
0.0524992
0.0626994
0.0715663
0.0791239
0.0854638
0.090678
0.0948434
0.0980487
0.100378
0.101918
0.102763
0.10293
0.102487
0.101692
0.100452
0.0988058
0.130892
0.139805
0.148027
0.155578
0.162469
0.168703
0.174287
0.179233
0.183552
0.18726
0.190377
0.192936
0.19498
0.196535
0.197586
0.19811
0.198136
0.197683
0.196789
0.195507
0.193882
0.191976
0.189867
0.18759
0.185107
0.182405
0.179501
0.17634
0.172858
0.168998
0.164682
0.15979
0.154171
0.147625
0.139757
0.129952
0.11745
0.101688
0.0822053
0.0585963
0.0310044
5.32974e-05
-0.0336012
-0.0696477
-0.107176
-0.144189
-0.17973
-0.21246
-0.240867
-0.263332
-0.278121
-0.28368
-0.278921
-0.264562
-0.241838
-0.212589
-0.178999
-0.143297
-0.107445
-0.072836
-0.0402625
-0.0102933
0.0166259
0.0403708
0.0609626
0.0785297
0.093273
0.105434
0.115284
0.123081
0.129053
0.133432
0.13647
0.13839
0.139387
0.139632
0.139248
0.138344
0.137021
0.13535
0.133394
0.1312
0.128785
0.126029
0.122853
0.119172
0.114846
0.109678
0.103422
0.0957799
0.0864411
0.0750423
0.0610472
0.043899
0.0234081
0.000359639
-0.0242884
-0.0507013
-0.0774566
-0.103218
-0.126913
-0.147618
-0.164659
-0.177547
-0.185879
-0.189297
-0.18776
-0.181501
-0.170933
-0.156745
-0.139798
-0.12095
-0.101035
-0.0807208
-0.0606049
-0.0412498
-0.0228569
-0.0055712
0.0104506
0.0249049
0.0378611
0.0493527
0.0594292
0.068183
0.0756756
0.0819666
0.0871426
0.0912988
0.0945286
0.0969246
0.0985713
0.0995397
0.0998913
0.09971
0.099101
0.0980939
0.0967311
0.121523
0.130317
0.138465
0.14599
0.1529
0.159197
0.164883
0.169964
0.174446
0.178332
0.181629
0.184373
0.186599
0.188338
0.189581
0.190338
0.190617
0.190425
0.189777
0.188738
0.187378
0.185731
0.183823
0.181675
0.179262
0.176558
0.173571
0.170286
0.166658
0.162599
0.157996
0.15271
0.146531
0.1392
0.130428
0.119945
0.107413
0.0922549
0.0736719
0.0509295
0.0241369
-0.00556213
-0.0377922
-0.0725172
-0.108265
-0.143651
-0.177489
-0.208446
-0.23499
-0.255545
-0.26866
-0.272929
-0.267638
-0.253348
-0.231418
-0.203557
-0.171718
-0.138064
-0.104615
-0.0724959
-0.0417403
-0.0130135
0.0126582
0.0353574
0.055187
0.0722117
0.0865698
0.098475
0.108201
0.115993
0.122074
0.126651
0.129934
0.132111
0.133355
0.133816
0.133618
0.132884
0.13172
0.130195
0.128324
0.126126
0.123599
0.120685
0.117292
0.113317
0.108652
0.103122
0.0965045
0.0885361
0.0789811
0.067614
0.0540725
0.0378551
0.0187761
-0.00246304
-0.0253142
-0.049727
-0.0745996
-0.098707
-0.121059
-0.140676
-0.156855
-0.169095
-0.177002
-0.180244
-0.178756
-0.172837
-0.16296
-0.149738
-0.133923
-0.116289
-0.097633
-0.0785306
-0.059614
-0.0414276
-0.0239754
-0.00742142
0.00784831
0.0217606
0.0342935
0.0454442
0.0552182
0.0637107
0.0710615
0.0772907
0.0824446
0.0866186
0.0899069
0.0923924
0.0941557
0.0952757
0.0958259
0.0958808
0.095516
0.0947741
0.0936952
0.111749
0.120393
0.12843
0.135879
0.142748
0.14904
0.154755
0.15989
0.164439
0.168399
0.171797
0.174646
0.176948
0.178728
0.180022
0.180845
0.181194
0.181123
0.180674
0.179872
0.178718
0.177233
0.175468
0.173434
0.171122
0.168507
0.165544
0.162173
0.158352
0.154045
0.149146
0.143517
0.136982
0.129312
0.120223
0.109428
0.0966438
0.0814537
0.0633917
0.042051
0.017508
-0.00957778
-0.0389802
-0.0701849
-0.1022
-0.134397
-0.164963
-0.192576
-0.215949
-0.233782
-0.244914
-0.247994
-0.242816
-0.229864
-0.210433
-0.18584
-0.157597
-0.127558
-0.097938
-0.0696437
-0.0419291
-0.0157123
0.00784354
0.0288751
0.0474678
0.0636061
0.0773859
0.0889857
0.0985858
0.106403
0.112646
0.117475
0.12104
0.123517
0.125074
0.125854
0.12595
0.125439
0.124442
0.123042
0.12128
0.119152
0.116635
0.11368
0.110199
0.106087
0.101242
0.0955232
0.0887357
0.0807055
0.0712125
0.0600391
0.0470261
0.0320687
0.0147577
-0.00480577
-0.025662
-0.0467995
-0.0685444
-0.0899283
-0.109783
-0.12731
-0.141899
-0.153034
-0.160351
-0.163592
-0.162544
-0.157539
-0.14903
-0.137496
-0.123536
-0.107843
-0.091102
-0.0739529
-0.0568501
-0.0399522
-0.0236971
-0.00851336
0.0055564
0.0186533
0.0305326
0.0411428
0.0505415
0.0587866
0.0659343
0.0720282
0.0771197
0.0812789
0.0845911
0.0871442
0.0890177
0.0902863
0.091024
0.0913025
0.0911847
0.0907167
0.0899469
0.102246
0.110693
0.118573
0.125903
0.132689
0.138931
0.144621
0.149752
0.154314
0.158304
0.161727
0.164577
0.166865
0.168631
0.169886
0.170635
0.170924
0.170811
0.170344
0.169531
0.168412
0.167011
0.165323
0.163343
0.16107
0.158484
0.155546
0.152201
0.148343
0.143871
0.138737
0.132853
0.126087
0.118257
0.109136
0.0984873
0.0860698
0.0715765
0.0547107
0.035234
0.0129134
-0.011834
-0.0377071
-0.0643088
-0.0918844
-0.119337
-0.145247
-0.168526
-0.188074
-0.202846
-0.21207
-0.214041
-0.209422
-0.198662
-0.182647
-0.16235
-0.138975
-0.114017
-0.0888782
-0.0642086
-0.0403172
-0.0179112
0.00283586
0.0216631
0.0384903
0.0533191
0.0662095
0.0772688
0.086588
0.094301
0.100591
0.105634
0.109546
0.112437
0.114416
0.115602
0.11613
0.116086
0.115519
0.114423
0.112826
0.110775
0.108266
0.105268
0.10174
0.0976192
0.0927894
0.0871212
0.0804657
0.0726822
0.0635795
0.0530561
0.0410171
0.027217
0.0116052
-0.00571763
-0.0238638
-0.041975
-0.0605141
-0.0788037
-0.0958077
-0.110884
-0.123529
-0.133282
-0.139843
-0.143023
-0.142169
-0.138105
-0.131157
-0.121622
-0.109928
-0.0966341
-0.0822831
-0.067474
-0.0526057
-0.0375599
-0.022978
-0.00944137
0.00339554
0.015434
0.0264437
0.0363869
0.0452922
0.0531779
0.0600754
0.0660282
0.0710851
0.0752976
0.0787158
0.0814018
0.0834362
0.0848874
0.0858289
0.0863295
0.0864501
0.0862514
0.0857902
0.0933135
0.10152
0.109207
0.116379
0.123037
0.129177
0.134788
0.139858
0.144372
0.148317
0.151687
0.15448
0.156705
0.158378
0.159513
0.160147
0.160314
0.160056
0.159417
0.158446
0.157201
0.155718
0.153997
0.152036
0.149792
0.147222
0.144286
0.14094
0.137122
0.132684
0.127521
0.121585
0.114777
0.106951
0.0979467
0.0876325
0.0759449
0.0626862
0.047338
0.0298433
0.0103724
-0.0106161
-0.0325721
-0.0552832
-0.078367
-0.100953
-0.1221
-0.140936
-0.156567
-0.168032
-0.174484
-0.176434
-0.173201
-0.165252
-0.152986
-0.137156
-0.11881
-0.0990856
-0.0788577
-0.0583633
-0.0383067
-0.0192934
-0.00142256
0.0149815
0.0297961
0.0430299
0.0547329
0.0649501
0.0737344
0.0811545
0.0873031
0.0923209
0.0963598
0.0995223
0.101896
0.10355
0.104539
0.104914
0.104755
0.104092
0.10291
0.101169
0.0988676
0.0960219
0.0925898
0.0885079
0.0837133
0.078161
0.0717993
0.0644921
0.0560761
0.0464489
0.0354698
0.0232145
0.00972845
-0.00490863
-0.0202251
-0.0358113
-0.051484
-0.0667317
-0.0809036
-0.0934962
-0.104084
-0.11228
-0.117781
-0.120277
-0.120203
-0.117394
-0.112144
-0.104619
-0.0951792
-0.0842851
-0.0723827
-0.0599591
-0.0473605
-0.0345903
-0.0219081
-0.0098902
0.00149657
0.0122363
0.0222137
0.0313646
0.0396718
0.0471269
0.0537372
0.0595239
0.064516
0.0687533
0.0722854
0.0751624
0.0774439
0.0791654
0.0803826
0.0811745
0.0815942
0.0816944
0.081522
0.0849146
0.0927904
0.100224
0.107198
0.113692
0.119696
0.125193
0.130163
0.134586
0.138443
0.14172
0.144409
0.146511
0.148037
0.149006
0.149451
0.14942
0.148975
0.148154
0.147005
0.145577
0.143912
0.142039
0.13998
0.137703
0.135163
0.132297
0.129025
0.125284
0.120977
0.115974
0.110208
0.103608
0.0960721
0.0874739
0.0776746
0.0667137
0.0547144
0.0412787
0.0261081
0.00954632
-0.00806975
-0.0264556
-0.0452415
-0.0639885
-0.08213
-0.098995
-0.113893
-0.12617
-0.135511
-0.140263
-0.140899
-0.139153
-0.134359
-0.125644
-0.113521
-0.0990909
-0.0834794
-0.0675329
-0.0515965
-0.0356966
-0.0198447
-0.00489589
0.0090293
0.0218382
0.0334073
0.0437909
0.0529975
0.0610083
0.0678932
0.0737165
0.0785413
0.0824898
0.0856875
0.0882293
0.0901875
0.0915879
0.0924315
0.0927193
0.0924804
0.0917447
0.0904963
0.0886398
0.0861269
0.0829928
0.0792127
0.0747344
0.0694966
0.0634333
0.0565199
0.0488344
0.0402923
0.030712
0.0200511
0.00842215
-0.00396693
-0.0168329
-0.0298639
-0.0427814
-0.0552572
-0.0668676
-0.0772162
-0.0859465
-0.0928433
-0.0977438
-0.099809
-0.0993589
-0.0973346
-0.093702
-0.0881931
-0.0809892
-0.0724569
-0.0628931
-0.0526488
-0.042135
-0.0315229
-0.0207663
-0.0103006
-0.000302922
0.00918689
0.0180978
0.0263809
0.0340029
0.0409391
0.0471823
0.0527395
0.0576259
0.0618671
0.0654953
0.0685443
0.0710535
0.0730653
0.0746225
0.0757694
0.0765307
0.0769601
0.0771153
0.06901
0.0772624
0.0847796
0.091862
0.0985447
0.104784
0.110567
0.115873
0.120672
0.124935
0.128636
0.131754
0.134276
0.136199
0.137531
0.138289
0.138509
0.138239
0.13755
0.136493
0.13513
0.133515
0.131688
0.129682
0.12751
0.125162
0.122618
0.119826
0.116705
0.113162
0.109106
0.104424
0.099029
0.0928644
0.0858634
0.0779597
0.0690415
0.0589887
0.0479536
0.0364012
0.023732
0.00970967
-0.00500416
-0.0201127
-0.0353397
-0.0503332
-0.0646805
-0.0779151
-0.0895423
-0.0991963
-0.106493
-0.110316
-0.111458
-0.110693
-0.107147
-0.100787
-0.0920205
-0.0814339
-0.0696493
-0.0571883
-0.0445676
-0.031939
-0.0190465
-0.00681133
0.00451122
0.0151131
0.0249323
0.0338803
0.0419056
0.048987
0.0551498
0.0604494
0.0649331
0.0686492
0.0717256
0.0742451
0.0762697
0.0778571
0.0790458
0.0798139
0.0801012
0.0798568
0.0790844
0.0777778
0.0758395
0.0732084
0.0699005
0.0659106
0.0612145
0.0557908
0.0495979
0.0425531
0.0346726
0.0264678
0.0175933
0.0077108
-0.00274582
-0.0134343
-0.0241753
-0.0347586
-0.0449134
-0.0543286
-0.0627151
-0.0698256
-0.0754537
-0.0793432
-0.0813525
-0.0818021
-0.0807608
-0.0779247
-0.0734579
-0.0678051
-0.0611446
-0.0536399
-0.0454848
-0.036845
-0.027916
-0.019072
-0.0103234
-0.00179123
0.0064051
0.0142423
0.0216597
0.028573
0.0349375
0.0407476
0.046005
0.0507124
0.0548913
0.0585696
0.0617605
0.0644774
0.0667547
0.0686231
0.0701152
0.0712604
0.0720919
0.0726139
0.0624028
0.0701039
0.0772105
0.0839437
0.0903013
0.0962443
0.101762
0.106828
0.111412
0.115477
0.118978
0.121879
0.124158
0.125812
0.126853
0.127304
0.12721
0.126649
0.125668
0.124336
0.122723
0.120901
0.118921
0.116817
0.1146
0.112261
0.109777
0.1071
0.104172
0.10091
0.0972167
0.092995
0.0881553
0.0826281
0.0763422
0.0692182
0.0612299
0.0524374
0.043025
0.0330558
0.0222452
0.0105948
-0.00151707
-0.0137912
-0.0259852
-0.0378342
-0.0490395
-0.0593115
-0.0683463
-0.0758264
-0.0814819
-0.0850524
-0.0865063
-0.0860218
-0.0835769
-0.0791921
-0.0730666
-0.0655667
-0.0570859
-0.0478863
-0.0380646
-0.027954
-0.0181321
-0.00857199
0.000640241
0.00934119
0.0174519
0.0249044
0.0316516
0.0376738
0.0429796
0.0476027
0.051595
0.0549847
0.0578286
0.0602409
0.0622723
0.0639603
0.0653347
0.0664071
0.067158
0.0675061
0.0673471
0.0666207
0.0653214
0.0633787
0.0607234
0.0573852
0.053387
0.0486979
0.0432952
0.0371776
0.0304395
0.0233293
0.0157667
0.00751434
-0.00119314
-0.0100298
-0.0188763
-0.0275226
-0.0357434
-0.0433296
-0.050093
-0.0558647
-0.0605048
-0.063916
-0.0658924
-0.0664304
-0.0656434
-0.0636158
-0.0604585
-0.0562957
-0.0512476
-0.045429
-0.0389152
-0.0318559
-0.0246073
-0.0174341
-0.0101298
-0.00287765
0.00417717
0.0109898
0.0174952
0.0236337
0.0293662
0.0346736
0.0395519
0.0439983
0.0480251
0.0516648
0.0549327
0.0578267
0.0603463
0.0625032
0.0643237
0.0658234
0.0670186
0.0679274
0.0562127
0.0633385
0.0700153
0.0763794
0.0824316
0.0881507
0.0934944
0.09838
0.102758
0.106593
0.109845
0.11247
0.114438
0.115732
0.116364
0.116373
0.115817
0.114795
0.113384
0.111669
0.109729
0.107647
0.105497
0.103314
0.101108
0.098864
0.0965451
0.0941049
0.0914777
0.0885953
0.0853724
0.0817246
0.077561
0.0727939
0.0673707
0.0612728
0.0544967
0.0470872
0.039213
0.0308495
0.0217629
0.0121019
0.00223451
-0.00757168
-0.0172109
-0.0265657
-0.0354105
-0.0434865
-0.0505519
-0.0564187
-0.0609316
-0.0639339
-0.0653974
-0.0654047
-0.0639715
-0.0611331
-0.0570521
-0.0519455
-0.0459589
-0.0391563
-0.0317445
-0.0242379
-0.0170423
-0.00973856
-0.00252184
0.00436148
0.0108227
0.0167956
0.0222269
0.0270995
0.0314256
0.0352389
0.0385914
0.0415397
0.0440742
0.0463082
0.0482915
0.050051
0.0515998
0.0529342
0.0540368
0.0548683
0.0553523
0.0553629
0.0547917
0.0535983
0.0517541
0.0492226
0.0460206
0.0421762
0.037712
0.0326417
0.0270428
0.0211096
0.014832
0.00788875
0.000658011
-0.0065682
-0.0138219
-0.0208631
-0.0275247
-0.0336978
-0.0392345
-0.0439855
-0.047844
-0.0507343
-0.052508
-0.0531988
-0.0529214
-0.0516785
-0.0494892
-0.0464367
-0.0425933
-0.0380178
-0.0328341
-0.0272948
-0.0216743
-0.0158889
-0.00986141
-0.00381466
0.00213448
0.00795221
0.0135869
0.0189805
0.0240926
0.0289017
0.0333972
0.0375701
0.0414073
0.0449431
0.0481981
0.051186
0.0539032
0.0563256
0.0584381
0.0602628
0.0618086
0.0630755
0.0502514
0.0568909
0.0632588
0.0693829
0.0751333
0.0804876
0.0854648
0.0900412
0.0941517
0.0977197
0.100683
0.103
0.104634
0.105558
0.105775
0.105323
0.104268
0.102707
0.100777
0.0985552
0.0961715
0.0937466
0.0913655
0.0890845
0.0869183
0.0848405
0.0827965
0.0807207
0.0785369
0.0761716
0.0735457
0.0705827
0.0672001
0.0633165
0.0588877
0.053904
0.0483519
0.0422852
0.0358549
0.029009
0.0216254
0.0139378
0.00616333
-0.00163448
-0.00931376
-0.0166855
-0.0235759
-0.0298333
-0.0353209
-0.0399225
-0.0435409
-0.0461367
-0.0476778
-0.0481106
-0.0475248
-0.0459873
-0.0435595
-0.0402934
-0.0362411
-0.0315252
-0.0264215
-0.0212875
-0.0161779
-0.0108507
-0.00549282
-0.000361068
0.00445279
0.00890715
0.012977
0.0166597
0.0199699
0.0229391
0.0256171
0.0280604
0.0302736
0.0323202
0.0342543
0.0360924
0.0378291
0.0394511
0.0409332
0.0422315
0.043289
0.0440187
0.044293
0.0439681
0.0429945
0.0413756
0.0391074
0.0362291
0.0327773
0.0287588
0.0242383
0.0193809
0.0142235
0.00862987
0.00273923
-0.0031968
-0.00905725
-0.0147799
-0.0202316
-0.0252791
-0.0298117
-0.0337367
-0.0369791
-0.0394985
-0.0412439
-0.0421315
-0.0421983
-0.041494
-0.0400443
-0.0378877
-0.0350702
-0.0316604
-0.0277727
-0.0235583
-0.0191578
-0.0145429
-0.00966069
-0.00465593
0.000317966
0.00521476
0.0100028
0.0146451
0.0191139
0.0233902
0.0274609
0.0313239
0.0349587
0.0383758
0.0415857
0.0445986
0.0474245
0.0500631
0.0524711
0.054611
0.0564817
0.058094
0.0444632
0.0506284
0.0565429
0.0621015
0.0673369
0.0722947
0.0769
0.0811186
0.0849116
0.0881929
0.0908801
0.0929065
0.0942138
0.0947683
0.0945698
0.0936545
0.0920971
0.0900069
0.0875282
0.0847996
0.0819254
0.0791142
0.0764696
0.074073
0.0719549
0.0700911
0.0684103
0.0668202
0.065224
0.0635276
0.0616459
0.059502
0.0570198
0.0541292
0.0507901
0.0469865
0.0427007
0.0379816
0.0329281
0.027499
0.0217021
0.0157072
0.00962395
0.00355252
-0.00237921
-0.00805035
-0.0133558
-0.0181978
-0.0224891
-0.0261594
-0.0291604
-0.0314803
-0.0330977
-0.0339763
-0.0341357
-0.033587
-0.0323922
-0.0305529
-0.0281301
-0.0252518
-0.0220679
-0.0187548
-0.015449
-0.0120418
-0.00854487
-0.00518069
-0.00204975
0.000840998
0.00348789
0.00590204
0.00812139
0.0101903
0.0121637
0.0141163
0.0160325
0.0179298
0.0198925
0.0219078
0.0239155
0.0258947
0.0278213
0.0296413
0.0312966
0.0327215
0.0338204
0.0344447
0.0344351
0.0337726
0.0325067
0.0306372
0.0281923
0.0252143
0.0217605
0.0179674
0.0138953
0.00949115
0.0048138
4.18278e-05
-0.004721
-0.00937147
-0.0138077
-0.0179391
-0.0216893
-0.0249907
-0.0277841
-0.0300194
-0.0316716
-0.0326765
-0.0330307
-0.0327905
-0.0319665
-0.0305681
-0.0286242
-0.026193
-0.0233621
-0.0202256
-0.0168938
-0.0133782
-0.00960099
-0.00564885
-0.00166802
0.00231671
0.00628936
0.0102172
0.0140772
0.0178515
0.0215184
0.0250751
0.0285218
0.0318349
0.0350117
0.0380599
0.0409781
0.0437638
0.0464069
0.0488627
0.0510681
0.0530065
0.0382931
0.0439259
0.0492854
0.0543041
0.0590791
0.0636508
0.0679743
0.0719774
0.0755261
0.0784979
0.0808145
0.08241
0.0832287
0.0832422
0.0824643
0.0809506
0.078794
0.0761215
0.0730885
0.0698669
0.0665898
0.0634428
0.0605956
0.058132
0.0561105
0.0545246
0.0532895
0.0522914
0.0514169
0.0505521
0.0495857
0.0484202
0.0469759
0.04519
0.0430224
0.0404431
0.0374325
0.0340247
0.0302746
0.0261918
0.0218391
0.0173197
0.0127232
0.00813385
0.00363808
-0.000680646
-0.00474756
-0.00849952
-0.011887
-0.0148759
-0.0174422
-0.0195682
-0.021241
-0.0224554
-0.0231743
-0.0233989
-0.0231742
-0.0225121
-0.0214413
-0.0200476
-0.0184589
-0.0168219
-0.0152788
-0.0137624
-0.0121413
-0.0105482
-0.00911617
-0.00781912
-0.00662442
-0.0054994
-0.00439166
-0.00325177
-0.00200697
-0.000456853
0.00123659
0.00291945
0.00496784
0.00731244
0.00969142
0.012142
0.0146326
0.0170832
0.019426
0.0215961
0.0235218
0.0250878
0.026101
0.0264497
0.0261841
0.0253552
0.023978
0.0220592
0.0196591
0.0168884
0.0138136
0.0104299
0.00677944
0.00299017
-0.000822173
-0.00457091
-0.00818214
-0.0115831
-0.0147093
-0.0175038
-0.0199197
-0.0219219
-0.0234862
-0.0245855
-0.025205
-0.0253518
-0.0250364
-0.0242653
-0.0230653
-0.0214923
-0.0196146
-0.0174959
-0.0152059
-0.0127391
-0.0099972
-0.00703437
-0.00398835
-0.00088093
0.00228938
0.00550665
0.0087655
0.0120568
0.0153249
0.0185682
0.0218567
0.0251076
0.0282887
0.0314075
0.0344531
0.0374074
0.0402576
0.042981
0.045525
0.0478134
0.0317381
0.0367181
0.041405
0.0459661
0.0504558
0.0548232
0.0589094
0.0625845
0.065747
0.0682404
0.0699754
0.0709479
0.071108
0.0704181
0.0689141
0.0666765
0.0638225
0.060504
0.0568962
0.0531921
0.0496074
0.0462498
0.0433646
0.040966
0.039162
0.037989
0.0373242
0.0370362
0.0370213
0.037138
0.0372346
0.037187
0.036899
0.0363011
0.0353431
0.0339929
0.0322254
0.0300613
0.0275602
0.0247656
0.0217295
0.0185204
0.0152078
0.0118591
0.00854028
0.00531136
0.0022215
-0.000692587
-0.00340778
-0.00589738
-0.00813315
-0.0101018
-0.0117923
-0.0131896
-0.0142827
-0.0151326
-0.0156798
-0.0159457
-0.0159853
-0.0158881
-0.0157501
-0.0156701
-0.0157628
-0.0159848
-0.0161341
-0.0162611
-0.0165103
-0.0168303
-0.0171384
-0.0173606
-0.0174133
-0.017225
-0.0167195
-0.0156902
-0.014096
-0.0127202
-0.0106798
-0.00771321
-0.00486741
-0.00184698
0.0013285
0.00452984
0.00767174
0.0106776
0.0134795
0.0159929
0.0180445
0.0194406
0.020192
0.0203865
0.0200273
0.0191192
0.0177028
0.0158704
0.0137066
0.0112376
0.00849642
0.00557104
0.00257261
-0.000420735
-0.00334538
-0.0061385
-0.00874464
-0.0111183
-0.0132247
-0.0150367
-0.0165346
-0.0176939
-0.0185205
-0.0189839
-0.0191026
-0.0188893
-0.0183689
-0.0175827
-0.0165761
-0.0153919
-0.0140737
-0.0125854
-0.0108215
-0.00882879
-0.00670694
-0.00445668
-0.00206888
0.000445656
0.00309765
0.00593387
0.0088031
0.0117435
0.0149102
0.0181194
0.0213171
0.0245368
0.0277467
0.0309077
0.0339959
0.0369846
0.0398356
0.0424843
0.0243878
0.028693
0.0329894
0.0373118
0.0415828
0.0456248
0.0493474
0.052574
0.0551694
0.0570076
0.0580058
0.058223
0.0576285
0.056137
0.0537969
0.0507216
0.0470605
0.0430026
0.0387647
0.0345742
0.0306601
0.0271858
0.0244739
0.0222578
0.0208018
0.0202965
0.0203908
0.0209634
0.0219506
0.0231757
0.0244605
0.0256531
0.0266259
0.0272851
0.0275778
0.0274593
0.0268979
0.02594
0.0246456
0.0230489
0.0211907
0.0191253
0.0169103
0.0145998
0.0122439
0.00988664
0.00755819
0.00528535
0.00310541
0.00104352
-0.000889043
-0.00268531
-0.00433648
-0.00584355
-0.00724397
-0.00854779
-0.00970684
-0.0107729
-0.0118017
-0.0128588
-0.0140161
-0.0153522
-0.01697
-0.018828
-0.0206634
-0.0224571
-0.0243455
-0.0262495
-0.0280451
-0.0296239
-0.0308677
-0.0316602
-0.0318962
-0.0314506
-0.0303036
-0.0286217
-0.0262672
-0.0232388
-0.0198408
-0.0161138
-0.0121615
-0.00811321
-0.0040759
-0.000145805
0.00359842
0.00708393
0.0101642
0.012601
0.0143536
0.0155299
0.016143
0.0161938
0.0157147
0.0147781
0.0134651
0.0118236
0.00987697
0.00770735
0.00541766
0.00307537
0.000738063
-0.00153769
-0.00370348
-0.00572179
-0.0075655
-0.00921373
-0.0106505
-0.0118741
-0.01287
-0.0136193
-0.0141367
-0.0144341
-0.0145322
-0.0144611
-0.0142532
-0.01394
-0.0135439
-0.0129823
-0.0121446
-0.0110899
-0.0098782
-0.0084772
-0.00686697
-0.00505855
-0.00300298
-0.000397559
0.00195042
0.00433806
0.00754628
0.010807
0.014022
0.0173698
0.0207798
0.0241836
0.027548
0.0308342
0.0339999
0.036992
0.0161747
0.0201319
0.0241855
0.0282365
0.0321347
0.0357771
0.0390319
0.0417665
0.0438148
0.0450065
0.0452306
0.0445962
0.0431269
0.040709
0.0373963
0.0333418
0.0287351
0.0238102
0.0188313
0.014061
0.00971412
0.00609492
0.00412385
0.0020371
0.000620737
0.00132725
0.0024377
0.0040052
0.00613846
0.00860289
0.011193
0.0137328
0.0160536
0.0180363
0.0196069
0.0206977
0.0213139
0.0215259
0.0213667
0.0208616
0.0200497
0.0189787
0.0176967
0.0162495
0.0146789
0.0130177
0.0113033
0.00957567
0.00785966
0.00617176
0.0045184
0.00289913
0.00130938
-0.000266281
-0.00191249
-0.00356386
-0.00524462
-0.00700605
-0.00889525
-0.0109682
-0.0132818
-0.0159008
-0.0189204
-0.0222945
-0.0257039
-0.0290748
-0.0325334
-0.0359689
-0.0392145
-0.042122
-0.0445371
-0.0463094
-0.0473046
-0.0474131
-0.0466273
-0.0449177
-0.0423271
-0.0389549
-0.0349632
-0.0304999
-0.0257134
-0.0207556
-0.0157634
-0.0108556
-0.00612723
-0.00165372
0.00243306
0.00588187
0.00861356
0.0107378
0.0122793
0.0132326
0.0136272
0.0135244
0.0129964
0.0120857
0.0108401
0.00934511
0.00767888
0.00590299
0.00407434
0.00224442
0.000455724
-0.00125976
-0.00288093
-0.00439331
-0.00578166
-0.00707595
-0.00822249
-0.00922893
-0.0101082
-0.0108708
-0.0115347
-0.0121215
-0.0126534
-0.0131567
-0.0136308
-0.0139396
-0.0139782
-0.0138223
-0.0134874
-0.0129187
-0.0120798
-0.0109646
-0.00950111
-0.00732035
-0.00524761
-0.00316376
-0.000135008
0.0031224
0.00640613
0.00990591
0.0135341
0.017207
0.0208759
0.0244871
0.027988
0.0313247
0.00731058
0.0110039
0.0147861
0.0184883
0.0220289
0.02531
0.028136
0.030339
0.0317639
0.0322336
0.0316123
0.0300288
0.0275691
0.0241235
0.0197321
0.0145848
0.00891709
0.00301373
-0.00279806
-0.00818951
-0.0129043
-0.0165045
-0.0182005
-0.0199945
-0.0207455
-0.018883
-0.0166638
-0.0138854
-0.0104378
-0.0066036
-0.00260273
0.00136855
0.00510977
0.00846222
0.0113034
0.013581
0.0153545
0.016679
0.0175681
0.0180492
0.0181623
0.0179507
0.0174589
0.0167312
0.0158068
0.0147287
0.0135413
0.0122787
0.0109644
0.00961131
0.00821692
0.00677148
0.00525493
0.00361035
0.00179736
-0.000147602
-0.00227765
-0.00463946
-0.0072762
-0.0102362
-0.0135649
-0.0173189
-0.0215959
-0.0263518
-0.0312076
-0.0360395
-0.0409689
-0.045854
-0.050486
-0.0546762
-0.0582315
-0.0609651
-0.0627117
-0.063343
-0.0628253
-0.0611176
-0.0583124
-0.0545394
-0.0499622
-0.0447628
-0.0391295
-0.0332477
-0.0272843
-0.0213829
-0.0156575
-0.0101942
-0.00512374
-0.000707556
0.00295472
0.00597485
0.00838283
0.0101705
0.0113668
0.0120233
0.0121986
0.0119497
0.0113403
0.0104411
0.00932007
0.00803896
0.00665313
0.0052098
0.00374668
0.00229057
0.000859988
-0.000535469
-0.00191196
-0.00325706
-0.00454461
-0.00578911
-0.00700046
-0.00818877
-0.00936898
-0.0105571
-0.0117708
-0.0130346
-0.0143238
-0.0154451
-0.0163094
-0.0170056
-0.0174993
-0.0177164
-0.0176033
-0.0171158
-0.0161948
-0.0147669
-0.0129723
-0.0107816
-0.00801816
-0.00490333
-0.00150296
0.0021685
0.00602488
0.00998505
0.0139787
0.0179363
0.0217926
0.0254865
-0.00230282
0.00116201
0.00464392
0.00804825
0.0112868
0.0141694
0.0165182
0.0181711
0.0189666
0.018714
0.0172403
0.014672
0.011171
0.00664407
0.00110713
-0.00521312
-0.0120282
-0.0189931
-0.025714
-0.0317882
-0.0368367
-0.040478
-0.042525
-0.0432611
-0.042531
-0.0401771
-0.036815
-0.0325994
-0.0277073
-0.0224019
-0.0169074
-0.011443
-0.00623792
-0.00150314
0.00259132
0.00603294
0.00892124
0.0112837
0.0131307
0.0144957
0.0154202
0.0159482
0.0161267
0.0160013
0.0156224
0.0150411
0.0143026
0.0134416
0.0124802
0.011424
0.0102611
0.00897278
0.00752681
0.00582009
0.00388708
0.00169543
-0.000810693
-0.00367494
-0.00694048
-0.0106515
-0.0148462
-0.0195755
-0.0249483
-0.030933
-0.0370847
-0.043228
-0.0494891
-0.055698
-0.0616052
-0.0669836
-0.0716025
-0.0752381
-0.0776936
-0.0788175
-0.078543
-0.0768484
-0.0738421
-0.0696707
-0.0645217
-0.0586084
-0.0521545
-0.0453772
-0.0384728
-0.0316084
-0.0249154
-0.0184919
-0.0124788
-0.00715779
-0.00263385
0.00121491
0.00441671
0.00696152
0.00887766
0.0102133
0.0110253
0.0113753
0.011327
0.0109473
0.0103022
0.0094525
0.00845099
0.00734188
0.00615903
0.00492405
0.00365231
0.00234911
0.000972923
-0.000419869
-0.00183947
-0.00329991
-0.00480962
-0.00637974
-0.0080233
-0.00975311
-0.0115884
-0.0135551
-0.015585
-0.0174536
-0.0190984
-0.0205949
-0.0218741
-0.0228437
-0.0234314
-0.0235695
-0.0231911
-0.022254
-0.0207853
-0.0187667
-0.0161585
-0.0130716
-0.00957867
-0.00574594
-0.00166044
0.0025859
0.00690512
0.0112131
0.015431
0.0194867
-0.0127864
-0.00956035
-0.00634681
-0.00317398
-0.000235212
0.00227773
0.00418859
0.00532373
0.00551725
0.00457132
0.00226911
-0.00128811
-0.00584451
-0.0114716
-0.0181845
-0.0257176
-0.0337243
-0.0417955
-0.0494653
-0.0562569
-0.061716
-0.0654487
-0.0673474
-0.0674071
-0.0656692
-0.0622854
-0.0575898
-0.0518965
-0.0454901
-0.0386495
-0.0316219
-0.0246429
-0.0179692
-0.0118702
-0.00655434
-0.00199116
0.00194417
0.0052603
0.0079718
0.010119
0.0117474
0.0129068
0.0136493
0.0140321
0.0141132
0.0139511
0.0135934
0.0130753
0.0124157
0.0116142
0.0106527
0.00950235
0.00810012
0.00637532
0.00435035
0.00196421
-0.000837844
-0.0041008
-0.00786882
-0.0121836
-0.0170792
-0.0226032
-0.028881
-0.0359107
-0.0431768
-0.0504471
-0.0578642
-0.0652344
-0.0722688
-0.0787045
-0.0842754
-0.0887229
-0.0918206
-0.0933894
-0.093324
-0.0916411
-0.0884539
-0.0839203
-0.0782474
-0.0716792
-0.0644722
-0.0568735
-0.0491066
-0.04136
-0.033778
-0.0264647
-0.0195768
-0.0134311
-0.00813232
-0.00354005
0.0003689
0.00358379
0.00613457
0.00806871
0.00944132
0.0103136
0.0107504
0.010819
0.0105844
0.0101054
0.00943301
0.00860927
0.00766461
0.0066182
0.00548268
0.00422893
0.00287356
0.00143541
-0.000102291
-0.00175121
-0.00352162
-0.00542571
-0.00747521
-0.00968164
-0.0120703
-0.014671
-0.0173653
-0.0199075
-0.0222651
-0.024493
-0.0264935
-0.02816
-0.0294032
-0.0301371
-0.0302849
-0.029793
-0.0286415
-0.0268164
-0.0243342
-0.0212721
-0.0177063
-0.0137221
-0.00941888
-0.00490103
-0.000270428
0.00437542
0.00894505
0.0133546
-0.0243106
-0.0212984
-0.0182212
-0.0152395
-0.0125571
-0.0103582
-0.00882985
-0.00815389
-0.0084991
-0.0100676
-0.0131213
-0.0176196
-0.0232086
-0.0298966
-0.037757
-0.0464916
-0.0556916
-0.0648814
-0.0735204
-0.081054
-0.0869607
-0.0908155
-0.0924691
-0.0918813
-0.0891882
-0.084643
-0.0785962
-0.0714257
-0.0634898
-0.0551136
-0.0465706
-0.0381065
-0.0300005
-0.0225923
-0.0161155
-0.0104973
-0.00560308
-0.00142926
0.00204612
0.00487092
0.00709808
0.00878574
0.00999693
0.010798
0.0112584
0.0114405
0.0113956
0.0111591
0.0107473
0.0101557
0.00936276
0.00833261
0.00696156
0.00525182
0.00317019
0.00065141
-0.00235796
-0.00590625
-0.0100402
-0.0148027
-0.020224
-0.0263451
-0.033312
-0.0411698
-0.0493287
-0.0574987
-0.0658511
-0.0741739
-0.0821417
-0.0894605
-0.0958333
-0.10097
-0.104616
-0.106565
-0.106694
-0.105034
-0.101696
-0.0968516
-0.0907302
-0.0836005
-0.0757455
-0.0674398
-0.0589314
-0.050429
-0.0420857
-0.0339996
-0.0263373
-0.0194673
-0.0134986
-0.00826675
-0.00375113
3.65015e-05
0.00312715
0.00556769
0.00741318
0.00872682
0.00957423
0.0100202
0.0101285
0.00995835
0.00956042
0.00897443
0.00822793
0.00733763
0.00631263
0.00510347
0.0037685
0.00229301
0.000659555
-0.00114326
-0.0031281
-0.00530793
-0.00769378
-0.0102991
-0.0131598
-0.0163143
-0.0195906
-0.0227225
-0.0257116
-0.0285928
-0.0312429
-0.0335415
-0.0353831
-0.0366644
-0.0372948
-0.0372057
-0.0363569
-0.0347418
-0.0323806
-0.0293453
-0.0257201
-0.0216036
-0.0171072
-0.0123468
-0.00743608
-0.00248391
0.00240775
0.00714458
-0.0370224
-0.034082
-0.031081
-0.0282253
-0.0257089
-0.023728
-0.0224811
-0.0221586
-0.0229338
-0.0250084
-0.0286856
-0.0340187
-0.0405502
-0.0482019
-0.0571177
-0.0669781
-0.0773083
-0.0875673
-0.0971418
-0.1054
-0.111753
-0.115724
-0.117136
-0.115951
-0.112357
-0.106677
-0.0993143
-0.0907153
-0.0813077
-0.0714669
-0.0614945
-0.0516383
-0.0421891
-0.0335606
-0.0260178
-0.0194473
-0.0137027
-0.00878202
-0.00465494
-0.00126439
0.00145398
0.00356697
0.00514906
0.00627926
0.0070339
0.00748138
0.00767684
0.00765698
0.00743703
0.00701059
0.00635389
0.00542248
0.00410854
0.00243761
0.000346877
-0.0022296
-0.00534721
-0.0090587
-0.0134122
-0.0184492
-0.0241968
-0.0306893
-0.0380932
-0.0465323
-0.0553491
-0.0641751
-0.0732108
-0.0822368
-0.090899
-0.0988829
-0.105869
-0.11154
-0.115616
-0.117873
-0.118172
-0.116546
-0.113103
-0.108026
-0.101562
-0.0939973
-0.0856356
-0.0767738
-0.0676814
-0.0585862
-0.0496516
-0.0409579
-0.0326589
-0.0251844
-0.0186681
-0.0129222
-0.00791898
-0.00367111
-0.00014598
0.002704
0.00493137
0.00659714
0.00776884
0.00851417
0.00889675
0.00897437
0.00879651
0.00840155
0.00781669
0.0070581
0.00610105
0.00495648
0.003645
0.00214786
0.000449232
-0.00146461
-0.00360862
-0.00599714
-0.00864349
-0.0115637
-0.014805
-0.0184135
-0.022167
-0.0257898
-0.0293135
-0.0327521
-0.0359633
-0.0388143
-0.0411844
-0.0429547
-0.0440204
-0.0442982
-0.0437339
-0.0423246
-0.0400858
-0.0370905
-0.0334301
-0.029213
-0.0245612
-0.019601
-0.0144574
-0.00924837
-0.00408422
0.000933194
-0.050974
-0.0479982
-0.0449798
-0.0421302
-0.0396531
-0.0377584
-0.0366543
-0.0365404
-0.0375959
-0.040017
-0.0441412
-0.0501438
-0.0574664
-0.0659314
-0.075751
-0.086592
-0.097919
-0.109134
-0.119554
-0.128474
-0.135241
-0.139319
-0.140515
-0.138797
-0.134384
-0.12766
-0.119093
-0.109193
-0.0984513
-0.0872932
-0.0760516
-0.0649691
-0.0543277
-0.0446097
-0.0361312
-0.0287467
-0.0222894
-0.0167551
-0.0121024
-0.00826457
-0.00517364
-0.00274675
-0.000897605
0.000462043
0.00141733
0.00204378
0.00240119
0.00252908
0.00244452
0.00214334
0.00160077
0.000744054
-0.000475684
-0.0020695
-0.00410558
-0.00664825
-0.00975691
-0.013489
-0.0178956
-0.0230204
-0.0288906
-0.0355307
-0.0431182
-0.0518647
-0.0610556
-0.0702422
-0.0796643
-0.0891139
-0.0982181
-0.106637
-0.114027
-0.120055
-0.124425
-0.1269
-0.127329
-0.125748
-0.122258
-0.117047
-0.11037
-0.102523
-0.0938255
-0.0845891
-0.0751
-0.0656044
-0.0562803
-0.0471897
-0.0384345
-0.0304959
-0.0235683
-0.0174487
-0.0120872
-0.00750147
-0.00366189
-0.000519259
0.00198267
0.00390586
0.00531607
0.00628053
0.00686376
0.00712416
0.00711094
0.00686163
0.00640337
0.00575313
0.00485897
0.00378111
0.00250666
0.00101505
-0.000709603
-0.00268435
-0.00492666
-0.0074517
-0.0102716
-0.0134038
-0.0169151
-0.0208721
-0.025
-0.0290044
-0.0329482
-0.036831
-0.0404983
-0.0438072
-0.0466225
-0.0488115
-0.0502561
-0.0508598
-0.0505574
-0.0493463
-0.0472362
-0.0443009
-0.0406373
-0.0363612
-0.031603
-0.0264989
-0.0211832
-0.0157826
-0.0104136
-0.00518253
-0.0661964
-0.0630696
-0.0599
-0.0569055
-0.0543075
-0.0523299
-0.0511922
-0.0511044
-0.0522514
-0.0548199
-0.0591692
-0.0656164
-0.0735112
-0.0825632
-0.0930669
-0.104682
-0.116805
-0.128789
-0.139901
-0.149372
-0.156486
-0.160656
-0.16168
-0.159518
-0.154417
-0.146814
-0.137231
-0.126234
-0.114371
-0.102117
-0.0898395
-0.0777742
-0.0661645
-0.0555383
-0.0462929
-0.0382659
-0.0312538
-0.0252542
-0.0202245
-0.0160836
-0.0127489
-0.010132
-0.00813482
-0.00665766
-0.00560582
-0.00489574
-0.00446112
-0.00425737
-0.00426294
-0.00447707
-0.00492257
-0.00569644
-0.00679186
-0.00825564
-0.0101572
-0.0125606
-0.0155304
-0.019129
-0.0234107
-0.0284216
-0.0341902
-0.0407316
-0.0482258
-0.056986
-0.0662607
-0.0755212
-0.0850362
-0.0946116
-0.103859
-0.112432
-0.119986
-0.126176
-0.130699
-0.133304
-0.133831
-0.13231
-0.128837
-0.1236
-0.116856
-0.108901
-0.10006
-0.0906528
-0.0809752
-0.0712857
-0.0617802
-0.0525238
-0.0435326
-0.0352869
-0.0280978
-0.0217725
-0.0162093
-0.0114267
-0.00739986
-0.00408118
-0.00141595
0.00065859
0.00220989
0.00330647
0.00401406
0.00439193
0.00448957
0.00434463
0.00398296
0.00340808
0.00259751
0.00159311
0.000376232
-0.00107369
-0.00277528
-0.00474941
-0.00701591
-0.0095926
-0.0124927
-0.0157357
-0.0194059
-0.023593
-0.0279704
-0.0322266
-0.0364669
-0.0406803
-0.0446944
-0.0483545
-0.0515177
-0.0540426
-0.0558008
-0.0566846
-0.0566187
-0.0555937
-0.0536212
-0.0507712
-0.0471433
-0.0428583
-0.0380532
-0.0328725
-0.0274584
-0.0219446
-0.0164532
-0.0110915
-0.0826926
-0.0792627
-0.07577
-0.0724445
-0.06953
-0.0672655
-0.0658827
-0.0656033
-0.06662
-0.0691069
-0.0734278
-0.0800465
-0.0882403
-0.0976047
-0.108506
-0.120609
-0.133277
-0.145803
-0.157395
-0.167249
-0.174607
-0.178846
-0.179751
-0.177256
-0.171643
-0.163381
-0.153033
-0.141213
-0.128514
-0.115453
-0.102431
-0.0896837
-0.0773904
-0.0660739
-0.0562562
-0.0477968
-0.0404335
-0.0341521
-0.02891
-0.0246247
-0.0212026
-0.0185418
-0.0165328
-0.0150651
-0.0140334
-0.0133446
-0.0129238
-0.0127186
-0.0127004
-0.012862
-0.0132249
-0.0138804
-0.0148137
-0.016082
-0.0177546
-0.0198986
-0.0225851
-0.0258822
-0.0298486
-0.0345346
-0.0399726
-0.0461673
-0.0532881
-0.0617635
-0.0708138
-0.0798348
-0.0891317
-0.0985303
-0.107635
-0.116102
-0.123584
-0.129737
-0.134254
-0.136884
-0.137462
-0.13601
-0.132619
-0.127469
-0.120808
-0.112925
-0.10414
-0.0947732
-0.0851257
-0.0754614
-0.0659943
-0.0568176
-0.0478566
-0.0394807
-0.0321819
-0.0258177
-0.0202119
-0.0153831
-0.0113128
-0.00795233
-0.00524671
-0.00313254
-0.00154096
-0.000401893
0.00035215
0.000781991
0.000938028
0.000859555
0.000573894
5.60113e-05
-0.000663197
-0.00157654
-0.0027048
-0.00406884
-0.00569124
-0.00759662
-0.0098079
-0.0123457
-0.0152238
-0.0184635
-0.0221695
-0.0264629
-0.030964
-0.0353431
-0.0397487
-0.0441559
-0.0483856
-0.0522834
-0.0556987
-0.0584771
-0.0604793
-0.0615914
-0.0617318
-0.0608752
-0.05905
-0.0563139
-0.0527657
-0.0485293
-0.0437454
-0.0385635
-0.0331312
-0.027587
-0.0220606
-0.0166647
-0.100398
-0.0964665
-0.0924441
-0.0885714
-0.0851173
-0.0823365
-0.0804719
-0.0797565
-0.0803922
-0.0825407
-0.0865532
-0.0930337
-0.101219
-0.110593
-0.121572
-0.133837
-0.146709
-0.159471
-0.171312
-0.181375
-0.188857
-0.193119
-0.193936
-0.19125
-0.185336
-0.176682
-0.165877
-0.153563
-0.140363
-0.126821
-0.113379
-0.100301
-0.0876934
-0.0759651
-0.0657998
-0.0571368
-0.0496431
-0.0432903
-0.0380372
-0.0337925
-0.0304541
-0.0279103
-0.026041
-0.0247236
-0.0238405
-0.0232865
-0.0229753
-0.0228443
-0.0228549
-0.0229912
-0.0232729
-0.0237752
-0.0244914
-0.0254816
-0.0268153
-0.0285658
-0.0308121
-0.0336291
-0.0370811
-0.0412247
-0.0461003
-0.0517041
-0.0581773
-0.0660745
-0.0745921
-0.0830612
-0.0918406
-0.100769
-0.109449
-0.117546
-0.124723
-0.130642
-0.135004
-0.137561
-0.138149
-0.136777
-0.133526
-0.128568
-0.122132
-0.114497
-0.105968
-0.0968574
-0.0874577
-0.0780319
-0.0688049
-0.0599141
-0.0512651
-0.0429778
-0.0357333
-0.0295096
-0.0240373
-0.019322
-0.015356
-0.0120915
-0.00947257
-0.0074349
-0.00590778
-0.00481859
-0.00409706
-0.00368005
-0.00351579
-0.00356352
-0.00379463
-0.0042492
-0.00486984
-0.00566922
-0.00667081
-0.00789801
-0.00937856
-0.0111409
-0.0132118
-0.0156158
-0.0183681
-0.021488
-0.0251021
-0.0293757
-0.0338677
-0.038229
-0.0426654
-0.0471384
-0.0514609
-0.0554763
-0.0590297
-0.0619634
-0.0641344
-0.065423
-0.0657387
-0.0650401
-0.0633716
-0.0607777
-0.0573543
-0.0532243
-0.0485293
-0.0434222
-0.0380564
-0.0325776
-0.0271167
-0.0217873
-0.119147
-0.114485
-0.109684
-0.105026
-0.100793
-0.097252
-0.0946572
-0.0932527
-0.0932532
-0.0948055
-0.0982164
-0.104258
-0.112088
-0.121099
-0.131849
-0.143941
-0.156687
-0.169367
-0.181154
-0.191186
-0.198654
-0.202907
-0.203692
-0.200953
-0.194961
-0.186202
-0.175266
-0.162805
-0.149465
-0.135823
-0.122331
-0.109281
-0.0967473
-0.0849487
-0.0746871
-0.0660741
-0.0587006
-0.0525039
-0.0474503
-0.0434461
-0.0403815
-0.0381356
-0.0365757
-0.0355651
-0.0349712
-0.034674
-0.0345726
-0.0345909
-0.0346777
-0.0348052
-0.0350046
-0.0353098
-0.0357394
-0.0363545
-0.0372262
-0.0384373
-0.0400752
-0.0422235
-0.0449557
-0.0483384
-0.0524218
-0.0571982
-0.0627667
-0.0698055
-0.0774971
-0.0851179
-0.0931025
-0.101288
-0.109284
-0.116771
-0.12343
-0.128936
-0.133003
-0.135393
-0.135946
-0.13466
-0.131603
-0.126926
-0.120845
-0.113615
-0.105525
-0.0968677
-0.0879245
-0.0789479
-0.0701592
-0.0617344
-0.0536516
-0.0457241
-0.0386947
-0.0327737
-0.0276144
-0.0231772
-0.0194673
-0.016441
-0.0140398
-0.0121978
-0.0108414
-0.00989447
-0.00928285
-0.00894027
-0.00881367
-0.00886201
-0.00905879
-0.00943477
-0.00994216
-0.0105989
-0.0114305
-0.0124651
-0.0137368
-0.0152792
-0.0171228
-0.0192963
-0.0218188
-0.0247055
-0.028098
-0.0322229
-0.0365756
-0.0407825
-0.0451156
-0.0495222
-0.0538102
-0.0578252
-0.0614113
-0.0644087
-0.0666716
-0.0680764
-0.068527
-0.0679754
-0.0664683
-0.0640403
-0.0607837
-0.0568194
-0.0522872
-0.047338
-0.0421253
-0.0367995
-0.0314982
-0.0263407
-0.138632
-0.133032
-0.127189
-0.12147
-0.116205
-0.111661
-0.108091
-0.105744
-0.104858
-0.105599
-0.108188
-0.11355
-0.120691
-0.128765
-0.13902
-0.150626
-0.16291
-0.175195
-0.186656
-0.196437
-0.20374
-0.207918
-0.208689
-0.206019
-0.200164
-0.191584
-0.180861
-0.168635
-0.155544
-0.142164
-0.128967
-0.116287
-0.104221
-0.0927981
-0.0827121
-0.0743602
-0.0673722
-0.0615818
-0.0569607
-0.0534189
-0.050839
-0.0490888
-0.0480222
-0.047486
-0.0473304
-0.0474175
-0.047629
-0.0478733
-0.0480853
-0.0482178
-0.0483081
-0.0483641
-0.0484311
-0.048566
-0.0488459
-0.0493658
-0.0502223
-0.0515087
-0.0533135
-0.0557197
-0.0587907
-0.06252
-0.066959
-0.0728675
-0.0794493
-0.0859523
-0.0929164
-0.100121
-0.107204
-0.113875
-0.11983
-0.124769
-0.128419
-0.13056
-0.131035
-0.129835
-0.127011
-0.122695
-0.117078
-0.110393
-0.102902
-0.0948758
-0.0865749
-0.0782375
-0.070074
-0.0622699
-0.0549003
-0.0476673
-0.0410219
-0.0355255
-0.0308654
-0.0268776
-0.0235772
-0.0209324
-0.0188811
-0.0173538
-0.0162738
-0.0155605
-0.0151333
-0.0149213
-0.0148699
-0.0149384
-0.0151223
-0.0154076
-0.0157783
-0.0162563
-0.0168695
-0.0176521
-0.0186455
-0.0198899
-0.0214203
-0.02327
-0.025462
-0.0280093
-0.0310592
-0.0349011
-0.0389849
-0.0429153
-0.047018
-0.0512324
-0.0553653
-0.0592662
-0.062781
-0.0657507
-0.0680292
-0.0694914
-0.0700385
-0.0696191
-0.0682756
-0.0660344
-0.0629832
-0.0592376
-0.0549322
-0.0502159
-0.0452428
-0.0401633
-0.035117
-0.0302291
)
;

boundaryField
{
    inlet
    {
        type            zeroGradient;
    }
    outlet
    {
        type            fixedValue;
        value           nonuniform List<scalar> 0();
    }
    topWall
    {
        type            zeroGradient;
    }
    lowerWall
    {
        type            zeroGradient;
    }
    leadingEdge
    {
        type            zeroGradient;
    }
    trailingEdge
    {
        type            zeroGradient;
    }
    upperSurface
    {
        type            zeroGradient;
    }
    lowerSurface
    {
        type            zeroGradient;
    }
    frontAndBack
    {
        type            empty;
    }
    procBoundary2to1
    {
        type            processor;
        value           nonuniform List<scalar> 
35
(
-0.164541
-0.18556
-0.206064
-0.225308
0.140717
0.138508
0.134897
0.128987
0.121251
0.112046
0.10246
0.0932045
0.0845493
0.0764556
0.0764556
0.0603123
0.0541172
0.0485074
0.0432068
0.0380005
0.0325396
0.0264938
0.0199026
0.0122836
0.00375848
-0.00559716
-0.0158912
-0.0272566
-0.0398072
-0.0537038
-0.0690524
-0.085818
-0.103985
-0.123382
-0.143633
)
;
    }
    procBoundary2to3
    {
        type            processor;
        value           nonuniform List<scalar> 
35
(
-0.0291184
-0.0319317
-0.0339781
-0.0352489
-0.035744
0.0973546
0.0979099
0.0974225
0.0968581
0.0950867
0.0923657
0.0889415
0.0851019
0.0811154
0.0770312
0.0728547
0.0685587
0.0640685
0.0594384
0.0546881
0.0498232
0.0448532
0.0397345
0.034431
0.0289534
0.0233118
0.017528
0.0116417
0.0057122
-0.00018364
-0.00595174
-0.0114831
-0.0166709
-0.0214075
-0.0255881
)
;
    }
    procBoundary2to6
    {
        type            processor;
        value           nonuniform List<scalar> 
139
(
-0.230336
-0.216785
-0.202571
-0.188382
-0.174792
-0.162237
-0.15103
-0.141377
-0.133399
-0.127153
-0.127153
-0.118679
-0.115637
-0.114706
-0.115754
-0.118533
-0.122729
-0.127901
-0.13356
-0.139203
-0.144291
-0.148328
-0.150914
-0.151802
-0.151038
-0.148635
-0.144805
-0.139872
-0.134202
-0.128175
-0.122156
-0.116464
-0.11136
-0.107055
-0.103749
-0.101618
-0.10058
-0.100151
-0.101455
-0.104681
-0.108744
-0.113555
-0.119019
-0.124854
-0.130752
-0.136385
-0.14142
-0.145546
-0.148496
-0.150063
-0.150128
-0.148717
-0.145867
-0.141705
-0.136426
-0.130265
-0.123479
-0.116329
-0.109065
-0.101921
-0.0950984
-0.0887939
-0.0832084
-0.0781352
-0.0732894
-0.0699045
-0.0675883
-0.0659031
-0.0648948
-0.0644309
-0.0643255
-0.064421
-0.064577
-0.0645855
-0.0643434
-0.0637825
-0.0629019
-0.0616726
-0.0600194
-0.0580169
-0.0557507
-0.0533084
-0.0507901
-0.0483053
-0.0459589
-0.043851
-0.0420807
-0.0407146
-0.0397651
-0.0394672
-0.0401233
-0.0406171
-0.0418812
-0.0435952
-0.0456088
-0.0478683
-0.0502256
-0.0525148
-0.0546252
-0.0564398
-0.0578522
-0.0587854
-0.0592503
-0.0592012
-0.0586735
-0.0577218
-0.0564167
-0.0548423
-0.0530918
-0.0512623
-0.0494477
-0.0477486
-0.0462435
-0.0449927
-0.044024
-0.0434167
-0.0431472
-0.0435569
-0.0443175
-0.0453292
-0.0466499
-0.0481404
-0.0497097
-0.0512672
-0.0526969
-0.0538872
-0.0547391
-0.055169
-0.0551186
-0.0545899
-0.0535913
-0.0521482
-0.0503251
-0.048208
-0.0458976
-0.0435082
-0.0411602
-0.0389677
-0.0370374
)
;
    }
}


// ************************************************************************* //
